RMS Grad   Target
9.4333E-04 3.0000E-03
9.1586E-04 3.0000E-03
6.2109E-04 3.0000E-03
4.6345E-04 3.0000E-03
3.4055E-04 3.0000E-03
4.0462E-04 3.0000E-03
3.8943E-04 3.0000E-03
2.8138E-04 3.0000E-03
2.4813E-04 3.0000E-03
2.4097E-04 3.0000E-03
1.9643E-04 3.0000E-03
1.7233E-04 3.0000E-03
1.5575E-04 3.0000E-03
2.3818E-04 3.0000E-03
1.5279E-04 3.0000E-03
1.3633E-04 3.0000E-03
1.7259E-04 3.0000E-03
2.7153E-04 3.0000E-03
3.2969E-04 3.0000E-03
3.2116E-04 3.0000E-03
1.3518E-04 3.0000E-03
1.7470E-04 3.0000E-03
1.1558E-04 3.0000E-03
1.4177E-04 3.0000E-03
1.3866E-04 3.0000E-03
1.2202E-04 3.0000E-03
1.4694E-04 3.0000E-03
1.0545E-04 3.0000E-03
1.1316E-04 3.0000E-03
1.0174E-04 3.0000E-03
8.8767E-05 3.0000E-03
8.7558E-05 3.0000E-03
1.0057E-04 3.0000E-03
1.0374E-04 3.0000E-03
5.0176E-05 3.0000E-03
6.3302E-05 3.0000E-03
8.6058E-05 3.0000E-03
8.1964E-05 3.0000E-03
6.6411E-05 3.0000E-03
