321.7
160.6
166.7
163.8
162.6
159.4
160.3
164.2
168.5
162.3
169.2
166.9
175.6
181.8
170.6
186.2
163.6
170.9
164.5
163.9
173.3
164.1
163.5
161.0
194.8
160.8
163.6
164.4
163.2
165.9
165.9
169.7
160.6
173.6
158.7
169.7
159.0
175.4
162.3
169.1
177.2
189.5
185.9
175.7
179.1
186.4
196.3
168.3
152.0
151.9
174.0
169.0
173.3
166.9
169.1
160.3
161.9
169.4
170.5
175.2
173.9
183.4
173.2
165.6
161.8
175.5
164.9
166.1
199.1
159.4
156.2
157.6
157.2
155.7
164.5
160.7
168.7
179.7
184.4
175.5
169.0
178.8
175.4
174.4
175.4
178.7
169.4
174.3
189.0
187.8
201.4
163.9
166.5
175.9
173.7
174.2
161.0
160.9
170.3
171.0
175.3
168.7
174.9
175.7
176.3
171.3
179.0
163.4
163.7
190.7
161.2
164.8
156.8
154.5
150.9
167.4
161.7
176.5
189.9
196.5
180.4
172.1
176.1
181.1
168.4
173.4
169.3
177.5
187.2
159.5
153.9
153.4
155.7
162.9
170.1
187.8
174.7
168.7
174.5
172.7
170.9
185.7
174.8
198.1
179.9
173.0
169.8
172.9
180.7
194.4
170.0
187.7
163.6
166.1
178.5
167.6
167.3
166.0
162.7
170.4
174.3
177.0
169.3
169.6
177.5
175.2
189.5
173.0
172.6
178.5
188.8
168.8
148.7
155.7
159.2
160.4
161.7
171.1
167.6
170.3
174.7
173.8
174.0
166.8
175.2
163.4
171.4
168.5
159.4
178.9
189.7
163.3
153.1
154.2
153.9
160.9
162.9
165.4
169.7
173.3
168.1
172.6
171.3
172.9
170.7
179.1
170.9
187.2
184.6
163.3
157.2
159.4
163.7
172.4
164.7
172.1
166.4
175.3
167.5
173.4
183.4
171.8
171.8
174.0
185.6
190.0
167.1
165.3
163.2
177.0
164.7
172.4
168.7
173.4
169.0
179.4
170.4
165.6
177.4
165.1
178.6
212.7
157.2
175.8
185.8
180.3
175.4
171.4
173.6
188.9
179.6
180.7
181.3
189.6
196.2
189.4
187.8
181.9
184.0
197.3
202.9
195.4
198.1
167.2
168.3
174.1
174.7
171.7
159.7
158.1
159.5
153.4
157.7
156.7
154.7
158.5
162.9
176.9
172.0
156.7
160.7
156.4
153.2
153.7
162.8
158.2
160.8
