0.000000000000000000e+00 0.000000000000000000e+00
2.464500000000000024e-01 -2.444021425691000060e-01
4.830999999999999739e-01 -1.466236901891000144e-01
7.173899999999999721e-01 7.160881704400000151e-03
9.565000000000000169e-01 2.181851930545000151e-01
1.198679999999999968e+00 4.813578868388000420e-01
1.437769999999999992e+00 7.339299455842999143e-01
1.678670000000000107e+00 1.040849492054500169e+00
1.929710000000000036e+00 1.392687827018999958e+00
2.210310000000000219e+00 1.835199329956499925e+00
2.550790000000000113e+00 2.673083357744300059e+00
2.897250000000000103e+00 5.921347990982200216e+00
3.209159999999999791e+00 1.198033750832749966e+01
3.548810000000000020e+00 1.571305722457550047e+01
3.980630000000000113e+00 1.585012250942390111e+01
4.331249999999999822e+00 1.718751361585389859e+01
4.654090000000000060e+00 1.585295539880440074e+01
4.898979999999999890e+00 1.412596328155160030e+01
5.186119999999999841e+00 1.317550690020340021e+01
5.459939999999999571e+00 1.285620672666499864e+01
5.704900000000000304e+00 1.267404588403700139e+01
5.947829999999999728e+00 1.254642053083009934e+01
6.207880000000000287e+00 1.248851745160959936e+01
6.458450000000000024e+00 1.270964126931110094e+01
