Max Step   Target
3.7211E-03 1.8000E-02
2.3121E-01 1.8000E-02
2.9217E-02 1.8000E-02
2.2856E-01 1.8000E-02
1.0039E-01 1.8000E-02
2.0956E-02 1.8000E-02
7.2254E-02 1.8000E-02
0.0000E+00 1.8000E-02
2.3318E-03 1.8000E-02
2.9022E-02 1.8000E-02
3.0634E-02 1.8000E-02
1.3444E-01 1.8000E-02
7.2445E-02 1.8000E-02
3.8383E-02 1.8000E-02
4.5179E-03 1.8000E-02
7.3782E-03 1.8000E-02
1.0772E-02 1.8000E-02
1.4673E-01 1.8000E-02
3.9816E-02 1.8000E-02
4.7893E-02 1.8000E-02
6.9494E-03 1.8000E-02
3.6661E-02 1.8000E-02
1.4569E-02 1.8000E-02
7.2234E-03 1.8000E-02
1.6001E-02 1.8000E-02
1.2105E-02 1.8000E-02
3.6389E-02 1.8000E-02
1.5253E-02 1.8000E-02
1.3931E-02 1.8000E-02
1.5876E-02 1.8000E-02
1.7845E-02 1.8000E-02
7.5134E-03 1.8000E-02
6.0625E-03 1.8000E-02
1.3330E-02 1.8000E-02
1.5061E-02 1.8000E-02
5.0051E-02 1.8000E-02
5.3982E-03 1.8000E-02
4.4234E-03 1.8000E-02
1.4525E-02 1.8000E-02
3.0110E-02 1.8000E-02
4.7849E-03 1.8000E-02
7.2471E-03 1.8000E-02
1.3700E-02 1.8000E-02
2.0005E-02 1.8000E-02
4.2164E-02 1.8000E-02
4.1714E-03 1.8000E-02
4.4489E-03 1.8000E-02
1.5851E-02 1.8000E-02
3.1048E-02 1.8000E-02
4.0864E-02 1.8000E-02
1.5376E-02 1.8000E-02
1.5652E-02 1.8000E-02
1.5188E-02 1.8000E-02
2.7663E-02 1.8000E-02
3.5114E-02 1.8000E-02
1.6696E-02 1.8000E-02
1.6696E-02 1.8000E-02
4.8845E-03 1.8000E-02
3.3381E-03 1.8000E-02
9.6679E-04 1.8000E-02
