RMS Grad   Target
1.4239E-03 2.0000E-04
1.1089E-03 2.0000E-04
1.4907E-03 2.0000E-04
1.9454E-03 2.0000E-04
6.4742E-04 2.0000E-04
4.0880E-04 2.0000E-04
4.3714E-04 2.0000E-04
3.8560E-04 2.0000E-04
5.9836E-04 2.0000E-04
3.3968E-04 2.0000E-04
3.5474E-04 2.0000E-04
4.3017E-04 2.0000E-04
8.2997E-04 2.0000E-04
2.3256E-04 2.0000E-04
1.7584E-04 2.0000E-04
1.9337E-04 2.0000E-04
2.1979E-04 2.0000E-04
4.1446E-04 2.0000E-04
1.3074E-04 2.0000E-04
1.1942E-04 2.0000E-04
1.4737E-04 2.0000E-04
2.1889E-04 2.0000E-04
1.7756E-04 2.0000E-04
1.0671E-04 2.0000E-04
9.4307E-05 2.0000E-04
1.1902E-04 2.0000E-04
7.3938E-05 2.0000E-04
6.9812E-05 2.0000E-04
6.9485E-05 2.0000E-04
9.4025E-05 2.0000E-04
9.3430E-05 2.0000E-04
7.2765E-05 2.0000E-04
5.8988E-05 2.0000E-04
