RMS Grad   Target
3.7237E-04 2.0000E-04
1.5788E-04 2.0000E-04
1.4411E-04 2.0000E-04
1.8937E-04 2.0000E-04
2.4176E-04 2.0000E-04
3.6384E-04 2.0000E-04
1.6864E-04 2.0000E-04
1.9212E-04 2.0000E-04
2.8609E-04 2.0000E-04
4.1719E-04 2.0000E-04
7.1726E-04 2.0000E-04
2.5510E-04 2.0000E-04
1.5387E-04 2.0000E-04
1.5548E-04 2.0000E-04
1.6243E-04 2.0000E-04
1.5571E-04 2.0000E-04
2.5097E-04 2.0000E-04
1.6174E-04 2.0000E-04
1.3222E-04 2.0000E-04
1.4973E-04 2.0000E-04
2.0264E-04 2.0000E-04
9.7265E-05 2.0000E-04
7.6790E-05 2.0000E-04
9.9753E-05 2.0000E-04
1.1597E-04 2.0000E-04
1.3635E-04 2.0000E-04
6.5646E-05 2.0000E-04
7.3070E-05 2.0000E-04
1.0043E-04 2.0000E-04
1.7311E-04 2.0000E-04
1.1504E-04 2.0000E-04
8.0059E-05 2.0000E-04
1.0473E-04 2.0000E-04
9.9653E-05 2.0000E-04
7.7953E-05 2.0000E-04
9.2229E-05 2.0000E-04
9.8604E-05 2.0000E-04
7.4874E-05 2.0000E-04
7.7235E-05 2.0000E-04
8.7682E-05 2.0000E-04
8.3237E-05 2.0000E-04
1.3203E-04 2.0000E-04
1.0963E-04 2.0000E-04
5.9093E-05 2.0000E-04
4.7812E-05 2.0000E-04
6.4216E-05 2.0000E-04
1.2652E-04 2.0000E-04
5.5797E-05 2.0000E-04
4.7899E-05 2.0000E-04
6.0350E-05 2.0000E-04
1.1057E-04 2.0000E-04
6.1237E-05 2.0000E-04
5.2356E-05 2.0000E-04
7.0038E-05 2.0000E-04
1.2574E-04 2.0000E-04
5.8329E-05 2.0000E-04
4.7196E-05 2.0000E-04
5.1141E-05 2.0000E-04
9.6948E-05 2.0000E-04
4.3262E-05 2.0000E-04
3.5413E-05 2.0000E-04
4.5155E-05 2.0000E-04
6.3642E-05 2.0000E-04
3.8748E-05 2.0000E-04
3.4454E-05 2.0000E-04
4.0456E-05 2.0000E-04
3.6213E-05 2.0000E-04
7.6808E-05 2.0000E-04
3.2671E-05 2.0000E-04
2.7999E-05 2.0000E-04
3.4463E-05 2.0000E-04
6.7221E-05 2.0000E-04
2.9452E-05 2.0000E-04
2.4000E-05 2.0000E-04
3.1786E-05 2.0000E-04
5.2600E-05 2.0000E-04
3.5075E-05 2.0000E-04
2.7312E-05 2.0000E-04
4.1002E-05 2.0000E-04
3.4803E-05 2.0000E-04
3.1387E-05 2.0000E-04
5.3637E-05 2.0000E-04
3.1790E-05 2.0000E-04
3.0635E-05 2.0000E-04
3.7001E-05 2.0000E-04
5.3991E-05 2.0000E-04
2.9784E-05 2.0000E-04
2.9369E-05 2.0000E-04
3.1250E-05 2.0000E-04
4.7841E-05 2.0000E-04
2.7797E-05 2.0000E-04
2.4265E-05 2.0000E-04
3.2177E-05 2.0000E-04
4.2650E-05 2.0000E-04
2.5029E-05 2.0000E-04
2.3008E-05 2.0000E-04
2.5178E-05 2.0000E-04
3.2220E-05 2.0000E-04
3.4846E-05 2.0000E-04
2.5310E-05 2.0000E-04
2.3818E-05 2.0000E-04
3.1977E-05 2.0000E-04
2.3129E-05 2.0000E-04
2.5302E-05 2.0000E-04
2.7678E-05 2.0000E-04
2.4053E-05 2.0000E-04
4.0185E-05 2.0000E-04
2.7707E-05 2.0000E-04
2.0957E-05 2.0000E-04
1.8445E-05 2.0000E-04
3.3500E-05 2.0000E-04
2.5072E-05 2.0000E-04
2.1321E-05 2.0000E-04
2.2121E-05 2.0000E-04
1.9366E-05 2.0000E-04
2.4692E-05 2.0000E-04
2.3604E-05 2.0000E-04
1.7792E-05 2.0000E-04
2.0292E-05 2.0000E-04
2.0465E-05 2.0000E-04
1.7444E-05 2.0000E-04
3.2785E-05 2.0000E-04
1.7341E-05 2.0000E-04
1.4273E-05 2.0000E-04
1.5142E-05 2.0000E-04
3.1945E-05 2.0000E-04
1.5893E-05 2.0000E-04
1.5019E-05 2.0000E-04
1.8014E-05 2.0000E-04
2.1773E-05 2.0000E-04
1.7488E-05 2.0000E-04
1.4166E-05 2.0000E-04
1.7055E-05 2.0000E-04
1.7482E-05 2.0000E-04
1.6200E-05 2.0000E-04
2.1059E-05 2.0000E-04
1.4412E-05 2.0000E-04
1.3126E-05 2.0000E-04
1.8309E-05 2.0000E-04
2.2584E-05 2.0000E-04
1.2655E-05 2.0000E-04
1.2929E-05 2.0000E-04
1.2992E-05 2.0000E-04
2.5425E-05 2.0000E-04
1.4650E-05 2.0000E-04
1.0955E-05 2.0000E-04
