Max Step   Target
7.9492E-03 1.8000E-03
1.0237E-02 1.8000E-03
3.5443E-02 1.8000E-03
4.1096E-02 1.8000E-03
6.1346E-03 1.8000E-03
4.9100E-03 1.8000E-03
1.3140E-02 1.8000E-03
2.1547E-02 1.8000E-03
3.7839E-02 1.8000E-03
1.1082E-02 1.8000E-03
2.5609E-03 1.8000E-03
6.9855E-03 1.8000E-03
1.1683E-02 1.8000E-03
6.5669E-03 1.8000E-03
6.1898E-03 1.8000E-03
7.2863E-03 1.8000E-03
1.0514E-02 1.8000E-03
4.8112E-03 1.8000E-03
2.2803E-03 1.8000E-03
3.1213E-03 1.8000E-03
4.5222E-03 1.8000E-03
2.0684E-03 1.8000E-03
3.0386E-03 1.8000E-03
2.6699E-03 1.8000E-03
6.0361E-03 1.8000E-03
9.0062E-04 1.8000E-03
6.4725E-04 1.8000E-03
1.7385E-03 1.8000E-03
2.1582E-03 1.8000E-03
3.8286E-03 1.8000E-03
1.1169E-03 1.8000E-03
2.8167E-04 1.8000E-03
2.8167E-04 1.8000E-03
