0.000000000000000000e+00 0.000000000000000000e+00
5.102400000000000269e-01 -1.076091966267000155e-01
1.021609999999999907e+00 5.995246086360000309e-02
1.535649999999999959e+00 3.164483333861000114e-01
2.102650000000000130e+00 1.615208793509000096e-01
2.641319999999999890e+00 2.994200609093999876e-01
3.168499999999999872e+00 4.334856017341999768e-01
3.677049999999999930e+00 5.659218781914000518e-01
4.196769999999999889e+00 5.762746471752000499e-01
4.742370000000000196e+00 6.767790614020999795e-01
5.296610000000000262e+00 7.737425678438000221e-01
5.882010000000000183e+00 9.077856438463999256e-01
6.518130000000000202e+00 1.822772078969600029e+00
7.166140000000000398e+00 1.148469582237440001e+01
7.840230000000000032e+00 1.556221836818069981e+01
8.436809999999999476e+00 1.540858170015850170e+01
9.016510000000000247e+00 1.410413632225010083e+01
9.580099999999999838e+00 1.269016797076680092e+01
1.012296000000000085e+01 1.202346017781109921e+01
1.064836000000000027e+01 1.145546036631709974e+01
1.117548999999999992e+01 1.090571491713489927e+01
1.173737999999999992e+01 1.067088278882300045e+01
1.225178999999999974e+01 1.020194248933250059e+01
1.276422999999999952e+01 1.018709688141049874e+01
