Max Step   Target
3.1616E-03 1.8000E-02
2.8417E-01 1.8000E-02
3.5627E-02 1.8000E-02
3.3525E-01 1.8000E-02
1.3435E-01 1.8000E-02
4.6557E-02 1.8000E-02
1.5334E-01 1.8000E-02
1.2389E-01 1.8000E-02
2.1947E-01 1.8000E-02
5.8116E-02 1.8000E-02
2.1320E-02 1.8000E-02
0.0000E+00 1.8000E-02
1.0233E-02 1.8000E-02
1.7654E-02 1.8000E-02
2.4293E-02 1.8000E-02
3.5294E-02 1.8000E-02
2.3945E-02 1.8000E-02
1.4487E-02 1.8000E-02
8.9962E-03 1.8000E-02
2.0050E-02 1.8000E-02
5.1219E-02 1.8000E-02
5.4331E-02 1.8000E-02
1.1017E-02 1.8000E-02
2.7938E-02 1.8000E-02
3.7216E-02 1.8000E-02
1.1677E-01 1.8000E-02
4.0976E-02 1.8000E-02
3.6591E-02 1.8000E-02
3.8559E-02 1.8000E-02
7.9424E-02 1.8000E-02
3.7963E-02 1.8000E-02
1.1916E-02 1.8000E-02
7.1259E-03 1.8000E-02
2.1103E-02 1.8000E-02
2.7762E-02 1.8000E-02
6.7614E-03 1.8000E-02
1.8282E-02 1.8000E-02
6.0166E-03 1.8000E-02
2.6646E-02 1.8000E-02
7.8615E-03 1.8000E-02
9.2280E-03 1.8000E-02
7.6066E-03 1.8000E-02
3.3567E-02 1.8000E-02
3.8261E-02 1.8000E-02
3.3739E-02 1.8000E-02
4.0720E-02 1.8000E-02
1.3353E-02 1.8000E-02
1.1321E-02 1.8000E-02
1.1262E-02 1.8000E-02
2.8764E-02 1.8000E-02
1.0012E-01 1.8000E-02
1.4030E-02 1.8000E-02
2.0188E-02 1.8000E-02
2.6418E-02 1.8000E-02
5.0000E-01 1.8000E-02
5.0000E-01 1.8000E-02
3.7344E-01 1.8000E-02
3.1657E-01 1.8000E-02
1.4469E-01 1.8000E-02
1.6325E-01 1.8000E-02
3.6207E-02 1.8000E-02
2.0404E-01 1.8000E-02
6.5529E-02 1.8000E-02
4.9718E-02 1.8000E-02
4.3491E-02 1.8000E-02
5.8617E-02 1.8000E-02
1.3749E-02 1.8000E-02
1.5493E-02 1.8000E-02
8.5632E-02 1.8000E-02
6.5498E-02 1.8000E-02
9.6164E-03 1.8000E-02
4.5508E-02 1.8000E-02
5.0000E-01 1.8000E-02
4.0300E-01 1.8000E-02
2.9786E-02 1.8000E-02
2.6137E-02 1.8000E-02
1.5550E-01 1.8000E-02
4.4926E-02 1.8000E-02
2.6549E-02 1.8000E-02
7.4348E-03 1.8000E-02
8.1613E-03 1.8000E-02
1.7218E-02 1.8000E-02
1.1841E-01 1.8000E-02
2.4340E-01 1.8000E-02
4.4627E-02 1.8000E-02
4.3534E-02 1.8000E-02
1.6892E-01 1.8000E-02
2.1072E-02 1.8000E-02
9.0183E-03 1.8000E-02
1.1897E-01 1.8000E-02
5.0000E-01 1.8000E-02
3.7858E-01 1.8000E-02
5.9187E-02 1.8000E-02
4.5968E-02 1.8000E-02
3.5100E-02 1.8000E-02
1.6484E-01 1.8000E-02
5.0000E-01 1.8000E-02
1.6125E-01 1.8000E-02
4.8400E-01 1.8000E-02
5.0000E-01 1.8000E-02
5.0000E-01 1.8000E-02
5.0000E-01 1.8000E-02
1.6958E-01 1.8000E-02
1.4535E-01 1.8000E-02
1.3157E-01 1.8000E-02
1.9791E-01 1.8000E-02
6.2390E-02 1.8000E-02
5.0000E-01 1.8000E-02
1.8145E-01 1.8000E-02
1.5867E-02 1.8000E-02
1.7883E-01 1.8000E-02
5.0000E-01 1.8000E-02
4.8493E-01 1.8000E-02
8.6205E-02 1.8000E-02
5.0000E-01 1.8000E-02
5.0000E-01 1.8000E-02
2.3350E-01 1.8000E-02
5.0000E-01 1.8000E-02
3.0957E-01 1.8000E-02
3.3175E-01 1.8000E-02
1.5306E-01 1.8000E-02
1.2134E-01 1.8000E-02
7.3900E-02 1.8000E-02
1.1090E-01 1.8000E-02
8.3715E-02 1.8000E-02
3.3539E-02 1.8000E-02
5.8735E-02 1.8000E-02
4.3376E-02 1.8000E-02
5.1294E-02 1.8000E-02
5.2678E-02 1.8000E-02
6.8599E-02 1.8000E-02
5.3063E-02 1.8000E-02
5.3063E-02 1.8000E-02
8.7555E-03 1.8000E-02
4.6846E-03 1.8000E-02
2.3971E-02 1.8000E-02
2.8399E-02 1.8000E-02
7.7503E-03 1.8000E-02
6.3767E-03 1.8000E-02
1.3640E-02 1.8000E-02
1.6916E-02 1.8000E-02
3.4649E-02 1.8000E-02
1.1077E-02 1.8000E-02
9.7674E-03 1.8000E-02
1.0908E-02 1.8000E-02
1.0399E-02 1.8000E-02
7.6807E-03 1.8000E-02
1.8497E-02 1.8000E-02
1.7424E-02 1.8000E-02
1.9605E-03 1.8000E-02
5.1412E-03 1.8000E-02
5.4569E-03 1.8000E-02
1.8719E-02 1.8000E-02
2.5280E-02 1.8000E-02
3.3658E-03 1.8000E-02
4.8781E-03 1.8000E-02
1.1402E-02 1.8000E-02
2.1439E-02 1.8000E-02
3.1537E-02 1.8000E-02
2.5067E-02 1.8000E-02
1.3099E-01 1.8000E-02
2.2172E-01 1.8000E-02
5.0000E-01 1.8000E-02
4.6836E-01 1.8000E-02
1.3191E-01 1.8000E-02
9.5727E-02 1.8000E-02
1.9561E-02 1.8000E-02
2.4406E-02 1.8000E-02
3.9375E-02 1.8000E-02
1.6576E-02 1.8000E-02
2.7779E-01 1.8000E-02
2.9191E-01 1.8000E-02
8.4248E-02 1.8000E-02
2.0124E-01 1.8000E-02
5.0000E-01 1.8000E-02
3.1664E-01 1.8000E-02
1.7328E-01 1.8000E-02
8.7110E-02 1.8000E-02
2.7493E-02 1.8000E-02
9.6088E-02 1.8000E-02
1.7221E-01 1.8000E-02
7.4025E-02 1.8000E-02
3.3041E-02 1.8000E-02
6.0003E-02 1.8000E-02
1.9824E-02 1.8000E-02
2.9933E-01 1.8000E-02
3.1016E-01 1.8000E-02
5.0000E-01 1.8000E-02
1.5390E-01 1.8000E-02
5.0000E-01 1.8000E-02
1.0746E-01 1.8000E-02
9.5762E-02 1.8000E-02
1.0737E-01 1.8000E-02
6.7861E-02 1.8000E-02
1.8344E-02 1.8000E-02
3.1788E-02 1.8000E-02
1.8175E-02 1.8000E-02
1.2056E-02 1.8000E-02
5.8454E-03 1.8000E-02
1.1472E-02 1.8000E-02
7.5115E-02 1.8000E-02
5.1932E-02 1.8000E-02
1.1732E-01 1.8000E-02
5.0000E-01 1.8000E-02
5.0000E-01 1.8000E-02
3.8410E-01 1.8000E-02
5.0000E-01 1.8000E-02
5.0000E-01 1.8000E-02
5.0000E-01 1.8000E-02
1.7719E-01 1.8000E-02
1.2007E-01 1.8000E-02
1.7524E-01 1.8000E-02
5.0000E-01 1.8000E-02
7.5966E-02 1.8000E-02
7.5203E-02 1.8000E-02
1.2021E-01 1.8000E-02
2.4894E-02 1.8000E-02
6.4053E-02 1.8000E-02
7.8239E-02 1.8000E-02
9.7901E-02 1.8000E-02
1.1193E-01 1.8000E-02
7.3977E-02 1.8000E-02
5.8510E-02 1.8000E-02
2.0636E-02 1.8000E-02
4.4243E-02 1.8000E-02
7.2251E-02 1.8000E-02
5.3372E-02 1.8000E-02
3.3452E-02 1.8000E-02
7.0569E-03 1.8000E-02
8.5461E-03 1.8000E-02
7.4974E-02 1.8000E-02
5.3204E-02 1.8000E-02
1.2116E-02 1.8000E-02
6.7635E-03 1.8000E-02
1.9819E-02 1.8000E-02
1.1681E-02 1.8000E-02
6.4322E-03 1.8000E-02
2.7316E-02 1.8000E-02
5.1869E-03 1.8000E-02
4.8359E-03 1.8000E-02
2.4637E-03 1.8000E-02
4.0328E-03 1.8000E-02
