Max Step   Target
1.3434E-03 6.0000E-04
2.6842E-04 6.0000E-04
3.3090E-04 6.0000E-04
2.3878E-04 6.0000E-04
3.4494E-04 6.0000E-04
3.8852E-04 6.0000E-04
1.4338E-04 6.0000E-04
2.6082E-04 6.0000E-04
3.3949E-04 6.0000E-04
4.6540E-04 6.0000E-04
7.1099E-04 6.0000E-04
3.1269E-04 6.0000E-04
3.2150E-04 6.0000E-04
7.3883E-04 6.0000E-04
7.1907E-04 6.0000E-04
2.2409E-04 6.0000E-04
5.6195E-04 6.0000E-04
6.1695E-04 6.0000E-04
1.0208E-03 6.0000E-04
1.4332E-03 6.0000E-04
8.6332E-04 6.0000E-04
5.2182E-04 6.0000E-04
1.3733E-03 6.0000E-04
1.2019E-03 6.0000E-04
8.7660E-04 6.0000E-04
2.0194E-03 6.0000E-04
9.3857E-04 6.0000E-04
9.7049E-04 6.0000E-04
2.3482E-03 6.0000E-04
1.1259E-03 6.0000E-04
7.7442E-04 6.0000E-04
1.5271E-03 6.0000E-04
1.9705E-03 6.0000E-04
5.4666E-04 6.0000E-04
1.1563E-03 6.0000E-04
1.5033E-03 6.0000E-04
3.1023E-03 6.0000E-04
8.6783E-04 6.0000E-04
1.0817E-03 6.0000E-04
7.9405E-04 6.0000E-04
1.6676E-03 6.0000E-04
2.5148E-03 6.0000E-04
1.3781E-03 6.0000E-04
5.7741E-04 6.0000E-04
9.1316E-04 6.0000E-04
1.6997E-03 6.0000E-04
2.9736E-03 6.0000E-04
3.3517E-04 6.0000E-04
4.6226E-04 6.0000E-04
7.1589E-04 6.0000E-04
1.7518E-03 6.0000E-04
8.5957E-04 6.0000E-04
1.8481E-03 6.0000E-04
4.8464E-04 6.0000E-04
1.0359E-03 6.0000E-04
2.0931E-03 6.0000E-04
9.7348E-04 6.0000E-04
1.1733E-03 6.0000E-04
1.3243E-03 6.0000E-04
8.9221E-04 6.0000E-04
1.1400E-03 6.0000E-04
2.1336E-03 6.0000E-04
6.9737E-04 6.0000E-04
1.4297E-03 6.0000E-04
1.4226E-03 6.0000E-04
1.6246E-03 6.0000E-04
1.1260E-03 6.0000E-04
7.8768E-04 6.0000E-04
1.2920E-03 6.0000E-04
2.0880E-03 6.0000E-04
8.9919E-04 6.0000E-04
1.2054E-03 6.0000E-04
1.5075E-03 6.0000E-04
1.9437E-03 6.0000E-04
5.4016E-04 6.0000E-04
1.1640E-03 6.0000E-04
8.7914E-04 6.0000E-04
1.0966E-03 6.0000E-04
1.1790E-03 6.0000E-04
1.3186E-03 6.0000E-04
1.5092E-03 6.0000E-04
1.0527E-03 6.0000E-04
1.0092E-03 6.0000E-04
1.5325E-03 6.0000E-04
8.0302E-04 6.0000E-04
5.1851E-04 6.0000E-04
1.5416E-03 6.0000E-04
8.7828E-04 6.0000E-04
1.6480E-03 6.0000E-04
8.6191E-04 6.0000E-04
1.2399E-03 6.0000E-04
1.0176E-03 6.0000E-04
6.3446E-04 6.0000E-04
1.0931E-03 6.0000E-04
1.1910E-03 6.0000E-04
4.1103E-04 6.0000E-04
1.1053E-03 6.0000E-04
6.1991E-04 6.0000E-04
1.3271E-03 6.0000E-04
6.2254E-04 6.0000E-04
1.1667E-03 6.0000E-04
1.1414E-03 6.0000E-04
8.1808E-04 6.0000E-04
7.7631E-04 6.0000E-04
1.1817E-03 6.0000E-04
9.7642E-04 6.0000E-04
1.9749E-03 6.0000E-04
7.8331E-04 6.0000E-04
1.4044E-03 6.0000E-04
1.5032E-03 6.0000E-04
1.5533E-03 6.0000E-04
1.0840E-03 6.0000E-04
2.3329E-03 6.0000E-04
6.2580E-04 6.0000E-04
1.1802E-03 6.0000E-04
2.7658E-03 6.0000E-04
1.1502E-03 6.0000E-04
1.4525E-03 6.0000E-04
1.6419E-03 6.0000E-04
9.8694E-04 6.0000E-04
7.1368E-04 6.0000E-04
1.1472E-03 6.0000E-04
1.1225E-03 6.0000E-04
9.7591E-04 6.0000E-04
2.3060E-03 6.0000E-04
2.8537E-04 6.0000E-04
