RMS Step   Target
2.8505E-04 4.0000E-04
6.3247E-05 4.0000E-04
6.7869E-05 4.0000E-04
4.9996E-05 4.0000E-04
7.6663E-05 4.0000E-04
8.9187E-05 4.0000E-04
3.2492E-05 4.0000E-04
5.6086E-05 4.0000E-04
6.2674E-05 4.0000E-04
7.7014E-05 4.0000E-04
1.0490E-04 4.0000E-04
4.9809E-05 4.0000E-04
5.3068E-05 4.0000E-04
1.2172E-04 4.0000E-04
1.1963E-04 4.0000E-04
2.9769E-05 4.0000E-04
8.2346E-05 4.0000E-04
8.4154E-05 4.0000E-04
1.3365E-04 4.0000E-04
1.7430E-04 4.0000E-04
9.7717E-05 4.0000E-04
5.6837E-05 4.0000E-04
1.4390E-04 4.0000E-04
1.2465E-04 4.0000E-04
9.0996E-05 4.0000E-04
2.0548E-04 4.0000E-04
9.2975E-05 4.0000E-04
9.5204E-05 4.0000E-04
2.3021E-04 4.0000E-04
1.1014E-04 4.0000E-04
7.8613E-05 4.0000E-04
1.5369E-04 4.0000E-04
1.9309E-04 4.0000E-04
5.4328E-05 4.0000E-04
1.1553E-04 4.0000E-04
1.4616E-04 4.0000E-04
3.0778E-04 4.0000E-04
8.9121E-05 4.0000E-04
1.2761E-04 4.0000E-04
8.3760E-05 4.0000E-04
1.9138E-04 4.0000E-04
2.7202E-04 4.0000E-04
1.3748E-04 4.0000E-04
6.7541E-05 4.0000E-04
1.0690E-04 4.0000E-04
1.9863E-04 4.0000E-04
3.5631E-04 4.0000E-04
3.9082E-05 4.0000E-04
5.2045E-05 4.0000E-04
9.0024E-05 4.0000E-04
2.1958E-04 4.0000E-04
1.0804E-04 4.0000E-04
2.1374E-04 4.0000E-04
6.5605E-05 4.0000E-04
1.3121E-04 4.0000E-04
2.6242E-04 4.0000E-04
1.2245E-04 4.0000E-04
1.4033E-04 4.0000E-04
1.5882E-04 4.0000E-04
1.1071E-04 4.0000E-04
1.3794E-04 4.0000E-04
2.6014E-04 4.0000E-04
8.8117E-05 4.0000E-04
1.7623E-04 4.0000E-04
1.8275E-04 4.0000E-04
2.1330E-04 4.0000E-04
1.4022E-04 4.0000E-04
1.0035E-04 4.0000E-04
1.5423E-04 4.0000E-04
2.5381E-04 4.0000E-04
1.1553E-04 4.0000E-04
1.5766E-04 4.0000E-04
1.8818E-04 4.0000E-04
2.6895E-04 4.0000E-04
7.6518E-05 4.0000E-04
1.5304E-04 4.0000E-04
1.3402E-04 4.0000E-04
1.6391E-04 4.0000E-04
1.6775E-04 4.0000E-04
1.6875E-04 4.0000E-04
2.0510E-04 4.0000E-04
1.4598E-04 4.0000E-04
1.4315E-04 4.0000E-04
2.3356E-04 4.0000E-04
1.2119E-04 4.0000E-04
7.4571E-05 4.0000E-04
2.2642E-04 4.0000E-04
1.3071E-04 4.0000E-04
2.4108E-04 4.0000E-04
1.0124E-04 4.0000E-04
1.5655E-04 4.0000E-04
1.4983E-04 4.0000E-04
9.8486E-05 4.0000E-04
1.7190E-04 4.0000E-04
1.8481E-04 4.0000E-04
5.7763E-05 4.0000E-04
1.7115E-04 4.0000E-04
9.4679E-05 4.0000E-04
2.0268E-04 4.0000E-04
8.8176E-05 4.0000E-04
1.7635E-04 4.0000E-04
1.6507E-04 4.0000E-04
1.1956E-04 4.0000E-04
1.1753E-04 4.0000E-04
1.6616E-04 4.0000E-04
1.3662E-04 4.0000E-04
2.4633E-04 4.0000E-04
9.5858E-05 4.0000E-04
1.9172E-04 4.0000E-04
1.5247E-04 4.0000E-04
1.5316E-04 4.0000E-04
1.2567E-04 4.0000E-04
2.6399E-04 4.0000E-04
7.8795E-05 4.0000E-04
1.5759E-04 4.0000E-04
3.1518E-04 4.0000E-04
1.2130E-04 4.0000E-04
1.6550E-04 4.0000E-04
1.8107E-04 4.0000E-04
1.1265E-04 4.0000E-04
9.9585E-05 4.0000E-04
1.5919E-04 4.0000E-04
1.5891E-04 4.0000E-04
1.2424E-04 4.0000E-04
2.9851E-04 4.0000E-04
3.9044E-05 4.0000E-04
