RMS Step   Target
2.8392E-04 8.0000E-04
2.7719E-03 8.0000E-04
8.6546E-04 8.0000E-04
1.4714E-03 8.0000E-04
1.5645E-03 8.0000E-04
9.9600E-04 8.0000E-04
5.4122E-04 8.0000E-04
8.0662E-04 8.0000E-04
1.3930E-03 8.0000E-04
4.3608E-04 8.0000E-04
3.0358E-04 8.0000E-04
7.0370E-04 8.0000E-04
1.1647E-03 8.0000E-04
1.8522E-03 8.0000E-04
2.6303E-04 8.0000E-04
2.8584E-04 8.0000E-04
6.4617E-04 8.0000E-04
1.6590E-03 8.0000E-04
9.6182E-04 8.0000E-04
5.3145E-04 8.0000E-04
8.3810E-04 8.0000E-04
1.1631E-03 8.0000E-04
1.7587E-03 8.0000E-04
3.2003E-04 8.0000E-04
3.7771E-04 8.0000E-04
5.1112E-04 8.0000E-04
1.0430E-03 8.0000E-04
5.6443E-04 8.0000E-04
1.3990E-04 8.0000E-04
2.2013E-04 8.0000E-04
4.7371E-04 8.0000E-04
9.5031E-04 8.0000E-04
4.9752E-04 8.0000E-04
4.6820E-04 8.0000E-04
5.8175E-04 8.0000E-04
9.5979E-04 8.0000E-04
1.5429E-04 8.0000E-04
1.3928E-04 8.0000E-04
2.8634E-04 8.0000E-04
6.5428E-04 8.0000E-04
1.2092E-03 8.0000E-04
1.3464E-04 8.0000E-04
1.2436E-04 8.0000E-04
3.1166E-04 8.0000E-04
6.2039E-04 8.0000E-04
1.3595E-03 8.0000E-04
3.1822E-04 8.0000E-04
2.2102E-04 8.0000E-04
3.1102E-04 8.0000E-04
6.2850E-04 8.0000E-04
4.3459E-04 8.0000E-04
3.9370E-04 8.0000E-04
4.5184E-04 8.0000E-04
5.5343E-04 8.0000E-04
2.8422E-04 8.0000E-04
5.4852E-04 8.0000E-04
4.6557E-04 8.0000E-04
2.3348E-04 8.0000E-04
8.0977E-04 8.0000E-04
3.8730E-04 8.0000E-04
8.4763E-04 8.0000E-04
6.0157E-04 8.0000E-04
2.5324E-04 8.0000E-04
1.6603E-04 8.0000E-04
3.6364E-04 8.0000E-04
6.2706E-04 8.0000E-04
2.7260E-04 8.0000E-04
2.3676E-04 8.0000E-04
3.3250E-04 8.0000E-04
6.6360E-04 8.0000E-04
6.2753E-04 8.0000E-04
1.3701E-04 8.0000E-04
2.5194E-04 8.0000E-04
2.4448E-04 8.0000E-04
2.3978E-04 8.0000E-04
7.0398E-04 8.0000E-04
4.1866E-04 8.0000E-04
4.6134E-05 8.0000E-04
3.7693E-04 8.0000E-04
2.2306E-04 8.0000E-04
3.6225E-04 8.0000E-04
8.0536E-04 8.0000E-04
2.3791E-04 8.0000E-04
9.4933E-05 8.0000E-04
2.9752E-04 8.0000E-04
6.5518E-04 8.0000E-04
1.5025E-04 8.0000E-04
1.9614E-04 8.0000E-04
3.3065E-04 8.0000E-04
4.5374E-04 8.0000E-04
5.2406E-04 8.0000E-04
1.6616E-04 8.0000E-04
2.6647E-04 8.0000E-04
2.8122E-04 8.0000E-04
2.9976E-04 8.0000E-04
5.9711E-04 8.0000E-04
2.3047E-04 8.0000E-04
7.2778E-05 8.0000E-04
4.2633E-04 8.0000E-04
4.6711E-04 8.0000E-04
6.9851E-05 8.0000E-04
2.0757E-04 8.0000E-04
1.8963E-04 8.0000E-04
4.7889E-04 8.0000E-04
7.6742E-04 8.0000E-04
1.2584E-04 8.0000E-04
6.3634E-05 8.0000E-04
1.5122E-04 8.0000E-04
4.3672E-04 8.0000E-04
2.8507E-04 8.0000E-04
2.6115E-04 8.0000E-04
3.1468E-04 8.0000E-04
4.5166E-04 8.0000E-04
2.2714E-04 8.0000E-04
1.7657E-04 8.0000E-04
1.5774E-04 8.0000E-04
3.2593E-04 8.0000E-04
3.0468E-04 8.0000E-04
3.1649E-04 8.0000E-04
2.8145E-04 8.0000E-04
2.9889E-04 8.0000E-04
3.2004E-04 8.0000E-04
1.7670E-04 8.0000E-04
1.9612E-04 8.0000E-04
3.9653E-04 8.0000E-04
2.1349E-04 8.0000E-04
2.2027E-04 8.0000E-04
1.9148E-04 8.0000E-04
3.8140E-04 8.0000E-04
2.1821E-04 8.0000E-04
8.7779E-05 8.0000E-04
1.9235E-04 8.0000E-04
1.3045E-04 8.0000E-04
2.6089E-04 8.0000E-04
4.8675E-04 8.0000E-04
2.1262E-04 8.0000E-04
5.3274E-05 8.0000E-04
1.4372E-04 8.0000E-04
8.0280E-05 8.0000E-04
1.6056E-04 8.0000E-04
3.2112E-04 8.0000E-04
1.5913E-04 8.0000E-04
