Max Step   Target
1.2316E-02 1.2000E-03
1.1375E-01 1.2000E-03
3.2380E-02 1.2000E-03
5.2656E-02 1.2000E-03
4.8629E-02 1.2000E-03
3.0483E-02 1.2000E-03
1.4302E-02 1.2000E-03
2.2490E-02 1.2000E-03
4.8654E-02 1.2000E-03
2.0072E-02 1.2000E-03
1.3865E-02 1.2000E-03
3.5525E-02 1.2000E-03
6.1387E-02 1.2000E-03
5.3245E-02 1.2000E-03
1.7497E-02 1.2000E-03
2.0406E-02 1.2000E-03
2.2196E-02 1.2000E-03
1.1222E-02 1.2000E-03
1.8627E-02 1.2000E-03
1.3257E-02 1.2000E-03
3.8251E-02 1.2000E-03
1.6640E-02 1.2000E-03
6.0473E-03 1.2000E-03
1.5323E-02 1.2000E-03
2.6364E-02 1.2000E-03
8.3437E-03 1.2000E-03
1.0659E-02 1.2000E-03
8.1158E-03 1.2000E-03
1.2994E-02 1.2000E-03
4.6133E-03 1.2000E-03
2.9064E-03 1.2000E-03
5.0150E-03 1.2000E-03
9.9232E-03 1.2000E-03
1.8209E-02 1.2000E-03
3.4573E-03 1.2000E-03
5.8459E-03 1.2000E-03
4.2980E-03 1.2000E-03
8.3658E-03 1.2000E-03
5.9209E-03 1.2000E-03
5.2259E-03 1.2000E-03
3.6519E-03 1.2000E-03
2.3580E-03 1.2000E-03
3.4905E-03 1.2000E-03
8.0468E-03 1.2000E-03
7.9318E-03 1.2000E-03
8.5823E-04 1.2000E-03
1.4616E-03 1.2000E-03
2.2043E-03 1.2000E-03
2.8888E-03 1.2000E-03
6.5245E-03 1.2000E-03
1.7965E-03 1.2000E-03
1.6768E-03 1.2000E-03
2.4568E-03 1.2000E-03
3.8177E-03 1.2000E-03
7.3923E-03 1.2000E-03
2.3855E-03 1.2000E-03
1.9598E-03 1.2000E-03
2.6346E-03 1.2000E-03
5.1241E-03 1.2000E-03
2.9373E-03 1.2000E-03
3.1984E-03 1.2000E-03
2.3100E-03 1.2000E-03
4.3640E-03 1.2000E-03
2.0214E-03 1.2000E-03
2.4541E-03 1.2000E-03
1.9727E-03 1.2000E-03
1.9673E-03 1.2000E-03
2.9448E-03 1.2000E-03
3.4801E-03 1.2000E-03
3.4172E-03 1.2000E-03
2.7934E-03 1.2000E-03
2.1838E-03 1.2000E-03
1.6910E-03 1.2000E-03
4.0792E-03 1.2000E-03
3.2526E-03 1.2000E-03
2.7104E-03 1.2000E-03
3.5996E-03 1.2000E-03
3.2411E-03 1.2000E-03
8.1388E-04 1.2000E-03
2.0210E-03 1.2000E-03
1.3561E-03 1.2000E-03
3.2396E-03 1.2000E-03
2.5373E-03 1.2000E-03
4.8853E-04 1.2000E-03
1.1435E-03 1.2000E-03
2.0348E-03 1.2000E-03
4.4546E-03 1.2000E-03
3.0902E-03 1.2000E-03
1.0238E-03 1.2000E-03
1.9472E-03 1.2000E-03
2.1023E-03 1.2000E-03
9.2692E-04 1.2000E-03
2.3062E-03 1.2000E-03
1.5923E-03 1.2000E-03
2.8414E-03 1.2000E-03
2.6981E-03 1.2000E-03
7.4081E-04 1.2000E-03
1.8642E-03 1.2000E-03
1.5748E-03 1.2000E-03
2.0101E-03 1.2000E-03
3.1566E-03 1.2000E-03
2.2406E-03 1.2000E-03
6.2995E-04 1.2000E-03
1.2584E-03 1.2000E-03
7.8242E-04 1.2000E-03
2.4941E-03 1.2000E-03
2.6038E-03 1.2000E-03
1.5313E-03 1.2000E-03
8.5755E-04 1.2000E-03
1.4853E-03 1.2000E-03
1.7356E-03 1.2000E-03
4.3893E-04 1.2000E-03
1.2752E-03 1.2000E-03
1.4108E-03 1.2000E-03
3.8263E-03 1.2000E-03
1.9467E-03 1.2000E-03
4.5257E-04 1.2000E-03
