RMS Step   Target
2.8849E-04 8.0000E-04
2.8373E-03 8.0000E-04
9.0829E-04 8.0000E-04
1.5833E-03 8.0000E-04
1.7157E-03 8.0000E-04
1.0946E-03 8.0000E-04
6.0206E-04 8.0000E-04
8.3561E-04 8.0000E-04
1.5569E-03 8.0000E-04
6.3645E-04 8.0000E-04
4.2370E-04 8.0000E-04
1.0100E-03 8.0000E-04
1.7222E-03 8.0000E-04
1.5268E-03 8.0000E-04
6.3261E-04 8.0000E-04
9.4074E-04 8.0000E-04
1.1678E-03 8.0000E-04
5.8330E-04 8.0000E-04
9.0088E-04 8.0000E-04
6.1900E-04 8.0000E-04
1.7816E-03 8.0000E-04
7.9601E-04 8.0000E-04
3.5843E-04 8.0000E-04
7.8141E-04 8.0000E-04
1.2011E-03 8.0000E-04
3.8446E-04 8.0000E-04
4.9975E-04 8.0000E-04
4.3280E-04 8.0000E-04
8.1360E-04 8.0000E-04
2.5506E-04 8.0000E-04
1.6514E-04 8.0000E-04
3.5746E-04 8.0000E-04
6.8674E-04 8.0000E-04
1.1278E-03 8.0000E-04
2.1892E-04 8.0000E-04
3.4953E-04 8.0000E-04
2.8951E-04 8.0000E-04
5.7948E-04 8.0000E-04
4.4004E-04 8.0000E-04
4.0756E-04 8.0000E-04
3.5895E-04 8.0000E-04
2.3880E-04 8.0000E-04
2.7960E-04 8.0000E-04
6.4311E-04 8.0000E-04
7.9509E-04 8.0000E-04
6.3692E-05 8.0000E-04
1.0745E-04 8.0000E-04
1.5273E-04 8.0000E-04
3.0607E-04 8.0000E-04
6.7289E-04 8.0000E-04
9.9904E-05 8.0000E-04
1.0910E-04 8.0000E-04
2.3531E-04 8.0000E-04
4.1563E-04 8.0000E-04
7.8792E-04 8.0000E-04
1.9588E-04 8.0000E-04
2.0693E-04 8.0000E-04
3.0183E-04 8.0000E-04
6.0444E-04 8.0000E-04
3.1917E-04 8.0000E-04
3.2149E-04 8.0000E-04
2.3352E-04 8.0000E-04
4.6148E-04 8.0000E-04
2.6438E-04 8.0000E-04
2.9760E-04 8.0000E-04
2.3673E-04 8.0000E-04
2.1799E-04 8.0000E-04
3.0440E-04 8.0000E-04
3.1944E-04 8.0000E-04
3.1741E-04 8.0000E-04
2.5181E-04 8.0000E-04
1.6853E-04 8.0000E-04
1.5687E-04 8.0000E-04
4.3304E-04 8.0000E-04
2.9060E-04 8.0000E-04
2.4673E-04 8.0000E-04
3.7649E-04 8.0000E-04
3.8783E-04 8.0000E-04
4.7161E-05 8.0000E-04
1.1529E-04 8.0000E-04
1.4913E-04 8.0000E-04
4.3933E-04 8.0000E-04
3.5705E-04 8.0000E-04
5.1268E-05 8.0000E-04
1.6044E-04 8.0000E-04
1.9078E-04 8.0000E-04
4.2986E-04 8.0000E-04
2.9766E-04 8.0000E-04
9.0397E-05 8.0000E-04
2.6119E-04 8.0000E-04
2.6996E-04 8.0000E-04
1.1159E-04 8.0000E-04
2.9620E-04 8.0000E-04
2.1256E-04 8.0000E-04
2.9745E-04 8.0000E-04
2.7969E-04 8.0000E-04
8.8936E-05 8.0000E-04
1.7200E-04 8.0000E-04
1.9390E-04 8.0000E-04
2.5543E-04 8.0000E-04
4.3519E-04 8.0000E-04
2.8098E-04 8.0000E-04
6.2215E-05 8.0000E-04
1.1532E-04 8.0000E-04
1.1313E-04 8.0000E-04
3.6498E-04 8.0000E-04
3.8363E-04 8.0000E-04
2.3461E-04 8.0000E-04
1.2393E-04 8.0000E-04
2.2785E-04 8.0000E-04
2.6401E-04 8.0000E-04
6.9159E-05 8.0000E-04
1.8907E-04 8.0000E-04
2.0285E-04 8.0000E-04
5.4537E-04 8.0000E-04
2.7288E-04 8.0000E-04
4.3607E-05 8.0000E-04
