Max Step   Target
1.2182E-02 1.2000E-03
1.0839E-01 1.2000E-03
2.7234E-02 1.2000E-03
4.9587E-02 1.2000E-03
4.1571E-02 1.2000E-03
1.8889E-02 1.2000E-03
1.0041E-02 1.2000E-03
2.0487E-02 1.2000E-03
4.1529E-02 1.2000E-03
2.5961E-02 1.2000E-03
1.7000E-02 1.2000E-03
3.7220E-02 1.2000E-03
6.0767E-02 1.2000E-03
1.7966E-02 1.2000E-03
1.4541E-02 1.2000E-03
1.6355E-02 1.2000E-03
2.8140E-02 1.2000E-03
2.6996E-02 1.2000E-03
1.6551E-02 1.2000E-03
1.2237E-02 1.2000E-03
1.6328E-02 1.2000E-03
3.3295E-02 1.2000E-03
3.5471E-03 1.2000E-03
4.0510E-03 1.2000E-03
1.0799E-02 1.2000E-03
1.8046E-02 1.2000E-03
1.8684E-02 1.2000E-03
8.5857E-03 1.2000E-03
3.5608E-03 1.2000E-03
5.3570E-03 1.2000E-03
1.1431E-02 1.2000E-03
4.1150E-03 1.2000E-03
5.0190E-03 1.2000E-03
6.2008E-03 1.2000E-03
1.4713E-02 1.2000E-03
5.1774E-03 1.2000E-03
1.8551E-03 1.2000E-03
4.4278E-03 1.2000E-03
8.0610E-03 1.2000E-03
1.3172E-02 1.2000E-03
1.2998E-02 1.2000E-03
9.8127E-03 1.2000E-03
3.0456E-03 1.2000E-03
2.3164E-03 1.2000E-03
7.6052E-03 1.2000E-03
1.3650E-02 1.2000E-03
5.7404E-03 1.2000E-03
5.3471E-03 1.2000E-03
6.0017E-03 1.2000E-03
9.2576E-03 1.2000E-03
5.2224E-03 1.2000E-03
2.4723E-03 1.2000E-03
3.3318E-03 1.2000E-03
5.2631E-03 1.2000E-03
3.6775E-03 1.2000E-03
7.0260E-03 1.2000E-03
3.7929E-03 1.2000E-03
3.4872E-03 1.2000E-03
8.9318E-03 1.2000E-03
2.2575E-03 1.2000E-03
8.2380E-04 1.2000E-03
2.7327E-03 1.2000E-03
6.1632E-03 1.2000E-03
3.8109E-03 1.2000E-03
5.8095E-03 1.2000E-03
3.0156E-03 1.2000E-03
5.7703E-03 1.2000E-03
9.8480E-04 1.2000E-03
1.0460E-03 1.2000E-03
1.9026E-03 1.2000E-03
5.1541E-03 1.2000E-03
2.6020E-03 1.2000E-03
3.1518E-03 1.2000E-03
2.8431E-03 1.2000E-03
4.7497E-03 1.2000E-03
5.1692E-03 1.2000E-03
1.9052E-03 1.2000E-03
2.9153E-03 1.2000E-03
1.8693E-03 1.2000E-03
3.0365E-03 1.2000E-03
5.3143E-03 1.2000E-03
2.4742E-03 1.2000E-03
4.2423E-04 1.2000E-03
1.8063E-03 1.2000E-03
3.0523E-03 1.2000E-03
2.7580E-03 1.2000E-03
6.0064E-03 1.2000E-03
3.0788E-03 1.2000E-03
1.2690E-03 1.2000E-03
3.4899E-03 1.2000E-03
1.6000E-03 1.2000E-03
1.1344E-03 1.2000E-03
3.6803E-03 1.2000E-03
2.1299E-03 1.2000E-03
2.2319E-03 1.2000E-03
3.5801E-03 1.2000E-03
1.4801E-03 1.2000E-03
1.0172E-03 1.2000E-03
2.2762E-03 1.2000E-03
4.3018E-03 1.2000E-03
1.7078E-03 1.2000E-03
2.5470E-03 1.2000E-03
1.2029E-03 1.2000E-03
4.3361E-03 1.2000E-03
3.9099E-03 1.2000E-03
1.5465E-03 1.2000E-03
1.4539E-03 1.2000E-03
7.0136E-04 1.2000E-03
2.0273E-03 1.2000E-03
2.7662E-03 1.2000E-03
1.7018E-03 1.2000E-03
1.1776E-03 1.2000E-03
2.6653E-03 1.2000E-03
2.3819E-03 1.2000E-03
1.0640E-03 1.2000E-03
1.5947E-03 1.2000E-03
9.2308E-04 1.2000E-03
