0.000000000000000000e+00 0.000000000000000000e+00
1.374499999999999889e-01 -2.302205019199999973e-03
2.686399999999999899e-01 1.155751723780999995e-01
4.755400000000000182e-01 -1.009649430819999950e-02
6.018599999999999506e-01 7.772508451610000979e-02
7.303100000000000147e-01 1.909715082443000089e-01
8.667200000000000459e-01 3.444107619350999516e-01
1.008510000000000018e+00 5.504547853558000581e-01
1.152349999999999985e+00 8.318464499443000149e-01
1.297679999999999945e+00 1.244577568008899959e+00
1.445030000000000037e+00 1.924082026499799980e+00
1.593760000000000066e+00 3.157007693642200241e+00
1.733940000000000037e+00 5.241917139296999650e+00
1.886800000000000033e+00 8.149081622582000861e+00
2.025879999999999903e+00 1.053014751758810164e+01
2.241870000000000029e+00 1.307951032237980016e+01
2.369860000000000078e+00 1.319250850354760018e+01
2.495940000000000047e+00 1.279250584078990016e+01
2.620929999999999982e+00 1.217578999558990027e+01
2.745429999999999815e+00 1.158262079810589995e+01
2.870179999999999954e+00 1.113113911676430057e+01
2.995999999999999996e+00 1.083752232183780073e+01
3.130479999999999929e+00 1.077108775575509902e+01
3.263809999999999878e+00 1.075781148509120122e+01
