504.5
173.4
169.5
169.0
175.1
177.6
174.6
168.9
169.9
176.4
176.7
175.1
181.8
171.0
177.2
180.1
171.0
177.0
178.4
166.3
177.2
176.3
170.8
178.9
217.4
167.2
176.0
174.9
174.6
174.8
176.2
163.0
170.8
171.5
178.0
170.2
165.2
171.1
177.0
176.1
164.2
170.8
153.6
177.6
177.1
176.9
219.1
170.2
157.9
159.8
159.3
161.8
175.0
171.2
177.1
169.1
171.2
175.4
165.6
175.7
178.8
171.1
171.1
178.3
177.4
163.9
171.0
173.7
211.0
157.8
158.1
152.9
158.9
154.9
160.4
152.7
176.2
170.8
176.6
176.2
178.3
178.0
170.6
176.6
177.8
172.4
178.3
171.2
171.7
177.5
220.3
157.8
152.0
160.0
158.8
161.0
153.5
179.6
178.5
177.9
178.0
179.6
193.0
178.0
171.9
179.2
165.6
172.4
175.0
215.6
153.3
158.4
152.6
160.2
159.6
161.6
167.6
177.1
166.4
167.4
189.0
208.6
147.0
152.4
159.2
159.8
154.0
161.4
176.5
171.2
178.2
212.2
194.0
209.9
158.9
157.7
158.1
158.7
155.4
159.5
175.3
178.1
178.8
195.0
172.3
194.7
211.0
160.0
152.2
153.6
154.5
155.5
154.1
160.2
175.6
178.7
194.3
173.0
199.7
219.4
206.5
133.0
176.7
173.9
183.5
167.5
161.3
157.4
