RMS Grad   Target
1.2753E-03 3.0000E-04
1.0240E-03 3.0000E-04
1.0116E-03 3.0000E-04
1.6618E-03 3.0000E-04
6.8045E-04 3.0000E-04
5.3767E-04 3.0000E-04
5.8166E-04 3.0000E-04
7.2945E-04 3.0000E-04
1.0583E-03 3.0000E-04
3.8947E-04 3.0000E-04
2.6342E-04 3.0000E-04
2.4344E-04 3.0000E-04
5.5196E-04 3.0000E-04
2.2118E-04 3.0000E-04
2.0095E-04 3.0000E-04
2.4074E-04 3.0000E-04
2.7724E-04 3.0000E-04
5.2932E-04 3.0000E-04
1.5544E-04 3.0000E-04
1.3752E-04 3.0000E-04
1.6876E-04 3.0000E-04
4.2560E-04 3.0000E-04
1.0423E-04 3.0000E-04
7.3556E-05 3.0000E-04
7.3556E-05 3.0000E-04
