RMS Grad   Target
2.9804E-03 2.0000E-04
2.6450E-03 2.0000E-04
6.4561E-04 2.0000E-04
4.4632E-04 2.0000E-04
3.8722E-04 2.0000E-04
4.4790E-04 2.0000E-04
2.1094E-04 2.0000E-04
1.5103E-04 2.0000E-04
1.4685E-04 2.0000E-04
2.6887E-04 2.0000E-04
1.0590E-04 2.0000E-04
9.5685E-05 2.0000E-04
1.2056E-04 2.0000E-04
2.1238E-04 2.0000E-04
1.0703E-04 2.0000E-04
7.7236E-05 2.0000E-04
9.4127E-05 2.0000E-04
1.5887E-04 2.0000E-04
8.7852E-05 2.0000E-04
7.3920E-05 2.0000E-04
8.7521E-05 2.0000E-04
1.5306E-04 2.0000E-04
6.1977E-05 2.0000E-04
5.5703E-05 2.0000E-04
6.8938E-05 2.0000E-04
9.0478E-05 2.0000E-04
7.9257E-05 2.0000E-04
4.2727E-05 2.0000E-04
4.3865E-05 2.0000E-04
5.2250E-05 2.0000E-04
5.6668E-05 2.0000E-04
4.3467E-05 2.0000E-04
4.8814E-05 2.0000E-04
5.8156E-05 2.0000E-04
7.3241E-05 2.0000E-04
3.4621E-05 2.0000E-04
3.4639E-05 2.0000E-04
4.0820E-05 2.0000E-04
6.7990E-05 2.0000E-04
3.8604E-05 2.0000E-04
4.0534E-05 2.0000E-04
4.4295E-05 2.0000E-04
1.0787E-04 2.0000E-04
3.4466E-05 2.0000E-04
2.8208E-05 2.0000E-04
3.9725E-05 2.0000E-04
4.2324E-05 2.0000E-04
9.0876E-05 2.0000E-04
2.6166E-05 2.0000E-04
2.3295E-05 2.0000E-04
3.4842E-05 2.0000E-04
5.0372E-05 2.0000E-04
3.0412E-05 2.0000E-04
2.4003E-05 2.0000E-04
3.4064E-05 2.0000E-04
3.3975E-05 2.0000E-04
2.6246E-05 2.0000E-04
2.3291E-05 2.0000E-04
2.3766E-05 2.0000E-04
2.7501E-05 2.0000E-04
3.7168E-05 2.0000E-04
2.2271E-05 2.0000E-04
2.4198E-05 2.0000E-04
2.8228E-05 2.0000E-04
5.6334E-05 2.0000E-04
2.3717E-05 2.0000E-04
2.0844E-05 2.0000E-04
2.3405E-05 2.0000E-04
2.5541E-05 2.0000E-04
3.7580E-05 2.0000E-04
2.0351E-05 2.0000E-04
2.1574E-05 2.0000E-04
2.5942E-05 2.0000E-04
4.3826E-05 2.0000E-04
1.9616E-05 2.0000E-04
2.0132E-05 2.0000E-04
2.4951E-05 2.0000E-04
3.0477E-05 2.0000E-04
3.6984E-05 2.0000E-04
1.7764E-05 2.0000E-04
1.7291E-05 2.0000E-04
