0.000000000000000000e+00 0.000000000000000000e+00
1.346999999999999864e-01 1.209524852518000099e-01
3.960899999999999976e-01 1.732408021930000042e-01
5.242099999999999538e-01 2.921445960616000370e-01
6.773400000000000531e-01 6.003420018594000096e-01
8.503800000000000248e-01 1.054470265159400011e+00
1.024250000000000105e+00 1.733416868149300072e+00
1.190949999999999953e+00 2.842456068959499760e+00
1.351420000000000066e+00 4.686408082700700639e+00
1.503770000000000051e+00 7.266521275777500399e+00
1.645310000000000050e+00 1.005701407745780074e+01
1.781269999999999909e+00 1.269420366939849920e+01
1.917079999999999895e+00 1.503420556369730043e+01
2.056189999999999962e+00 1.674439179766299901e+01
2.194360000000000088e+00 1.773335169199490124e+01
2.329740000000000144e+00 1.773043440265389847e+01
2.471849999999999881e+00 1.689587705107869908e+01
2.613579999999999792e+00 1.570831520181340046e+01
2.751689999999999969e+00 1.466679785193020180e+01
3.086679999999999868e+00 1.312315451459330085e+01
3.153929999999999900e+00 1.282181772744340087e+01
3.303910000000000124e+00 1.262373534996200064e+01
3.425199999999999800e+00 1.243722586996399926e+01
3.538269999999999804e+00 1.218661408658360124e+01
