Max Step   Target
8.5307E-03 1.8000E-03
2.6881E-02 1.8000E-03
4.2171E-02 1.8000E-03
3.0228E-02 1.8000E-03
5.7695E-03 1.8000E-03
1.0855E-02 1.8000E-03
1.3133E-02 1.8000E-03
9.1244E-03 1.8000E-03
1.2145E-02 1.8000E-03
1.0594E-02 1.8000E-03
2.0997E-02 1.8000E-03
5.6695E-03 1.8000E-03
3.2628E-03 1.8000E-03
6.4445E-03 1.8000E-03
1.3787E-02 1.8000E-03
1.3874E-02 1.8000E-03
9.9767E-03 1.8000E-03
8.5638E-03 1.8000E-03
2.0945E-03 1.8000E-03
2.2729E-03 1.8000E-03
3.1519E-03 1.8000E-03
3.8626E-03 1.8000E-03
1.4845E-03 1.8000E-03
1.5904E-03 1.8000E-03
1.4557E-03 1.8000E-03
2.9023E-03 1.8000E-03
2.8821E-03 1.8000E-03
1.1454E-03 1.8000E-03
2.9959E-04 1.8000E-03
2.9959E-04 1.8000E-03
