RMS Grad   Target
9.7982E-04 3.0000E-04
9.9331E-04 3.0000E-04
1.1676E-03 3.0000E-04
1.7265E-03 3.0000E-04
1.2396E-03 3.0000E-04
7.6507E-04 3.0000E-04
5.1616E-04 3.0000E-04
9.2105E-04 3.0000E-04
5.1084E-04 3.0000E-04
4.3032E-04 3.0000E-04
5.1538E-04 3.0000E-04
1.0361E-03 3.0000E-04
3.5739E-04 3.0000E-04
3.0917E-04 3.0000E-04
4.1016E-04 3.0000E-04
6.5624E-04 3.0000E-04
4.2957E-04 3.0000E-04
2.8728E-04 3.0000E-04
3.6837E-04 3.0000E-04
1.8911E-04 3.0000E-04
1.3961E-04 3.0000E-04
1.3769E-04 3.0000E-04
2.1017E-04 3.0000E-04
1.0431E-04 3.0000E-04
9.2737E-05 3.0000E-04
1.0180E-04 3.0000E-04
1.1504E-04 3.0000E-04
1.6953E-04 3.0000E-04
4.3712E-05 3.0000E-04
3.8617E-05 3.0000E-04
3.8617E-05 3.0000E-04
