514.0
123.1
154.8
116.6
155.4
172.7
171.8
121.7
123.1
124.7
117.5
156.1
124.6
123.7
124.2
122.7
123.5
121.6
122.1
154.7
122.7
124.6
123.5
122.1
123.2
124.0
123.5
122.8
123.7
122.3
124.0
123.3
122.1
123.5
123.2
123.4
124.8
121.9
123.4
123.6
106.2
155.0
122.6
107.9
123.4
123.6
106.7
121.8
123.6
123.1
125.3
124.6
105.8
123.4
123.8
124.1
105.8
122.0
124.4
123.0
122.6
122.6
123.7
123.9
123.7
123.8
124.3
106.8
123.8
123.1
122.4
123.0
123.3
106.9
122.5
107.2
122.6
124.1
123.9
124.1
107.4
122.0
123.3
546.8
149.9
140.2
141.9
144.7
142.7
131.4
142.7
149.4
134.3
146.2
147.9
144.4
137.6
151.4
139.4
140.8
145.3
143.0
147.3
128.1
142.8
142.3
135.4
137.5
143.3
148.5
129.9
142.4
130.6
150.2
132.3
118.9
147.3
140.2
137.7
150.4
132.3
118.7
144.7
143.0
133.0
138.9
147.8
130.1
127.3
163.5
145.7
145.7
117.9
132.0
152.5
132.3
119.5
151.2
149.4
136.2
128.1
150.8
151.9
114.8
133.2
170.8
120.7
135.0
150.0
132.4
129.8
146.7
127.1
149.1
115.2
122.4
126.2
117.8
118.3
139.6
143.5
132.4
139.3
143.6
127.0
141.7
118.8
134.6
144.8
125.2
124.4
144.2
126.4
117.6
124.3
167.3
132.2
136.7
125.5
133.9
133.9
130.3
133.4
126.3
151.9
128.5
143.0
131.8
119.6
128.1
144.5
127.0
121.3
128.5
129.8
159.5
110.8
132.3
136.2
133.1
122.4
125.1
126.1
133.0
122.0
131.9
135.0
131.7
154.6
120.4
124.1
119.8
114.9
129.7
126.0
132.0
121.8
130.7
125.1
128.7
120.1
129.5
128.1
129.9
120.9
130.1
135.8
126.7
121.7
168.8
135.7
125.5
132.2
133.7
131.7
115.1
130.9
127.4
134.0
115.2
125.1
133.6
118.6
124.2
132.3
126.1
122.9
117.2
128.0
135.7
131.6
122.4
130.7
132.7
118.1
120.1
129.7
134.5
120.9
115.7
132.2
131.8
133.4
117.0
124.7
126.4
132.5
123.6
124.9
125.0
134.0
113.3
132.9
133.4
132.4
120.6
129.2
133.1
147.8
121.8
119.8
