RMS Grad   Target
7.0308E-04 3.0000E-03
6.7475E-04 3.0000E-03
4.3040E-04 3.0000E-03
3.2852E-04 3.0000E-03
2.1392E-04 3.0000E-03
1.6348E-04 3.0000E-03
2.0577E-04 3.0000E-03
1.8234E-04 3.0000E-03
1.3864E-04 3.0000E-03
1.2346E-04 3.0000E-03
1.2862E-04 3.0000E-03
2.5709E-04 3.0000E-03
1.6239E-04 3.0000E-03
2.2097E-04 3.0000E-03
8.4427E-05 3.0000E-03
6.9131E-05 3.0000E-03
1.0943E-04 3.0000E-03
2.0027E-04 3.0000E-03
1.9175E-04 3.0000E-03
7.5178E-05 3.0000E-03
5.7242E-05 3.0000E-03
6.5282E-05 3.0000E-03
9.3429E-05 3.0000E-03
6.9647E-05 3.0000E-03
5.8885E-05 3.0000E-03
8.5257E-05 3.0000E-03
7.9447E-05 3.0000E-03
4.3749E-05 3.0000E-03
3.6629E-05 3.0000E-03
4.2169E-05 3.0000E-03
