RMS Grad   Target
9.5657E-04 3.0000E-03
9.2971E-04 3.0000E-03
6.3634E-04 3.0000E-03
4.8762E-04 3.0000E-03
3.5928E-04 3.0000E-03
3.4373E-04 3.0000E-03
6.7052E-04 3.0000E-03
1.9894E-04 3.0000E-03
1.9436E-04 3.0000E-03
1.6389E-04 3.0000E-03
1.2929E-04 3.0000E-03
3.6302E-04 3.0000E-03
2.2191E-04 3.0000E-03
1.1715E-04 3.0000E-03
8.5512E-05 3.0000E-03
1.3798E-04 3.0000E-03
1.9076E-04 3.0000E-03
1.0988E-04 3.0000E-03
8.1359E-05 3.0000E-03
1.1930E-04 3.0000E-03
1.7870E-04 3.0000E-03
9.0207E-05 3.0000E-03
6.5132E-05 3.0000E-03
7.7385E-05 3.0000E-03
1.0466E-04 3.0000E-03
2.0079E-04 3.0000E-03
6.7192E-05 3.0000E-03
4.7171E-05 3.0000E-03
5.8473E-05 3.0000E-03
7.1199E-05 3.0000E-03
9.7554E-05 3.0000E-03
4.3401E-05 3.0000E-03
4.3915E-05 3.0000E-03
5.3710E-05 3.0000E-03
