RMS Step   Target
5.7307E-05 1.2000E-02
2.9868E-03 1.2000E-02
8.7124E-04 1.2000E-02
1.1056E-03 1.2000E-02
1.9979E-03 1.2000E-02
1.9032E-03 1.2000E-02
5.4101E-04 1.2000E-02
0.0000E+00 1.2000E-02
1.6193E-04 1.2000E-02
2.8653E-04 1.2000E-02
1.5222E-03 1.2000E-02
6.2964E-04 1.2000E-02
2.4747E-04 1.2000E-02
3.1237E-04 1.2000E-02
1.0517E-03 1.2000E-02
1.1859E-03 1.2000E-02
1.2543E-03 1.2000E-02
2.3401E-04 1.2000E-02
6.8816E-04 1.2000E-02
8.3135E-04 1.2000E-02
4.4062E-04 1.2000E-02
4.7949E-04 1.2000E-02
2.9178E-04 1.2000E-02
8.1405E-04 1.2000E-02
1.1322E-03 1.2000E-02
2.4944E-04 1.2000E-02
1.4775E-04 1.2000E-02
2.5417E-04 1.2000E-02
5.0834E-04 1.2000E-02
8.8244E-04 1.2000E-02
1.5606E-04 1.2000E-02
2.2433E-04 1.2000E-02
3.6267E-04 1.2000E-02
