Energy     Target
1.7243E-02 6.6667E-07
1.5141E-01 6.6667E-07
2.3545E-01 6.6667E-07
2.1012E-01 6.6667E-07
1.4601E-01 6.6667E-07
1.0545E-01 6.6667E-07
8.1637E-02 6.6667E-07
6.8277E-02 6.6667E-07
5.9905E-02 6.6667E-07
5.5676E-02 6.6667E-07
5.2025E-02 6.6667E-07
5.0128E-02 6.6667E-07
4.7654E-02 6.6667E-07
4.6337E-02 6.6667E-07
4.4505E-02 6.6667E-07
4.1811E-02 6.6667E-07
4.0958E-02 6.6667E-07
3.8409E-02 6.6667E-07
3.7067E-02 6.6667E-07
3.5358E-02 6.6667E-07
3.3146E-02 6.6667E-07
3.1851E-02 6.6667E-07
2.9963E-02 6.6667E-07
2.8310E-02 6.6667E-07
2.6858E-02 6.6667E-07
2.5345E-02 6.6667E-07
2.3873E-02 6.6667E-07
2.2641E-02 6.6667E-07
2.1450E-02 6.6667E-07
2.0231E-02 6.6667E-07
1.9174E-02 6.6667E-07
1.8389E-02 6.6667E-07
1.7272E-02 6.6667E-07
1.6608E-02 6.6667E-07
1.5844E-02 6.6667E-07
1.5175E-02 6.6667E-07
1.4652E-02 6.6667E-07
1.4228E-02 6.6667E-07
1.3755E-02 6.6667E-07
1.3478E-02 6.6667E-07
1.3154E-02 6.6667E-07
1.2868E-02 6.6667E-07
1.2621E-02 6.6667E-07
1.2378E-02 6.6667E-07
1.1940E-02 6.6667E-07
1.1943E-02 6.6667E-07
1.1489E-02 6.6667E-07
1.1592E-02 6.6667E-07
1.1373E-02 6.6667E-07
1.1393E-02 6.6667E-07
1.1292E-02 6.6667E-07
1.1316E-02 6.6667E-07
1.1445E-02 6.6667E-07
1.1226E-02 6.6667E-07
1.1572E-02 6.6667E-07
1.0998E-02 6.6667E-07
1.1535E-02 6.6667E-07
1.0930E-02 6.6667E-07
1.1425E-02 6.6667E-07
1.0789E-02 6.6667E-07
1.1217E-02 6.6667E-07
1.0611E-02 6.6667E-07
1.1167E-02 6.6667E-07
1.0445E-02 6.6667E-07
1.0883E-02 6.6667E-07
1.0301E-02 6.6667E-07
1.0632E-02 6.6667E-07
9.9820E-03 6.6667E-07
1.0209E-02 6.6667E-07
9.5565E-03 6.6667E-07
9.8985E-03 6.6667E-07
9.1655E-03 6.6667E-07
9.5362E-03 6.6667E-07
8.8185E-03 6.6667E-07
9.4754E-03 6.6667E-07
8.2440E-03 6.6667E-07
9.4379E-03 6.6667E-07
7.8930E-03 6.6667E-07
9.3327E-03 6.6667E-07
8.1358E-03 6.6667E-07
8.9593E-03 6.6667E-07
8.0436E-03 6.6667E-07
8.2845E-03 6.6667E-07
7.5374E-03 6.6667E-07
7.7818E-03 6.6667E-07
7.1964E-03 6.6667E-07
7.4636E-03 6.6667E-07
6.8021E-03 6.6667E-07
7.1674E-03 6.6667E-07
6.5645E-03 6.6667E-07
6.9611E-03 6.6667E-07
6.1869E-03 6.6667E-07
6.7702E-03 6.6667E-07
5.8480E-03 6.6667E-07
6.4131E-03 6.6667E-07
5.7021E-03 6.6667E-07
6.1208E-03 6.6667E-07
5.5691E-03 6.6667E-07
6.0661E-03 6.6667E-07
5.4289E-03 6.6667E-07
6.0441E-03 6.6667E-07
5.5358E-03 6.6667E-07
6.3142E-03 6.6667E-07
5.3948E-03 6.6667E-07
6.9850E-03 6.6667E-07
5.5320E-03 6.6667E-07
7.0251E-03 6.6667E-07
5.9376E-03 6.6667E-07
6.7371E-03 6.6667E-07
5.8152E-03 6.6667E-07
6.2967E-03 6.6667E-07
5.4433E-03 6.6667E-07
5.7254E-03 6.6667E-07
5.1136E-03 6.6667E-07
5.0589E-03 6.6667E-07
4.8493E-03 6.6667E-07
4.6971E-03 6.6667E-07
4.5550E-03 6.6667E-07
4.5379E-03 6.6667E-07
4.5770E-03 6.6667E-07
4.0529E-03 6.6667E-07
4.7278E-03 6.6667E-07
3.6439E-03 6.6667E-07
4.2901E-03 6.6667E-07
3.7165E-03 6.6667E-07
4.1029E-03 6.6667E-07
3.6210E-03 6.6667E-07
4.3577E-03 6.6667E-07
3.8975E-03 6.6667E-07
4.8705E-03 6.6667E-07
4.3612E-03 6.6667E-07
5.2472E-03 6.6667E-07
4.6462E-03 6.6667E-07
5.4133E-03 6.6667E-07
4.1757E-03 6.6667E-07
5.1633E-03 6.6667E-07
3.6144E-03 6.6667E-07
4.6299E-03 6.6667E-07
3.3339E-03 6.6667E-07
4.6504E-03 6.6667E-07
3.6352E-03 6.6667E-07
4.7254E-03 6.6667E-07
3.9966E-03 6.6667E-07
4.4461E-03 6.6667E-07
4.0376E-03 6.6667E-07
4.2721E-03 6.6667E-07
3.8109E-03 6.6667E-07
4.0154E-03 6.6667E-07
3.8001E-03 6.6667E-07
3.7306E-03 6.6667E-07
3.8679E-03 6.6667E-07
3.4662E-03 6.6667E-07
3.9832E-03 6.6667E-07
3.1254E-03 6.6667E-07
4.0795E-03 6.6667E-07
3.2085E-03 6.6667E-07
4.3279E-03 6.6667E-07
2.8081E-03 6.6667E-07
4.5778E-03 6.6667E-07
3.6614E-03 6.6667E-07
3.1877E-03 6.6667E-07
2.9963E-03 6.6667E-07
3.2014E-03 6.6667E-07
2.6064E-03 6.6667E-07
3.1806E-03 6.6667E-07
2.9054E-03 6.6667E-07
3.2569E-03 6.6667E-07
3.0467E-03 6.6667E-07
3.1924E-03 6.6667E-07
2.2124E-03 6.6667E-07
2.9352E-03 6.6667E-07
1.7418E-03 6.6667E-07
2.4036E-03 6.6667E-07
2.0392E-03 6.6667E-07
2.5687E-03 6.6667E-07
2.4524E-03 6.6667E-07
2.3740E-03 6.6667E-07
2.3782E-03 6.6667E-07
2.0423E-03 6.6667E-07
2.0780E-03 6.6667E-07
2.0983E-03 6.6667E-07
2.5085E-03 6.6667E-07
2.8464E-03 6.6667E-07
2.1681E-03 6.6667E-07
1.5336E-03 6.6667E-07
1.7991E-03 6.6667E-07
1.4462E-03 6.6667E-07
1.7362E-03 6.6667E-07
1.7001E-03 6.6667E-07
1.6653E-03 6.6667E-07
1.8943E-03 6.6667E-07
1.9888E-03 6.6667E-07
1.8425E-03 6.6667E-07
1.8386E-03 6.6667E-07
1.7657E-03 6.6667E-07
1.6341E-03 6.6667E-07
1.7473E-03 6.6667E-07
1.6436E-03 6.6667E-07
1.4638E-03 6.6667E-07
1.2918E-03 6.6667E-07
1.2237E-03 6.6667E-07
1.2646E-03 6.6667E-07
1.3386E-03 6.6667E-07
1.4084E-03 6.6667E-07
1.5189E-03 6.6667E-07
1.5335E-03 6.6667E-07
1.6153E-03 6.6667E-07
1.4995E-03 6.6667E-07
1.7240E-03 6.6667E-07
1.4949E-03 6.6667E-07
1.8702E-03 6.6667E-07
1.8897E-03 6.6667E-07
2.4940E-03 6.6667E-07
1.5485E-03 6.6667E-07
2.2143E-03 6.6667E-07
1.8268E-03 6.6667E-07
1.9167E-03 6.6667E-07
1.3983E-03 6.6667E-07
1.3304E-03 6.6667E-07
1.4087E-03 6.6667E-07
1.5308E-03 6.6667E-07
1.5799E-03 6.6667E-07
1.6120E-03 6.6667E-07
1.8286E-03 6.6667E-07
1.4214E-03 6.6667E-07
1.2973E-03 6.6667E-07
1.0412E-03 6.6667E-07
1.2936E-03 6.6667E-07
1.4511E-03 6.6667E-07
1.4569E-03 6.6667E-07
1.1680E-03 6.6667E-07
1.2643E-03 6.6667E-07
1.2026E-03 6.6667E-07
1.7673E-03 6.6667E-07
1.4077E-03 6.6667E-07
1.7325E-03 6.6667E-07
1.8272E-03 6.6667E-07
1.5732E-03 6.6667E-07
1.6412E-03 6.6667E-07
1.4886E-03 6.6667E-07
1.7512E-03 6.6667E-07
1.6333E-03 6.6667E-07
1.8003E-03 6.6667E-07
1.4607E-03 6.6667E-07
1.8613E-03 6.6667E-07
1.0066E-03 6.6667E-07
1.7449E-03 6.6667E-07
1.2948E-03 6.6667E-07
1.9679E-03 6.6667E-07
1.5683E-03 6.6667E-07
1.6429E-03 6.6667E-07
1.0719E-03 6.6667E-07
1.6366E-03 6.6667E-07
1.0163E-03 6.6667E-07
1.3447E-03 6.6667E-07
1.7250E-03 6.6667E-07
8.2042E-04 6.6667E-07
1.5305E-03 6.6667E-07
1.1878E-03 6.6667E-07
1.2622E-03 6.6667E-07
1.0864E-03 6.6667E-07
1.1390E-03 6.6667E-07
1.1977E-03 6.6667E-07
1.2551E-03 6.6667E-07
9.9439E-04 6.6667E-07
1.0687E-03 6.6667E-07
1.0113E-03 6.6667E-07
1.0273E-03 6.6667E-07
9.3122E-04 6.6667E-07
1.3083E-03 6.6667E-07
1.2106E-03 6.6667E-07
1.3520E-03 6.6667E-07
1.0282E-03 6.6667E-07
1.2144E-03 6.6667E-07
7.2389E-04 6.6667E-07
1.2432E-03 6.6667E-07
9.5271E-04 6.6667E-07
9.1583E-04 6.6667E-07
1.2076E-03 6.6667E-07
1.0915E-03 6.6667E-07
1.2861E-03 6.6667E-07
1.3786E-03 6.6667E-07
1.1034E-03 6.6667E-07
1.1121E-03 6.6667E-07
1.0814E-03 6.6667E-07
1.1265E-03 6.6667E-07
1.1870E-03 6.6667E-07
1.1096E-03 6.6667E-07
1.2654E-03 6.6667E-07
1.4023E-03 6.6667E-07
1.0050E-03 6.6667E-07
1.3635E-03 6.6667E-07
1.1197E-03 6.6667E-07
1.3622E-03 6.6667E-07
8.8849E-04 6.6667E-07
1.3827E-03 6.6667E-07
1.1315E-03 6.6667E-07
1.0473E-03 6.6667E-07
1.1252E-03 6.6667E-07
1.1101E-03 6.6667E-07
1.2112E-03 6.6667E-07
1.0895E-03 6.6667E-07
1.0537E-03 6.6667E-07
1.0411E-03 6.6667E-07
1.1814E-03 6.6667E-07
9.3192E-04 6.6667E-07
1.0140E-03 6.6667E-07
1.0563E-03 6.6667E-07
9.7618E-04 6.6667E-07
1.2653E-03 6.6667E-07
1.2815E-03 6.6667E-07
1.2324E-03 6.6667E-07
1.1844E-03 6.6667E-07
1.1177E-03 6.6667E-07
1.0698E-03 6.6667E-07
1.1112E-03 6.6667E-07
1.0059E-03 6.6667E-07
1.0111E-03 6.6667E-07
1.0502E-03 6.6667E-07
1.0083E-03 6.6667E-07
1.0495E-03 6.6667E-07
1.0849E-03 6.6667E-07
1.0901E-03 6.6667E-07
1.1100E-03 6.6667E-07
1.1646E-03 6.6667E-07
9.5230E-04 6.6667E-07
9.2467E-04 6.6667E-07
1.2395E-03 6.6667E-07
8.1438E-04 6.6667E-07
9.2366E-04 6.6667E-07
1.3862E-03 6.6667E-07
9.8737E-04 6.6667E-07
1.2134E-03 6.6667E-07
1.4323E-03 6.6667E-07
1.2723E-03 6.6667E-07
9.9595E-04 6.6667E-07
1.5433E-03 6.6667E-07
9.2588E-04 6.6667E-07
1.4574E-03 6.6667E-07
1.1656E-03 6.6667E-07
8.8997E-04 6.6667E-07
1.2582E-03 6.6667E-07
1.4020E-03 6.6667E-07
1.1228E-03 6.6667E-07
1.1184E-03 6.6667E-07
1.2091E-03 6.6667E-07
1.1917E-03 6.6667E-07
1.4171E-03 6.6667E-07
1.2344E-03 6.6667E-07
1.3247E-03 6.6667E-07
1.4623E-03 6.6667E-07
1.1513E-03 6.6667E-07
1.2701E-03 6.6667E-07
1.4929E-03 6.6667E-07
9.8029E-04 6.6667E-07
1.2492E-03 6.6667E-07
1.1948E-03 6.6667E-07
1.2789E-03 6.6667E-07
1.0571E-03 6.6667E-07
1.0960E-03 6.6667E-07
1.1147E-03 6.6667E-07
9.8372E-04 6.6667E-07
1.3255E-03 6.6667E-07
1.1486E-03 6.6667E-07
1.1730E-03 6.6667E-07
9.1794E-04 6.6667E-07
1.1071E-03 6.6667E-07
1.0785E-03 6.6667E-07
9.8403E-04 6.6667E-07
9.3724E-04 6.6667E-07
9.2727E-04 6.6667E-07
1.0817E-03 6.6667E-07
1.0222E-03 6.6667E-07
1.1040E-03 6.6667E-07
1.0682E-03 6.6667E-07
8.6830E-04 6.6667E-07
9.4816E-04 6.6667E-07
9.7231E-04 6.6667E-07
8.2047E-04 6.6667E-07
7.5787E-04 6.6667E-07
8.3207E-04 6.6667E-07
8.1990E-04 6.6667E-07
7.1511E-04 6.6667E-07
7.2113E-04 6.6667E-07
7.4924E-04 6.6667E-07
8.5976E-04 6.6667E-07
8.3230E-04 6.6667E-07
6.1983E-04 6.6667E-07
5.4883E-04 6.6667E-07
7.9310E-04 6.6667E-07
4.4189E-04 6.6667E-07
5.0403E-04 6.6667E-07
4.4322E-04 6.6667E-07
4.6643E-04 6.6667E-07
3.8825E-04 6.6667E-07
7.7247E-04 6.6667E-07
5.3012E-04 6.6667E-07
7.9738E-04 6.6667E-07
6.5631E-04 6.6667E-07
6.7375E-04 6.6667E-07
6.3040E-04 6.6667E-07
6.2690E-04 6.6667E-07
6.9458E-04 6.6667E-07
5.9727E-04 6.6667E-07
5.9854E-04 6.6667E-07
5.5578E-04 6.6667E-07
6.6812E-04 6.6667E-07
6.1567E-04 6.6667E-07
4.9009E-04 6.6667E-07
5.3335E-04 6.6667E-07
7.2976E-04 6.6667E-07
5.6791E-04 6.6667E-07
4.9367E-04 6.6667E-07
8.9843E-04 6.6667E-07
5.8195E-04 6.6667E-07
6.8594E-04 6.6667E-07
6.6350E-04 6.6667E-07
5.5006E-04 6.6667E-07
5.3681E-04 6.6667E-07
6.1547E-04 6.6667E-07
1.0622E-03 6.6667E-07
3.1705E-04 6.6667E-07
6.7666E-04 6.6667E-07
5.9962E-04 6.6667E-07
5.7748E-04 6.6667E-07
8.0042E-04 6.6667E-07
7.3275E-04 6.6667E-07
6.4494E-04 6.6667E-07
6.8751E-04 6.6667E-07
5.0743E-04 6.6667E-07
6.4189E-04 6.6667E-07
7.7312E-04 6.6667E-07
4.4104E-04 6.6667E-07
8.1416E-04 6.6667E-07
3.8229E-04 6.6667E-07
5.8300E-04 6.6667E-07
4.0303E-04 6.6667E-07
4.4081E-04 6.6667E-07
4.2785E-04 6.6667E-07
6.0120E-04 6.6667E-07
3.7826E-04 6.6667E-07
3.9436E-04 6.6667E-07
3.9576E-04 6.6667E-07
5.3230E-04 6.6667E-07
5.1292E-04 6.6667E-07
4.2201E-04 6.6667E-07
4.5284E-04 6.6667E-07
5.2837E-04 6.6667E-07
5.0857E-04 6.6667E-07
3.7676E-04 6.6667E-07
5.3012E-04 6.6667E-07
5.7375E-04 6.6667E-07
5.2398E-04 6.6667E-07
4.5103E-04 6.6667E-07
5.0926E-04 6.6667E-07
5.1836E-04 6.6667E-07
4.4234E-04 6.6667E-07
4.0273E-04 6.6667E-07
3.8393E-04 6.6667E-07
3.7276E-04 6.6667E-07
3.4508E-04 6.6667E-07
3.0375E-04 6.6667E-07
3.4059E-04 6.6667E-07
3.9019E-04 6.6667E-07
3.4891E-04 6.6667E-07
3.3042E-04 6.6667E-07
3.5446E-04 6.6667E-07
3.1875E-04 6.6667E-07
3.3671E-04 6.6667E-07
4.0437E-04 6.6667E-07
3.0067E-04 6.6667E-07
3.1015E-04 6.6667E-07
4.3605E-04 6.6667E-07
3.5155E-04 6.6667E-07
3.0799E-04 6.6667E-07
4.6104E-04 6.6667E-07
1.7342E-04 6.6667E-07
3.4993E-04 6.6667E-07
3.7140E-04 6.6667E-07
3.1136E-04 6.6667E-07
4.2087E-04 6.6667E-07
4.7462E-04 6.6667E-07
3.3920E-04 6.6667E-07
3.8064E-04 6.6667E-07
3.7177E-04 6.6667E-07
4.2654E-04 6.6667E-07
4.3748E-04 6.6667E-07
3.3170E-04 6.6667E-07
3.4126E-04 6.6667E-07
4.0528E-04 6.6667E-07
3.2012E-04 6.6667E-07
3.9881E-04 6.6667E-07
4.5389E-04 6.6667E-07
4.6659E-04 6.6667E-07
3.1823E-04 6.6667E-07
3.9073E-04 6.6667E-07
3.2354E-04 6.6667E-07
4.0090E-04 6.6667E-07
3.6881E-04 6.6667E-07
2.7720E-04 6.6667E-07
4.4030E-04 6.6667E-07
4.3902E-04 6.6667E-07
4.1402E-04 6.6667E-07
3.6520E-04 6.6667E-07
4.0721E-04 6.6667E-07
3.8609E-04 6.6667E-07
3.7704E-04 6.6667E-07
3.9879E-04 6.6667E-07
3.9179E-04 6.6667E-07
3.5577E-04 6.6667E-07
3.8044E-04 6.6667E-07
4.1297E-04 6.6667E-07
5.0006E-04 6.6667E-07
5.1165E-04 6.6667E-07
5.1363E-04 6.6667E-07
5.0633E-04 6.6667E-07
5.8781E-04 6.6667E-07
4.9741E-04 6.6667E-07
5.2239E-04 6.6667E-07
5.0568E-04 6.6667E-07
4.2319E-04 6.6667E-07
5.2181E-04 6.6667E-07
6.8067E-04 6.6667E-07
5.2783E-04 6.6667E-07
4.9408E-04 6.6667E-07
4.8998E-04 6.6667E-07
4.3763E-04 6.6667E-07
5.8778E-04 6.6667E-07
5.1272E-04 6.6667E-07
4.5944E-04 6.6667E-07
4.5968E-04 6.6667E-07
4.0591E-04 6.6667E-07
4.5148E-04 6.6667E-07
3.2969E-04 6.6667E-07
3.3195E-04 6.6667E-07
4.2964E-04 6.6667E-07
5.0270E-04 6.6667E-07
3.6464E-04 6.6667E-07
3.2905E-04 6.6667E-07
4.8841E-04 6.6667E-07
3.2129E-04 6.6667E-07
3.4336E-04 6.6667E-07
6.0855E-04 6.6667E-07
2.3400E-04 6.6667E-07
3.1485E-04 6.6667E-07
4.7298E-04 6.6667E-07
3.5430E-04 6.6667E-07
4.9672E-04 6.6667E-07
5.4009E-04 6.6667E-07
5.0246E-04 6.6667E-07
5.3039E-04 6.6667E-07
5.3963E-04 6.6667E-07
6.8231E-04 6.6667E-07
6.5839E-04 6.6667E-07
6.5147E-04 6.6667E-07
6.3052E-04 6.6667E-07
7.7160E-04 6.6667E-07
9.2026E-04 6.6667E-07
8.4370E-04 6.6667E-07
1.0236E-03 6.6667E-07
6.4817E-04 6.6667E-07
8.6800E-04 6.6667E-07
8.3427E-04 6.6667E-07
1.0403E-03 6.6667E-07
7.6184E-04 6.6667E-07
8.2879E-04 6.6667E-07
6.8025E-04 6.6667E-07
5.9352E-04 6.6667E-07
5.2790E-04 6.6667E-07
4.6674E-04 6.6667E-07
3.7674E-04 6.6667E-07
3.7265E-04 6.6667E-07
5.2078E-04 6.6667E-07
2.9354E-04 6.6667E-07
4.4294E-04 6.6667E-07
3.6589E-04 6.6667E-07
3.2756E-04 6.6667E-07
3.6261E-04 6.6667E-07
5.4305E-04 6.6667E-07
3.4475E-04 6.6667E-07
4.0929E-04 6.6667E-07
4.9635E-04 6.6667E-07
6.1270E-04 6.6667E-07
5.0324E-04 6.6667E-07
4.7105E-04 6.6667E-07
3.7512E-04 6.6667E-07
4.1656E-04 6.6667E-07
3.7853E-04 6.6667E-07
3.0120E-04 6.6667E-07
3.3121E-04 6.6667E-07
3.7008E-04 6.6667E-07
2.2152E-04 6.6667E-07
2.3590E-04 6.6667E-07
2.9065E-04 6.6667E-07
2.1129E-04 6.6667E-07
2.7484E-04 6.6667E-07
2.3005E-04 6.6667E-07
2.1144E-04 6.6667E-07
2.1790E-04 6.6667E-07
2.5466E-04 6.6667E-07
2.3951E-04 6.6667E-07
2.3958E-04 6.6667E-07
2.1666E-04 6.6667E-07
2.4325E-04 6.6667E-07
2.2352E-04 6.6667E-07
2.4748E-04 6.6667E-07
1.6405E-04 6.6667E-07
2.5192E-04 6.6667E-07
2.1046E-04 6.6667E-07
2.2611E-04 6.6667E-07
2.0573E-04 6.6667E-07
1.9647E-04 6.6667E-07
2.2718E-04 6.6667E-07
2.1355E-04 6.6667E-07
1.6973E-04 6.6667E-07
1.8015E-04 6.6667E-07
1.8440E-04 6.6667E-07
1.9682E-04 6.6667E-07
1.7851E-04 6.6667E-07
1.2920E-04 6.6667E-07
1.9841E-04 6.6667E-07
1.8759E-04 6.6667E-07
1.6441E-04 6.6667E-07
1.6934E-04 6.6667E-07
1.8776E-04 6.6667E-07
1.8711E-04 6.6667E-07
2.0362E-04 6.6667E-07
2.2726E-04 6.6667E-07
2.4352E-04 6.6667E-07
2.0441E-04 6.6667E-07
1.9950E-04 6.6667E-07
1.5459E-04 6.6667E-07
1.7182E-04 6.6667E-07
1.9314E-04 6.6667E-07
1.5530E-04 6.6667E-07
1.7687E-04 6.6667E-07
2.2709E-04 6.6667E-07
1.8826E-04 6.6667E-07
1.7005E-04 6.6667E-07
1.5993E-04 6.6667E-07
1.4991E-04 6.6667E-07
1.9110E-04 6.6667E-07
1.9731E-04 6.6667E-07
1.4674E-04 6.6667E-07
1.6358E-04 6.6667E-07
1.7145E-04 6.6667E-07
2.1157E-04 6.6667E-07
1.9959E-04 6.6667E-07
1.6449E-04 6.6667E-07
1.4128E-04 6.6667E-07
3.2839E-04 6.6667E-07
1.4079E-04 6.6667E-07
1.6313E-04 6.6667E-07
1.7123E-04 6.6667E-07
2.2768E-04 6.6667E-07
2.9017E-04 6.6667E-07
1.6474E-04 6.6667E-07
3.1351E-04 6.6667E-07
3.9416E-04 6.6667E-07
3.3685E-04 6.6667E-07
2.4086E-04 6.6667E-07
3.7973E-04 6.6667E-07
4.1196E-04 6.6667E-07
3.1771E-04 6.6667E-07
3.6205E-04 6.6667E-07
4.7930E-04 6.6667E-07
2.9754E-04 6.6667E-07
2.7156E-04 6.6667E-07
2.3305E-04 6.6667E-07
1.6043E-04 6.6667E-07
2.6550E-04 6.6667E-07
2.2427E-04 6.6667E-07
2.6770E-04 6.6667E-07
3.1916E-04 6.6667E-07
3.5303E-04 6.6667E-07
2.7898E-04 6.6667E-07
3.4503E-04 6.6667E-07
2.3281E-04 6.6667E-07
2.7148E-04 6.6667E-07
3.7802E-04 6.6667E-07
2.2745E-04 6.6667E-07
4.0306E-04 6.6667E-07
4.3095E-04 6.6667E-07
4.0389E-04 6.6667E-07
3.4633E-04 6.6667E-07
3.5880E-04 6.6667E-07
3.9629E-04 6.6667E-07
3.5905E-04 6.6667E-07
3.7014E-04 6.6667E-07
3.1318E-04 6.6667E-07
5.2370E-04 6.6667E-07
4.0884E-04 6.6667E-07
4.3698E-04 6.6667E-07
3.8915E-04 6.6667E-07
3.6383E-04 6.6667E-07
4.4466E-04 6.6667E-07
3.6112E-04 6.6667E-07
3.2643E-04 6.6667E-07
3.1584E-04 6.6667E-07
3.6552E-04 6.6667E-07
3.6426E-04 6.6667E-07
2.7621E-04 6.6667E-07
2.0846E-04 6.6667E-07
3.5684E-04 6.6667E-07
1.2889E-04 6.6667E-07
1.8155E-04 6.6667E-07
1.5203E-04 6.6667E-07
1.0030E-04 6.6667E-07
1.2691E-04 6.6667E-07
1.9454E-04 6.6667E-07
9.6523E-05 6.6667E-07
9.0874E-05 6.6667E-07
1.4139E-04 6.6667E-07
8.0944E-05 6.6667E-07
1.0504E-04 6.6667E-07
9.7349E-05 6.6667E-07
8.9686E-05 6.6667E-07
6.2797E-05 6.6667E-07
9.5417E-05 6.6667E-07
7.2933E-05 6.6667E-07
6.0483E-05 6.6667E-07
9.7640E-05 6.6667E-07
6.6151E-05 6.6667E-07
9.7247E-05 6.6667E-07
7.9372E-05 6.6667E-07
8.3016E-05 6.6667E-07
6.8997E-05 6.6667E-07
7.8942E-05 6.6667E-07
7.8585E-05 6.6667E-07
7.0618E-05 6.6667E-07
7.1643E-05 6.6667E-07
5.8389E-05 6.6667E-07
8.5054E-05 6.6667E-07
6.8053E-05 6.6667E-07
6.1327E-05 6.6667E-07
6.9361E-05 6.6667E-07
5.8432E-05 6.6667E-07
5.9978E-05 6.6667E-07
6.7622E-05 6.6667E-07
5.3881E-05 6.6667E-07
7.8923E-05 6.6667E-07
6.2458E-05 6.6667E-07
5.8797E-05 6.6667E-07
6.7065E-05 6.6667E-07
5.6581E-05 6.6667E-07
6.1201E-05 6.6667E-07
6.5763E-05 6.6667E-07
5.1015E-05 6.6667E-07
7.5949E-05 6.6667E-07
6.7241E-05 6.6667E-07
6.5881E-05 6.6667E-07
5.9749E-05 6.6667E-07
6.3703E-05 6.6667E-07
6.7612E-05 6.6667E-07
7.5693E-05 6.6667E-07
6.1332E-05 6.6667E-07
6.2565E-05 6.6667E-07
7.2886E-05 6.6667E-07
4.8954E-05 6.6667E-07
5.4614E-05 6.6667E-07
6.7296E-05 6.6667E-07
4.9927E-05 6.6667E-07
4.8240E-05 6.6667E-07
5.5269E-05 6.6667E-07
5.0531E-05 6.6667E-07
2.7138E-05 6.6667E-07
5.9553E-05 6.6667E-07
1.6470E-05 6.6667E-07
4.7050E-05 6.6667E-07
2.7328E-05 6.6667E-07
2.8965E-05 6.6667E-07
3.7499E-05 6.6667E-07
4.7632E-05 6.6667E-07
3.4579E-05 6.6667E-07
4.1910E-05 6.6667E-07
3.1149E-05 6.6667E-07
3.2190E-05 6.6667E-07
5.0427E-05 6.6667E-07
2.7382E-05 6.6667E-07
3.9069E-05 6.6667E-07
2.8801E-05 6.6667E-07
4.0169E-05 6.6667E-07
2.0220E-05 6.6667E-07
3.8772E-05 6.6667E-07
3.7619E-05 6.6667E-07
4.4606E-05 6.6667E-07
3.4070E-05 6.6667E-07
2.9312E-05 6.6667E-07
2.9571E-05 6.6667E-07
3.5706E-05 6.6667E-07
4.1853E-05 6.6667E-07
3.3988E-05 6.6667E-07
2.9605E-05 6.6667E-07
4.6118E-05 6.6667E-07
3.0928E-05 6.6667E-07
3.2306E-05 6.6667E-07
5.5536E-05 6.6667E-07
3.3016E-05 6.6667E-07
4.6215E-05 6.6667E-07
5.2320E-05 6.6667E-07
5.7715E-05 6.6667E-07
4.1598E-05 6.6667E-07
6.9270E-05 6.6667E-07
2.9968E-05 6.6667E-07
8.2777E-05 6.6667E-07
6.5806E-05 6.6667E-07
6.7208E-05 6.6667E-07
1.1900E-04 6.6667E-07
1.0197E-04 6.6667E-07
1.1366E-04 6.6667E-07
5.3837E-05 6.6667E-07
7.4024E-05 6.6667E-07
9.7915E-05 6.6667E-07
2.0293E-04 6.6667E-07
1.3344E-04 6.6667E-07
1.4687E-04 6.6667E-07
1.2477E-04 6.6667E-07
1.0058E-04 6.6667E-07
1.1249E-04 6.6667E-07
1.5281E-04 6.6667E-07
1.7211E-04 6.6667E-07
7.5400E-05 6.6667E-07
7.6431E-05 6.6667E-07
1.9195E-04 6.6667E-07
7.8093E-05 6.6667E-07
1.3366E-04 6.6667E-07
1.4865E-04 6.6667E-07
1.8003E-04 6.6667E-07
1.1134E-04 6.6667E-07
1.3724E-04 6.6667E-07
1.5299E-04 6.6667E-07
1.1922E-04 6.6667E-07
7.3560E-05 6.6667E-07
7.2365E-05 6.6667E-07
7.8766E-05 6.6667E-07
7.8916E-05 6.6667E-07
1.0533E-04 6.6667E-07
6.3074E-05 6.6667E-07
1.0348E-04 6.6667E-07
6.9657E-05 6.6667E-07
6.9256E-05 6.6667E-07
1.0932E-04 6.6667E-07
5.5520E-05 6.6667E-07
9.5538E-05 6.6667E-07
4.0406E-05 6.6667E-07
5.3743E-05 6.6667E-07
6.9246E-05 6.6667E-07
7.8310E-05 6.6667E-07
6.1933E-05 6.6667E-07
2.9496E-05 6.6667E-07
8.5226E-05 6.6667E-07
4.5738E-05 6.6667E-07
6.3973E-05 6.6667E-07
6.8481E-05 6.6667E-07
4.7136E-05 6.6667E-07
6.8173E-05 6.6667E-07
7.4669E-05 6.6667E-07
5.2028E-05 6.6667E-07
8.2395E-05 6.6667E-07
4.9309E-05 6.6667E-07
5.1325E-05 6.6667E-07
8.7699E-05 6.6667E-07
4.1948E-05 6.6667E-07
6.8342E-05 6.6667E-07
6.6031E-05 6.6667E-07
1.0382E-04 6.6667E-07
3.7680E-05 6.6667E-07
9.3043E-05 6.6667E-07
4.2718E-05 6.6667E-07
9.2121E-05 6.6667E-07
6.1845E-05 6.6667E-07
6.6009E-05 6.6667E-07
1.1103E-04 6.6667E-07
5.9337E-05 6.6667E-07
9.5215E-05 6.6667E-07
5.8711E-05 6.6667E-07
6.9542E-05 6.6667E-07
1.0187E-04 6.6667E-07
9.1201E-05 6.6667E-07
6.6476E-05 6.6667E-07
5.4145E-05 6.6667E-07
6.3080E-05 6.6667E-07
7.7638E-05 6.6667E-07
9.7014E-05 6.6667E-07
5.3083E-05 6.6667E-07
7.9679E-05 6.6667E-07
8.8737E-05 6.6667E-07
5.9707E-05 6.6667E-07
7.1345E-05 6.6667E-07
9.7886E-05 6.6667E-07
6.8894E-05 6.6667E-07
5.5527E-05 6.6667E-07
7.5984E-05 6.6667E-07
9.2205E-05 6.6667E-07
8.5051E-05 6.6667E-07
7.1663E-05 6.6667E-07
7.9019E-05 6.6667E-07
8.2404E-05 6.6667E-07
5.9108E-05 6.6667E-07
6.3008E-05 6.6667E-07
7.6279E-05 6.6667E-07
5.4795E-05 6.6667E-07
5.1755E-05 6.6667E-07
8.6527E-05 6.6667E-07
5.5119E-05 6.6667E-07
5.1537E-05 6.6667E-07
8.6237E-05 6.6667E-07
5.2140E-05 6.6667E-07
8.7191E-05 6.6667E-07
4.9522E-05 6.6667E-07
9.6720E-05 6.6667E-07
5.4359E-05 6.6667E-07
7.8151E-05 6.6667E-07
1.0147E-04 6.6667E-07
1.1430E-04 6.6667E-07
8.7116E-05 6.6667E-07
1.1532E-04 6.6667E-07
7.5875E-05 6.6667E-07
8.0048E-05 6.6667E-07
1.3142E-04 6.6667E-07
4.6444E-05 6.6667E-07
6.0929E-05 6.6667E-07
8.7336E-05 6.6667E-07
4.7736E-05 6.6667E-07
6.2911E-05 6.6667E-07
9.5776E-05 6.6667E-07
5.0823E-05 6.6667E-07
7.8807E-05 6.6667E-07
5.1362E-05 6.6667E-07
3.7867E-05 6.6667E-07
5.6512E-05 6.6667E-07
3.6473E-05 6.6667E-07
4.3322E-05 6.6667E-07
4.2738E-05 6.6667E-07
3.0607E-05 6.6667E-07
3.9138E-05 6.6667E-07
3.6210E-05 6.6667E-07
2.9281E-05 6.6667E-07
3.4048E-05 6.6667E-07
2.5752E-05 6.6667E-07
3.3931E-05 6.6667E-07
2.5102E-05 6.6667E-07
2.5586E-05 6.6667E-07
2.9298E-05 6.6667E-07
3.7345E-05 6.6667E-07
2.3071E-05 6.6667E-07
2.8231E-05 6.6667E-07
2.4093E-05 6.6667E-07
3.1869E-05 6.6667E-07
3.0414E-05 6.6667E-07
2.2764E-05 6.6667E-07
3.2972E-05 6.6667E-07
3.3880E-05 6.6667E-07
2.6262E-05 6.6667E-07
3.6774E-05 6.6667E-07
3.1016E-05 6.6667E-07
3.8316E-05 6.6667E-07
4.8469E-05 6.6667E-07
2.9708E-05 6.6667E-07
3.5788E-05 6.6667E-07
5.7978E-05 6.6667E-07
4.5236E-05 6.6667E-07
3.8990E-05 6.6667E-07
6.8707E-05 6.6667E-07
5.1997E-05 6.6667E-07
6.8931E-05 6.6667E-07
8.3212E-05 6.6667E-07
6.4295E-05 6.6667E-07
7.4603E-05 6.6667E-07
1.1100E-04 6.6667E-07
9.1917E-05 6.6667E-07
1.3081E-04 6.6667E-07
1.1656E-04 6.6667E-07
7.3790E-05 6.6667E-07
1.1515E-04 6.6667E-07
1.1901E-04 6.6667E-07
1.4041E-04 6.6667E-07
1.3357E-04 6.6667E-07
1.9021E-04 6.6667E-07
1.1785E-04 6.6667E-07
1.3554E-04 6.6667E-07
1.3848E-04 6.6667E-07
2.1498E-04 6.6667E-07
1.5396E-04 6.6667E-07
2.4797E-04 6.6667E-07
1.1498E-04 6.6667E-07
1.8505E-04 6.6667E-07
1.2009E-04 6.6667E-07
1.3042E-04 6.6667E-07
1.3522E-04 6.6667E-07
1.4573E-04 6.6667E-07
1.3231E-04 6.6667E-07
1.2533E-04 6.6667E-07
1.3958E-04 6.6667E-07
1.2861E-04 6.6667E-07
9.7202E-05 6.6667E-07
1.2336E-04 6.6667E-07
7.3603E-05 6.6667E-07
1.1250E-04 6.6667E-07
8.6707E-05 6.6667E-07
7.3713E-05 6.6667E-07
9.3066E-05 6.6667E-07
1.3334E-04 6.6667E-07
7.1665E-05 6.6667E-07
9.4367E-05 6.6667E-07
6.5915E-05 6.6667E-07
8.5938E-05 6.6667E-07
9.2049E-05 6.6667E-07
6.3007E-05 6.6667E-07
5.8728E-05 6.6667E-07
1.3408E-04 6.6667E-07
4.9716E-05 6.6667E-07
7.3807E-05 6.6667E-07
7.3595E-05 6.6667E-07
1.0109E-04 6.6667E-07
9.5122E-05 6.6667E-07
7.8866E-05 6.6667E-07
8.9783E-05 6.6667E-07
1.0103E-04 6.6667E-07
8.9641E-05 6.6667E-07
7.2429E-05 6.6667E-07
8.0451E-05 6.6667E-07
1.0627E-04 6.6667E-07
1.1861E-04 6.6667E-07
1.1549E-04 6.6667E-07
9.6717E-05 6.6667E-07
2.1081E-04 6.6667E-07
5.3581E-06 6.6667E-07
1.6878E-04 6.6667E-07
2.8711E-06 6.6667E-07
1.8416E-04 6.6667E-07
1.0897E-04 6.6667E-07
1.8837E-04 6.6667E-07
6.9394E-05 6.6667E-07
2.6185E-04 6.6667E-07
1.2751E-04 6.6667E-07
1.3093E-04 6.6667E-07
1.3742E-04 6.6667E-07
1.7567E-04 6.6667E-07
1.6598E-04 6.6667E-07
1.5665E-04 6.6667E-07
1.1811E-04 6.6667E-07
1.2451E-04 6.6667E-07
8.8057E-05 6.6667E-07
9.5594E-05 6.6667E-07
9.8185E-05 6.6667E-07
1.0488E-04 6.6667E-07
7.1891E-05 6.6667E-07
6.4600E-05 6.6667E-07
7.2270E-05 6.6667E-07
6.5340E-05 6.6667E-07
5.2602E-05 6.6667E-07
4.4804E-05 6.6667E-07
5.5624E-05 6.6667E-07
4.5142E-05 6.6667E-07
4.7588E-05 6.6667E-07
4.2854E-05 6.6667E-07
3.5363E-05 6.6667E-07
4.5143E-05 6.6667E-07
4.3260E-05 6.6667E-07
4.2283E-05 6.6667E-07
4.2043E-05 6.6667E-07
5.1356E-05 6.6667E-07
5.1184E-05 6.6667E-07
5.8275E-05 6.6667E-07
4.5834E-05 6.6667E-07
5.2797E-05 6.6667E-07
7.5406E-05 6.6667E-07
6.1589E-05 6.6667E-07
6.0942E-05 6.6667E-07
8.9492E-05 6.6667E-07
6.0319E-05 6.6667E-07
6.9801E-05 6.6667E-07
1.0676E-04 6.6667E-07
6.2595E-05 6.6667E-07
8.0612E-05 6.6667E-07
9.5264E-05 6.6667E-07
1.1305E-04 6.6667E-07
6.5205E-05 6.6667E-07
9.7591E-05 6.6667E-07
8.5052E-05 6.6667E-07
8.3242E-05 6.6667E-07
9.3136E-05 6.6667E-07
7.9923E-05 6.6667E-07
9.5766E-05 6.6667E-07
7.2764E-05 6.6667E-07
7.5674E-05 6.6667E-07
7.9733E-05 6.6667E-07
8.5908E-05 6.6667E-07
9.8434E-05 6.6667E-07
9.6795E-05 6.6667E-07
8.3882E-05 6.6667E-07
9.6269E-05 6.6667E-07
1.4319E-04 6.6667E-07
1.1869E-04 6.6667E-07
1.3068E-04 6.6667E-07
1.6398E-04 6.6667E-07
1.0341E-04 6.6667E-07
1.7140E-04 6.6667E-07
2.5981E-04 6.6667E-07
1.8060E-04 6.6667E-07
3.1232E-04 6.6667E-07
2.5128E-04 6.6667E-07
2.3902E-04 6.6667E-07
2.2379E-04 6.6667E-07
1.6530E-04 6.6667E-07
2.6131E-04 6.6667E-07
2.4258E-04 6.6667E-07
1.9886E-04 6.6667E-07
1.9535E-04 6.6667E-07
2.1358E-04 6.6667E-07
1.8990E-04 6.6667E-07
1.6550E-04 6.6667E-07
3.1480E-05 6.6667E-07
3.2924E-04 6.6667E-07
8.9618E-05 6.6667E-07
1.4770E-04 6.6667E-07
1.5255E-04 6.6667E-07
1.6816E-04 6.6667E-07
1.1733E-04 6.6667E-07
1.2974E-04 6.6667E-07
1.0143E-04 6.6667E-07
1.4041E-04 6.6667E-07
1.2597E-04 6.6667E-07
8.9477E-05 6.6667E-07
1.3170E-04 6.6667E-07
1.0157E-04 6.6667E-07
1.1253E-04 6.6667E-07
8.3841E-05 6.6667E-07
9.9809E-05 6.6667E-07
5.1788E-05 6.6667E-07
1.2345E-04 6.6667E-07
6.2111E-05 6.6667E-07
6.7559E-05 6.6667E-07
9.7537E-05 6.6667E-07
5.7242E-05 6.6667E-07
8.7936E-05 6.6667E-07
4.0238E-05 6.6667E-07
5.4364E-05 6.6667E-07
4.2044E-05 6.6667E-07
7.4765E-05 6.6667E-07
4.1372E-05 6.6667E-07
4.4377E-05 6.6667E-07
4.0461E-05 6.6667E-07
5.8916E-05 6.6667E-07
3.5491E-05 6.6667E-07
3.4098E-05 6.6667E-07
4.9828E-05 6.6667E-07
5.2716E-05 6.6667E-07
3.8617E-05 6.6667E-07
4.5197E-05 6.6667E-07
3.1191E-05 6.6667E-07
3.6551E-05 6.6667E-07
4.7161E-05 6.6667E-07
2.9829E-05 6.6667E-07
1.9040E-05 6.6667E-07
4.3621E-05 6.6667E-07
1.9380E-05 6.6667E-07
2.4154E-05 6.6667E-07
3.6181E-05 6.6667E-07
1.8846E-05 6.6667E-07
1.5974E-05 6.6667E-07
3.2525E-05 6.6667E-07
1.4702E-05 6.6667E-07
1.6510E-05 6.6667E-07
2.4135E-05 6.6667E-07
1.3259E-05 6.6667E-07
1.7199E-05 6.6667E-07
2.1104E-05 6.6667E-07
2.3104E-05 6.6667E-07
1.1168E-05 6.6667E-07
2.4714E-05 6.6667E-07
4.6386E-07 6.6667E-07
2.5534E-05 6.6667E-07
1.0196E-05 6.6667E-07
1.5059E-05 6.6667E-07
1.9484E-05 6.6667E-07
1.2812E-05 6.6667E-07
2.4060E-05 6.6667E-07
1.3373E-05 6.6667E-07
1.8133E-05 6.6667E-07
1.0855E-05 6.6667E-07
2.2589E-05 6.6667E-07
1.4991E-05 6.6667E-07
1.4350E-05 6.6667E-07
1.7710E-05 6.6667E-07
2.2543E-05 6.6667E-07
2.4345E-05 6.6667E-07
2.0482E-05 6.6667E-07
2.3664E-05 6.6667E-07
2.4506E-05 6.6667E-07
3.0983E-05 6.6667E-07
2.4032E-05 6.6667E-07
1.9397E-05 6.6667E-07
4.1046E-05 6.6667E-07
1.5496E-05 6.6667E-07
2.7556E-05 6.6667E-07
2.9256E-05 6.6667E-07
2.4567E-05 6.6667E-07
4.3551E-05 6.6667E-07
4.0769E-05 6.6667E-07
3.9636E-05 6.6667E-07
3.8930E-05 6.6667E-07
3.7918E-05 6.6667E-07
4.7178E-05 6.6667E-07
4.8770E-05 6.6667E-07
4.3647E-05 6.6667E-07
4.6419E-05 6.6667E-07
4.1557E-05 6.6667E-07
4.9159E-05 6.6667E-07
4.2329E-05 6.6667E-07
6.6890E-05 6.6667E-07
4.5232E-05 6.6667E-07
5.4141E-05 6.6667E-07
5.1722E-05 6.6667E-07
3.4979E-05 6.6667E-07
5.1400E-05 6.6667E-07
6.1164E-05 6.6667E-07
4.7289E-05 6.6667E-07
3.7384E-05 6.6667E-07
7.6664E-05 6.6667E-07
2.8411E-05 6.6667E-07
4.2232E-05 6.6667E-07
3.7136E-05 6.6667E-07
3.3775E-05 6.6667E-07
5.5386E-05 6.6667E-07
2.4474E-05 6.6667E-07
5.9772E-05 6.6667E-07
2.3936E-05 6.6667E-07
3.6298E-05 6.6667E-07
4.9085E-05 6.6667E-07
4.2578E-05 6.6667E-07
3.6107E-05 6.6667E-07
3.2940E-05 6.6667E-07
2.9022E-05 6.6667E-07
3.8942E-05 6.6667E-07
4.8079E-05 6.6667E-07
2.8208E-05 6.6667E-07
4.6138E-05 6.6667E-07
5.8998E-05 6.6667E-07
5.1937E-05 6.6667E-07
3.8251E-05 6.6667E-07
4.3835E-05 6.6667E-07
4.0639E-05 6.6667E-07
5.4565E-05 6.6667E-07
6.5297E-05 6.6667E-07
4.8835E-05 6.6667E-07
6.2387E-05 6.6667E-07
7.5232E-05 6.6667E-07
6.1939E-05 6.6667E-07
4.6028E-05 6.6667E-07
7.4616E-05 6.6667E-07
4.6001E-05 6.6667E-07
4.8266E-05 6.6667E-07
6.5287E-05 6.6667E-07
5.3691E-05 6.6667E-07
6.4906E-05 6.6667E-07
5.5223E-05 6.6667E-07
4.1291E-05 6.6667E-07
4.0615E-05 6.6667E-07
4.0339E-05 6.6667E-07
4.8829E-05 6.6667E-07
4.0029E-05 6.6667E-07
3.5134E-05 6.6667E-07
3.4227E-05 6.6667E-07
3.9513E-05 6.6667E-07
3.2433E-05 6.6667E-07
3.3641E-05 6.6667E-07
3.1588E-05 6.6667E-07
2.5312E-05 6.6667E-07
3.3833E-05 6.6667E-07
2.5757E-05 6.6667E-07
2.2326E-05 6.6667E-07
3.5067E-05 6.6667E-07
2.1972E-05 6.6667E-07
3.0853E-05 6.6667E-07
2.5247E-05 6.6667E-07
2.7905E-05 6.6667E-07
1.6631E-05 6.6667E-07
3.0328E-05 6.6667E-07
7.8628E-06 6.6667E-07
3.2353E-05 6.6667E-07
1.7284E-05 6.6667E-07
2.2596E-05 6.6667E-07
3.0930E-05 6.6667E-07
6.3022E-06 6.6667E-07
4.8137E-05 6.6667E-07
1.6164E-05 6.6667E-07
2.3484E-05 6.6667E-07
2.6017E-05 6.6667E-07
3.2397E-05 6.6667E-07
3.7970E-05 6.6667E-07
2.5169E-05 6.6667E-07
3.6469E-05 6.6667E-07
4.2821E-05 6.6667E-07
4.3504E-05 6.6667E-07
3.3693E-05 6.6667E-07
5.1345E-05 6.6667E-07
3.1308E-05 6.6667E-07
4.7260E-05 6.6667E-07
4.3374E-05 6.6667E-07
4.1278E-05 6.6667E-07
3.6851E-05 6.6667E-07
7.2594E-05 6.6667E-07
5.1470E-05 6.6667E-07
5.2216E-05 6.6667E-07
6.3191E-05 6.6667E-07
6.1266E-05 6.6667E-07
6.9061E-05 6.6667E-07
7.6092E-05 6.6667E-07
3.9882E-05 6.6667E-07
5.7151E-05 6.6667E-07
6.3505E-05 6.6667E-07
5.2123E-05 6.6667E-07
6.6527E-05 6.6667E-07
7.3157E-05 6.6667E-07
6.1576E-05 6.6667E-07
5.3431E-05 6.6667E-07
5.8223E-05 6.6667E-07
6.4313E-05 6.6667E-07
6.2080E-05 6.6667E-07
4.1302E-05 6.6667E-07
4.6726E-05 6.6667E-07
5.5348E-05 6.6667E-07
8.1218E-05 6.6667E-07
5.4602E-05 6.6667E-07
8.0315E-05 6.6667E-07
6.3850E-05 6.6667E-07
7.2268E-05 6.6667E-07
5.2444E-05 6.6667E-07
6.6195E-05 6.6667E-07
7.2526E-05 6.6667E-07
7.4759E-05 6.6667E-07
8.3613E-05 6.6667E-07
6.4902E-05 6.6667E-07
7.3078E-05 6.6667E-07
8.0913E-05 6.6667E-07
6.6331E-05 6.6667E-07
7.0048E-05 6.6667E-07
6.1934E-05 6.6667E-07
6.5170E-05 6.6667E-07
4.9395E-05 6.6667E-07
6.5882E-05 6.6667E-07
5.7836E-05 6.6667E-07
5.9100E-05 6.6667E-07
7.9716E-05 6.6667E-07
5.0867E-05 6.6667E-07
5.2707E-05 6.6667E-07
3.0883E-05 6.6667E-07
6.6223E-05 6.6667E-07
3.2793E-05 6.6667E-07
3.6192E-05 6.6667E-07
4.7573E-05 6.6667E-07
4.8115E-05 6.6667E-07
2.8867E-05 6.6667E-07
2.8092E-05 6.6667E-07
2.9081E-05 6.6667E-07
3.5624E-05 6.6667E-07
2.4852E-05 6.6667E-07
2.2067E-05 6.6667E-07
2.0804E-05 6.6667E-07
1.8914E-05 6.6667E-07
1.7837E-05 6.6667E-07
1.4407E-05 6.6667E-07
1.7122E-05 6.6667E-07
9.0432E-06 6.6667E-07
1.9783E-05 6.6667E-07
9.0829E-06 6.6667E-07
1.2414E-05 6.6667E-07
1.4217E-05 6.6667E-07
1.5831E-05 6.6667E-07
9.8979E-06 6.6667E-07
1.2127E-05 6.6667E-07
1.0330E-05 6.6667E-07
1.1323E-05 6.6667E-07
1.4089E-05 6.6667E-07
7.7684E-06 6.6667E-07
1.0403E-05 6.6667E-07
1.0186E-05 6.6667E-07
1.4528E-05 6.6667E-07
6.2704E-06 6.6667E-07
1.3262E-05 6.6667E-07
2.1386E-07 6.6667E-07
1.6816E-05 6.6667E-07
6.8126E-06 6.6667E-07
9.6637E-06 6.6667E-07
1.2390E-05 6.6667E-07
9.0425E-06 6.6667E-07
1.7519E-05 6.6667E-07
1.0549E-05 6.6667E-07
1.3599E-05 6.6667E-07
7.9520E-06 6.6667E-07
1.4792E-05 6.6667E-07
1.2126E-05 6.6667E-07
1.0842E-05 6.6667E-07
2.1318E-05 6.6667E-07
1.3568E-05 6.6667E-07
1.6889E-05 6.6667E-07
1.2450E-05 6.6667E-07
1.5130E-05 6.6667E-07
1.3288E-05 6.6667E-07
2.4288E-05 6.6667E-07
1.5008E-05 6.6667E-07
1.6478E-05 6.6667E-07
2.5054E-05 6.6667E-07
2.6955E-05 6.6667E-07
2.4209E-05 6.6667E-07
3.0482E-05 6.6667E-07
2.2223E-05 6.6667E-07
3.6529E-05 6.6667E-07
4.2327E-05 6.6667E-07
4.4957E-05 6.6667E-07
3.4104E-05 6.6667E-07
5.6433E-05 6.6667E-07
5.6544E-05 6.6667E-07
3.9920E-05 6.6667E-07
9.4805E-05 6.6667E-07
4.4226E-05 6.6667E-07
6.9346E-05 6.6667E-07
8.5352E-05 6.6667E-07
6.7137E-05 6.6667E-07
1.0145E-04 6.6667E-07
1.2314E-04 6.6667E-07
1.2371E-04 6.6667E-07
1.1247E-04 6.6667E-07
1.1274E-04 6.6667E-07
9.0623E-05 6.6667E-07
1.1905E-04 6.6667E-07
1.2696E-04 6.6667E-07
9.5742E-05 6.6667E-07
9.5130E-05 6.6667E-07
1.2970E-04 6.6667E-07
1.2042E-04 6.6667E-07
1.1861E-04 6.6667E-07
8.7659E-05 6.6667E-07
1.1254E-04 6.6667E-07
1.1908E-04 6.6667E-07
1.0362E-04 6.6667E-07
1.3132E-04 6.6667E-07
7.0704E-05 6.6667E-07
1.2406E-04 6.6667E-07
1.2756E-04 6.6667E-07
8.7955E-05 6.6667E-07
1.4378E-04 6.6667E-07
1.2729E-04 6.6667E-07
1.2915E-04 6.6667E-07
1.1500E-04 6.6667E-07
1.0035E-04 6.6667E-07
1.1301E-04 6.6667E-07
1.2347E-04 6.6667E-07
8.3804E-05 6.6667E-07
7.0870E-05 6.6667E-07
8.0000E-05 6.6667E-07
1.0882E-04 6.6667E-07
8.1001E-05 6.6667E-07
8.2563E-05 6.6667E-07
6.5461E-05 6.6667E-07
6.3986E-05 6.6667E-07
5.7504E-05 6.6667E-07
5.9543E-05 6.6667E-07
5.8362E-05 6.6667E-07
4.1807E-05 6.6667E-07
5.5044E-05 6.6667E-07
6.0042E-05 6.6667E-07
4.9591E-05 6.6667E-07
3.7107E-05 6.6667E-07
6.8221E-05 6.6667E-07
3.6157E-05 6.6667E-07
4.4690E-05 6.6667E-07
4.7620E-05 6.6667E-07
3.6705E-05 6.6667E-07
4.8344E-05 6.6667E-07
5.8007E-05 6.6667E-07
3.4422E-05 6.6667E-07
3.9669E-05 6.6667E-07
4.4001E-05 6.6667E-07
5.1130E-05 6.6667E-07
4.4800E-05 6.6667E-07
3.2443E-05 6.6667E-07
3.0743E-05 6.6667E-07
3.9342E-05 6.6667E-07
3.0300E-05 6.6667E-07
2.3138E-05 6.6667E-07
3.7033E-05 6.6667E-07
2.2083E-05 6.6667E-07
2.1943E-05 6.6667E-07
2.9291E-05 6.6667E-07
1.9800E-05 6.6667E-07
2.7908E-05 6.6667E-07
3.0261E-05 6.6667E-07
1.6374E-05 6.6667E-07
2.5036E-05 6.6667E-07
1.4978E-05 6.6667E-07
2.6626E-05 6.6667E-07
2.1193E-05 6.6667E-07
1.7281E-05 6.6667E-07
3.5380E-05 6.6667E-07
1.3937E-05 6.6667E-07
3.3846E-05 6.6667E-07
1.7522E-05 6.6667E-07
2.3052E-05 6.6667E-07
1.9948E-05 6.6667E-07
3.3785E-05 6.6667E-07
2.1506E-05 6.6667E-07
2.2372E-05 6.6667E-07
2.5642E-05 6.6667E-07
3.3287E-05 6.6667E-07
2.8125E-05 6.6667E-07
3.1366E-05 6.6667E-07
2.4758E-05 6.6667E-07
2.2890E-05 6.6667E-07
4.4850E-05 6.6667E-07
2.1143E-05 6.6667E-07
2.2453E-05 6.6667E-07
3.9965E-05 6.6667E-07
1.9728E-05 6.6667E-07
2.8780E-05 6.6667E-07
4.6651E-05 6.6667E-07
2.1842E-05 6.6667E-07
3.5946E-05 6.6667E-07
2.3522E-05 6.6667E-07
4.1251E-05 6.6667E-07
3.6373E-05 6.6667E-07
3.0034E-05 6.6667E-07
4.6710E-05 6.6667E-07
6.1646E-05 6.6667E-07
4.7270E-05 6.6667E-07
5.5955E-05 6.6667E-07
4.6487E-05 6.6667E-07
5.9194E-05 6.6667E-07
7.5072E-05 6.6667E-07
3.9663E-05 6.6667E-07
6.7595E-05 6.6667E-07
9.5940E-05 6.6667E-07
7.2176E-05 6.6667E-07
5.9200E-05 6.6667E-07
1.1350E-04 6.6667E-07
6.0877E-05 6.6667E-07
6.5825E-05 6.6667E-07
7.3350E-05 6.6667E-07
5.8363E-05 6.6667E-07
5.8037E-05 6.6667E-07
9.0723E-05 6.6667E-07
4.4379E-05 6.6667E-07
6.0470E-05 6.6667E-07
4.9241E-05 6.6667E-07
5.8003E-05 6.6667E-07
5.2770E-05 6.6667E-07
3.7310E-05 6.6667E-07
5.9699E-05 6.6667E-07
5.9260E-05 6.6667E-07
3.8153E-05 6.6667E-07
4.8457E-05 6.6667E-07
4.3947E-05 6.6667E-07
5.2821E-05 6.6667E-07
5.0041E-05 6.6667E-07
3.9492E-05 6.6667E-07
4.1616E-05 6.6667E-07
4.9438E-05 6.6667E-07
4.0212E-05 6.6667E-07
3.7557E-05 6.6667E-07
4.4417E-05 6.6667E-07
3.9032E-05 6.6667E-07
4.2327E-05 6.6667E-07
3.9226E-05 6.6667E-07
4.4778E-05 6.6667E-07
3.4216E-05 6.6667E-07
3.1159E-05 6.6667E-07
5.6002E-05 6.6667E-07
2.9178E-05 6.6667E-07
3.2433E-05 6.6667E-07
5.0929E-05 6.6667E-07
2.9834E-05 6.6667E-07
2.2024E-05 6.6667E-07
7.5294E-05 6.6667E-07
2.4634E-05 6.6667E-07
4.2438E-05 6.6667E-07
3.0419E-05 6.6667E-07
5.0392E-05 6.6667E-07
3.4151E-05 6.6667E-07
2.7498E-05 6.6667E-07
3.3225E-05 6.6667E-07
3.8511E-05 6.6667E-07
3.2658E-05 6.6667E-07
2.5207E-05 6.6667E-07
2.6695E-05 6.6667E-07
3.0816E-05 6.6667E-07
2.3204E-05 6.6667E-07
2.2230E-05 6.6667E-07
2.4165E-05 6.6667E-07
1.7804E-05 6.6667E-07
1.8175E-05 6.6667E-07
2.1998E-05 6.6667E-07
1.4389E-05 6.6667E-07
1.4993E-05 6.6667E-07
1.9397E-05 6.6667E-07
1.2511E-05 6.6667E-07
1.9099E-05 6.6667E-07
1.6265E-05 6.6667E-07
1.6980E-05 6.6667E-07
1.4344E-05 6.6667E-07
1.5448E-05 6.6667E-07
1.5739E-05 6.6667E-07
1.3797E-05 6.6667E-07
1.4483E-05 6.6667E-07
1.3666E-05 6.6667E-07
1.4894E-05 6.6667E-07
1.4262E-05 6.6667E-07
1.4114E-05 6.6667E-07
1.3403E-05 6.6667E-07
1.6020E-05 6.6667E-07
1.4666E-05 6.6667E-07
1.5568E-05 6.6667E-07
1.5055E-05 6.6667E-07
1.5611E-05 6.6667E-07
1.6429E-05 6.6667E-07
1.8279E-05 6.6667E-07
1.8265E-05 6.6667E-07
1.6109E-05 6.6667E-07
1.8616E-05 6.6667E-07
2.1652E-05 6.6667E-07
1.9018E-05 6.6667E-07
2.1176E-05 6.6667E-07
2.5857E-05 6.6667E-07
2.7870E-05 6.6667E-07
2.8804E-05 6.6667E-07
3.4951E-05 6.6667E-07
3.9153E-05 6.6667E-07
4.9213E-05 6.6667E-07
4.3679E-05 6.6667E-07
4.2434E-05 6.6667E-07
2.2556E-05 6.6667E-07
5.2005E-05 6.6667E-07
5.1334E-05 6.6667E-07
4.7466E-05 6.6667E-07
8.8815E-05 6.6667E-07
9.3327E-05 6.6667E-07
8.1924E-05 6.6667E-07
9.2453E-05 6.6667E-07
5.5768E-05 6.6667E-07
5.1929E-05 6.6667E-07
1.3956E-04 6.6667E-07
6.5041E-05 6.6667E-07
8.2626E-05 6.6667E-07
1.4055E-04 6.6667E-07
1.3907E-04 6.6667E-07
9.2470E-05 6.6667E-07
1.3268E-04 6.6667E-07
6.7394E-05 6.6667E-07
6.9947E-05 6.6667E-07
3.1573E-05 6.6667E-07
1.0111E-04 6.6667E-07
5.7805E-05 6.6667E-07
7.6038E-05 6.6667E-07
1.1366E-04 6.6667E-07
6.0923E-05 6.6667E-07
9.5605E-05 6.6667E-07
7.5654E-05 6.6667E-07
8.6576E-05 6.6667E-07
7.4362E-05 6.6667E-07
1.1178E-04 6.6667E-07
8.4109E-05 6.6667E-07
9.4422E-05 6.6667E-07
1.1155E-04 6.6667E-07
1.3382E-04 6.6667E-07
1.3703E-04 6.6667E-07
1.1180E-04 6.6667E-07
1.4996E-04 6.6667E-07
1.4523E-04 6.6667E-07
1.6567E-04 6.6667E-07
7.5619E-05 6.6667E-07
7.7453E-05 6.6667E-07
1.0638E-04 6.6667E-07
6.9357E-05 6.6667E-07
9.6175E-05 6.6667E-07
7.7536E-05 6.6667E-07
1.0314E-04 6.6667E-07
6.6734E-05 6.6667E-07
6.4480E-05 6.6667E-07
7.0356E-05 6.6667E-07
7.3216E-05 6.6667E-07
5.0521E-05 6.6667E-07
6.8801E-05 6.6667E-07
4.8985E-05 6.6667E-07
4.8309E-05 6.6667E-07
6.5667E-05 6.6667E-07
3.2945E-05 6.6667E-07
4.8264E-05 6.6667E-07
2.5450E-05 6.6667E-07
7.4952E-05 6.6667E-07
2.4036E-05 6.6667E-07
5.0137E-05 6.6667E-07
2.7925E-05 6.6667E-07
4.9782E-05 6.6667E-07
3.2439E-05 6.6667E-07
3.5120E-05 6.6667E-07
5.6906E-05 6.6667E-07
5.7542E-05 6.6667E-07
4.9147E-05 6.6667E-07
4.6013E-05 6.6667E-07
3.9890E-05 6.6667E-07
6.6869E-05 6.6667E-07
5.4612E-05 6.6667E-07
4.0917E-05 6.6667E-07
4.7987E-05 6.6667E-07
3.3081E-05 6.6667E-07
4.8228E-05 6.6667E-07
4.3398E-05 6.6667E-07
3.3725E-05 6.6667E-07
5.3022E-05 6.6667E-07
5.2274E-05 6.6667E-07
4.7445E-05 6.6667E-07
5.8188E-05 6.6667E-07
5.0313E-05 6.6667E-07
6.3602E-05 6.6667E-07
4.1934E-05 6.6667E-07
6.4118E-05 6.6667E-07
4.8896E-05 6.6667E-07
6.3368E-05 6.6667E-07
6.3450E-05 6.6667E-07
6.4954E-05 6.6667E-07
5.9180E-05 6.6667E-07
6.9890E-05 6.6667E-07
6.7247E-05 6.6667E-07
6.8677E-05 6.6667E-07
7.2413E-05 6.6667E-07
3.4068E-05 6.6667E-07
6.0916E-05 6.6667E-07
8.9528E-05 6.6667E-07
6.1175E-05 6.6667E-07
8.2493E-05 6.6667E-07
8.6972E-05 6.6667E-07
8.8710E-05 6.6667E-07
9.6204E-05 6.6667E-07
5.4236E-05 6.6667E-07
9.7569E-05 6.6667E-07
6.9385E-05 6.6667E-07
8.7515E-05 6.6667E-07
1.0396E-04 6.6667E-07
8.8159E-05 6.6667E-07
6.5852E-05 6.6667E-07
7.4798E-05 6.6667E-07
6.4184E-05 6.6667E-07
7.9811E-05 6.6667E-07
6.4325E-05 6.6667E-07
5.4304E-05 6.6667E-07
6.2579E-05 6.6667E-07
4.0217E-05 6.6667E-07
5.6287E-05 6.6667E-07
4.7673E-05 6.6667E-07
4.4960E-05 6.6667E-07
4.3918E-05 6.6667E-07
6.7280E-05 6.6667E-07
3.4073E-05 6.6667E-07
4.7278E-05 6.6667E-07
4.0829E-05 6.6667E-07
5.1060E-05 6.6667E-07
4.2413E-05 6.6667E-07
3.6165E-05 6.6667E-07
4.4865E-05 6.6667E-07
4.6980E-05 6.6667E-07
4.4112E-05 6.6667E-07
4.7338E-05 6.6667E-07
4.2453E-05 6.6667E-07
4.4901E-05 6.6667E-07
4.1987E-05 6.6667E-07
3.2369E-05 6.6667E-07
4.9066E-05 6.6667E-07
5.0333E-05 6.6667E-07
5.0898E-05 6.6667E-07
4.7977E-05 6.6667E-07
5.9175E-05 6.6667E-07
6.2840E-05 6.6667E-07
5.5163E-05 6.6667E-07
5.0895E-05 6.6667E-07
5.5334E-05 6.6667E-07
7.2666E-05 6.6667E-07
8.4170E-05 6.6667E-07
6.0427E-05 6.6667E-07
8.0630E-05 6.6667E-07
1.1288E-04 6.6667E-07
8.1082E-05 6.6667E-07
8.4617E-05 6.6667E-07
1.1002E-04 6.6667E-07
9.6307E-05 6.6667E-07
7.7872E-05 6.6667E-07
1.0432E-04 6.6667E-07
1.3012E-04 6.6667E-07
7.9616E-05 6.6667E-07
9.9406E-05 6.6667E-07
8.3903E-05 6.6667E-07
7.0459E-05 6.6667E-07
1.0199E-04 6.6667E-07
1.1083E-04 6.6667E-07
8.8259E-05 6.6667E-07
8.3061E-05 6.6667E-07
1.0301E-04 6.6667E-07
9.2509E-05 6.6667E-07
7.0840E-05 6.6667E-07
1.0408E-04 6.6667E-07
6.0551E-05 6.6667E-07
7.8941E-05 6.6667E-07
7.7996E-05 6.6667E-07
5.6770E-05 6.6667E-07
9.2650E-05 6.6667E-07
8.2707E-05 6.6667E-07
6.6008E-05 6.6667E-07
7.0842E-05 6.6667E-07
7.7391E-05 6.6667E-07
9.2039E-05 6.6667E-07
7.4955E-05 6.6667E-07
7.3317E-05 6.6667E-07
6.3238E-05 6.6667E-07
7.5657E-05 6.6667E-07
5.8982E-05 6.6667E-07
5.3657E-05 6.6667E-07
5.6546E-05 6.6667E-07
5.3191E-05 6.6667E-07
4.8975E-05 6.6667E-07
4.2227E-05 6.6667E-07
5.2922E-05 6.6667E-07
3.9408E-05 6.6667E-07
3.7486E-05 6.6667E-07
5.6720E-05 6.6667E-07
3.0378E-05 6.6667E-07
3.7061E-05 6.6667E-07
4.9238E-05 6.6667E-07
2.9445E-05 6.6667E-07
4.5916E-05 6.6667E-07
4.1415E-05 6.6667E-07
3.8061E-05 6.6667E-07
3.2501E-05 6.6667E-07
4.1338E-05 6.6667E-07
3.7759E-05 6.6667E-07
3.0082E-05 6.6667E-07
3.4403E-05 6.6667E-07
2.7654E-05 6.6667E-07
3.3816E-05 6.6667E-07
4.4235E-05 6.6667E-07
2.9016E-05 6.6667E-07
3.4760E-05 6.6667E-07
5.9811E-05 6.6667E-07
2.8516E-05 6.6667E-07
3.0999E-05 6.6667E-07
6.2627E-05 6.6667E-07
2.7539E-05 6.6667E-07
3.9711E-05 6.6667E-07
7.3011E-05 6.6667E-07
4.3241E-05 6.6667E-07
6.0127E-05 6.6667E-07
6.1103E-05 6.6667E-07
6.9135E-05 6.6667E-07
5.6734E-05 6.6667E-07
7.4308E-05 6.6667E-07
7.4843E-05 6.6667E-07
9.1585E-05 6.6667E-07
9.2669E-05 6.6667E-07
1.0219E-04 6.6667E-07
9.5585E-05 6.6667E-07
9.1996E-05 6.6667E-07
6.0037E-05 6.6667E-07
9.6270E-05 6.6667E-07
7.9460E-05 6.6667E-07
1.1426E-04 6.6667E-07
1.3274E-04 6.6667E-07
1.2192E-04 6.6667E-07
1.0007E-04 6.6667E-07
9.6867E-05 6.6667E-07
8.6893E-05 6.6667E-07
1.2060E-04 6.6667E-07
9.7441E-05 6.6667E-07
6.4916E-05 6.6667E-07
9.7370E-05 6.6667E-07
4.3557E-05 6.6667E-07
7.3448E-05 6.6667E-07
4.7302E-05 6.6667E-07
4.4248E-05 6.6667E-07
5.3356E-05 6.6667E-07
6.1260E-05 6.6667E-07
3.8130E-05 6.6667E-07
3.8042E-05 6.6667E-07
3.1179E-05 6.6667E-07
4.4167E-05 6.6667E-07
2.3520E-05 6.6667E-07
2.6393E-05 6.6667E-07
3.1054E-05 6.6667E-07
3.3383E-05 6.6667E-07
1.9972E-05 6.6667E-07
2.7088E-05 6.6667E-07
1.7782E-05 6.6667E-07
2.1218E-05 6.6667E-07
2.1602E-05 6.6667E-07
1.2913E-05 6.6667E-07
1.7539E-05 6.6667E-07
2.5355E-05 6.6667E-07
1.0567E-05 6.6667E-07
1.7382E-05 6.6667E-07
1.1366E-05 6.6667E-07
1.7872E-05 6.6667E-07
1.2479E-05 6.6667E-07
1.0128E-05 6.6667E-07
1.5258E-05 6.6667E-07
1.5513E-05 6.6667E-07
1.0882E-05 6.6667E-07
1.5353E-05 6.6667E-07
9.2538E-06 6.6667E-07
9.9711E-06 6.6667E-07
1.4862E-05 6.6667E-07
6.8124E-06 6.6667E-07
1.3052E-05 6.6667E-07
8.8008E-06 6.6667E-07
1.3724E-05 6.6667E-07
1.0291E-05 6.6667E-07
1.0621E-05 6.6667E-07
9.1728E-06 6.6667E-07
8.2045E-06 6.6667E-07
1.1653E-05 6.6667E-07
7.3989E-06 6.6667E-07
8.9610E-06 6.6667E-07
9.3702E-06 6.6667E-07
7.6988E-06 6.6667E-07
4.9110E-06 6.6667E-07
9.8067E-06 6.6667E-07
4.1486E-06 6.6667E-07
6.0943E-06 6.6667E-07
5.4559E-06 6.6667E-07
4.4700E-06 6.6667E-07
8.3547E-06 6.6667E-07
4.3287E-06 6.6667E-07
4.6664E-06 6.6667E-07
3.2688E-06 6.6667E-07
3.8959E-06 6.6667E-07
2.8278E-06 6.6667E-07
6.3830E-06 6.6667E-07
2.7455E-06 6.6667E-07
3.2852E-06 6.6667E-07
4.7527E-06 6.6667E-07
1.3062E-06 6.6667E-07
6.3084E-06 6.6667E-07
2.0602E-06 6.6667E-07
3.4136E-06 6.6667E-07
4.7549E-06 6.6667E-07
4.1383E-06 6.6667E-07
3.8095E-06 6.6667E-07
3.5623E-06 6.6667E-07
3.1315E-06 6.6667E-07
4.5048E-06 6.6667E-07
5.8665E-06 6.6667E-07
2.9017E-06 6.6667E-07
3.9155E-06 6.6667E-07
4.1575E-06 6.6667E-07
5.0501E-06 6.6667E-07
4.7284E-06 6.6667E-07
3.8746E-06 6.6667E-07
4.8290E-06 6.6667E-07
5.4385E-06 6.6667E-07
5.8464E-06 6.6667E-07
4.1565E-06 6.6667E-07
4.0356E-06 6.6667E-07
6.9023E-06 6.6667E-07
5.3317E-06 6.6667E-07
2.8990E-06 6.6667E-07
6.6471E-06 6.6667E-07
4.0983E-06 6.6667E-07
4.5060E-06 6.6667E-07
6.6236E-06 6.6667E-07
4.0101E-06 6.6667E-07
7.9820E-06 6.6667E-07
5.4825E-06 6.6667E-07
7.2388E-06 6.6667E-07
5.3045E-06 6.6667E-07
5.3111E-06 6.6667E-07
6.6889E-06 6.6667E-07
9.2214E-06 6.6667E-07
5.7134E-06 6.6667E-07
6.8976E-06 6.6667E-07
5.1740E-06 6.6667E-07
7.9050E-06 6.6667E-07
8.0197E-06 6.6667E-07
6.3228E-06 6.6667E-07
7.1963E-06 6.6667E-07
1.0320E-05 6.6667E-07
6.8219E-06 6.6667E-07
7.1573E-06 6.6667E-07
7.2709E-06 6.6667E-07
8.5831E-06 6.6667E-07
1.3080E-05 6.6667E-07
7.3559E-06 6.6667E-07
1.0193E-05 6.6667E-07
1.2424E-05 6.6667E-07
1.7768E-05 6.6667E-07
8.0039E-06 6.6667E-07
1.2949E-05 6.6667E-07
1.3123E-05 6.6667E-07
1.2668E-05 6.6667E-07
2.2122E-05 6.6667E-07
1.3618E-05 6.6667E-07
1.3823E-05 6.6667E-07
1.9804E-05 6.6667E-07
1.0273E-05 6.6667E-07
1.6029E-05 6.6667E-07
2.3962E-05 6.6667E-07
1.2760E-05 6.6667E-07
1.4136E-05 6.6667E-07
2.4898E-05 6.6667E-07
1.4934E-05 6.6667E-07
1.0051E-05 6.6667E-07
1.6593E-05 6.6667E-07
1.3282E-05 6.6667E-07
1.6537E-05 6.6667E-07
1.6818E-05 6.6667E-07
1.3951E-05 6.6667E-07
1.3080E-05 6.6667E-07
1.8138E-05 6.6667E-07
1.3888E-05 6.6667E-07
1.2740E-05 6.6667E-07
1.6151E-05 6.6667E-07
1.4074E-05 6.6667E-07
1.8263E-05 6.6667E-07
1.4111E-05 6.6667E-07
1.1042E-05 6.6667E-07
1.6709E-05 6.6667E-07
1.2892E-05 6.6667E-07
1.6085E-05 6.6667E-07
1.3637E-05 6.6667E-07
1.2763E-05 6.6667E-07
1.2677E-05 6.6667E-07
1.5194E-05 6.6667E-07
1.0601E-05 6.6667E-07
1.1818E-05 6.6667E-07
1.1684E-05 6.6667E-07
1.7947E-05 6.6667E-07
9.8124E-06 6.6667E-07
1.1086E-05 6.6667E-07
1.2290E-05 6.6667E-07
1.4916E-05 6.6667E-07
1.1941E-05 6.6667E-07
1.0797E-05 6.6667E-07
1.1240E-05 6.6667E-07
1.4321E-05 6.6667E-07
1.3255E-05 6.6667E-07
1.0584E-05 6.6667E-07
1.2179E-05 6.6667E-07
1.3708E-05 6.6667E-07
1.1659E-05 6.6667E-07
1.2260E-05 6.6667E-07
1.3446E-05 6.6667E-07
1.1178E-05 6.6667E-07
1.2965E-05 6.6667E-07
1.2406E-05 6.6667E-07
1.1117E-05 6.6667E-07
1.0882E-05 6.6667E-07
9.9474E-06 6.6667E-07
1.2800E-05 6.6667E-07
9.0398E-06 6.6667E-07
9.6301E-06 6.6667E-07
1.0990E-05 6.6667E-07
8.0532E-06 6.6667E-07
9.2538E-06 6.6667E-07
1.6855E-05 6.6667E-07
7.0899E-06 6.6667E-07
9.9429E-06 6.6667E-07
9.9300E-06 6.6667E-07
1.2482E-05 6.6667E-07
1.1941E-05 6.6667E-07
9.8584E-06 6.6667E-07
1.0001E-05 6.6667E-07
1.0236E-05 6.6667E-07
1.1724E-05 6.6667E-07
7.9224E-06 6.6667E-07
1.2264E-05 6.6667E-07
1.1425E-05 6.6667E-07
1.2351E-05 6.6667E-07
8.9588E-06 6.6667E-07
1.2790E-05 6.6667E-07
1.0353E-05 6.6667E-07
1.7655E-05 6.6667E-07
1.0998E-05 6.6667E-07
1.1455E-05 6.6667E-07
1.4931E-05 6.6667E-07
1.8356E-05 6.6667E-07
1.4803E-05 6.6667E-07
1.8798E-05 6.6667E-07
1.6167E-05 6.6667E-07
1.9527E-05 6.6667E-07
2.3394E-05 6.6667E-07
1.8028E-05 6.6667E-07
2.2196E-05 6.6667E-07
2.9089E-05 6.6667E-07
2.5513E-05 6.6667E-07
2.0147E-05 6.6667E-07
3.2608E-05 6.6667E-07
3.4255E-05 6.6667E-07
3.6784E-05 6.6667E-07
3.7814E-05 6.6667E-07
4.6290E-05 6.6667E-07
5.3900E-05 6.6667E-07
5.6213E-05 6.6667E-07
4.5682E-05 6.6667E-07
5.1264E-05 6.6667E-07
7.0814E-05 6.6667E-07
8.0841E-05 6.6667E-07
6.4399E-05 6.6667E-07
7.2520E-05 6.6667E-07
6.1843E-05 6.6667E-07
6.4200E-05 6.6667E-07
7.0346E-05 6.6667E-07
1.0674E-04 6.6667E-07
6.4972E-05 6.6667E-07
6.5582E-05 6.6667E-07
1.0714E-04 6.6667E-07
7.5405E-05 6.6667E-07
1.0761E-04 6.6667E-07
9.3067E-05 6.6667E-07
8.9413E-05 6.6667E-07
7.6782E-05 6.6667E-07
8.4769E-05 6.6667E-07
1.0495E-04 6.6667E-07
1.2946E-04 6.6667E-07
1.2224E-04 6.6667E-07
1.6458E-04 6.6667E-07
1.5322E-04 6.6667E-07
1.7093E-04 6.6667E-07
1.2844E-04 6.6667E-07
1.8838E-04 6.6667E-07
1.6748E-04 6.6667E-07
1.9773E-04 6.6667E-07
1.9348E-04 6.6667E-07
2.9401E-04 6.6667E-07
2.6739E-04 6.6667E-07
2.5716E-04 6.6667E-07
2.0386E-04 6.6667E-07
1.6722E-04 6.6667E-07
2.2132E-04 6.6667E-07
1.7330E-04 6.6667E-07
1.8857E-04 6.6667E-07
1.6669E-04 6.6667E-07
1.5706E-04 6.6667E-07
1.1160E-04 6.6667E-07
1.2016E-04 6.6667E-07
9.0154E-05 6.6667E-07
8.9374E-05 6.6667E-07
9.2770E-05 6.6667E-07
5.6981E-05 6.6667E-07
6.1949E-05 6.6667E-07
7.7018E-05 6.6667E-07
5.1755E-05 6.6667E-07
3.8657E-05 6.6667E-07
6.5072E-05 6.6667E-07
3.5661E-05 6.6667E-07
4.3264E-05 6.6667E-07
6.0232E-05 6.6667E-07
3.3891E-05 6.6667E-07
4.3309E-05 6.6667E-07
5.7996E-05 6.6667E-07
5.2792E-05 6.6667E-07
2.9248E-05 6.6667E-07
6.9605E-05 6.6667E-07
2.1322E-05 6.6667E-07
4.6605E-05 6.6667E-07
3.0585E-05 6.6667E-07
3.1011E-05 6.6667E-07
4.3999E-05 6.6667E-07
5.1746E-05 6.6667E-07
3.7193E-05 6.6667E-07
4.3343E-05 6.6667E-07
2.8610E-05 6.6667E-07
3.2698E-05 6.6667E-07
4.0902E-05 6.6667E-07
2.3029E-05 6.6667E-07
2.3669E-05 6.6667E-07
4.1983E-05 6.6667E-07
2.3263E-05 6.6667E-07
1.8256E-05 6.6667E-07
2.7964E-05 6.6667E-07
2.0615E-05 6.6667E-07
2.2970E-05 6.6667E-07
2.9912E-05 6.6667E-07
2.4127E-05 6.6667E-07
2.3671E-05 6.6667E-07
1.1380E-05 6.6667E-07
4.0162E-05 6.6667E-07
1.7957E-05 6.6667E-07
2.3514E-05 6.6667E-07
3.5619E-05 6.6667E-07
1.9284E-05 6.6667E-07
4.4141E-05 6.6667E-07
2.2335E-05 6.6667E-07
2.7903E-05 6.6667E-07
2.7401E-05 6.6667E-07
3.9567E-05 6.6667E-07
3.6080E-05 6.6667E-07
3.5959E-05 6.6667E-07
3.9014E-05 6.6667E-07
4.4545E-05 6.6667E-07
6.6278E-05 6.6667E-07
4.6047E-05 6.6667E-07
4.6792E-05 6.6667E-07
1.0257E-04 6.6667E-07
6.5983E-05 6.6667E-07
4.3668E-05 6.6667E-07
8.6592E-05 6.6667E-07
7.2306E-05 6.6667E-07
8.8406E-05 6.6667E-07
1.0007E-04 6.6667E-07
7.9782E-05 6.6667E-07
1.1753E-04 6.6667E-07
6.7748E-05 6.6667E-07
9.9866E-05 6.6667E-07
9.2215E-05 6.6667E-07
6.8884E-05 6.6667E-07
8.6622E-05 6.6667E-07
1.0196E-04 6.6667E-07
5.8688E-05 6.6667E-07
6.2171E-05 6.6667E-07
5.7873E-05 6.6667E-07
7.4544E-05 6.6667E-07
6.3295E-05 6.6667E-07
5.7520E-05 6.6667E-07
5.8208E-05 6.6667E-07
5.1692E-05 6.6667E-07
5.4235E-05 6.6667E-07
3.0559E-05 6.6667E-07
4.8496E-05 6.6667E-07
1.2841E-05 6.6667E-07
5.6222E-05 6.6667E-07
2.6128E-05 6.6667E-07
3.1549E-05 6.6667E-07
4.2420E-05 6.6667E-07
2.4826E-05 6.6667E-07
3.7662E-05 6.6667E-07
2.1564E-05 6.6667E-07
2.4907E-05 6.6667E-07
2.5564E-05 6.6667E-07
3.5166E-05 6.6667E-07
2.0579E-05 6.6667E-07
1.9761E-05 6.6667E-07
2.4691E-05 6.6667E-07
2.6635E-05 6.6667E-07
2.0115E-05 6.6667E-07
2.1122E-05 6.6667E-07
2.1739E-05 6.6667E-07
2.4682E-05 6.6667E-07
1.7215E-05 6.6667E-07
1.7620E-05 6.6667E-07
1.7975E-05 6.6667E-07
2.0757E-05 6.6667E-07
1.5500E-05 6.6667E-07
1.1680E-05 6.6667E-07
1.5818E-05 6.6667E-07
1.2880E-05 6.6667E-07
1.5601E-05 6.6667E-07
1.0985E-05 6.6667E-07
1.0675E-05 6.6667E-07
1.3102E-05 6.6667E-07
1.6164E-05 6.6667E-07
8.9256E-06 6.6667E-07
1.1373E-05 6.6667E-07
8.9186E-06 6.6667E-07
1.1668E-05 6.6667E-07
1.2864E-05 6.6667E-07
8.0824E-06 6.6667E-07
1.0722E-05 6.6667E-07
1.3186E-05 6.6667E-07
8.2117E-06 6.6667E-07
9.8789E-06 6.6667E-07
8.9642E-06 6.6667E-07
1.2416E-05 6.6667E-07
1.1242E-05 6.6667E-07
8.4569E-06 6.6667E-07
1.0764E-05 6.6667E-07
1.4396E-05 6.6667E-07
1.0492E-05 6.6667E-07
1.2547E-05 6.6667E-07
1.0953E-05 6.6667E-07
1.3194E-05 6.6667E-07
1.4609E-05 6.6667E-07
9.8095E-06 6.6667E-07
1.5022E-05 6.6667E-07
1.4287E-05 6.6667E-07
1.3722E-05 6.6667E-07
1.1426E-05 6.6667E-07
1.1905E-05 6.6667E-07
1.1934E-05 6.6667E-07
1.1656E-05 6.6667E-07
1.0028E-05 6.6667E-07
1.0443E-05 6.6667E-07
1.0530E-05 6.6667E-07
8.3854E-06 6.6667E-07
8.7444E-06 6.6667E-07
9.0989E-06 6.6667E-07
7.1797E-06 6.6667E-07
8.6358E-06 6.6667E-07
7.1911E-06 6.6667E-07
7.5302E-06 6.6667E-07
6.3129E-06 6.6667E-07
7.1371E-06 6.6667E-07
5.8202E-06 6.6667E-07
5.0278E-06 6.6667E-07
5.5877E-06 6.6667E-07
5.5465E-06 6.6667E-07
4.9183E-06 6.6667E-07
4.1781E-06 6.6667E-07
4.2099E-06 6.6667E-07
4.6001E-06 6.6667E-07
3.9835E-06 6.6667E-07
3.8786E-06 6.6667E-07
3.3789E-06 6.6667E-07
3.2212E-06 6.6667E-07
3.5812E-06 6.6667E-07
2.8462E-06 6.6667E-07
2.5872E-06 6.6667E-07
3.3648E-06 6.6667E-07
2.0822E-06 6.6667E-07
2.3155E-06 6.6667E-07
3.4896E-06 6.6667E-07
1.9999E-06 6.6667E-07
1.4751E-06 6.6667E-07
3.5030E-06 6.6667E-07
1.6737E-06 6.6667E-07
2.1187E-06 6.6667E-07
2.4470E-06 6.6667E-07
2.2232E-06 6.6667E-07
1.1981E-06 6.6667E-07
2.4335E-06 6.6667E-07
9.9752E-07 6.6667E-07
1.5933E-06 6.6667E-07
1.3234E-06 6.6667E-07
1.3111E-06 6.6667E-07
2.1728E-06 6.6667E-07
9.9640E-07 6.6667E-07
2.0372E-06 6.6667E-07
8.1920E-07 6.6667E-07
1.2685E-06 6.6667E-07
1.0751E-06 6.6667E-07
1.8710E-06 6.6667E-07
9.3673E-07 6.6667E-07
1.0058E-06 6.6667E-07
1.3328E-06 6.6667E-07
1.4188E-06 6.6667E-07
1.2560E-06 6.6667E-07
1.2802E-06 6.6667E-07
9.8962E-07 6.6667E-07
1.5391E-06 6.6667E-07
1.2092E-06 6.6667E-07
1.2055E-06 6.6667E-07
9.6828E-07 6.6667E-07
1.0960E-06 6.6667E-07
1.1155E-06 6.6667E-07
6.6670E-07 6.6667E-07
1.0761E-06 6.6667E-07
7.3846E-07 6.6667E-07
8.7230E-07 6.6667E-07
9.4759E-07 6.6667E-07
6.6226E-07 6.6667E-07
1.9569E-03 6.6667E-07
6.5925E-03 6.6667E-07
1.8725E-03 6.6667E-07
2.1197E-03 6.6667E-07
9.0827E-04 6.6667E-07
5.6978E-04 6.6667E-07
4.1073E-04 6.6667E-07
3.3083E-04 6.6667E-07
1.2475E-04 6.6667E-07
1.5971E-04 6.6667E-07
1.2713E-04 6.6667E-07
1.5669E-04 6.6667E-07
6.7683E-05 6.6667E-07
1.1757E-04 6.6667E-07
4.9729E-05 6.6667E-07
5.2059E-05 6.6667E-07
8.3550E-05 6.6667E-07
4.0451E-05 6.6667E-07
5.6818E-05 6.6667E-07
3.6860E-05 6.6667E-07
3.4170E-05 6.6667E-07
4.8816E-05 6.6667E-07
5.1755E-05 6.6667E-07
4.0900E-05 6.6667E-07
3.7386E-05 6.6667E-07
2.7102E-05 6.6667E-07
3.2399E-05 6.6667E-07
3.9119E-05 6.6667E-07
2.7670E-05 6.6667E-07
1.5529E-05 6.6667E-07
4.3238E-05 6.6667E-07
1.3686E-05 6.6667E-07
2.3246E-05 6.6667E-07
2.8242E-05 6.6667E-07
2.8253E-05 6.6667E-07
2.3414E-05 6.6667E-07
2.1052E-05 6.6667E-07
1.7352E-05 6.6667E-07
1.8640E-05 6.6667E-07
1.3497E-05 6.6667E-07
1.5288E-05 6.6667E-07
1.2223E-05 6.6667E-07
1.6286E-05 6.6667E-07
1.0245E-05 6.6667E-07
9.3500E-06 6.6667E-07
1.1572E-05 6.6667E-07
1.3198E-05 6.6667E-07
1.2627E-05 6.6667E-07
1.0009E-05 6.6667E-07
1.0024E-05 6.6667E-07
4.0434E-06 6.6667E-07
1.1295E-05 6.6667E-07
3.5940E-06 6.6667E-07
5.7221E-06 6.6667E-07
1.1192E-05 6.6667E-07
7.6064E-06 6.6667E-07
9.6167E-06 6.6667E-07
5.7207E-06 6.6667E-07
5.9153E-06 6.6667E-07
5.3801E-06 6.6667E-07
6.8869E-06 6.6667E-07
5.4778E-06 6.6667E-07
4.0612E-06 6.6667E-07
5.1585E-06 6.6667E-07
5.7084E-06 6.6667E-07
4.3679E-06 6.6667E-07
4.8221E-06 6.6667E-07
3.6072E-06 6.6667E-07
5.9105E-06 6.6667E-07
2.6269E-06 6.6667E-07
2.8885E-06 6.6667E-07
7.4554E-06 6.6667E-07
4.7268E-06 6.6667E-07
6.2906E-06 6.6667E-07
1.5482E-06 6.6667E-07
3.9656E-06 6.6667E-07
2.7601E-06 6.6667E-07
6.5953E-06 6.6667E-07
2.7094E-06 6.6667E-07
2.6842E-06 6.6667E-07
3.5909E-06 6.6667E-07
3.5686E-06 6.6667E-07
4.1322E-06 6.6667E-07
1.4224E-06 6.6667E-07
3.0169E-06 6.6667E-07
3.3928E-06 6.6667E-07
5.2254E-06 6.6667E-07
2.4585E-06 6.6667E-07
2.5767E-06 6.6667E-07
2.5536E-06 6.6667E-07
2.9030E-06 6.6667E-07
2.0641E-06 6.6667E-07
2.8294E-06 6.6667E-07
1.5777E-06 6.6667E-07
2.3781E-06 6.6667E-07
2.8042E-06 6.6667E-07
2.0111E-06 6.6667E-07
1.9492E-06 6.6667E-07
4.7427E-07 6.6667E-07
4.2183E-06 6.6667E-07
3.1539E-06 6.6667E-07
1.7681E-06 6.6667E-07
1.0166E-06 6.6667E-07
1.6537E-06 6.6667E-07
4.2426E-06 6.6667E-07
1.9718E-06 6.6667E-07
1.8293E-06 6.6667E-07
2.4682E-06 6.6667E-07
1.7711E-06 6.6667E-07
2.0654E-06 6.6667E-07
8.3115E-07 6.6667E-07
9.8506E-07 6.6667E-07
2.4850E-06 6.6667E-07
2.8120E-06 6.6667E-07
1.6302E-06 6.6667E-07
1.7024E-06 6.6667E-07
9.7676E-08 6.6667E-07
3.5887E-06 6.6667E-07
2.6878E-06 6.6667E-07
1.6670E-06 6.6667E-07
1.5324E-06 6.6667E-07
1.8943E-06 6.6667E-07
1.5732E-06 6.6667E-07
3.7308E-07 6.6667E-07
