RMS Grad   Target
1.2533E-02 2.0000E-04
1.2295E-02 2.0000E-04
1.0560E-02 2.0000E-04
7.8886E-03 2.0000E-04
5.3389E-03 2.0000E-04
3.5821E-03 2.0000E-04
2.7444E-03 2.0000E-04
2.7248E-03 2.0000E-04
2.9079E-03 2.0000E-04
3.1964E-03 2.0000E-04
3.4479E-03 2.0000E-04
3.5531E-03 2.0000E-04
3.5651E-03 2.0000E-04
3.6226E-03 2.0000E-04
3.4716E-03 2.0000E-04
3.3470E-03 2.0000E-04
3.2773E-03 2.0000E-04
3.0400E-03 2.0000E-04
2.9340E-03 2.0000E-04
2.7243E-03 2.0000E-04
2.4937E-03 2.0000E-04
2.3434E-03 2.0000E-04
2.1313E-03 2.0000E-04
1.9528E-03 2.0000E-04
1.7981E-03 2.0000E-04
1.6447E-03 2.0000E-04
1.4908E-03 2.0000E-04
1.3915E-03 2.0000E-04
1.2880E-03 2.0000E-04
1.2027E-03 2.0000E-04
1.1467E-03 2.0000E-04
1.1272E-03 2.0000E-04
1.0842E-03 2.0000E-04
1.0876E-03 2.0000E-04
1.1121E-03 2.0000E-04
1.1072E-03 2.0000E-04
1.1558E-03 2.0000E-04
1.1472E-03 2.0000E-04
1.1891E-03 2.0000E-04
1.2012E-03 2.0000E-04
1.2040E-03 2.0000E-04
1.2383E-03 2.0000E-04
1.2284E-03 2.0000E-04
1.2694E-03 2.0000E-04
1.2392E-03 2.0000E-04
1.3371E-03 2.0000E-04
1.2809E-03 2.0000E-04
1.3933E-03 2.0000E-04
1.3120E-03 2.0000E-04
1.3900E-03 2.0000E-04
1.2940E-03 2.0000E-04
1.3298E-03 2.0000E-04
1.2247E-03 2.0000E-04
1.2341E-03 2.0000E-04
1.1174E-03 2.0000E-04
1.1205E-03 2.0000E-04
1.0027E-03 2.0000E-04
9.9020E-04 2.0000E-04
9.1097E-04 2.0000E-04
8.6326E-04 2.0000E-04
1.0259E-03 2.0000E-04
9.7543E-04 2.0000E-04
1.1682E-03 2.0000E-04
1.0989E-03 2.0000E-04
1.2299E-03 2.0000E-04
1.1408E-03 2.0000E-04
1.2178E-03 2.0000E-04
1.1141E-03 2.0000E-04
1.2148E-03 2.0000E-04
1.1103E-03 2.0000E-04
1.1941E-03 2.0000E-04
1.0941E-03 2.0000E-04
1.1694E-03 2.0000E-04
1.0581E-03 2.0000E-04
1.1851E-03 2.0000E-04
1.0601E-03 2.0000E-04
1.2012E-03 2.0000E-04
1.0777E-03 2.0000E-04
1.2238E-03 2.0000E-04
1.0886E-03 2.0000E-04
1.1768E-03 2.0000E-04
1.0349E-03 2.0000E-04
1.1135E-03 2.0000E-04
9.8531E-04 2.0000E-04
1.0556E-03 2.0000E-04
9.3061E-04 2.0000E-04
9.6668E-04 2.0000E-04
8.4685E-04 2.0000E-04
8.9035E-04 2.0000E-04
7.8321E-04 2.0000E-04
8.2533E-04 2.0000E-04
7.2872E-04 2.0000E-04
7.7774E-04 2.0000E-04
7.1025E-04 2.0000E-04
7.4484E-04 2.0000E-04
7.0100E-04 2.0000E-04
7.8293E-04 2.0000E-04
7.3448E-04 2.0000E-04
8.7338E-04 2.0000E-04
8.1883E-04 2.0000E-04
9.6658E-04 2.0000E-04
8.9163E-04 2.0000E-04
1.0061E-03 2.0000E-04
9.1336E-04 2.0000E-04
1.0192E-03 2.0000E-04
9.2891E-04 2.0000E-04
9.2699E-04 2.0000E-04
8.3637E-04 2.0000E-04
9.1481E-04 2.0000E-04
8.2368E-04 2.0000E-04
9.6863E-04 2.0000E-04
8.4976E-04 2.0000E-04
9.2149E-04 2.0000E-04
7.9256E-04 2.0000E-04
8.4342E-04 2.0000E-04
7.2328E-04 2.0000E-04
7.5559E-04 2.0000E-04
6.4752E-04 2.0000E-04
6.6896E-04 2.0000E-04
5.8803E-04 2.0000E-04
5.8685E-04 2.0000E-04
5.5274E-04 2.0000E-04
5.7764E-04 2.0000E-04
5.3468E-04 2.0000E-04
5.5445E-04 2.0000E-04
6.3749E-04 2.0000E-04
6.0251E-04 2.0000E-04
8.2418E-04 2.0000E-04
7.3101E-04 2.0000E-04
8.3269E-04 2.0000E-04
7.1484E-04 2.0000E-04
8.3265E-04 2.0000E-04
6.9900E-04 2.0000E-04
7.8396E-04 2.0000E-04
6.3634E-04 2.0000E-04
7.1834E-04 2.0000E-04
5.9948E-04 2.0000E-04
6.9876E-04 2.0000E-04
5.9827E-04 2.0000E-04
7.7256E-04 2.0000E-04
6.4070E-04 2.0000E-04
7.1978E-04 2.0000E-04
5.9824E-04 2.0000E-04
6.9719E-04 2.0000E-04
5.9933E-04 2.0000E-04
7.2768E-04 2.0000E-04
6.2290E-04 2.0000E-04
7.3403E-04 2.0000E-04
6.1243E-04 2.0000E-04
6.7768E-04 2.0000E-04
5.5494E-04 2.0000E-04
5.9635E-04 2.0000E-04
5.0947E-04 2.0000E-04
5.4736E-04 2.0000E-04
5.2724E-04 2.0000E-04
5.3326E-04 2.0000E-04
7.1308E-04 2.0000E-04
5.9078E-04 2.0000E-04
1.0508E-03 2.0000E-04
5.5130E-04 2.0000E-04
5.6168E-04 2.0000E-04
6.2992E-04 2.0000E-04
5.6793E-04 2.0000E-04
5.0809E-04 2.0000E-04
5.4059E-04 2.0000E-04
5.2214E-04 2.0000E-04
5.5701E-04 2.0000E-04
4.8427E-04 2.0000E-04
6.4021E-04 2.0000E-04
5.4204E-04 2.0000E-04
5.8384E-04 2.0000E-04
5.2559E-04 2.0000E-04
4.9675E-04 2.0000E-04
4.4294E-04 2.0000E-04
5.8906E-04 2.0000E-04
5.0691E-04 2.0000E-04
4.5596E-04 2.0000E-04
4.1188E-04 2.0000E-04
5.0143E-04 2.0000E-04
3.8755E-04 2.0000E-04
5.4631E-04 2.0000E-04
4.6611E-04 2.0000E-04
4.2583E-04 2.0000E-04
6.5005E-04 2.0000E-04
4.8893E-04 2.0000E-04
5.3865E-04 2.0000E-04
4.5192E-04 2.0000E-04
4.5164E-04 2.0000E-04
3.4803E-04 2.0000E-04
4.1346E-04 2.0000E-04
4.0309E-04 2.0000E-04
5.0061E-04 2.0000E-04
5.0343E-04 2.0000E-04
4.3792E-04 2.0000E-04
5.3186E-04 2.0000E-04
5.1399E-04 2.0000E-04
4.8603E-04 2.0000E-04
8.5783E-04 2.0000E-04
4.5748E-04 2.0000E-04
3.6890E-04 2.0000E-04
3.7149E-04 2.0000E-04
3.9403E-04 2.0000E-04
3.5196E-04 2.0000E-04
3.9417E-04 2.0000E-04
3.4737E-04 2.0000E-04
3.9103E-04 2.0000E-04
3.5371E-04 2.0000E-04
4.0919E-04 2.0000E-04
3.5807E-04 2.0000E-04
4.9572E-04 2.0000E-04
3.9639E-04 2.0000E-04
4.6939E-04 2.0000E-04
4.3047E-04 2.0000E-04
4.4460E-04 2.0000E-04
8.5940E-04 2.0000E-04
4.4216E-04 2.0000E-04
4.6860E-04 2.0000E-04
4.4806E-04 2.0000E-04
4.0923E-04 2.0000E-04
3.6691E-04 2.0000E-04
3.5973E-04 2.0000E-04
3.1163E-04 2.0000E-04
3.4032E-04 2.0000E-04
5.1577E-04 2.0000E-04
4.5435E-04 2.0000E-04
3.9570E-04 2.0000E-04
3.2163E-04 2.0000E-04
4.5387E-04 2.0000E-04
3.7552E-04 2.0000E-04
5.0511E-04 2.0000E-04
3.0877E-04 2.0000E-04
3.6285E-04 2.0000E-04
4.5269E-04 2.0000E-04
3.7583E-04 2.0000E-04
4.9697E-04 2.0000E-04
6.4210E-04 2.0000E-04
4.7063E-04 2.0000E-04
5.7390E-04 2.0000E-04
4.3839E-04 2.0000E-04
4.1548E-04 2.0000E-04
3.7176E-04 2.0000E-04
3.9624E-04 2.0000E-04
3.5241E-04 2.0000E-04
3.4223E-04 2.0000E-04
3.6139E-04 2.0000E-04
3.7633E-04 2.0000E-04
3.5368E-04 2.0000E-04
4.1879E-04 2.0000E-04
4.1350E-04 2.0000E-04
4.2728E-04 2.0000E-04
6.1382E-04 2.0000E-04
3.9133E-04 2.0000E-04
3.5619E-04 2.0000E-04
3.8503E-04 2.0000E-04
7.0813E-04 2.0000E-04
4.6519E-04 2.0000E-04
3.6296E-04 2.0000E-04
4.5689E-04 2.0000E-04
4.3865E-04 2.0000E-04
4.4258E-04 2.0000E-04
3.7042E-04 2.0000E-04
4.0552E-04 2.0000E-04
4.5168E-04 2.0000E-04
4.5975E-04 2.0000E-04
3.2859E-04 2.0000E-04
4.0115E-04 2.0000E-04
4.7494E-04 2.0000E-04
3.8591E-04 2.0000E-04
3.6184E-04 2.0000E-04
3.7090E-04 2.0000E-04
3.5589E-04 2.0000E-04
4.3761E-04 2.0000E-04
3.0890E-04 2.0000E-04
3.5353E-04 2.0000E-04
3.5597E-04 2.0000E-04
3.7025E-04 2.0000E-04
5.2809E-04 2.0000E-04
4.7493E-04 2.0000E-04
3.1974E-04 2.0000E-04
3.4924E-04 2.0000E-04
4.8215E-04 2.0000E-04
3.9899E-04 2.0000E-04
3.3550E-04 2.0000E-04
3.4510E-04 2.0000E-04
4.6563E-04 2.0000E-04
3.6480E-04 2.0000E-04
3.3319E-04 2.0000E-04
4.8931E-04 2.0000E-04
4.2173E-04 2.0000E-04
4.3654E-04 2.0000E-04
3.8998E-04 2.0000E-04
4.1578E-04 2.0000E-04
3.7013E-04 2.0000E-04
4.1872E-04 2.0000E-04
3.8909E-04 2.0000E-04
4.2215E-04 2.0000E-04
4.9486E-04 2.0000E-04
4.9644E-04 2.0000E-04
3.2127E-04 2.0000E-04
3.3277E-04 2.0000E-04
4.5701E-04 2.0000E-04
4.0133E-04 2.0000E-04
5.0383E-04 2.0000E-04
4.0632E-04 2.0000E-04
3.6403E-04 2.0000E-04
3.8324E-04 2.0000E-04
4.7044E-04 2.0000E-04
3.8578E-04 2.0000E-04
3.8279E-04 2.0000E-04
3.7419E-04 2.0000E-04
4.1959E-04 2.0000E-04
3.6939E-04 2.0000E-04
3.5972E-04 2.0000E-04
4.2816E-04 2.0000E-04
3.4773E-04 2.0000E-04
3.3926E-04 2.0000E-04
5.1266E-04 2.0000E-04
3.9813E-04 2.0000E-04
4.7604E-04 2.0000E-04
4.1276E-04 2.0000E-04
4.1522E-04 2.0000E-04
3.5409E-04 2.0000E-04
3.9077E-04 2.0000E-04
4.1362E-04 2.0000E-04
3.5214E-04 2.0000E-04
4.3487E-04 2.0000E-04
4.1159E-04 2.0000E-04
3.3126E-04 2.0000E-04
3.7201E-04 2.0000E-04
5.1955E-04 2.0000E-04
3.7504E-04 2.0000E-04
4.0827E-04 2.0000E-04
4.1890E-04 2.0000E-04
3.5638E-04 2.0000E-04
4.2893E-04 2.0000E-04
4.3409E-04 2.0000E-04
3.4767E-04 2.0000E-04
4.2799E-04 2.0000E-04
7.0976E-04 2.0000E-04
4.2706E-04 2.0000E-04
4.1252E-04 2.0000E-04
4.6315E-04 2.0000E-04
3.7097E-04 2.0000E-04
4.8034E-04 2.0000E-04
3.9027E-04 2.0000E-04
5.1642E-04 2.0000E-04
4.6967E-04 2.0000E-04
3.7620E-04 2.0000E-04
4.6059E-04 2.0000E-04
4.4190E-04 2.0000E-04
4.4379E-04 2.0000E-04
4.8073E-04 2.0000E-04
4.9930E-04 2.0000E-04
4.2315E-04 2.0000E-04
4.2942E-04 2.0000E-04
5.1827E-04 2.0000E-04
3.9780E-04 2.0000E-04
3.6619E-04 2.0000E-04
3.8821E-04 2.0000E-04
5.2054E-04 2.0000E-04
3.1824E-04 2.0000E-04
3.2897E-04 2.0000E-04
4.2040E-04 2.0000E-04
3.9602E-04 2.0000E-04
4.0247E-04 2.0000E-04
3.6209E-04 2.0000E-04
3.8971E-04 2.0000E-04
3.2822E-04 2.0000E-04
5.5184E-04 2.0000E-04
4.3422E-04 2.0000E-04
4.0758E-04 2.0000E-04
3.1730E-04 2.0000E-04
3.4724E-04 2.0000E-04
4.6069E-04 2.0000E-04
3.4547E-04 2.0000E-04
3.3564E-04 2.0000E-04
3.6937E-04 2.0000E-04
3.4305E-04 2.0000E-04
4.0618E-04 2.0000E-04
3.7244E-04 2.0000E-04
3.3796E-04 2.0000E-04
4.2639E-04 2.0000E-04
3.1916E-04 2.0000E-04
3.0033E-04 2.0000E-04
3.2145E-04 2.0000E-04
3.6513E-04 2.0000E-04
2.8778E-04 2.0000E-04
3.6343E-04 2.0000E-04
2.9533E-04 2.0000E-04
2.4309E-04 2.0000E-04
3.0084E-04 2.0000E-04
4.1814E-04 2.0000E-04
2.8188E-04 2.0000E-04
3.9677E-04 2.0000E-04
2.8965E-04 2.0000E-04
2.1619E-04 2.0000E-04
2.6536E-04 2.0000E-04
3.1739E-04 2.0000E-04
2.6488E-04 2.0000E-04
3.8547E-04 2.0000E-04
2.5893E-04 2.0000E-04
2.6208E-04 2.0000E-04
4.1296E-04 2.0000E-04
2.8348E-04 2.0000E-04
2.6846E-04 2.0000E-04
3.0764E-04 2.0000E-04
3.2971E-04 2.0000E-04
2.6767E-04 2.0000E-04
3.2102E-04 2.0000E-04
2.7414E-04 2.0000E-04
2.4897E-04 2.0000E-04
3.6640E-04 2.0000E-04
3.3776E-04 2.0000E-04
2.6058E-04 2.0000E-04
2.8574E-04 2.0000E-04
4.0309E-04 2.0000E-04
3.3136E-04 2.0000E-04
5.2712E-04 2.0000E-04
3.6876E-04 2.0000E-04
2.5951E-04 2.0000E-04
1.9272E-04 2.0000E-04
3.1490E-04 2.0000E-04
6.0728E-04 2.0000E-04
2.8066E-04 2.0000E-04
1.9494E-04 2.0000E-04
2.7750E-04 2.0000E-04
3.9517E-04 2.0000E-04
3.4229E-04 2.0000E-04
2.2955E-04 2.0000E-04
3.3505E-04 2.0000E-04
3.7163E-04 2.0000E-04
2.8129E-04 2.0000E-04
2.6731E-04 2.0000E-04
2.8114E-04 2.0000E-04
2.6727E-04 2.0000E-04
5.1711E-04 2.0000E-04
2.4030E-04 2.0000E-04
1.9735E-04 2.0000E-04
2.5021E-04 2.0000E-04
4.8618E-04 2.0000E-04
2.2360E-04 2.0000E-04
1.8565E-04 2.0000E-04
2.3737E-04 2.0000E-04
4.1368E-04 2.0000E-04
2.3911E-04 2.0000E-04
2.0573E-04 2.0000E-04
2.6052E-04 2.0000E-04
3.9043E-04 2.0000E-04
2.3563E-04 2.0000E-04
2.2145E-04 2.0000E-04
2.8241E-04 2.0000E-04
2.8994E-04 2.0000E-04
2.8686E-04 2.0000E-04
2.3219E-04 2.0000E-04
2.4351E-04 2.0000E-04
2.7893E-04 2.0000E-04
2.5621E-04 2.0000E-04
2.1847E-04 2.0000E-04
2.2600E-04 2.0000E-04
2.5834E-04 2.0000E-04
2.7822E-04 2.0000E-04
2.2908E-04 2.0000E-04
1.9909E-04 2.0000E-04
2.0873E-04 2.0000E-04
2.2263E-04 2.0000E-04
2.3383E-04 2.0000E-04
1.8195E-04 2.0000E-04
2.0647E-04 2.0000E-04
2.3189E-04 2.0000E-04
2.1041E-04 2.0000E-04
2.2655E-04 2.0000E-04
2.1126E-04 2.0000E-04
1.8946E-04 2.0000E-04
2.7277E-04 2.0000E-04
2.5939E-04 2.0000E-04
1.9659E-04 2.0000E-04
2.3564E-04 2.0000E-04
3.4268E-04 2.0000E-04
2.4675E-04 2.0000E-04
1.7972E-04 2.0000E-04
1.9683E-04 2.0000E-04
3.2184E-04 2.0000E-04
2.1541E-04 2.0000E-04
1.8200E-04 2.0000E-04
2.3240E-04 2.0000E-04
2.5368E-04 2.0000E-04
2.0757E-04 2.0000E-04
2.3586E-04 2.0000E-04
2.7906E-04 2.0000E-04
2.8157E-04 2.0000E-04
2.0916E-04 2.0000E-04
2.0015E-04 2.0000E-04
2.1224E-04 2.0000E-04
3.6803E-04 2.0000E-04
2.0358E-04 2.0000E-04
1.8913E-04 2.0000E-04
2.5683E-04 2.0000E-04
3.1881E-04 2.0000E-04
2.1221E-04 2.0000E-04
2.1536E-04 2.0000E-04
2.4118E-04 2.0000E-04
2.4731E-04 2.0000E-04
2.3648E-04 2.0000E-04
2.0423E-04 2.0000E-04
2.2112E-04 2.0000E-04
2.1950E-04 2.0000E-04
2.2446E-04 2.0000E-04
2.1226E-04 2.0000E-04
2.5165E-04 2.0000E-04
2.6252E-04 2.0000E-04
2.1716E-04 2.0000E-04
2.1821E-04 2.0000E-04
2.6148E-04 2.0000E-04
2.2734E-04 2.0000E-04
2.4434E-04 2.0000E-04
2.8044E-04 2.0000E-04
2.3413E-04 2.0000E-04
2.3509E-04 2.0000E-04
3.3093E-04 2.0000E-04
2.9812E-04 2.0000E-04
3.1007E-04 2.0000E-04
2.4148E-04 2.0000E-04
2.2584E-04 2.0000E-04
2.9326E-04 2.0000E-04
3.6955E-04 2.0000E-04
2.2178E-04 2.0000E-04
2.1727E-04 2.0000E-04
2.9385E-04 2.0000E-04
3.0606E-04 2.0000E-04
2.6847E-04 2.0000E-04
2.2459E-04 2.0000E-04
2.5416E-04 2.0000E-04
3.6822E-04 2.0000E-04
2.3648E-04 2.0000E-04
2.6041E-04 2.0000E-04
2.3957E-04 2.0000E-04
2.1139E-04 2.0000E-04
2.7434E-04 2.0000E-04
2.5804E-04 2.0000E-04
1.9993E-04 2.0000E-04
2.3527E-04 2.0000E-04
2.9025E-04 2.0000E-04
2.2327E-04 2.0000E-04
2.5860E-04 2.0000E-04
3.5408E-04 2.0000E-04
2.4662E-04 2.0000E-04
2.4859E-04 2.0000E-04
2.1277E-04 2.0000E-04
2.9304E-04 2.0000E-04
3.1828E-04 2.0000E-04
2.3773E-04 2.0000E-04
2.5701E-04 2.0000E-04
3.1032E-04 2.0000E-04
3.3056E-04 2.0000E-04
3.8856E-04 2.0000E-04
4.4897E-04 2.0000E-04
3.2282E-04 2.0000E-04
2.7456E-04 2.0000E-04
3.7742E-04 2.0000E-04
4.0902E-04 2.0000E-04
3.6152E-04 2.0000E-04
4.7111E-04 2.0000E-04
4.3017E-04 2.0000E-04
3.0562E-04 2.0000E-04
3.1105E-04 2.0000E-04
4.0717E-04 2.0000E-04
2.6884E-04 2.0000E-04
2.6754E-04 2.0000E-04
3.6905E-04 2.0000E-04
2.6173E-04 2.0000E-04
3.2012E-04 2.0000E-04
2.7404E-04 2.0000E-04
2.2113E-04 2.0000E-04
2.0769E-04 2.0000E-04
4.2499E-04 2.0000E-04
2.0767E-04 2.0000E-04
1.8635E-04 2.0000E-04
2.2180E-04 2.0000E-04
4.7613E-04 2.0000E-04
2.1399E-04 2.0000E-04
1.8293E-04 2.0000E-04
2.3387E-04 2.0000E-04
4.1552E-04 2.0000E-04
2.5339E-04 2.0000E-04
2.1226E-04 2.0000E-04
3.0347E-04 2.0000E-04
2.6828E-04 2.0000E-04
2.5412E-04 2.0000E-04
2.7776E-04 2.0000E-04
2.3593E-04 2.0000E-04
2.0327E-04 2.0000E-04
2.1136E-04 2.0000E-04
2.5547E-04 2.0000E-04
1.6819E-04 2.0000E-04
1.5987E-04 2.0000E-04
1.8896E-04 2.0000E-04
1.8614E-04 2.0000E-04
1.7073E-04 2.0000E-04
1.5574E-04 2.0000E-04
1.8688E-04 2.0000E-04
1.8411E-04 2.0000E-04
1.5667E-04 2.0000E-04
1.8135E-04 2.0000E-04
1.7194E-04 2.0000E-04
1.5707E-04 2.0000E-04
3.0698E-04 2.0000E-04
1.5944E-04 2.0000E-04
1.5478E-04 2.0000E-04
1.8134E-04 2.0000E-04
2.3410E-04 2.0000E-04
1.4603E-04 2.0000E-04
1.4669E-04 2.0000E-04
1.7880E-04 2.0000E-04
2.3274E-04 2.0000E-04
1.4261E-04 2.0000E-04
1.4054E-04 2.0000E-04
1.7089E-04 2.0000E-04
2.3630E-04 2.0000E-04
1.4086E-04 2.0000E-04
1.3865E-04 2.0000E-04
1.6481E-04 2.0000E-04
1.8215E-04 2.0000E-04
1.5457E-04 2.0000E-04
1.3091E-04 2.0000E-04
1.5449E-04 2.0000E-04
1.8660E-04 2.0000E-04
1.5154E-04 2.0000E-04
1.4931E-04 2.0000E-04
2.0231E-04 2.0000E-04
1.9981E-04 2.0000E-04
1.4327E-04 2.0000E-04
1.5487E-04 2.0000E-04
2.2910E-04 2.0000E-04
2.3134E-04 2.0000E-04
1.8806E-04 2.0000E-04
1.3469E-04 2.0000E-04
1.4032E-04 2.0000E-04
1.9859E-04 2.0000E-04
2.2819E-04 2.0000E-04
1.3202E-04 2.0000E-04
1.3842E-04 2.0000E-04
1.6979E-04 2.0000E-04
2.2645E-04 2.0000E-04
1.3733E-04 2.0000E-04
1.3577E-04 2.0000E-04
1.7763E-04 2.0000E-04
2.4866E-04 2.0000E-04
1.3963E-04 2.0000E-04
1.4680E-04 2.0000E-04
1.6204E-04 2.0000E-04
4.0887E-04 2.0000E-04
1.4509E-04 2.0000E-04
1.2390E-04 2.0000E-04
2.3751E-04 2.0000E-04
2.5143E-04 2.0000E-04
1.5139E-04 2.0000E-04
2.1609E-04 2.0000E-04
2.0090E-04 2.0000E-04
1.7247E-04 2.0000E-04
2.5732E-04 2.0000E-04
2.2013E-04 2.0000E-04
2.4279E-04 2.0000E-04
1.8909E-04 2.0000E-04
2.5186E-04 2.0000E-04
2.5835E-04 2.0000E-04
1.9634E-04 2.0000E-04
2.5510E-04 2.0000E-04
3.1391E-04 2.0000E-04
2.0021E-04 2.0000E-04
2.8643E-04 2.0000E-04
3.1919E-04 2.0000E-04
1.5624E-04 2.0000E-04
1.3078E-04 2.0000E-04
2.0412E-04 2.0000E-04
3.0743E-04 2.0000E-04
2.0668E-04 2.0000E-04
1.4914E-04 2.0000E-04
2.1111E-04 2.0000E-04
2.9906E-04 2.0000E-04
1.9093E-04 2.0000E-04
2.1565E-04 2.0000E-04
2.2583E-04 2.0000E-04
2.7256E-04 2.0000E-04
3.0647E-04 2.0000E-04
1.9941E-04 2.0000E-04
1.9771E-04 2.0000E-04
3.0553E-04 2.0000E-04
3.0043E-04 2.0000E-04
2.1814E-04 2.0000E-04
2.1779E-04 2.0000E-04
2.4770E-04 2.0000E-04
2.4898E-04 2.0000E-04
3.4194E-04 2.0000E-04
2.1092E-04 2.0000E-04
1.8480E-04 2.0000E-04
2.7284E-04 2.0000E-04
2.6609E-04 2.0000E-04
2.3591E-04 2.0000E-04
2.5469E-04 2.0000E-04
2.2131E-04 2.0000E-04
1.7836E-04 2.0000E-04
2.6083E-04 2.0000E-04
2.1015E-04 2.0000E-04
1.6633E-04 2.0000E-04
1.7847E-04 2.0000E-04
3.0027E-04 2.0000E-04
1.5767E-04 2.0000E-04
1.4969E-04 2.0000E-04
1.5563E-04 2.0000E-04
1.2004E-04 2.0000E-04
1.4192E-04 2.0000E-04
1.6341E-04 2.0000E-04
1.1185E-04 2.0000E-04
9.9838E-05 2.0000E-04
1.2820E-04 2.0000E-04
1.0161E-04 2.0000E-04
1.4518E-04 2.0000E-04
9.6410E-05 2.0000E-04
8.6562E-05 2.0000E-04
1.2960E-04 2.0000E-04
1.3216E-04 2.0000E-04
8.8654E-05 2.0000E-04
8.0365E-05 2.0000E-04
1.1493E-04 2.0000E-04
9.6029E-05 2.0000E-04
1.4952E-04 2.0000E-04
8.6190E-05 2.0000E-04
8.3421E-05 2.0000E-04
1.1060E-04 2.0000E-04
1.3271E-04 2.0000E-04
8.2397E-05 2.0000E-04
8.0952E-05 2.0000E-04
9.9344E-05 2.0000E-04
1.0259E-04 2.0000E-04
1.0081E-04 2.0000E-04
8.1485E-05 2.0000E-04
8.9648E-05 2.0000E-04
1.2336E-04 2.0000E-04
7.8750E-05 2.0000E-04
7.6730E-05 2.0000E-04
9.6965E-05 2.0000E-04
9.5208E-05 2.0000E-04
1.0069E-04 2.0000E-04
7.9191E-05 2.0000E-04
8.7571E-05 2.0000E-04
1.2902E-04 2.0000E-04
8.0316E-05 2.0000E-04
7.8185E-05 2.0000E-04
9.8149E-05 2.0000E-04
9.6165E-05 2.0000E-04
1.1230E-04 2.0000E-04
8.2629E-05 2.0000E-04
8.4846E-05 2.0000E-04
1.0474E-04 2.0000E-04
8.2988E-05 2.0000E-04
9.2880E-05 2.0000E-04
1.1423E-04 2.0000E-04
8.0442E-05 2.0000E-04
8.3796E-05 2.0000E-04
1.0308E-04 2.0000E-04
7.9246E-05 2.0000E-04
9.2937E-05 2.0000E-04
9.0051E-05 2.0000E-04
7.9173E-05 2.0000E-04
1.3530E-04 2.0000E-04
7.3823E-05 2.0000E-04
6.4338E-05 2.0000E-04
8.1059E-05 2.0000E-04
1.6024E-04 2.0000E-04
6.6041E-05 2.0000E-04
4.8650E-05 2.0000E-04
6.2059E-05 2.0000E-04
1.0926E-04 2.0000E-04
6.5971E-05 2.0000E-04
5.0917E-05 2.0000E-04
7.7613E-05 2.0000E-04
9.2674E-05 2.0000E-04
6.5135E-05 2.0000E-04
6.6801E-05 2.0000E-04
7.4790E-05 2.0000E-04
6.6800E-05 2.0000E-04
1.3281E-04 2.0000E-04
5.5436E-05 2.0000E-04
5.3117E-05 2.0000E-04
6.8156E-05 2.0000E-04
1.1386E-04 2.0000E-04
6.4998E-05 2.0000E-04
5.0471E-05 2.0000E-04
7.4470E-05 2.0000E-04
7.2880E-05 2.0000E-04
6.1781E-05 2.0000E-04
9.1846E-05 2.0000E-04
7.5241E-05 2.0000E-04
6.5715E-05 2.0000E-04
8.0675E-05 2.0000E-04
9.5839E-05 2.0000E-04
6.8254E-05 2.0000E-04
6.6182E-05 2.0000E-04
8.8844E-05 2.0000E-04
7.8815E-05 2.0000E-04
1.3493E-04 2.0000E-04
7.1056E-05 2.0000E-04
7.4729E-05 2.0000E-04
7.8329E-05 2.0000E-04
2.0227E-04 2.0000E-04
1.0304E-04 2.0000E-04
8.9651E-05 2.0000E-04
9.7943E-05 2.0000E-04
1.6188E-04 2.0000E-04
2.0075E-04 2.0000E-04
1.1629E-04 2.0000E-04
1.3272E-04 2.0000E-04
1.9156E-04 2.0000E-04
1.2882E-04 2.0000E-04
1.4332E-04 2.0000E-04
1.5778E-04 2.0000E-04
2.1986E-04 2.0000E-04
1.8729E-04 2.0000E-04
1.1861E-04 2.0000E-04
1.3259E-04 2.0000E-04
1.7906E-04 2.0000E-04
2.2339E-04 2.0000E-04
3.5055E-04 2.0000E-04
2.8552E-04 2.0000E-04
9.2201E-05 2.0000E-04
1.0695E-04 2.0000E-04
2.0104E-04 2.0000E-04
1.5727E-04 2.0000E-04
1.2919E-04 2.0000E-04
1.1818E-04 2.0000E-04
1.1938E-04 2.0000E-04
1.9151E-04 2.0000E-04
1.2862E-04 2.0000E-04
1.3156E-04 2.0000E-04
1.4899E-04 2.0000E-04
1.0780E-04 2.0000E-04
1.0644E-04 2.0000E-04
1.2078E-04 2.0000E-04
2.1762E-04 2.0000E-04
9.4618E-05 2.0000E-04
8.1093E-05 2.0000E-04
9.9859E-05 2.0000E-04
1.2357E-04 2.0000E-04
1.9656E-04 2.0000E-04
7.9881E-05 2.0000E-04
8.7144E-05 2.0000E-04
1.1435E-04 2.0000E-04
9.2132E-05 2.0000E-04
1.6063E-04 2.0000E-04
8.4762E-05 2.0000E-04
7.6788E-05 2.0000E-04
9.1390E-05 2.0000E-04
1.6646E-04 2.0000E-04
9.2758E-05 2.0000E-04
7.0020E-05 2.0000E-04
8.2699E-05 2.0000E-04
1.3771E-04 2.0000E-04
9.4219E-05 2.0000E-04
7.7567E-05 2.0000E-04
1.1378E-04 2.0000E-04
1.3875E-04 2.0000E-04
9.6387E-05 2.0000E-04
8.7827E-05 2.0000E-04
1.1241E-04 2.0000E-04
9.9927E-05 2.0000E-04
2.2779E-04 2.0000E-04
9.0568E-05 2.0000E-04
7.6394E-05 2.0000E-04
9.0844E-05 2.0000E-04
2.1482E-04 2.0000E-04
9.3149E-05 2.0000E-04
7.5392E-05 2.0000E-04
9.3021E-05 2.0000E-04
1.0969E-04 2.0000E-04
1.8772E-04 2.0000E-04
8.2421E-05 2.0000E-04
7.8371E-05 2.0000E-04
9.6708E-05 2.0000E-04
1.5929E-04 2.0000E-04
1.3382E-04 2.0000E-04
7.8304E-05 2.0000E-04
1.3218E-04 2.0000E-04
1.0549E-04 2.0000E-04
1.0139E-04 2.0000E-04
1.1425E-04 2.0000E-04
1.7196E-04 2.0000E-04
9.6354E-05 2.0000E-04
8.4689E-05 2.0000E-04
1.0152E-04 2.0000E-04
1.8988E-04 2.0000E-04
1.0308E-04 2.0000E-04
8.6786E-05 2.0000E-04
1.2761E-04 2.0000E-04
1.1236E-04 2.0000E-04
9.3571E-05 2.0000E-04
1.0354E-04 2.0000E-04
1.1733E-04 2.0000E-04
9.2246E-05 2.0000E-04
1.0047E-04 2.0000E-04
1.1133E-04 2.0000E-04
9.4901E-05 2.0000E-04
1.0769E-04 2.0000E-04
1.0236E-04 2.0000E-04
8.9215E-05 2.0000E-04
1.0720E-04 2.0000E-04
1.3073E-04 2.0000E-04
9.1032E-05 2.0000E-04
8.8907E-05 2.0000E-04
1.0342E-04 2.0000E-04
9.9038E-05 2.0000E-04
2.1295E-04 2.0000E-04
8.9846E-05 2.0000E-04
7.5312E-05 2.0000E-04
9.4817E-05 2.0000E-04
1.5875E-04 2.0000E-04
1.1148E-04 2.0000E-04
8.4461E-05 2.0000E-04
1.2925E-04 2.0000E-04
1.4022E-04 2.0000E-04
1.0677E-04 2.0000E-04
1.0541E-04 2.0000E-04
1.6351E-04 2.0000E-04
1.0474E-04 2.0000E-04
1.1912E-04 2.0000E-04
1.3499E-04 2.0000E-04
8.4362E-05 2.0000E-04
9.6609E-05 2.0000E-04
9.6182E-05 2.0000E-04
1.0697E-04 2.0000E-04
9.5776E-05 2.0000E-04
7.5408E-05 2.0000E-04
6.6887E-05 2.0000E-04
1.1629E-04 2.0000E-04
6.8525E-05 2.0000E-04
5.6983E-05 2.0000E-04
6.6629E-05 2.0000E-04
9.2969E-05 2.0000E-04
6.1811E-05 2.0000E-04
5.6713E-05 2.0000E-04
6.5651E-05 2.0000E-04
1.1287E-04 2.0000E-04
5.5050E-05 2.0000E-04
4.9909E-05 2.0000E-04
6.0241E-05 2.0000E-04
1.1560E-04 2.0000E-04
5.6573E-05 2.0000E-04
4.8334E-05 2.0000E-04
5.9244E-05 2.0000E-04
1.1249E-04 2.0000E-04
6.0407E-05 2.0000E-04
5.0612E-05 2.0000E-04
6.0327E-05 2.0000E-04
9.1008E-05 2.0000E-04
6.8780E-05 2.0000E-04
5.3976E-05 2.0000E-04
6.4539E-05 2.0000E-04
1.0057E-04 2.0000E-04
7.0719E-05 2.0000E-04
6.3123E-05 2.0000E-04
8.0277E-05 2.0000E-04
7.3126E-05 2.0000E-04
9.4594E-05 2.0000E-04
8.7906E-05 2.0000E-04
7.2912E-05 2.0000E-04
7.8386E-05 2.0000E-04
1.2037E-04 2.0000E-04
9.5467E-05 2.0000E-04
1.3549E-04 2.0000E-04
1.2453E-04 2.0000E-04
1.0653E-04 2.0000E-04
1.2144E-04 2.0000E-04
1.1223E-04 2.0000E-04
2.0010E-04 2.0000E-04
1.5586E-04 2.0000E-04
2.1005E-04 2.0000E-04
1.1904E-04 2.0000E-04
1.2043E-04 2.0000E-04
1.4827E-04 2.0000E-04
2.4797E-04 2.0000E-04
1.3854E-04 2.0000E-04
1.9735E-04 2.0000E-04
1.7087E-04 2.0000E-04
1.2614E-04 2.0000E-04
1.7352E-04 2.0000E-04
1.5567E-04 2.0000E-04
1.3702E-04 2.0000E-04
2.8538E-04 2.0000E-04
1.4116E-04 2.0000E-04
1.2490E-04 2.0000E-04
1.5988E-04 2.0000E-04
1.8486E-04 2.0000E-04
1.2225E-04 2.0000E-04
1.2296E-04 2.0000E-04
1.3096E-04 2.0000E-04
1.5990E-04 2.0000E-04
1.3087E-04 2.0000E-04
1.0958E-04 2.0000E-04
1.1278E-04 2.0000E-04
2.2032E-04 2.0000E-04
1.0257E-04 2.0000E-04
8.6896E-05 2.0000E-04
1.0333E-04 2.0000E-04
2.1684E-04 2.0000E-04
1.0004E-04 2.0000E-04
8.3499E-05 2.0000E-04
1.0993E-04 2.0000E-04
1.8118E-04 2.0000E-04
9.7019E-05 2.0000E-04
8.5015E-05 2.0000E-04
9.6588E-05 2.0000E-04
2.5720E-04 2.0000E-04
8.7718E-05 2.0000E-04
7.3567E-05 2.0000E-04
9.6906E-05 2.0000E-04
1.7295E-04 2.0000E-04
1.0075E-04 2.0000E-04
8.5566E-05 2.0000E-04
1.1784E-04 2.0000E-04
1.2495E-04 2.0000E-04
1.0497E-04 2.0000E-04
1.4143E-04 2.0000E-04
1.2367E-04 2.0000E-04
1.3385E-04 2.0000E-04
1.0861E-04 2.0000E-04
1.9697E-04 2.0000E-04
1.2800E-04 2.0000E-04
1.1899E-04 2.0000E-04
1.4497E-04 2.0000E-04
3.5663E-04 2.0000E-04
1.9853E-04 2.0000E-04
2.8034E-04 2.0000E-04
9.8619E-05 2.0000E-04
1.0182E-04 2.0000E-04
1.6054E-04 2.0000E-04
3.4352E-04 2.0000E-04
1.4591E-04 2.0000E-04
1.5038E-04 2.0000E-04
1.6267E-04 2.0000E-04
1.6844E-04 2.0000E-04
1.6001E-04 2.0000E-04
1.3948E-04 2.0000E-04
1.2558E-04 2.0000E-04
1.9275E-04 2.0000E-04
1.3377E-04 2.0000E-04
1.1438E-04 2.0000E-04
1.0943E-04 2.0000E-04
1.5630E-04 2.0000E-04
9.8615E-05 2.0000E-04
8.4103E-05 2.0000E-04
9.7778E-05 2.0000E-04
8.7226E-05 2.0000E-04
9.0935E-05 2.0000E-04
8.0653E-05 2.0000E-04
7.6414E-05 2.0000E-04
7.3358E-05 2.0000E-04
1.1164E-04 2.0000E-04
6.8524E-05 2.0000E-04
5.9533E-05 2.0000E-04
7.1965E-05 2.0000E-04
9.3468E-05 2.0000E-04
6.9831E-05 2.0000E-04
6.2858E-05 2.0000E-04
8.3837E-05 2.0000E-04
8.2985E-05 2.0000E-04
7.2871E-05 2.0000E-04
8.4183E-05 2.0000E-04
8.6100E-05 2.0000E-04
7.4737E-05 2.0000E-04
1.0860E-04 2.0000E-04
9.9717E-05 2.0000E-04
9.1913E-05 2.0000E-04
1.1195E-04 2.0000E-04
1.4662E-04 2.0000E-04
1.0039E-04 2.0000E-04
1.0160E-04 2.0000E-04
1.2309E-04 2.0000E-04
1.0616E-04 2.0000E-04
2.0610E-04 2.0000E-04
1.0089E-04 2.0000E-04
8.7647E-05 2.0000E-04
1.2387E-04 2.0000E-04
1.4056E-04 2.0000E-04
8.8095E-05 2.0000E-04
9.2088E-05 2.0000E-04
1.2764E-04 2.0000E-04
1.0307E-04 2.0000E-04
1.3591E-04 2.0000E-04
1.0744E-04 2.0000E-04
1.1375E-04 2.0000E-04
1.1077E-04 2.0000E-04
1.0514E-04 2.0000E-04
1.3157E-04 2.0000E-04
1.1368E-04 2.0000E-04
1.0586E-04 2.0000E-04
1.4656E-04 2.0000E-04
1.7867E-04 2.0000E-04
1.2856E-04 2.0000E-04
1.7112E-04 2.0000E-04
1.9159E-04 2.0000E-04
1.4803E-04 2.0000E-04
2.0186E-04 2.0000E-04
1.7725E-04 2.0000E-04
1.7210E-04 2.0000E-04
2.4451E-04 2.0000E-04
1.7714E-04 2.0000E-04
2.4619E-04 2.0000E-04
2.9354E-04 2.0000E-04
1.5327E-04 2.0000E-04
1.2649E-04 2.0000E-04
1.6853E-04 2.0000E-04
2.5525E-04 2.0000E-04
1.3406E-04 2.0000E-04
1.3159E-04 2.0000E-04
1.5001E-04 2.0000E-04
4.2393E-04 2.0000E-04
1.1982E-04 2.0000E-04
9.7518E-05 2.0000E-04
1.2520E-04 2.0000E-04
1.9869E-04 2.0000E-04
1.2705E-04 2.0000E-04
1.0668E-04 2.0000E-04
1.3272E-04 2.0000E-04
1.5400E-04 2.0000E-04
1.2597E-04 2.0000E-04
1.1202E-04 2.0000E-04
1.2396E-04 2.0000E-04
1.1019E-04 2.0000E-04
1.9210E-04 2.0000E-04
1.0191E-04 2.0000E-04
9.4698E-05 2.0000E-04
1.1139E-04 2.0000E-04
2.4958E-04 2.0000E-04
9.7345E-05 2.0000E-04
7.6893E-05 2.0000E-04
9.1597E-05 2.0000E-04
1.2075E-04 2.0000E-04
1.7624E-04 2.0000E-04
6.8326E-05 2.0000E-04
6.9770E-05 2.0000E-04
8.9127E-05 2.0000E-04
1.7795E-04 2.0000E-04
7.2926E-05 2.0000E-04
6.6360E-05 2.0000E-04
8.2495E-05 2.0000E-04
1.5984E-04 2.0000E-04
6.9779E-05 2.0000E-04
5.7603E-05 2.0000E-04
7.0430E-05 2.0000E-04
1.0862E-04 2.0000E-04
8.1947E-05 2.0000E-04
5.6660E-05 2.0000E-04
7.7275E-05 2.0000E-04
8.9433E-05 2.0000E-04
7.0306E-05 2.0000E-04
1.0177E-04 2.0000E-04
7.7221E-05 2.0000E-04
5.6067E-05 2.0000E-04
4.8939E-05 2.0000E-04
7.8633E-05 2.0000E-04
5.9090E-05 2.0000E-04
6.5473E-05 2.0000E-04
6.7873E-05 2.0000E-04
5.0179E-05 2.0000E-04
4.9718E-05 2.0000E-04
7.1773E-05 2.0000E-04
4.9624E-05 2.0000E-04
4.5979E-05 2.0000E-04
5.0358E-05 2.0000E-04
4.3735E-05 2.0000E-04
9.5619E-05 2.0000E-04
4.3053E-05 2.0000E-04
3.7035E-05 2.0000E-04
4.8602E-05 2.0000E-04
1.2380E-04 2.0000E-04
4.2132E-05 2.0000E-04
2.9227E-05 2.0000E-04
4.0287E-05 2.0000E-04
4.6309E-05 2.0000E-04
9.0666E-05 2.0000E-04
3.8589E-05 2.0000E-04
3.3786E-05 2.0000E-04
4.6672E-05 2.0000E-04
1.0274E-04 2.0000E-04
4.5014E-05 2.0000E-04
3.7657E-05 2.0000E-04
5.0123E-05 2.0000E-04
7.2923E-05 2.0000E-04
4.9115E-05 2.0000E-04
4.4863E-05 2.0000E-04
6.4807E-05 2.0000E-04
5.9168E-05 2.0000E-04
4.7848E-05 2.0000E-04
7.9596E-05 2.0000E-04
6.7855E-05 2.0000E-04
5.5581E-05 2.0000E-04
8.0183E-05 2.0000E-04
1.0453E-04 2.0000E-04
6.8020E-05 2.0000E-04
6.0064E-05 2.0000E-04
7.0350E-05 2.0000E-04
8.5544E-05 2.0000E-04
9.8233E-05 2.0000E-04
6.7074E-05 2.0000E-04
7.2398E-05 2.0000E-04
7.4527E-05 2.0000E-04
7.5906E-05 2.0000E-04
8.3219E-05 2.0000E-04
1.0219E-04 2.0000E-04
7.9994E-05 2.0000E-04
1.3063E-04 2.0000E-04
7.5782E-05 2.0000E-04
6.5160E-05 2.0000E-04
8.4273E-05 2.0000E-04
1.4361E-04 2.0000E-04
7.7011E-05 2.0000E-04
8.7346E-05 2.0000E-04
8.9558E-05 2.0000E-04
7.5380E-05 2.0000E-04
1.1709E-04 2.0000E-04
8.6951E-05 2.0000E-04
7.1519E-05 2.0000E-04
8.8522E-05 2.0000E-04
1.5229E-04 2.0000E-04
8.4471E-05 2.0000E-04
7.5612E-05 2.0000E-04
7.2148E-05 2.0000E-04
7.3511E-05 2.0000E-04
1.7324E-04 2.0000E-04
6.1238E-05 2.0000E-04
5.2136E-05 2.0000E-04
6.4973E-05 2.0000E-04
9.6234E-05 2.0000E-04
9.3222E-05 2.0000E-04
5.8887E-05 2.0000E-04
8.0975E-05 2.0000E-04
8.8962E-05 2.0000E-04
6.6287E-05 2.0000E-04
7.0351E-05 2.0000E-04
7.4294E-05 2.0000E-04
7.3648E-05 2.0000E-04
1.1342E-04 2.0000E-04
8.8521E-05 2.0000E-04
6.5666E-05 2.0000E-04
8.2589E-05 2.0000E-04
1.0244E-04 2.0000E-04
7.1233E-05 2.0000E-04
8.8064E-05 2.0000E-04
9.7506E-05 2.0000E-04
7.7425E-05 2.0000E-04
1.3641E-04 2.0000E-04
9.7640E-05 2.0000E-04
9.2081E-05 2.0000E-04
1.1987E-04 2.0000E-04
1.2000E-04 2.0000E-04
8.2623E-05 2.0000E-04
7.2287E-05 2.0000E-04
8.3729E-05 2.0000E-04
9.4345E-05 2.0000E-04
9.4958E-05 2.0000E-04
6.9334E-05 2.0000E-04
6.2693E-05 2.0000E-04
7.6361E-05 2.0000E-04
8.5450E-05 2.0000E-04
6.6708E-05 2.0000E-04
5.7276E-05 2.0000E-04
8.7656E-05 2.0000E-04
5.7220E-05 2.0000E-04
5.4409E-05 2.0000E-04
8.8830E-05 2.0000E-04
5.7365E-05 2.0000E-04
5.3112E-05 2.0000E-04
7.6125E-05 2.0000E-04
7.6176E-05 2.0000E-04
5.1398E-05 2.0000E-04
5.1239E-05 2.0000E-04
7.0404E-05 2.0000E-04
5.5874E-05 2.0000E-04
9.9063E-05 2.0000E-04
4.8062E-05 2.0000E-04
4.5321E-05 2.0000E-04
6.0427E-05 2.0000E-04
1.3415E-04 2.0000E-04
5.1848E-05 2.0000E-04
3.8809E-05 2.0000E-04
5.4325E-05 2.0000E-04
6.6073E-05 2.0000E-04
1.4821E-04 2.0000E-04
4.7358E-05 2.0000E-04
4.1892E-05 2.0000E-04
6.3359E-05 2.0000E-04
9.4234E-05 2.0000E-04
6.1500E-05 2.0000E-04
5.7593E-05 2.0000E-04
7.2255E-05 2.0000E-04
6.6343E-05 2.0000E-04
9.4689E-05 2.0000E-04
6.8961E-05 2.0000E-04
6.2900E-05 2.0000E-04
7.7040E-05 2.0000E-04
1.4005E-04 2.0000E-04
6.9872E-05 2.0000E-04
6.4459E-05 2.0000E-04
7.9087E-05 2.0000E-04
1.3423E-04 2.0000E-04
1.0611E-04 2.0000E-04
9.7965E-05 2.0000E-04
7.4993E-05 2.0000E-04
8.8172E-05 2.0000E-04
1.2249E-04 2.0000E-04
8.5785E-05 2.0000E-04
9.0596E-05 2.0000E-04
1.3157E-04 2.0000E-04
1.0743E-04 2.0000E-04
8.2244E-05 2.0000E-04
8.3482E-05 2.0000E-04
9.8413E-05 2.0000E-04
1.1706E-04 2.0000E-04
7.6619E-05 2.0000E-04
7.5155E-05 2.0000E-04
9.4642E-05 2.0000E-04
1.3409E-04 2.0000E-04
8.1774E-05 2.0000E-04
1.0580E-04 2.0000E-04
1.0050E-04 2.0000E-04
7.6594E-05 2.0000E-04
8.8153E-05 2.0000E-04
1.0456E-04 2.0000E-04
8.6052E-05 2.0000E-04
1.5855E-04 2.0000E-04
8.5691E-05 2.0000E-04
8.2450E-05 2.0000E-04
1.2905E-04 2.0000E-04
1.1010E-04 2.0000E-04
8.1139E-05 2.0000E-04
1.1107E-04 2.0000E-04
1.0914E-04 2.0000E-04
9.3478E-05 2.0000E-04
1.3212E-04 2.0000E-04
1.0471E-04 2.0000E-04
9.9318E-05 2.0000E-04
1.7610E-04 2.0000E-04
1.1910E-04 2.0000E-04
7.7673E-05 2.0000E-04
7.3971E-05 2.0000E-04
9.7724E-05 2.0000E-04
1.6988E-04 2.0000E-04
7.7260E-05 2.0000E-04
6.9960E-05 2.0000E-04
8.2680E-05 2.0000E-04
1.7221E-04 2.0000E-04
7.5461E-05 2.0000E-04
6.5498E-05 2.0000E-04
7.4409E-05 2.0000E-04
9.7838E-05 2.0000E-04
7.6788E-05 2.0000E-04
5.2977E-05 2.0000E-04
5.6390E-05 2.0000E-04
7.2674E-05 2.0000E-04
5.9945E-05 2.0000E-04
5.7313E-05 2.0000E-04
4.8447E-05 2.0000E-04
4.9431E-05 2.0000E-04
6.9172E-05 2.0000E-04
4.0866E-05 2.0000E-04
4.0670E-05 2.0000E-04
4.6026E-05 2.0000E-04
9.5155E-05 2.0000E-04
3.5537E-05 2.0000E-04
3.2003E-05 2.0000E-04
3.9528E-05 2.0000E-04
6.9839E-05 2.0000E-04
3.5958E-05 2.0000E-04
2.8960E-05 2.0000E-04
4.0395E-05 2.0000E-04
5.6106E-05 2.0000E-04
3.6660E-05 2.0000E-04
3.3806E-05 2.0000E-04
4.1679E-05 2.0000E-04
3.5767E-05 2.0000E-04
8.0394E-05 2.0000E-04
3.1342E-05 2.0000E-04
2.8689E-05 2.0000E-04
3.5649E-05 2.0000E-04
1.0184E-04 2.0000E-04
3.4792E-05 2.0000E-04
2.4385E-05 2.0000E-04
3.2804E-05 2.0000E-04
3.6391E-05 2.0000E-04
7.6038E-05 2.0000E-04
3.4346E-05 2.0000E-04
2.7352E-05 2.0000E-04
3.9116E-05 2.0000E-04
8.0300E-05 2.0000E-04
3.7061E-05 2.0000E-04
3.2301E-05 2.0000E-04
3.9637E-05 2.0000E-04
5.0096E-05 2.0000E-04
6.7146E-05 2.0000E-04
3.3258E-05 2.0000E-04
3.5320E-05 2.0000E-04
4.6449E-05 2.0000E-04
1.0023E-04 2.0000E-04
4.3183E-05 2.0000E-04
3.8916E-05 2.0000E-04
4.8240E-05 2.0000E-04
7.0959E-05 2.0000E-04
6.8389E-05 2.0000E-04
4.3271E-05 2.0000E-04
5.6720E-05 2.0000E-04
7.6540E-05 2.0000E-04
6.2120E-05 2.0000E-04
1.0149E-04 2.0000E-04
6.6824E-05 2.0000E-04
6.5559E-05 2.0000E-04
1.2927E-04 2.0000E-04
8.6655E-05 2.0000E-04
7.2271E-05 2.0000E-04
1.0986E-04 2.0000E-04
1.7231E-04 2.0000E-04
1.2188E-04 2.0000E-04
1.3377E-04 2.0000E-04
9.8489E-05 2.0000E-04
1.0343E-04 2.0000E-04
1.6870E-04 2.0000E-04
1.4089E-04 2.0000E-04
1.0427E-04 2.0000E-04
1.3823E-04 2.0000E-04
1.6796E-04 2.0000E-04
1.8031E-04 2.0000E-04
1.1254E-04 2.0000E-04
1.1179E-04 2.0000E-04
1.4005E-04 2.0000E-04
1.4520E-04 2.0000E-04
1.5769E-04 2.0000E-04
1.0949E-04 2.0000E-04
1.0656E-04 2.0000E-04
1.3874E-04 2.0000E-04
1.4635E-04 2.0000E-04
1.1034E-04 2.0000E-04
1.3095E-04 2.0000E-04
1.8972E-04 2.0000E-04
1.3456E-04 2.0000E-04
1.3933E-04 2.0000E-04
1.2216E-04 2.0000E-04
1.3426E-04 2.0000E-04
2.0389E-04 2.0000E-04
1.2061E-04 2.0000E-04
1.0927E-04 2.0000E-04
1.2940E-04 2.0000E-04
1.9496E-04 2.0000E-04
1.2482E-04 2.0000E-04
1.2307E-04 2.0000E-04
1.2119E-04 2.0000E-04
9.7629E-05 2.0000E-04
8.8667E-05 2.0000E-04
1.2192E-04 2.0000E-04
9.7554E-05 2.0000E-04
7.6647E-05 2.0000E-04
8.6399E-05 2.0000E-04
1.1807E-04 2.0000E-04
7.4467E-05 2.0000E-04
7.2788E-05 2.0000E-04
9.4411E-05 2.0000E-04
7.7156E-05 2.0000E-04
1.0334E-04 2.0000E-04
8.2297E-05 2.0000E-04
6.9809E-05 2.0000E-04
8.6432E-05 2.0000E-04
1.3883E-04 2.0000E-04
7.5241E-05 2.0000E-04
6.0266E-05 2.0000E-04
7.4881E-05 2.0000E-04
1.2896E-04 2.0000E-04
7.8577E-05 2.0000E-04
6.0951E-05 2.0000E-04
6.7965E-05 2.0000E-04
9.9398E-05 2.0000E-04
7.3919E-05 2.0000E-04
6.8102E-05 2.0000E-04
6.8354E-05 2.0000E-04
5.9437E-05 2.0000E-04
8.2073E-05 2.0000E-04
6.6636E-05 2.0000E-04
5.6335E-05 2.0000E-04
6.6981E-05 2.0000E-04
8.9397E-05 2.0000E-04
5.4447E-05 2.0000E-04
4.4633E-05 2.0000E-04
5.2770E-05 2.0000E-04
9.9418E-05 2.0000E-04
4.9862E-05 2.0000E-04
4.5246E-05 2.0000E-04
5.6030E-05 2.0000E-04
1.1513E-04 2.0000E-04
5.3240E-05 2.0000E-04
4.1809E-05 2.0000E-04
5.0425E-05 2.0000E-04
5.9104E-05 2.0000E-04
1.1755E-04 2.0000E-04
4.6387E-05 2.0000E-04
4.2488E-05 2.0000E-04
5.4787E-05 2.0000E-04
1.2009E-04 2.0000E-04
5.2971E-05 2.0000E-04
4.3125E-05 2.0000E-04
5.5294E-05 2.0000E-04
8.3749E-05 2.0000E-04
5.9380E-05 2.0000E-04
4.7076E-05 2.0000E-04
8.3032E-05 2.0000E-04
6.9117E-05 2.0000E-04
5.6962E-05 2.0000E-04
7.5795E-05 2.0000E-04
9.6746E-05 2.0000E-04
6.2792E-05 2.0000E-04
4.8042E-05 2.0000E-04
5.5134E-05 2.0000E-04
1.3294E-04 2.0000E-04
5.5746E-05 2.0000E-04
5.2467E-05 2.0000E-04
6.9560E-05 2.0000E-04
1.3498E-04 2.0000E-04
6.5837E-05 2.0000E-04
5.6256E-05 2.0000E-04
6.9014E-05 2.0000E-04
1.4021E-04 2.0000E-04
7.6162E-05 2.0000E-04
6.3160E-05 2.0000E-04
8.9241E-05 2.0000E-04
1.4315E-04 2.0000E-04
8.7360E-05 2.0000E-04
8.5902E-05 2.0000E-04
1.1313E-04 2.0000E-04
9.5976E-05 2.0000E-04
1.1743E-04 2.0000E-04
1.1263E-04 2.0000E-04
8.9150E-05 2.0000E-04
1.1611E-04 2.0000E-04
1.5444E-04 2.0000E-04
8.7934E-05 2.0000E-04
7.6910E-05 2.0000E-04
9.3058E-05 2.0000E-04
1.7649E-04 2.0000E-04
8.2275E-05 2.0000E-04
7.2493E-05 2.0000E-04
8.9663E-05 2.0000E-04
1.4072E-04 2.0000E-04
7.9929E-05 2.0000E-04
7.3607E-05 2.0000E-04
8.3688E-05 2.0000E-04
1.2551E-04 2.0000E-04
8.7124E-05 2.0000E-04
6.4190E-05 2.0000E-04
7.2996E-05 2.0000E-04
1.1031E-04 2.0000E-04
7.2718E-05 2.0000E-04
6.4791E-05 2.0000E-04
9.1002E-05 2.0000E-04
7.5241E-05 2.0000E-04
6.7981E-05 2.0000E-04
9.1479E-05 2.0000E-04
7.1898E-05 2.0000E-04
6.6493E-05 2.0000E-04
8.9350E-05 2.0000E-04
7.3717E-05 2.0000E-04
6.5977E-05 2.0000E-04
8.3302E-05 2.0000E-04
7.8852E-05 2.0000E-04
6.5381E-05 2.0000E-04
8.3935E-05 2.0000E-04
1.1406E-04 2.0000E-04
7.0208E-05 2.0000E-04
6.3051E-05 2.0000E-04
7.0205E-05 2.0000E-04
1.9916E-04 2.0000E-04
6.1767E-05 2.0000E-04
5.2113E-05 2.0000E-04
7.1131E-05 2.0000E-04
1.4063E-04 2.0000E-04
6.7519E-05 2.0000E-04
5.2765E-05 2.0000E-04
6.6295E-05 2.0000E-04
9.3178E-05 2.0000E-04
5.8386E-05 2.0000E-04
5.1677E-05 2.0000E-04
7.3169E-05 2.0000E-04
5.6512E-05 2.0000E-04
5.0700E-05 2.0000E-04
6.6977E-05 2.0000E-04
4.8720E-05 2.0000E-04
4.6991E-05 2.0000E-04
6.0225E-05 2.0000E-04
4.5779E-05 2.0000E-04
4.7634E-05 2.0000E-04
6.7533E-05 2.0000E-04
4.2938E-05 2.0000E-04
3.9381E-05 2.0000E-04
4.8608E-05 2.0000E-04
4.3351E-05 2.0000E-04
4.6266E-05 2.0000E-04
4.2734E-05 2.0000E-04
4.3905E-05 2.0000E-04
4.3229E-05 2.0000E-04
4.6868E-05 2.0000E-04
4.1762E-05 2.0000E-04
3.8826E-05 2.0000E-04
4.8603E-05 2.0000E-04
3.9785E-05 2.0000E-04
4.0573E-05 2.0000E-04
4.7747E-05 2.0000E-04
3.8344E-05 2.0000E-04
4.0203E-05 2.0000E-04
5.6094E-05 2.0000E-04
4.1148E-05 2.0000E-04
3.9675E-05 2.0000E-04
4.6355E-05 2.0000E-04
6.0144E-05 2.0000E-04
4.0751E-05 2.0000E-04
4.1573E-05 2.0000E-04
6.3535E-05 2.0000E-04
4.6270E-05 2.0000E-04
4.4480E-05 2.0000E-04
7.5269E-05 2.0000E-04
6.6753E-05 2.0000E-04
6.6783E-05 2.0000E-04
5.4267E-05 2.0000E-04
7.0866E-05 2.0000E-04
6.9809E-05 2.0000E-04
7.2448E-05 2.0000E-04
8.4792E-05 2.0000E-04
8.3925E-05 2.0000E-04
1.1069E-04 2.0000E-04
1.3000E-04 2.0000E-04
8.0915E-05 2.0000E-04
1.0705E-04 2.0000E-04
9.9175E-05 2.0000E-04
1.6496E-04 2.0000E-04
1.2153E-04 2.0000E-04
9.6532E-05 2.0000E-04
1.1561E-04 2.0000E-04
1.7815E-04 2.0000E-04
2.0733E-04 2.0000E-04
8.4108E-05 2.0000E-04
1.2138E-04 2.0000E-04
1.2086E-04 2.0000E-04
2.1536E-04 2.0000E-04
1.2447E-04 2.0000E-04
9.1943E-05 2.0000E-04
1.3446E-04 2.0000E-04
1.9881E-04 2.0000E-04
1.4008E-04 2.0000E-04
2.2152E-04 2.0000E-04
8.7605E-05 2.0000E-04
8.0263E-05 2.0000E-04
1.0034E-04 2.0000E-04
1.1289E-04 2.0000E-04
1.7350E-04 2.0000E-04
8.0189E-05 2.0000E-04
8.9818E-05 2.0000E-04
1.1332E-04 2.0000E-04
1.7522E-04 2.0000E-04
9.8586E-05 2.0000E-04
1.0704E-04 2.0000E-04
1.7088E-04 2.0000E-04
1.4327E-04 2.0000E-04
1.0714E-04 2.0000E-04
1.3663E-04 2.0000E-04
1.5160E-04 2.0000E-04
1.3720E-04 2.0000E-04
2.6235E-04 2.0000E-04
1.2217E-04 2.0000E-04
1.2354E-04 2.0000E-04
1.8645E-04 2.0000E-04
1.1376E-04 2.0000E-04
1.1020E-04 2.0000E-04
1.1705E-04 2.0000E-04
2.1289E-04 2.0000E-04
1.0651E-04 2.0000E-04
8.0842E-05 2.0000E-04
9.0578E-05 2.0000E-04
1.4064E-04 2.0000E-04
8.7775E-05 2.0000E-04
6.7394E-05 2.0000E-04
9.8265E-05 2.0000E-04
1.1986E-04 2.0000E-04
7.8909E-05 2.0000E-04
7.3462E-05 2.0000E-04
9.0791E-05 2.0000E-04
8.4120E-05 2.0000E-04
1.7079E-04 2.0000E-04
7.5343E-05 2.0000E-04
5.9140E-05 2.0000E-04
5.4746E-05 2.0000E-04
1.5018E-04 2.0000E-04
6.9053E-05 2.0000E-04
5.7391E-05 2.0000E-04
7.2141E-05 2.0000E-04
1.0602E-04 2.0000E-04
1.0830E-04 2.0000E-04
6.1628E-05 2.0000E-04
7.0764E-05 2.0000E-04
8.5321E-05 2.0000E-04
1.1331E-04 2.0000E-04
8.5958E-05 2.0000E-04
7.0256E-05 2.0000E-04
7.8547E-05 2.0000E-04
1.2788E-04 2.0000E-04
8.9756E-05 2.0000E-04
7.8902E-05 2.0000E-04
7.0242E-05 2.0000E-04
8.9645E-05 2.0000E-04
1.0752E-04 2.0000E-04
7.0343E-05 2.0000E-04
7.6358E-05 2.0000E-04
9.7510E-05 2.0000E-04
9.3622E-05 2.0000E-04
1.4591E-04 2.0000E-04
8.9662E-05 2.0000E-04
7.7299E-05 2.0000E-04
9.2361E-05 2.0000E-04
1.2169E-04 2.0000E-04
8.2279E-05 2.0000E-04
8.4364E-05 2.0000E-04
9.5051E-05 2.0000E-04
1.1337E-04 2.0000E-04
8.9144E-05 2.0000E-04
9.3843E-05 2.0000E-04
1.2841E-04 2.0000E-04
9.2936E-05 2.0000E-04
8.4563E-05 2.0000E-04
1.0176E-04 2.0000E-04
8.9438E-05 2.0000E-04
1.5172E-04 2.0000E-04
9.5813E-05 2.0000E-04
1.0957E-04 2.0000E-04
1.8707E-04 2.0000E-04
1.0161E-04 2.0000E-04
8.6844E-05 2.0000E-04
1.0256E-04 2.0000E-04
1.4182E-04 2.0000E-04
1.1976E-04 2.0000E-04
7.9200E-05 2.0000E-04
8.8459E-05 2.0000E-04
1.0089E-04 2.0000E-04
1.1049E-04 2.0000E-04
9.3408E-05 2.0000E-04
7.9139E-05 2.0000E-04
8.3056E-05 2.0000E-04
1.5168E-04 2.0000E-04
7.2915E-05 2.0000E-04
7.0003E-05 2.0000E-04
8.5183E-05 2.0000E-04
1.5376E-04 2.0000E-04
6.8199E-05 2.0000E-04
5.9608E-05 2.0000E-04
7.8138E-05 2.0000E-04
1.3315E-04 2.0000E-04
6.9436E-05 2.0000E-04
5.8967E-05 2.0000E-04
7.6286E-05 2.0000E-04
1.0642E-04 2.0000E-04
7.0642E-05 2.0000E-04
6.6116E-05 2.0000E-04
8.6696E-05 2.0000E-04
1.1645E-04 2.0000E-04
6.4182E-05 2.0000E-04
6.7728E-05 2.0000E-04
8.6743E-05 2.0000E-04
9.0351E-05 2.0000E-04
9.6137E-05 2.0000E-04
7.2505E-05 2.0000E-04
7.9650E-05 2.0000E-04
1.0348E-04 2.0000E-04
9.1940E-05 2.0000E-04
9.0750E-05 2.0000E-04
1.0807E-04 2.0000E-04
1.0404E-04 2.0000E-04
9.0868E-05 2.0000E-04
1.0571E-04 2.0000E-04
1.3286E-04 2.0000E-04
1.0260E-04 2.0000E-04
1.2522E-04 2.0000E-04
1.2665E-04 2.0000E-04
1.3163E-04 2.0000E-04
1.7172E-04 2.0000E-04
1.3533E-04 2.0000E-04
1.0848E-04 2.0000E-04
1.0039E-04 2.0000E-04
1.1769E-04 2.0000E-04
1.8860E-04 2.0000E-04
1.0559E-04 2.0000E-04
1.0198E-04 2.0000E-04
1.2976E-04 2.0000E-04
1.1825E-04 2.0000E-04
1.2447E-04 2.0000E-04
1.0980E-04 2.0000E-04
9.9064E-05 2.0000E-04
1.4147E-04 2.0000E-04
1.2098E-04 2.0000E-04
9.4928E-05 2.0000E-04
9.7502E-05 2.0000E-04
1.7194E-04 2.0000E-04
9.5592E-05 2.0000E-04
8.2146E-05 2.0000E-04
9.3567E-05 2.0000E-04
1.3481E-04 2.0000E-04
1.1653E-04 2.0000E-04
8.7454E-05 2.0000E-04
8.6316E-05 2.0000E-04
1.2810E-04 2.0000E-04
1.0195E-04 2.0000E-04
8.4617E-05 2.0000E-04
9.4008E-05 2.0000E-04
9.5482E-05 2.0000E-04
8.2518E-05 2.0000E-04
9.5859E-05 2.0000E-04
8.2840E-05 2.0000E-04
7.3475E-05 2.0000E-04
9.3945E-05 2.0000E-04
7.5015E-05 2.0000E-04
6.7349E-05 2.0000E-04
8.2985E-05 2.0000E-04
9.1137E-05 2.0000E-04
6.8928E-05 2.0000E-04
6.7388E-05 2.0000E-04
1.0823E-04 2.0000E-04
7.0488E-05 2.0000E-04
6.0339E-05 2.0000E-04
8.1189E-05 2.0000E-04
6.6439E-05 2.0000E-04
8.4111E-05 2.0000E-04
6.3362E-05 2.0000E-04
6.0610E-05 2.0000E-04
9.2243E-05 2.0000E-04
7.1143E-05 2.0000E-04
5.9932E-05 2.0000E-04
6.7574E-05 2.0000E-04
7.8238E-05 2.0000E-04
6.0094E-05 2.0000E-04
6.5313E-05 2.0000E-04
8.8388E-05 2.0000E-04
6.5558E-05 2.0000E-04
7.5610E-05 2.0000E-04
9.8490E-05 2.0000E-04
7.1617E-05 2.0000E-04
8.8872E-05 2.0000E-04
1.1264E-04 2.0000E-04
8.2666E-05 2.0000E-04
9.1611E-05 2.0000E-04
7.9473E-05 2.0000E-04
7.9696E-05 2.0000E-04
1.5240E-04 2.0000E-04
9.2410E-05 2.0000E-04
9.7988E-05 2.0000E-04
1.0736E-04 2.0000E-04
1.5088E-04 2.0000E-04
8.9579E-05 2.0000E-04
9.9031E-05 2.0000E-04
1.2291E-04 2.0000E-04
1.7928E-04 2.0000E-04
1.3560E-04 2.0000E-04
2.0569E-04 2.0000E-04
1.0914E-04 2.0000E-04
9.9635E-05 2.0000E-04
1.2341E-04 2.0000E-04
1.6267E-04 2.0000E-04
1.4010E-04 2.0000E-04
1.1121E-04 2.0000E-04
1.2314E-04 2.0000E-04
1.1321E-04 2.0000E-04
1.5079E-04 2.0000E-04
1.0676E-04 2.0000E-04
9.4964E-05 2.0000E-04
1.0899E-04 2.0000E-04
1.8159E-04 2.0000E-04
8.6171E-05 2.0000E-04
6.8250E-05 2.0000E-04
8.5309E-05 2.0000E-04
1.4048E-04 2.0000E-04
7.0720E-05 2.0000E-04
6.0460E-05 2.0000E-04
7.0878E-05 2.0000E-04
1.3617E-04 2.0000E-04
5.6749E-05 2.0000E-04
4.9257E-05 2.0000E-04
5.8904E-05 2.0000E-04
1.0095E-04 2.0000E-04
5.3993E-05 2.0000E-04
4.2526E-05 2.0000E-04
5.8151E-05 2.0000E-04
9.0584E-05 2.0000E-04
5.0482E-05 2.0000E-04
4.0009E-05 2.0000E-04
4.5336E-05 2.0000E-04
1.0331E-04 2.0000E-04
4.1698E-05 2.0000E-04
3.5117E-05 2.0000E-04
4.1726E-05 2.0000E-04
8.8552E-05 2.0000E-04
4.0885E-05 2.0000E-04
3.1374E-05 2.0000E-04
3.7189E-05 2.0000E-04
6.1355E-05 2.0000E-04
4.1596E-05 2.0000E-04
3.0244E-05 2.0000E-04
4.3582E-05 2.0000E-04
5.9384E-05 2.0000E-04
3.9112E-05 2.0000E-04
3.3077E-05 2.0000E-04
3.8654E-05 2.0000E-04
3.6547E-05 2.0000E-04
6.2284E-05 2.0000E-04
3.3697E-05 2.0000E-04
2.8667E-05 2.0000E-04
4.1368E-05 2.0000E-04
4.2907E-05 2.0000E-04
2.9507E-05 2.0000E-04
3.3371E-05 2.0000E-04
4.1204E-05 2.0000E-04
3.1814E-05 2.0000E-04
4.8856E-05 2.0000E-04
3.0908E-05 2.0000E-04
2.6485E-05 2.0000E-04
3.3768E-05 2.0000E-04
5.4547E-05 2.0000E-04
2.6769E-05 2.0000E-04
1.9879E-05 2.0000E-04
2.3868E-05 2.0000E-04
3.0730E-05 2.0000E-04
3.7513E-05 2.0000E-04
1.7908E-05 2.0000E-04
1.8986E-05 2.0000E-04
2.3789E-05 2.0000E-04
5.5865E-05 2.0000E-04
2.0625E-05 2.0000E-04
1.6829E-05 2.0000E-04
2.0700E-05 2.0000E-04
2.5525E-05 2.0000E-04
5.4397E-05 2.0000E-04
1.6963E-05 2.0000E-04
1.5872E-05 2.0000E-04
2.1181E-05 2.0000E-04
3.0601E-05 2.0000E-04
3.1634E-05 2.0000E-04
1.6467E-05 2.0000E-04
2.0479E-05 2.0000E-04
2.4829E-05 2.0000E-04
4.7049E-05 2.0000E-04
2.0386E-05 2.0000E-04
1.8891E-05 2.0000E-04
2.3753E-05 2.0000E-04
4.0455E-05 2.0000E-04
2.3535E-05 2.0000E-04
1.8846E-05 2.0000E-04
2.5940E-05 2.0000E-04
3.2984E-05 2.0000E-04
2.4743E-05 2.0000E-04
2.5828E-05 2.0000E-04
2.8777E-05 2.0000E-04
2.5737E-05 2.0000E-04
4.2265E-05 2.0000E-04
2.8141E-05 2.0000E-04
2.1974E-05 2.0000E-04
2.4495E-05 2.0000E-04
3.9793E-05 2.0000E-04
2.5832E-05 2.0000E-04
2.3104E-05 2.0000E-04
2.8272E-05 2.0000E-04
2.9267E-05 2.0000E-04
5.3129E-05 2.0000E-04
2.5716E-05 2.0000E-04
2.2222E-05 2.0000E-04
2.6825E-05 2.0000E-04
5.8646E-05 2.0000E-04
2.7460E-05 2.0000E-04
2.2379E-05 2.0000E-04
2.7654E-05 2.0000E-04
5.5714E-05 2.0000E-04
2.9975E-05 2.0000E-04
2.4153E-05 2.0000E-04
2.8704E-05 2.0000E-04
6.0870E-05 2.0000E-04
2.9724E-05 2.0000E-04
2.6157E-05 2.0000E-04
3.5380E-05 2.0000E-04
4.8416E-05 2.0000E-04
3.4576E-05 2.0000E-04
3.2408E-05 2.0000E-04
4.1954E-05 2.0000E-04
3.7263E-05 2.0000E-04
8.9862E-05 2.0000E-04
3.4734E-05 2.0000E-04
3.4470E-05 2.0000E-04
5.9787E-05 2.0000E-04
4.1725E-05 2.0000E-04
3.4823E-05 2.0000E-04
5.2530E-05 2.0000E-04
6.7375E-05 2.0000E-04
4.6046E-05 2.0000E-04
4.5002E-05 2.0000E-04
6.0961E-05 2.0000E-04
4.4607E-05 2.0000E-04
5.0605E-05 2.0000E-04
5.3476E-05 2.0000E-04
4.4874E-05 2.0000E-04
7.5722E-05 2.0000E-04
6.0115E-05 2.0000E-04
3.9432E-05 2.0000E-04
4.2329E-05 2.0000E-04
5.0601E-05 2.0000E-04
4.0834E-05 2.0000E-04
5.2730E-05 2.0000E-04
4.2628E-05 2.0000E-04
3.8955E-05 2.0000E-04
5.3743E-05 2.0000E-04
6.1407E-05 2.0000E-04
3.8714E-05 2.0000E-04
3.9609E-05 2.0000E-04
4.6000E-05 2.0000E-04
5.4828E-05 2.0000E-04
4.5650E-05 2.0000E-04
4.0810E-05 2.0000E-04
4.1654E-05 2.0000E-04
6.8080E-05 2.0000E-04
3.8286E-05 2.0000E-04
3.6751E-05 2.0000E-04
4.3947E-05 2.0000E-04
7.3486E-05 2.0000E-04
3.4752E-05 2.0000E-04
3.4979E-05 2.0000E-04
4.0600E-05 2.0000E-04
8.8040E-05 2.0000E-04
3.7130E-05 2.0000E-04
3.0279E-05 2.0000E-04
3.7853E-05 2.0000E-04
6.3813E-05 2.0000E-04
3.7507E-05 2.0000E-04
3.1677E-05 2.0000E-04
4.5370E-05 2.0000E-04
4.4985E-05 2.0000E-04
3.9171E-05 2.0000E-04
4.4732E-05 2.0000E-04
4.0154E-05 2.0000E-04
3.8705E-05 2.0000E-04
4.0651E-05 2.0000E-04
5.1799E-05 2.0000E-04
3.6809E-05 2.0000E-04
3.3636E-05 2.0000E-04
5.5108E-05 2.0000E-04
3.7446E-05 2.0000E-04
3.4047E-05 2.0000E-04
5.0750E-05 2.0000E-04
3.5647E-05 2.0000E-04
3.2829E-05 2.0000E-04
4.3209E-05 2.0000E-04
5.8090E-05 2.0000E-04
3.2830E-05 2.0000E-04
3.1612E-05 2.0000E-04
3.6074E-05 2.0000E-04
8.8461E-05 2.0000E-04
3.2972E-05 2.0000E-04
2.7367E-05 2.0000E-04
3.3682E-05 2.0000E-04
6.0769E-05 2.0000E-04
3.4889E-05 2.0000E-04
2.8183E-05 2.0000E-04
3.9631E-05 2.0000E-04
5.1102E-05 2.0000E-04
3.1863E-05 2.0000E-04
3.4017E-05 2.0000E-04
4.4864E-05 2.0000E-04
4.1992E-05 2.0000E-04
6.5042E-05 2.0000E-04
3.3751E-05 2.0000E-04
3.3582E-05 2.0000E-04
4.2847E-05 2.0000E-04
8.8831E-05 2.0000E-04
3.9765E-05 2.0000E-04
3.3345E-05 2.0000E-04
4.0777E-05 2.0000E-04
7.3482E-05 2.0000E-04
4.1447E-05 2.0000E-04
3.6999E-05 2.0000E-04
5.3666E-05 2.0000E-04
6.3325E-05 2.0000E-04
4.2417E-05 2.0000E-04
5.5598E-05 2.0000E-04
6.5603E-05 2.0000E-04
5.9335E-05 2.0000E-04
8.9318E-05 2.0000E-04
5.4966E-05 2.0000E-04
6.3296E-05 2.0000E-04
8.2581E-05 2.0000E-04
7.3612E-05 2.0000E-04
6.0427E-05 2.0000E-04
8.1378E-05 2.0000E-04
9.0866E-05 2.0000E-04
1.0959E-04 2.0000E-04
9.4133E-05 2.0000E-04
1.2660E-04 2.0000E-04
9.1038E-05 2.0000E-04
7.6678E-05 2.0000E-04
9.7787E-05 2.0000E-04
1.4333E-04 2.0000E-04
1.0931E-04 2.0000E-04
1.2547E-04 2.0000E-04
1.0513E-04 2.0000E-04
9.2677E-05 2.0000E-04
1.1320E-04 2.0000E-04
1.3166E-04 2.0000E-04
9.5288E-05 2.0000E-04
9.3659E-05 2.0000E-04
1.1570E-04 2.0000E-04
1.0229E-04 2.0000E-04
1.5168E-04 2.0000E-04
1.0241E-04 2.0000E-04
1.3138E-04 2.0000E-04
1.3649E-04 2.0000E-04
1.1104E-04 2.0000E-04
1.3165E-04 2.0000E-04
1.4922E-04 2.0000E-04
1.5120E-04 2.0000E-04
1.3788E-04 2.0000E-04
1.5044E-04 2.0000E-04
2.2207E-04 2.0000E-04
1.8043E-04 2.0000E-04
1.4494E-04 2.0000E-04
1.6017E-04 2.0000E-04
2.1194E-04 2.0000E-04
1.7455E-04 2.0000E-04
1.6125E-04 2.0000E-04
2.2650E-04 2.0000E-04
1.9835E-04 2.0000E-04
2.2271E-04 2.0000E-04
1.8026E-04 2.0000E-04
1.4867E-04 2.0000E-04
1.4346E-04 2.0000E-04
1.9001E-04 2.0000E-04
1.4117E-04 2.0000E-04
1.0736E-04 2.0000E-04
1.1930E-04 2.0000E-04
1.4035E-04 2.0000E-04
9.8650E-05 2.0000E-04
9.7963E-05 2.0000E-04
1.0175E-04 2.0000E-04
8.6766E-05 2.0000E-04
1.1425E-04 2.0000E-04
9.8816E-05 2.0000E-04
7.2470E-05 2.0000E-04
6.9746E-05 2.0000E-04
1.1206E-04 2.0000E-04
7.7085E-05 2.0000E-04
6.9741E-05 2.0000E-04
9.1914E-05 2.0000E-04
7.7491E-05 2.0000E-04
1.3350E-04 2.0000E-04
7.5386E-05 2.0000E-04
6.5339E-05 2.0000E-04
8.5956E-05 2.0000E-04
1.6013E-04 2.0000E-04
6.9480E-05 2.0000E-04
4.9024E-05 2.0000E-04
6.3861E-05 2.0000E-04
1.0626E-04 2.0000E-04
7.6664E-05 2.0000E-04
5.2685E-05 2.0000E-04
6.8846E-05 2.0000E-04
8.9778E-05 2.0000E-04
6.3405E-05 2.0000E-04
6.9009E-05 2.0000E-04
6.9410E-05 2.0000E-04
6.0135E-05 2.0000E-04
9.2039E-05 2.0000E-04
8.4162E-05 2.0000E-04
5.1284E-05 2.0000E-04
4.2664E-05 2.0000E-04
5.5623E-05 2.0000E-04
9.6673E-05 2.0000E-04
4.8092E-05 2.0000E-04
4.9757E-05 2.0000E-04
5.7371E-05 2.0000E-04
1.4748E-04 2.0000E-04
5.2066E-05 2.0000E-04
4.1707E-05 2.0000E-04
5.6315E-05 2.0000E-04
6.4510E-05 2.0000E-04
1.3263E-04 2.0000E-04
5.3250E-05 2.0000E-04
4.3552E-05 2.0000E-04
5.8739E-05 2.0000E-04
1.0772E-04 2.0000E-04
6.4196E-05 2.0000E-04
5.9390E-05 2.0000E-04
8.1653E-05 2.0000E-04
9.6717E-05 2.0000E-04
7.3390E-05 2.0000E-04
9.8643E-05 2.0000E-04
1.0216E-04 2.0000E-04
8.9008E-05 2.0000E-04
1.6033E-04 2.0000E-04
1.2556E-04 2.0000E-04
1.1942E-04 2.0000E-04
9.1093E-05 2.0000E-04
8.7454E-05 2.0000E-04
1.5071E-04 2.0000E-04
1.1816E-04 2.0000E-04
9.2282E-05 2.0000E-04
1.1583E-04 2.0000E-04
1.9091E-04 2.0000E-04
1.0080E-04 2.0000E-04
8.3290E-05 2.0000E-04
1.0173E-04 2.0000E-04
1.6017E-04 2.0000E-04
1.2824E-04 2.0000E-04
9.4873E-05 2.0000E-04
8.1597E-05 2.0000E-04
9.9940E-05 2.0000E-04
9.2064E-05 2.0000E-04
1.0429E-04 2.0000E-04
7.8962E-05 2.0000E-04
7.4226E-05 2.0000E-04
1.3865E-04 2.0000E-04
6.6489E-05 2.0000E-04
6.1267E-05 2.0000E-04
7.1872E-05 2.0000E-04
1.8111E-04 2.0000E-04
6.6379E-05 2.0000E-04
4.7130E-05 2.0000E-04
6.4041E-05 2.0000E-04
7.2814E-05 2.0000E-04
1.1559E-04 2.0000E-04
4.8819E-05 2.0000E-04
4.9086E-05 2.0000E-04
6.2364E-05 2.0000E-04
1.1941E-04 2.0000E-04
5.5413E-05 2.0000E-04
4.1520E-05 2.0000E-04
5.2163E-05 2.0000E-04
7.5564E-05 2.0000E-04
5.6548E-05 2.0000E-04
4.0356E-05 2.0000E-04
5.0246E-05 2.0000E-04
6.8045E-05 2.0000E-04
5.1865E-05 2.0000E-04
3.9315E-05 2.0000E-04
4.8376E-05 2.0000E-04
5.9965E-05 2.0000E-04
5.1120E-05 2.0000E-04
4.4100E-05 2.0000E-04
3.9029E-05 2.0000E-04
4.3219E-05 2.0000E-04
7.6904E-05 2.0000E-04
3.7280E-05 2.0000E-04
3.3951E-05 2.0000E-04
3.9393E-05 2.0000E-04
7.7422E-05 2.0000E-04
3.5557E-05 2.0000E-04
2.8613E-05 2.0000E-04
3.7418E-05 2.0000E-04
6.4795E-05 2.0000E-04
3.7528E-05 2.0000E-04
2.9170E-05 2.0000E-04
3.5481E-05 2.0000E-04
6.7436E-05 2.0000E-04
3.3195E-05 2.0000E-04
2.9267E-05 2.0000E-04
3.6344E-05 2.0000E-04
7.0793E-05 2.0000E-04
3.7826E-05 2.0000E-04
2.9382E-05 2.0000E-04
3.4920E-05 2.0000E-04
7.2266E-05 2.0000E-04
3.4641E-05 2.0000E-04
3.0432E-05 2.0000E-04
4.2545E-05 2.0000E-04
6.2763E-05 2.0000E-04
3.7758E-05 2.0000E-04
3.3236E-05 2.0000E-04
4.1560E-05 2.0000E-04
5.0722E-05 2.0000E-04
3.9563E-05 2.0000E-04
3.6666E-05 2.0000E-04
4.4486E-05 2.0000E-04
3.6978E-05 2.0000E-04
3.4480E-05 2.0000E-04
3.9484E-05 2.0000E-04
4.1762E-05 2.0000E-04
3.0680E-05 2.0000E-04
3.2285E-05 2.0000E-04
4.7570E-05 2.0000E-04
3.0180E-05 2.0000E-04
2.7163E-05 2.0000E-04
3.6500E-05 2.0000E-04
3.2218E-05 2.0000E-04
2.9378E-05 2.0000E-04
2.8670E-05 2.0000E-04
3.1762E-05 2.0000E-04
2.9431E-05 2.0000E-04
2.5563E-05 2.0000E-04
2.4519E-05 2.0000E-04
2.6636E-05 2.0000E-04
3.1665E-05 2.0000E-04
2.1595E-05 2.0000E-04
2.0697E-05 2.0000E-04
2.9594E-05 2.0000E-04
2.2123E-05 2.0000E-04
1.9482E-05 2.0000E-04
2.4997E-05 2.0000E-04
2.1617E-05 2.0000E-04
1.8045E-05 2.0000E-04
2.3228E-05 2.0000E-04
2.3649E-05 2.0000E-04
1.7231E-05 2.0000E-04
1.8419E-05 2.0000E-04
2.2545E-05 2.0000E-04
1.7645E-05 2.0000E-04
2.3945E-05 2.0000E-04
2.1594E-05 2.0000E-04
1.5792E-05 2.0000E-04
1.4449E-05 2.0000E-04
2.0495E-05 2.0000E-04
1.6236E-05 2.0000E-04
2.8255E-05 2.0000E-04
1.4949E-05 2.0000E-04
1.2868E-05 2.0000E-04
1.8097E-05 2.0000E-04
2.7865E-05 2.0000E-04
1.2812E-05 2.0000E-04
9.8685E-06 2.0000E-04
1.2436E-05 2.0000E-04
1.7947E-05 2.0000E-04
2.8414E-05 2.0000E-04
9.9141E-06 2.0000E-04
9.9768E-06 2.0000E-04
1.2810E-05 2.0000E-04
2.9451E-05 2.0000E-04
1.1874E-05 2.0000E-04
9.0068E-06 2.0000E-04
1.1018E-05 2.0000E-04
1.5430E-05 2.0000E-04
1.6187E-05 2.0000E-04
9.8263E-06 2.0000E-04
1.1650E-05 2.0000E-04
1.4385E-05 2.0000E-04
1.1314E-05 2.0000E-04
1.5152E-05 2.0000E-04
1.1234E-05 2.0000E-04
1.0547E-05 2.0000E-04
1.8210E-05 2.0000E-04
9.8878E-06 2.0000E-04
9.2234E-06 2.0000E-04
1.2660E-05 2.0000E-04
1.8595E-05 2.0000E-04
9.8490E-06 2.0000E-04
8.6840E-06 2.0000E-04
9.7168E-06 2.0000E-04
1.5431E-03 2.0000E-04
1.2830E-03 2.0000E-04
5.8232E-04 2.0000E-04
5.0212E-04 2.0000E-04
6.2299E-04 2.0000E-04
4.8747E-04 2.0000E-04
2.3216E-04 2.0000E-04
1.5973E-04 2.0000E-04
1.6692E-04 2.0000E-04
2.3254E-04 2.0000E-04
1.2152E-04 2.0000E-04
1.0024E-04 2.0000E-04
1.4135E-04 2.0000E-04
2.4292E-04 2.0000E-04
9.3134E-05 2.0000E-04
7.0536E-05 2.0000E-04
8.8131E-05 2.0000E-04
1.0113E-04 2.0000E-04
1.4317E-04 2.0000E-04
6.8027E-05 2.0000E-04
5.9109E-05 2.0000E-04
7.4196E-05 2.0000E-04
1.2594E-04 2.0000E-04
7.3303E-05 2.0000E-04
5.9659E-05 2.0000E-04
6.9112E-05 2.0000E-04
1.0491E-04 2.0000E-04
6.0479E-05 2.0000E-04
5.8317E-05 2.0000E-04
6.5106E-05 2.0000E-04
1.5382E-04 2.0000E-04
4.7508E-05 2.0000E-04
3.9767E-05 2.0000E-04
5.4974E-05 2.0000E-04
7.0838E-05 2.0000E-04
6.9007E-05 2.0000E-04
4.4481E-05 2.0000E-04
4.9581E-05 2.0000E-04
6.0694E-05 2.0000E-04
4.5537E-05 2.0000E-04
3.4915E-05 2.0000E-04
4.4816E-05 2.0000E-04
5.4822E-05 2.0000E-04
3.6308E-05 2.0000E-04
3.5132E-05 2.0000E-04
3.7654E-05 2.0000E-04
4.1261E-05 2.0000E-04
6.2664E-05 2.0000E-04
3.3186E-05 2.0000E-04
3.2251E-05 2.0000E-04
3.8468E-05 2.0000E-04
7.4532E-05 2.0000E-04
2.9008E-05 2.0000E-04
2.4643E-05 2.0000E-04
3.1263E-05 2.0000E-04
3.8289E-05 2.0000E-04
5.0949E-05 2.0000E-04
2.4960E-05 2.0000E-04
2.2745E-05 2.0000E-04
2.9421E-05 2.0000E-04
4.5178E-05 2.0000E-04
2.3313E-05 2.0000E-04
2.1223E-05 2.0000E-04
2.5401E-05 2.0000E-04
4.0016E-05 2.0000E-04
2.2280E-05 2.0000E-04
2.1930E-05 2.0000E-04
2.6516E-05 2.0000E-04
5.0165E-05 2.0000E-04
2.2896E-05 2.0000E-04
2.0776E-05 2.0000E-04
2.5013E-05 2.0000E-04
3.1812E-05 2.0000E-04
4.5243E-05 2.0000E-04
1.9414E-05 2.0000E-04
2.0402E-05 2.0000E-04
2.4753E-05 2.0000E-04
4.6412E-05 2.0000E-04
1.9675E-05 2.0000E-04
1.5980E-05 2.0000E-04
2.0271E-05 2.0000E-04
2.7727E-05 2.0000E-04
3.5411E-05 2.0000E-04
1.7714E-05 2.0000E-04
1.8458E-05 2.0000E-04
2.1247E-05 2.0000E-04
3.6085E-05 2.0000E-04
2.0834E-05 2.0000E-04
1.5220E-05 2.0000E-04
1.8022E-05 2.0000E-04
2.4596E-05 2.0000E-04
1.9110E-05 2.0000E-04
2.3605E-05 2.0000E-04
1.8788E-05 2.0000E-04
1.8538E-05 2.0000E-04
2.4465E-05 2.0000E-04
2.0442E-05 2.0000E-04
1.5131E-05 2.0000E-04
1.7819E-05 2.0000E-04
1.9937E-05 2.0000E-04
2.1484E-05 2.0000E-04
1.4847E-05 2.0000E-04
1.6455E-05 2.0000E-04
2.1365E-05 2.0000E-04
2.0557E-05 2.0000E-04
1.4409E-05 2.0000E-04
1.8061E-05 2.0000E-04
1.6889E-05 2.0000E-04
1.5766E-05 2.0000E-04
2.6663E-05 2.0000E-04
1.4105E-05 2.0000E-04
1.3418E-05 2.0000E-04
1.5131E-05 2.0000E-04
2.3332E-05 2.0000E-04
1.7515E-05 2.0000E-04
1.2580E-05 2.0000E-04
1.5265E-05 2.0000E-04
1.9835E-05 2.0000E-04
1.5337E-05 2.0000E-04
2.1573E-05 2.0000E-04
1.5798E-05 2.0000E-04
1.3477E-05 2.0000E-04
1.8857E-05 2.0000E-04
1.9855E-05 2.0000E-04
1.4363E-05 2.0000E-04
