RMS Step   Target
2.8796E-04 8.0000E-04
2.8796E-03 8.0000E-04
5.7591E-03 8.0000E-04
7.1989E-03 8.0000E-04
7.1989E-03 8.0000E-04
7.1989E-03 8.0000E-04
7.1989E-03 8.0000E-04
7.1989E-03 8.0000E-04
7.1989E-03 8.0000E-04
7.1989E-03 8.0000E-04
7.1989E-03 8.0000E-04
7.1989E-03 8.0000E-04
7.1989E-03 8.0000E-04
7.1989E-03 8.0000E-04
7.1989E-03 8.0000E-04
7.1989E-03 8.0000E-04
7.1989E-03 8.0000E-04
7.1989E-03 8.0000E-04
7.1989E-03 8.0000E-04
7.1989E-03 8.0000E-04
7.1989E-03 8.0000E-04
7.1989E-03 8.0000E-04
7.1989E-03 8.0000E-04
7.1989E-03 8.0000E-04
7.1989E-03 8.0000E-04
7.1989E-03 8.0000E-04
7.1989E-03 8.0000E-04
7.1989E-03 8.0000E-04
7.1989E-03 8.0000E-04
7.1989E-03 8.0000E-04
7.1989E-03 8.0000E-04
7.1989E-03 8.0000E-04
7.1989E-03 8.0000E-04
7.1989E-03 8.0000E-04
7.1989E-03 8.0000E-04
7.1989E-03 8.0000E-04
7.1989E-03 8.0000E-04
7.1989E-03 8.0000E-04
7.1989E-03 8.0000E-04
7.1989E-03 8.0000E-04
7.1989E-03 8.0000E-04
7.1989E-03 8.0000E-04
7.1989E-03 8.0000E-04
7.1989E-03 8.0000E-04
7.1989E-03 8.0000E-04
7.1989E-03 8.0000E-04
7.1989E-03 8.0000E-04
7.1989E-03 8.0000E-04
7.1989E-03 8.0000E-04
7.1989E-03 8.0000E-04
7.1989E-03 8.0000E-04
7.1989E-03 8.0000E-04
7.1989E-03 8.0000E-04
7.1989E-03 8.0000E-04
7.1989E-03 8.0000E-04
7.1989E-03 8.0000E-04
7.1989E-03 8.0000E-04
7.1989E-03 8.0000E-04
7.1989E-03 8.0000E-04
7.1989E-03 8.0000E-04
7.1989E-03 8.0000E-04
7.1989E-03 8.0000E-04
7.1989E-03 8.0000E-04
7.1989E-03 8.0000E-04
7.1989E-03 8.0000E-04
7.1989E-03 8.0000E-04
7.1989E-03 8.0000E-04
7.1989E-03 8.0000E-04
7.1989E-03 8.0000E-04
7.1989E-03 8.0000E-04
7.1989E-03 8.0000E-04
7.1989E-03 8.0000E-04
7.1989E-03 8.0000E-04
7.1989E-03 8.0000E-04
7.1989E-03 8.0000E-04
7.1989E-03 8.0000E-04
7.1989E-03 8.0000E-04
7.1989E-03 8.0000E-04
7.1989E-03 8.0000E-04
7.1989E-03 8.0000E-04
7.1989E-03 8.0000E-04
7.1989E-03 8.0000E-04
7.1989E-03 8.0000E-04
7.1989E-03 8.0000E-04
7.1989E-03 8.0000E-04
7.1989E-03 8.0000E-04
7.1989E-03 8.0000E-04
7.1989E-03 8.0000E-04
7.1989E-03 8.0000E-04
7.1989E-03 8.0000E-04
7.1989E-03 8.0000E-04
7.1989E-03 8.0000E-04
7.1989E-03 8.0000E-04
7.1989E-03 8.0000E-04
7.1989E-03 8.0000E-04
7.1989E-03 8.0000E-04
7.1989E-03 8.0000E-04
7.1989E-03 8.0000E-04
7.1989E-03 8.0000E-04
7.1989E-03 8.0000E-04
7.1989E-03 8.0000E-04
7.1989E-03 8.0000E-04
7.1989E-03 8.0000E-04
7.1989E-03 8.0000E-04
7.1989E-03 8.0000E-04
7.1989E-03 8.0000E-04
7.1989E-03 8.0000E-04
7.1989E-03 8.0000E-04
7.1989E-03 8.0000E-04
7.1989E-03 8.0000E-04
7.1989E-03 8.0000E-04
7.1989E-03 8.0000E-04
7.1989E-03 8.0000E-04
7.1989E-03 8.0000E-04
7.1989E-03 8.0000E-04
7.1989E-03 8.0000E-04
7.1989E-03 8.0000E-04
7.1989E-03 8.0000E-04
7.1989E-03 8.0000E-04
7.1989E-03 8.0000E-04
7.1989E-03 8.0000E-04
7.1989E-03 8.0000E-04
7.1989E-03 8.0000E-04
7.1989E-03 8.0000E-04
7.1989E-03 8.0000E-04
7.1989E-03 8.0000E-04
7.1989E-03 8.0000E-04
7.1989E-03 8.0000E-04
7.1989E-03 8.0000E-04
7.1989E-03 8.0000E-04
7.1989E-03 8.0000E-04
7.1989E-03 8.0000E-04
7.1989E-03 8.0000E-04
7.1989E-03 8.0000E-04
7.1989E-03 8.0000E-04
7.1989E-03 8.0000E-04
7.1989E-03 8.0000E-04
7.1989E-03 8.0000E-04
7.1989E-03 8.0000E-04
7.1989E-03 8.0000E-04
7.1989E-03 8.0000E-04
7.1989E-03 8.0000E-04
7.1989E-03 8.0000E-04
7.1989E-03 8.0000E-04
7.1989E-03 8.0000E-04
7.1989E-03 8.0000E-04
7.1989E-03 8.0000E-04
7.1989E-03 8.0000E-04
7.1989E-03 8.0000E-04
7.1989E-03 8.0000E-04
7.1989E-03 8.0000E-04
7.1989E-03 8.0000E-04
7.1989E-03 8.0000E-04
7.1989E-03 8.0000E-04
7.1989E-03 8.0000E-04
7.1989E-03 8.0000E-04
7.1989E-03 8.0000E-04
7.1989E-03 8.0000E-04
6.0664E-03 8.0000E-04
7.1989E-03 8.0000E-04
7.1989E-03 8.0000E-04
7.1989E-03 8.0000E-04
7.1989E-03 8.0000E-04
7.1989E-03 8.0000E-04
7.1989E-03 8.0000E-04
7.1989E-03 8.0000E-04
7.1989E-03 8.0000E-04
7.1989E-03 8.0000E-04
7.1989E-03 8.0000E-04
7.1989E-03 8.0000E-04
7.1989E-03 8.0000E-04
7.1989E-03 8.0000E-04
7.1989E-03 8.0000E-04
7.1989E-03 8.0000E-04
7.1989E-03 8.0000E-04
7.1989E-03 8.0000E-04
7.1989E-03 8.0000E-04
7.1989E-03 8.0000E-04
7.1989E-03 8.0000E-04
7.1989E-03 8.0000E-04
7.1989E-03 8.0000E-04
4.0141E-03 8.0000E-04
7.1989E-03 8.0000E-04
7.1989E-03 8.0000E-04
7.1989E-03 8.0000E-04
6.9519E-03 8.0000E-04
7.1989E-03 8.0000E-04
7.1989E-03 8.0000E-04
7.1989E-03 8.0000E-04
7.1989E-03 8.0000E-04
7.1989E-03 8.0000E-04
7.1989E-03 8.0000E-04
7.1989E-03 8.0000E-04
7.1989E-03 8.0000E-04
6.1931E-03 8.0000E-04
7.0891E-03 8.0000E-04
4.5504E-03 8.0000E-04
2.6568E-03 8.0000E-04
6.1526E-03 8.0000E-04
7.1989E-03 8.0000E-04
7.1989E-03 8.0000E-04
7.1989E-03 8.0000E-04
7.1989E-03 8.0000E-04
7.1989E-03 8.0000E-04
7.1989E-03 8.0000E-04
7.1989E-03 8.0000E-04
7.1989E-03 8.0000E-04
7.1989E-03 8.0000E-04
7.1989E-03 8.0000E-04
7.1989E-03 8.0000E-04
7.1989E-03 8.0000E-04
7.1989E-03 8.0000E-04
7.1989E-03 8.0000E-04
7.1989E-03 8.0000E-04
6.7878E-03 8.0000E-04
3.9527E-03 8.0000E-04
6.2706E-03 8.0000E-04
7.1989E-03 8.0000E-04
7.1989E-03 8.0000E-04
7.1989E-03 8.0000E-04
7.1989E-03 8.0000E-04
7.1989E-03 8.0000E-04
7.1989E-03 8.0000E-04
6.6172E-03 8.0000E-04
5.4306E-03 8.0000E-04
6.7055E-03 8.0000E-04
3.2279E-03 8.0000E-04
3.7624E-03 8.0000E-04
7.1989E-03 8.0000E-04
7.1989E-03 8.0000E-04
7.1989E-03 8.0000E-04
6.9586E-03 8.0000E-04
5.7900E-03 8.0000E-04
6.6369E-03 8.0000E-04
7.1989E-03 8.0000E-04
3.7292E-03 8.0000E-04
7.1989E-03 8.0000E-04
7.1989E-03 8.0000E-04
7.1989E-03 8.0000E-04
7.1989E-03 8.0000E-04
7.1989E-03 8.0000E-04
7.1989E-03 8.0000E-04
7.1989E-03 8.0000E-04
7.1989E-03 8.0000E-04
7.1989E-03 8.0000E-04
7.1989E-03 8.0000E-04
7.1989E-03 8.0000E-04
7.1989E-03 8.0000E-04
4.3476E-03 8.0000E-04
7.1989E-03 8.0000E-04
3.8856E-03 8.0000E-04
2.3745E-03 8.0000E-04
6.5876E-03 8.0000E-04
7.1989E-03 8.0000E-04
3.8200E-03 8.0000E-04
6.6871E-03 8.0000E-04
7.1989E-03 8.0000E-04
7.1989E-03 8.0000E-04
7.1989E-03 8.0000E-04
3.1435E-03 8.0000E-04
5.7327E-03 8.0000E-04
3.8939E-03 8.0000E-04
5.7620E-03 8.0000E-04
5.6717E-03 8.0000E-04
3.5975E-03 8.0000E-04
5.7605E-03 8.0000E-04
3.5156E-03 8.0000E-04
5.0803E-03 8.0000E-04
3.2401E-03 8.0000E-04
6.0027E-03 8.0000E-04
7.1989E-03 8.0000E-04
7.1989E-03 8.0000E-04
7.1989E-03 8.0000E-04
7.1989E-03 8.0000E-04
7.1989E-03 8.0000E-04
5.9439E-03 8.0000E-04
6.7553E-03 8.0000E-04
2.4283E-03 8.0000E-04
2.8308E-03 8.0000E-04
5.4025E-03 8.0000E-04
7.1989E-03 8.0000E-04
7.1989E-03 8.0000E-04
7.1989E-03 8.0000E-04
6.0337E-03 8.0000E-04
5.7080E-03 8.0000E-04
2.5602E-03 8.0000E-04
7.1989E-03 8.0000E-04
3.2785E-03 8.0000E-04
7.1277E-03 8.0000E-04
7.1989E-03 8.0000E-04
7.1989E-03 8.0000E-04
6.6573E-03 8.0000E-04
7.1989E-03 8.0000E-04
5.0799E-03 8.0000E-04
7.1989E-03 8.0000E-04
3.4752E-03 8.0000E-04
7.1989E-03 8.0000E-04
1.7310E-03 8.0000E-04
3.7430E-03 8.0000E-04
5.1791E-03 8.0000E-04
6.8849E-03 8.0000E-04
4.2916E-03 8.0000E-04
5.0526E-03 8.0000E-04
1.8912E-03 8.0000E-04
6.0891E-03 8.0000E-04
4.2866E-03 8.0000E-04
6.6523E-03 8.0000E-04
3.6759E-03 8.0000E-04
5.9678E-03 8.0000E-04
4.8767E-03 8.0000E-04
5.0239E-03 8.0000E-04
4.8201E-03 8.0000E-04
4.7302E-03 8.0000E-04
3.9234E-03 8.0000E-04
4.8163E-03 8.0000E-04
5.5732E-03 8.0000E-04
7.1989E-03 8.0000E-04
2.5991E-03 8.0000E-04
6.0223E-03 8.0000E-04
3.3428E-03 8.0000E-04
4.7873E-03 8.0000E-04
4.5755E-03 8.0000E-04
5.4137E-03 8.0000E-04
3.3549E-03 8.0000E-04
6.5082E-03 8.0000E-04
3.3978E-03 8.0000E-04
3.3614E-03 8.0000E-04
4.5911E-03 8.0000E-04
6.7891E-03 8.0000E-04
1.8294E-03 8.0000E-04
7.1989E-03 8.0000E-04
3.3768E-03 8.0000E-04
6.1377E-03 8.0000E-04
7.1989E-03 8.0000E-04
7.0717E-03 8.0000E-04
2.0578E-03 8.0000E-04
6.4728E-03 8.0000E-04
4.7505E-03 8.0000E-04
7.1989E-03 8.0000E-04
4.4330E-03 8.0000E-04
5.3778E-03 8.0000E-04
4.6774E-03 8.0000E-04
5.8815E-03 8.0000E-04
7.1989E-03 8.0000E-04
3.6933E-03 8.0000E-04
7.1989E-03 8.0000E-04
2.0251E-03 8.0000E-04
4.8532E-03 8.0000E-04
4.6674E-03 8.0000E-04
7.1686E-03 8.0000E-04
7.1989E-03 8.0000E-04
6.2160E-03 8.0000E-04
1.8849E-03 8.0000E-04
7.1989E-03 8.0000E-04
4.0248E-03 8.0000E-04
7.0216E-03 8.0000E-04
4.9964E-03 8.0000E-04
4.0136E-03 8.0000E-04
5.6557E-03 8.0000E-04
3.0115E-03 8.0000E-04
3.0606E-03 8.0000E-04
5.2609E-03 8.0000E-04
4.8200E-03 8.0000E-04
4.3236E-03 8.0000E-04
3.7548E-03 8.0000E-04
3.4432E-03 8.0000E-04
4.2703E-03 8.0000E-04
5.0669E-03 8.0000E-04
7.1989E-03 8.0000E-04
2.6264E-03 8.0000E-04
2.9795E-03 8.0000E-04
4.0922E-03 8.0000E-04
6.1833E-03 8.0000E-04
3.3385E-03 8.0000E-04
3.9163E-03 8.0000E-04
2.9599E-03 8.0000E-04
3.8357E-03 8.0000E-04
3.5729E-03 8.0000E-04
3.3918E-03 8.0000E-04
2.0248E-03 8.0000E-04
4.8733E-03 8.0000E-04
2.5138E-03 8.0000E-04
3.4023E-03 8.0000E-04
4.2400E-03 8.0000E-04
4.2501E-03 8.0000E-04
2.5090E-03 8.0000E-04
3.7115E-03 8.0000E-04
2.3362E-03 8.0000E-04
1.9358E-03 8.0000E-04
4.6617E-03 8.0000E-04
5.0379E-03 8.0000E-04
1.3601E-03 8.0000E-04
4.2551E-03 8.0000E-04
2.7008E-03 8.0000E-04
1.3497E-03 8.0000E-04
4.9758E-03 8.0000E-04
3.5236E-03 8.0000E-04
5.5487E-03 8.0000E-04
4.8191E-03 8.0000E-04
2.7330E-03 8.0000E-04
1.8887E-03 8.0000E-04
4.5602E-03 8.0000E-04
2.3784E-03 8.0000E-04
3.3445E-03 8.0000E-04
2.7673E-03 8.0000E-04
4.7823E-03 8.0000E-04
2.1216E-03 8.0000E-04
4.3380E-03 8.0000E-04
1.7442E-03 8.0000E-04
2.6226E-03 8.0000E-04
5.1166E-03 8.0000E-04
4.2701E-03 8.0000E-04
1.2429E-03 8.0000E-04
4.9977E-03 8.0000E-04
4.2120E-03 8.0000E-04
4.8413E-03 8.0000E-04
6.8434E-03 8.0000E-04
7.1989E-03 8.0000E-04
4.3154E-03 8.0000E-04
1.2432E-03 8.0000E-04
6.9945E-03 8.0000E-04
7.1989E-03 8.0000E-04
5.1448E-04 8.0000E-04
2.2418E-03 8.0000E-04
3.8059E-03 8.0000E-04
6.6940E-03 8.0000E-04
7.1989E-03 8.0000E-04
2.0322E-03 8.0000E-04
6.5487E-03 8.0000E-04
2.2744E-03 8.0000E-04
3.2816E-03 8.0000E-04
6.7488E-03 8.0000E-04
2.3174E-03 8.0000E-04
4.7041E-03 8.0000E-04
6.3950E-03 8.0000E-04
1.1941E-03 8.0000E-04
1.5497E-03 8.0000E-04
2.0345E-03 8.0000E-04
6.3696E-03 8.0000E-04
1.8458E-03 8.0000E-04
2.1427E-03 8.0000E-04
2.3167E-03 8.0000E-04
5.4754E-03 8.0000E-04
1.6768E-03 8.0000E-04
2.7036E-03 8.0000E-04
2.4001E-03 8.0000E-04
6.7341E-03 8.0000E-04
1.5712E-03 8.0000E-04
4.0702E-03 8.0000E-04
2.1543E-03 8.0000E-04
6.3771E-03 8.0000E-04
3.0502E-03 8.0000E-04
2.6631E-03 8.0000E-04
2.1029E-03 8.0000E-04
3.6116E-03 8.0000E-04
3.3746E-03 8.0000E-04
3.9273E-03 8.0000E-04
1.9812E-03 8.0000E-04
5.0174E-03 8.0000E-04
2.4101E-03 8.0000E-04
3.0263E-03 8.0000E-04
1.4231E-03 8.0000E-04
2.6055E-03 8.0000E-04
2.5671E-03 8.0000E-04
3.2754E-03 8.0000E-04
2.8139E-03 8.0000E-04
2.9829E-03 8.0000E-04
3.5948E-03 8.0000E-04
2.5398E-03 8.0000E-04
3.7716E-03 8.0000E-04
2.0130E-03 8.0000E-04
1.6938E-03 8.0000E-04
4.4335E-03 8.0000E-04
3.5305E-03 8.0000E-04
2.2935E-03 8.0000E-04
3.9846E-03 8.0000E-04
7.1989E-03 8.0000E-04
2.4801E-03 8.0000E-04
1.9756E-03 8.0000E-04
4.2163E-03 8.0000E-04
7.1989E-03 8.0000E-04
4.3252E-03 8.0000E-04
1.1988E-03 8.0000E-04
3.3465E-03 8.0000E-04
2.6560E-03 8.0000E-04
3.2166E-03 8.0000E-04
4.5860E-03 8.0000E-04
5.9250E-03 8.0000E-04
1.8126E-03 8.0000E-04
5.5035E-03 8.0000E-04
2.6857E-03 8.0000E-04
3.6841E-03 8.0000E-04
5.8791E-03 8.0000E-04
2.6586E-03 8.0000E-04
8.5366E-04 8.0000E-04
3.9820E-03 8.0000E-04
2.8513E-03 8.0000E-04
3.9579E-03 8.0000E-04
2.5949E-03 8.0000E-04
3.5442E-03 8.0000E-04
2.8609E-03 8.0000E-04
3.9882E-03 8.0000E-04
2.7103E-03 8.0000E-04
1.9394E-03 8.0000E-04
2.7826E-03 8.0000E-04
3.9508E-03 8.0000E-04
1.9218E-03 8.0000E-04
4.5074E-03 8.0000E-04
2.7037E-03 8.0000E-04
4.0134E-03 8.0000E-04
1.6745E-03 8.0000E-04
3.5927E-03 8.0000E-04
3.3954E-03 8.0000E-04
3.9118E-03 8.0000E-04
5.3904E-03 8.0000E-04
4.4605E-03 8.0000E-04
3.7946E-03 8.0000E-04
6.4989E-03 8.0000E-04
2.0587E-03 8.0000E-04
5.5516E-03 8.0000E-04
1.8048E-03 8.0000E-04
3.6877E-03 8.0000E-04
6.1336E-03 8.0000E-04
5.6218E-03 8.0000E-04
1.1396E-03 8.0000E-04
3.2486E-03 8.0000E-04
1.9875E-03 8.0000E-04
6.4231E-03 8.0000E-04
2.4623E-03 8.0000E-04
1.5989E-03 8.0000E-04
3.0730E-03 8.0000E-04
3.5164E-03 8.0000E-04
3.3650E-03 8.0000E-04
2.2575E-03 8.0000E-04
3.7213E-03 8.0000E-04
2.6463E-03 8.0000E-04
3.7845E-03 8.0000E-04
2.3466E-03 8.0000E-04
1.2645E-03 8.0000E-04
2.7425E-03 8.0000E-04
2.7244E-03 8.0000E-04
1.8854E-03 8.0000E-04
4.2076E-03 8.0000E-04
3.7616E-03 8.0000E-04
2.0684E-03 8.0000E-04
2.5130E-03 8.0000E-04
2.3170E-03 8.0000E-04
5.9724E-03 8.0000E-04
4.6663E-03 8.0000E-04
1.5452E-03 8.0000E-04
4.2898E-03 8.0000E-04
3.0863E-03 8.0000E-04
5.8607E-03 8.0000E-04
3.8064E-03 8.0000E-04
6.9089E-03 8.0000E-04
2.0484E-03 8.0000E-04
3.4999E-03 8.0000E-04
7.1989E-03 8.0000E-04
4.6080E-03 8.0000E-04
4.0569E-03 8.0000E-04
7.1989E-03 8.0000E-04
1.6963E-03 8.0000E-04
2.8861E-03 8.0000E-04
5.6614E-03 8.0000E-04
3.2085E-03 8.0000E-04
3.2242E-03 8.0000E-04
3.3592E-03 8.0000E-04
2.3305E-03 8.0000E-04
2.8034E-03 8.0000E-04
2.0157E-03 8.0000E-04
2.5037E-03 8.0000E-04
1.0818E-03 8.0000E-04
2.6792E-03 8.0000E-04
3.1060E-03 8.0000E-04
1.3895E-03 8.0000E-04
1.5198E-03 8.0000E-04
1.9287E-03 8.0000E-04
4.0926E-03 8.0000E-04
2.0174E-03 8.0000E-04
1.5337E-03 8.0000E-04
2.3447E-03 8.0000E-04
4.5203E-03 8.0000E-04
3.3689E-03 8.0000E-04
2.6466E-03 8.0000E-04
2.7369E-03 8.0000E-04
2.8551E-03 8.0000E-04
1.2476E-03 8.0000E-04
3.9518E-03 8.0000E-04
1.1266E-03 8.0000E-04
1.9098E-03 8.0000E-04
3.0906E-03 8.0000E-04
2.7411E-03 8.0000E-04
7.8805E-04 8.0000E-04
1.5908E-03 8.0000E-04
1.4330E-03 8.0000E-04
3.1647E-03 8.0000E-04
2.1247E-03 8.0000E-04
2.1347E-03 8.0000E-04
1.8389E-03 8.0000E-04
2.9000E-03 8.0000E-04
1.5187E-03 8.0000E-04
2.1905E-03 8.0000E-04
1.8562E-03 8.0000E-04
2.9766E-03 8.0000E-04
4.4727E-03 8.0000E-04
2.4784E-03 8.0000E-04
6.5685E-04 8.0000E-04
2.5588E-03 8.0000E-04
2.5827E-03 8.0000E-04
2.3000E-03 8.0000E-04
2.3372E-03 8.0000E-04
2.7811E-03 8.0000E-04
4.1357E-03 8.0000E-04
1.5316E-03 8.0000E-04
7.7872E-04 8.0000E-04
1.5191E-03 8.0000E-04
2.8538E-03 8.0000E-04
2.0645E-03 8.0000E-04
1.8184E-03 8.0000E-04
3.4335E-03 8.0000E-04
3.1165E-03 8.0000E-04
2.0509E-03 8.0000E-04
1.1257E-03 8.0000E-04
1.4466E-03 8.0000E-04
2.1775E-03 8.0000E-04
2.2856E-03 8.0000E-04
2.8854E-03 8.0000E-04
3.7788E-03 8.0000E-04
4.2772E-03 8.0000E-04
1.8863E-03 8.0000E-04
2.1118E-03 8.0000E-04
1.9541E-03 8.0000E-04
5.0850E-03 8.0000E-04
2.3287E-03 8.0000E-04
1.0027E-03 8.0000E-04
2.3637E-03 8.0000E-04
4.2642E-03 8.0000E-04
3.4705E-03 8.0000E-04
6.1022E-04 8.0000E-04
1.7465E-03 8.0000E-04
1.1076E-03 8.0000E-04
4.0736E-03 8.0000E-04
1.3159E-03 8.0000E-04
8.0481E-04 8.0000E-04
3.5240E-03 8.0000E-04
2.8131E-03 8.0000E-04
1.7300E-03 8.0000E-04
2.1569E-03 8.0000E-04
1.8147E-03 8.0000E-04
5.5263E-03 8.0000E-04
1.0823E-03 8.0000E-04
5.8061E-04 8.0000E-04
4.7009E-03 8.0000E-04
1.8196E-03 8.0000E-04
2.4942E-03 8.0000E-04
6.6260E-03 8.0000E-04
7.4717E-04 8.0000E-04
3.4074E-03 8.0000E-04
7.1989E-03 8.0000E-04
7.1989E-03 8.0000E-04
1.7374E-03 8.0000E-04
4.3739E-03 8.0000E-04
5.9497E-03 8.0000E-04
2.2024E-03 8.0000E-04
2.4736E-03 8.0000E-04
6.7834E-03 8.0000E-04
2.6185E-03 8.0000E-04
5.6119E-04 8.0000E-04
5.1612E-03 8.0000E-04
5.1307E-03 8.0000E-04
1.4017E-03 8.0000E-04
2.4639E-03 8.0000E-04
2.3937E-03 8.0000E-04
2.8328E-03 8.0000E-04
2.5793E-03 8.0000E-04
1.4197E-03 8.0000E-04
2.8161E-03 8.0000E-04
2.4455E-03 8.0000E-04
1.0256E-03 8.0000E-04
2.9327E-03 8.0000E-04
1.3962E-03 8.0000E-04
4.0017E-03 8.0000E-04
4.2279E-03 8.0000E-04
2.2481E-03 8.0000E-04
2.2037E-03 8.0000E-04
5.2563E-03 8.0000E-04
2.7750E-03 8.0000E-04
2.3554E-03 8.0000E-04
1.4775E-03 8.0000E-04
2.9035E-03 8.0000E-04
3.4253E-03 8.0000E-04
3.4163E-03 8.0000E-04
1.7532E-03 8.0000E-04
1.6115E-03 8.0000E-04
4.3452E-03 8.0000E-04
2.6039E-03 8.0000E-04
2.9737E-03 8.0000E-04
1.7873E-03 8.0000E-04
2.3853E-03 8.0000E-04
1.4088E-03 8.0000E-04
3.0318E-03 8.0000E-04
1.4079E-03 8.0000E-04
5.0723E-04 8.0000E-04
2.0610E-03 8.0000E-04
1.7930E-03 8.0000E-04
7.9106E-04 8.0000E-04
1.3540E-03 8.0000E-04
1.1870E-03 8.0000E-04
8.3832E-04 8.0000E-04
2.0890E-03 8.0000E-04
8.4261E-04 8.0000E-04
4.3985E-04 8.0000E-04
1.0561E-03 8.0000E-04
8.9835E-04 8.0000E-04
1.2442E-03 8.0000E-04
1.6745E-03 8.0000E-04
9.0508E-04 8.0000E-04
3.5022E-04 8.0000E-04
1.1135E-03 8.0000E-04
1.2616E-03 8.0000E-04
4.5993E-04 8.0000E-04
1.4480E-03 8.0000E-04
1.1772E-03 8.0000E-04
1.7518E-03 8.0000E-04
1.7296E-03 8.0000E-04
9.1023E-04 8.0000E-04
7.1861E-04 8.0000E-04
1.2524E-03 8.0000E-04
2.2614E-03 8.0000E-04
8.8210E-04 8.0000E-04
1.1852E-03 8.0000E-04
1.0897E-03 8.0000E-04
1.9952E-03 8.0000E-04
1.2116E-03 8.0000E-04
7.6597E-04 8.0000E-04
1.2198E-03 8.0000E-04
1.6587E-03 8.0000E-04
9.4841E-04 8.0000E-04
1.4288E-03 8.0000E-04
1.2037E-03 8.0000E-04
2.0842E-03 8.0000E-04
1.3197E-03 8.0000E-04
6.4425E-04 8.0000E-04
1.1953E-03 8.0000E-04
1.6989E-03 8.0000E-04
1.2988E-03 8.0000E-04
1.4167E-03 8.0000E-04
1.5253E-03 8.0000E-04
1.6791E-03 8.0000E-04
1.7476E-03 8.0000E-04
7.3605E-04 8.0000E-04
1.1102E-03 8.0000E-04
1.5844E-03 8.0000E-04
1.8134E-03 8.0000E-04
1.7369E-03 8.0000E-04
1.5493E-03 8.0000E-04
7.0974E-04 8.0000E-04
1.3148E-03 8.0000E-04
1.0041E-03 8.0000E-04
1.2862E-03 8.0000E-04
1.6732E-03 8.0000E-04
1.0238E-03 8.0000E-04
5.8526E-04 8.0000E-04
1.6875E-03 8.0000E-04
5.7400E-04 8.0000E-04
4.5398E-04 8.0000E-04
1.1687E-03 8.0000E-04
1.8519E-03 8.0000E-04
6.6327E-04 8.0000E-04
3.4783E-04 8.0000E-04
6.3519E-04 8.0000E-04
1.5895E-03 8.0000E-04
1.1054E-03 8.0000E-04
6.2066E-04 8.0000E-04
1.2400E-03 8.0000E-04
8.3822E-04 8.0000E-04
4.5916E-04 8.0000E-04
1.4106E-03 8.0000E-04
6.8259E-04 8.0000E-04
1.0272E-03 8.0000E-04
2.0879E-03 8.0000E-04
2.0330E-04 8.0000E-04
2.1246E-04 8.0000E-04
8.8791E-04 8.0000E-04
1.3435E-03 8.0000E-04
1.7927E-03 8.0000E-04
9.9303E-04 8.0000E-04
1.4420E-03 8.0000E-04
6.8791E-04 8.0000E-04
9.0977E-04 8.0000E-04
1.4200E-03 8.0000E-04
1.6072E-03 8.0000E-04
3.9235E-04 8.0000E-04
1.8733E-03 8.0000E-04
1.3740E-03 8.0000E-04
1.2219E-03 8.0000E-04
2.5530E-03 8.0000E-04
1.7629E-03 8.0000E-04
7.4321E-04 8.0000E-04
2.8023E-03 8.0000E-04
1.0406E-03 8.0000E-04
1.3288E-03 8.0000E-04
2.2975E-03 8.0000E-04
5.2534E-03 8.0000E-04
1.5851E-03 8.0000E-04
2.0699E-03 8.0000E-04
2.7504E-03 8.0000E-04
4.7111E-03 8.0000E-04
2.5693E-03 8.0000E-04
1.4873E-03 8.0000E-04
9.6364E-04 8.0000E-04
3.6980E-03 8.0000E-04
4.3725E-04 8.0000E-04
4.0862E-03 8.0000E-04
1.1405E-03 8.0000E-04
4.8164E-03 8.0000E-04
1.1085E-03 8.0000E-04
8.4357E-04 8.0000E-04
1.1540E-03 8.0000E-04
2.0351E-03 8.0000E-04
2.2451E-03 8.0000E-04
5.3894E-03 8.0000E-04
2.5219E-03 8.0000E-04
8.3804E-04 8.0000E-04
1.5960E-03 8.0000E-04
3.4314E-03 8.0000E-04
1.0712E-03 8.0000E-04
2.5062E-03 8.0000E-04
1.7262E-03 8.0000E-04
1.6751E-03 8.0000E-04
3.7153E-03 8.0000E-04
1.2562E-03 8.0000E-04
1.1444E-03 8.0000E-04
6.8292E-04 8.0000E-04
1.3231E-03 8.0000E-04
1.3973E-03 8.0000E-04
1.9766E-03 8.0000E-04
2.7253E-03 8.0000E-04
6.0951E-04 8.0000E-04
1.0508E-03 8.0000E-04
1.1145E-03 8.0000E-04
2.7293E-03 8.0000E-04
2.4856E-03 8.0000E-04
4.0692E-04 8.0000E-04
1.0966E-03 8.0000E-04
7.6269E-04 8.0000E-04
1.2834E-03 8.0000E-04
3.6655E-03 8.0000E-04
3.1599E-04 8.0000E-04
2.0313E-04 8.0000E-04
9.8791E-04 8.0000E-04
1.5721E-03 8.0000E-04
8.7736E-04 8.0000E-04
1.8075E-03 8.0000E-04
1.1500E-03 8.0000E-04
2.5684E-03 8.0000E-04
1.4383E-03 8.0000E-04
5.2433E-04 8.0000E-04
1.1662E-03 8.0000E-04
1.6543E-03 8.0000E-04
4.1543E-04 8.0000E-04
2.4897E-03 8.0000E-04
9.1408E-04 8.0000E-04
1.4965E-03 8.0000E-04
3.7768E-03 8.0000E-04
5.3782E-04 8.0000E-04
6.6834E-04 8.0000E-04
1.1151E-03 8.0000E-04
2.4278E-03 8.0000E-04
9.7779E-04 8.0000E-04
1.6888E-03 8.0000E-04
1.8009E-03 8.0000E-04
2.6651E-03 8.0000E-04
2.2117E-03 8.0000E-04
8.5396E-04 8.0000E-04
5.0444E-04 8.0000E-04
9.0024E-04 8.0000E-04
1.9365E-03 8.0000E-04
3.0561E-03 8.0000E-04
8.3325E-04 8.0000E-04
3.2087E-03 8.0000E-04
8.1686E-04 8.0000E-04
1.3218E-03 8.0000E-04
2.8680E-03 8.0000E-04
2.5194E-03 8.0000E-04
6.2099E-04 8.0000E-04
7.5820E-04 8.0000E-04
8.0399E-04 8.0000E-04
2.2477E-03 8.0000E-04
1.2713E-03 8.0000E-04
5.7145E-04 8.0000E-04
2.8854E-03 8.0000E-04
8.1448E-04 8.0000E-04
1.2348E-03 8.0000E-04
2.1677E-03 8.0000E-04
1.2201E-03 8.0000E-04
1.0153E-03 8.0000E-04
1.4725E-03 8.0000E-04
9.8435E-04 8.0000E-04
1.0800E-03 8.0000E-04
1.3280E-03 8.0000E-04
1.4756E-03 8.0000E-04
5.5718E-04 8.0000E-04
1.9634E-03 8.0000E-04
1.2210E-03 8.0000E-04
6.6025E-04 8.0000E-04
1.4116E-03 8.0000E-04
1.6604E-03 8.0000E-04
1.5239E-03 8.0000E-04
2.5270E-03 8.0000E-04
4.1570E-04 8.0000E-04
5.8838E-04 8.0000E-04
1.5153E-03 8.0000E-04
2.8592E-03 8.0000E-04
2.9522E-03 8.0000E-04
1.4428E-03 8.0000E-04
1.9211E-03 8.0000E-04
1.1864E-03 8.0000E-04
9.8404E-04 8.0000E-04
2.5630E-03 8.0000E-04
1.8836E-03 8.0000E-04
3.6786E-04 8.0000E-04
2.3737E-03 8.0000E-04
1.6947E-03 8.0000E-04
1.0061E-03 8.0000E-04
2.5517E-03 8.0000E-04
7.6948E-04 8.0000E-04
1.5027E-03 8.0000E-04
1.2714E-03 8.0000E-04
3.4468E-04 8.0000E-04
8.2870E-04 8.0000E-04
1.0433E-03 8.0000E-04
5.8241E-04 8.0000E-04
9.0975E-04 8.0000E-04
7.9586E-04 8.0000E-04
1.2256E-03 8.0000E-04
7.1944E-04 8.0000E-04
5.7975E-04 8.0000E-04
6.7066E-04 8.0000E-04
1.3194E-03 8.0000E-04
3.8892E-04 8.0000E-04
5.2061E-04 8.0000E-04
7.0437E-04 8.0000E-04
1.2167E-03 8.0000E-04
9.3296E-04 8.0000E-04
5.5616E-04 8.0000E-04
7.9304E-04 8.0000E-04
1.2033E-03 8.0000E-04
6.4580E-04 8.0000E-04
7.7051E-04 8.0000E-04
8.9944E-04 8.0000E-04
1.3610E-03 8.0000E-04
1.3079E-03 8.0000E-04
5.3243E-04 8.0000E-04
9.5658E-04 8.0000E-04
1.1843E-03 8.0000E-04
1.7146E-03 8.0000E-04
1.9970E-03 8.0000E-04
1.3886E-03 8.0000E-04
6.2216E-04 8.0000E-04
2.0712E-03 8.0000E-04
1.2794E-03 8.0000E-04
1.5971E-03 8.0000E-04
3.2045E-03 8.0000E-04
2.7360E-03 8.0000E-04
1.2497E-03 8.0000E-04
4.4968E-03 8.0000E-04
1.1125E-03 8.0000E-04
2.6798E-03 8.0000E-04
4.2297E-03 8.0000E-04
1.4906E-03 8.0000E-04
6.4561E-03 8.0000E-04
1.9987E-03 8.0000E-04
4.7758E-03 8.0000E-04
8.9889E-04 8.0000E-04
2.0035E-03 8.0000E-04
3.3820E-03 8.0000E-04
4.4252E-03 8.0000E-04
1.1748E-03 8.0000E-04
4.1575E-03 8.0000E-04
2.0531E-03 8.0000E-04
1.3677E-03 8.0000E-04
3.9617E-03 8.0000E-04
7.6551E-04 8.0000E-04
2.2430E-03 8.0000E-04
3.6164E-03 8.0000E-04
1.2285E-03 8.0000E-04
1.2894E-03 8.0000E-04
1.0006E-03 8.0000E-04
2.3956E-03 8.0000E-04
1.2786E-03 8.0000E-04
9.6585E-04 8.0000E-04
1.4592E-03 8.0000E-04
2.5952E-03 8.0000E-04
1.1898E-03 8.0000E-04
7.9150E-04 8.0000E-04
1.0846E-03 8.0000E-04
1.5870E-03 8.0000E-04
7.0796E-04 8.0000E-04
8.3661E-04 8.0000E-04
1.1917E-03 8.0000E-04
2.2130E-03 8.0000E-04
1.8925E-03 8.0000E-04
4.3245E-04 8.0000E-04
9.8699E-04 8.0000E-04
1.8147E-03 8.0000E-04
6.6462E-04 8.0000E-04
1.5623E-03 8.0000E-04
1.1410E-03 8.0000E-04
3.2796E-03 8.0000E-04
5.8169E-04 8.0000E-04
5.2134E-04 8.0000E-04
9.0543E-04 8.0000E-04
2.7062E-03 8.0000E-04
9.5555E-04 8.0000E-04
1.8188E-03 8.0000E-04
1.7391E-03 8.0000E-04
2.5545E-03 8.0000E-04
1.5666E-03 8.0000E-04
2.9008E-03 8.0000E-04
1.4152E-03 8.0000E-04
1.5611E-03 8.0000E-04
1.2388E-03 8.0000E-04
3.6057E-03 8.0000E-04
9.7916E-04 8.0000E-04
1.3671E-03 8.0000E-04
4.0280E-03 8.0000E-04
4.8588E-03 8.0000E-04
3.0624E-03 8.0000E-04
3.0326E-03 8.0000E-04
9.6275E-04 8.0000E-04
1.3102E-03 8.0000E-04
3.0648E-03 8.0000E-04
4.0035E-03 8.0000E-04
1.4426E-03 8.0000E-04
1.6400E-03 8.0000E-04
1.2086E-03 8.0000E-04
2.1257E-03 8.0000E-04
2.3275E-03 8.0000E-04
9.4240E-04 8.0000E-04
1.6905E-03 8.0000E-04
2.2974E-03 8.0000E-04
9.5016E-04 8.0000E-04
8.0140E-04 8.0000E-04
7.8496E-04 8.0000E-04
1.2752E-03 8.0000E-04
1.0108E-03 8.0000E-04
8.8266E-04 8.0000E-04
1.0760E-03 8.0000E-04
1.1188E-03 8.0000E-04
9.3469E-04 8.0000E-04
5.9113E-04 8.0000E-04
4.7783E-04 8.0000E-04
7.0590E-04 8.0000E-04
9.4139E-04 8.0000E-04
8.0426E-04 8.0000E-04
8.2909E-04 8.0000E-04
9.6840E-04 8.0000E-04
1.1288E-03 8.0000E-04
6.2818E-04 8.0000E-04
5.8514E-04 8.0000E-04
7.2044E-04 8.0000E-04
1.1597E-03 8.0000E-04
1.2441E-03 8.0000E-04
1.7015E-03 8.0000E-04
1.2211E-03 8.0000E-04
8.9003E-04 8.0000E-04
1.9840E-03 8.0000E-04
1.1572E-03 8.0000E-04
1.0912E-03 8.0000E-04
1.9792E-03 8.0000E-04
2.2667E-03 8.0000E-04
3.6548E-04 8.0000E-04
2.1122E-03 8.0000E-04
1.4545E-03 8.0000E-04
2.3800E-03 8.0000E-04
3.9906E-03 8.0000E-04
4.5687E-04 8.0000E-04
1.0264E-03 8.0000E-04
1.2981E-03 8.0000E-04
1.7968E-03 8.0000E-04
1.1442E-03 8.0000E-04
2.3780E-03 8.0000E-04
9.5125E-04 8.0000E-04
2.5021E-03 8.0000E-04
9.6016E-04 8.0000E-04
1.1446E-03 8.0000E-04
1.1149E-03 8.0000E-04
1.8765E-03 8.0000E-04
1.4396E-03 8.0000E-04
1.8746E-03 8.0000E-04
1.3100E-03 8.0000E-04
1.3830E-03 8.0000E-04
2.2264E-03 8.0000E-04
3.2356E-03 8.0000E-04
8.5638E-04 8.0000E-04
2.9556E-03 8.0000E-04
2.2017E-03 8.0000E-04
2.1039E-03 8.0000E-04
4.9624E-03 8.0000E-04
9.1605E-04 8.0000E-04
3.2596E-03 8.0000E-04
4.2613E-03 8.0000E-04
1.8191E-03 8.0000E-04
1.3657E-03 8.0000E-04
4.2387E-03 8.0000E-04
1.9801E-03 8.0000E-04
1.6250E-03 8.0000E-04
2.0440E-03 8.0000E-04
3.1404E-03 8.0000E-04
7.3699E-04 8.0000E-04
1.0273E-03 8.0000E-04
1.2286E-03 8.0000E-04
2.8109E-03 8.0000E-04
5.7301E-04 8.0000E-04
5.7932E-04 8.0000E-04
1.4098E-03 8.0000E-04
1.9570E-03 8.0000E-04
1.8068E-03 8.0000E-04
1.1359E-03 8.0000E-04
1.2674E-03 8.0000E-04
1.6658E-03 8.0000E-04
1.1502E-03 8.0000E-04
1.6859E-03 8.0000E-04
1.0682E-03 8.0000E-04
1.6492E-03 8.0000E-04
2.1195E-03 8.0000E-04
6.6655E-04 8.0000E-04
6.2026E-04 8.0000E-04
1.1980E-03 8.0000E-04
2.4030E-03 8.0000E-04
3.8039E-04 8.0000E-04
6.5121E-04 8.0000E-04
1.0188E-03 8.0000E-04
1.5977E-03 8.0000E-04
2.6062E-03 8.0000E-04
4.3343E-04 8.0000E-04
3.3761E-04 8.0000E-04
7.6059E-04 8.0000E-04
1.6192E-03 8.0000E-04
1.0118E-03 8.0000E-04
5.9721E-04 8.0000E-04
1.0356E-03 8.0000E-04
1.5608E-03 8.0000E-04
7.7799E-04 8.0000E-04
3.9830E-04 8.0000E-04
5.3854E-04 8.0000E-04
1.1685E-03 8.0000E-04
1.5380E-03 8.0000E-04
5.6652E-04 8.0000E-04
1.2194E-03 8.0000E-04
6.7272E-04 8.0000E-04
7.6038E-04 8.0000E-04
1.6134E-03 8.0000E-04
6.9550E-04 8.0000E-04
1.0784E-04 8.0000E-04
7.0494E-04 8.0000E-04
8.5424E-04 8.0000E-04
7.9874E-04 8.0000E-04
1.4672E-03 8.0000E-04
7.4294E-04 8.0000E-04
2.6625E-04 8.0000E-04
5.6041E-04 8.0000E-04
6.7644E-04 8.0000E-04
8.0020E-04 8.0000E-04
1.2717E-03 8.0000E-04
6.9931E-04 8.0000E-04
4.0409E-04 8.0000E-04
9.8378E-04 8.0000E-04
4.0435E-04 8.0000E-04
2.6110E-04 8.0000E-04
9.7798E-04 8.0000E-04
1.3399E-03 8.0000E-04
1.5740E-04 8.0000E-04
2.1001E-04 8.0000E-04
5.5625E-04 8.0000E-04
7.3832E-04 8.0000E-04
1.0605E-03 8.0000E-04
7.6801E-04 8.0000E-04
4.3870E-04 8.0000E-04
8.1089E-04 8.0000E-04
1.0684E-03 8.0000E-04
6.7668E-04 8.0000E-04
3.0462E-04 8.0000E-04
6.7783E-04 8.0000E-04
8.7193E-04 8.0000E-04
1.1207E-03 8.0000E-04
1.0440E-03 8.0000E-04
1.0647E-03 8.0000E-04
1.3292E-03 8.0000E-04
7.9770E-04 8.0000E-04
1.7999E-03 8.0000E-04
8.5646E-04 8.0000E-04
2.6499E-04 8.0000E-04
2.6073E-03 8.0000E-04
8.7394E-04 8.0000E-04
1.5253E-03 8.0000E-04
1.4152E-03 8.0000E-04
1.5197E-03 8.0000E-04
1.2504E-03 8.0000E-04
3.3441E-03 8.0000E-04
6.4752E-04 8.0000E-04
1.6113E-03 8.0000E-04
1.1706E-03 8.0000E-04
2.2567E-03 8.0000E-04
1.2696E-03 8.0000E-04
2.1374E-03 8.0000E-04
4.9792E-04 8.0000E-04
3.0991E-03 8.0000E-04
8.7818E-04 8.0000E-04
9.6333E-04 8.0000E-04
2.6381E-03 8.0000E-04
2.1165E-03 8.0000E-04
3.6299E-04 8.0000E-04
1.5876E-03 8.0000E-04
5.8657E-04 8.0000E-04
1.6223E-03 8.0000E-04
2.6131E-03 8.0000E-04
5.2100E-04 8.0000E-04
4.7013E-04 8.0000E-04
2.1670E-03 8.0000E-04
1.7914E-03 8.0000E-04
7.7118E-04 8.0000E-04
1.0020E-03 8.0000E-04
4.6274E-04 8.0000E-04
1.4447E-03 8.0000E-04
2.3900E-03 8.0000E-04
2.8702E-04 8.0000E-04
2.6022E-04 8.0000E-04
7.1208E-04 8.0000E-04
1.5207E-03 8.0000E-04
1.9545E-03 8.0000E-04
3.0832E-04 8.0000E-04
1.2043E-03 8.0000E-04
7.1095E-04 8.0000E-04
8.1975E-04 8.0000E-04
1.8584E-03 8.0000E-04
5.7469E-04 8.0000E-04
8.5398E-04 8.0000E-04
1.8864E-03 8.0000E-04
1.5718E-03 8.0000E-04
3.0672E-04 8.0000E-04
1.8492E-03 8.0000E-04
6.5487E-04 8.0000E-04
1.4345E-03 8.0000E-04
2.1727E-03 8.0000E-04
6.5495E-04 8.0000E-04
8.9192E-04 8.0000E-04
2.1347E-03 8.0000E-04
8.0078E-04 8.0000E-04
1.1838E-03 8.0000E-04
1.5352E-03 8.0000E-04
2.1981E-03 8.0000E-04
7.8479E-04 8.0000E-04
9.8307E-04 8.0000E-04
1.0768E-03 8.0000E-04
2.0765E-03 8.0000E-04
1.2216E-03 8.0000E-04
4.8696E-04 8.0000E-04
3.7463E-04 8.0000E-04
5.6888E-04 8.0000E-04
1.3107E-03 8.0000E-04
7.4469E-04 8.0000E-04
9.5246E-04 8.0000E-04
8.0362E-04 8.0000E-04
1.0186E-03 8.0000E-04
4.7681E-04 8.0000E-04
9.3122E-04 8.0000E-04
4.9519E-04 8.0000E-04
5.5070E-04 8.0000E-04
9.3431E-04 8.0000E-04
1.0570E-03 8.0000E-04
2.8417E-04 8.0000E-04
7.9666E-04 8.0000E-04
6.5139E-04 8.0000E-04
9.3983E-04 8.0000E-04
1.1518E-03 8.0000E-04
5.5579E-04 8.0000E-04
2.4661E-04 8.0000E-04
7.3251E-04 8.0000E-04
1.4574E-03 8.0000E-04
1.2498E-04 8.0000E-04
3.3245E-04 8.0000E-04
8.5699E-04 8.0000E-04
1.0498E-03 8.0000E-04
3.1633E-03 8.0000E-04
9.7125E-04 8.0000E-04
1.9139E-04 8.0000E-04
6.5201E-04 8.0000E-04
1.6070E-03 8.0000E-04
1.1019E-03 8.0000E-04
1.7965E-03 8.0000E-04
1.2798E-03 8.0000E-04
1.5499E-03 8.0000E-04
2.5582E-03 8.0000E-04
1.6872E-03 8.0000E-04
6.9311E-04 8.0000E-04
1.6246E-03 8.0000E-04
2.8054E-03 8.0000E-04
4.7582E-04 8.0000E-04
1.5032E-03 8.0000E-04
1.5992E-03 8.0000E-04
3.5995E-03 8.0000E-04
1.3555E-03 8.0000E-04
3.3981E-03 8.0000E-04
6.6564E-04 8.0000E-04
2.0128E-03 8.0000E-04
2.2965E-03 8.0000E-04
1.2579E-03 8.0000E-04
2.9131E-03 8.0000E-04
1.6251E-03 8.0000E-04
2.7576E-03 8.0000E-04
7.0256E-04 8.0000E-04
8.2899E-04 8.0000E-04
1.1003E-03 8.0000E-04
2.9994E-03 8.0000E-04
5.4781E-04 8.0000E-04
6.6063E-04 8.0000E-04
1.2213E-03 8.0000E-04
2.1354E-03 8.0000E-04
6.6862E-04 8.0000E-04
1.9958E-03 8.0000E-04
1.2018E-03 8.0000E-04
7.5012E-04 8.0000E-04
2.1074E-03 8.0000E-04
9.8804E-04 8.0000E-04
1.2922E-03 8.0000E-04
2.0919E-03 8.0000E-04
8.7968E-04 8.0000E-04
4.8420E-04 8.0000E-04
2.3167E-03 8.0000E-04
8.1083E-04 8.0000E-04
1.2449E-03 8.0000E-04
2.6813E-03 8.0000E-04
6.9001E-04 8.0000E-04
1.4099E-03 8.0000E-04
1.7878E-03 8.0000E-04
1.0031E-03 8.0000E-04
6.0504E-04 8.0000E-04
2.9620E-03 8.0000E-04
1.4364E-03 8.0000E-04
6.7532E-04 8.0000E-04
1.3421E-03 8.0000E-04
1.3596E-03 8.0000E-04
1.8963E-03 8.0000E-04
6.9184E-04 8.0000E-04
6.9469E-04 8.0000E-04
7.4886E-04 8.0000E-04
2.4603E-03 8.0000E-04
9.7639E-04 8.0000E-04
5.1772E-04 8.0000E-04
5.5257E-04 8.0000E-04
1.4652E-03 8.0000E-04
1.2365E-03 8.0000E-04
2.5574E-04 8.0000E-04
4.1681E-04 8.0000E-04
6.4375E-04 8.0000E-04
8.3208E-04 8.0000E-04
6.0654E-04 8.0000E-04
4.8703E-04 8.0000E-04
3.6613E-04 8.0000E-04
6.1717E-04 8.0000E-04
3.7811E-04 8.0000E-04
2.6489E-04 8.0000E-04
4.9399E-04 8.0000E-04
9.2466E-04 8.0000E-04
1.7376E-04 8.0000E-04
1.3080E-04 8.0000E-04
2.9892E-04 8.0000E-04
7.4511E-04 8.0000E-04
5.1352E-04 8.0000E-04
2.7424E-04 8.0000E-04
4.9244E-04 8.0000E-04
5.1387E-04 8.0000E-04
2.8776E-04 8.0000E-04
5.3665E-04 8.0000E-04
3.2938E-04 8.0000E-04
3.8579E-04 8.0000E-04
9.3459E-04 8.0000E-04
2.7506E-04 8.0000E-04
9.1903E-05 8.0000E-04
4.9007E-04 8.0000E-04
8.3622E-04 8.0000E-04
1.0811E-04 8.0000E-04
2.2919E-04 8.0000E-04
5.2531E-04 8.0000E-04
6.2808E-04 8.0000E-04
8.2703E-04 8.0000E-04
7.6094E-04 8.0000E-04
4.3030E-04 8.0000E-04
6.8734E-04 8.0000E-04
1.0201E-03 8.0000E-04
2.3522E-04 8.0000E-04
4.1808E-04 8.0000E-04
6.2251E-04 8.0000E-04
1.2163E-03 8.0000E-04
1.4106E-03 8.0000E-04
7.2570E-04 8.0000E-04
5.4923E-04 8.0000E-04
7.8878E-04 8.0000E-04
1.8342E-03 8.0000E-04
6.0896E-04 8.0000E-04
4.6113E-04 8.0000E-04
8.9320E-04 8.0000E-04
1.6831E-03 8.0000E-04
2.8500E-03 8.0000E-04
6.3179E-04 8.0000E-04
1.4160E-03 8.0000E-04
1.4057E-03 8.0000E-04
2.4247E-03 8.0000E-04
3.6664E-03 8.0000E-04
2.8542E-03 8.0000E-04
8.0215E-04 8.0000E-04
3.5459E-03 8.0000E-04
3.1628E-03 8.0000E-04
1.7293E-03 8.0000E-04
6.4269E-03 8.0000E-04
7.0526E-03 8.0000E-04
3.2669E-03 8.0000E-04
2.7738E-03 8.0000E-04
1.7117E-03 8.0000E-04
5.1249E-03 8.0000E-04
5.2382E-03 8.0000E-04
3.3805E-03 8.0000E-04
6.6071E-04 8.0000E-04
4.9591E-03 8.0000E-04
4.6633E-03 8.0000E-04
3.2987E-03 8.0000E-04
2.0169E-03 8.0000E-04
1.8455E-03 8.0000E-04
1.5582E-03 8.0000E-04
4.6227E-03 8.0000E-04
2.5951E-03 8.0000E-04
7.1338E-04 8.0000E-04
1.1492E-03 8.0000E-04
2.0455E-03 8.0000E-04
1.8604E-03 8.0000E-04
1.5029E-03 8.0000E-04
1.7978E-03 8.0000E-04
3.5177E-03 8.0000E-04
1.7555E-03 8.0000E-04
1.4617E-03 8.0000E-04
9.4296E-04 8.0000E-04
2.4575E-03 8.0000E-04
2.0862E-03 8.0000E-04
1.0399E-03 8.0000E-04
7.7838E-04 8.0000E-04
1.4748E-03 8.0000E-04
2.0820E-03 8.0000E-04
1.7021E-03 8.0000E-04
8.8659E-04 8.0000E-04
1.6372E-03 8.0000E-04
6.5483E-04 8.0000E-04
1.3025E-03 8.0000E-04
1.1477E-03 8.0000E-04
1.1181E-03 8.0000E-04
6.7641E-04 8.0000E-04
9.7184E-04 8.0000E-04
9.4587E-04 8.0000E-04
6.7764E-04 8.0000E-04
9.0610E-04 8.0000E-04
6.8694E-04 8.0000E-04
8.9782E-04 8.0000E-04
1.1932E-03 8.0000E-04
9.3673E-04 8.0000E-04
3.6640E-04 8.0000E-04
1.0752E-03 8.0000E-04
1.4841E-03 8.0000E-04
2.7553E-04 8.0000E-04
9.3352E-04 8.0000E-04
7.3173E-04 8.0000E-04
2.5812E-03 8.0000E-04
7.0121E-04 8.0000E-04
2.8083E-04 8.0000E-04
7.0969E-04 8.0000E-04
1.2554E-03 8.0000E-04
1.4483E-03 8.0000E-04
1.5468E-03 8.0000E-04
9.7782E-04 8.0000E-04
5.8356E-04 8.0000E-04
1.1222E-03 8.0000E-04
7.7779E-04 8.0000E-04
5.2103E-04 8.0000E-04
1.2121E-03 8.0000E-04
1.2633E-03 8.0000E-04
2.7936E-04 8.0000E-04
7.3632E-04 8.0000E-04
6.5273E-04 8.0000E-04
1.8550E-03 8.0000E-04
4.8924E-04 8.0000E-04
2.3231E-04 8.0000E-04
7.1006E-04 8.0000E-04
1.3756E-03 8.0000E-04
3.4095E-04 8.0000E-04
6.7292E-04 8.0000E-04
7.7880E-04 8.0000E-04
1.3266E-03 8.0000E-04
1.8050E-03 8.0000E-04
4.0262E-04 8.0000E-04
4.0189E-04 8.0000E-04
6.1496E-04 8.0000E-04
1.8680E-03 8.0000E-04
5.2264E-04 8.0000E-04
7.6806E-04 8.0000E-04
1.0672E-03 8.0000E-04
1.7278E-03 8.0000E-04
1.2892E-03 8.0000E-04
6.8913E-04 8.0000E-04
1.3320E-03 8.0000E-04
6.0663E-04 8.0000E-04
6.1457E-04 8.0000E-04
2.2569E-03 8.0000E-04
1.4488E-03 8.0000E-04
2.1915E-04 8.0000E-04
1.3438E-03 8.0000E-04
6.1694E-04 8.0000E-04
3.0596E-03 8.0000E-04
4.1553E-04 8.0000E-04
6.0575E-04 8.0000E-04
1.0311E-03 8.0000E-04
2.9451E-03 8.0000E-04
5.5552E-04 8.0000E-04
1.0974E-03 8.0000E-04
1.0558E-03 8.0000E-04
3.5317E-03 8.0000E-04
1.3788E-03 8.0000E-04
1.2239E-03 8.0000E-04
1.7514E-03 8.0000E-04
3.0175E-03 8.0000E-04
5.5568E-04 8.0000E-04
2.8628E-03 8.0000E-04
1.7673E-03 8.0000E-04
2.6440E-03 8.0000E-04
4.8065E-03 8.0000E-04
1.2177E-03 8.0000E-04
7.2142E-04 8.0000E-04
2.8237E-03 8.0000E-04
1.7747E-03 8.0000E-04
9.2631E-04 8.0000E-04
1.9073E-03 8.0000E-04
6.5556E-04 8.0000E-04
3.7700E-03 8.0000E-04
1.7662E-03 8.0000E-04
4.4517E-04 8.0000E-04
9.0413E-04 8.0000E-04
2.7590E-03 8.0000E-04
5.6120E-04 8.0000E-04
1.0723E-03 8.0000E-04
5.6447E-04 8.0000E-04
2.1575E-03 8.0000E-04
1.0045E-03 8.0000E-04
5.2860E-04 8.0000E-04
7.7026E-04 8.0000E-04
9.8663E-04 8.0000E-04
1.2433E-03 8.0000E-04
1.2904E-03 8.0000E-04
1.4119E-03 8.0000E-04
6.8369E-04 8.0000E-04
1.0711E-03 8.0000E-04
9.9727E-04 8.0000E-04
8.5635E-04 8.0000E-04
1.0090E-03 8.0000E-04
1.6382E-03 8.0000E-04
1.0469E-03 8.0000E-04
9.0006E-04 8.0000E-04
1.3443E-03 8.0000E-04
9.4511E-04 8.0000E-04
4.4908E-04 8.0000E-04
1.5800E-03 8.0000E-04
1.2308E-03 8.0000E-04
3.8492E-04 8.0000E-04
1.3352E-03 8.0000E-04
7.8526E-04 8.0000E-04
2.8772E-03 8.0000E-04
5.3953E-04 8.0000E-04
2.0127E-04 8.0000E-04
6.1331E-04 8.0000E-04
2.3077E-03 8.0000E-04
8.5182E-04 8.0000E-04
9.4747E-04 8.0000E-04
6.2881E-04 8.0000E-04
1.4102E-03 8.0000E-04
7.4448E-04 8.0000E-04
7.4289E-04 8.0000E-04
7.7901E-04 8.0000E-04
5.7863E-04 8.0000E-04
7.6480E-04 8.0000E-04
9.3323E-04 8.0000E-04
6.2969E-04 8.0000E-04
6.2184E-04 8.0000E-04
5.4073E-04 8.0000E-04
5.1591E-04 8.0000E-04
5.8017E-04 8.0000E-04
6.3968E-04 8.0000E-04
2.8847E-04 8.0000E-04
5.2799E-04 8.0000E-04
3.9502E-04 8.0000E-04
8.7894E-04 8.0000E-04
4.7369E-04 8.0000E-04
5.3498E-04 8.0000E-04
4.0502E-04 8.0000E-04
6.5376E-04 8.0000E-04
5.9202E-04 8.0000E-04
6.2867E-04 8.0000E-04
5.4706E-04 8.0000E-04
6.9282E-04 8.0000E-04
5.2163E-04 8.0000E-04
6.3755E-04 8.0000E-04
6.6847E-04 8.0000E-04
5.1186E-04 8.0000E-04
6.7445E-04 8.0000E-04
1.0131E-03 8.0000E-04
5.8262E-04 8.0000E-04
6.8367E-04 8.0000E-04
6.8473E-04 8.0000E-04
1.0280E-03 8.0000E-04
7.6605E-04 8.0000E-04
9.0895E-04 8.0000E-04
9.4150E-04 8.0000E-04
1.0189E-03 8.0000E-04
9.3124E-04 8.0000E-04
1.7413E-03 8.0000E-04
5.6041E-04 8.0000E-04
1.7293E-03 8.0000E-04
1.0488E-03 8.0000E-04
1.9112E-03 8.0000E-04
1.5535E-03 8.0000E-04
1.9448E-03 8.0000E-04
2.5932E-03 8.0000E-04
1.5928E-03 8.0000E-04
2.8301E-03 8.0000E-04
8.0300E-04 8.0000E-04
1.6060E-03 8.0000E-04
2.1826E-03 8.0000E-04
5.8281E-04 8.0000E-04
4.0471E-03 8.0000E-04
1.4863E-03 8.0000E-04
2.4521E-03 8.0000E-04
2.5013E-03 8.0000E-04
3.1038E-03 8.0000E-04
1.1647E-03 8.0000E-04
2.1941E-03 8.0000E-04
2.2319E-03 8.0000E-04
1.2214E-03 8.0000E-04
3.9287E-03 8.0000E-04
1.2945E-03 8.0000E-04
1.4584E-03 8.0000E-04
3.9523E-03 8.0000E-04
1.6755E-03 8.0000E-04
1.8650E-03 8.0000E-04
1.5165E-03 8.0000E-04
1.4292E-03 8.0000E-04
1.2563E-03 8.0000E-04
1.1668E-03 8.0000E-04
1.8611E-03 8.0000E-04
1.5234E-03 8.0000E-04
9.1853E-04 8.0000E-04
1.3832E-03 8.0000E-04
1.4085E-03 8.0000E-04
3.7195E-03 8.0000E-04
6.1889E-04 8.0000E-04
1.5500E-03 8.0000E-04
1.4354E-03 8.0000E-04
3.3508E-03 8.0000E-04
1.6510E-03 8.0000E-04
1.5317E-03 8.0000E-04
1.7831E-03 8.0000E-04
1.6587E-03 8.0000E-04
3.6747E-03 8.0000E-04
1.6735E-03 8.0000E-04
6.4674E-04 8.0000E-04
3.7696E-03 8.0000E-04
5.9758E-04 8.0000E-04
8.1648E-04 8.0000E-04
1.6195E-03 8.0000E-04
1.4284E-03 8.0000E-04
7.3778E-04 8.0000E-04
4.1967E-04 8.0000E-04
6.3873E-04 8.0000E-04
1.1151E-03 8.0000E-04
1.0104E-03 8.0000E-04
4.9802E-04 8.0000E-04
1.1419E-03 8.0000E-04
1.1825E-03 8.0000E-04
6.0975E-04 8.0000E-04
1.2131E-03 8.0000E-04
9.8142E-04 8.0000E-04
6.8357E-04 8.0000E-04
3.1229E-03 8.0000E-04
1.5077E-03 8.0000E-04
1.7140E-04 8.0000E-04
6.3271E-04 8.0000E-04
2.5376E-03 8.0000E-04
4.8982E-04 8.0000E-04
5.8005E-04 8.0000E-04
9.0205E-04 8.0000E-04
1.6409E-03 8.0000E-04
2.4179E-03 8.0000E-04
5.3422E-04 8.0000E-04
6.1840E-04 8.0000E-04
8.7924E-04 8.0000E-04
2.5703E-03 8.0000E-04
1.3124E-03 8.0000E-04
1.0038E-03 8.0000E-04
1.2087E-03 8.0000E-04
2.6458E-03 8.0000E-04
9.7887E-04 8.0000E-04
1.0938E-03 8.0000E-04
8.4296E-04 8.0000E-04
1.9627E-03 8.0000E-04
1.8025E-03 8.0000E-04
6.9702E-04 8.0000E-04
2.0622E-03 8.0000E-04
1.1576E-03 8.0000E-04
3.3983E-03 8.0000E-04
1.1803E-03 8.0000E-04
1.8941E-03 8.0000E-04
4.9243E-04 8.0000E-04
1.4852E-03 8.0000E-04
1.5597E-03 8.0000E-04
1.1695E-03 8.0000E-04
1.5128E-03 8.0000E-04
1.6487E-03 8.0000E-04
2.2190E-03 8.0000E-04
1.2445E-03 8.0000E-04
1.1282E-03 8.0000E-04
2.4841E-03 8.0000E-04
4.0731E-04 8.0000E-04
1.8326E-03 8.0000E-04
2.0439E-03 8.0000E-04
2.6834E-03 8.0000E-04
1.9842E-03 8.0000E-04
1.5226E-03 8.0000E-04
8.8073E-04 8.0000E-04
2.9037E-03 8.0000E-04
1.7348E-03 8.0000E-04
7.9861E-04 8.0000E-04
1.9155E-03 8.0000E-04
2.9705E-03 8.0000E-04
2.0414E-03 8.0000E-04
7.9627E-04 8.0000E-04
7.1433E-04 8.0000E-04
8.1613E-04 8.0000E-04
1.5414E-03 8.0000E-04
1.4807E-03 8.0000E-04
5.9036E-04 8.0000E-04
1.1367E-03 8.0000E-04
1.1555E-03 8.0000E-04
3.5235E-04 8.0000E-04
6.9210E-04 8.0000E-04
8.7003E-04 8.0000E-04
1.5970E-03 8.0000E-04
1.0540E-03 8.0000E-04
5.8889E-04 8.0000E-04
7.6861E-04 8.0000E-04
1.4596E-03 8.0000E-04
7.8730E-04 8.0000E-04
9.2049E-04 8.0000E-04
9.8986E-04 8.0000E-04
1.4028E-03 8.0000E-04
8.9306E-04 8.0000E-04
7.6853E-04 8.0000E-04
1.1060E-03 8.0000E-04
1.3904E-03 8.0000E-04
1.0007E-03 8.0000E-04
7.3025E-04 8.0000E-04
1.0200E-03 8.0000E-04
1.0681E-03 8.0000E-04
1.3142E-03 8.0000E-04
8.3904E-04 8.0000E-04
1.3138E-03 8.0000E-04
1.8328E-03 8.0000E-04
2.3410E-03 8.0000E-04
8.6595E-04 8.0000E-04
2.2315E-03 8.0000E-04
9.5581E-04 8.0000E-04
1.2055E-03 8.0000E-04
1.8978E-03 8.0000E-04
2.0235E-03 8.0000E-04
8.5636E-04 8.0000E-04
3.1580E-03 8.0000E-04
1.2616E-03 8.0000E-04
2.5990E-03 8.0000E-04
2.7282E-03 8.0000E-04
2.2629E-03 8.0000E-04
1.1243E-03 8.0000E-04
1.8565E-03 8.0000E-04
2.9269E-03 8.0000E-04
3.0743E-03 8.0000E-04
5.7137E-04 8.0000E-04
1.3082E-03 8.0000E-04
8.5133E-04 8.0000E-04
1.6979E-03 8.0000E-04
2.3597E-03 8.0000E-04
8.3149E-04 8.0000E-04
9.1444E-04 8.0000E-04
2.2216E-03 8.0000E-04
1.1835E-03 8.0000E-04
7.3017E-04 8.0000E-04
1.4272E-03 8.0000E-04
1.5868E-03 8.0000E-04
5.1081E-04 8.0000E-04
1.0592E-03 8.0000E-04
7.4227E-04 8.0000E-04
2.6433E-03 8.0000E-04
1.3089E-03 8.0000E-04
4.8394E-04 8.0000E-04
1.1726E-03 8.0000E-04
1.1754E-03 8.0000E-04
2.0545E-03 8.0000E-04
1.3016E-03 8.0000E-04
1.2802E-03 8.0000E-04
1.1097E-03 8.0000E-04
1.1279E-03 8.0000E-04
1.2651E-03 8.0000E-04
8.0457E-04 8.0000E-04
9.5426E-04 8.0000E-04
1.2001E-03 8.0000E-04
1.3878E-03 8.0000E-04
5.7507E-04 8.0000E-04
1.2986E-03 8.0000E-04
7.7381E-04 8.0000E-04
4.8121E-04 8.0000E-04
1.2270E-03 8.0000E-04
1.3306E-03 8.0000E-04
5.0650E-04 8.0000E-04
1.3895E-03 8.0000E-04
6.9000E-04 8.0000E-04
1.3624E-03 8.0000E-04
1.1892E-03 8.0000E-04
7.8317E-04 8.0000E-04
4.3156E-04 8.0000E-04
1.4195E-03 8.0000E-04
9.3265E-04 8.0000E-04
9.2598E-04 8.0000E-04
1.1524E-03 8.0000E-04
1.4719E-03 8.0000E-04
5.0292E-04 8.0000E-04
9.3286E-04 8.0000E-04
9.4564E-04 8.0000E-04
7.6516E-04 8.0000E-04
2.1748E-03 8.0000E-04
1.3026E-03 8.0000E-04
7.5120E-04 8.0000E-04
1.4763E-03 8.0000E-04
2.3945E-03 8.0000E-04
7.4820E-04 8.0000E-04
1.5301E-03 8.0000E-04
1.4097E-03 8.0000E-04
2.8023E-03 8.0000E-04
3.9901E-03 8.0000E-04
5.2420E-04 8.0000E-04
1.4024E-03 8.0000E-04
9.7474E-04 8.0000E-04
3.3746E-03 8.0000E-04
7.3670E-04 8.0000E-04
1.6305E-03 8.0000E-04
2.1399E-03 8.0000E-04
4.1752E-03 8.0000E-04
1.0834E-03 8.0000E-04
3.7549E-03 8.0000E-04
1.1954E-03 8.0000E-04
9.7931E-04 8.0000E-04
2.1679E-03 8.0000E-04
2.7424E-03 8.0000E-04
3.3990E-03 8.0000E-04
1.0168E-03 8.0000E-04
1.0059E-03 8.0000E-04
6.5764E-04 8.0000E-04
2.2877E-03 8.0000E-04
1.2658E-03 8.0000E-04
4.9470E-04 8.0000E-04
1.3838E-03 8.0000E-04
1.6120E-03 8.0000E-04
8.3509E-04 8.0000E-04
4.0299E-04 8.0000E-04
9.1880E-04 8.0000E-04
1.1909E-03 8.0000E-04
5.6535E-04 8.0000E-04
5.6271E-04 8.0000E-04
5.3001E-04 8.0000E-04
1.1012E-03 8.0000E-04
3.9841E-04 8.0000E-04
3.0466E-04 8.0000E-04
4.9005E-04 8.0000E-04
8.2103E-04 8.0000E-04
7.2478E-04 8.0000E-04
3.0912E-04 8.0000E-04
5.2897E-04 8.0000E-04
6.5887E-04 8.0000E-04
3.3498E-04 8.0000E-04
4.6611E-04 8.0000E-04
3.8815E-04 8.0000E-04
1.0750E-03 8.0000E-04
3.6276E-04 8.0000E-04
1.3113E-04 8.0000E-04
3.6288E-04 8.0000E-04
7.3385E-04 8.0000E-04
3.0954E-04 8.0000E-04
4.0444E-04 8.0000E-04
4.1012E-04 8.0000E-04
7.0546E-04 8.0000E-04
7.7823E-04 8.0000E-04
1.4686E-04 8.0000E-04
3.9364E-04 8.0000E-04
4.6842E-04 8.0000E-04
2.9978E-04 8.0000E-04
7.7850E-04 8.0000E-04
3.8213E-04 8.0000E-04
5.7613E-04 8.0000E-04
5.6470E-04 8.0000E-04
4.2402E-04 8.0000E-04
3.5504E-04 8.0000E-04
5.3601E-04 8.0000E-04
6.3787E-04 8.0000E-04
2.4627E-04 8.0000E-04
5.6888E-04 8.0000E-04
4.2915E-04 8.0000E-04
4.4935E-04 8.0000E-04
8.1933E-04 8.0000E-04
2.8403E-04 8.0000E-04
8.4712E-05 8.0000E-04
4.5225E-04 8.0000E-04
6.4852E-04 8.0000E-04
8.1909E-05 8.0000E-04
3.1819E-04 8.0000E-04
3.4645E-04 8.0000E-04
6.4632E-04 8.0000E-04
5.4279E-04 8.0000E-04
1.7617E-04 8.0000E-04
1.0793E-04 8.0000E-04
1.8562E-04 8.0000E-04
5.6188E-04 8.0000E-04
1.7236E-04 8.0000E-04
1.7956E-04 8.0000E-04
3.0415E-04 8.0000E-04
4.3080E-04 8.0000E-04
7.9163E-04 8.0000E-04
1.0831E-04 8.0000E-04
8.2479E-05 8.0000E-04
1.5172E-04 8.0000E-04
3.8438E-04 8.0000E-04
7.7590E-04 8.0000E-04
1.0965E-04 8.0000E-04
2.9448E-04 8.0000E-04
2.6916E-04 8.0000E-04
8.3461E-04 8.0000E-04
2.2996E-04 8.0000E-04
1.0321E-04 8.0000E-04
2.5086E-04 8.0000E-04
5.7425E-04 8.0000E-04
3.9411E-04 8.0000E-04
5.1193E-04 8.0000E-04
4.5463E-04 8.0000E-04
6.9959E-04 8.0000E-04
4.0895E-04 8.0000E-04
5.1852E-04 8.0000E-04
2.9231E-04 8.0000E-04
2.4917E-04 8.0000E-04
9.7089E-04 8.0000E-04
6.8794E-04 8.0000E-04
7.0482E-05 8.0000E-04
6.3889E-04 8.0000E-04
6.7872E-04 8.0000E-04
3.6947E-04 8.0000E-04
6.0407E-04 8.0000E-04
4.3084E-04 8.0000E-04
9.0508E-04 8.0000E-04
1.0482E-03 8.0000E-04
3.3870E-04 8.0000E-04
4.2268E-04 8.0000E-04
5.9415E-04 8.0000E-04
1.4157E-03 8.0000E-04
6.9338E-04 8.0000E-04
3.4501E-04 8.0000E-04
5.6066E-04 8.0000E-04
9.9721E-04 8.0000E-04
4.4080E-04 8.0000E-04
8.6384E-04 8.0000E-04
8.2525E-04 8.0000E-04
1.8806E-03 8.0000E-04
4.5014E-04 8.0000E-04
7.0532E-04 8.0000E-04
3.4828E-04 8.0000E-04
1.3384E-03 8.0000E-04
5.6290E-04 8.0000E-04
1.3251E-03 8.0000E-04
1.3811E-03 8.0000E-04
1.6261E-03 8.0000E-04
2.8323E-03 8.0000E-04
1.4239E-03 8.0000E-04
8.1766E-04 8.0000E-04
1.1747E-03 8.0000E-04
9.1616E-04 8.0000E-04
1.1082E-03 8.0000E-04
3.7395E-03 8.0000E-04
1.3229E-03 8.0000E-04
1.9325E-04 8.0000E-04
2.3807E-03 8.0000E-04
1.2593E-03 8.0000E-04
8.7839E-04 8.0000E-04
2.6411E-03 8.0000E-04
5.9285E-04 8.0000E-04
3.4604E-04 8.0000E-04
1.8540E-03 8.0000E-04
6.0597E-04 8.0000E-04
3.9885E-04 8.0000E-04
1.4982E-03 8.0000E-04
5.3872E-04 8.0000E-04
9.7243E-04 8.0000E-04
1.5187E-03 8.0000E-04
4.4564E-04 8.0000E-04
3.3362E-04 8.0000E-04
6.2609E-04 8.0000E-04
7.5435E-04 8.0000E-04
2.5130E-04 8.0000E-04
9.5698E-04 8.0000E-04
4.6393E-04 8.0000E-04
1.3052E-03 8.0000E-04
6.0736E-04 8.0000E-04
4.7826E-04 8.0000E-04
6.5978E-04 8.0000E-04
8.7376E-04 8.0000E-04
6.6721E-04 8.0000E-04
6.2130E-04 8.0000E-04
6.1117E-04 8.0000E-04
1.1403E-03 8.0000E-04
1.8272E-04 8.0000E-04
2.4705E-04 8.0000E-04
3.5030E-04 8.0000E-04
1.1931E-03 8.0000E-04
4.4062E-04 8.0000E-04
3.3559E-04 8.0000E-04
5.3049E-04 8.0000E-04
8.6682E-04 8.0000E-04
6.4761E-04 8.0000E-04
5.4492E-04 8.0000E-04
5.5355E-04 8.0000E-04
6.5290E-04 8.0000E-04
7.0883E-04 8.0000E-04
7.4992E-04 8.0000E-04
4.4366E-04 8.0000E-04
7.5075E-04 8.0000E-04
6.1521E-04 8.0000E-04
8.7191E-04 8.0000E-04
4.7932E-04 8.0000E-04
4.8772E-04 8.0000E-04
7.2280E-04 8.0000E-04
6.7984E-04 8.0000E-04
6.2245E-04 8.0000E-04
8.7267E-04 8.0000E-04
5.2266E-04 8.0000E-04
4.0626E-04 8.0000E-04
7.3683E-04 8.0000E-04
9.0706E-04 8.0000E-04
2.2608E-04 8.0000E-04
5.4695E-04 8.0000E-04
4.5461E-04 8.0000E-04
1.5605E-03 8.0000E-04
4.2277E-04 8.0000E-04
2.2350E-04 8.0000E-04
5.9214E-04 8.0000E-04
1.0245E-03 8.0000E-04
7.4892E-04 8.0000E-04
8.2540E-04 8.0000E-04
6.6418E-04 8.0000E-04
1.1068E-03 8.0000E-04
2.6874E-04 8.0000E-04
7.3817E-04 8.0000E-04
3.8526E-04 8.0000E-04
1.3740E-03 8.0000E-04
1.4538E-03 8.0000E-04
4.9836E-04 8.0000E-04
1.5069E-04 8.0000E-04
6.8886E-04 8.0000E-04
1.6268E-03 8.0000E-04
8.7275E-04 8.0000E-04
6.1154E-04 8.0000E-04
1.3489E-03 8.0000E-04
1.5571E-03 8.0000E-04
1.9405E-03 8.0000E-04
3.2272E-04 8.0000E-04
1.3264E-03 8.0000E-04
5.7932E-04 8.0000E-04
9.6036E-04 8.0000E-04
2.9631E-03 8.0000E-04
5.4838E-04 8.0000E-04
2.4189E-03 8.0000E-04
3.6811E-03 8.0000E-04
9.7831E-04 8.0000E-04
8.4600E-04 8.0000E-04
2.6791E-03 8.0000E-04
1.0602E-03 8.0000E-04
1.5975E-03 8.0000E-04
2.6434E-03 8.0000E-04
1.2686E-03 8.0000E-04
3.9863E-03 8.0000E-04
9.1893E-04 8.0000E-04
3.5022E-03 8.0000E-04
7.4703E-04 8.0000E-04
2.3623E-03 8.0000E-04
3.5791E-03 8.0000E-04
3.8281E-03 8.0000E-04
7.8191E-04 8.0000E-04
3.5351E-03 8.0000E-04
1.4859E-03 8.0000E-04
8.1460E-04 8.0000E-04
3.0441E-03 8.0000E-04
1.7238E-03 8.0000E-04
6.6844E-04 8.0000E-04
2.4749E-03 8.0000E-04
1.0705E-03 8.0000E-04
2.3768E-03 8.0000E-04
2.4425E-03 8.0000E-04
9.6241E-04 8.0000E-04
2.2079E-03 8.0000E-04
1.1423E-03 8.0000E-04
1.7448E-03 8.0000E-04
2.8000E-03 8.0000E-04
1.9410E-03 8.0000E-04
3.0490E-03 8.0000E-04
2.6143E-03 8.0000E-04
1.4912E-03 8.0000E-04
4.9509E-03 8.0000E-04
1.5454E-03 8.0000E-04
1.2851E-03 8.0000E-04
2.5955E-03 8.0000E-04
3.2335E-03 8.0000E-04
2.5996E-03 8.0000E-04
2.3013E-03 8.0000E-04
3.2240E-03 8.0000E-04
1.0845E-03 8.0000E-04
3.2428E-03 8.0000E-04
1.4168E-03 8.0000E-04
1.1702E-03 8.0000E-04
1.8799E-03 8.0000E-04
1.7028E-03 8.0000E-04
1.2326E-03 8.0000E-04
5.6944E-04 8.0000E-04
8.9831E-04 8.0000E-04
8.9437E-04 8.0000E-04
7.6019E-04 8.0000E-04
1.1414E-03 8.0000E-04
6.2795E-04 8.0000E-04
5.0644E-04 8.0000E-04
1.0963E-03 8.0000E-04
6.3021E-04 8.0000E-04
2.6911E-04 8.0000E-04
8.4917E-04 8.0000E-04
7.4913E-04 8.0000E-04
5.8619E-04 8.0000E-04
1.0198E-03 8.0000E-04
8.7149E-04 8.0000E-04
5.4986E-04 8.0000E-04
1.5500E-03 8.0000E-04
5.2441E-04 8.0000E-04
2.2808E-04 8.0000E-04
1.3332E-03 8.0000E-04
1.7814E-03 8.0000E-04
3.1745E-04 8.0000E-04
4.4391E-04 8.0000E-04
7.3224E-04 8.0000E-04
1.5067E-03 8.0000E-04
1.5578E-03 8.0000E-04
4.7988E-04 8.0000E-04
8.9923E-04 8.0000E-04
7.6863E-04 8.0000E-04
6.5731E-04 8.0000E-04
1.4839E-03 8.0000E-04
6.7501E-04 8.0000E-04
4.3543E-04 8.0000E-04
1.5383E-03 8.0000E-04
8.3979E-04 8.0000E-04
2.4956E-04 8.0000E-04
5.5964E-04 8.0000E-04
6.4590E-04 8.0000E-04
1.9069E-03 8.0000E-04
5.3009E-04 8.0000E-04
5.2519E-04 8.0000E-04
7.3321E-04 8.0000E-04
1.6521E-03 8.0000E-04
2.7176E-04 8.0000E-04
2.6636E-04 8.0000E-04
7.0295E-04 8.0000E-04
1.1545E-03 8.0000E-04
1.5878E-03 8.0000E-04
9.3093E-04 8.0000E-04
8.3610E-04 8.0000E-04
9.5597E-04 8.0000E-04
2.2807E-03 8.0000E-04
6.6850E-04 8.0000E-04
1.0337E-03 8.0000E-04
9.7842E-04 8.0000E-04
2.0922E-03 8.0000E-04
9.3180E-04 8.0000E-04
2.7039E-03 8.0000E-04
1.5990E-03 8.0000E-04
1.6743E-03 8.0000E-04
5.2999E-03 8.0000E-04
3.1911E-03 8.0000E-04
2.3564E-03 8.0000E-04
1.2032E-03 8.0000E-04
2.4086E-03 8.0000E-04
4.9506E-03 8.0000E-04
1.6715E-03 8.0000E-04
5.7322E-04 8.0000E-04
3.1758E-03 8.0000E-04
1.3494E-03 8.0000E-04
1.1460E-03 8.0000E-04
1.9408E-03 8.0000E-04
7.3031E-04 8.0000E-04
3.9590E-03 8.0000E-04
2.6702E-03 8.0000E-04
4.0766E-04 8.0000E-04
6.7919E-04 8.0000E-04
1.8215E-03 8.0000E-04
1.4603E-03 8.0000E-04
1.0738E-03 8.0000E-04
6.9354E-04 8.0000E-04
6.0687E-04 8.0000E-04
1.1718E-03 8.0000E-04
4.9909E-04 8.0000E-04
3.0284E-04 8.0000E-04
7.6583E-04 8.0000E-04
1.2411E-03 8.0000E-04
1.8632E-04 8.0000E-04
3.2300E-04 8.0000E-04
6.1184E-04 8.0000E-04
1.0034E-03 8.0000E-04
1.1894E-03 8.0000E-04
5.3932E-04 8.0000E-04
3.6071E-04 8.0000E-04
4.7994E-04 8.0000E-04
1.0690E-03 8.0000E-04
5.0743E-04 8.0000E-04
3.5001E-04 8.0000E-04
6.8216E-04 8.0000E-04
7.4336E-04 8.0000E-04
8.6493E-04 8.0000E-04
5.8905E-04 8.0000E-04
5.1221E-04 8.0000E-04
6.1712E-04 8.0000E-04
9.2392E-04 8.0000E-04
4.6242E-04 8.0000E-04
5.6982E-04 8.0000E-04
6.9054E-04 8.0000E-04
8.4448E-04 8.0000E-04
4.7848E-04 8.0000E-04
2.2356E-04 8.0000E-04
3.5964E-04 8.0000E-04
8.0785E-04 8.0000E-04
3.6796E-04 8.0000E-04
4.5601E-04 8.0000E-04
4.8760E-04 8.0000E-04
9.6520E-04 8.0000E-04
4.7032E-04 8.0000E-04
1.6187E-04 8.0000E-04
3.2084E-04 8.0000E-04
5.9128E-04 8.0000E-04
3.1667E-04 8.0000E-04
6.2079E-04 8.0000E-04
5.1117E-04 8.0000E-04
1.0645E-03 8.0000E-04
3.0163E-04 8.0000E-04
1.6207E-04 8.0000E-04
3.2114E-04 8.0000E-04
6.9371E-04 8.0000E-04
3.9695E-04 8.0000E-04
5.5611E-04 8.0000E-04
6.1830E-04 8.0000E-04
9.3465E-04 8.0000E-04
7.2513E-04 8.0000E-04
2.9992E-04 8.0000E-04
4.8202E-04 8.0000E-04
7.4107E-04 8.0000E-04
4.9651E-04 8.0000E-04
7.5375E-04 8.0000E-04
6.1859E-04 8.0000E-04
1.0977E-03 8.0000E-04
5.1245E-04 8.0000E-04
4.5332E-04 8.0000E-04
4.7020E-04 8.0000E-04
5.5419E-04 8.0000E-04
5.6368E-04 8.0000E-04
6.1469E-04 8.0000E-04
5.2021E-04 8.0000E-04
4.9866E-04 8.0000E-04
4.0210E-04 8.0000E-04
5.1947E-04 8.0000E-04
3.0528E-04 8.0000E-04
3.8250E-04 8.0000E-04
4.8771E-04 8.0000E-04
5.1561E-04 8.0000E-04
4.0648E-04 8.0000E-04
3.2739E-04 8.0000E-04
4.9443E-04 8.0000E-04
3.7584E-04 8.0000E-04
2.9465E-04 8.0000E-04
3.2576E-04 8.0000E-04
3.9020E-04 8.0000E-04
4.1378E-04 8.0000E-04
3.0229E-04 8.0000E-04
2.0839E-04 8.0000E-04
2.6617E-04 8.0000E-04
2.8069E-04 8.0000E-04
2.8322E-04 8.0000E-04
3.1335E-04 8.0000E-04
2.0898E-04 8.0000E-04
2.4676E-04 8.0000E-04
2.7354E-04 8.0000E-04
2.3877E-04 8.0000E-04
1.5248E-04 8.0000E-04
3.2737E-04 8.0000E-04
1.9730E-04 8.0000E-04
1.8100E-04 8.0000E-04
4.5759E-04 8.0000E-04
1.7516E-04 8.0000E-04
4.9976E-05 8.0000E-04
2.3844E-04 8.0000E-04
2.1977E-04 8.0000E-04
2.3910E-04 8.0000E-04
4.8588E-04 8.0000E-04
1.6667E-04 8.0000E-04
6.5329E-05 8.0000E-04
1.7196E-04 8.0000E-04
3.1823E-04 8.0000E-04
4.8355E-05 8.0000E-04
1.5851E-04 8.0000E-04
1.9590E-04 8.0000E-04
3.0744E-04 8.0000E-04
4.9006E-04 8.0000E-04
1.0599E-04 8.0000E-04
5.9492E-05 8.0000E-04
9.9907E-05 8.0000E-04
3.0921E-04 8.0000E-04
1.8313E-04 8.0000E-04
1.6573E-04 8.0000E-04
1.9982E-04 8.0000E-04
2.4102E-04 8.0000E-04
3.2384E-04 8.0000E-04
5.6617E-05 8.0000E-04
8.9523E-05 8.0000E-04
1.3130E-04 8.0000E-04
3.1070E-04 8.0000E-04
3.0986E-04 8.0000E-04
2.5716E-04 8.0000E-04
1.0723E-04 8.0000E-04
2.0314E-04 8.0000E-04
1.0876E-04 8.0000E-04
6.5342E-05 8.0000E-04
2.0241E-04 8.0000E-04
2.9439E-04 8.0000E-04
6.8325E-05 8.0000E-04
1.6296E-04 8.0000E-04
1.2118E-04 8.0000E-04
2.8796E-04 8.0000E-04
1.8958E-03 8.0000E-04
1.0290E-03 8.0000E-04
2.6500E-03 8.0000E-04
1.5704E-03 8.0000E-04
4.5675E-04 8.0000E-04
5.7425E-04 8.0000E-04
9.2318E-04 8.0000E-04
6.3226E-04 8.0000E-04
5.9485E-04 8.0000E-04
5.3793E-04 8.0000E-04
8.6712E-04 8.0000E-04
1.1362E-03 8.0000E-04
2.0732E-04 8.0000E-04
2.1751E-04 8.0000E-04
3.4992E-04 8.0000E-04
7.4100E-04 8.0000E-04
7.0443E-04 8.0000E-04
4.5767E-04 8.0000E-04
3.3549E-04 8.0000E-04
3.8597E-04 8.0000E-04
9.1212E-04 8.0000E-04
5.1547E-04 8.0000E-04
4.0639E-04 8.0000E-04
5.2533E-04 8.0000E-04
7.4625E-04 8.0000E-04
2.9846E-04 8.0000E-04
5.4225E-04 8.0000E-04
4.8886E-04 8.0000E-04
1.1945E-03 8.0000E-04
2.0307E-04 8.0000E-04
9.3271E-05 8.0000E-04
3.6513E-04 8.0000E-04
6.3803E-04 8.0000E-04
1.0763E-03 8.0000E-04
4.0422E-04 8.0000E-04
3.8573E-04 8.0000E-04
4.7011E-04 8.0000E-04
6.0234E-04 8.0000E-04
2.5229E-04 8.0000E-04
3.6724E-04 8.0000E-04
4.4822E-04 8.0000E-04
5.0365E-04 8.0000E-04
3.8040E-04 8.0000E-04
2.3507E-04 8.0000E-04
3.1968E-04 8.0000E-04
6.7019E-04 8.0000E-04
3.3445E-04 8.0000E-04
2.5217E-04 8.0000E-04
4.4387E-04 8.0000E-04
6.6139E-04 8.0000E-04
5.3963E-05 8.0000E-04
1.4938E-04 8.0000E-04
1.9915E-04 8.0000E-04
4.8479E-04 8.0000E-04
5.2522E-04 8.0000E-04
3.9405E-04 8.0000E-04
1.7669E-04 8.0000E-04
2.6320E-04 8.0000E-04
4.5480E-04 8.0000E-04
1.6808E-04 8.0000E-04
2.3135E-04 8.0000E-04
2.2646E-04 8.0000E-04
5.0167E-04 8.0000E-04
2.2998E-04 8.0000E-04
1.8800E-04 8.0000E-04
2.6679E-04 8.0000E-04
5.1166E-04 8.0000E-04
1.3131E-04 8.0000E-04
1.5887E-04 8.0000E-04
2.1700E-04 8.0000E-04
4.6678E-04 8.0000E-04
8.7208E-04 8.0000E-04
5.5612E-05 8.0000E-04
6.1554E-05 8.0000E-04
1.8149E-04 8.0000E-04
5.1950E-04 8.0000E-04
2.3253E-04 8.0000E-04
2.5558E-04 8.0000E-04
2.3245E-04 8.0000E-04
4.0073E-04 8.0000E-04
4.9842E-04 8.0000E-04
7.6638E-05 8.0000E-04
8.0659E-05 8.0000E-04
1.8321E-04 8.0000E-04
5.0140E-04 8.0000E-04
3.6495E-04 8.0000E-04
2.2690E-04 8.0000E-04
3.0773E-04 8.0000E-04
3.0026E-04 8.0000E-04
2.1344E-04 8.0000E-04
2.7720E-04 8.0000E-04
1.3246E-04 8.0000E-04
1.8386E-04 8.0000E-04
3.6790E-04 8.0000E-04
3.1365E-04 8.0000E-04
1.3843E-04 8.0000E-04
2.6072E-04 8.0000E-04
2.3217E-04 8.0000E-04
3.5771E-04 8.0000E-04
2.0772E-04 8.0000E-04
2.0502E-04 8.0000E-04
2.7703E-04 8.0000E-04
3.2048E-04 8.0000E-04
1.4604E-04 8.0000E-04
4.3440E-04 8.0000E-04
1.2343E-04 8.0000E-04
2.8793E-04 8.0000E-04
3.2413E-04 8.0000E-04
1.8219E-04 8.0000E-04
2.1534E-04 8.0000E-04
1.9276E-04 8.0000E-04
4.7246E-04 8.0000E-04
3.9776E-04 8.0000E-04
7.8229E-05 8.0000E-04
1.7159E-04 8.0000E-04
2.0191E-04 8.0000E-04
2.6133E-04 8.0000E-04
5.6547E-04 8.0000E-04
4.1671E-04 8.0000E-04
1.0689E-04 8.0000E-04
2.3560E-04 8.0000E-04
2.6903E-04 8.0000E-04
6.3436E-05 8.0000E-04
