RMS Step   Target
2.8627E-04 8.0000E-04
2.7195E-03 8.0000E-04
8.5220E-04 8.0000E-04
1.6333E-03 8.0000E-04
1.7998E-03 8.0000E-04
1.2183E-03 8.0000E-04
6.4301E-04 8.0000E-04
9.6336E-04 8.0000E-04
1.5573E-03 8.0000E-04
4.0892E-04 8.0000E-04
3.5279E-04 8.0000E-04
7.6879E-04 8.0000E-04
1.3124E-03 8.0000E-04
1.2880E-03 8.0000E-04
7.1159E-04 8.0000E-04
5.3289E-04 8.0000E-04
7.9672E-04 8.0000E-04
1.7843E-03 8.0000E-04
6.1598E-04 8.0000E-04
3.6784E-04 8.0000E-04
6.6426E-04 8.0000E-04
1.0948E-03 8.0000E-04
2.2617E-03 8.0000E-04
2.5652E-04 8.0000E-04
1.9267E-04 8.0000E-04
5.3192E-04 8.0000E-04
1.2083E-03 8.0000E-04
7.4645E-04 8.0000E-04
3.1437E-04 8.0000E-04
5.3971E-04 8.0000E-04
1.1812E-03 8.0000E-04
8.0756E-04 8.0000E-04
1.0277E-03 8.0000E-04
1.5099E-03 8.0000E-04
3.5637E-03 8.0000E-04
6.5011E-03 8.0000E-04
2.0776E-03 8.0000E-04
1.3536E-03 8.0000E-04
3.5784E-03 8.0000E-04
7.1567E-03 8.0000E-04
2.7157E-03 8.0000E-04
1.4099E-03 8.0000E-04
9.6525E-04 8.0000E-04
3.6200E-03 8.0000E-04
1.8983E-03 8.0000E-04
6.4933E-04 8.0000E-04
7.2835E-04 8.0000E-04
1.0691E-03 8.0000E-04
1.3190E-03 8.0000E-04
8.8518E-04 8.0000E-04
2.7659E-04 8.0000E-04
4.9096E-04 8.0000E-04
3.4532E-04 8.0000E-04
2.3295E-04 8.0000E-04
7.9131E-04 8.0000E-04
5.9632E-04 8.0000E-04
1.0053E-04 8.0000E-04
3.4412E-04 8.0000E-04
3.7481E-04 8.0000E-04
9.3184E-04 8.0000E-04
2.1345E-04 8.0000E-04
1.5431E-04 8.0000E-04
3.9613E-04 8.0000E-04
5.9528E-04 8.0000E-04
2.9541E-04 8.0000E-04
2.3136E-04 8.0000E-04
3.3141E-04 8.0000E-04
6.1713E-04 8.0000E-04
3.8637E-04 8.0000E-04
2.6294E-04 8.0000E-04
2.7356E-04 8.0000E-04
3.6780E-04 8.0000E-04
2.6577E-04 8.0000E-04
3.9205E-04 8.0000E-04
3.4965E-04 8.0000E-04
3.2617E-04 8.0000E-04
4.8438E-04 8.0000E-04
1.4822E-04 8.0000E-04
6.2846E-05 8.0000E-04
4.1433E-04 8.0000E-04
4.7736E-04 8.0000E-04
1.2897E-04 8.0000E-04
3.2466E-04 8.0000E-04
2.9382E-04 8.0000E-04
7.1791E-04 8.0000E-04
3.6809E-04 8.0000E-04
8.0736E-05 8.0000E-04
2.1690E-04 8.0000E-04
3.5656E-04 8.0000E-04
6.9372E-05 8.0000E-04
3.3787E-04 8.0000E-04
1.6147E-04 8.0000E-04
4.5894E-04 8.0000E-04
3.1592E-04 8.0000E-04
1.6767E-04 8.0000E-04
3.1146E-04 8.0000E-04
3.4268E-04 8.0000E-04
2.6329E-04 8.0000E-04
4.9074E-04 8.0000E-04
3.6134E-04 8.0000E-04
1.3424E-04 8.0000E-04
3.1987E-04 8.0000E-04
2.4307E-04 8.0000E-04
2.0190E-04 8.0000E-04
5.5783E-04 8.0000E-04
3.5507E-04 8.0000E-04
4.8937E-05 8.0000E-04
1.7611E-04 8.0000E-04
1.6181E-04 8.0000E-04
4.3695E-04 8.0000E-04
5.8592E-04 8.0000E-04
1.5217E-04 8.0000E-04
1.5906E-04 8.0000E-04
2.1259E-04 8.0000E-04
4.9761E-04 8.0000E-04
2.2187E-04 8.0000E-04
1.8186E-04 8.0000E-04
2.1947E-04 8.0000E-04
4.2293E-04 8.0000E-04
2.9080E-04 8.0000E-04
2.4488E-04 8.0000E-04
2.9621E-04 8.0000E-04
2.7014E-04 8.0000E-04
2.7606E-04 8.0000E-04
4.1024E-04 8.0000E-04
3.8570E-04 8.0000E-04
1.7041E-04 8.0000E-04
2.8408E-04 8.0000E-04
2.3490E-04 8.0000E-04
2.2163E-04 8.0000E-04
4.1546E-04 8.0000E-04
1.3214E-04 8.0000E-04
1.1855E-04 8.0000E-04
2.9315E-04 8.0000E-04
1.7863E-04 8.0000E-04
2.2387E-04 8.0000E-04
2.8341E-04 8.0000E-04
3.0973E-04 8.0000E-04
1.4361E-04 8.0000E-04
2.4388E-04 8.0000E-04
1.4092E-04 8.0000E-04
3.5426E-04 8.0000E-04
5.1883E-04 8.0000E-04
6.0801E-05 8.0000E-04
5.5416E-05 8.0000E-04
