576.0
156.4
190.0
172.6
171.9
173.6
172.0
156.6
157.5
156.8
156.7
156.3
150.0
155.8
173.4
154.6
178.0
156.9
157.7
165.7
155.4
156.3
151.6
156.1
172.9
123.2
123.5
155.7
155.3
156.1
122.7
157.1
156.0
157.4
156.9
158.1
189.4
192.4
174.6
174.4
192.4
190.4
189.7
172.4
156.1
157.0
166.4
172.2
155.8
155.5
154.8
158.7
155.2
156.0
122.8
157.7
122.4
123.5
151.3
124.8
122.2
156.3
122.9
121.8
122.5
123.6
125.9
156.2
122.8
124.0
154.8
150.4
124.3
123.6
118.3
124.7
125.8
123.7
126.1
122.7
125.0
124.7
106.9
159.7
124.8
125.4
127.5
124.5
123.9
124.8
124.2
125.1
125.1
108.1
123.9
108.2
124.1
124.1
119.2
123.9
125.3
125.2
124.2
123.3
108.2
124.3
125.3
110.5
123.4
124.4
107.6
108.8
142.1
123.6
119.6
102.9
106.8
109.3
124.3
107.8
109.8
108.5
125.3
106.7
109.0
116.8
107.8
107.0
107.9
107.6
106.8
109.2
140.8
109.0
124.6
107.4
109.0
105.7
107.9
107.1
108.3
107.5
106.5
106.9
107.5
141.7
108.6
123.9
107.0
107.0
