Max Step   Target
6.1513E-03 1.8000E-03
9.5888E-04 1.8000E-03
2.1515E-02 1.8000E-03
5.5245E-03 1.8000E-03
3.8978E-03 1.8000E-03
2.2992E-02 1.8000E-03
1.5101E-02 1.8000E-03
6.3444E-03 1.8000E-03
1.7103E-03 1.8000E-03
1.0662E-02 1.8000E-03
1.0745E-02 1.8000E-03
2.6981E-02 1.8000E-03
8.5548E-03 1.8000E-03
9.6822E-04 1.8000E-03
6.4704E-03 1.8000E-03
6.4224E-03 1.8000E-03
1.0827E-02 1.8000E-03
1.7635E-03 1.8000E-03
2.7386E-03 1.8000E-03
5.5455E-03 1.8000E-03
1.0038E-02 1.8000E-03
1.7499E-03 1.8000E-03
6.7624E-04 1.8000E-03
2.0067E-03 1.8000E-03
2.3939E-03 1.8000E-03
1.6311E-03 1.8000E-03
1.0368E-03 1.8000E-03
1.0368E-03 1.8000E-03
