RMS Step   Target
2.2222E-03 1.2000E-03
3.7805E-04 1.2000E-03
7.6448E-03 1.2000E-03
1.8858E-03 1.2000E-03
1.6781E-03 1.2000E-03
9.6680E-03 1.2000E-03
6.4321E-03 1.2000E-03
2.8202E-03 1.2000E-03
6.0562E-04 1.2000E-03
4.0939E-03 1.2000E-03
3.5796E-03 1.2000E-03
8.6104E-03 1.2000E-03
3.3697E-03 1.2000E-03
4.0490E-04 1.2000E-03
1.6902E-03 1.2000E-03
1.5435E-03 1.2000E-03
2.6452E-03 1.2000E-03
5.0026E-04 1.2000E-03
6.8630E-04 1.2000E-03
1.3811E-03 1.2000E-03
2.6410E-03 1.2000E-03
4.7185E-04 1.2000E-03
2.2221E-04 1.2000E-03
7.2826E-04 1.2000E-03
8.6057E-04 1.2000E-03
6.2263E-04 1.2000E-03
4.2442E-04 1.2000E-03
4.2442E-04 1.2000E-03
