RMS Grad   Target
8.7946E-04 3.0000E-04
9.0214E-04 3.0000E-04
8.1541E-04 3.0000E-04
1.4641E-03 3.0000E-04
6.3042E-04 3.0000E-04
5.4437E-04 3.0000E-04
7.6972E-04 3.0000E-04
1.7127E-03 3.0000E-04
4.2015E-04 3.0000E-04
3.0901E-04 3.0000E-04
5.0211E-04 3.0000E-04
5.0266E-04 3.0000E-04
1.8119E-03 3.0000E-04
2.4681E-04 3.0000E-04
1.9542E-04 3.0000E-04
2.1614E-04 3.0000E-04
2.4697E-04 3.0000E-04
2.8062E-04 3.0000E-04
1.4394E-04 3.0000E-04
1.5558E-04 3.0000E-04
1.8285E-04 3.0000E-04
4.3076E-04 3.0000E-04
1.0078E-04 3.0000E-04
7.6805E-05 3.0000E-04
8.9771E-05 3.0000E-04
1.4955E-04 3.0000E-04
7.3639E-05 3.0000E-04
6.3471E-05 3.0000E-04
6.3471E-05 3.0000E-04
