RMS Step   Target
2.2222E-03 1.2000E-03
7.9412E-03 1.2000E-03
4.4203E-03 1.2000E-03
1.1120E-03 1.2000E-03
3.9170E-03 1.2000E-03
3.6005E-03 1.2000E-03
4.9272E-03 1.2000E-03
4.9868E-03 1.2000E-03
3.3053E-03 1.2000E-03
2.2148E-03 1.2000E-03
3.3531E-03 1.2000E-03
1.7179E-03 1.2000E-03
8.6206E-04 1.2000E-03
2.2285E-03 1.2000E-03
3.1584E-03 1.2000E-03
2.8551E-03 1.2000E-03
2.9866E-03 1.2000E-03
1.8577E-03 1.2000E-03
8.8308E-04 1.2000E-03
8.7996E-04 1.2000E-03
9.3930E-04 1.2000E-03
1.1766E-03 1.2000E-03
7.2611E-04 1.2000E-03
5.2409E-04 1.2000E-03
5.6869E-04 1.2000E-03
1.0624E-03 1.2000E-03
4.2642E-04 1.2000E-03
3.1017E-04 1.2000E-03
3.1017E-04 1.2000E-03
