RMS Grad   Target
1.4415E-03 3.0000E-04
1.1033E-03 3.0000E-04
1.2286E-03 3.0000E-04
1.7475E-03 3.0000E-04
9.4806E-04 3.0000E-04
6.3674E-04 3.0000E-04
6.6680E-04 3.0000E-04
7.4336E-04 3.0000E-04
6.8269E-04 3.0000E-04
3.8243E-04 3.0000E-04
3.8151E-04 3.0000E-04
5.7840E-04 3.0000E-04
3.2933E-04 3.0000E-04
2.7937E-04 3.0000E-04
3.4781E-04 3.0000E-04
5.0757E-04 3.0000E-04
3.1859E-04 3.0000E-04
2.2883E-04 3.0000E-04
3.0398E-04 3.0000E-04
1.9418E-04 3.0000E-04
1.4238E-04 3.0000E-04
1.5929E-04 3.0000E-04
1.7488E-04 3.0000E-04
1.1395E-04 3.0000E-04
8.8739E-05 3.0000E-04
9.6626E-05 3.0000E-04
1.4797E-04 3.0000E-04
7.5625E-05 3.0000E-04
6.3351E-05 3.0000E-04
6.3351E-05 3.0000E-04
