0.000000000000000000e+00 0.000000000000000000e+00
2.471500000000000086e-01 -1.066873231548000067e-01
4.889899999999999802e-01 -4.380232448150000318e-02
7.144300000000000095e-01 5.667334983320000685e-02
9.597999999999999865e-01 1.032332626151999944e-01
1.191529999999999978e+00 2.210483911197000106e-01
1.429789999999999894e+00 3.881443114301999509e-01
1.665210000000000079e+00 5.539001235203000473e-01
1.869979999999999976e+00 7.387982231572000069e-01
2.110160000000000036e+00 9.685814140551000095e-01
2.381320000000000103e+00 1.640120147798199923e+00
2.647829999999999906e+00 3.725296786785200265e+00
2.907430000000000181e+00 8.166555865704999917e+00
3.181849999999999845e+00 1.287937297842520046e+01
3.467779999999999863e+00 1.416854974459469929e+01
3.738550000000000040e+00 1.353352651257239891e+01
4.004579999999999806e+00 1.410015044783300198e+01
4.256319999999999659e+00 1.460819208813150105e+01
4.487940000000000040e+00 1.413578109911289893e+01
4.743719999999999715e+00 1.365682550497880143e+01
4.984860000000000291e+00 1.324031496295810051e+01
5.209640000000000271e+00 1.289408561719010038e+01
5.440660000000000274e+00 1.270081397470630158e+01
5.683029999999999582e+00 1.279277767768870078e+01
