Max Step   Target
2.5434E-03 1.8000E-02
1.0156E-01 1.8000E-02
5.0812E-02 1.8000E-02
2.2054E-01 1.8000E-02
1.0549E-01 1.8000E-02
3.6214E-02 1.8000E-02
6.1845E-02 1.8000E-02
0.0000E+00 1.8000E-02
1.4807E-03 1.8000E-02
2.8733E-03 1.8000E-02
6.7866E-03 1.8000E-02
4.1284E-02 1.8000E-02
4.1159E-02 1.8000E-02
8.3235E-03 1.8000E-02
1.6977E-02 1.8000E-02
4.4814E-02 1.8000E-02
5.8048E-02 1.8000E-02
7.6799E-02 1.8000E-02
3.1548E-02 1.8000E-02
1.3499E-02 1.8000E-02
2.0617E-02 1.8000E-02
4.6708E-02 1.8000E-02
2.5792E-02 1.8000E-02
1.4810E-02 1.8000E-02
6.1775E-02 1.8000E-02
4.4823E-02 1.8000E-02
6.1807E-02 1.8000E-02
2.4333E-01 1.8000E-02
2.3402E-01 1.8000E-02
6.8306E-02 1.8000E-02
2.3227E-01 1.8000E-02
7.7738E-02 1.8000E-02
1.9948E-01 1.8000E-02
2.9587E-02 1.8000E-02
1.8735E-01 1.8000E-02
1.0626E-01 1.8000E-02
2.9968E-02 1.8000E-02
2.9968E-02 1.8000E-02
4.0337E-03 1.8000E-02
5.7315E-03 1.8000E-02
3.3087E-02 1.8000E-02
3.0424E-02 1.8000E-02
1.5333E-02 1.8000E-02
2.3528E-03 1.8000E-02
1.1530E-02 1.8000E-02
1.0976E-02 1.8000E-02
2.0174E-02 1.8000E-02
2.4756E-02 1.8000E-02
2.6873E-02 1.8000E-02
1.1478E-02 1.8000E-02
2.1876E-02 1.8000E-02
2.3108E-02 1.8000E-02
6.1578E-03 1.8000E-02
1.4561E-02 1.8000E-02
1.5391E-02 1.8000E-02
3.8994E-02 1.8000E-02
8.8352E-03 1.8000E-02
4.2372E-03 1.8000E-02
1.1596E-02 1.8000E-02
2.1764E-02 1.8000E-02
5.9381E-03 1.8000E-02
3.6357E-03 1.8000E-02
5.9389E-03 1.8000E-02
1.3688E-02 1.8000E-02
2.3255E-02 1.8000E-02
3.1707E-02 1.8000E-02
2.5367E-02 1.8000E-02
7.3738E-03 1.8000E-02
4.6581E-03 1.8000E-02
2.9074E-02 1.8000E-02
5.7945E-02 1.8000E-02
1.0594E-01 1.8000E-02
7.1742E-02 1.8000E-02
1.0253E-02 1.8000E-02
1.2813E-01 1.8000E-02
9.5591E-03 1.8000E-02
1.0231E-01 1.8000E-02
5.2008E-02 1.8000E-02
5.0000E-01 1.8000E-02
3.0659E-01 1.8000E-02
2.0912E-01 1.8000E-02
1.2564E-01 1.8000E-02
4.1140E-01 1.8000E-02
5.0000E-01 1.8000E-02
5.0000E-01 1.8000E-02
5.0000E-01 1.8000E-02
5.0000E-01 1.8000E-02
5.0000E-01 1.8000E-02
5.0000E-01 1.8000E-02
5.0000E-01 1.8000E-02
5.0000E-01 1.8000E-02
4.1838E-01 1.8000E-02
5.0000E-01 1.8000E-02
5.0000E-01 1.8000E-02
5.0000E-01 1.8000E-02
5.0000E-01 1.8000E-02
5.0000E-01 1.8000E-02
5.0000E-01 1.8000E-02
5.0000E-01 1.8000E-02
5.0000E-01 1.8000E-02
5.0000E-01 1.8000E-02
5.0000E-01 1.8000E-02
5.0000E-01 1.8000E-02
5.0000E-01 1.8000E-02
5.0000E-01 1.8000E-02
5.0000E-01 1.8000E-02
5.0000E-01 1.8000E-02
5.0000E-01 1.8000E-02
5.0000E-01 1.8000E-02
5.0000E-01 1.8000E-02
