RMS Grad   Target
1.4532E-03 3.0000E-03
1.4026E-03 3.0000E-03
6.8454E-04 3.0000E-03
6.1889E-04 3.0000E-03
6.2770E-04 3.0000E-03
6.2379E-04 3.0000E-03
2.9253E-04 3.0000E-03
2.3225E-04 3.0000E-03
1.6668E-04 3.0000E-03
1.5013E-04 3.0000E-03
1.3085E-04 3.0000E-03
1.1072E-04 3.0000E-03
2.6107E-04 3.0000E-03
4.9291E-04 3.0000E-03
2.2075E-04 3.0000E-03
1.5583E-04 3.0000E-03
2.0247E-04 3.0000E-03
1.7805E-04 3.0000E-03
6.5199E-04 3.0000E-03
1.1643E-04 3.0000E-03
8.5347E-05 3.0000E-03
1.0546E-04 3.0000E-03
2.3232E-04 3.0000E-03
1.2869E-04 3.0000E-03
9.6045E-05 3.0000E-03
1.0983E-04 3.0000E-03
2.0423E-04 3.0000E-03
2.0176E-04 3.0000E-03
4.0594E-04 3.0000E-03
5.7922E-04 3.0000E-03
4.2781E-04 3.0000E-03
4.1893E-04 3.0000E-03
2.3901E-04 3.0000E-03
5.6836E-04 3.0000E-03
6.1193E-04 3.0000E-03
9.9432E-04 3.0000E-03
5.3579E-04 3.0000E-03
2.3295E-04 3.0000E-03
2.3295E-04 3.0000E-03
1.9136E-04 3.0000E-03
1.9065E-04 3.0000E-03
2.3746E-04 3.0000E-03
6.1580E-04 3.0000E-03
1.1722E-04 3.0000E-03
9.3085E-05 3.0000E-03
1.3732E-04 3.0000E-03
1.9939E-04 3.0000E-03
1.6866E-04 3.0000E-03
2.2463E-04 3.0000E-03
1.8845E-04 3.0000E-03
1.6395E-04 3.0000E-03
1.9949E-04 3.0000E-03
2.4038E-04 3.0000E-03
1.2337E-04 3.0000E-03
1.0690E-04 3.0000E-03
1.2507E-04 3.0000E-03
2.3597E-04 3.0000E-03
1.1095E-04 3.0000E-03
1.1045E-04 3.0000E-03
1.3082E-04 3.0000E-03
3.1516E-04 3.0000E-03
1.0306E-04 3.0000E-03
6.4761E-05 3.0000E-03
7.9894E-05 3.0000E-03
1.1745E-04 3.0000E-03
1.3804E-04 3.0000E-03
1.0777E-04 3.0000E-03
1.8282E-04 3.0000E-03
9.1944E-05 3.0000E-03
7.1459E-05 3.0000E-03
1.5937E-04 3.0000E-03
2.3270E-04 3.0000E-03
2.9603E-04 3.0000E-03
2.6725E-04 3.0000E-03
2.1635E-04 3.0000E-03
3.8962E-04 3.0000E-03
1.8558E-04 3.0000E-03
3.3566E-04 3.0000E-03
3.4170E-04 3.0000E-03
1.8839E-03 3.0000E-03
4.4619E-04 3.0000E-03
2.0162E-04 3.0000E-03
1.2362E-04 3.0000E-03
5.4448E-04 3.0000E-03
1.3469E-03 3.0000E-03
3.6919E-03 3.0000E-03
7.4577E-03 3.0000E-03
1.2686E-02 3.0000E-03
2.0302E-02 3.0000E-03
3.2701E-02 3.0000E-03
2.6650E-02 3.0000E-03
4.0678E-02 3.0000E-03
3.7571E-02 3.0000E-03
2.0023E-01 3.0000E-03
8.6910E-01 3.0000E-03
6.2427E-01 3.0000E-03
6.0247E-01 3.0000E-03
1.2946E+00 3.0000E-03
3.4170E-01 3.0000E-03
1.0016E-01 3.0000E-03
1.6101E-01 3.0000E-03
1.7478E-01 3.0000E-03
2.4572E-01 3.0000E-03
2.4682E-01 3.0000E-03
8.3958E-02 3.0000E-03
6.2724E-02 3.0000E-03
5.1097E-02 3.0000E-03
4.8033E-02 3.0000E-03
6.1956E-02 3.0000E-03
1.0214E-01 3.0000E-03
4.7596E-01 3.0000E-03
