Max Step   Target
8.7452E-03 1.8000E-03
2.5000E-02 1.8000E-03
2.5000E-02 1.8000E-03
2.5000E-02 1.8000E-03
2.5000E-02 1.8000E-03
2.5000E-02 1.8000E-03
8.2388E-03 1.8000E-03
6.3437E-03 1.8000E-03
2.5000E-02 1.8000E-03
2.2668E-02 1.8000E-03
7.3561E-03 1.8000E-03
6.6927E-03 1.8000E-03
4.4796E-03 1.8000E-03
1.1762E-02 1.8000E-03
1.2971E-02 1.8000E-03
1.7923E-02 1.8000E-03
1.4952E-02 1.8000E-03
4.6142E-03 1.8000E-03
1.1235E-03 1.8000E-03
2.6520E-03 1.8000E-03
3.5917E-03 1.8000E-03
2.5000E-03 1.8000E-03
3.0455E-03 1.8000E-03
1.7726E-03 1.8000E-03
3.9638E-03 1.8000E-03
1.1246E-03 1.8000E-03
8.2750E-04 1.8000E-03
1.5970E-03 1.8000E-03
2.6564E-03 1.8000E-03
5.7629E-04 1.8000E-03
9.0687E-04 1.8000E-03
9.0687E-04 1.8000E-03
