RMS Grad   Target
3.3473E-03 2.0000E-04
3.0104E-03 2.0000E-04
7.7952E-04 2.0000E-04
5.3507E-04 2.0000E-04
5.0899E-04 2.0000E-04
5.8918E-04 2.0000E-04
3.2568E-04 2.0000E-04
2.5138E-04 2.0000E-04
2.5916E-04 2.0000E-04
4.2759E-04 2.0000E-04
1.8622E-04 2.0000E-04
1.6161E-04 2.0000E-04
1.9044E-04 2.0000E-04
3.9307E-04 2.0000E-04
1.7215E-04 2.0000E-04
1.2239E-04 2.0000E-04
1.4769E-04 2.0000E-04
1.5908E-04 2.0000E-04
3.4822E-04 2.0000E-04
1.2081E-04 2.0000E-04
9.7475E-05 2.0000E-04
1.2470E-04 2.0000E-04
1.3921E-04 2.0000E-04
3.1352E-04 2.0000E-04
9.8474E-05 2.0000E-04
7.8514E-05 2.0000E-04
9.0535E-05 2.0000E-04
1.1168E-04 2.0000E-04
1.1911E-04 2.0000E-04
5.6906E-05 2.0000E-04
6.2354E-05 2.0000E-04
8.2600E-05 2.0000E-04
1.7429E-04 2.0000E-04
7.2241E-05 2.0000E-04
5.8070E-05 2.0000E-04
6.3997E-05 2.0000E-04
1.2920E-04 2.0000E-04
5.3247E-05 2.0000E-04
4.2267E-05 2.0000E-04
5.4629E-05 2.0000E-04
7.4792E-05 2.0000E-04
1.1881E-04 2.0000E-04
4.4151E-05 2.0000E-04
3.7843E-05 2.0000E-04
4.7397E-05 2.0000E-04
7.1221E-05 2.0000E-04
9.1921E-05 2.0000E-04
4.2499E-05 2.0000E-04
3.4240E-05 2.0000E-04
3.8344E-05 2.0000E-04
7.0686E-05 2.0000E-04
4.5678E-05 2.0000E-04
3.4319E-05 2.0000E-04
4.2724E-05 2.0000E-04
5.5501E-05 2.0000E-04
3.7393E-05 2.0000E-04
3.5706E-05 2.0000E-04
4.3675E-05 2.0000E-04
4.2420E-05 2.0000E-04
8.0613E-05 2.0000E-04
3.9264E-05 2.0000E-04
3.3964E-05 2.0000E-04
3.8134E-05 2.0000E-04
6.2286E-05 2.0000E-04
2.9316E-05 2.0000E-04
3.0238E-05 2.0000E-04
3.5550E-05 2.0000E-04
8.0713E-05 2.0000E-04
3.0611E-05 2.0000E-04
2.5044E-05 2.0000E-04
3.3737E-05 2.0000E-04
3.8634E-05 2.0000E-04
7.8772E-05 2.0000E-04
2.3246E-05 2.0000E-04
2.2022E-05 2.0000E-04
3.2609E-05 2.0000E-04
4.6767E-05 2.0000E-04
3.2010E-05 2.0000E-04
2.0267E-05 2.0000E-04
2.5386E-05 2.0000E-04
3.1729E-05 2.0000E-04
3.1881E-05 2.0000E-04
3.2640E-05 2.0000E-04
2.7473E-05 2.0000E-04
2.4682E-05 2.0000E-04
2.7191E-05 2.0000E-04
2.3911E-05 2.0000E-04
2.4810E-05 2.0000E-04
3.4475E-05 2.0000E-04
2.3219E-05 2.0000E-04
2.0970E-05 2.0000E-04
3.0040E-05 2.0000E-04
3.5189E-05 2.0000E-04
2.2473E-05 2.0000E-04
2.2810E-05 2.0000E-04
2.5526E-05 2.0000E-04
2.7193E-05 2.0000E-04
4.8481E-05 2.0000E-04
2.3923E-05 2.0000E-04
2.2335E-05 2.0000E-04
2.5561E-05 2.0000E-04
3.6432E-05 2.0000E-04
3.3069E-05 2.0000E-04
1.9747E-05 2.0000E-04
2.3889E-05 2.0000E-04
2.8283E-05 2.0000E-04
3.8897E-05 2.0000E-04
2.3648E-05 2.0000E-04
2.2448E-05 2.0000E-04
2.8880E-05 2.0000E-04
4.2287E-05 2.0000E-04
2.5614E-05 2.0000E-04
2.4014E-05 2.0000E-04
2.5839E-05 2.0000E-04
2.8388E-05 2.0000E-04
3.1631E-05 2.0000E-04
2.2230E-05 2.0000E-04
2.3794E-05 2.0000E-04
3.1832E-05 2.0000E-04
2.4498E-05 2.0000E-04
2.9229E-05 2.0000E-04
3.4755E-05 2.0000E-04
2.3857E-05 2.0000E-04
2.4555E-05 2.0000E-04
2.8774E-05 2.0000E-04
3.8226E-05 2.0000E-04
3.3021E-05 2.0000E-04
2.8419E-05 2.0000E-04
3.2732E-05 2.0000E-04
3.5878E-05 2.0000E-04
2.8958E-05 2.0000E-04
4.1162E-05 2.0000E-04
4.2173E-05 2.0000E-04
3.7438E-05 2.0000E-04
4.4931E-05 2.0000E-04
3.5220E-05 2.0000E-04
3.7364E-05 2.0000E-04
4.7646E-05 2.0000E-04
9.2574E-05 2.0000E-04
3.9724E-05 2.0000E-04
3.0924E-05 2.0000E-04
4.1587E-05 2.0000E-04
6.0531E-05 2.0000E-04
5.2001E-05 2.0000E-04
4.5327E-05 2.0000E-04
4.3573E-05 2.0000E-04
5.4510E-05 2.0000E-04
5.2679E-05 2.0000E-04
3.9805E-05 2.0000E-04
4.4195E-05 2.0000E-04
6.5083E-05 2.0000E-04
4.5878E-05 2.0000E-04
4.3101E-05 2.0000E-04
5.3928E-05 2.0000E-04
5.2187E-05 2.0000E-04
5.0921E-05 2.0000E-04
5.4725E-05 2.0000E-04
5.8498E-05 2.0000E-04
5.0870E-05 2.0000E-04
5.6187E-05 2.0000E-04
6.5177E-05 2.0000E-04
4.6823E-05 2.0000E-04
4.2493E-05 2.0000E-04
6.2062E-05 2.0000E-04
4.8580E-05 2.0000E-04
6.0225E-05 2.0000E-04
5.0889E-05 2.0000E-04
4.2021E-05 2.0000E-04
5.6086E-05 2.0000E-04
6.9734E-05 2.0000E-04
4.4616E-05 2.0000E-04
3.9962E-05 2.0000E-04
4.6417E-05 2.0000E-04
5.0110E-05 2.0000E-04
7.1851E-05 2.0000E-04
4.2189E-05 2.0000E-04
3.7588E-05 2.0000E-04
4.6225E-05 2.0000E-04
6.2263E-05 2.0000E-04
4.4020E-05 2.0000E-04
4.0357E-05 2.0000E-04
4.8384E-05 2.0000E-04
6.9964E-05 2.0000E-04
3.6950E-05 2.0000E-04
3.3822E-05 2.0000E-04
3.8931E-05 2.0000E-04
7.1504E-05 2.0000E-04
3.8268E-05 2.0000E-04
3.7460E-05 2.0000E-04
4.6963E-05 2.0000E-04
6.9649E-05 2.0000E-04
3.7998E-05 2.0000E-04
3.3023E-05 2.0000E-04
3.9855E-05 2.0000E-04
6.5743E-05 2.0000E-04
3.8536E-05 2.0000E-04
3.1703E-05 2.0000E-04
3.7937E-05 2.0000E-04
6.6004E-05 2.0000E-04
3.7191E-05 2.0000E-04
3.1264E-05 2.0000E-04
3.6514E-05 2.0000E-04
7.0789E-05 2.0000E-04
3.4114E-05 2.0000E-04
3.0653E-05 2.0000E-04
3.8142E-05 2.0000E-04
5.9309E-05 2.0000E-04
3.5070E-05 2.0000E-04
3.1758E-05 2.0000E-04
3.6650E-05 2.0000E-04
4.4434E-05 2.0000E-04
3.1255E-05 2.0000E-04
3.0457E-05 2.0000E-04
3.6265E-05 2.0000E-04
4.1249E-05 2.0000E-04
2.6059E-05 2.0000E-04
2.7513E-05 2.0000E-04
3.7634E-05 2.0000E-04
3.1291E-05 2.0000E-04
2.6333E-05 2.0000E-04
2.9351E-05 2.0000E-04
3.0686E-05 2.0000E-04
2.7690E-05 2.0000E-04
4.0593E-05 2.0000E-04
2.5158E-05 2.0000E-04
2.2364E-05 2.0000E-04
2.8846E-05 2.0000E-04
3.4353E-05 2.0000E-04
2.4096E-05 2.0000E-04
2.5264E-05 2.0000E-04
2.4858E-05 2.0000E-04
2.8793E-05 2.0000E-04
2.7613E-05 2.0000E-04
2.0823E-05 2.0000E-04
2.1019E-05 2.0000E-04
3.0802E-05 2.0000E-04
2.0387E-05 2.0000E-04
1.8216E-05 2.0000E-04
2.4121E-05 2.0000E-04
1.9224E-05 2.0000E-04
1.9756E-05 2.0000E-04
2.7494E-05 2.0000E-04
1.9009E-05 2.0000E-04
1.6639E-05 2.0000E-04
2.2539E-05 2.0000E-04
1.8465E-05 2.0000E-04
2.5665E-05 2.0000E-04
2.0566E-05 2.0000E-04
1.6219E-05 2.0000E-04
1.6574E-05 2.0000E-04
2.9855E-05 2.0000E-04
1.5226E-05 2.0000E-04
1.3946E-05 2.0000E-04
1.5518E-05 2.0000E-04
2.4288E-05 2.0000E-04
1.5906E-05 2.0000E-04
1.3759E-05 2.0000E-04
1.5275E-05 2.0000E-04
2.5618E-05 2.0000E-04
1.2750E-05 2.0000E-04
1.1096E-05 2.0000E-04
1.2920E-05 2.0000E-04
1.6161E-05 2.0000E-04
1.7895E-05 2.0000E-04
1.1283E-05 2.0000E-04
1.0985E-05 2.0000E-04
1.2459E-05 2.0000E-04
1.7772E-05 2.0000E-04
1.1466E-05 2.0000E-04
1.0481E-05 2.0000E-04
1.2477E-05 2.0000E-04
1.2903E-05 2.0000E-04
1.2002E-05 2.0000E-04
1.1667E-05 2.0000E-04
9.5084E-06 2.0000E-04
1.1574E-05 2.0000E-04
1.6079E-05 2.0000E-04
9.4727E-06 2.0000E-04
9.6935E-06 2.0000E-04
1.1864E-05 2.0000E-04
1.6291E-05 2.0000E-04
9.1156E-06 2.0000E-04
8.9646E-06 2.0000E-04
1.0413E-05 2.0000E-04
