RMS Step   Target
2.8557E-04 8.0000E-04
2.8557E-03 8.0000E-04
9.9749E-04 8.0000E-04
1.7158E-03 8.0000E-04
1.9352E-03 8.0000E-04
1.3503E-03 8.0000E-04
8.7951E-04 8.0000E-04
9.3188E-04 8.0000E-04
1.9308E-03 8.0000E-04
7.4258E-04 8.0000E-04
3.1323E-04 8.0000E-04
1.0433E-03 8.0000E-04
1.7035E-03 8.0000E-04
5.8332E-04 8.0000E-04
6.8362E-04 8.0000E-04
7.9194E-04 8.0000E-04
1.4382E-03 8.0000E-04
1.5166E-03 8.0000E-04
6.6697E-04 8.0000E-04
3.8225E-04 8.0000E-04
7.4785E-04 8.0000E-04
1.3587E-03 8.0000E-04
1.7144E-03 8.0000E-04
7.0154E-04 8.0000E-04
4.1039E-04 8.0000E-04
6.9429E-04 8.0000E-04
1.1700E-03 8.0000E-04
1.0348E-03 8.0000E-04
3.2923E-04 8.0000E-04
2.6860E-04 8.0000E-04
5.0344E-04 8.0000E-04
1.2807E-03 8.0000E-04
4.1826E-04 8.0000E-04
3.4350E-04 8.0000E-04
5.7604E-04 8.0000E-04
8.9888E-04 8.0000E-04
3.3365E-04 8.0000E-04
1.9673E-04 8.0000E-04
3.4338E-04 8.0000E-04
6.6966E-04 8.0000E-04
1.1643E-03 8.0000E-04
2.0257E-04 8.0000E-04
1.2100E-04 8.0000E-04
2.8744E-04 8.0000E-04
6.9908E-04 8.0000E-04
1.1466E-03 8.0000E-04
2.3923E-04 8.0000E-04
2.4338E-04 8.0000E-04
2.3859E-04 8.0000E-04
7.0885E-04 8.0000E-04
4.5174E-04 8.0000E-04
2.2445E-04 8.0000E-04
4.0482E-04 8.0000E-04
4.1811E-04 8.0000E-04
2.3202E-04 8.0000E-04
5.9930E-04 8.0000E-04
3.6548E-04 8.0000E-04
7.5108E-04 8.0000E-04
9.3214E-04 8.0000E-04
3.9335E-04 8.0000E-04
3.3403E-04 8.0000E-04
4.5503E-04 8.0000E-04
8.0696E-04 8.0000E-04
1.4553E-04 8.0000E-04
2.4308E-04 8.0000E-04
3.5877E-04 8.0000E-04
7.6650E-04 8.0000E-04
2.6274E-04 8.0000E-04
2.1403E-04 8.0000E-04
3.6016E-04 8.0000E-04
6.1298E-04 8.0000E-04
1.0786E-03 8.0000E-04
2.1482E-04 8.0000E-04
5.2867E-05 8.0000E-04
2.3891E-04 8.0000E-04
5.0094E-04 8.0000E-04
6.6231E-04 8.0000E-04
4.3668E-04 8.0000E-04
2.7167E-04 8.0000E-04
3.5558E-04 8.0000E-04
5.1555E-04 8.0000E-04
5.6340E-04 8.0000E-04
3.5465E-04 8.0000E-04
2.3934E-04 8.0000E-04
3.5375E-04 8.0000E-04
3.4681E-04 8.0000E-04
3.9424E-04 8.0000E-04
5.7745E-04 8.0000E-04
3.1953E-04 8.0000E-04
1.6107E-04 8.0000E-04
3.3713E-04 8.0000E-04
3.9340E-04 8.0000E-04
2.1765E-04 8.0000E-04
4.7086E-04 8.0000E-04
3.3419E-04 8.0000E-04
7.6762E-04 8.0000E-04
5.7318E-04 8.0000E-04
7.4346E-05 8.0000E-04
1.4358E-04 8.0000E-04
2.8045E-04 8.0000E-04
7.1428E-04 8.0000E-04
9.6370E-04 8.0000E-04
1.3265E-04 8.0000E-04
2.7433E-04 8.0000E-04
3.5563E-04 8.0000E-04
7.8607E-04 8.0000E-04
3.5434E-04 8.0000E-04
2.3226E-04 8.0000E-04
5.5490E-04 8.0000E-04
7.4961E-04 8.0000E-04
2.6578E-04 8.0000E-04
6.1657E-04 8.0000E-04
2.6636E-04 8.0000E-04
6.8657E-04 8.0000E-04
6.3087E-04 8.0000E-04
3.4177E-04 8.0000E-04
4.0610E-04 8.0000E-04
5.4362E-04 8.0000E-04
4.4161E-04 8.0000E-04
8.5574E-04 8.0000E-04
5.9353E-04 8.0000E-04
1.5968E-04 8.0000E-04
4.8933E-04 8.0000E-04
5.8464E-04 8.0000E-04
1.1736E-03 8.0000E-04
9.7622E-04 8.0000E-04
3.4275E-04 8.0000E-04
5.9860E-04 8.0000E-04
6.6405E-04 8.0000E-04
1.0779E-03 8.0000E-04
9.2754E-04 8.0000E-04
1.4468E-03 8.0000E-04
3.6104E-04 8.0000E-04
1.4806E-03 8.0000E-04
2.0971E-04 8.0000E-04
6.8697E-04 8.0000E-04
2.0211E-03 8.0000E-04
2.4009E-03 8.0000E-04
3.4199E-04 8.0000E-04
3.3114E-04 8.0000E-04
4.3047E-04 8.0000E-04
2.1931E-03 8.0000E-04
1.1229E-03 8.0000E-04
1.0801E-03 8.0000E-04
1.6029E-03 8.0000E-04
4.5861E-04 8.0000E-04
2.3416E-03 8.0000E-04
6.3065E-04 8.0000E-04
6.4758E-04 8.0000E-04
1.0044E-03 8.0000E-04
1.1729E-03 8.0000E-04
8.9979E-04 8.0000E-04
8.5388E-04 8.0000E-04
1.7306E-03 8.0000E-04
6.2521E-04 8.0000E-04
1.8945E-03 8.0000E-04
8.0164E-04 8.0000E-04
8.7039E-04 8.0000E-04
1.0358E-03 8.0000E-04
1.6210E-03 8.0000E-04
2.2641E-04 8.0000E-04
9.2621E-04 8.0000E-04
7.2334E-04 8.0000E-04
1.2844E-03 8.0000E-04
1.1799E-03 8.0000E-04
8.9954E-04 8.0000E-04
2.0157E-04 8.0000E-04
6.8436E-04 8.0000E-04
8.2665E-04 8.0000E-04
6.4874E-04 8.0000E-04
1.1480E-03 8.0000E-04
1.0091E-03 8.0000E-04
1.1578E-03 8.0000E-04
7.7361E-04 8.0000E-04
2.5824E-04 8.0000E-04
3.4871E-04 8.0000E-04
6.2955E-04 8.0000E-04
1.7156E-03 8.0000E-04
5.8651E-04 8.0000E-04
4.9674E-04 8.0000E-04
5.7845E-04 8.0000E-04
1.2029E-03 8.0000E-04
3.7578E-04 8.0000E-04
4.4709E-04 8.0000E-04
4.2287E-04 8.0000E-04
1.5675E-03 8.0000E-04
4.8637E-04 8.0000E-04
3.2799E-04 8.0000E-04
5.0693E-04 8.0000E-04
1.5196E-03 8.0000E-04
5.8885E-04 8.0000E-04
4.6624E-04 8.0000E-04
4.3700E-04 8.0000E-04
1.1239E-03 8.0000E-04
6.1057E-04 8.0000E-04
2.7142E-04 8.0000E-04
4.6889E-04 8.0000E-04
7.4247E-04 8.0000E-04
4.8767E-04 8.0000E-04
5.2058E-04 8.0000E-04
5.2400E-04 8.0000E-04
1.0457E-03 8.0000E-04
5.5012E-04 8.0000E-04
2.0331E-04 8.0000E-04
5.5393E-04 8.0000E-04
8.1320E-04 8.0000E-04
6.1807E-04 8.0000E-04
7.4738E-04 8.0000E-04
5.0167E-04 8.0000E-04
8.3013E-04 8.0000E-04
4.9990E-04 8.0000E-04
2.8453E-04 8.0000E-04
4.3050E-04 8.0000E-04
6.8501E-04 8.0000E-04
3.7745E-04 8.0000E-04
4.0317E-04 8.0000E-04
5.4923E-04 8.0000E-04
5.7143E-04 8.0000E-04
4.4215E-04 8.0000E-04
3.4659E-04 8.0000E-04
3.4048E-04 8.0000E-04
4.0209E-04 8.0000E-04
6.8978E-04 8.0000E-04
1.9657E-04 8.0000E-04
3.3456E-04 8.0000E-04
3.0535E-04 8.0000E-04
5.6423E-04 8.0000E-04
2.0276E-04 8.0000E-04
2.9480E-04 8.0000E-04
3.0469E-04 8.0000E-04
6.1373E-04 8.0000E-04
3.8778E-04 8.0000E-04
1.0437E-04 8.0000E-04
3.2649E-04 8.0000E-04
3.3332E-04 8.0000E-04
2.7994E-04 8.0000E-04
3.8085E-04 8.0000E-04
2.9146E-04 8.0000E-04
1.8110E-04 8.0000E-04
4.3116E-04 8.0000E-04
2.8856E-04 8.0000E-04
1.1011E-04 8.0000E-04
2.5510E-04 8.0000E-04
2.6940E-04 8.0000E-04
2.8481E-04 8.0000E-04
5.0087E-04 8.0000E-04
2.7408E-04 8.0000E-04
9.7801E-05 8.0000E-04
2.3506E-04 8.0000E-04
3.4258E-04 8.0000E-04
1.4244E-04 8.0000E-04
2.1609E-04 8.0000E-04
2.1655E-04 8.0000E-04
4.1606E-04 8.0000E-04
2.3589E-04 8.0000E-04
9.0747E-05 8.0000E-04
1.3495E-04 8.0000E-04
2.7476E-04 8.0000E-04
1.4566E-04 8.0000E-04
2.2146E-04 8.0000E-04
1.7149E-04 8.0000E-04
3.1957E-04 8.0000E-04
2.5137E-04 8.0000E-04
8.2433E-05 8.0000E-04
8.3633E-05 8.0000E-04
1.3629E-04 8.0000E-04
3.3968E-04 8.0000E-04
1.2812E-04 8.0000E-04
2.2542E-04 8.0000E-04
1.7513E-04 8.0000E-04
1.9016E-04 8.0000E-04
1.6663E-04 8.0000E-04
1.1199E-04 8.0000E-04
8.0188E-05 8.0000E-04
1.5401E-04 8.0000E-04
2.3097E-04 8.0000E-04
1.5365E-04 8.0000E-04
1.5094E-04 8.0000E-04
1.9922E-04 8.0000E-04
2.5726E-04 8.0000E-04
1.2231E-04 8.0000E-04
5.3620E-05 8.0000E-04
9.6780E-05 8.0000E-04
