512.7
157.2
184.0
175.6
175.5
173.4
174.2
158.0
155.7
175.3
158.3
159.2
157.7
175.0
152.4
157.8
186.3
159.1
175.6
155.3
159.3
157.3
158.7
159.1
176.0
159.3
153.7
159.2
158.5
159.2
158.8
159.6
123.3
131.7
159.3
160.5
159.7
159.9
160.4
159.3
119.8
127.2
119.7
129.2
159.6
124.6
125.7
124.9
156.6
157.1
128.4
127.1
125.8
161.4
126.5
126.7
126.6
126.3
126.9
125.0
125.9
126.7
129.1
125.5
125.5
126.3
160.2
126.1
121.8
126.0
126.0
125.3
125.6
124.6
119.4
159.1
127.5
107.8
126.5
125.0
127.7
126.8
124.0
123.5
126.6
123.3
125.0
125.0
125.2
127.2
123.7
131.0
125.3
109.1
126.9
127.0
108.3
126.3
126.7
125.9
126.1
102.4
106.6
109.6
125.4
119.0
109.9
108.9
141.7
126.4
121.3
110.4
127.7
126.4
110.2
119.1
127.3
125.1
126.4
127.4
127.4
128.5
126.2
127.4
120.7
105.3
120.2
126.1
126.3
120.2
110.3
119.4
125.6
129.4
128.0
127.6
127.3
126.9
115.1
126.4
127.6
127.2
128.5
126.0
128.0
126.3
160.8
127.1
126.6
126.2
126.5
127.4
127.5
125.4
127.0
127.4
126.2
124.6
125.9
125.6
160.4
126.5
126.5
126.3
126.2
123.4
120.9
126.2
128.1
125.3
127.8
125.6
124.8
126.4
126.4
127.4
125.3
126.8
125.8
126.2
125.3
124.9
125.7
126.9
127.6
125.2
118.7
119.0
126.1
128.2
124.3
127.3
120.1
126.8
125.1
126.9
126.3
126.5
124.6
125.8
127.5
120.7
125.7
118.7
124.0
127.1
118.2
126.0
124.5
125.5
125.5
127.2
125.2
126.6
121.2
126.8
126.3
126.1
127.1
120.4
126.9
119.9
127.4
126.0
110.1
108.4
142.8
100.9
109.5
103.9
108.1
143.9
125.4
110.5
125.9
121.6
110.6
110.0
110.7
108.9
108.3
109.9
104.8
110.4
143.7
110.2
109.0
111.0
110.1
109.8
145.3
111.5
109.9
109.3
109.5
111.8
111.4
109.3
144.7
108.0
109.2
109.9
110.2
109.7
110.2
111.0
108.8
109.3
109.9
114.2
110.6
110.4
112.0
108.5
110.0
109.9
110.3
109.2
112.0
109.1
108.8
111.4
112.4
110.7
110.0
109.6
113.1
108.8
