548.0
123.8
124.5
159.4
159.8
158.2
157.0
157.9
146.9
157.9
158.3
158.6
151.5
152.2
159.2
125.3
208.5
210.4
158.1
153.1
150.5
157.0
152.5
156.6
149.9
157.8
156.1
155.9
157.9
155.5
156.3
126.4
156.6
157.5
157.4
158.8
123.7
124.5
156.8
158.8
125.5
125.0
151.8
157.6
126.1
118.7
156.8
157.9
158.5
127.9
129.5
157.1
124.1
124.5
124.5
150.3
125.7
158.7
158.1
123.5
123.5
123.9
158.3
124.5
158.2
157.5
125.9
124.6
118.5
158.3
119.2
128.5
162.1
125.9
126.7
139.2
126.9
159.8
157.5
122.7
126.4
158.8
126.7
123.8
124.9
125.2
158.0
126.3
126.2
124.5
124.9
124.7
123.9
125.8
124.7
124.3
125.1
161.8
126.2
123.5
124.0
123.5
125.5
125.7
126.5
124.3
124.9
119.1
159.4
125.0
124.9
126.8
118.8
123.8
117.2
127.2
125.2
124.8
125.9
124.8
119.1
118.8
124.9
159.1
123.9
120.2
126.3
158.9
157.6
118.4
159.1
158.0
125.1
158.9
156.1
124.0
126.3
157.8
125.6
123.7
123.8
123.9
119.8
117.9
124.8
151.5
125.2
123.8
118.2
124.2
123.8
124.1
125.9
155.8
124.6
125.1
125.2
120.0
124.2
124.1
117.4
124.2
124.4
125.0
124.6
125.1
117.7
124.7
124.4
125.0
124.4
123.2
125.0
123.5
125.5
123.8
122.9
123.5
123.9
157.6
122.9
108.0
123.7
157.3
123.2
122.4
123.5
123.8
122.9
123.5
123.9
124.0
122.7
122.2
109.2
124.5
122.3
106.5
124.5
106.3
106.0
139.6
107.1
122.6
117.7
120.7
122.5
123.4
122.6
123.7
124.4
123.8
124.5
106.0
123.9
124.0
105.8
123.9
124.4
107.3
123.5
124.3
106.0
107.0
139.3
122.2
107.6
106.3
122.5
123.4
105.9
106.6
138.4
125.0
123.0
107.2
106.1
106.2
121.6
123.1
106.1
105.3
105.8
140.3
107.4
108.7
106.5
123.3
107.9
107.3
107.5
108.2
106.2
107.3
108.4
106.7
108.0
106.9
106.7
107.2
107.2
107.0
109.9
107.8
105.5
105.9
106.9
106.2
107.4
106.9
105.0
106.1
106.3
106.5
106.3
106.6
107.2
107.3
107.9
106.0
106.7
106.1
107.9
106.8
108.7
106.4
107.8
106.0
107.4
108.1
107.5
108.4
108.0
105.7
107.9
108.8
107.8
107.8
106.9
108.1
108.3
107.0
106.2
106.4
108.0
108.3
106.9
105.8
107.5
106.2
106.6
106.4
107.5
108.1
107.3
107.2
106.8
108.7
107.6
104.8
110.5
107.1
105.9
106.2
108.0
106.9
109.4
