RMS Grad   Target
9.1629E-04 2.0000E-04
9.2028E-04 2.0000E-04
5.8726E-04 2.0000E-04
5.9487E-04 2.0000E-04
7.4588E-04 2.0000E-04
3.8971E-04 2.0000E-04
3.1237E-04 2.0000E-04
3.2266E-04 2.0000E-04
8.2110E-04 2.0000E-04
2.7156E-04 2.0000E-04
2.2288E-04 2.0000E-04
3.2707E-04 2.0000E-04
3.4486E-04 2.0000E-04
1.8268E-04 2.0000E-04
1.5178E-04 2.0000E-04
2.1975E-04 2.0000E-04
2.9673E-04 2.0000E-04
1.9340E-04 2.0000E-04
1.8235E-04 2.0000E-04
1.6162E-04 2.0000E-04
1.4576E-04 2.0000E-04
2.3300E-04 2.0000E-04
1.2599E-04 2.0000E-04
7.8356E-05 2.0000E-04
6.9487E-05 2.0000E-04
8.0850E-05 2.0000E-04
9.9267E-05 2.0000E-04
9.3660E-05 2.0000E-04
7.6210E-05 2.0000E-04
1.0643E-04 2.0000E-04
1.1804E-04 2.0000E-04
6.2971E-05 2.0000E-04
3.9965E-05 2.0000E-04
