RMS Step   Target
2.2222E-03 8.0000E-04
2.2738E-03 8.0000E-04
3.2565E-03 8.0000E-04
2.9283E-03 8.0000E-04
7.1447E-04 8.0000E-04
1.5018E-03 8.0000E-04
1.6639E-03 8.0000E-04
3.9189E-03 8.0000E-04
6.0296E-04 8.0000E-04
6.0208E-04 8.0000E-04
2.2437E-03 8.0000E-04
2.2849E-03 8.0000E-04
2.0688E-03 8.0000E-04
5.9111E-04 8.0000E-04
1.3430E-03 8.0000E-04
1.8870E-03 8.0000E-04
2.0687E-03 8.0000E-04
1.8904E-03 8.0000E-04
1.0279E-03 8.0000E-04
4.7032E-04 8.0000E-04
2.0346E-03 8.0000E-04
5.6471E-04 8.0000E-04
2.7304E-04 8.0000E-04
5.2044E-04 8.0000E-04
5.5241E-04 8.0000E-04
9.4575E-04 8.0000E-04
9.9628E-04 8.0000E-04
3.3914E-04 8.0000E-04
1.4878E-03 8.0000E-04
9.9676E-04 8.0000E-04
4.9974E-04 8.0000E-04
6.4108E-05 8.0000E-04
