Max Step   Target
3.3706E-03 1.8000E-02
1.7885E-01 1.8000E-02
5.0205E-02 1.8000E-02
7.0094E-02 1.8000E-02
1.6524E-01 1.8000E-02
3.6554E-02 1.8000E-02
1.9608E-02 1.8000E-02
0.0000E+00 1.8000E-02
1.4910E-03 1.8000E-02
5.7683E-03 1.8000E-02
5.0238E-03 1.8000E-02
5.4397E-03 1.8000E-02
8.7875E-03 1.8000E-02
7.8502E-03 1.8000E-02
1.2191E-01 1.8000E-02
3.7129E-02 1.8000E-02
2.8000E-02 1.8000E-02
1.9108E-03 1.8000E-02
1.8207E-02 1.8000E-02
8.7237E-03 1.8000E-02
1.2700E-02 1.8000E-02
4.6744E-03 1.8000E-02
6.6632E-03 1.8000E-02
7.6241E-03 1.8000E-02
4.3493E-03 1.8000E-02
7.5584E-03 1.8000E-02
5.7846E-03 1.8000E-02
3.3188E-03 1.8000E-02
3.4787E-03 1.8000E-02
3.5414E-03 1.8000E-02
