RMS Step   Target
2.2222E-03 1.2000E-03
1.0446E-02 1.2000E-03
1.2637E-02 1.2000E-03
2.7611E-03 1.2000E-03
1.4934E-03 1.2000E-03
4.3946E-03 1.2000E-03
5.9713E-03 1.2000E-03
1.0743E-02 1.2000E-03
2.0172E-03 1.2000E-03
7.6603E-04 1.2000E-03
2.6419E-03 1.2000E-03
2.9953E-03 1.2000E-03
7.7125E-03 1.2000E-03
2.2943E-03 1.2000E-03
2.3326E-03 1.2000E-03
4.3601E-03 1.2000E-03
6.9731E-03 1.2000E-03
2.1216E-03 1.2000E-03
3.8024E-04 1.2000E-03
1.4767E-03 1.2000E-03
1.9224E-03 1.2000E-03
3.6025E-03 1.2000E-03
4.9378E-04 1.2000E-03
5.4729E-04 1.2000E-03
1.1126E-03 1.2000E-03
2.4916E-03 1.2000E-03
3.4748E-04 1.2000E-03
3.0179E-04 1.2000E-03
7.0753E-04 1.2000E-03
9.9614E-04 1.2000E-03
8.6274E-04 1.2000E-03
2.0717E-04 1.2000E-03
2.0717E-04 1.2000E-03
