Max Step   Target
8.5673E-04 1.2000E-03
1.2971E-03 1.2000E-03
1.5410E-03 1.2000E-03
1.6857E-03 1.2000E-03
1.7766E-03 1.2000E-03
1.8358E-03 1.2000E-03
1.8715E-03 1.2000E-03
1.8904E-03 1.2000E-03
1.8948E-03 1.2000E-03
1.8878E-03 1.2000E-03
1.8701E-03 1.2000E-03
1.8455E-03 1.2000E-03
1.8108E-03 1.2000E-03
1.7951E-03 1.2000E-03
1.7773E-03 1.2000E-03
1.7383E-03 1.2000E-03
1.7147E-03 1.2000E-03
1.6900E-03 1.2000E-03
1.6642E-03 1.2000E-03
1.6460E-03 1.2000E-03
1.6056E-03 1.2000E-03
1.5984E-03 1.2000E-03
1.5685E-03 1.2000E-03
1.5298E-03 1.2000E-03
1.5337E-03 1.2000E-03
1.4953E-03 1.2000E-03
1.4729E-03 1.2000E-03
1.4686E-03 1.2000E-03
1.4354E-03 1.2000E-03
1.4190E-03 1.2000E-03
1.4079E-03 1.2000E-03
1.3834E-03 1.2000E-03
1.3689E-03 1.2000E-03
1.3586E-03 1.2000E-03
1.3306E-03 1.2000E-03
1.3238E-03 1.2000E-03
1.3105E-03 1.2000E-03
1.2855E-03 1.2000E-03
1.2815E-03 1.2000E-03
1.2617E-03 1.2000E-03
1.2502E-03 1.2000E-03
1.2378E-03 1.2000E-03
1.2193E-03 1.2000E-03
1.2156E-03 1.2000E-03
1.1951E-03 1.2000E-03
1.1867E-03 1.2000E-03
1.1773E-03 1.2000E-03
1.1585E-03 1.2000E-03
1.1546E-03 1.2000E-03
1.1385E-03 1.2000E-03
1.1294E-03 1.2000E-03
1.1210E-03 1.2000E-03
1.1106E-03 1.2000E-03
1.1017E-03 1.2000E-03
1.0917E-03 1.2000E-03
1.0876E-03 1.2000E-03
1.0680E-03 1.2000E-03
1.0705E-03 1.2000E-03
1.0545E-03 1.2000E-03
1.0461E-03 1.2000E-03
1.0506E-03 1.2000E-03
1.0214E-03 1.2000E-03
1.0290E-03 1.2000E-03
1.0135E-03 1.2000E-03
9.9168E-04 1.2000E-03
1.0116E-03 1.2000E-03
9.6311E-04 1.2000E-03
9.8283E-04 1.2000E-03
9.7169E-04 1.2000E-03
9.5899E-04 1.2000E-03
9.5197E-04 1.2000E-03
9.4514E-04 1.2000E-03
9.1608E-04 1.2000E-03
9.2835E-04 1.2000E-03
9.0606E-04 1.2000E-03
9.1207E-04 1.2000E-03
8.5211E-04 1.2000E-03
8.9320E-04 1.2000E-03
8.5349E-04 1.2000E-03
8.7045E-04 1.2000E-03
8.6264E-04 1.2000E-03
8.6161E-04 1.2000E-03
8.6182E-04 1.2000E-03
8.6568E-04 1.2000E-03
8.6904E-04 1.2000E-03
8.7015E-04 1.2000E-03
8.7188E-04 1.2000E-03
8.7472E-04 1.2000E-03
8.7342E-04 1.2000E-03
8.7763E-04 1.2000E-03
8.7867E-04 1.2000E-03
8.8155E-04 1.2000E-03
8.8091E-04 1.2000E-03
8.8496E-04 1.2000E-03
8.8411E-04 1.2000E-03
8.8767E-04 1.2000E-03
8.8673E-04 1.2000E-03
8.9041E-04 1.2000E-03
8.8917E-04 1.2000E-03
8.9261E-04 1.2000E-03
8.9132E-04 1.2000E-03
8.9449E-04 1.2000E-03
8.9408E-04 1.2000E-03
8.9673E-04 1.2000E-03
8.9467E-04 1.2000E-03
8.9842E-04 1.2000E-03
8.9633E-04 1.2000E-03
8.9979E-04 1.2000E-03
8.9707E-04 1.2000E-03
9.0087E-04 1.2000E-03
8.9725E-04 1.2000E-03
9.0171E-04 1.2000E-03
8.9705E-04 1.2000E-03
9.0205E-04 1.2000E-03
8.9879E-04 1.2000E-03
9.0228E-04 1.2000E-03
9.0008E-04 1.2000E-03
9.0236E-04 1.2000E-03
8.9881E-04 1.2000E-03
9.0204E-04 1.2000E-03
8.9802E-04 1.2000E-03
9.0147E-04 1.2000E-03
8.9619E-04 1.2000E-03
9.0086E-04 1.2000E-03
8.9301E-04 1.2000E-03
8.9977E-04 1.2000E-03
8.8877E-04 1.2000E-03
8.9892E-04 1.2000E-03
8.9162E-04 1.2000E-03
8.9739E-04 1.2000E-03
8.9119E-04 1.2000E-03
8.9592E-04 1.2000E-03
8.8967E-04 1.2000E-03
8.9373E-04 1.2000E-03
8.8613E-04 1.2000E-03
8.9193E-04 1.2000E-03
8.8233E-04 1.2000E-03
8.8987E-04 1.2000E-03
8.7299E-04 1.2000E-03
8.8792E-04 1.2000E-03
8.7502E-04 1.2000E-03
8.8519E-04 1.2000E-03
8.7907E-04 1.2000E-03
8.8274E-04 1.2000E-03
8.7916E-04 1.2000E-03
8.8006E-04 1.2000E-03
8.7311E-04 1.2000E-03
8.7766E-04 1.2000E-03
8.6646E-04 1.2000E-03
8.7488E-04 1.2000E-03
8.6863E-04 1.2000E-03
8.7176E-04 1.2000E-03
8.6566E-04 1.2000E-03
8.6852E-04 1.2000E-03
8.6243E-04 1.2000E-03
8.6534E-04 1.2000E-03
8.5597E-04 1.2000E-03
8.6225E-04 1.2000E-03
8.5485E-04 1.2000E-03
8.5845E-04 1.2000E-03
8.5289E-04 1.2000E-03
8.5547E-04 1.2000E-03
8.4779E-04 1.2000E-03
8.5157E-04 1.2000E-03
8.4373E-04 1.2000E-03
8.4852E-04 1.2000E-03
8.4243E-04 1.2000E-03
8.4407E-04 1.2000E-03
8.3927E-04 1.2000E-03
8.4029E-04 1.2000E-03
8.3621E-04 1.2000E-03
8.3675E-04 1.2000E-03
8.3164E-04 1.2000E-03
8.3284E-04 1.2000E-03
8.2697E-04 1.2000E-03
8.2888E-04 1.2000E-03
8.1949E-04 1.2000E-03
8.2542E-04 1.2000E-03
8.0689E-04 1.2000E-03
8.2177E-04 1.2000E-03
8.0968E-04 1.2000E-03
8.1703E-04 1.2000E-03
8.1017E-04 1.2000E-03
8.1302E-04 1.2000E-03
8.0858E-04 1.2000E-03
8.0864E-04 1.2000E-03
8.0232E-04 1.2000E-03
8.0511E-04 1.2000E-03
7.9455E-04 1.2000E-03
8.0119E-04 1.2000E-03
7.8082E-04 1.2000E-03
7.9725E-04 1.2000E-03
7.8214E-04 1.2000E-03
7.9267E-04 1.2000E-03
7.8757E-04 1.2000E-03
7.8799E-04 1.2000E-03
7.8280E-04 1.2000E-03
7.8422E-04 1.2000E-03
7.7148E-04 1.2000E-03
7.8061E-04 1.2000E-03
7.7024E-04 1.2000E-03
7.7603E-04 1.2000E-03
7.7149E-04 1.2000E-03
7.7138E-04 1.2000E-03
7.6708E-04 1.2000E-03
7.6736E-04 1.2000E-03
7.6108E-04 1.2000E-03
7.6298E-04 1.2000E-03
7.5278E-04 1.2000E-03
7.5829E-04 1.2000E-03
7.5270E-04 1.2000E-03
7.5288E-04 1.2000E-03
7.5070E-04 1.2000E-03
7.4913E-04 1.2000E-03
7.4094E-04 1.2000E-03
7.4390E-04 1.2000E-03
7.3535E-04 1.2000E-03
7.3969E-04 1.2000E-03
7.3482E-04 1.2000E-03
7.3360E-04 1.2000E-03
7.3317E-04 1.2000E-03
7.2868E-04 1.2000E-03
7.2597E-04 1.2000E-03
7.2416E-04 1.2000E-03
7.1744E-04 1.2000E-03
7.1958E-04 1.2000E-03
7.1183E-04 1.2000E-03
7.1472E-04 1.2000E-03
7.0500E-04 1.2000E-03
7.0973E-04 1.2000E-03
7.0083E-04 1.2000E-03
7.0466E-04 1.2000E-03
6.9621E-04 1.2000E-03
6.9920E-04 1.2000E-03
6.9290E-04 1.2000E-03
6.9449E-04 1.2000E-03
6.8955E-04 1.2000E-03
6.8914E-04 1.2000E-03
6.8405E-04 1.2000E-03
6.8451E-04 1.2000E-03
6.7715E-04 1.2000E-03
6.7960E-04 1.2000E-03
6.7058E-04 1.2000E-03
6.7518E-04 1.2000E-03
6.7188E-04 1.2000E-03
6.7373E-04 1.2000E-03
6.7191E-04 1.2000E-03
6.7440E-04 1.2000E-03
6.7342E-04 1.2000E-03
6.7506E-04 1.2000E-03
6.7375E-04 1.2000E-03
6.7574E-04 1.2000E-03
6.7399E-04 1.2000E-03
6.7651E-04 1.2000E-03
6.7554E-04 1.2000E-03
6.7709E-04 1.2000E-03
6.7693E-04 1.2000E-03
6.7768E-04 1.2000E-03
6.7756E-04 1.2000E-03
6.7836E-04 1.2000E-03
6.7756E-04 1.2000E-03
6.7906E-04 1.2000E-03
6.7843E-04 1.2000E-03
6.7992E-04 1.2000E-03
6.7878E-04 1.2000E-03
6.8035E-04 1.2000E-03
6.8041E-04 1.2000E-03
6.8099E-04 1.2000E-03
6.8060E-04 1.2000E-03
6.8157E-04 1.2000E-03
6.8099E-04 1.2000E-03
6.8222E-04 1.2000E-03
6.8205E-04 1.2000E-03
6.8265E-04 1.2000E-03
6.8292E-04 1.2000E-03
6.8323E-04 1.2000E-03
6.8277E-04 1.2000E-03
6.8380E-04 1.2000E-03
6.8261E-04 1.2000E-03
6.8438E-04 1.2000E-03
6.8307E-04 1.2000E-03
6.8481E-04 1.2000E-03
6.8430E-04 1.2000E-03
6.8515E-04 1.2000E-03
6.8532E-04 1.2000E-03
6.8560E-04 1.2000E-03
6.8520E-04 1.2000E-03
6.8613E-04 1.2000E-03
6.8493E-04 1.2000E-03
6.8663E-04 1.2000E-03
6.8509E-04 1.2000E-03
6.8688E-04 1.2000E-03
6.8613E-04 1.2000E-03
6.8715E-04 1.2000E-03
6.8716E-04 1.2000E-03
6.8755E-04 1.2000E-03
6.8614E-04 1.2000E-03
6.8805E-04 1.2000E-03
6.8505E-04 1.2000E-03
6.8833E-04 1.2000E-03
6.8727E-04 1.2000E-03
6.8837E-04 1.2000E-03
6.8879E-04 1.2000E-03
6.8868E-04 1.2000E-03
6.8725E-04 1.2000E-03
6.8914E-04 1.2000E-03
6.8628E-04 1.2000E-03
6.8940E-04 1.2000E-03
6.8810E-04 1.2000E-03
6.8936E-04 1.2000E-03
6.8997E-04 1.2000E-03
6.8947E-04 1.2000E-03
6.8984E-04 1.2000E-03
6.8982E-04 1.2000E-03
6.8859E-04 1.2000E-03
6.9030E-04 1.2000E-03
6.8774E-04 1.2000E-03
6.9027E-04 1.2000E-03
6.8963E-04 1.2000E-03
6.9025E-04 1.2000E-03
6.9076E-04 1.2000E-03
6.9028E-04 1.2000E-03
6.9048E-04 1.2000E-03
6.9046E-04 1.2000E-03
6.9001E-04 1.2000E-03
6.9001E-04 1.2000E-03
6.9067E-04 1.2000E-03
6.9060E-04 1.2000E-03
6.9060E-04 1.2000E-03
6.8978E-04 1.2000E-03
6.9089E-04 1.2000E-03
6.8829E-04 1.2000E-03
6.9094E-04 1.2000E-03
6.8728E-04 1.2000E-03
6.9084E-04 1.2000E-03
6.8924E-04 1.2000E-03
6.9099E-04 1.2000E-03
6.9009E-04 1.2000E-03
6.9043E-04 1.2000E-03
6.9112E-04 1.2000E-03
6.8953E-04 1.2000E-03
6.9109E-04 1.2000E-03
6.8945E-04 1.2000E-03
6.9046E-04 1.2000E-03
6.9001E-04 1.2000E-03
6.9019E-04 1.2000E-03
6.8977E-04 1.2000E-03
6.9033E-04 1.2000E-03
6.8794E-04 1.2000E-03
6.9065E-04 1.2000E-03
6.8722E-04 1.2000E-03
6.9019E-04 1.2000E-03
6.8946E-04 1.2000E-03
6.8952E-04 1.2000E-03
6.9117E-04 1.2000E-03
6.8927E-04 1.2000E-03
6.8923E-04 1.2000E-03
6.8975E-04 1.2000E-03
6.8570E-04 1.2000E-03
6.8981E-04 1.2000E-03
6.8514E-04 1.2000E-03
6.8909E-04 1.2000E-03
6.8887E-04 1.2000E-03
6.8847E-04 1.2000E-03
6.8977E-04 1.2000E-03
6.8835E-04 1.2000E-03
6.8755E-04 1.2000E-03
6.8828E-04 1.2000E-03
6.8631E-04 1.2000E-03
6.8812E-04 1.2000E-03
6.8686E-04 1.2000E-03
6.8744E-04 1.2000E-03
6.8812E-04 1.2000E-03
6.8671E-04 1.2000E-03
6.8754E-04 1.2000E-03
6.8653E-04 1.2000E-03
6.8599E-04 1.2000E-03
6.8649E-04 1.2000E-03
6.8379E-04 1.2000E-03
6.8609E-04 1.2000E-03
6.8348E-04 1.2000E-03
6.8559E-04 1.2000E-03
6.8433E-04 1.2000E-03
6.8482E-04 1.2000E-03
6.8517E-04 1.2000E-03
6.8408E-04 1.2000E-03
6.8440E-04 1.2000E-03
6.8383E-04 1.2000E-03
6.8180E-04 1.2000E-03
6.8359E-04 1.2000E-03
6.7893E-04 1.2000E-03
6.8308E-04 1.2000E-03
6.7963E-04 1.2000E-03
6.8224E-04 1.2000E-03
6.8287E-04 1.2000E-03
6.8113E-04 1.2000E-03
6.8234E-04 1.2000E-03
6.8068E-04 1.2000E-03
6.8035E-04 1.2000E-03
6.8060E-04 1.2000E-03
6.7884E-04 1.2000E-03
6.7990E-04 1.2000E-03
6.7879E-04 1.2000E-03
6.7898E-04 1.2000E-03
6.7880E-04 1.2000E-03
6.7819E-04 1.2000E-03
6.7865E-04 1.2000E-03
6.7762E-04 1.2000E-03
6.7680E-04 1.2000E-03
6.7715E-04 1.2000E-03
6.7460E-04 1.2000E-03
6.7648E-04 1.2000E-03
6.7430E-04 1.2000E-03
6.7534E-04 1.2000E-03
6.7537E-04 1.2000E-03
6.7437E-04 1.2000E-03
6.7464E-04 1.2000E-03
6.7341E-04 1.2000E-03
6.7315E-04 1.2000E-03
6.7284E-04 1.2000E-03
6.7093E-04 1.2000E-03
6.7217E-04 1.2000E-03
6.6930E-04 1.2000E-03
6.7124E-04 1.2000E-03
6.6943E-04 1.2000E-03
6.7028E-04 1.2000E-03
6.6885E-04 1.2000E-03
6.6932E-04 1.2000E-03
6.6824E-04 1.2000E-03
6.6837E-04 1.2000E-03
6.6691E-04 1.2000E-03
6.6730E-04 1.2000E-03
6.6655E-04 1.2000E-03
6.6620E-04 1.2000E-03
6.6553E-04 1.2000E-03
6.6509E-04 1.2000E-03
6.6425E-04 1.2000E-03
6.6433E-04 1.2000E-03
6.6206E-04 1.2000E-03
6.6327E-04 1.2000E-03
6.6146E-04 1.2000E-03
6.6210E-04 1.2000E-03
6.6089E-04 1.2000E-03
6.6086E-04 1.2000E-03
6.5996E-04 1.2000E-03
6.5986E-04 1.2000E-03
6.5863E-04 1.2000E-03
6.5892E-04 1.2000E-03
6.5626E-04 1.2000E-03
6.5790E-04 1.2000E-03
6.5584E-04 1.2000E-03
6.5642E-04 1.2000E-03
6.5655E-04 1.2000E-03
6.5445E-04 1.2000E-03
6.5628E-04 1.2000E-03
6.5311E-04 1.2000E-03
6.5395E-04 1.2000E-03
6.5290E-04 1.2000E-03
6.5109E-04 1.2000E-03
6.5268E-04 1.2000E-03
6.4839E-04 1.2000E-03
6.5154E-04 1.2000E-03
6.4720E-04 1.2000E-03
6.4983E-04 1.2000E-03
6.4830E-04 1.2000E-03
6.4838E-04 1.2000E-03
6.4829E-04 1.2000E-03
6.4727E-04 1.2000E-03
6.4429E-04 1.2000E-03
6.4532E-04 1.2000E-03
6.4295E-04 1.2000E-03
6.4409E-04 1.2000E-03
6.4231E-04 1.2000E-03
6.4245E-04 1.2000E-03
6.4164E-04 1.2000E-03
6.4088E-04 1.2000E-03
6.3961E-04 1.2000E-03
6.3976E-04 1.2000E-03
6.3652E-04 1.2000E-03
6.3855E-04 1.2000E-03
6.3477E-04 1.2000E-03
6.3718E-04 1.2000E-03
6.3585E-04 1.2000E-03
6.3535E-04 1.2000E-03
6.3492E-04 1.2000E-03
6.3341E-04 1.2000E-03
6.3324E-04 1.2000E-03
6.3209E-04 1.2000E-03
6.3017E-04 1.2000E-03
6.3103E-04 1.2000E-03
6.2818E-04 1.2000E-03
6.2938E-04 1.2000E-03
6.2791E-04 1.2000E-03
6.2763E-04 1.2000E-03
6.2681E-04 1.2000E-03
6.2568E-04 1.2000E-03
6.2484E-04 1.2000E-03
6.2441E-04 1.2000E-03
6.2189E-04 1.2000E-03
6.2284E-04 1.2000E-03
6.1976E-04 1.2000E-03
6.2111E-04 1.2000E-03
6.1825E-04 1.2000E-03
6.1922E-04 1.2000E-03
6.1769E-04 1.2000E-03
6.1721E-04 1.2000E-03
6.1619E-04 1.2000E-03
6.1560E-04 1.2000E-03
6.1339E-04 1.2000E-03
6.1369E-04 1.2000E-03
6.1042E-04 1.2000E-03
6.1221E-04 1.2000E-03
6.0762E-04 1.2000E-03
6.1051E-04 1.2000E-03
6.0652E-04 1.2000E-03
6.0831E-04 1.2000E-03
6.0665E-04 1.2000E-03
6.0593E-04 1.2000E-03
6.0609E-04 1.2000E-03
6.0350E-04 1.2000E-03
6.0367E-04 1.2000E-03
6.0225E-04 1.2000E-03
5.9919E-04 1.2000E-03
6.0081E-04 1.2000E-03
5.9423E-04 1.2000E-03
5.9876E-04 1.2000E-03
5.9455E-04 1.2000E-03
5.9679E-04 1.2000E-03
5.9303E-04 1.2000E-03
5.9431E-04 1.2000E-03
5.9349E-04 1.2000E-03
5.9216E-04 1.2000E-03
5.9226E-04 1.2000E-03
5.8976E-04 1.2000E-03
5.8950E-04 1.2000E-03
5.8752E-04 1.2000E-03
5.8599E-04 1.2000E-03
5.8565E-04 1.2000E-03
5.8381E-04 1.2000E-03
5.8369E-04 1.2000E-03
5.8206E-04 1.2000E-03
5.8163E-04 1.2000E-03
5.8002E-04 1.2000E-03
5.7970E-04 1.2000E-03
5.7733E-04 1.2000E-03
5.7800E-04 1.2000E-03
5.7569E-04 1.2000E-03
5.7604E-04 1.2000E-03
5.7427E-04 1.2000E-03
5.7334E-04 1.2000E-03
5.7160E-04 1.2000E-03
5.7112E-04 1.2000E-03
5.6755E-04 1.2000E-03
5.6882E-04 1.2000E-03
5.6457E-04 1.2000E-03
5.6625E-04 1.2000E-03
5.6409E-04 1.2000E-03
5.6347E-04 1.2000E-03
5.6297E-04 1.2000E-03
5.6064E-04 1.2000E-03
5.6030E-04 1.2000E-03
5.5819E-04 1.2000E-03
5.5650E-04 1.2000E-03
5.5595E-04 1.2000E-03
5.5393E-04 1.2000E-03
5.5337E-04 1.2000E-03
5.5334E-04 1.2000E-03
5.5090E-04 1.2000E-03
5.5054E-04 1.2000E-03
5.4801E-04 1.2000E-03
5.4768E-04 1.2000E-03
5.4530E-04 1.2000E-03
5.4451E-04 1.2000E-03
5.4315E-04 1.2000E-03
5.4086E-04 1.2000E-03
5.4129E-04 1.2000E-03
5.3662E-04 1.2000E-03
5.3892E-04 1.2000E-03
5.3447E-04 1.2000E-03
5.3642E-04 1.2000E-03
5.3487E-04 1.2000E-03
5.3352E-04 1.2000E-03
5.3133E-04 1.2000E-03
5.3065E-04 1.2000E-03
5.2786E-04 1.2000E-03
5.2761E-04 1.2000E-03
5.2468E-04 1.2000E-03
5.2489E-04 1.2000E-03
5.2131E-04 1.2000E-03
5.2239E-04 1.2000E-03
5.1681E-04 1.2000E-03
5.1935E-04 1.2000E-03
5.1940E-04 1.2000E-03
5.1593E-04 1.2000E-03
5.1557E-04 1.2000E-03
5.1270E-04 1.2000E-03
5.1188E-04 1.2000E-03
5.0993E-04 1.2000E-03
5.0867E-04 1.2000E-03
5.0734E-04 1.2000E-03
5.0491E-04 1.2000E-03
5.0487E-04 1.2000E-03
4.9917E-04 1.2000E-03
5.0222E-04 1.2000E-03
4.9573E-04 1.2000E-03
4.9904E-04 1.2000E-03
4.9685E-04 1.2000E-03
4.9538E-04 1.2000E-03
4.9422E-04 1.2000E-03
4.9162E-04 1.2000E-03
4.9183E-04 1.2000E-03
4.8768E-04 1.2000E-03
4.8789E-04 1.2000E-03
4.8456E-04 1.2000E-03
4.8354E-04 1.2000E-03
4.8198E-04 1.2000E-03
4.7927E-04 1.2000E-03
4.7908E-04 1.2000E-03
4.7569E-04 1.2000E-03
4.7621E-04 1.2000E-03
4.7164E-04 1.2000E-03
4.7316E-04 1.2000E-03
4.6786E-04 1.2000E-03
4.6995E-04 1.2000E-03
4.6904E-04 1.2000E-03
4.6542E-04 1.2000E-03
4.6501E-04 1.2000E-03
4.6176E-04 1.2000E-03
4.6004E-04 1.2000E-03
4.5845E-04 1.2000E-03
4.5590E-04 1.2000E-03
4.5512E-04 1.2000E-03
4.5200E-04 1.2000E-03
4.5218E-04 1.2000E-03
4.4672E-04 1.2000E-03
4.4922E-04 1.2000E-03
4.4351E-04 1.2000E-03
4.4556E-04 1.2000E-03
4.4340E-04 1.2000E-03
4.4055E-04 1.2000E-03
4.3975E-04 1.2000E-03
4.3659E-04 1.2000E-03
4.3463E-04 1.2000E-03
4.3246E-04 1.2000E-03
4.3206E-04 1.2000E-03
4.2918E-04 1.2000E-03
4.2764E-04 1.2000E-03
4.2519E-04 1.2000E-03
4.2484E-04 1.2000E-03
4.2115E-04 1.2000E-03
4.2059E-04 1.2000E-03
4.1752E-04 1.2000E-03
4.1445E-04 1.2000E-03
4.1442E-04 1.2000E-03
4.0477E-04 1.2000E-03
4.1037E-04 1.2000E-03
4.0917E-04 1.2000E-03
4.0592E-04 1.2000E-03
4.0507E-04 1.2000E-03
4.0142E-04 1.2000E-03
4.0193E-04 1.2000E-03
4.0263E-04 1.2000E-03
4.0327E-04 1.2000E-03
4.0382E-04 1.2000E-03
4.0490E-04 1.2000E-03
4.0504E-04 1.2000E-03
4.0601E-04 1.2000E-03
