RMS Step   Target
2.8392E-04 8.0000E-04
2.7897E-03 8.0000E-04
8.6778E-04 8.0000E-04
1.4584E-03 8.0000E-04
1.5679E-03 8.0000E-04
1.0673E-03 8.0000E-04
5.5450E-04 8.0000E-04
7.6753E-04 8.0000E-04
1.2976E-03 8.0000E-04
3.7094E-04 8.0000E-04
2.5540E-04 8.0000E-04
6.2228E-04 8.0000E-04
1.0512E-03 8.0000E-04
1.4695E-03 8.0000E-04
2.2085E-04 8.0000E-04
4.2089E-04 8.0000E-04
6.4049E-04 8.0000E-04
1.8255E-03 8.0000E-04
3.7803E-04 8.0000E-04
2.5291E-04 8.0000E-04
6.5746E-04 8.0000E-04
1.2523E-03 8.0000E-04
1.1398E-03 8.0000E-04
4.8288E-04 8.0000E-04
7.4115E-04 8.0000E-04
6.1384E-04 8.0000E-04
4.1075E-04 8.0000E-04
6.7189E-04 8.0000E-04
1.8412E-04 8.0000E-04
1.1184E-04 8.0000E-04
5.9485E-04 8.0000E-04
5.4451E-04 8.0000E-04
3.3237E-04 8.0000E-04
7.3317E-04 8.0000E-04
4.0306E-04 8.0000E-04
6.5393E-04 8.0000E-04
3.2375E-04 8.0000E-04
3.7262E-04 8.0000E-04
5.1429E-04 8.0000E-04
5.8006E-04 8.0000E-04
3.4345E-04 8.0000E-04
2.1711E-04 8.0000E-04
3.8391E-04 8.0000E-04
8.4960E-04 8.0000E-04
5.0408E-04 8.0000E-04
2.6151E-04 8.0000E-04
3.2688E-04 8.0000E-04
4.7528E-04 8.0000E-04
4.1449E-04 8.0000E-04
4.0336E-04 8.0000E-04
2.0096E-04 8.0000E-04
3.8048E-04 8.0000E-04
6.6744E-04 8.0000E-04
9.6010E-05 8.0000E-04
1.1642E-04 8.0000E-04
2.8464E-04 8.0000E-04
5.2374E-04 8.0000E-04
6.7526E-04 8.0000E-04
2.2421E-04 8.0000E-04
3.5911E-04 8.0000E-04
3.2315E-04 8.0000E-04
2.4751E-04 8.0000E-04
4.3211E-04 8.0000E-04
3.0871E-04 8.0000E-04
1.4386E-04 8.0000E-04
5.2896E-04 8.0000E-04
1.7352E-04 8.0000E-04
1.0763E-04 8.0000E-04
4.4740E-04 8.0000E-04
4.7331E-04 8.0000E-04
1.4032E-04 8.0000E-04
1.7898E-04 8.0000E-04
1.8610E-04 8.0000E-04
4.4252E-04 8.0000E-04
4.7916E-04 8.0000E-04
4.7317E-05 8.0000E-04
2.3722E-04 8.0000E-04
1.4699E-04 8.0000E-04
2.7997E-04 8.0000E-04
2.8636E-04 8.0000E-04
4.1409E-04 8.0000E-04
3.0405E-04 8.0000E-04
2.1609E-04 8.0000E-04
2.4553E-04 8.0000E-04
2.1102E-04 8.0000E-04
1.2205E-04 8.0000E-04
3.0023E-04 8.0000E-04
2.6033E-04 8.0000E-04
2.7085E-04 8.0000E-04
2.3316E-04 8.0000E-04
1.7893E-04 8.0000E-04
2.6113E-04 8.0000E-04
3.5009E-04 8.0000E-04
8.2113E-05 8.0000E-04
1.1676E-04 8.0000E-04
8.5092E-05 8.0000E-04
2.7143E-04 8.0000E-04
3.7186E-04 8.0000E-04
2.0390E-04 8.0000E-04
1.0238E-04 8.0000E-04
2.1039E-04 8.0000E-04
1.0484E-04 8.0000E-04
2.0969E-04 8.0000E-04
1.9831E-04 8.0000E-04
2.3933E-04 8.0000E-04
1.3081E-04 8.0000E-04
1.8357E-04 8.0000E-04
1.4440E-04 8.0000E-04
3.0214E-04 8.0000E-04
1.4883E-04 8.0000E-04
2.9766E-04 8.0000E-04
1.8665E-04 8.0000E-04
2.5829E-04 8.0000E-04
4.5733E-05 8.0000E-04
1.0019E-04 8.0000E-04
7.8301E-05 8.0000E-04
