RMS Step   Target
2.2222E-03 1.2000E-03
1.8248E-03 1.2000E-03
4.5315E-03 1.2000E-03
3.6741E-03 1.2000E-03
1.9882E-03 1.2000E-03
4.8253E-03 1.2000E-03
2.1805E-03 1.2000E-03
8.4795E-04 1.2000E-03
9.9205E-04 1.2000E-03
1.1210E-03 1.2000E-03
2.5147E-03 1.2000E-03
6.2224E-04 1.2000E-03
4.0216E-04 1.2000E-03
1.5155E-03 1.2000E-03
1.3863E-03 1.2000E-03
3.6812E-03 1.2000E-03
1.8231E-03 1.2000E-03
8.5127E-04 1.2000E-03
1.4365E-03 1.2000E-03
1.3828E-03 1.2000E-03
1.0867E-03 1.2000E-03
8.6209E-04 1.2000E-03
7.6501E-04 1.2000E-03
9.9789E-04 1.2000E-03
9.2300E-04 1.2000E-03
8.6666E-04 1.2000E-03
7.1505E-04 1.2000E-03
9.5171E-04 1.2000E-03
1.4627E-03 1.2000E-03
1.3409E-03 1.2000E-03
2.7701E-04 1.2000E-03
4.8882E-04 1.2000E-03
7.6571E-04 1.2000E-03
1.7737E-03 1.2000E-03
8.9772E-04 1.2000E-03
6.8999E-04 1.2000E-03
9.4527E-04 1.2000E-03
1.6906E-03 1.2000E-03
4.4497E-04 1.2000E-03
1.8148E-04 1.2000E-03
1.8148E-04 1.2000E-03
