Max Step   Target
1.8090E-03 1.2000E-03
5.6333E-04 1.2000E-03
1.3668E-03 1.2000E-03
2.0409E-03 1.2000E-03
4.8547E-03 1.2000E-03
5.7788E-03 1.2000E-03
4.2604E-03 1.2000E-03
4.3642E-03 1.2000E-03
5.9367E-03 1.2000E-03
1.1124E-02 1.2000E-03
5.1310E-03 1.2000E-03
4.5930E-03 1.2000E-03
6.9896E-03 1.2000E-03
1.5462E-02 1.2000E-03
8.4923E-03 1.2000E-03
6.6505E-03 1.2000E-03
8.9284E-03 1.2000E-03
1.6069E-02 1.2000E-03
1.3359E-02 1.2000E-03
1.1949E-02 1.2000E-03
1.4856E-02 1.2000E-03
1.5828E-02 1.2000E-03
1.5869E-02 1.2000E-03
2.6643E-02 1.2000E-03
6.9529E-03 1.2000E-03
5.5867E-03 1.2000E-03
2.0295E-02 1.2000E-03
3.3504E-02 1.2000E-03
3.6091E-03 1.2000E-03
8.6358E-03 1.2000E-03
1.3967E-02 1.2000E-03
2.1771E-02 1.2000E-03
2.3811E-02 1.2000E-03
1.3779E-02 1.2000E-03
9.0159E-03 1.2000E-03
9.6196E-03 1.2000E-03
2.1725E-02 1.2000E-03
3.2182E-03 1.2000E-03
9.5469E-03 1.2000E-03
7.5170E-03 1.2000E-03
2.4210E-02 1.2000E-03
5.5146E-03 1.2000E-03
6.6034E-03 1.2000E-03
6.1281E-03 1.2000E-03
1.4138E-02 1.2000E-03
5.5699E-03 1.2000E-03
9.5501E-03 1.2000E-03
7.7819E-03 1.2000E-03
1.0466E-02 1.2000E-03
1.4555E-02 1.2000E-03
7.5023E-03 1.2000E-03
3.3910E-03 1.2000E-03
1.0493E-02 1.2000E-03
1.2729E-02 1.2000E-03
5.7116E-03 1.2000E-03
1.5406E-02 1.2000E-03
1.2912E-02 1.2000E-03
1.7460E-02 1.2000E-03
1.9302E-02 1.2000E-03
2.2252E-03 1.2000E-03
1.7552E-03 1.2000E-03
6.1845E-03 1.2000E-03
2.5908E-02 1.2000E-03
7.1503E-03 1.2000E-03
1.2667E-02 1.2000E-03
9.0024E-03 1.2000E-03
2.3244E-02 1.2000E-03
7.5306E-03 1.2000E-03
6.2080E-03 1.2000E-03
8.0422E-03 1.2000E-03
1.0233E-02 1.2000E-03
9.3360E-03 1.2000E-03
1.7796E-02 1.2000E-03
1.0183E-02 1.2000E-03
7.3406E-03 1.2000E-03
1.1425E-02 1.2000E-03
9.1443E-03 1.2000E-03
4.9600E-03 1.2000E-03
5.9888E-03 1.2000E-03
1.1567E-02 1.2000E-03
5.8524E-03 1.2000E-03
9.0536E-03 1.2000E-03
4.7176E-03 1.2000E-03
1.1833E-02 1.2000E-03
8.5626E-03 1.2000E-03
2.5961E-03 1.2000E-03
8.9034E-03 1.2000E-03
7.2413E-03 1.2000E-03
5.2170E-03 1.2000E-03
9.7283E-03 1.2000E-03
6.8308E-03 1.2000E-03
5.6846E-03 1.2000E-03
6.5888E-03 1.2000E-03
5.3475E-03 1.2000E-03
3.4931E-03 1.2000E-03
5.3821E-03 1.2000E-03
7.6702E-03 1.2000E-03
4.7885E-03 1.2000E-03
6.8454E-03 1.2000E-03
3.7212E-03 1.2000E-03
6.8123E-03 1.2000E-03
3.8298E-03 1.2000E-03
8.9807E-03 1.2000E-03
2.0053E-03 1.2000E-03
4.4062E-03 1.2000E-03
4.1332E-03 1.2000E-03
6.9366E-03 1.2000E-03
4.2933E-03 1.2000E-03
3.2867E-03 1.2000E-03
2.2783E-03 1.2000E-03
2.6870E-03 1.2000E-03
3.5475E-03 1.2000E-03
5.1902E-03 1.2000E-03
4.1616E-03 1.2000E-03
4.2376E-03 1.2000E-03
2.4932E-03 1.2000E-03
2.1113E-03 1.2000E-03
2.8568E-03 1.2000E-03
4.1062E-03 1.2000E-03
4.6314E-03 1.2000E-03
6.0480E-03 1.2000E-03
5.1397E-03 1.2000E-03
3.6077E-03 1.2000E-03
3.2861E-03 1.2000E-03
7.3265E-03 1.2000E-03
4.0367E-03 1.2000E-03
3.2698E-03 1.2000E-03
5.1143E-03 1.2000E-03
6.6734E-03 1.2000E-03
2.2153E-03 1.2000E-03
3.5333E-03 1.2000E-03
4.1990E-03 1.2000E-03
6.0809E-03 1.2000E-03
5.4243E-03 1.2000E-03
5.6626E-03 1.2000E-03
3.0423E-03 1.2000E-03
4.7174E-03 1.2000E-03
5.9465E-03 1.2000E-03
3.5238E-03 1.2000E-03
6.1625E-03 1.2000E-03
5.6979E-03 1.2000E-03
7.5623E-03 1.2000E-03
7.1756E-03 1.2000E-03
7.0392E-03 1.2000E-03
3.2018E-03 1.2000E-03
6.1993E-03 1.2000E-03
9.4294E-03 1.2000E-03
6.5385E-03 1.2000E-03
9.1473E-03 1.2000E-03
9.7564E-03 1.2000E-03
1.2383E-02 1.2000E-03
8.5384E-03 1.2000E-03
8.6515E-03 1.2000E-03
4.2831E-03 1.2000E-03
8.4604E-03 1.2000E-03
1.6033E-02 1.2000E-03
1.1681E-02 1.2000E-03
6.2143E-03 1.2000E-03
1.6006E-02 1.2000E-03
9.4065E-03 1.2000E-03
7.8918E-03 1.2000E-03
7.8003E-03 1.2000E-03
8.5763E-03 1.2000E-03
1.7188E-02 1.2000E-03
1.2064E-02 1.2000E-03
9.2526E-03 1.2000E-03
1.0588E-02 1.2000E-03
2.0973E-02 1.2000E-03
3.2466E-03 1.2000E-03
1.0957E-02 1.2000E-03
3.9098E-03 1.2000E-03
1.6054E-02 1.2000E-03
1.3315E-02 1.2000E-03
1.3300E-02 1.2000E-03
6.0151E-03 1.2000E-03
1.3501E-02 1.2000E-03
1.1644E-02 1.2000E-03
4.6183E-03 1.2000E-03
9.4379E-03 1.2000E-03
5.6143E-03 1.2000E-03
9.3302E-03 1.2000E-03
4.6529E-03 1.2000E-03
1.9543E-02 1.2000E-03
4.3820E-03 1.2000E-03
9.6726E-03 1.2000E-03
3.9923E-03 1.2000E-03
8.9586E-03 1.2000E-03
5.2051E-03 1.2000E-03
3.6081E-03 1.2000E-03
2.4508E-03 1.2000E-03
2.9881E-03 1.2000E-03
5.4661E-03 1.2000E-03
4.4796E-03 1.2000E-03
5.1147E-03 1.2000E-03
5.8286E-03 1.2000E-03
2.5186E-03 1.2000E-03
2.9963E-03 1.2000E-03
2.7604E-03 1.2000E-03
4.6424E-03 1.2000E-03
1.3057E-03 1.2000E-03
4.9549E-03 1.2000E-03
2.0576E-03 1.2000E-03
3.0900E-03 1.2000E-03
4.2883E-03 1.2000E-03
5.9016E-03 1.2000E-03
7.1243E-04 1.2000E-03
4.8143E-03 1.2000E-03
3.2228E-03 1.2000E-03
3.0234E-03 1.2000E-03
4.6732E-03 1.2000E-03
6.5056E-03 1.2000E-03
2.4034E-03 1.2000E-03
1.2029E-03 1.2000E-03
1.3783E-03 1.2000E-03
5.7442E-03 1.2000E-03
6.5641E-03 1.2000E-03
9.4277E-04 1.2000E-03
9.5278E-04 1.2000E-03
1.7565E-03 1.2000E-03
1.8957E-03 1.2000E-03
3.4004E-03 1.2000E-03
2.4228E-03 1.2000E-03
1.9793E-03 1.2000E-03
2.7950E-03 1.2000E-03
1.5288E-03 1.2000E-03
6.8599E-04 1.2000E-03
