RMS Step   Target
1.4358E-04 8.0000E-04
4.8989E-05 8.0000E-04
1.4212E-04 8.0000E-04
1.8525E-04 8.0000E-04
3.7550E-04 8.0000E-04
4.2271E-04 8.0000E-04
3.0234E-04 8.0000E-04
3.0420E-04 8.0000E-04
4.0702E-04 8.0000E-04
7.2734E-04 8.0000E-04
3.2990E-04 8.0000E-04
2.9379E-04 8.0000E-04
4.2697E-04 8.0000E-04
9.1672E-04 8.0000E-04
4.9515E-04 8.0000E-04
3.8424E-04 8.0000E-04
5.1035E-04 8.0000E-04
9.0468E-04 8.0000E-04
7.4899E-04 8.0000E-04
6.6658E-04 8.0000E-04
8.2789E-04 8.0000E-04
8.7626E-04 8.0000E-04
8.7823E-04 8.0000E-04
1.4807E-03 8.0000E-04
4.0662E-04 8.0000E-04
3.4572E-04 8.0000E-04
1.1764E-03 8.0000E-04
1.9183E-03 8.0000E-04
2.2197E-04 8.0000E-04
4.9795E-04 8.0000E-04
8.2289E-04 8.0000E-04
1.3280E-03 8.0000E-04
1.4594E-03 8.0000E-04
8.7238E-04 8.0000E-04
5.9267E-04 8.0000E-04
6.4167E-04 8.0000E-04
1.3890E-03 8.0000E-04
2.3508E-04 8.0000E-04
5.8038E-04 8.0000E-04
4.8625E-04 8.0000E-04
1.5511E-03 8.0000E-04
3.1347E-04 8.0000E-04
4.5548E-04 8.0000E-04
4.5735E-04 8.0000E-04
9.6901E-04 8.0000E-04
4.0656E-04 8.0000E-04
6.6554E-04 8.0000E-04
5.5927E-04 8.0000E-04
7.5232E-04 8.0000E-04
1.0694E-03 8.0000E-04
5.6742E-04 8.0000E-04
2.8390E-04 8.0000E-04
8.4933E-04 8.0000E-04
9.5980E-04 8.0000E-04
4.1043E-04 8.0000E-04
1.1361E-03 8.0000E-04
9.6003E-04 8.0000E-04
1.3598E-03 8.0000E-04
1.5638E-03 8.0000E-04
1.8876E-04 8.0000E-04
1.5675E-04 8.0000E-04
5.4623E-04 8.0000E-04
1.7720E-03 8.0000E-04
4.7766E-04 8.0000E-04
8.6630E-04 8.0000E-04
7.3591E-04 8.0000E-04
1.4539E-03 8.0000E-04
5.5466E-04 8.0000E-04
4.2978E-04 8.0000E-04
5.7630E-04 8.0000E-04
7.2618E-04 8.0000E-04
7.7266E-04 8.0000E-04
1.1730E-03 8.0000E-04
6.7357E-04 8.0000E-04
5.5450E-04 8.0000E-04
7.1933E-04 8.0000E-04
6.2350E-04 8.0000E-04
3.9703E-04 8.0000E-04
4.8133E-04 8.0000E-04
8.1277E-04 8.0000E-04
4.0992E-04 8.0000E-04
5.8854E-04 8.0000E-04
3.8352E-04 8.0000E-04
7.9520E-04 8.0000E-04
5.9755E-04 8.0000E-04
3.1625E-04 8.0000E-04
6.0916E-04 8.0000E-04
5.5621E-04 8.0000E-04
3.9432E-04 8.0000E-04
6.8554E-04 8.0000E-04
5.2415E-04 8.0000E-04
5.1349E-04 8.0000E-04
5.9769E-04 8.0000E-04
5.0920E-04 8.0000E-04
2.9700E-04 8.0000E-04
4.6726E-04 8.0000E-04
6.2968E-04 8.0000E-04
4.5206E-04 8.0000E-04
6.0744E-04 8.0000E-04
4.2656E-04 8.0000E-04
5.3155E-04 8.0000E-04
4.1287E-04 8.0000E-04
6.8067E-04 8.0000E-04
2.1140E-04 8.0000E-04
4.5178E-04 8.0000E-04
4.3354E-04 8.0000E-04
6.0999E-04 8.0000E-04
3.8831E-04 8.0000E-04
3.0362E-04 8.0000E-04
2.6240E-04 8.0000E-04
3.0568E-04 8.0000E-04
3.7988E-04 8.0000E-04
4.6489E-04 8.0000E-04
3.9845E-04 8.0000E-04
3.7901E-04 8.0000E-04
2.6821E-04 8.0000E-04
2.5435E-04 8.0000E-04
2.9161E-04 8.0000E-04
3.5682E-04 8.0000E-04
3.9048E-04 8.0000E-04
4.5992E-04 8.0000E-04
3.9472E-04 8.0000E-04
2.6856E-04 8.0000E-04
2.6875E-04 8.0000E-04
5.2997E-04 8.0000E-04
3.3433E-04 8.0000E-04
2.7496E-04 8.0000E-04
4.1975E-04 8.0000E-04
5.5194E-04 8.0000E-04
1.6894E-04 8.0000E-04
2.3987E-04 8.0000E-04
3.0594E-04 8.0000E-04
4.3865E-04 8.0000E-04
4.1761E-04 8.0000E-04
4.3788E-04 8.0000E-04
2.1467E-04 8.0000E-04
2.6922E-04 8.0000E-04
3.2318E-04 8.0000E-04
1.9820E-04 8.0000E-04
3.8044E-04 8.0000E-04
3.7829E-04 8.0000E-04
4.9522E-04 8.0000E-04
4.0952E-04 8.0000E-04
3.6057E-04 8.0000E-04
1.3827E-04 8.0000E-04
2.5399E-04 8.0000E-04
4.3944E-04 8.0000E-04
3.5694E-04 8.0000E-04
5.2402E-04 8.0000E-04
5.1327E-04 8.0000E-04
5.5996E-04 8.0000E-04
3.1358E-04 8.0000E-04
3.0604E-04 8.0000E-04
1.5189E-04 8.0000E-04
3.4988E-04 8.0000E-04
6.7530E-04 8.0000E-04
5.8845E-04 8.0000E-04
2.2968E-04 8.0000E-04
6.7539E-04 8.0000E-04
3.3560E-04 8.0000E-04
2.8637E-04 8.0000E-04
2.5475E-04 8.0000E-04
3.0406E-04 8.0000E-04
5.8658E-04 8.0000E-04
4.3531E-04 8.0000E-04
3.3776E-04 8.0000E-04
3.4145E-04 8.0000E-04
6.9694E-04 8.0000E-04
2.0301E-04 8.0000E-04
3.3980E-04 8.0000E-04
2.4973E-04 8.0000E-04
5.6287E-04 8.0000E-04
4.4231E-04 8.0000E-04
4.5032E-04 8.0000E-04
2.0597E-04 8.0000E-04
4.3361E-04 8.0000E-04
3.8497E-04 8.0000E-04
1.7470E-04 8.0000E-04
3.4210E-04 8.0000E-04
2.6976E-04 8.0000E-04
3.1478E-04 8.0000E-04
2.3762E-04 8.0000E-04
6.3268E-04 8.0000E-04
3.5007E-04 8.0000E-04
3.2356E-04 8.0000E-04
1.7718E-04 8.0000E-04
3.2531E-04 8.0000E-04
2.5742E-04 8.0000E-04
1.7903E-04 8.0000E-04
1.5690E-04 8.0000E-04
1.6050E-04 8.0000E-04
2.3893E-04 8.0000E-04
1.8842E-04 8.0000E-04
2.1754E-04 8.0000E-04
2.4683E-04 8.0000E-04
1.4934E-04 8.0000E-04
1.7239E-04 8.0000E-04
1.9367E-04 8.0000E-04
2.1953E-04 8.0000E-04
1.1200E-04 8.0000E-04
2.2922E-04 8.0000E-04
1.6132E-04 8.0000E-04
1.3341E-04 8.0000E-04
2.6411E-04 8.0000E-04
2.3905E-04 8.0000E-04
7.9429E-05 8.0000E-04
2.7015E-04 8.0000E-04
1.6661E-04 8.0000E-04
1.2806E-04 8.0000E-04
3.2491E-04 8.0000E-04
2.4407E-04 8.0000E-04
8.1431E-05 8.0000E-04
1.2323E-04 8.0000E-04
1.4616E-04 8.0000E-04
3.2686E-04 8.0000E-04
3.1651E-04 8.0000E-04
9.7637E-05 8.0000E-04
6.6659E-05 8.0000E-04
1.1809E-04 8.0000E-04
2.0790E-04 8.0000E-04
1.7884E-04 8.0000E-04
1.7727E-04 8.0000E-04
1.5337E-04 8.0000E-04
1.9356E-04 8.0000E-04
1.3934E-04 8.0000E-04
8.8260E-05 8.0000E-04
