RMS Grad   Target
8.1210E-05 2.0000E-04
9.9631E-05 2.0000E-04
5.3824E-05 2.0000E-04
4.1655E-05 2.0000E-04
5.1378E-05 2.0000E-04
6.4195E-05 2.0000E-04
9.0788E-05 2.0000E-04
4.6727E-05 2.0000E-04
4.5908E-05 2.0000E-04
6.1731E-05 2.0000E-04
8.9848E-05 2.0000E-04
4.9692E-05 2.0000E-04
4.8940E-05 2.0000E-04
6.1586E-05 2.0000E-04
1.0502E-04 2.0000E-04
5.4292E-05 2.0000E-04
4.6252E-05 2.0000E-04
6.0479E-05 2.0000E-04
9.0486E-05 2.0000E-04
6.0741E-05 2.0000E-04
5.0463E-05 2.0000E-04
7.2655E-05 2.0000E-04
7.6536E-05 2.0000E-04
6.2923E-05 2.0000E-04
9.7138E-05 2.0000E-04
6.3536E-05 2.0000E-04
6.3290E-05 2.0000E-04
7.8864E-05 2.0000E-04
1.5015E-04 2.0000E-04
6.0785E-05 2.0000E-04
4.8535E-05 2.0000E-04
6.0983E-05 2.0000E-04
7.1914E-05 2.0000E-04
1.0382E-04 2.0000E-04
5.2612E-05 2.0000E-04
4.8387E-05 2.0000E-04
6.2807E-05 2.0000E-04
9.5099E-05 2.0000E-04
4.4587E-05 2.0000E-04
4.2627E-05 2.0000E-04
5.2172E-05 2.0000E-04
8.1426E-05 2.0000E-04
4.4041E-05 2.0000E-04
4.1979E-05 2.0000E-04
4.9768E-05 2.0000E-04
5.7638E-05 2.0000E-04
3.8580E-05 2.0000E-04
4.2566E-05 2.0000E-04
5.5237E-05 2.0000E-04
4.4157E-05 2.0000E-04
6.5966E-05 2.0000E-04
4.5518E-05 2.0000E-04
4.2472E-05 2.0000E-04
6.2792E-05 2.0000E-04
6.2575E-05 2.0000E-04
4.4337E-05 2.0000E-04
4.5405E-05 2.0000E-04
5.8757E-05 2.0000E-04
5.3381E-05 2.0000E-04
9.3399E-05 2.0000E-04
4.2115E-05 2.0000E-04
3.9985E-05 2.0000E-04
4.7578E-05 2.0000E-04
1.0317E-04 2.0000E-04
4.3792E-05 2.0000E-04
3.5152E-05 2.0000E-04
4.4984E-05 2.0000E-04
6.1658E-05 2.0000E-04
4.0052E-05 2.0000E-04
3.6166E-05 2.0000E-04
5.2474E-05 2.0000E-04
4.3922E-05 2.0000E-04
3.7656E-05 2.0000E-04
4.6632E-05 2.0000E-04
3.9359E-05 2.0000E-04
3.6406E-05 2.0000E-04
4.1303E-05 2.0000E-04
3.9759E-05 2.0000E-04
3.2889E-05 2.0000E-04
3.3355E-05 2.0000E-04
4.7710E-05 2.0000E-04
3.1073E-05 2.0000E-04
2.8432E-05 2.0000E-04
3.4434E-05 2.0000E-04
3.1835E-05 2.0000E-04
3.7465E-05 2.0000E-04
2.9093E-05 2.0000E-04
3.1856E-05 2.0000E-04
3.8341E-05 2.0000E-04
2.7521E-05 2.0000E-04
2.8597E-05 2.0000E-04
3.5695E-05 2.0000E-04
2.7073E-05 2.0000E-04
3.2901E-05 2.0000E-04
3.3646E-05 2.0000E-04
2.5761E-05 2.0000E-04
2.4610E-05 2.0000E-04
3.6940E-05 2.0000E-04
2.6079E-05 2.0000E-04
2.4847E-05 2.0000E-04
3.3781E-05 2.0000E-04
2.7319E-05 2.0000E-04
2.6146E-05 2.0000E-04
3.2671E-05 2.0000E-04
2.3655E-05 2.0000E-04
2.2405E-05 2.0000E-04
2.8265E-05 2.0000E-04
2.3533E-05 2.0000E-04
2.1247E-05 2.0000E-04
2.1343E-05 2.0000E-04
2.3646E-05 2.0000E-04
2.0477E-05 2.0000E-04
2.1305E-05 2.0000E-04
2.2291E-05 2.0000E-04
2.0910E-05 2.0000E-04
2.0132E-05 2.0000E-04
2.0782E-05 2.0000E-04
1.9946E-05 2.0000E-04
1.8605E-05 2.0000E-04
1.9764E-05 2.0000E-04
1.9692E-05 2.0000E-04
2.0532E-05 2.0000E-04
2.2092E-05 2.0000E-04
1.9225E-05 2.0000E-04
1.8804E-05 2.0000E-04
2.9355E-05 2.0000E-04
1.7958E-05 2.0000E-04
1.6541E-05 2.0000E-04
2.1695E-05 2.0000E-04
2.7335E-05 2.0000E-04
1.7025E-05 2.0000E-04
1.6172E-05 2.0000E-04
2.2544E-05 2.0000E-04
1.6287E-05 2.0000E-04
1.7526E-05 2.0000E-04
2.0174E-05 2.0000E-04
1.6218E-05 2.0000E-04
1.6626E-05 2.0000E-04
2.5629E-05 2.0000E-04
1.7165E-05 2.0000E-04
1.4735E-05 2.0000E-04
1.9822E-05 2.0000E-04
1.6859E-05 2.0000E-04
1.8762E-05 2.0000E-04
1.8230E-05 2.0000E-04
1.6027E-05 2.0000E-04
1.7050E-05 2.0000E-04
2.6455E-05 2.0000E-04
1.6920E-05 2.0000E-04
1.5585E-05 2.0000E-04
2.0992E-05 2.0000E-04
1.9366E-05 2.0000E-04
1.7702E-05 2.0000E-04
1.9748E-05 2.0000E-04
1.7501E-05 2.0000E-04
1.7034E-05 2.0000E-04
2.8493E-05 2.0000E-04
1.7230E-05 2.0000E-04
1.7686E-05 2.0000E-04
2.2589E-05 2.0000E-04
2.6381E-05 2.0000E-04
1.7398E-05 2.0000E-04
1.7081E-05 2.0000E-04
2.0130E-05 2.0000E-04
2.2148E-05 2.0000E-04
2.0632E-05 2.0000E-04
1.7938E-05 2.0000E-04
1.9708E-05 2.0000E-04
2.7640E-05 2.0000E-04
1.7847E-05 2.0000E-04
1.8094E-05 2.0000E-04
2.2576E-05 2.0000E-04
1.8846E-05 2.0000E-04
1.9707E-05 2.0000E-04
2.0289E-05 2.0000E-04
1.6944E-05 2.0000E-04
1.7374E-05 2.0000E-04
2.4445E-05 2.0000E-04
1.7336E-05 2.0000E-04
1.6170E-05 2.0000E-04
2.6232E-05 2.0000E-04
1.7424E-05 2.0000E-04
1.5232E-05 2.0000E-04
2.1733E-05 2.0000E-04
1.9678E-05 2.0000E-04
1.7188E-05 2.0000E-04
1.4703E-05 2.0000E-04
1.6592E-05 2.0000E-04
1.6023E-05 2.0000E-04
1.4301E-05 2.0000E-04
1.2397E-05 2.0000E-04
1.3856E-05 2.0000E-04
1.5019E-05 2.0000E-04
1.2675E-05 2.0000E-04
1.2555E-05 2.0000E-04
1.6833E-05 2.0000E-04
1.2120E-05 2.0000E-04
1.1364E-05 2.0000E-04
1.6348E-05 2.0000E-04
1.2698E-05 2.0000E-04
1.0273E-05 2.0000E-04
1.3707E-05 2.0000E-04
1.5185E-05 2.0000E-04
1.1454E-05 2.0000E-04
1.2519E-05 2.0000E-04
1.6926E-05 2.0000E-04
1.2113E-05 2.0000E-04
1.1438E-05 2.0000E-04
1.4170E-05 2.0000E-04
1.1249E-05 2.0000E-04
1.4572E-05 2.0000E-04
1.5529E-05 2.0000E-04
1.0175E-05 2.0000E-04
9.0569E-06 2.0000E-04
1.1214E-05 2.0000E-04
1.1061E-05 2.0000E-04
1.5291E-05 2.0000E-04
9.5335E-06 2.0000E-04
8.5163E-06 2.0000E-04
1.0927E-05 2.0000E-04
1.0538E-05 2.0000E-04
8.8614E-06 2.0000E-04
8.4932E-06 2.0000E-04
1.0300E-05 2.0000E-04
9.6736E-06 2.0000E-04
9.3858E-06 2.0000E-04
8.3799E-06 2.0000E-04
