429.5
192.4
174.2
165.8
164.2
186.0
161.9
193.6
172.8
173.0
171.6
173.6
192.7
168.7
174.5
163.3
188.5
170.0
171.7
161.8
172.5
175.9
188.1
193.7
195.0
192.6
188.5
202.8
204.4
189.3
185.8
180.6
179.5
162.2
161.7
188.9
171.8
171.6
177.9
159.6
171.0
171.6
171.6
179.5
174.0
158.8
164.1
164.6
168.8
178.1
176.7
164.8
162.3
172.2
175.0
165.4
190.3
194.4
169.1
171.1
162.3
161.8
187.4
174.5
167.2
176.5
172.4
172.2
161.5
164.2
169.1
196.0
190.7
183.9
195.6
165.0
160.9
182.8
162.4
161.7
168.4
207.7
188.5
166.2
198.8
164.5
180.1
170.4
162.0
165.8
162.0
162.8
182.8
172.8
173.8
187.0
180.2
166.4
183.1
162.8
164.5
162.0
167.9
184.1
168.6
163.7
169.9
169.2
166.1
184.5
167.2
166.2
162.6
176.7
189.8
178.7
159.4
163.6
163.0
161.8
162.6
163.2
173.6
181.6
183.5
162.2
165.2
169.0
163.8
161.9
165.3
178.2
178.9
163.8
164.2
171.2
182.9
177.2
164.3
162.4
160.7
165.0
181.2
185.0
164.5
162.3
162.0
165.7
182.8
198.1
197.7
174.3
165.6
168.1
165.8
166.7
171.5
189.2
164.2
164.1
169.3
179.6
182.2
162.1
163.0
168.8
188.4
166.5
163.6
160.1
164.3
162.7
162.2
162.3
177.8
163.8
163.8
160.9
160.4
165.0
165.3
197.5
179.0
165.2
178.6
165.0
165.1
163.0
165.7
164.3
184.0
179.7
164.1
162.9
164.4
164.6
171.3
161.5
162.4
190.4
163.4
163.1
162.3
165.4
167.6
164.8
164.8
163.2
163.8
180.1
170.9
162.2
159.8
164.0
167.8
170.7
168.3
162.7
171.1
186.1
162.1
162.9
166.4
163.3
167.0
164.1
179.1
161.4
161.4
164.9
