Energy     Target
1.7978E-02 6.6667E-07
1.5820E-01 6.6667E-07
2.4727E-01 6.6667E-07
2.2287E-01 6.6667E-07
1.5678E-01 6.6667E-07
1.1434E-01 6.6667E-07
8.9191E-02 6.6667E-07
7.4122E-02 6.6667E-07
6.5356E-02 6.6667E-07
5.9517E-02 6.6667E-07
5.5475E-02 6.6667E-07
5.3316E-02 6.6667E-07
5.0362E-02 6.6667E-07
4.8060E-02 6.6667E-07
4.6672E-02 6.6667E-07
4.3528E-02 6.6667E-07
4.2997E-02 6.6667E-07
4.0770E-02 6.6667E-07
3.9267E-02 6.6667E-07
3.7487E-02 6.6667E-07
3.5552E-02 6.6667E-07
3.4182E-02 6.6667E-07
3.2225E-02 6.6667E-07
3.0624E-02 6.6667E-07
2.9178E-02 6.6667E-07
2.7522E-02 6.6667E-07
2.5816E-02 6.6667E-07
2.4791E-02 6.6667E-07
2.3263E-02 6.6667E-07
2.2039E-02 6.6667E-07
2.0991E-02 6.6667E-07
1.9814E-02 6.6667E-07
1.8809E-02 6.6667E-07
1.7816E-02 6.6667E-07
1.6975E-02 6.6667E-07
1.6035E-02 6.6667E-07
1.5543E-02 6.6667E-07
1.5002E-02 6.6667E-07
1.4507E-02 6.6667E-07
1.4228E-02 6.6667E-07
1.3752E-02 6.6667E-07
1.3617E-02 6.6667E-07
1.3251E-02 6.6667E-07
1.3206E-02 6.6667E-07
1.2587E-02 6.6667E-07
1.2949E-02 6.6667E-07
1.2071E-02 6.6667E-07
1.2737E-02 6.6667E-07
1.2145E-02 6.6667E-07
1.2629E-02 6.6667E-07
1.2298E-02 6.6667E-07
1.2801E-02 6.6667E-07
1.2528E-02 6.6667E-07
1.3303E-02 6.6667E-07
1.2577E-02 6.6667E-07
1.3536E-02 6.6667E-07
1.2756E-02 6.6667E-07
1.3780E-02 6.6667E-07
1.2624E-02 6.6667E-07
1.3518E-02 6.6667E-07
1.2410E-02 6.6667E-07
1.2838E-02 6.6667E-07
1.1744E-02 6.6667E-07
1.1804E-02 6.6667E-07
1.0807E-02 6.6667E-07
1.0830E-02 6.6667E-07
1.0141E-02 6.6667E-07
9.8453E-03 6.6667E-07
9.5007E-03 6.6667E-07
9.0922E-03 6.6667E-07
8.8526E-03 6.6667E-07
8.5985E-03 6.6667E-07
8.4277E-03 6.6667E-07
8.3322E-03 6.6667E-07
8.1547E-03 6.6667E-07
8.0837E-03 6.6667E-07
8.0391E-03 6.6667E-07
7.9283E-03 6.6667E-07
7.8919E-03 6.6667E-07
7.8642E-03 6.6667E-07
7.7240E-03 6.6667E-07
7.7634E-03 6.6667E-07
7.6333E-03 6.6667E-07
7.6283E-03 6.6667E-07
7.5239E-03 6.6667E-07
7.4967E-03 6.6667E-07
7.3332E-03 6.6667E-07
7.3182E-03 6.6667E-07
6.9222E-03 6.6667E-07
7.1712E-03 6.6667E-07
6.6395E-03 6.6667E-07
6.7846E-03 6.6667E-07
6.5342E-03 6.6667E-07
6.5826E-03 6.6667E-07
6.4127E-03 6.6667E-07
6.5730E-03 6.6667E-07
6.4040E-03 6.6667E-07
6.7112E-03 6.6667E-07
6.5000E-03 6.6667E-07
6.8410E-03 6.6667E-07
6.6418E-03 6.6667E-07
6.8798E-03 6.6667E-07
6.7450E-03 6.6667E-07
6.7920E-03 6.6667E-07
6.5811E-03 6.6667E-07
6.6665E-03 6.6667E-07
6.0926E-03 6.6667E-07
6.6603E-03 6.6667E-07
5.3631E-03 6.6667E-07
6.6997E-03 6.6667E-07
5.1883E-03 6.6667E-07
6.5183E-03 6.6667E-07
5.3784E-03 6.6667E-07
6.6952E-03 6.6667E-07
5.8801E-03 6.6667E-07
6.8806E-03 6.6667E-07
6.0984E-03 6.6667E-07
6.7326E-03 6.6667E-07
5.9711E-03 6.6667E-07
6.3743E-03 6.6667E-07
5.6160E-03 6.6667E-07
5.9001E-03 6.6667E-07
5.1348E-03 6.6667E-07
5.4306E-03 6.6667E-07
4.5707E-03 6.6667E-07
4.9676E-03 6.6667E-07
4.0602E-03 6.6667E-07
4.6541E-03 6.6667E-07
3.9385E-03 6.6667E-07
4.6990E-03 6.6667E-07
4.1875E-03 6.6667E-07
5.1283E-03 6.6667E-07
4.2935E-03 6.6667E-07
5.7280E-03 6.6667E-07
5.0395E-03 6.6667E-07
6.2077E-03 6.6667E-07
5.0658E-03 6.6667E-07
5.9439E-03 6.6667E-07
4.5642E-03 6.6667E-07
5.2865E-03 6.6667E-07
4.1836E-03 6.6667E-07
4.5711E-03 6.6667E-07
4.1400E-03 6.6667E-07
4.2434E-03 6.6667E-07
3.9092E-03 6.6667E-07
4.1911E-03 6.6667E-07
3.6934E-03 6.6667E-07
4.1540E-03 6.6667E-07
3.4245E-03 6.6667E-07
4.2973E-03 6.6667E-07
3.3007E-03 6.6667E-07
4.2624E-03 6.6667E-07
3.3995E-03 6.6667E-07
4.4257E-03 6.6667E-07
3.6681E-03 6.6667E-07
4.9929E-03 6.6667E-07
3.9256E-03 6.6667E-07
5.3043E-03 6.6667E-07
3.7472E-03 6.6667E-07
5.3675E-03 6.6667E-07
3.2696E-03 6.6667E-07
4.8613E-03 6.6667E-07
3.1121E-03 6.6667E-07
4.2779E-03 6.6667E-07
3.4350E-03 6.6667E-07
3.9436E-03 6.6667E-07
3.4554E-03 6.6667E-07
3.7126E-03 6.6667E-07
3.2825E-03 6.6667E-07
3.6064E-03 6.6667E-07
2.9043E-03 6.6667E-07
3.4346E-03 6.6667E-07
2.4650E-03 6.6667E-07
3.4386E-03 6.6667E-07
2.5187E-03 6.6667E-07
3.9283E-03 6.6667E-07
2.9591E-03 6.6667E-07
4.1176E-03 6.6667E-07
3.3001E-03 6.6667E-07
2.5199E-03 6.6667E-07
2.3672E-03 6.6667E-07
2.3257E-03 6.6667E-07
2.6132E-03 6.6667E-07
2.5914E-03 6.6667E-07
3.1425E-03 6.6667E-07
2.3691E-03 6.6667E-07
3.1099E-03 6.6667E-07
1.5671E-03 6.6667E-07
2.2181E-03 6.6667E-07
1.9832E-03 6.6667E-07
2.4115E-03 6.6667E-07
2.5170E-03 6.6667E-07
2.3749E-03 6.6667E-07
2.2791E-03 6.6667E-07
2.4964E-03 6.6667E-07
2.2829E-03 6.6667E-07
2.6312E-03 6.6667E-07
2.5401E-03 6.6667E-07
2.5522E-03 6.6667E-07
2.1770E-03 6.6667E-07
2.8191E-03 6.6667E-07
1.5229E-03 6.6667E-07
2.7240E-03 6.6667E-07
1.8138E-03 6.6667E-07
2.8282E-03 6.6667E-07
1.7765E-03 6.6667E-07
2.7166E-03 6.6667E-07
2.7594E-03 6.6667E-07
2.4465E-03 6.6667E-07
1.8384E-03 6.6667E-07
2.1069E-03 6.6667E-07
1.6786E-03 6.6667E-07
2.2992E-03 6.6667E-07
1.9504E-03 6.6667E-07
2.9659E-03 6.6667E-07
2.2341E-03 6.6667E-07
2.7947E-03 6.6667E-07
1.6451E-03 6.6667E-07
2.5521E-03 6.6667E-07
1.9442E-03 6.6667E-07
2.5205E-03 6.6667E-07
2.1115E-03 6.6667E-07
2.4127E-03 6.6667E-07
2.2567E-03 6.6667E-07
2.4351E-03 6.6667E-07
2.0185E-03 6.6667E-07
2.3330E-03 6.6667E-07
1.5585E-03 6.6667E-07
2.4139E-03 6.6667E-07
2.1233E-03 6.6667E-07
2.4003E-03 6.6667E-07
2.1567E-03 6.6667E-07
2.0308E-03 6.6667E-07
1.8263E-03 6.6667E-07
1.8743E-03 6.6667E-07
1.7855E-03 6.6667E-07
1.4819E-03 6.6667E-07
1.7422E-03 6.6667E-07
1.6620E-03 6.6667E-07
1.2920E-03 6.6667E-07
1.7344E-03 6.6667E-07
1.4781E-03 6.6667E-07
1.7338E-03 6.6667E-07
1.6437E-03 6.6667E-07
1.5598E-03 6.6667E-07
1.3889E-03 6.6667E-07
1.4656E-03 6.6667E-07
1.5330E-03 6.6667E-07
1.7945E-03 6.6667E-07
1.8680E-03 6.6667E-07
2.2836E-03 6.6667E-07
1.9548E-03 6.6667E-07
2.4021E-03 6.6667E-07
1.7608E-03 6.6667E-07
2.1337E-03 6.6667E-07
8.8312E-04 6.6667E-07
1.9670E-03 6.6667E-07
1.9159E-03 6.6667E-07
1.4690E-03 6.6667E-07
1.3906E-03 6.6667E-07
1.2621E-03 6.6667E-07
1.3930E-03 6.6667E-07
1.5850E-03 6.6667E-07
1.5213E-03 6.6667E-07
1.4660E-03 6.6667E-07
1.6839E-03 6.6667E-07
1.3805E-03 6.6667E-07
2.0546E-03 6.6667E-07
1.4843E-03 6.6667E-07
1.3016E-03 6.6667E-07
1.4858E-03 6.6667E-07
1.7583E-03 6.6667E-07
1.5197E-03 6.6667E-07
1.3756E-03 6.6667E-07
1.4406E-03 6.6667E-07
1.5231E-03 6.6667E-07
1.4084E-03 6.6667E-07
1.7436E-03 6.6667E-07
1.9741E-03 6.6667E-07
1.2413E-03 6.6667E-07
1.5036E-03 6.6667E-07
1.8591E-03 6.6667E-07
1.4434E-03 6.6667E-07
1.5635E-03 6.6667E-07
1.4187E-03 6.6667E-07
1.5467E-03 6.6667E-07
1.3745E-03 6.6667E-07
1.8199E-03 6.6667E-07
1.2142E-03 6.6667E-07
2.0173E-03 6.6667E-07
9.4493E-04 6.6667E-07
1.8088E-03 6.6667E-07
1.4290E-03 6.6667E-07
1.1773E-03 6.6667E-07
1.6216E-03 6.6667E-07
1.3547E-03 6.6667E-07
1.6507E-03 6.6667E-07
1.3721E-03 6.6667E-07
1.2947E-03 6.6667E-07
1.1667E-03 6.6667E-07
1.3102E-03 6.6667E-07
1.1760E-03 6.6667E-07
9.0072E-04 6.6667E-07
8.4014E-04 6.6667E-07
9.6216E-04 6.6667E-07
1.1384E-03 6.6667E-07
8.4643E-04 6.6667E-07
8.9939E-04 6.6667E-07
1.1804E-03 6.6667E-07
9.3713E-04 6.6667E-07
9.9094E-04 6.6667E-07
1.0813E-03 6.6667E-07
8.6113E-04 6.6667E-07
8.3487E-04 6.6667E-07
5.8631E-04 6.6667E-07
9.6323E-04 6.6667E-07
7.4446E-04 6.6667E-07
6.4236E-04 6.6667E-07
6.7938E-04 6.6667E-07
9.0123E-04 6.6667E-07
8.6338E-04 6.6667E-07
7.0398E-04 6.6667E-07
9.1525E-04 6.6667E-07
7.7779E-04 6.6667E-07
9.3373E-04 6.6667E-07
7.6783E-04 6.6667E-07
8.2434E-04 6.6667E-07
6.6483E-04 6.6667E-07
1.1488E-03 6.6667E-07
7.6231E-04 6.6667E-07
8.0210E-04 6.6667E-07
9.4955E-04 6.6667E-07
8.5287E-04 6.6667E-07
8.9465E-04 6.6667E-07
1.0633E-03 6.6667E-07
1.0198E-03 6.6667E-07
9.3120E-04 6.6667E-07
1.2152E-03 6.6667E-07
6.9608E-04 6.6667E-07
7.1755E-04 6.6667E-07
9.6596E-04 6.6667E-07
1.2977E-03 6.6667E-07
1.0070E-03 6.6667E-07
9.8168E-04 6.6667E-07
1.1171E-03 6.6667E-07
1.0401E-03 6.6667E-07
9.2191E-04 6.6667E-07
7.9766E-04 6.6667E-07
8.3870E-04 6.6667E-07
5.8559E-04 6.6667E-07
6.4136E-04 6.6667E-07
7.6460E-04 6.6667E-07
5.9253E-04 6.6667E-07
7.1687E-04 6.6667E-07
5.7725E-04 6.6667E-07
5.6540E-04 6.6667E-07
5.3178E-04 6.6667E-07
5.6595E-04 6.6667E-07
5.7670E-04 6.6667E-07
4.6343E-04 6.6667E-07
5.7925E-04 6.6667E-07
4.8128E-04 6.6667E-07
4.9315E-04 6.6667E-07
5.8815E-04 6.6667E-07
4.4021E-04 6.6667E-07
6.6695E-04 6.6667E-07
5.8720E-04 6.6667E-07
5.0076E-04 6.6667E-07
4.7483E-04 6.6667E-07
5.8207E-04 6.6667E-07
5.8762E-04 6.6667E-07
5.1345E-04 6.6667E-07
5.8238E-04 6.6667E-07
5.4862E-04 6.6667E-07
5.6204E-04 6.6667E-07
5.6951E-04 6.6667E-07
4.2639E-04 6.6667E-07
5.3467E-04 6.6667E-07
7.2375E-04 6.6667E-07
4.7069E-04 6.6667E-07
5.7230E-04 6.6667E-07
8.4717E-04 6.6667E-07
6.0981E-04 6.6667E-07
4.5055E-04 6.6667E-07
7.1996E-04 6.6667E-07
6.1381E-04 6.6667E-07
8.5896E-04 6.6667E-07
8.6102E-04 6.6667E-07
9.2862E-04 6.6667E-07
7.9126E-04 6.6667E-07
7.8639E-04 6.6667E-07
7.0427E-04 6.6667E-07
4.8477E-04 6.6667E-07
7.2480E-04 6.6667E-07
5.9618E-04 6.6667E-07
8.1402E-04 6.6667E-07
7.9595E-04 6.6667E-07
9.0892E-04 6.6667E-07
8.7666E-04 6.6667E-07
1.0088E-03 6.6667E-07
8.1755E-04 6.6667E-07
9.7018E-04 6.6667E-07
9.5207E-04 6.6667E-07
5.8411E-04 6.6667E-07
6.0733E-04 6.6667E-07
7.2116E-04 6.6667E-07
6.7055E-04 6.6667E-07
6.1032E-04 6.6667E-07
7.1721E-04 6.6667E-07
6.3451E-04 6.6667E-07
5.7166E-04 6.6667E-07
6.0217E-04 6.6667E-07
6.9011E-04 6.6667E-07
7.0587E-04 6.6667E-07
5.8267E-04 6.6667E-07
4.7690E-04 6.6667E-07
6.2801E-04 6.6667E-07
5.9557E-04 6.6667E-07
5.4312E-04 6.6667E-07
4.5658E-04 6.6667E-07
4.9941E-04 6.6667E-07
4.1831E-04 6.6667E-07
3.7652E-04 6.6667E-07
4.1021E-04 6.6667E-07
4.2866E-04 6.6667E-07
3.7484E-04 6.6667E-07
3.2894E-04 6.6667E-07
4.5301E-04 6.6667E-07
3.4481E-04 6.6667E-07
2.7959E-04 6.6667E-07
3.9072E-04 6.6667E-07
2.5484E-04 6.6667E-07
3.2749E-04 6.6667E-07
4.5664E-04 6.6667E-07
2.8245E-04 6.6667E-07
3.1357E-04 6.6667E-07
4.7921E-04 6.6667E-07
2.8710E-04 6.6667E-07
2.3643E-04 6.6667E-07
4.0055E-04 6.6667E-07
2.6996E-04 6.6667E-07
4.1327E-04 6.6667E-07
3.4653E-04 6.6667E-07
2.5961E-04 6.6667E-07
3.3743E-04 6.6667E-07
2.7301E-04 6.6667E-07
3.5122E-04 6.6667E-07
3.2690E-04 6.6667E-07
2.7647E-04 6.6667E-07
3.8266E-04 6.6667E-07
4.2228E-04 6.6667E-07
4.1818E-04 6.6667E-07
3.1663E-04 6.6667E-07
4.5944E-04 6.6667E-07
4.2273E-04 6.6667E-07
4.1027E-04 6.6667E-07
3.7988E-04 6.6667E-07
3.6659E-04 6.6667E-07
3.2400E-04 6.6667E-07
3.6585E-04 6.6667E-07
3.4636E-04 6.6667E-07
3.2060E-04 6.6667E-07
4.6825E-04 6.6667E-07
3.6930E-04 6.6667E-07
3.4616E-04 6.6667E-07
3.2873E-04 6.6667E-07
3.8148E-04 6.6667E-07
4.0354E-04 6.6667E-07
3.9467E-04 6.6667E-07
2.6402E-04 6.6667E-07
2.5561E-04 6.6667E-07
3.4124E-04 6.6667E-07
3.6953E-04 6.6667E-07
2.7872E-04 6.6667E-07
3.0600E-04 6.6667E-07
3.4898E-04 6.6667E-07
3.0908E-04 6.6667E-07
2.7820E-04 6.6667E-07
3.1304E-04 6.6667E-07
3.2004E-04 6.6667E-07
2.9482E-04 6.6667E-07
2.8069E-04 6.6667E-07
3.6001E-04 6.6667E-07
2.5651E-04 6.6667E-07
2.8943E-04 6.6667E-07
2.9935E-04 6.6667E-07
2.2209E-04 6.6667E-07
3.4141E-04 6.6667E-07
3.3665E-04 6.6667E-07
2.6839E-04 6.6667E-07
2.5696E-04 6.6667E-07
3.4987E-04 6.6667E-07
3.0098E-04 6.6667E-07
2.4774E-04 6.6667E-07
3.2620E-04 6.6667E-07
2.4849E-04 6.6667E-07
3.0128E-04 6.6667E-07
3.7755E-04 6.6667E-07
1.9643E-04 6.6667E-07
2.1913E-04 6.6667E-07
3.2034E-04 6.6667E-07
2.3420E-04 6.6667E-07
2.2529E-04 6.6667E-07
3.2581E-04 6.6667E-07
2.0264E-04 6.6667E-07
2.4155E-04 6.6667E-07
2.4349E-04 6.6667E-07
1.9821E-04 6.6667E-07
2.4912E-04 6.6667E-07
2.6878E-04 6.6667E-07
1.9953E-04 6.6667E-07
2.0835E-04 6.6667E-07
1.6421E-04 6.6667E-07
2.4551E-04 6.6667E-07
1.4601E-04 6.6667E-07
1.4008E-04 6.6667E-07
1.9287E-04 6.6667E-07
2.3167E-04 6.6667E-07
1.6776E-04 6.6667E-07
2.1703E-04 6.6667E-07
2.0703E-04 6.6667E-07
2.1048E-04 6.6667E-07
1.6932E-04 6.6667E-07
1.9652E-04 6.6667E-07
2.1452E-04 6.6667E-07
1.9452E-04 6.6667E-07
1.5305E-04 6.6667E-07
1.8034E-04 6.6667E-07
1.5486E-04 6.6667E-07
2.7550E-04 6.6667E-07
2.2346E-04 6.6667E-07
1.9872E-04 6.6667E-07
3.3706E-04 6.6667E-07
1.9481E-04 6.6667E-07
2.4757E-04 6.6667E-07
2.3242E-04 6.6667E-07
3.1258E-04 6.6667E-07
3.0043E-04 6.6667E-07
2.5187E-04 6.6667E-07
3.4198E-04 6.6667E-07
3.6943E-04 6.6667E-07
3.1294E-04 6.6667E-07
2.8911E-04 6.6667E-07
3.2806E-04 6.6667E-07
3.1924E-04 6.6667E-07
3.0339E-04 6.6667E-07
2.6360E-04 6.6667E-07
2.9351E-04 6.6667E-07
3.6979E-04 6.6667E-07
3.5156E-04 6.6667E-07
3.3154E-04 6.6667E-07
3.3658E-04 6.6667E-07
3.0983E-04 6.6667E-07
3.8339E-04 6.6667E-07
4.1344E-04 6.6667E-07
3.2428E-04 6.6667E-07
4.2532E-04 6.6667E-07
5.2514E-04 6.6667E-07
4.6854E-04 6.6667E-07
4.1169E-04 6.6667E-07
4.6533E-04 6.6667E-07
3.3769E-04 6.6667E-07
4.6263E-04 6.6667E-07
5.3242E-04 6.6667E-07
3.3596E-04 6.6667E-07
5.4565E-04 6.6667E-07
3.4049E-04 6.6667E-07
4.0720E-04 6.6667E-07
3.8200E-04 6.6667E-07
3.4864E-04 6.6667E-07
1.4194E-04 6.6667E-07
5.7440E-04 6.6667E-07
2.5601E-04 6.6667E-07
3.2667E-04 6.6667E-07
4.0289E-04 6.6667E-07
4.2842E-04 6.6667E-07
3.4709E-04 6.6667E-07
3.3827E-04 6.6667E-07
4.3800E-04 6.6667E-07
4.4958E-04 6.6667E-07
3.2840E-04 6.6667E-07
3.9380E-04 6.6667E-07
2.5010E-04 6.6667E-07
4.0484E-04 6.6667E-07
4.4286E-04 6.6667E-07
2.8785E-04 6.6667E-07
5.1094E-04 6.6667E-07
3.4448E-04 6.6667E-07
3.6072E-04 6.6667E-07
3.0876E-04 6.6667E-07
2.9144E-04 6.6667E-07
3.0701E-04 6.6667E-07
3.4361E-04 6.6667E-07
2.7057E-04 6.6667E-07
2.3333E-04 6.6667E-07
3.1180E-04 6.6667E-07
3.0191E-04 6.6667E-07
3.0685E-04 6.6667E-07
2.7103E-04 6.6667E-07
3.7318E-04 6.6667E-07
2.7691E-04 6.6667E-07
2.3542E-04 6.6667E-07
2.3291E-04 6.6667E-07
2.1728E-04 6.6667E-07
2.6850E-04 6.6667E-07
2.8732E-04 6.6667E-07
2.2400E-04 6.6667E-07
2.9138E-04 6.6667E-07
3.2904E-04 6.6667E-07
2.6537E-04 6.6667E-07
2.8637E-04 6.6667E-07
3.2472E-04 6.6667E-07
2.6896E-04 6.6667E-07
3.2755E-04 6.6667E-07
2.6570E-04 6.6667E-07
2.4625E-04 6.6667E-07
3.5671E-05 6.6667E-07
3.3056E-04 6.6667E-07
1.6698E-04 6.6667E-07
2.2918E-04 6.6667E-07
2.8260E-04 6.6667E-07
3.1953E-04 6.6667E-07
2.7427E-04 6.6667E-07
2.7432E-04 6.6667E-07
2.3822E-04 6.6667E-07
2.5369E-04 6.6667E-07
2.9234E-04 6.6667E-07
1.8386E-04 6.6667E-07
2.3671E-04 6.6667E-07
2.4937E-04 6.6667E-07
1.8500E-04 6.6667E-07
1.5483E-04 6.6667E-07
2.9886E-04 6.6667E-07
1.7424E-04 6.6667E-07
2.1824E-04 6.6667E-07
3.0595E-04 6.6667E-07
1.9848E-04 6.6667E-07
1.8621E-04 6.6667E-07
2.9533E-04 6.6667E-07
1.4799E-04 6.6667E-07
2.2640E-04 6.6667E-07
2.9419E-04 6.6667E-07
2.0108E-04 6.6667E-07
3.5889E-04 6.6667E-07
3.0331E-04 6.6667E-07
2.2267E-04 6.6667E-07
2.6928E-04 6.6667E-07
1.8794E-04 6.6667E-07
2.7262E-04 6.6667E-07
2.8364E-04 6.6667E-07
2.2973E-04 6.6667E-07
2.7381E-04 6.6667E-07
3.0091E-04 6.6667E-07
1.5963E-04 6.6667E-07
1.8987E-04 6.6667E-07
2.1961E-04 6.6667E-07
1.7487E-04 6.6667E-07
2.2340E-04 6.6667E-07
1.6655E-04 6.6667E-07
1.7951E-04 6.6667E-07
2.7891E-04 6.6667E-07
1.5579E-04 6.6667E-07
1.4516E-04 6.6667E-07
2.3752E-04 6.6667E-07
1.1421E-04 6.6667E-07
1.5514E-04 6.6667E-07
2.8704E-04 6.6667E-07
1.6350E-04 6.6667E-07
2.8460E-04 6.6667E-07
2.4797E-04 6.6667E-07
2.7164E-04 6.6667E-07
2.8049E-04 6.6667E-07
2.8952E-04 6.6667E-07
3.2692E-04 6.6667E-07
3.3395E-04 6.6667E-07
3.3370E-04 6.6667E-07
3.2987E-04 6.6667E-07
4.1577E-04 6.6667E-07
4.6447E-04 6.6667E-07
5.4753E-04 6.6667E-07
4.0164E-04 6.6667E-07
4.4533E-04 6.6667E-07
4.2358E-04 6.6667E-07
4.8725E-04 6.6667E-07
5.0781E-04 6.6667E-07
4.6168E-04 6.6667E-07
4.4195E-04 6.6667E-07
6.2923E-04 6.6667E-07
4.5665E-04 6.6667E-07
3.6782E-04 6.6667E-07
5.3418E-04 6.6667E-07
4.1438E-04 6.6667E-07
3.8297E-04 6.6667E-07
6.9821E-04 6.6667E-07
3.6962E-04 6.6667E-07
3.9703E-04 6.6667E-07
5.8981E-04 6.6667E-07
3.2922E-04 6.6667E-07
5.2090E-04 6.6667E-07
4.4975E-04 6.6667E-07
4.2291E-04 6.6667E-07
3.6590E-04 6.6667E-07
3.3797E-04 6.6667E-07
3.6017E-04 6.6667E-07
2.7463E-04 6.6667E-07
2.8770E-04 6.6667E-07
2.8341E-04 6.6667E-07
2.5933E-04 6.6667E-07
2.8473E-04 6.6667E-07
2.1631E-04 6.6667E-07
3.0369E-04 6.6667E-07
2.8002E-04 6.6667E-07
2.2306E-04 6.6667E-07
2.1215E-04 6.6667E-07
2.5788E-04 6.6667E-07
2.1826E-04 6.6667E-07
1.6263E-04 6.6667E-07
2.5750E-04 6.6667E-07
1.4780E-04 6.6667E-07
2.1150E-04 6.6667E-07
2.4018E-04 6.6667E-07
1.3047E-04 6.6667E-07
2.1915E-04 6.6667E-07
1.8562E-04 6.6667E-07
2.1956E-04 6.6667E-07
1.6319E-04 6.6667E-07
1.7101E-04 6.6667E-07
2.0818E-04 6.6667E-07
2.1090E-04 6.6667E-07
1.7291E-04 6.6667E-07
1.7419E-04 6.6667E-07
1.5318E-04 6.6667E-07
2.2822E-04 6.6667E-07
1.3956E-04 6.6667E-07
1.5244E-04 6.6667E-07
2.0335E-04 6.6667E-07
2.2286E-04 6.6667E-07
1.8722E-04 6.6667E-07
1.8646E-04 6.6667E-07
2.2575E-04 6.6667E-07
2.1049E-04 6.6667E-07
2.0871E-04 6.6667E-07
1.1715E-04 6.6667E-07
2.5064E-04 6.6667E-07
1.4762E-04 6.6667E-07
2.7360E-04 6.6667E-07
2.0777E-04 6.6667E-07
9.5335E-05 6.6667E-07
3.8067E-04 6.6667E-07
1.0942E-04 6.6667E-07
1.6455E-04 6.6667E-07
2.1544E-04 6.6667E-07
2.2817E-04 6.6667E-07
2.1180E-04 6.6667E-07
1.6205E-04 6.6667E-07
2.5659E-04 6.6667E-07
9.8009E-05 6.6667E-07
2.2340E-04 6.6667E-07
1.4237E-04 6.6667E-07
1.3558E-04 6.6667E-07
2.0717E-04 6.6667E-07
1.4072E-04 6.6667E-07
2.0596E-04 6.6667E-07
1.3149E-04 6.6667E-07
1.5294E-04 6.6667E-07
1.8156E-04 6.6667E-07
1.9973E-04 6.6667E-07
1.1648E-04 6.6667E-07
1.3898E-04 6.6667E-07
1.2440E-04 6.6667E-07
1.6054E-04 6.6667E-07
1.2860E-04 6.6667E-07
9.9339E-05 6.6667E-07
1.1543E-04 6.6667E-07
1.0205E-04 6.6667E-07
9.6059E-05 6.6667E-07
7.8708E-05 6.6667E-07
9.6161E-05 6.6667E-07
5.4845E-05 6.6667E-07
9.9807E-05 6.6667E-07
5.0669E-05 6.6667E-07
5.1391E-05 6.6667E-07
6.6542E-05 6.6667E-07
7.2954E-05 6.6667E-07
5.5028E-05 6.6667E-07
6.1274E-05 6.6667E-07
5.0288E-05 6.6667E-07
5.3349E-05 6.6667E-07
4.8794E-05 6.6667E-07
4.1570E-05 6.6667E-07
4.8179E-05 6.6667E-07
5.7988E-05 6.6667E-07
3.5147E-05 6.6667E-07
4.5780E-05 6.6667E-07
2.3245E-05 6.6667E-07
6.0317E-05 6.6667E-07
3.0224E-05 6.6667E-07
3.4587E-05 6.6667E-07
5.4242E-05 6.6667E-07
3.7655E-05 6.6667E-07
5.3410E-05 6.6667E-07
3.9450E-05 6.6667E-07
4.8767E-05 6.6667E-07
4.2247E-05 6.6667E-07
6.1189E-05 6.6667E-07
4.1899E-05 6.6667E-07
3.8222E-05 6.6667E-07
5.8001E-05 6.6667E-07
5.8252E-05 6.6667E-07
5.8479E-05 6.6667E-07
5.5284E-05 6.6667E-07
4.2809E-05 6.6667E-07
7.1566E-05 6.6667E-07
6.6265E-05 6.6667E-07
5.1575E-05 6.6667E-07
6.7917E-05 6.6667E-07
5.6213E-05 6.6667E-07
7.8516E-05 6.6667E-07
6.8790E-05 6.6667E-07
5.8635E-05 6.6667E-07
7.7956E-05 6.6667E-07
9.8806E-05 6.6667E-07
9.1059E-05 6.6667E-07
8.6434E-05 6.6667E-07
9.6065E-05 6.6667E-07
1.0897E-04 6.6667E-07
1.0469E-04 6.6667E-07
7.7408E-05 6.6667E-07
1.1115E-04 6.6667E-07
1.4968E-04 6.6667E-07
1.2033E-04 6.6667E-07
1.0951E-04 6.6667E-07
1.7714E-04 6.6667E-07
6.9682E-05 6.6667E-07
1.4581E-04 6.6667E-07
1.0392E-04 6.6667E-07
1.0798E-04 6.6667E-07
2.5297E-04 6.6667E-07
1.2272E-04 6.6667E-07
1.9374E-04 6.6667E-07
2.1476E-04 6.6667E-07
1.5799E-04 6.6667E-07
1.0259E-04 6.6667E-07
3.4873E-04 6.6667E-07
1.8819E-04 6.6667E-07
2.4709E-04 6.6667E-07
2.2081E-04 6.6667E-07
8.5115E-05 6.6667E-07
4.8897E-04 6.6667E-07
1.3100E-04 6.6667E-07
2.2776E-04 6.6667E-07
1.2958E-04 6.6667E-07
2.6174E-04 6.6667E-07
2.0252E-04 6.6667E-07
1.9944E-04 6.6667E-07
2.0421E-04 6.6667E-07
1.8180E-04 6.6667E-07
1.9393E-04 6.6667E-07
1.6630E-04 6.6667E-07
2.3012E-04 6.6667E-07
2.2865E-04 6.6667E-07
1.4761E-04 6.6667E-07
2.1888E-04 6.6667E-07
6.6459E-05 6.6667E-07
2.9037E-04 6.6667E-07
1.6454E-04 6.6667E-07
1.8372E-04 6.6667E-07
2.3513E-04 6.6667E-07
2.2188E-04 6.6667E-07
1.6325E-04 6.6667E-07
1.1563E-04 6.6667E-07
1.5374E-04 6.6667E-07
7.4259E-05 6.6667E-07
1.7248E-04 6.6667E-07
6.7803E-05 6.6667E-07
8.8211E-05 6.6667E-07
1.1465E-04 6.6667E-07
6.9735E-05 6.6667E-07
9.6720E-05 6.6667E-07
5.0682E-05 6.6667E-07
6.3360E-05 6.6667E-07
7.7507E-05 6.6667E-07
8.7228E-05 6.6667E-07
5.7051E-05 6.6667E-07
7.3330E-05 6.6667E-07
6.5013E-05 6.6667E-07
8.8598E-05 6.6667E-07
6.2853E-05 6.6667E-07
6.3157E-05 6.6667E-07
8.7950E-05 6.6667E-07
9.3717E-05 6.6667E-07
7.3785E-05 6.6667E-07
1.0077E-04 6.6667E-07
6.6745E-05 6.6667E-07
7.8987E-05 6.6667E-07
1.3943E-04 6.6667E-07
6.8453E-05 6.6667E-07
6.6628E-05 6.6667E-07
1.5589E-04 6.6667E-07
6.0163E-05 6.6667E-07
6.1278E-05 6.6667E-07
1.5850E-04 6.6667E-07
6.3568E-05 6.6667E-07
8.1760E-05 6.6667E-07
1.1826E-04 6.6667E-07
8.9686E-05 6.6667E-07
5.3134E-05 6.6667E-07
7.9305E-05 6.6667E-07
9.8463E-05 6.6667E-07
1.0010E-04 6.6667E-07
1.0672E-04 6.6667E-07
7.1205E-05 6.6667E-07
9.6606E-05 6.6667E-07
3.8503E-05 6.6667E-07
9.3820E-05 6.6667E-07
6.4785E-05 6.6667E-07
5.5856E-05 6.6667E-07
9.4958E-05 6.6667E-07
6.2880E-05 6.6667E-07
7.8534E-05 6.6667E-07
4.5906E-05 6.6667E-07
4.8789E-05 6.6667E-07
7.0597E-05 6.6667E-07
6.3436E-05 6.6667E-07
6.0588E-05 6.6667E-07
4.6292E-05 6.6667E-07
7.1955E-05 6.6667E-07
5.5780E-05 6.6667E-07
5.3659E-05 6.6667E-07
3.9929E-05 6.6667E-07
5.4634E-05 6.6667E-07
4.7865E-05 6.6667E-07
4.7787E-05 6.6667E-07
5.7511E-05 6.6667E-07
4.1747E-05 6.6667E-07
5.6569E-05 6.6667E-07
5.2878E-05 6.6667E-07
5.1479E-05 6.6667E-07
5.1435E-05 6.6667E-07
5.3484E-05 6.6667E-07
4.5376E-05 6.6667E-07
4.1645E-05 6.6667E-07
3.8671E-05 6.6667E-07
4.2651E-05 6.6667E-07
4.2356E-05 6.6667E-07
3.5226E-05 6.6667E-07
3.3097E-05 6.6667E-07
3.8811E-05 6.6667E-07
3.8289E-05 6.6667E-07
3.4935E-05 6.6667E-07
3.3876E-05 6.6667E-07
3.8718E-05 6.6667E-07
4.4618E-05 6.6667E-07
3.6422E-05 6.6667E-07
3.4096E-05 6.6667E-07
4.9551E-05 6.6667E-07
3.2354E-05 6.6667E-07
3.9971E-05 6.6667E-07
4.4457E-05 6.6667E-07
3.2009E-05 6.6667E-07
3.8423E-05 6.6667E-07
4.5280E-05 6.6667E-07
4.2742E-05 6.6667E-07
2.2154E-05 6.6667E-07
5.0790E-05 6.6667E-07
2.9793E-05 6.6667E-07
4.7332E-05 6.6667E-07
3.5920E-05 6.6667E-07
2.5839E-05 6.6667E-07
3.9942E-05 6.6667E-07
5.1561E-05 6.6667E-07
3.8902E-05 6.6667E-07
3.0859E-05 6.6667E-07
3.7644E-05 6.6667E-07
3.4750E-05 6.6667E-07
3.3546E-05 6.6667E-07
4.1616E-05 6.6667E-07
2.6595E-05 6.6667E-07
2.7166E-05 6.6667E-07
3.8506E-05 6.6667E-07
2.3030E-05 6.6667E-07
2.5804E-05 6.6667E-07
4.6250E-05 6.6667E-07
1.8536E-05 6.6667E-07
2.3847E-05 6.6667E-07
2.9067E-05 6.6667E-07
1.8113E-05 6.6667E-07
2.6596E-05 6.6667E-07
2.8884E-05 6.6667E-07
2.5529E-05 6.6667E-07
2.2908E-05 6.6667E-07
2.5896E-05 6.6667E-07
2.3534E-05 6.6667E-07
2.3562E-05 6.6667E-07
1.9310E-05 6.6667E-07
2.7631E-05 6.6667E-07
2.1420E-05 6.6667E-07
2.6138E-05 6.6667E-07
2.0126E-05 6.6667E-07
1.9771E-05 6.6667E-07
1.5924E-05 6.6667E-07
3.5763E-05 6.6667E-07
1.5776E-05 6.6667E-07
2.0208E-05 6.6667E-07
2.5457E-05 6.6667E-07
2.7796E-05 6.6667E-07
2.0765E-05 6.6667E-07
2.2828E-05 6.6667E-07
1.8989E-05 6.6667E-07
2.8442E-05 6.6667E-07
1.7896E-05 6.6667E-07
2.0235E-05 6.6667E-07
1.6147E-05 6.6667E-07
1.8028E-05 6.6667E-07
1.6200E-05 6.6667E-07
1.9765E-05 6.6667E-07
1.6793E-05 6.6667E-07
1.5958E-05 6.6667E-07
2.2110E-05 6.6667E-07
2.2994E-05 6.6667E-07
1.8313E-05 6.6667E-07
2.2393E-05 6.6667E-07
1.9217E-05 6.6667E-07
2.3138E-05 6.6667E-07
2.4510E-05 6.6667E-07
1.8404E-05 6.6667E-07
3.1025E-05 6.6667E-07
3.2311E-05 6.6667E-07
3.3472E-05 6.6667E-07
2.4651E-05 6.6667E-07
2.6852E-05 6.6667E-07
3.3719E-05 6.6667E-07
4.5143E-05 6.6667E-07
3.8706E-05 6.6667E-07
4.5517E-05 6.6667E-07
5.0443E-05 6.6667E-07
4.8711E-05 6.6667E-07
4.9145E-05 6.6667E-07
4.1192E-05 6.6667E-07
6.2896E-05 6.6667E-07
5.3220E-05 6.6667E-07
6.1577E-05 6.6667E-07
7.7641E-05 6.6667E-07
8.2363E-05 6.6667E-07
6.2999E-05 6.6667E-07
4.1024E-05 6.6667E-07
6.6943E-05 6.6667E-07
6.0367E-05 6.6667E-07
7.9870E-05 6.6667E-07
5.8839E-05 6.6667E-07
6.8399E-05 6.6667E-07
6.7581E-05 6.6667E-07
3.7881E-05 6.6667E-07
5.9784E-05 6.6667E-07
7.8321E-05 6.6667E-07
5.5277E-05 6.6667E-07
6.6686E-05 6.6667E-07
6.6602E-05 6.6667E-07
5.4385E-05 6.6667E-07
5.0181E-05 6.6667E-07
5.8311E-05 6.6667E-07
4.4512E-05 6.6667E-07
5.4741E-05 6.6667E-07
5.1939E-05 6.6667E-07
4.2396E-05 6.6667E-07
5.4183E-05 6.6667E-07
5.1753E-05 6.6667E-07
4.1139E-05 6.6667E-07
4.0485E-05 6.6667E-07
3.1594E-05 6.6667E-07
3.7608E-05 6.6667E-07
3.5593E-05 6.6667E-07
2.7242E-05 6.6667E-07
2.9198E-05 6.6667E-07
3.0722E-05 6.6667E-07
2.2910E-05 6.6667E-07
2.0706E-05 6.6667E-07
2.6418E-05 6.6667E-07
1.8244E-05 6.6667E-07
1.9671E-05 6.6667E-07
2.5223E-05 6.6667E-07
1.6474E-05 6.6667E-07
1.2596E-05 6.6667E-07
2.4571E-05 6.6667E-07
1.3061E-05 6.6667E-07
1.6582E-05 6.6667E-07
2.1540E-05 6.6667E-07
1.1310E-05 6.6667E-07
1.2452E-05 6.6667E-07
2.5272E-05 6.6667E-07
1.2669E-05 6.6667E-07
1.1583E-05 6.6667E-07
2.4720E-05 6.6667E-07
1.5641E-05 6.6667E-07
1.9366E-05 6.6667E-07
2.4294E-05 6.6667E-07
1.2873E-05 6.6667E-07
2.3464E-05 6.6667E-07
1.1057E-05 6.6667E-07
3.1860E-05 6.6667E-07
1.7806E-05 6.6667E-07
1.9630E-05 6.6667E-07
3.2403E-05 6.6667E-07
1.7790E-05 6.6667E-07
3.4243E-05 6.6667E-07
2.0128E-05 6.6667E-07
2.5377E-05 6.6667E-07
2.1222E-05 6.6667E-07
3.1847E-05 6.6667E-07
2.2249E-05 6.6667E-07
2.1052E-05 6.6667E-07
2.2482E-05 6.6667E-07
2.7892E-05 6.6667E-07
3.1874E-05 6.6667E-07
2.0802E-05 6.6667E-07
2.8571E-05 6.6667E-07
2.9966E-05 6.6667E-07
2.5249E-05 6.6667E-07
2.0805E-05 6.6667E-07
2.7848E-05 6.6667E-07
2.6631E-05 6.6667E-07
3.0864E-05 6.6667E-07
2.5111E-05 6.6667E-07
3.0055E-05 6.6667E-07
2.4196E-05 6.6667E-07
2.7388E-05 6.6667E-07
2.9595E-05 6.6667E-07
2.1738E-05 6.6667E-07
2.3337E-05 6.6667E-07
2.7294E-05 6.6667E-07
2.2182E-05 6.6667E-07
1.9721E-05 6.6667E-07
3.3554E-05 6.6667E-07
1.8803E-05 6.6667E-07
1.9925E-05 6.6667E-07
2.7418E-05 6.6667E-07
1.8112E-05 6.6667E-07
2.5169E-05 6.6667E-07
2.8778E-05 6.6667E-07
2.2425E-05 6.6667E-07
2.3895E-05 6.6667E-07
1.2406E-05 6.6667E-07
4.1618E-05 6.6667E-07
1.8770E-05 6.6667E-07
2.1578E-05 6.6667E-07
3.1830E-05 6.6667E-07
3.0303E-05 6.6667E-07
3.1650E-05 6.6667E-07
2.6286E-05 6.6667E-07
2.5789E-05 6.6667E-07
3.4519E-05 6.6667E-07
3.0956E-05 6.6667E-07
2.7457E-05 6.6667E-07
2.7078E-05 6.6667E-07
3.5903E-05 6.6667E-07
3.4889E-05 6.6667E-07
2.2648E-05 6.6667E-07
3.1141E-05 6.6667E-07
2.4699E-05 6.6667E-07
3.0102E-05 6.6667E-07
2.9171E-05 6.6667E-07
2.5155E-05 6.6667E-07
2.4489E-05 6.6667E-07
4.9341E-05 6.6667E-07
1.8475E-05 6.6667E-07
3.1891E-05 6.6667E-07
1.8143E-05 6.6667E-07
3.4697E-05 6.6667E-07
2.5563E-05 6.6667E-07
2.0121E-05 6.6667E-07
3.1801E-05 6.6667E-07
3.5816E-05 6.6667E-07
2.8939E-05 6.6667E-07
2.2340E-05 6.6667E-07
3.1752E-05 6.6667E-07
3.0958E-05 6.6667E-07
2.3987E-05 6.6667E-07
3.3008E-05 6.6667E-07
2.2297E-05 6.6667E-07
2.5488E-05 6.6667E-07
3.9967E-05 6.6667E-07
2.4275E-05 6.6667E-07
2.1654E-05 6.6667E-07
5.0981E-05 6.6667E-07
2.9978E-05 6.6667E-07
2.8416E-05 6.6667E-07
5.8707E-05 6.6667E-07
3.9666E-05 6.6667E-07
7.3789E-05 6.6667E-07
5.0565E-05 6.6667E-07
8.9678E-05 6.6667E-07
6.0438E-05 6.6667E-07
7.6670E-05 6.6667E-07
1.0367E-04 6.6667E-07
1.0831E-04 6.6667E-07
1.2309E-04 6.6667E-07
1.1896E-04 6.6667E-07
4.3577E-05 6.6667E-07
1.2683E-04 6.6667E-07
7.7137E-05 6.6667E-07
1.2669E-04 6.6667E-07
1.1376E-04 6.6667E-07
1.1581E-04 6.6667E-07
7.1793E-05 6.6667E-07
7.4768E-05 6.6667E-07
7.4776E-05 6.6667E-07
8.6292E-05 6.6667E-07
6.1162E-05 6.6667E-07
4.6104E-05 6.6667E-07
5.9439E-05 6.6667E-07
4.2144E-05 6.6667E-07
4.4926E-05 6.6667E-07
4.3609E-05 6.6667E-07
4.0379E-05 6.6667E-07
2.7429E-05 6.6667E-07
5.3098E-05 6.6667E-07
2.4593E-05 6.6667E-07
3.4446E-05 6.6667E-07
2.7862E-05 6.6667E-07
4.4180E-05 6.6667E-07
2.8320E-05 6.6667E-07
2.5939E-05 6.6667E-07
3.5042E-05 6.6667E-07
3.6067E-05 6.6667E-07
2.4364E-05 6.6667E-07
2.6874E-05 6.6667E-07
2.0168E-05 6.6667E-07
2.6029E-05 6.6667E-07
2.2941E-05 6.6667E-07
1.8780E-05 6.6667E-07
1.1442E-05 6.6667E-07
2.4011E-05 6.6667E-07
6.3631E-06 6.6667E-07
1.8940E-05 6.6667E-07
1.1004E-05 6.6667E-07
1.2687E-05 6.6667E-07
1.8367E-05 6.6667E-07
8.8328E-06 6.6667E-07
1.8579E-05 6.6667E-07
9.0726E-06 6.6667E-07
1.1806E-05 6.6667E-07
1.4141E-05 6.6667E-07
1.6661E-05 6.6667E-07
1.1549E-05 6.6667E-07
1.4041E-05 6.6667E-07
1.1212E-05 6.6667E-07
1.1323E-05 6.6667E-07
2.0474E-05 6.6667E-07
1.0530E-05 6.6667E-07
1.0476E-05 6.6667E-07
2.5988E-05 6.6667E-07
9.2838E-06 6.6667E-07
9.1278E-06 6.6667E-07
1.7676E-05 6.6667E-07
1.2817E-05 6.6667E-07
2.1519E-05 6.6667E-07
1.3736E-05 6.6667E-07
1.5495E-05 6.6667E-07
9.7810E-06 6.6667E-07
1.3143E-05 6.6667E-07
1.0340E-05 6.6667E-07
2.0317E-05 6.6667E-07
9.3526E-06 6.6667E-07
1.1151E-05 6.6667E-07
1.4718E-05 6.6667E-07
1.5992E-05 6.6667E-07
1.3296E-05 6.6667E-07
1.5464E-05 6.6667E-07
1.1638E-05 6.6667E-07
1.6619E-05 6.6667E-07
1.2196E-05 6.6667E-07
1.5306E-05 6.6667E-07
1.0704E-05 6.6667E-07
1.6386E-05 6.6667E-07
1.1908E-05 6.6667E-07
1.9015E-05 6.6667E-07
1.4636E-05 6.6667E-07
1.4671E-05 6.6667E-07
1.4455E-05 6.6667E-07
2.0408E-05 6.6667E-07
1.8658E-05 6.6667E-07
1.9728E-05 6.6667E-07
2.1504E-05 6.6667E-07
2.8203E-05 6.6667E-07
3.2013E-05 6.6667E-07
2.8918E-05 6.6667E-07
3.8406E-05 6.6667E-07
5.1853E-05 6.6667E-07
5.5315E-05 6.6667E-07
6.3538E-05 6.6667E-07
6.8881E-05 6.6667E-07
9.7950E-05 6.6667E-07
1.1279E-04 6.6667E-07
1.3702E-04 6.6667E-07
1.2352E-04 6.6667E-07
1.4103E-04 6.6667E-07
1.3221E-04 6.6667E-07
1.7508E-04 6.6667E-07
1.5220E-04 6.6667E-07
1.8463E-04 6.6667E-07
2.0705E-04 6.6667E-07
1.4412E-04 6.6667E-07
1.3068E-04 6.6667E-07
1.2721E-04 6.6667E-07
1.2106E-04 6.6667E-07
1.1098E-04 6.6667E-07
1.3146E-04 6.6667E-07
1.1649E-04 6.6667E-07
1.2242E-04 6.6667E-07
1.0532E-04 6.6667E-07
8.9470E-05 6.6667E-07
1.0081E-04 6.6667E-07
1.3115E-04 6.6667E-07
7.3451E-05 6.6667E-07
1.0535E-04 6.6667E-07
8.2279E-05 6.6667E-07
1.4885E-04 6.6667E-07
1.0684E-04 6.6667E-07
1.0660E-04 6.6667E-07
1.7766E-04 6.6667E-07
9.4898E-05 6.6667E-07
1.8451E-04 6.6667E-07
8.8845E-05 6.6667E-07
1.1159E-04 6.6667E-07
1.5769E-04 6.6667E-07
1.3902E-04 6.6667E-07
1.0069E-04 6.6667E-07
8.8594E-05 6.6667E-07
1.0063E-04 6.6667E-07
9.9257E-05 6.6667E-07
6.1793E-05 6.6667E-07
6.1005E-05 6.6667E-07
6.2100E-05 6.6667E-07
5.6954E-05 6.6667E-07
4.7442E-05 6.6667E-07
3.6140E-05 6.6667E-07
4.1112E-05 6.6667E-07
3.2578E-05 6.6667E-07
3.7633E-05 6.6667E-07
2.4872E-05 6.6667E-07
3.0778E-05 6.6667E-07
2.2941E-05 6.6667E-07
2.9582E-05 6.6667E-07
2.6334E-05 6.6667E-07
1.7934E-05 6.6667E-07
2.3511E-05 6.6667E-07
2.3735E-05 6.6667E-07
1.6770E-05 6.6667E-07
1.6304E-05 6.6667E-07
1.5057E-05 6.6667E-07
1.6534E-05 6.6667E-07
1.3687E-05 6.6667E-07
1.2429E-05 6.6667E-07
8.0767E-06 6.6667E-07
2.0869E-05 6.6667E-07
7.0926E-06 6.6667E-07
1.0258E-05 6.6667E-07
1.3760E-05 6.6667E-07
1.3448E-05 6.6667E-07
1.0042E-05 6.6667E-07
1.0902E-05 6.6667E-07
8.6062E-06 6.6667E-07
1.3193E-05 6.6667E-07
6.8543E-06 6.6667E-07
9.9116E-06 6.6667E-07
6.2555E-06 6.6667E-07
9.1734E-06 6.6667E-07
1.0137E-05 6.6667E-07
1.0346E-05 6.6667E-07
6.5865E-06 6.6667E-07
8.7004E-06 6.6667E-07
5.7045E-06 6.6667E-07
5.8781E-06 6.6667E-07
9.6706E-06 6.6667E-07
3.8333E-06 6.6667E-07
4.9346E-06 6.6667E-07
7.0307E-06 6.6667E-07
5.9463E-06 6.6667E-07
3.1246E-06 6.6667E-07
7.7898E-06 6.6667E-07
2.9542E-06 6.6667E-07
4.2891E-06 6.6667E-07
4.8915E-06 6.6667E-07
3.5283E-06 6.6667E-07
5.0372E-06 6.6667E-07
5.9695E-06 6.6667E-07
4.1271E-06 6.6667E-07
5.4697E-06 6.6667E-07
3.7007E-06 6.6667E-07
3.6211E-06 6.6667E-07
6.5599E-06 6.6667E-07
3.3516E-06 6.6667E-07
6.9995E-06 6.6667E-07
4.7936E-06 6.6667E-07
4.6252E-06 6.6667E-07
4.7815E-06 6.6667E-07
3.0574E-06 6.6667E-07
4.2856E-06 6.6667E-07
4.8197E-06 6.6667E-07
4.2205E-06 6.6667E-07
2.4813E-06 6.6667E-07
4.1019E-06 6.6667E-07
2.6066E-06 6.6667E-07
2.9942E-06 6.6667E-07
3.5417E-06 6.6667E-07
1.9090E-06 6.6667E-07
3.8486E-06 6.6667E-07
2.6335E-06 6.6667E-07
2.1389E-06 6.6667E-07
2.4022E-06 6.6667E-07
1.9032E-06 6.6667E-07
2.6813E-06 6.6667E-07
2.0388E-06 6.6667E-07
1.7869E-06 6.6667E-07
2.2262E-06 6.6667E-07
1.8039E-06 6.6667E-07
2.0060E-06 6.6667E-07
1.9845E-06 6.6667E-07
1.5379E-06 6.6667E-07
1.8504E-06 6.6667E-07
1.9637E-06 6.6667E-07
1.5771E-06 6.6667E-07
1.3525E-06 6.6667E-07
1.6305E-06 6.6667E-07
1.5284E-06 6.6667E-07
1.7785E-06 6.6667E-07
1.4236E-06 6.6667E-07
1.4508E-06 6.6667E-07
1.3166E-06 6.6667E-07
1.7146E-06 6.6667E-07
1.3627E-06 6.6667E-07
1.2383E-06 6.6667E-07
1.3846E-06 6.6667E-07
1.2471E-06 6.6667E-07
1.3783E-06 6.6667E-07
1.1725E-06 6.6667E-07
1.2753E-06 6.6667E-07
1.2138E-06 6.6667E-07
1.0371E-06 6.6667E-07
1.3709E-06 6.6667E-07
9.9015E-07 6.6667E-07
7.9873E-07 6.6667E-07
1.5477E-06 6.6667E-07
7.0048E-07 6.6667E-07
8.0865E-07 6.6667E-07
1.8335E-06 6.6667E-07
7.2154E-07 6.6667E-07
8.7462E-07 6.6667E-07
1.7256E-06 6.6667E-07
1.0081E-06 6.6667E-07
6.3498E-07 6.6667E-07
1.8805E-03 6.6667E-07
6.0352E-03 6.6667E-07
1.6305E-03 6.6667E-07
1.8407E-03 6.6667E-07
9.0809E-04 6.6667E-07
4.9614E-04 6.6667E-07
4.7570E-04 6.6667E-07
2.9466E-04 6.6667E-07
1.3766E-04 6.6667E-07
1.5134E-04 6.6667E-07
1.2640E-04 6.6667E-07
1.6833E-04 6.6667E-07
1.1181E-04 6.6667E-07
1.1314E-04 6.6667E-07
7.0807E-05 6.6667E-07
5.3548E-05 6.6667E-07
8.2382E-05 6.6667E-07
6.9362E-05 6.6667E-07
4.1585E-05 6.6667E-07
4.7946E-05 6.6667E-07
4.4852E-05 6.6667E-07
7.7448E-05 6.6667E-07
5.3844E-05 6.6667E-07
5.2591E-05 6.6667E-07
3.4901E-05 6.6667E-07
3.6666E-05 6.6667E-07
4.9021E-05 6.6667E-07
4.6121E-05 6.6667E-07
3.4035E-05 6.6667E-07
3.9675E-05 6.6667E-07
3.6474E-05 6.6667E-07
4.0185E-05 6.6667E-07
2.8066E-05 6.6667E-07
2.2119E-05 6.6667E-07
2.7488E-05 6.6667E-07
2.5518E-05 6.6667E-07
2.4769E-05 6.6667E-07
1.8383E-05 6.6667E-07
1.8264E-05 6.6667E-07
1.5640E-05 6.6667E-07
1.4896E-05 6.6667E-07
1.5057E-05 6.6667E-07
2.0056E-05 6.6667E-07
1.6749E-05 6.6667E-07
1.5796E-05 6.6667E-07
1.4390E-05 6.6667E-07
1.0680E-05 6.6667E-07
1.3005E-05 6.6667E-07
1.3108E-05 6.6667E-07
1.0650E-05 6.6667E-07
1.1296E-05 6.6667E-07
1.0766E-05 6.6667E-07
8.7841E-06 6.6667E-07
9.0593E-06 6.6667E-07
9.2789E-06 6.6667E-07
5.9398E-06 6.6667E-07
5.2823E-07 6.6667E-07
9.1067E-06 6.6667E-07
1.0902E-05 6.6667E-07
7.1787E-06 6.6667E-07
8.8134E-06 6.6667E-07
2.8806E-06 6.6667E-07
9.8264E-06 6.6667E-07
6.1177E-06 6.6667E-07
5.3344E-06 6.6667E-07
8.0123E-06 6.6667E-07
7.9271E-06 6.6667E-07
5.3224E-06 6.6667E-07
6.1268E-06 6.6667E-07
5.1978E-06 6.6667E-07
6.2133E-06 6.6667E-07
1.0139E-05 6.6667E-07
6.0617E-06 6.6667E-07
4.7707E-06 6.6667E-07
7.2882E-06 6.6667E-07
5.5889E-06 6.6667E-07
5.2341E-06 6.6667E-07
9.4282E-06 6.6667E-07
4.3306E-06 6.6667E-07
4.6820E-06 6.6667E-07
1.5006E-05 6.6667E-07
4.5366E-06 6.6667E-07
5.8144E-06 6.6667E-07
6.1505E-06 6.6667E-07
5.3814E-06 6.6667E-07
3.3070E-06 6.6667E-07
3.6936E-06 6.6667E-07
3.8454E-06 6.6667E-07
3.9870E-06 6.6667E-07
3.9927E-06 6.6667E-07
3.6528E-06 6.6667E-07
3.3825E-06 6.6667E-07
3.7513E-06 6.6667E-07
3.8978E-06 6.6667E-07
4.1475E-06 6.6667E-07
4.6332E-06 6.6667E-07
4.1101E-06 6.6667E-07
2.9618E-06 6.6667E-07
3.2976E-06 6.6667E-07
4.4905E-06 6.6667E-07
2.7191E-06 6.6667E-07
5.2104E-06 6.6667E-07
3.5501E-06 6.6667E-07
3.5681E-06 6.6667E-07
3.5647E-06 6.6667E-07
3.0926E-06 6.6667E-07
3.1863E-06 6.6667E-07
3.2857E-06 6.6667E-07
4.3470E-06 6.6667E-07
2.2635E-06 6.6667E-07
4.9554E-06 6.6667E-07
3.2388E-06 6.6667E-07
1.8589E-06 6.6667E-07
4.8758E-06 6.6667E-07
3.5826E-06 6.6667E-07
3.4977E-06 6.6667E-07
4.4373E-06 6.6667E-07
4.0186E-06 6.6667E-07
4.6846E-06 6.6667E-07
4.5761E-06 6.6667E-07
5.7223E-06 6.6667E-07
5.3547E-06 6.6667E-07
6.4273E-06 6.6667E-07
6.0394E-06 6.6667E-07
6.6465E-06 6.6667E-07
7.1050E-06 6.6667E-07
7.9724E-06 6.6667E-07
9.0842E-06 6.6667E-07
1.0467E-05 6.6667E-07
1.0611E-05 6.6667E-07
1.3418E-05 6.6667E-07
1.0839E-05 6.6667E-07
1.2325E-05 6.6667E-07
2.0197E-05 6.6667E-07
1.8041E-05 6.6667E-07
1.8148E-05 6.6667E-07
2.7955E-05 6.6667E-07
2.5447E-05 6.6667E-07
2.4221E-05 6.6667E-07
2.7052E-05 6.6667E-07
2.4180E-05 6.6667E-07
2.7871E-05 6.6667E-07
5.1188E-05 6.6667E-07
3.2026E-05 6.6667E-07
3.7715E-05 6.6667E-07
3.8243E-05 6.6667E-07
3.5075E-05 6.6667E-07
3.4466E-05 6.6667E-07
3.7203E-05 6.6667E-07
3.2667E-05 6.6667E-07
4.6810E-05 6.6667E-07
4.3561E-05 6.6667E-07
3.1068E-05 6.6667E-07
3.2607E-05 6.6667E-07
3.6083E-05 6.6667E-07
3.5103E-05 6.6667E-07
3.1053E-05 6.6667E-07
3.0606E-05 6.6667E-07
2.9890E-05 6.6667E-07
2.7538E-05 6.6667E-07
3.1774E-05 6.6667E-07
2.3988E-05 6.6667E-07
2.6260E-05 6.6667E-07
2.4409E-05 6.6667E-07
1.9883E-05 6.6667E-07
2.0167E-05 6.6667E-07
2.5024E-05 6.6667E-07
1.7586E-05 6.6667E-07
2.0438E-05 6.6667E-07
2.5015E-05 6.6667E-07
1.6938E-05 6.6667E-07
1.9647E-05 6.6667E-07
2.1731E-05 6.6667E-07
1.5079E-05 6.6667E-07
1.7367E-05 6.6667E-07
2.6411E-05 6.6667E-07
1.5772E-05 6.6667E-07
1.2915E-05 6.6667E-07
2.0193E-05 6.6667E-07
1.6123E-05 6.6667E-07
2.2634E-05 6.6667E-07
1.3406E-05 6.6667E-07
1.9932E-05 6.6667E-07
1.1277E-05 6.6667E-07
1.4811E-05 6.6667E-07
1.3763E-05 6.6667E-07
1.7929E-05 6.6667E-07
1.3114E-05 6.6667E-07
1.2746E-05 6.6667E-07
1.0816E-05 6.6667E-07
1.4772E-05 6.6667E-07
1.0502E-05 6.6667E-07
1.0920E-05 6.6667E-07
1.2978E-05 6.6667E-07
1.5913E-05 6.6667E-07
1.3892E-05 6.6667E-07
1.0080E-05 6.6667E-07
1.0548E-05 6.6667E-07
1.1698E-05 6.6667E-07
1.0835E-05 6.6667E-07
7.8121E-06 6.6667E-07
8.6591E-06 6.6667E-07
1.0672E-05 6.6667E-07
8.3510E-06 6.6667E-07
6.7543E-06 6.6667E-07
6.4050E-06 6.6667E-07
6.9403E-06 6.6667E-07
9.4840E-06 6.6667E-07
7.4742E-06 6.6667E-07
6.8263E-06 6.6667E-07
6.4271E-06 6.6667E-07
5.9337E-06 6.6667E-07
5.2203E-06 6.6667E-07
6.7901E-06 6.6667E-07
4.9671E-06 6.6667E-07
4.6266E-06 6.6667E-07
3.9681E-06 6.6667E-07
5.6729E-06 6.6667E-07
5.7822E-06 6.6667E-07
4.3324E-06 6.6667E-07
3.8008E-06 6.6667E-07
4.6650E-06 6.6667E-07
5.7594E-06 6.6667E-07
4.0353E-06 6.6667E-07
3.1760E-06 6.6667E-07
3.4591E-06 6.6667E-07
2.7196E-06 6.6667E-07
4.7860E-06 6.6667E-07
3.1141E-06 6.6667E-07
3.7278E-06 6.6667E-07
4.2411E-06 6.6667E-07
2.6471E-06 6.6667E-07
2.5000E-06 6.6667E-07
1.5796E-06 6.6667E-07
4.4413E-06 6.6667E-07
1.0952E-06 6.6667E-07
3.0202E-06 6.6667E-07
1.4702E-06 6.6667E-07
3.9675E-06 6.6667E-07
1.8784E-06 6.6667E-07
1.5656E-06 6.6667E-07
2.2740E-06 6.6667E-07
2.0318E-06 6.6667E-07
1.8695E-06 6.6667E-07
2.7511E-06 6.6667E-07
7.9722E-07 6.6667E-07
3.0782E-06 6.6667E-07
9.0160E-07 6.6667E-07
3.0860E-06 6.6667E-07
1.2285E-06 6.6667E-07
1.2610E-06 6.6667E-07
1.6905E-06 6.6667E-07
1.3020E-06 6.6667E-07
1.3657E-06 6.6667E-07
2.1443E-06 6.6667E-07
3.9389E-07 6.6667E-07
2.6624E-06 6.6667E-07
1.7867E-08 6.6667E-07
1.9486E-06 6.6667E-07
1.9300E-06 6.6667E-07
9.5564E-07 6.6667E-07
1.7800E-06 6.6667E-07
7.8811E-07 6.6667E-07
2.0891E-06 6.6667E-07
1.5364E-06 6.6667E-07
9.5550E-07 6.6667E-07
1.2749E-06 6.6667E-07
1.5253E-06 6.6667E-07
6.7177E-07 6.6667E-07
1.6756E-06 6.6667E-07
1.1154E-06 6.6667E-07
1.6170E-06 6.6667E-07
1.3603E-06 6.6667E-07
7.2470E-07 6.6667E-07
1.6915E-06 6.6667E-07
1.4557E-06 6.6667E-07
4.3455E-08 6.6667E-07
1.6658E-06 6.6667E-07
1.7407E-06 6.6667E-07
4.5223E-07 6.6667E-07
1.0380E-06 6.6667E-07
1.2551E-06 6.6667E-07
3.0554E-07 6.6667E-07
5.4085E-07 6.6667E-07
