Max Step   Target
2.1428E-03 1.2000E-03
1.4474E-02 1.2000E-03
2.7784E-02 1.2000E-03
3.6993E-02 1.2000E-03
3.7142E-02 1.2000E-03
3.4440E-02 1.2000E-03
3.1511E-02 1.2000E-03
3.2869E-02 1.2000E-03
3.4614E-02 1.2000E-03
3.6204E-02 1.2000E-03
3.7598E-02 1.2000E-03
3.8192E-02 1.2000E-03
3.9158E-02 1.2000E-03
3.9105E-02 1.2000E-03
3.9488E-02 1.2000E-03
3.8622E-02 1.2000E-03
3.8615E-02 1.2000E-03
3.7624E-02 1.2000E-03
3.6897E-02 1.2000E-03
3.5990E-02 1.2000E-03
3.4794E-02 1.2000E-03
3.2944E-02 1.2000E-03
3.1970E-02 1.2000E-03
3.2084E-02 1.2000E-03
3.1468E-02 1.2000E-03
3.2434E-02 1.2000E-03
3.1797E-02 1.2000E-03
3.2294E-02 1.2000E-03
3.1479E-02 1.2000E-03
3.2429E-02 1.2000E-03
3.1027E-02 1.2000E-03
3.1616E-02 1.2000E-03
3.1264E-02 1.2000E-03
3.1159E-02 1.2000E-03
3.1249E-02 1.2000E-03
3.1137E-02 1.2000E-03
3.1175E-02 1.2000E-03
3.1452E-02 1.2000E-03
3.1773E-02 1.2000E-03
3.2365E-02 1.2000E-03
3.2765E-02 1.2000E-03
3.3144E-02 1.2000E-03
3.3408E-02 1.2000E-03
3.3633E-02 1.2000E-03
3.3611E-02 1.2000E-03
3.3798E-02 1.2000E-03
3.3193E-02 1.2000E-03
3.3507E-02 1.2000E-03
3.2432E-02 1.2000E-03
3.2674E-02 1.2000E-03
3.1145E-02 1.2000E-03
3.1134E-02 1.2000E-03
3.1163E-02 1.2000E-03
3.1004E-02 1.2000E-03
3.1728E-02 1.2000E-03
3.1481E-02 1.2000E-03
3.3001E-02 1.2000E-03
3.1859E-02 1.2000E-03
3.3499E-02 1.2000E-03
3.1927E-02 1.2000E-03
3.3813E-02 1.2000E-03
3.1731E-02 1.2000E-03
3.2661E-02 1.2000E-03
3.2419E-02 1.2000E-03
3.4194E-02 1.2000E-03
3.4045E-02 1.2000E-03
3.6160E-02 1.2000E-03
3.6179E-02 1.2000E-03
3.8140E-02 1.2000E-03
3.8450E-02 1.2000E-03
4.0026E-02 1.2000E-03
4.0540E-02 1.2000E-03
4.1745E-02 1.2000E-03
4.2333E-02 1.2000E-03
4.3042E-02 1.2000E-03
4.3515E-02 1.2000E-03
4.3837E-02 1.2000E-03
4.3860E-02 1.2000E-03
4.3844E-02 1.2000E-03
4.3191E-02 1.2000E-03
4.2870E-02 1.2000E-03
4.3127E-02 1.2000E-03
4.3745E-02 1.2000E-03
4.6070E-02 1.2000E-03
4.6725E-02 1.2000E-03
4.8904E-02 1.2000E-03
4.9486E-02 1.2000E-03
5.1441E-02 1.2000E-03
5.1629E-02 1.2000E-03
5.3332E-02 1.2000E-03
5.3558E-02 1.2000E-03
5.4625E-02 1.2000E-03
5.4790E-02 1.2000E-03
5.4738E-02 1.2000E-03
5.4643E-02 1.2000E-03
5.2976E-02 1.2000E-03
5.2440E-02 1.2000E-03
4.9639E-02 1.2000E-03
4.7951E-02 1.2000E-03
4.4092E-02 1.2000E-03
4.1210E-02 1.2000E-03
3.6725E-02 1.2000E-03
3.6937E-02 1.2000E-03
3.7387E-02 1.2000E-03
3.8715E-02 1.2000E-03
3.9540E-02 1.2000E-03
4.1218E-02 1.2000E-03
4.1412E-02 1.2000E-03
4.3679E-02 1.2000E-03
4.3160E-02 1.2000E-03
4.5978E-02 1.2000E-03
4.6138E-02 1.2000E-03
4.9252E-02 1.2000E-03
4.9446E-02 1.2000E-03
5.1423E-02 1.2000E-03
5.2111E-02 1.2000E-03
5.3140E-02 1.2000E-03
5.3633E-02 1.2000E-03
5.4055E-02 1.2000E-03
5.4524E-02 1.2000E-03
5.4447E-02 1.2000E-03
5.4652E-02 1.2000E-03
5.4496E-02 1.2000E-03
5.3570E-02 1.2000E-03
5.3755E-02 1.2000E-03
5.0890E-02 1.2000E-03
5.2097E-02 1.2000E-03
4.9125E-02 1.2000E-03
5.0171E-02 1.2000E-03
5.1662E-02 1.2000E-03
5.2792E-02 1.2000E-03
5.5104E-02 1.2000E-03
5.5980E-02 1.2000E-03
5.6797E-02 1.2000E-03
5.6623E-02 1.2000E-03
5.6211E-02 1.2000E-03
5.5851E-02 1.2000E-03
5.4189E-02 1.2000E-03
5.3443E-02 1.2000E-03
5.1375E-02 1.2000E-03
5.1368E-02 1.2000E-03
4.9891E-02 1.2000E-03
4.9857E-02 1.2000E-03
4.9045E-02 1.2000E-03
4.9498E-02 1.2000E-03
4.8646E-02 1.2000E-03
4.9455E-02 1.2000E-03
4.7863E-02 1.2000E-03
4.9409E-02 1.2000E-03
4.5111E-02 1.2000E-03
4.8547E-02 1.2000E-03
4.6319E-02 1.2000E-03
4.6051E-02 1.2000E-03
4.8186E-02 1.2000E-03
4.9815E-02 1.2000E-03
5.2283E-02 1.2000E-03
5.1957E-02 1.2000E-03
5.5125E-02 1.2000E-03
5.2420E-02 1.2000E-03
5.6355E-02 1.2000E-03
5.4306E-02 1.2000E-03
5.6882E-02 1.2000E-03
5.6714E-02 1.2000E-03
5.5836E-02 1.2000E-03
5.5218E-02 1.2000E-03
5.3089E-02 1.2000E-03
5.2958E-02 1.2000E-03
5.2554E-02 1.2000E-03
5.3025E-02 1.2000E-03
5.4438E-02 1.2000E-03
5.9090E-02 1.2000E-03
5.9037E-02 1.2000E-03
6.4574E-02 1.2000E-03
6.2862E-02 1.2000E-03
6.7586E-02 1.2000E-03
5.1134E-02 1.2000E-03
5.8068E-02 1.2000E-03
3.0062E-02 1.2000E-03
4.1625E-02 1.2000E-03
4.4609E-02 1.2000E-03
4.9032E-02 1.2000E-03
5.3264E-02 1.2000E-03
5.6724E-02 1.2000E-03
6.0508E-02 1.2000E-03
6.2851E-02 1.2000E-03
6.4000E-02 1.2000E-03
5.5216E-02 1.2000E-03
6.7500E-02 1.2000E-03
3.9018E-02 1.2000E-03
6.0050E-02 1.2000E-03
1.5603E-02 1.2000E-03
3.7385E-02 1.2000E-03
6.5751E-02 1.2000E-03
6.5471E-02 1.2000E-03
6.3669E-02 1.2000E-03
6.0351E-02 1.2000E-03
5.7377E-02 1.2000E-03
5.9470E-02 1.2000E-03
5.4462E-02 1.2000E-03
5.9223E-02 1.2000E-03
5.3073E-02 1.2000E-03
6.1132E-02 1.2000E-03
5.6106E-02 1.2000E-03
6.2015E-02 1.2000E-03
4.4395E-02 1.2000E-03
6.3829E-02 1.2000E-03
3.2374E-02 1.2000E-03
5.8457E-02 1.2000E-03
4.4509E-02 1.2000E-03
5.3607E-02 1.2000E-03
4.6624E-02 1.2000E-03
5.2515E-02 1.2000E-03
4.8643E-02 1.2000E-03
5.2611E-02 1.2000E-03
5.4467E-02 1.2000E-03
5.3378E-02 1.2000E-03
5.7470E-02 1.2000E-03
5.4891E-02 1.2000E-03
4.3753E-02 1.2000E-03
5.3884E-02 1.2000E-03
5.4269E-02 1.2000E-03
5.5301E-02 1.2000E-03
5.4956E-02 1.2000E-03
6.4455E-02 1.2000E-03
6.3614E-02 1.2000E-03
7.4078E-02 1.2000E-03
6.9678E-02 1.2000E-03
7.7247E-02 1.2000E-03
4.4063E-02 1.2000E-03
7.1836E-02 1.2000E-03
4.9067E-02 1.2000E-03
7.9476E-02 1.2000E-03
8.1322E-02 1.2000E-03
8.3215E-02 1.2000E-03
8.6858E-02 1.2000E-03
5.7714E-02 1.2000E-03
8.9024E-02 1.2000E-03
6.6282E-02 1.2000E-03
4.4042E-02 1.2000E-03
3.1145E-02 1.2000E-03
4.6622E-02 1.2000E-03
4.6493E-02 1.2000E-03
5.2075E-02 1.2000E-03
6.1034E-02 1.2000E-03
5.9518E-02 1.2000E-03
6.6967E-02 1.2000E-03
6.6622E-02 1.2000E-03
6.9924E-02 1.2000E-03
6.7906E-02 1.2000E-03
6.7838E-02 1.2000E-03
6.1843E-02 1.2000E-03
6.1155E-02 1.2000E-03
6.6256E-02 1.2000E-03
5.7924E-02 1.2000E-03
1.0923E-01 1.2000E-03
5.5931E-02 1.2000E-03
3.1212E-02 1.2000E-03
2.0621E-02 1.2000E-03
4.1560E-02 1.2000E-03
5.7198E-02 1.2000E-03
5.7583E-02 1.2000E-03
5.9412E-02 1.2000E-03
5.9514E-02 1.2000E-03
5.9336E-02 1.2000E-03
6.0815E-02 1.2000E-03
6.2940E-02 1.2000E-03
5.9753E-02 1.2000E-03
5.1973E-02 1.2000E-03
5.6026E-02 1.2000E-03
4.8377E-02 1.2000E-03
4.3001E-02 1.2000E-03
6.3537E-02 1.2000E-03
6.2967E-02 1.2000E-03
6.4850E-02 1.2000E-03
6.3659E-02 1.2000E-03
6.1852E-02 1.2000E-03
6.2484E-02 1.2000E-03
2.9720E-02 1.2000E-03
5.1725E-02 1.2000E-03
6.2985E-02 1.2000E-03
5.3482E-02 1.2000E-03
6.8874E-02 1.2000E-03
6.9768E-02 1.2000E-03
7.7905E-02 1.2000E-03
7.4741E-02 1.2000E-03
7.9167E-02 1.2000E-03
8.0312E-02 1.2000E-03
8.4009E-02 1.2000E-03
8.4071E-02 1.2000E-03
6.8488E-02 1.2000E-03
8.9253E-02 1.2000E-03
4.5331E-02 1.2000E-03
1.7737E-02 1.2000E-03
4.0541E-02 1.2000E-03
8.9965E-02 1.2000E-03
8.8328E-02 1.2000E-03
9.2039E-02 1.2000E-03
9.0940E-02 1.2000E-03
9.1732E-02 1.2000E-03
8.5123E-02 1.2000E-03
3.5619E-02 1.2000E-03
5.1353E-02 1.2000E-03
5.7852E-02 1.2000E-03
3.1886E-02 1.2000E-03
3.4429E-02 1.2000E-03
8.7076E-02 1.2000E-03
8.4204E-02 1.2000E-03
4.1789E-02 1.2000E-03
5.1259E-02 1.2000E-03
5.3619E-02 1.2000E-03
6.3386E-02 1.2000E-03
2.4806E-02 1.2000E-03
2.3535E-02 1.2000E-03
3.0351E-02 1.2000E-03
7.0261E-02 1.2000E-03
2.1623E-02 1.2000E-03
3.1917E-02 1.2000E-03
2.9649E-02 1.2000E-03
7.4933E-02 1.2000E-03
4.1579E-02 1.2000E-03
5.5435E-02 1.2000E-03
2.1305E-02 1.2000E-03
4.0687E-02 1.2000E-03
8.5022E-02 1.2000E-03
4.0180E-02 1.2000E-03
5.3478E-02 1.2000E-03
5.8822E-02 1.2000E-03
9.1579E-02 1.2000E-03
5.9223E-02 1.2000E-03
9.3994E-02 1.2000E-03
2.4326E-02 1.2000E-03
5.4449E-02 1.2000E-03
5.1883E-02 1.2000E-03
3.2633E-02 1.2000E-03
1.0294E-01 1.2000E-03
6.5367E-02 1.2000E-03
1.0335E-01 1.2000E-03
6.5922E-02 1.2000E-03
1.0189E-01 1.2000E-03
2.2858E-02 1.2000E-03
5.5496E-02 1.2000E-03
9.4374E-02 1.2000E-03
8.9793E-02 1.2000E-03
2.7094E-02 1.2000E-03
5.7620E-02 1.2000E-03
5.5489E-02 1.2000E-03
7.0099E-02 1.2000E-03
3.0716E-02 1.2000E-03
9.4687E-02 1.2000E-03
4.3932E-02 1.2000E-03
3.3020E-02 1.2000E-03
4.6954E-02 1.2000E-03
3.1346E-02 1.2000E-03
2.4164E-02 1.2000E-03
1.7704E-02 1.2000E-03
1.5481E-02 1.2000E-03
1.1770E-02 1.2000E-03
3.2925E-02 1.2000E-03
2.1764E-02 1.2000E-03
1.6989E-02 1.2000E-03
2.7759E-02 1.2000E-03
3.7294E-02 1.2000E-03
8.7859E-03 1.2000E-03
2.2229E-02 1.2000E-03
1.6374E-02 1.2000E-03
5.0298E-02 1.2000E-03
2.9920E-02 1.2000E-03
2.5211E-02 1.2000E-03
1.9803E-02 1.2000E-03
4.7048E-02 1.2000E-03
2.7414E-02 1.2000E-03
2.4314E-02 1.2000E-03
3.2697E-02 1.2000E-03
4.0957E-02 1.2000E-03
1.5164E-02 1.2000E-03
4.6482E-02 1.2000E-03
2.5909E-02 1.2000E-03
3.5489E-02 1.2000E-03
6.0459E-02 1.2000E-03
2.9501E-02 1.2000E-03
2.0834E-02 1.2000E-03
6.7430E-02 1.2000E-03
4.6496E-02 1.2000E-03
3.5093E-02 1.2000E-03
2.6206E-02 1.2000E-03
6.4222E-02 1.2000E-03
6.7881E-02 1.2000E-03
7.6512E-02 1.2000E-03
7.1992E-02 1.2000E-03
5.9210E-02 1.2000E-03
3.0384E-02 1.2000E-03
6.1295E-02 1.2000E-03
5.4238E-02 1.2000E-03
6.9856E-02 1.2000E-03
2.0954E-02 1.2000E-03
4.2971E-02 1.2000E-03
5.3226E-02 1.2000E-03
8.5019E-02 1.2000E-03
3.6197E-02 1.2000E-03
7.1567E-02 1.2000E-03
4.7476E-02 1.2000E-03
6.6942E-02 1.2000E-03
7.1641E-02 1.2000E-03
8.6467E-02 1.2000E-03
2.4082E-02 1.2000E-03
4.6321E-02 1.2000E-03
5.2941E-02 1.2000E-03
4.0293E-02 1.2000E-03
5.9528E-02 1.2000E-03
3.0205E-02 1.2000E-03
2.2197E-02 1.2000E-03
3.6278E-02 1.2000E-03
7.2184E-02 1.2000E-03
2.0963E-02 1.2000E-03
4.8458E-02 1.2000E-03
2.9869E-02 1.2000E-03
7.3093E-02 1.2000E-03
3.6631E-02 1.2000E-03
3.1458E-02 1.2000E-03
2.4817E-02 1.2000E-03
4.1452E-02 1.2000E-03
1.8122E-02 1.2000E-03
3.0591E-02 1.2000E-03
1.2456E-02 1.2000E-03
3.9134E-02 1.2000E-03
1.3744E-02 1.2000E-03
1.8501E-02 1.2000E-03
4.0764E-02 1.2000E-03
5.4269E-02 1.2000E-03
1.2713E-02 1.2000E-03
3.9957E-02 1.2000E-03
2.6676E-02 1.2000E-03
3.1908E-02 1.2000E-03
7.6023E-02 1.2000E-03
2.8210E-02 1.2000E-03
1.2634E-02 1.2000E-03
6.3924E-02 1.2000E-03
3.3788E-02 1.2000E-03
3.8221E-03 1.2000E-03
4.0787E-02 1.2000E-03
1.8765E-02 1.2000E-03
9.2159E-02 1.2000E-03
2.6579E-02 1.2000E-03
1.8747E-02 1.2000E-03
3.8105E-02 1.2000E-03
6.9000E-02 1.2000E-03
1.3185E-02 1.2000E-03
4.6188E-02 1.2000E-03
2.4350E-02 1.2000E-03
9.3602E-02 1.2000E-03
4.6813E-02 1.2000E-03
4.3262E-02 1.2000E-03
3.0443E-02 1.2000E-03
7.5195E-02 1.2000E-03
4.1879E-02 1.2000E-03
5.9576E-02 1.2000E-03
3.8422E-02 1.2000E-03
8.6680E-02 1.2000E-03
3.7018E-02 1.2000E-03
8.1776E-02 1.2000E-03
1.8811E-02 1.2000E-03
5.3724E-02 1.2000E-03
6.1812E-02 1.2000E-03
6.4270E-02 1.2000E-03
2.4474E-02 1.2000E-03
1.1699E-02 1.2000E-03
5.6299E-02 1.2000E-03
7.3275E-02 1.2000E-03
1.2319E-02 1.2000E-03
5.4594E-02 1.2000E-03
2.3597E-02 1.2000E-03
4.5451E-02 1.2000E-03
5.6507E-02 1.2000E-03
1.6478E-02 1.2000E-03
1.4685E-02 1.2000E-03
3.1802E-02 1.2000E-03
3.0954E-02 1.2000E-03
1.6966E-02 1.2000E-03
2.7031E-02 1.2000E-03
2.9180E-02 1.2000E-03
2.0519E-02 1.2000E-03
1.8414E-02 1.2000E-03
3.4064E-02 1.2000E-03
4.2651E-02 1.2000E-03
9.6286E-03 1.2000E-03
4.1981E-02 1.2000E-03
1.5679E-02 1.2000E-03
4.4956E-02 1.2000E-03
5.3303E-02 1.2000E-03
2.6607E-02 1.2000E-03
1.5283E-02 1.2000E-03
4.8391E-02 1.2000E-03
4.7294E-02 1.2000E-03
2.1364E-02 1.2000E-03
5.4075E-02 1.2000E-03
4.8823E-02 1.2000E-03
3.8520E-02 1.2000E-03
5.0438E-02 1.2000E-03
4.3990E-02 1.2000E-03
1.7265E-02 1.2000E-03
6.1438E-02 1.2000E-03
2.0127E-02 1.2000E-03
4.1887E-02 1.2000E-03
8.1173E-02 1.2000E-03
8.0580E-02 1.2000E-03
3.0843E-02 1.2000E-03
1.8701E-02 1.2000E-03
2.1110E-02 1.2000E-03
6.4635E-02 1.2000E-03
3.8748E-02 1.2000E-03
2.9788E-02 1.2000E-03
4.6187E-02 1.2000E-03
8.2583E-02 1.2000E-03
2.3236E-02 1.2000E-03
2.6520E-02 1.2000E-03
2.3421E-02 1.2000E-03
2.7738E-02 1.2000E-03
5.6564E-02 1.2000E-03
1.8829E-02 1.2000E-03
2.6618E-02 1.2000E-03
6.1427E-02 1.2000E-03
1.8578E-02 1.2000E-03
2.4094E-02 1.2000E-03
4.2583E-02 1.2000E-03
5.9974E-02 1.2000E-03
1.3471E-02 1.2000E-03
9.0002E-02 1.2000E-03
4.7926E-02 1.2000E-03
1.0662E-02 1.2000E-03
5.5259E-02 1.2000E-03
4.6829E-02 1.2000E-03
8.4149E-02 1.2000E-03
1.3397E-02 1.2000E-03
3.3612E-02 1.2000E-03
3.5318E-02 1.2000E-03
1.1883E-01 1.2000E-03
1.5381E-02 1.2000E-03
5.8936E-02 1.2000E-03
4.5416E-02 1.2000E-03
1.0334E-01 1.2000E-03
4.6974E-02 1.2000E-03
5.9955E-02 1.2000E-03
2.7347E-02 1.2000E-03
9.3495E-02 1.2000E-03
4.2204E-02 1.2000E-03
6.8896E-02 1.2000E-03
1.7817E-02 1.2000E-03
5.5202E-02 1.2000E-03
5.8754E-02 1.2000E-03
8.5230E-02 1.2000E-03
2.0844E-02 1.2000E-03
6.6385E-02 1.2000E-03
2.5140E-02 1.2000E-03
7.4457E-02 1.2000E-03
5.3094E-02 1.2000E-03
4.3355E-02 1.2000E-03
2.9614E-02 1.2000E-03
1.1501E-01 1.2000E-03
7.1759E-02 1.2000E-03
2.3315E-02 1.2000E-03
1.0135E-01 1.2000E-03
3.6779E-02 1.2000E-03
4.2150E-02 1.2000E-03
8.5915E-02 1.2000E-03
1.9926E-02 1.2000E-03
6.1836E-02 1.2000E-03
7.5232E-02 1.2000E-03
1.3854E-02 1.2000E-03
3.4938E-02 1.2000E-03
2.4243E-02 1.2000E-03
1.2366E-01 1.2000E-03
5.3002E-02 1.2000E-03
2.8048E-02 1.2000E-03
2.9830E-02 1.2000E-03
7.9893E-02 1.2000E-03
7.1046E-02 1.2000E-03
1.7029E-02 1.2000E-03
2.8869E-02 1.2000E-03
6.3460E-02 1.2000E-03
6.5708E-02 1.2000E-03
1.7683E-02 1.2000E-03
9.9477E-02 1.2000E-03
3.6514E-02 1.2000E-03
4.1812E-02 1.2000E-03
9.5865E-02 1.2000E-03
1.4770E-02 1.2000E-03
1.0669E-01 1.2000E-03
4.1425E-02 1.2000E-03
1.3731E-02 1.2000E-03
4.6470E-02 1.2000E-03
1.8169E-02 1.2000E-03
8.5767E-02 1.2000E-03
9.0794E-03 1.2000E-03
2.9035E-02 1.2000E-03
1.7778E-02 1.2000E-03
6.5564E-02 1.2000E-03
1.6033E-02 1.2000E-03
2.2179E-02 1.2000E-03
2.1686E-02 1.2000E-03
4.8057E-02 1.2000E-03
2.8726E-02 1.2000E-03
3.3432E-02 1.2000E-03
1.8014E-02 1.2000E-03
6.3720E-02 1.2000E-03
2.3103E-02 1.2000E-03
2.2940E-02 1.2000E-03
2.7900E-02 1.2000E-03
3.4754E-02 1.2000E-03
4.8911E-02 1.2000E-03
3.1485E-02 1.2000E-03
1.9358E-02 1.2000E-03
3.1836E-02 1.2000E-03
2.8732E-02 1.2000E-03
5.2724E-02 1.2000E-03
1.9692E-02 1.2000E-03
4.1676E-02 1.2000E-03
4.1545E-02 1.2000E-03
4.1693E-02 1.2000E-03
2.0703E-02 1.2000E-03
2.9294E-02 1.2000E-03
3.7512E-02 1.2000E-03
4.6564E-02 1.2000E-03
2.5734E-02 1.2000E-03
4.0297E-02 1.2000E-03
3.7635E-02 1.2000E-03
3.0011E-02 1.2000E-03
3.0432E-02 1.2000E-03
5.1178E-02 1.2000E-03
1.5440E-02 1.2000E-03
7.7155E-02 1.2000E-03
1.9468E-02 1.2000E-03
2.3011E-02 1.2000E-03
6.6273E-02 1.2000E-03
4.7389E-02 1.2000E-03
3.3196E-02 1.2000E-03
7.3927E-02 1.2000E-03
6.4417E-02 1.2000E-03
1.7045E-02 1.2000E-03
1.1124E-01 1.2000E-03
2.6001E-02 1.2000E-03
5.8562E-02 1.2000E-03
9.8787E-02 1.2000E-03
2.3371E-02 1.2000E-03
9.6870E-02 1.2000E-03
7.3303E-02 1.2000E-03
1.7478E-02 1.2000E-03
1.5991E-01 1.2000E-03
1.7162E-02 1.2000E-03
4.7306E-02 1.2000E-03
9.4017E-02 1.2000E-03
4.7472E-02 1.2000E-03
1.3409E-01 1.2000E-03
1.4446E-02 1.2000E-03
4.6602E-02 1.2000E-03
2.2368E-02 1.2000E-03
1.0487E-01 1.2000E-03
4.5812E-03 1.2000E-03
2.8735E-02 1.2000E-03
2.8665E-02 1.2000E-03
4.9010E-02 1.2000E-03
9.3325E-02 1.2000E-03
5.9548E-02 1.2000E-03
4.7058E-03 1.2000E-03
8.6583E-02 1.2000E-03
4.0589E-02 1.2000E-03
3.5180E-02 1.2000E-03
1.0528E-01 1.2000E-03
2.3039E-02 1.2000E-03
5.6017E-02 1.2000E-03
6.9291E-02 1.2000E-03
5.1912E-02 1.2000E-03
4.1533E-02 1.2000E-03
6.5818E-02 1.2000E-03
3.2361E-02 1.2000E-03
1.0732E-01 1.2000E-03
4.1964E-02 1.2000E-03
6.4181E-02 1.2000E-03
8.3428E-02 1.2000E-03
1.1993E-01 1.2000E-03
7.1595E-02 1.2000E-03
9.3448E-02 1.2000E-03
3.1421E-02 1.2000E-03
9.8072E-02 1.2000E-03
2.5506E-02 1.2000E-03
6.5967E-02 1.2000E-03
5.6711E-02 1.2000E-03
5.5635E-02 1.2000E-03
9.0053E-02 1.2000E-03
8.2247E-02 1.2000E-03
3.2503E-02 1.2000E-03
9.8462E-02 1.2000E-03
6.5770E-02 1.2000E-03
3.4372E-02 1.2000E-03
1.1671E-01 1.2000E-03
5.6556E-02 1.2000E-03
1.9866E-02 1.2000E-03
4.3282E-02 1.2000E-03
1.8916E-02 1.2000E-03
9.1063E-02 1.2000E-03
6.4917E-02 1.2000E-03
2.5311E-02 1.2000E-03
1.6053E-02 1.2000E-03
5.0663E-02 1.2000E-03
2.9350E-02 1.2000E-03
3.2752E-02 1.2000E-03
2.4630E-02 1.2000E-03
6.3509E-02 1.2000E-03
1.8001E-02 1.2000E-03
3.4421E-02 1.2000E-03
2.3372E-02 1.2000E-03
3.6013E-02 1.2000E-03
2.5233E-02 1.2000E-03
3.3447E-02 1.2000E-03
2.5264E-02 1.2000E-03
5.1859E-02 1.2000E-03
3.0190E-02 1.2000E-03
1.6976E-02 1.2000E-03
3.0720E-02 1.2000E-03
5.8031E-02 1.2000E-03
1.5296E-02 1.2000E-03
2.8752E-02 1.2000E-03
1.5462E-02 1.2000E-03
6.2699E-02 1.2000E-03
4.7838E-02 1.2000E-03
1.1905E-02 1.2000E-03
1.4917E-02 1.2000E-03
2.0096E-02 1.2000E-03
5.4959E-02 1.2000E-03
2.2373E-02 1.2000E-03
2.5879E-02 1.2000E-03
3.2639E-02 1.2000E-03
8.5393E-02 1.2000E-03
1.8181E-02 1.2000E-03
3.7028E-02 1.2000E-03
1.4608E-02 1.2000E-03
5.5073E-02 1.2000E-03
8.4671E-02 1.2000E-03
2.9486E-02 1.2000E-03
4.1336E-02 1.2000E-03
7.0996E-02 1.2000E-03
7.5443E-02 1.2000E-03
2.5896E-02 1.2000E-03
1.5193E-01 1.2000E-03
5.9555E-02 1.2000E-03
1.9240E-02 1.2000E-03
1.0052E-01 1.2000E-03
7.4328E-02 1.2000E-03
1.3735E-01 1.2000E-03
1.1130E-02 1.2000E-03
4.5157E-02 1.2000E-03
1.5160E-02 1.2000E-03
9.2843E-02 1.2000E-03
1.1794E-01 1.2000E-03
8.6773E-03 1.2000E-03
5.1914E-02 1.2000E-03
6.8529E-02 1.2000E-03
1.1855E-01 1.2000E-03
3.3015E-02 1.2000E-03
5.1880E-02 1.2000E-03
2.4068E-02 1.2000E-03
8.2241E-02 1.2000E-03
8.7857E-02 1.2000E-03
2.6503E-02 1.2000E-03
2.1978E-02 1.2000E-03
1.5852E-02 1.2000E-03
9.1810E-02 1.2000E-03
2.6127E-02 1.2000E-03
2.5014E-02 1.2000E-03
3.5404E-02 1.2000E-03
6.9486E-02 1.2000E-03
1.4659E-02 1.2000E-03
4.3009E-02 1.2000E-03
8.0883E-03 1.2000E-03
2.1032E-02 1.2000E-03
2.8088E-02 1.2000E-03
2.4645E-02 1.2000E-03
1.0942E-02 1.2000E-03
4.2076E-02 1.2000E-03
3.8972E-02 1.2000E-03
3.8861E-03 1.2000E-03
1.3776E-02 1.2000E-03
6.0040E-03 1.2000E-03
2.7162E-02 1.2000E-03
1.5615E-02 1.2000E-03
6.3449E-03 1.2000E-03
1.6730E-02 1.2000E-03
2.2402E-02 1.2000E-03
4.6820E-03 1.2000E-03
1.2717E-02 1.2000E-03
8.6809E-03 1.2000E-03
2.6456E-02 1.2000E-03
6.1333E-03 1.2000E-03
3.7015E-03 1.2000E-03
8.1446E-03 1.2000E-03
1.6991E-02 1.2000E-03
4.9335E-03 1.2000E-03
4.5312E-03 1.2000E-03
9.2572E-03 1.2000E-03
1.3493E-02 1.2000E-03
1.9542E-02 1.2000E-03
1.1371E-02 1.2000E-03
7.5497E-03 1.2000E-03
1.1894E-02 1.2000E-03
2.1190E-02 1.2000E-03
1.2584E-02 1.2000E-03
7.9558E-03 1.2000E-03
1.1121E-02 1.2000E-03
2.1094E-02 1.2000E-03
3.6425E-02 1.2000E-03
4.8632E-03 1.2000E-03
1.1327E-02 1.2000E-03
1.3138E-02 1.2000E-03
4.0362E-02 1.2000E-03
1.5295E-02 1.2000E-03
1.6271E-02 1.2000E-03
2.0968E-02 1.2000E-03
4.4245E-02 1.2000E-03
5.9484E-03 1.2000E-03
2.5142E-02 1.2000E-03
2.6183E-02 1.2000E-03
7.1994E-02 1.2000E-03
1.7575E-02 1.2000E-03
3.0272E-02 1.2000E-03
2.9270E-02 1.2000E-03
6.7908E-02 1.2000E-03
9.7694E-03 1.2000E-03
5.6037E-02 1.2000E-03
1.1943E-02 1.2000E-03
7.4340E-02 1.2000E-03
1.0184E-01 1.2000E-03
1.3455E-02 1.2000E-03
4.0356E-02 1.2000E-03
7.2716E-02 1.2000E-03
1.1502E-01 1.2000E-03
5.3806E-02 1.2000E-03
4.6408E-02 1.2000E-03
2.7908E-02 1.2000E-03
1.2366E-01 1.2000E-03
5.6897E-02 1.2000E-03
4.3853E-02 1.2000E-03
7.7438E-02 1.2000E-03
4.3316E-02 1.2000E-03
2.0241E-01 1.2000E-03
4.4373E-02 1.2000E-03
3.4010E-02 1.2000E-03
9.9826E-02 1.2000E-03
4.1575E-02 1.2000E-03
1.2407E-01 1.2000E-03
6.4625E-03 1.2000E-03
3.1938E-02 1.2000E-03
3.2689E-02 1.2000E-03
1.5345E-01 1.2000E-03
5.0642E-02 1.2000E-03
2.1800E-02 1.2000E-03
4.4259E-02 1.2000E-03
6.4535E-02 1.2000E-03
2.6676E-02 1.2000E-03
3.8346E-02 1.2000E-03
3.7990E-02 1.2000E-03
1.0486E-01 1.2000E-03
3.8119E-02 1.2000E-03
2.8540E-02 1.2000E-03
4.1961E-02 1.2000E-03
1.4953E-01 1.2000E-03
6.0891E-02 1.2000E-03
1.8521E-02 1.2000E-03
6.1912E-02 1.2000E-03
8.6982E-02 1.2000E-03
7.8584E-02 1.2000E-03
1.2866E-02 1.2000E-03
1.4655E-02 1.2000E-03
2.8303E-02 1.2000E-03
6.8728E-02 1.2000E-03
5.7977E-03 1.2000E-03
6.8268E-03 1.2000E-03
2.3037E-02 1.2000E-03
2.1639E-02 1.2000E-03
5.4284E-02 1.2000E-03
5.3230E-03 1.2000E-03
1.0540E-02 1.2000E-03
1.9493E-02 1.2000E-03
3.1873E-02 1.2000E-03
2.0357E-02 1.2000E-03
2.1823E-02 1.2000E-03
2.1225E-02 1.2000E-03
3.8097E-02 1.2000E-03
1.6768E-02 1.2000E-03
1.1179E-02 1.2000E-03
1.9219E-02 1.2000E-03
3.9411E-02 1.2000E-03
4.9567E-02 1.2000E-03
1.9934E-02 1.2000E-03
3.9786E-02 1.2000E-03
3.3583E-02 1.2000E-03
2.8120E-02 1.2000E-03
7.4033E-02 1.2000E-03
3.2353E-02 1.2000E-03
1.6418E-02 1.2000E-03
7.2574E-02 1.2000E-03
3.6211E-02 1.2000E-03
1.3277E-02 1.2000E-03
7.1339E-02 1.2000E-03
2.6601E-02 1.2000E-03
3.7441E-02 1.2000E-03
6.6168E-02 1.2000E-03
4.6886E-02 1.2000E-03
5.2770E-02 1.2000E-03
6.6372E-03 1.2000E-03
2.9814E-02 1.2000E-03
6.8278E-02 1.2000E-03
6.6626E-02 1.2000E-03
1.0431E-02 1.2000E-03
3.1628E-02 1.2000E-03
3.8539E-02 1.2000E-03
1.1612E-02 1.2000E-03
8.7675E-03 1.2000E-03
1.6254E-02 1.2000E-03
3.3128E-02 1.2000E-03
5.8067E-02 1.2000E-03
7.7241E-03 1.2000E-03
2.2575E-02 1.2000E-03
1.3391E-02 1.2000E-03
5.0674E-02 1.2000E-03
1.5549E-02 1.2000E-03
2.0514E-02 1.2000E-03
8.7914E-03 1.2000E-03
2.1595E-02 1.2000E-03
1.5236E-02 1.2000E-03
9.9355E-03 1.2000E-03
1.7045E-02 1.2000E-03
1.0106E-02 1.2000E-03
2.7480E-02 1.2000E-03
1.5123E-02 1.2000E-03
1.2607E-02 1.2000E-03
1.3734E-02 1.2000E-03
2.1301E-02 1.2000E-03
2.2445E-02 1.2000E-03
1.4718E-02 1.2000E-03
1.4161E-02 1.2000E-03
1.9777E-02 1.2000E-03
1.4152E-02 1.2000E-03
1.0462E-02 1.2000E-03
7.5318E-03 1.2000E-03
2.6142E-02 1.2000E-03
7.3139E-03 1.2000E-03
1.7779E-02 1.2000E-03
1.0042E-02 1.2000E-03
2.1920E-02 1.2000E-03
1.1169E-02 1.2000E-03
1.8308E-02 1.2000E-03
8.5756E-03 1.2000E-03
1.2600E-02 1.2000E-03
2.5844E-02 1.2000E-03
2.1606E-02 1.2000E-03
6.0106E-03 1.2000E-03
2.6159E-02 1.2000E-03
1.0871E-02 1.2000E-03
1.8840E-02 1.2000E-03
2.4475E-02 1.2000E-03
1.7540E-02 1.2000E-03
6.8818E-03 1.2000E-03
4.1042E-02 1.2000E-03
6.7073E-03 1.2000E-03
4.2583E-03 1.2000E-03
2.8066E-02 1.2000E-03
3.1981E-02 1.2000E-03
6.2186E-03 1.2000E-03
2.6600E-02 1.2000E-03
1.0078E-02 1.2000E-03
2.2255E-02 1.2000E-03
3.3351E-02 1.2000E-03
1.0747E-02 1.2000E-03
9.5506E-03 1.2000E-03
2.4824E-02 1.2000E-03
2.2428E-02 1.2000E-03
9.3792E-03 1.2000E-03
2.4109E-02 1.2000E-03
1.2339E-02 1.2000E-03
6.0893E-03 1.2000E-03
1.9344E-02 1.2000E-03
7.2037E-03 1.2000E-03
5.0986E-03 1.2000E-03
2.7083E-02 1.2000E-03
1.2313E-02 1.2000E-03
4.1884E-03 1.2000E-03
2.0293E-02 1.2000E-03
4.7468E-03 1.2000E-03
2.3613E-02 1.2000E-03
2.2872E-02 1.2000E-03
9.4107E-03 1.2000E-03
6.6534E-03 1.2000E-03
9.8916E-03 1.2000E-03
1.1509E-02 1.2000E-03
5.8080E-03 1.2000E-03
1.1660E-02 1.2000E-03
1.6495E-02 1.2000E-03
2.3041E-02 1.2000E-03
3.6409E-03 1.2000E-03
4.6381E-03 1.2000E-03
8.4394E-03 1.2000E-03
2.8046E-02 1.2000E-03
6.1708E-03 1.2000E-03
8.6775E-03 1.2000E-03
1.3108E-02 1.2000E-03
2.3855E-02 1.2000E-03
2.0152E-02 1.2000E-03
4.6864E-03 1.2000E-03
5.0220E-03 1.2000E-03
9.0492E-03 1.2000E-03
1.1293E-02 1.2000E-03
3.5645E-02 1.2000E-03
2.2560E-03 1.2000E-03
1.0776E-02 1.2000E-03
1.1438E-02 1.2000E-03
3.7484E-02 1.2000E-03
9.7206E-03 1.2000E-03
5.7944E-03 1.2000E-03
5.9550E-03 1.2000E-03
2.9075E-02 1.2000E-03
2.1095E-02 1.2000E-03
6.3889E-03 1.2000E-03
1.6848E-02 1.2000E-03
1.9426E-02 1.2000E-03
9.2801E-03 1.2000E-03
1.5503E-02 1.2000E-03
1.1550E-02 1.2000E-03
2.6386E-02 1.2000E-03
3.4227E-02 1.2000E-03
3.0895E-02 1.2000E-03
7.2623E-03 1.2000E-03
3.8461E-02 1.2000E-03
1.7137E-02 1.2000E-03
3.5234E-02 1.2000E-03
3.7692E-02 1.2000E-03
3.9439E-02 1.2000E-03
3.2926E-02 1.2000E-03
4.8437E-02 1.2000E-03
1.7628E-02 1.2000E-03
8.1193E-02 1.2000E-03
2.0011E-02 1.2000E-03
4.0478E-02 1.2000E-03
6.7139E-02 1.2000E-03
6.3062E-02 1.2000E-03
5.8477E-02 1.2000E-03
4.4564E-02 1.2000E-03
2.6739E-02 1.2000E-03
6.6208E-02 1.2000E-03
3.3273E-02 1.2000E-03
5.4751E-02 1.2000E-03
4.4766E-02 1.2000E-03
5.2114E-02 1.2000E-03
1.9261E-02 1.2000E-03
8.0461E-02 1.2000E-03
1.3059E-02 1.2000E-03
2.1695E-02 1.2000E-03
4.4282E-02 1.2000E-03
5.4282E-02 1.2000E-03
5.3723E-02 1.2000E-03
4.7322E-02 1.2000E-03
7.6249E-03 1.2000E-03
4.1749E-02 1.2000E-03
9.7163E-03 1.2000E-03
5.9588E-02 1.2000E-03
3.7710E-02 1.2000E-03
2.8482E-02 1.2000E-03
2.6815E-02 1.2000E-03
5.0158E-02 1.2000E-03
1.3894E-02 1.2000E-03
3.2319E-02 1.2000E-03
7.5858E-03 1.2000E-03
3.1730E-02 1.2000E-03
1.9089E-02 1.2000E-03
2.4977E-02 1.2000E-03
1.4097E-02 1.2000E-03
2.5769E-02 1.2000E-03
1.4607E-02 1.2000E-03
1.1646E-02 1.2000E-03
1.1656E-02 1.2000E-03
6.1700E-03 1.2000E-03
6.5468E-03 1.2000E-03
1.2665E-02 1.2000E-03
9.5695E-03 1.2000E-03
8.9345E-03 1.2000E-03
8.7739E-03 1.2000E-03
2.5960E-02 1.2000E-03
4.8099E-03 1.2000E-03
6.8363E-03 1.2000E-03
7.3352E-03 1.2000E-03
7.4988E-03 1.2000E-03
1.8569E-02 1.2000E-03
1.4811E-02 1.2000E-03
4.7156E-03 1.2000E-03
7.1472E-03 1.2000E-03
7.2712E-03 1.2000E-03
2.3043E-02 1.2000E-03
4.7451E-03 1.2000E-03
6.3356E-03 1.2000E-03
9.6247E-03 1.2000E-03
2.3660E-02 1.2000E-03
4.5208E-03 1.2000E-03
7.0049E-03 1.2000E-03
1.2760E-02 1.2000E-03
2.0571E-02 1.2000E-03
2.3100E-02 1.2000E-03
1.4770E-02 1.2000E-03
8.0802E-03 1.2000E-03
1.2268E-02 1.2000E-03
2.2258E-02 1.2000E-03
1.3319E-02 1.2000E-03
1.4803E-02 1.2000E-03
1.5681E-02 1.2000E-03
1.9808E-02 1.2000E-03
1.9019E-02 1.2000E-03
1.8577E-02 1.2000E-03
1.2627E-02 1.2000E-03
1.4661E-02 1.2000E-03
1.8394E-02 1.2000E-03
2.0740E-02 1.2000E-03
5.3286E-03 1.2000E-03
1.0604E-02 1.2000E-03
1.6442E-02 1.2000E-03
2.7365E-02 1.2000E-03
1.3306E-02 1.2000E-03
2.4633E-02 1.2000E-03
1.2426E-02 1.2000E-03
1.6386E-02 1.2000E-03
1.7079E-02 1.2000E-03
2.0694E-02 1.2000E-03
5.5688E-03 1.2000E-03
3.3538E-02 1.2000E-03
4.8817E-03 1.2000E-03
1.0861E-02 1.2000E-03
3.6549E-02 1.2000E-03
3.3058E-02 1.2000E-03
9.3272E-03 1.2000E-03
9.1206E-03 1.2000E-03
7.5882E-03 1.2000E-03
3.6911E-02 1.2000E-03
2.1044E-02 1.2000E-03
1.4839E-02 1.2000E-03
3.0807E-02 1.2000E-03
4.2981E-02 1.2000E-03
6.1417E-03 1.2000E-03
3.3390E-03 1.2000E-03
9.8510E-03 1.2000E-03
2.0488E-02 1.2000E-03
4.9482E-02 1.2000E-03
3.2940E-03 1.2000E-03
3.5312E-02 1.2000E-03
8.1590E-03 1.2000E-03
6.0208E-02 1.2000E-03
4.1938E-02 1.2000E-03
1.0155E-02 1.2000E-03
1.2534E-02 1.2000E-03
3.4510E-02 1.2000E-03
2.6821E-02 1.2000E-03
7.5547E-03 1.2000E-03
5.8795E-02 1.2000E-03
1.1037E-02 1.2000E-03
1.3717E-02 1.2000E-03
2.7299E-02 1.2000E-03
1.2542E-02 1.2000E-03
6.7358E-02 1.2000E-03
7.8142E-03 1.2000E-03
9.6434E-03 1.2000E-03
1.1991E-02 1.2000E-03
7.6385E-02 1.2000E-03
2.5359E-02 1.2000E-03
8.9606E-03 1.2000E-03
1.0297E-02 1.2000E-03
3.0594E-02 1.2000E-03
2.4020E-02 1.2000E-03
6.2950E-03 1.2000E-03
7.2340E-03 1.2000E-03
1.9515E-02 1.2000E-03
1.8791E-02 1.2000E-03
8.6751E-03 1.2000E-03
2.3056E-02 1.2000E-03
1.1555E-02 1.2000E-03
1.6353E-02 1.2000E-03
3.1452E-02 1.2000E-03
2.4668E-02 1.2000E-03
7.5627E-03 1.2000E-03
5.3334E-02 1.2000E-03
2.6405E-02 1.2000E-03
1.8660E-02 1.2000E-03
6.6394E-02 1.2000E-03
3.1116E-02 1.2000E-03
5.9213E-02 1.2000E-03
1.2254E-01 1.2000E-03
4.3150E-02 1.2000E-03
7.1111E-02 1.2000E-03
1.3416E-02 1.2000E-03
8.5668E-02 1.2000E-03
6.5235E-02 1.2000E-03
1.1965E-01 1.2000E-03
2.6052E-02 1.2000E-03
1.0694E-01 1.2000E-03
4.8868E-02 1.2000E-03
1.8213E-02 1.2000E-03
6.4045E-02 1.2000E-03
5.9920E-02 1.2000E-03
5.5435E-02 1.2000E-03
4.0972E-03 1.2000E-03
3.6233E-02 1.2000E-03
8.5705E-03 1.2000E-03
3.7736E-02 1.2000E-03
2.4102E-02 1.2000E-03
8.7600E-03 1.2000E-03
1.2876E-02 1.2000E-03
1.7824E-02 1.2000E-03
6.2994E-03 1.2000E-03
6.7872E-03 1.2000E-03
1.6756E-02 1.2000E-03
1.7472E-02 1.2000E-03
1.4979E-02 1.2000E-03
3.3321E-03 1.2000E-03
1.2462E-02 1.2000E-03
1.2426E-02 1.2000E-03
1.7863E-02 1.2000E-03
6.6623E-03 1.2000E-03
1.0507E-02 1.2000E-03
1.1085E-02 1.2000E-03
1.7139E-02 1.2000E-03
3.6642E-03 1.2000E-03
4.0589E-03 1.2000E-03
6.7538E-03 1.2000E-03
1.0636E-02 1.2000E-03
1.4438E-02 1.2000E-03
3.8532E-03 1.2000E-03
3.2455E-03 1.2000E-03
6.8859E-03 1.2000E-03
1.4151E-02 1.2000E-03
2.3899E-03 1.2000E-03
3.1058E-03 1.2000E-03
7.8768E-03 1.2000E-03
1.0402E-02 1.2000E-03
1.3831E-02 1.2000E-03
6.6226E-03 1.2000E-03
2.8375E-03 1.2000E-03
4.9357E-03 1.2000E-03
9.9333E-03 1.2000E-03
1.0906E-02 1.2000E-03
4.5137E-03 1.2000E-03
9.1691E-03 1.2000E-03
8.6658E-03 1.2000E-03
5.0964E-03 1.2000E-03
1.4927E-02 1.2000E-03
8.2054E-03 1.2000E-03
3.2772E-03 1.2000E-03
1.6908E-02 1.2000E-03
9.8562E-03 1.2000E-03
2.1989E-03 1.2000E-03
5.1058E-03 1.2000E-03
7.7556E-03 1.2000E-03
1.7243E-02 1.2000E-03
1.7650E-02 1.2000E-03
5.0848E-03 1.2000E-03
1.9949E-03 1.2000E-03
5.0372E-03 1.2000E-03
1.4418E-02 1.2000E-03
5.3339E-03 1.2000E-03
4.0674E-03 1.2000E-03
7.4840E-03 1.2000E-03
1.0063E-02 1.2000E-03
1.4814E-02 1.2000E-03
3.8023E-03 1.2000E-03
4.8606E-03 1.2000E-03
4.9517E-03 1.2000E-03
1.0472E-02 1.2000E-03
1.8073E-02 1.2000E-03
4.6151E-03 1.2000E-03
5.6111E-03 1.2000E-03
9.5118E-03 1.2000E-03
1.7022E-02 1.2000E-03
4.5888E-03 1.2000E-03
8.3729E-03 1.2000E-03
9.5951E-03 1.2000E-03
2.2913E-02 1.2000E-03
6.9829E-03 1.2000E-03
1.4360E-02 1.2000E-03
1.7345E-02 1.2000E-03
3.4547E-02 1.2000E-03
1.2496E-02 1.2000E-03
2.3389E-02 1.2000E-03
2.1320E-02 1.2000E-03
4.4000E-02 1.2000E-03
3.0561E-02 1.2000E-03
8.5879E-02 1.2000E-03
1.9879E-02 1.2000E-03
4.2906E-02 1.2000E-03
9.4300E-02 1.2000E-03
3.3634E-02 1.2000E-03
1.0170E-01 1.2000E-03
3.5409E-02 1.2000E-03
7.3799E-02 1.2000E-03
1.1314E-02 1.2000E-03
4.7482E-02 1.2000E-03
1.5702E-02 1.2000E-03
6.4309E-02 1.2000E-03
2.9865E-02 1.2000E-03
4.2522E-02 1.2000E-03
1.9916E-02 1.2000E-03
4.0286E-02 1.2000E-03
1.3843E-02 1.2000E-03
1.5725E-02 1.2000E-03
2.1373E-02 1.2000E-03
3.7810E-02 1.2000E-03
8.4556E-03 1.2000E-03
8.4347E-03 1.2000E-03
1.8364E-02 1.2000E-03
2.8990E-02 1.2000E-03
1.3637E-02 1.2000E-03
1.3899E-02 1.2000E-03
1.8676E-02 1.2000E-03
5.5662E-02 1.2000E-03
1.0792E-02 1.2000E-03
1.7477E-02 1.2000E-03
3.0829E-02 1.2000E-03
5.7362E-02 1.2000E-03
1.1156E-01 1.2000E-03
2.5593E-02 1.2000E-03
2.1553E-02 1.2000E-03
1.3966E-02 1.2000E-03
6.6527E-02 1.2000E-03
5.5738E-02 1.2000E-03
1.1530E-02 1.2000E-03
1.6040E-02 1.2000E-03
2.4906E-02 1.2000E-03
1.1353E-02 1.2000E-03
1.6548E-02 1.2000E-03
8.8904E-03 1.2000E-03
1.4746E-02 1.2000E-03
8.3730E-03 1.2000E-03
1.1960E-02 1.2000E-03
3.4063E-03 1.2000E-03
1.5915E-02 1.2000E-03
1.0012E-02 1.2000E-03
2.1913E-02 1.2000E-03
5.0249E-03 1.2000E-03
7.2338E-03 1.2000E-03
7.8124E-03 1.2000E-03
9.0439E-03 1.2000E-03
5.9277E-03 1.2000E-03
7.5683E-03 1.2000E-03
1.0958E-02 1.2000E-03
4.4276E-03 1.2000E-03
4.0352E-03 1.2000E-03
4.7693E-03 1.2000E-03
8.9517E-03 1.2000E-03
3.1116E-03 1.2000E-03
3.9229E-03 1.2000E-03
4.3569E-03 1.2000E-03
1.0386E-02 1.2000E-03
2.8719E-03 1.2000E-03
9.3126E-04 1.2000E-03
2.8078E-03 1.2000E-03
6.4711E-03 1.2000E-03
8.5258E-03 1.2000E-03
2.1675E-03 1.2000E-03
4.1450E-03 1.2000E-03
3.2611E-03 1.2000E-03
6.3710E-03 1.2000E-03
7.4531E-03 1.2000E-03
7.1967E-04 1.2000E-03
1.0243E-03 1.2000E-03
3.8142E-03 1.2000E-03
6.8615E-03 1.2000E-03
8.0354E-03 1.2000E-03
2.4252E-03 1.2000E-03
4.3092E-03 1.2000E-03
4.1187E-03 1.2000E-03
2.0388E-03 1.2000E-03
5.6870E-03 1.2000E-03
3.4425E-03 1.2000E-03
3.2178E-03 1.2000E-03
7.7130E-03 1.2000E-03
3.1868E-03 1.2000E-03
5.4877E-04 1.2000E-03
3.2734E-03 1.2000E-03
6.1683E-03 1.2000E-03
9.4889E-04 1.2000E-03
3.8986E-03 1.2000E-03
3.7508E-03 1.2000E-03
6.8906E-03 1.2000E-03
5.1630E-03 1.2000E-03
1.6259E-03 1.2000E-03
3.6533E-03 1.2000E-03
4.1627E-03 1.2000E-03
1.5852E-03 1.2000E-03
6.8837E-03 1.2000E-03
3.5960E-03 1.2000E-03
9.9745E-03 1.2000E-03
5.4793E-03 1.2000E-03
1.6093E-03 1.2000E-03
2.5064E-03 1.2000E-03
3.7080E-03 1.2000E-03
5.4233E-03 1.2000E-03
8.3355E-03 1.2000E-03
5.1515E-03 1.2000E-03
4.8690E-04 1.2000E-03
1.5016E-03 1.2000E-03
4.0753E-03 1.2000E-03
2.5491E-03 1.2000E-03
5.7887E-03 1.2000E-03
2.7404E-03 1.2000E-03
6.4852E-03 1.2000E-03
2.0586E-03 1.2000E-03
7.9251E-04 1.2000E-03
9.9934E-04 1.2000E-03
1.9223E-03 1.2000E-03
4.8035E-03 1.2000E-03
3.4193E-03 1.2000E-03
1.9224E-03 1.2000E-03
2.2490E-03 1.2000E-03
2.4504E-03 1.2000E-03
1.7506E-03 1.2000E-03
2.4650E-03 1.2000E-03
2.5387E-03 1.2000E-03
3.1084E-03 1.2000E-03
3.3415E-03 1.2000E-03
2.9308E-03 1.2000E-03
4.7356E-04 1.2000E-03
9.6820E-04 1.2000E-03
1.8668E-03 1.2000E-03
2.8644E-03 1.2000E-03
2.2602E-03 1.2000E-03
2.6809E-03 1.2000E-03
1.5788E-03 1.2000E-03
2.0600E-03 1.2000E-03
2.1443E-03 1.2000E-03
1.1859E-03 1.2000E-03
1.6815E-03 1.2000E-03
2.6777E-03 1.2000E-03
2.5466E-03 1.2000E-03
1.7185E-03 1.2000E-03
2.3674E-03 1.2000E-03
1.6291E-03 1.2000E-03
8.3217E-04 1.2000E-03
2.2192E-03 1.2000E-03
1.9726E-03 1.2000E-03
9.0318E-04 1.2000E-03
3.3201E-03 1.2000E-03
1.6629E-03 1.2000E-03
7.3045E-04 1.2000E-03
2.7960E-03 1.2000E-03
1.4298E-03 1.2000E-03
1.3099E-03 1.2000E-03
5.1239E-03 1.2000E-03
2.2250E-03 1.2000E-03
4.4435E-04 1.2000E-03
6.2466E-03 1.2000E-03
3.5945E-02 1.2000E-03
2.3293E-02 1.2000E-03
4.7311E-02 1.2000E-03
3.6354E-02 1.2000E-03
1.0539E-02 1.2000E-03
1.9891E-02 1.2000E-03
2.6492E-02 1.2000E-03
1.7798E-02 1.2000E-03
1.3806E-02 1.2000E-03
1.0761E-02 1.2000E-03
2.0175E-02 1.2000E-03
2.6115E-02 1.2000E-03
3.9648E-03 1.2000E-03
4.8634E-03 1.2000E-03
6.3926E-03 1.2000E-03
1.6766E-02 1.2000E-03
1.3977E-02 1.2000E-03
2.3697E-03 1.2000E-03
5.3787E-03 1.2000E-03
7.2788E-03 1.2000E-03
1.7858E-02 1.2000E-03
1.4626E-02 1.2000E-03
7.4046E-03 1.2000E-03
4.1518E-03 1.2000E-03
6.3130E-03 1.2000E-03
1.5250E-02 1.2000E-03
7.8429E-03 1.2000E-03
4.9474E-03 1.2000E-03
9.2881E-03 1.2000E-03
1.6780E-02 1.2000E-03
7.1360E-03 1.2000E-03
4.2305E-03 1.2000E-03
5.8003E-03 1.2000E-03
9.7578E-03 1.2000E-03
6.0595E-03 1.2000E-03
6.9165E-03 1.2000E-03
6.1619E-03 1.2000E-03
5.2977E-03 1.2000E-03
4.6124E-03 1.2000E-03
3.7586E-03 1.2000E-03
4.1597E-03 1.2000E-03
5.8650E-03 1.2000E-03
6.2069E-03 1.2000E-03
3.2029E-03 1.2000E-03
4.3796E-03 1.2000E-03
5.3821E-03 1.2000E-03
3.5502E-03 1.2000E-03
4.2498E-03 1.2000E-03
5.2869E-03 1.2000E-03
4.1738E-03 1.2000E-03
4.5892E-03 1.2000E-03
4.9425E-03 1.2000E-03
3.4621E-03 1.2000E-03
4.0124E-03 1.2000E-03
2.8222E-03 1.2000E-03
5.7024E-03 1.2000E-03
1.1357E-02 1.2000E-03
2.7277E-03 1.2000E-03
2.0265E-03 1.2000E-03
4.6130E-03 1.2000E-03
8.1524E-03 1.2000E-03
8.8440E-04 1.2000E-03
3.3230E-03 1.2000E-03
4.2773E-03 1.2000E-03
8.2886E-03 1.2000E-03
7.1887E-03 1.2000E-03
2.0782E-03 1.2000E-03
3.7344E-03 1.2000E-03
3.7489E-03 1.2000E-03
3.8323E-03 1.2000E-03
1.1873E-02 1.2000E-03
5.4940E-03 1.2000E-03
9.4162E-04 1.2000E-03
4.8433E-03 1.2000E-03
5.3538E-03 1.2000E-03
5.6925E-03 1.2000E-03
1.3035E-02 1.2000E-03
5.7414E-03 1.2000E-03
2.1742E-03 1.2000E-03
2.5471E-03 1.2000E-03
2.6708E-03 1.2000E-03
6.7380E-03 1.2000E-03
9.4570E-03 1.2000E-03
9.1913E-03 1.2000E-03
1.9620E-03 1.2000E-03
1.7743E-03 1.2000E-03
2.7777E-03 1.2000E-03
3.5920E-03 1.2000E-03
7.3550E-03 1.2000E-03
6.5271E-03 1.2000E-03
1.3474E-03 1.2000E-03
3.0656E-03 1.2000E-03
1.9233E-03 1.2000E-03
5.1595E-03 1.2000E-03
4.8562E-03 1.2000E-03
3.3083E-03 1.2000E-03
1.8236E-03 1.2000E-03
3.7565E-03 1.2000E-03
3.1632E-03 1.2000E-03
4.3011E-03 1.2000E-03
5.1229E-03 1.2000E-03
4.5537E-03 1.2000E-03
3.2889E-03 1.2000E-03
4.0509E-03 1.2000E-03
3.7086E-03 1.2000E-03
2.4037E-03 1.2000E-03
6.8876E-03 1.2000E-03
3.8104E-03 1.2000E-03
3.6739E-03 1.2000E-03
7.4223E-03 1.2000E-03
4.8729E-03 1.2000E-03
2.0726E-03 1.2000E-03
5.2719E-03 1.2000E-03
5.0748E-03 1.2000E-03
7.8559E-03 1.2000E-03
8.5084E-03 1.2000E-03
2.4333E-03 1.2000E-03
6.6531E-03 1.2000E-03
7.3577E-03 1.2000E-03
1.2463E-02 1.2000E-03
1.2042E-02 1.2000E-03
1.1973E-02 1.2000E-03
8.3827E-03 1.2000E-03
1.0334E-02 1.2000E-03
1.2408E-02 1.2000E-03
1.3210E-02 1.2000E-03
2.3942E-02 1.2000E-03
2.4427E-02 1.2000E-03
2.0180E-02 1.2000E-03
2.3135E-02 1.2000E-03
2.7058E-02 1.2000E-03
6.0285E-03 1.2000E-03
3.9384E-02 1.2000E-03
2.9113E-02 1.2000E-03
4.4167E-02 1.2000E-03
6.6720E-02 1.2000E-03
2.5960E-02 1.2000E-03
3.7510E-03 1.2000E-03
4.1083E-02 1.2000E-03
1.7484E-02 1.2000E-03
5.7015E-02 1.2000E-03
6.1000E-02 1.2000E-03
2.5620E-02 1.2000E-03
1.3543E-02 1.2000E-03
5.7994E-02 1.2000E-03
2.0668E-02 1.2000E-03
1.6969E-02 1.2000E-03
8.2678E-03 1.2000E-03
5.0242E-02 1.2000E-03
1.3941E-02 1.2000E-03
2.3058E-02 1.2000E-03
2.1763E-02 1.2000E-03
1.1676E-02 1.2000E-03
1.9485E-02 1.2000E-03
1.3366E-02 1.2000E-03
1.0800E-02 1.2000E-03
1.9073E-02 1.2000E-03
9.4459E-03 1.2000E-03
1.1355E-02 1.2000E-03
1.7743E-02 1.2000E-03
2.0917E-02 1.2000E-03
8.0166E-03 1.2000E-03
2.0284E-02 1.2000E-03
1.5873E-02 1.2000E-03
7.9325E-03 1.2000E-03
1.1533E-02 1.2000E-03
2.1678E-02 1.2000E-03
9.6800E-03 1.2000E-03
1.3056E-02 1.2000E-03
8.3506E-03 1.2000E-03
7.4197E-03 1.2000E-03
1.0302E-02 1.2000E-03
8.1917E-03 1.2000E-03
7.4603E-03 1.2000E-03
2.1560E-02 1.2000E-03
1.4834E-02 1.2000E-03
3.5173E-03 1.2000E-03
1.2228E-02 1.2000E-03
9.3283E-03 1.2000E-03
1.8942E-02 1.2000E-03
2.9700E-02 1.2000E-03
3.2810E-03 1.2000E-03
2.3451E-03 1.2000E-03
1.0461E-02 1.2000E-03
1.5843E-02 1.2000E-03
1.4472E-02 1.2000E-03
1.4995E-02 1.2000E-03
1.2078E-02 1.2000E-03
2.7550E-02 1.2000E-03
7.3982E-03 1.2000E-03
3.3609E-03 1.2000E-03
7.4674E-03 1.2000E-03
2.7463E-02 1.2000E-03
1.1620E-02 1.2000E-03
1.7874E-02 1.2000E-03
1.6587E-02 1.2000E-03
1.7522E-02 1.2000E-03
1.1767E-02 1.2000E-03
1.2274E-02 1.2000E-03
5.7223E-03 1.2000E-03
7.3099E-03 1.2000E-03
2.1707E-02 1.2000E-03
1.8821E-02 1.2000E-03
1.5040E-03 1.2000E-03
9.2558E-03 1.2000E-03
7.1134E-03 1.2000E-03
1.9016E-02 1.2000E-03
1.2369E-02 1.2000E-03
4.5645E-03 1.2000E-03
1.0653E-02 1.2000E-03
9.7018E-03 1.2000E-03
1.0124E-02 1.2000E-03
1.1697E-02 1.2000E-03
5.8594E-03 1.2000E-03
5.4940E-03 1.2000E-03
7.8472E-03 1.2000E-03
1.1698E-02 1.2000E-03
8.1595E-03 1.2000E-03
6.3175E-03 1.2000E-03
7.0547E-03 1.2000E-03
1.0392E-02 1.2000E-03
8.2248E-03 1.2000E-03
3.1070E-03 1.2000E-03
6.5441E-03 1.2000E-03
4.2785E-03 1.2000E-03
1.0278E-02 1.2000E-03
3.0018E-03 1.2000E-03
8.0660E-03 1.2000E-03
4.0807E-03 1.2000E-03
5.2949E-03 1.2000E-03
3.8891E-03 1.2000E-03
2.4489E-03 1.2000E-03
4.6264E-03 1.2000E-03
2.1927E-03 1.2000E-03
2.1203E-03 1.2000E-03
5.2169E-03 1.2000E-03
6.5307E-03 1.2000E-03
3.5714E-03 1.2000E-03
2.2222E-03 1.2000E-03
2.3782E-03 1.2000E-03
2.1299E-03 1.2000E-03
3.7556E-03 1.2000E-03
1.5771E-03 1.2000E-03
4.1244E-03 1.2000E-03
1.8300E-03 1.2000E-03
3.0078E-03 1.2000E-03
3.1784E-03 1.2000E-03
1.1846E-03 1.2000E-03
1.0495E-03 1.2000E-03
1.0562E-03 1.2000E-03
1.7820E-03 1.2000E-03
2.5468E-03 1.2000E-03
1.6019E-03 1.2000E-03
2.9641E-03 1.2000E-03
1.4043E-03 1.2000E-03
3.1045E-03 1.2000E-03
1.9982E-03 1.2000E-03
1.0608E-03 1.2000E-03
1.4848E-03 1.2000E-03
1.4497E-03 1.2000E-03
2.9092E-03 1.2000E-03
2.0180E-03 1.2000E-03
9.3387E-04 1.2000E-03
1.6668E-03 1.2000E-03
2.5247E-03 1.2000E-03
1.1048E-03 1.2000E-03
1.1237E-03 1.2000E-03
1.2848E-03 1.2000E-03
2.5966E-03 1.2000E-03
2.6138E-03 1.2000E-03
1.3335E-03 1.2000E-03
2.0288E-03 1.2000E-03
1.5903E-03 1.2000E-03
1.1928E-03 1.2000E-03
3.4017E-03 1.2000E-03
1.3768E-03 1.2000E-03
5.0163E-04 1.2000E-03
2.5427E-03 1.2000E-03
1.3383E-03 1.2000E-03
1.3890E-03 1.2000E-03
3.2947E-03 1.2000E-03
4.0379E-03 1.2000E-03
2.4793E-04 1.2000E-03
