537.1
152.5
185.2
169.3
171.5
163.2
152.9
153.9
152.3
168.4
150.8
119.2
120.5
155.5
152.8
119.9
119.0
144.6
153.8
152.6
120.7
119.5
122.4
152.8
150.5
153.3
153.6
124.1
151.8
123.2
122.4
152.7
155.3
120.6
120.6
121.3
153.1
120.3
114.3
122.3
122.4
122.8
117.2
120.9
122.5
121.6
119.4
153.5
121.2
121.5
113.3
120.0
120.1
121.3
122.7
122.5
122.6
123.8
124.6
122.8
121.0
120.8
121.0
121.2
121.0
105.2
136.4
124.2
122.3
122.1
123.3
121.8
123.3
103.8
148.5
125.0
103.2
116.6
121.2
122.5
122.5
124.7
121.6
121.1
122.3
121.0
121.4
122.5
105.1
119.9
121.4
106.8
121.3
121.8
107.4
119.2
102.7
120.5
123.2
123.5
104.8
122.0
105.0
100.9
130.7
120.4
121.4
122.5
125.3
106.2
121.7
104.0
105.2
115.2
104.0
104.1
122.0
107.1
102.0
140.8
105.4
118.3
121.3
122.1
122.7
121.9
121.8
122.1
122.0
124.0
121.3
115.0
118.8
122.4
114.4
123.3
121.3
121.9
120.9
121.4
123.3
122.5
124.0
123.4
120.6
121.0
124.8
121.5
121.6
121.1
120.9
119.9
113.7
122.5
121.1
120.1
121.5
121.0
121.8
122.9
124.4
120.7
121.7
124.0
121.7
122.9
121.5
120.7
124.4
121.2
121.9
120.3
119.6
120.4
121.6
122.3
121.2
124.8
120.0
122.0
104.2
120.7
115.9
120.6
120.4
122.8
122.3
120.3
122.3
120.8
122.2
123.1
113.4
123.0
120.1
120.6
122.2
121.2
120.7
120.8
120.2
122.9
122.1
121.0
104.8
124.3
119.1
106.3
104.0
133.8
123.2
122.5
103.6
121.0
103.6
104.4
137.2
104.9
104.4
106.9
106.2
129.9
104.7
103.9
106.1
137.5
106.4
103.7
104.1
104.8
106.1
106.1
105.2
137.9
104.3
103.3
119.9
106.9
104.2
106.8
107.1
132.6
105.5
106.3
105.7
106.0
108.0
108.2
106.1
105.2
103.8
136.9
104.2
106.8
106.8
104.4
105.9
105.3
104.5
104.7
106.7
105.7
103.6
106.1
106.8
105.3
105.4
105.9
104.9
104.2
100.5
106.6
105.9
106.2
104.8
104.6
104.1
106.4
109.4
105.7
103.9
105.8
105.5
106.6
105.2
106.8
105.0
103.3
