Max Step   Target
1.1940E-02 1.2000E-03
1.0974E-01 1.2000E-03
2.7142E-02 1.2000E-03
4.8353E-02 1.2000E-03
5.3595E-02 1.2000E-03
2.8290E-02 1.2000E-03
1.3038E-02 1.2000E-03
1.5393E-02 1.2000E-03
3.0067E-02 1.2000E-03
8.4863E-03 1.2000E-03
6.3275E-03 1.2000E-03
2.1879E-02 1.2000E-03
3.7483E-02 1.2000E-03
5.1063E-02 1.2000E-03
9.7865E-03 1.2000E-03
1.2378E-02 1.2000E-03
1.5377E-02 1.2000E-03
1.9721E-02 1.2000E-03
2.0252E-02 1.2000E-03
6.5634E-03 1.2000E-03
4.4959E-03 1.2000E-03
1.2994E-02 1.2000E-03
2.2313E-02 1.2000E-03
4.0088E-03 1.2000E-03
8.4578E-03 1.2000E-03
1.2656E-02 1.2000E-03
2.0128E-02 1.2000E-03
1.1288E-02 1.2000E-03
2.3220E-03 1.2000E-03
2.8003E-03 1.2000E-03
4.9929E-03 1.2000E-03
6.4404E-03 1.2000E-03
7.0731E-03 1.2000E-03
5.4527E-03 1.2000E-03
4.0558E-03 1.2000E-03
7.8184E-03 1.2000E-03
3.2502E-03 1.2000E-03
2.7117E-03 1.2000E-03
5.7691E-03 1.2000E-03
4.1107E-03 1.2000E-03
2.6186E-03 1.2000E-03
1.9685E-03 1.2000E-03
2.0846E-03 1.2000E-03
4.8393E-03 1.2000E-03
5.9681E-03 1.2000E-03
2.8307E-03 1.2000E-03
2.2168E-03 1.2000E-03
1.4802E-03 1.2000E-03
5.0746E-03 1.2000E-03
5.7938E-03 1.2000E-03
6.3594E-04 1.2000E-03
9.7642E-04 1.2000E-03
1.6252E-03 1.2000E-03
3.6451E-03 1.2000E-03
6.0980E-03 1.2000E-03
1.3468E-03 1.2000E-03
1.1021E-03 1.2000E-03
2.0130E-03 1.2000E-03
6.2251E-03 1.2000E-03
2.4883E-03 1.2000E-03
2.4674E-03 1.2000E-03
2.3829E-03 1.2000E-03
3.9015E-03 1.2000E-03
2.0994E-03 1.2000E-03
1.4746E-03 1.2000E-03
2.5610E-03 1.2000E-03
2.1514E-03 1.2000E-03
8.0268E-04 1.2000E-03
3.3409E-03 1.2000E-03
1.1224E-03 1.2000E-03
3.7751E-03 1.2000E-03
1.3209E-03 1.2000E-03
7.4239E-04 1.2000E-03
6.7686E-04 1.2000E-03
2.0034E-03 1.2000E-03
2.6261E-03 1.2000E-03
5.0821E-03 1.2000E-03
8.5954E-04 1.2000E-03
1.7730E-04 1.2000E-03
