RMS Step   Target
2.8653E-04 8.0000E-04
2.7322E-03 8.0000E-04
8.8679E-04 8.0000E-04
1.6784E-03 8.0000E-04
1.7977E-03 8.0000E-04
1.0190E-03 8.0000E-04
5.7155E-04 8.0000E-04
6.5645E-04 8.0000E-04
1.2034E-03 8.0000E-04
3.5313E-04 8.0000E-04
2.2609E-04 8.0000E-04
6.7265E-04 8.0000E-04
1.0924E-03 8.0000E-04
1.4918E-03 8.0000E-04
3.5860E-04 8.0000E-04
5.3843E-04 8.0000E-04
6.2383E-04 8.0000E-04
8.2224E-04 8.0000E-04
9.8319E-04 8.0000E-04
3.2617E-04 8.0000E-04
2.0733E-04 8.0000E-04
6.2780E-04 8.0000E-04
9.6935E-04 8.0000E-04
1.8451E-04 8.0000E-04
3.4280E-04 8.0000E-04
5.0127E-04 8.0000E-04
8.0907E-04 8.0000E-04
5.0738E-04 8.0000E-04
1.0677E-04 8.0000E-04
1.7573E-04 8.0000E-04
3.1477E-04 8.0000E-04
4.4020E-04 8.0000E-04
5.1501E-04 8.0000E-04
3.9483E-04 8.0000E-04
2.6752E-04 8.0000E-04
4.9084E-04 8.0000E-04
2.0996E-04 8.0000E-04
1.8769E-04 8.0000E-04
4.2157E-04 8.0000E-04
3.2163E-04 8.0000E-04
2.2741E-04 8.0000E-04
1.9792E-04 8.0000E-04
2.3025E-04 8.0000E-04
5.0920E-04 8.0000E-04
6.0363E-04 8.0000E-04
2.6613E-04 8.0000E-04
1.9481E-04 8.0000E-04
1.3545E-04 8.0000E-04
5.0286E-04 8.0000E-04
5.9043E-04 8.0000E-04
5.2537E-05 8.0000E-04
9.9581E-05 8.0000E-04
1.8111E-04 8.0000E-04
4.0567E-04 8.0000E-04
6.7466E-04 8.0000E-04
6.6097E-05 8.0000E-04
6.3273E-05 8.0000E-04
1.7215E-04 8.0000E-04
5.6661E-04 8.0000E-04
2.0132E-04 8.0000E-04
2.5012E-04 8.0000E-04
2.4531E-04 8.0000E-04
4.0233E-04 8.0000E-04
2.2774E-04 8.0000E-04
1.1368E-04 8.0000E-04
2.0011E-04 8.0000E-04
2.0781E-04 8.0000E-04
8.2172E-05 8.0000E-04
3.2260E-04 8.0000E-04
1.1943E-04 8.0000E-04
3.9775E-04 8.0000E-04
1.4058E-04 8.0000E-04
6.8061E-05 8.0000E-04
7.1723E-05 8.0000E-04
1.9740E-04 8.0000E-04
2.5348E-04 8.0000E-04
4.8619E-04 8.0000E-04
9.1071E-05 8.0000E-04
1.4983E-05 8.0000E-04
