Max Step   Target
7.8057E-03 1.2000E-03
8.9718E-03 1.2000E-03
2.5136E-02 1.2000E-03
1.8381E-02 1.2000E-03
6.1915E-03 1.2000E-03
1.4891E-03 1.2000E-03
3.8576E-03 1.2000E-03
5.2067E-03 1.2000E-03
1.3889E-02 1.2000E-03
4.3959E-03 1.2000E-03
3.0981E-03 1.2000E-03
4.2751E-03 1.2000E-03
6.3619E-03 1.2000E-03
2.7441E-03 1.2000E-03
6.0494E-03 1.2000E-03
4.9236E-03 1.2000E-03
8.6860E-03 1.2000E-03
1.5999E-03 1.2000E-03
2.8663E-03 1.2000E-03
4.3546E-03 1.2000E-03
4.1523E-03 1.2000E-03
4.7786E-03 1.2000E-03
1.3130E-03 1.2000E-03
1.6878E-03 1.2000E-03
1.5092E-03 1.2000E-03
1.0453E-03 1.2000E-03
