RMS Grad   Target
1.1376E-03 2.0000E-04
9.3022E-04 2.0000E-04
7.4008E-04 2.0000E-04
7.4659E-04 2.0000E-04
1.4410E-03 2.0000E-04
3.6424E-04 2.0000E-04
2.4602E-04 2.0000E-04
2.8206E-04 2.0000E-04
3.4434E-04 2.0000E-04
5.9262E-04 2.0000E-04
2.6624E-04 2.0000E-04
2.2028E-04 2.0000E-04
2.7880E-04 2.0000E-04
3.7840E-04 2.0000E-04
2.2626E-04 2.0000E-04
2.1281E-04 2.0000E-04
2.2459E-04 2.0000E-04
3.1389E-04 2.0000E-04
1.5882E-04 2.0000E-04
1.6943E-04 2.0000E-04
1.8373E-04 2.0000E-04
2.2713E-04 2.0000E-04
1.0728E-04 2.0000E-04
8.2391E-05 2.0000E-04
8.4045E-05 2.0000E-04
8.7536E-05 2.0000E-04
5.8581E-05 2.0000E-04
