RMS Step   Target
2.8461E-04 8.0000E-04
1.1184E-03 8.0000E-04
1.0830E-03 8.0000E-04
3.3265E-03 8.0000E-04
1.7703E-03 8.0000E-04
5.9851E-04 8.0000E-04
4.8418E-04 8.0000E-04
4.3139E-04 8.0000E-04
1.5803E-03 8.0000E-04
2.3617E-03 8.0000E-04
3.2391E-04 8.0000E-04
3.6727E-04 8.0000E-04
8.0279E-04 8.0000E-04
1.1947E-03 8.0000E-04
1.3859E-03 8.0000E-04
1.0523E-03 8.0000E-04
8.9132E-04 8.0000E-04
1.3244E-03 8.0000E-04
2.0179E-03 8.0000E-04
3.3564E-04 8.0000E-04
1.8897E-04 8.0000E-04
5.9021E-04 8.0000E-04
1.1621E-03 8.0000E-04
2.5026E-03 8.0000E-04
2.4368E-04 8.0000E-04
3.9078E-04 8.0000E-04
7.4658E-04 8.0000E-04
1.5144E-03 8.0000E-04
1.4780E-03 8.0000E-04
3.7431E-04 8.0000E-04
8.5653E-04 8.0000E-04
9.4963E-04 8.0000E-04
7.3804E-04 8.0000E-04
1.5705E-03 8.0000E-04
8.1088E-04 8.0000E-04
3.5290E-04 8.0000E-04
2.2155E-03 8.0000E-04
6.0962E-04 8.0000E-04
2.9598E-04 8.0000E-04
1.0469E-03 8.0000E-04
1.3406E-03 8.0000E-04
1.2195E-03 8.0000E-04
1.2595E-03 8.0000E-04
1.1600E-03 8.0000E-04
6.4628E-04 8.0000E-04
1.1061E-03 8.0000E-04
1.2471E-03 8.0000E-04
4.0278E-04 8.0000E-04
1.0981E-03 8.0000E-04
1.0528E-03 8.0000E-04
1.3857E-03 8.0000E-04
1.7294E-03 8.0000E-04
7.0430E-04 8.0000E-04
2.3465E-04 8.0000E-04
8.1936E-04 8.0000E-04
1.6392E-03 8.0000E-04
2.7677E-04 8.0000E-04
1.0158E-03 8.0000E-04
1.0854E-03 8.0000E-04
1.9326E-03 8.0000E-04
1.5396E-03 8.0000E-04
2.2882E-04 8.0000E-04
5.2513E-04 8.0000E-04
6.8136E-04 8.0000E-04
1.4976E-03 8.0000E-04
1.5552E-03 8.0000E-04
1.0029E-03 8.0000E-04
1.1119E-03 8.0000E-04
1.1482E-03 8.0000E-04
1.6626E-03 8.0000E-04
4.6660E-04 8.0000E-04
5.8298E-04 8.0000E-04
7.0751E-04 8.0000E-04
1.3148E-03 8.0000E-04
1.8167E-03 8.0000E-04
2.0634E-03 8.0000E-04
1.2886E-03 8.0000E-04
1.2886E-03 8.0000E-04
1.3080E-09 8.0000E-04
1.4231E-04 8.0000E-04
4.6281E-05 8.0000E-04
8.5208E-05 8.0000E-04
1.7501E-04 8.0000E-04
2.4180E-04 8.0000E-04
3.8918E-04 8.0000E-04
2.4551E-04 8.0000E-04
1.6665E-04 8.0000E-04
2.6797E-04 8.0000E-04
5.3997E-04 8.0000E-04
6.1847E-04 8.0000E-04
2.6948E-04 8.0000E-04
3.3641E-04 8.0000E-04
3.7913E-04 8.0000E-04
5.0492E-04 8.0000E-04
1.0748E-03 8.0000E-04
2.8716E-04 8.0000E-04
1.1183E-04 8.0000E-04
6.3778E-04 8.0000E-04
1.1261E-03 8.0000E-04
7.6040E-05 8.0000E-04
3.3207E-04 8.0000E-04
6.4801E-04 8.0000E-04
9.6160E-04 8.0000E-04
1.1625E-03 8.0000E-04
6.7962E-04 8.0000E-04
5.1640E-04 8.0000E-04
6.6994E-04 8.0000E-04
1.3699E-03 8.0000E-04
2.3115E-04 8.0000E-04
4.9193E-04 8.0000E-04
6.1735E-04 8.0000E-04
1.5748E-03 8.0000E-04
4.6576E-04 8.0000E-04
7.4960E-04 8.0000E-04
8.6608E-04 8.0000E-04
9.4600E-04 8.0000E-04
6.2419E-04 8.0000E-04
9.6972E-04 8.0000E-04
5.1862E-04 8.0000E-04
4.8659E-04 8.0000E-04
1.1905E-03 8.0000E-04
9.9209E-04 8.0000E-04
2.8279E-04 8.0000E-04
8.0468E-04 8.0000E-04
7.5106E-04 8.0000E-04
6.1029E-04 8.0000E-04
1.2142E-03 8.0000E-04
5.6274E-04 8.0000E-04
1.5711E-04 8.0000E-04
5.4213E-04 8.0000E-04
4.0398E-04 8.0000E-04
7.3887E-04 8.0000E-04
4.8980E-04 8.0000E-04
4.6552E-04 8.0000E-04
3.1360E-04 8.0000E-04
4.8869E-04 8.0000E-04
3.2367E-04 8.0000E-04
3.8925E-04 8.0000E-04
6.9837E-04 8.0000E-04
8.3186E-04 8.0000E-04
3.1081E-04 8.0000E-04
1.8374E-04 8.0000E-04
4.4447E-04 8.0000E-04
6.1210E-04 8.0000E-04
6.3679E-04 8.0000E-04
3.0852E-04 8.0000E-04
5.2083E-04 8.0000E-04
6.5502E-04 8.0000E-04
4.1622E-04 8.0000E-04
3.0539E-04 8.0000E-04
2.6837E-04 8.0000E-04
7.8811E-04 8.0000E-04
4.9951E-04 8.0000E-04
4.2462E-04 8.0000E-04
8.0754E-04 8.0000E-04
6.7776E-04 8.0000E-04
3.4924E-04 8.0000E-04
6.8098E-04 8.0000E-04
5.7724E-04 8.0000E-04
7.9127E-04 8.0000E-04
8.9878E-04 8.0000E-04
2.6547E-04 8.0000E-04
2.0730E-04 8.0000E-04
2.8112E-04 8.0000E-04
7.5909E-04 8.0000E-04
1.9564E-04 8.0000E-04
3.4561E-04 8.0000E-04
3.3335E-04 8.0000E-04
6.7552E-04 8.0000E-04
4.3603E-04 8.0000E-04
2.6706E-04 8.0000E-04
4.1468E-04 8.0000E-04
5.2973E-04 8.0000E-04
4.2451E-04 8.0000E-04
5.5842E-04 8.0000E-04
6.6639E-04 8.0000E-04
5.5914E-04 8.0000E-04
6.2242E-04 8.0000E-04
5.3447E-04 8.0000E-04
3.7335E-04 8.0000E-04
6.2149E-04 8.0000E-04
7.1837E-04 8.0000E-04
8.4106E-04 8.0000E-04
4.7156E-04 8.0000E-04
5.3212E-04 8.0000E-04
6.2127E-04 8.0000E-04
6.0513E-04 8.0000E-04
7.9837E-04 8.0000E-04
6.1948E-04 8.0000E-04
5.7108E-04 8.0000E-04
3.7049E-04 8.0000E-04
7.7404E-04 8.0000E-04
3.5049E-04 8.0000E-04
9.7502E-04 8.0000E-04
4.5863E-04 8.0000E-04
2.4637E-04 8.0000E-04
4.8751E-04 8.0000E-04
6.7455E-04 8.0000E-04
5.2406E-04 8.0000E-04
7.2955E-04 8.0000E-04
7.2397E-04 8.0000E-04
3.8298E-04 8.0000E-04
6.9091E-04 8.0000E-04
5.5654E-04 8.0000E-04
2.5705E-04 8.0000E-04
9.5704E-04 8.0000E-04
5.4634E-04 8.0000E-04
2.0075E-04 8.0000E-04
7.9393E-04 8.0000E-04
6.4662E-04 8.0000E-04
9.4918E-04 8.0000E-04
1.0167E-03 8.0000E-04
5.7772E-04 8.0000E-04
4.2555E-04 8.0000E-04
6.9966E-04 8.0000E-04
1.1867E-03 8.0000E-04
4.2673E-04 8.0000E-04
5.6678E-04 8.0000E-04
7.6730E-04 8.0000E-04
1.6847E-03 8.0000E-04
3.3277E-04 8.0000E-04
7.7613E-04 8.0000E-04
4.2881E-04 8.0000E-04
2.1317E-03 8.0000E-04
3.7919E-04 8.0000E-04
4.2055E-04 8.0000E-04
6.3753E-04 8.0000E-04
1.8489E-03 8.0000E-04
6.9865E-04 8.0000E-04
5.8674E-04 8.0000E-04
8.6922E-04 8.0000E-04
1.3650E-03 8.0000E-04
3.0523E-04 8.0000E-04
7.6365E-04 8.0000E-04
4.2523E-04 8.0000E-04
2.0297E-03 8.0000E-04
1.3466E-03 8.0000E-04
1.9829E-04 8.0000E-04
1.1766E-03 8.0000E-04
6.6855E-04 8.0000E-04
1.3940E-03 8.0000E-04
1.0622E-03 8.0000E-04
6.8920E-04 8.0000E-04
3.2518E-04 8.0000E-04
1.0373E-03 8.0000E-04
3.2155E-04 8.0000E-04
2.9127E-04 8.0000E-04
1.1386E-03 8.0000E-04
5.5072E-04 8.0000E-04
2.6548E-04 8.0000E-04
5.3735E-04 8.0000E-04
5.0346E-04 8.0000E-04
7.4658E-04 8.0000E-04
7.7687E-04 8.0000E-04
2.8824E-04 8.0000E-04
6.9820E-04 8.0000E-04
4.8172E-04 8.0000E-04
9.7590E-04 8.0000E-04
4.0985E-04 8.0000E-04
4.1248E-04 8.0000E-04
4.5317E-04 8.0000E-04
6.3982E-04 8.0000E-04
4.2978E-04 8.0000E-04
7.2409E-04 8.0000E-04
3.2536E-04 8.0000E-04
6.8836E-04 8.0000E-04
3.7621E-04 8.0000E-04
2.9212E-04 8.0000E-04
4.4282E-04 8.0000E-04
7.0210E-04 8.0000E-04
1.8142E-04 8.0000E-04
4.1133E-04 8.0000E-04
2.3265E-04 8.0000E-04
7.3221E-04 8.0000E-04
5.3120E-04 8.0000E-04
2.9104E-04 8.0000E-04
1.0151E-04 8.0000E-04
2.6121E-04 8.0000E-04
4.8457E-04 8.0000E-04
2.5183E-04 8.0000E-04
2.7220E-04 8.0000E-04
2.5580E-04 8.0000E-04
7.3479E-04 8.0000E-04
3.3814E-04 8.0000E-04
1.5324E-04 8.0000E-04
2.3372E-04 8.0000E-04
2.9916E-04 8.0000E-04
1.2154E-04 8.0000E-04
3.7237E-04 8.0000E-04
1.7534E-04 8.0000E-04
5.3385E-04 8.0000E-04
4.6263E-04 8.0000E-04
7.4701E-05 8.0000E-04
1.1170E-04 8.0000E-04
1.7852E-04 8.0000E-04
4.8916E-04 8.0000E-04
1.4880E-04 8.0000E-04
1.3665E-04 8.0000E-04
2.6828E-04 8.0000E-04
4.7187E-04 8.0000E-04
1.1542E-04 8.0000E-04
9.6077E-05 8.0000E-04
1.6829E-04 8.0000E-04
3.0958E-04 8.0000E-04
4.4355E-04 8.0000E-04
9.7954E-05 8.0000E-04
1.3759E-04 8.0000E-04
1.9805E-04 8.0000E-04
4.0404E-04 8.0000E-04
3.9837E-04 8.0000E-04
1.0397E-04 8.0000E-04
1.7116E-04 8.0000E-04
1.9998E-04 8.0000E-04
4.5698E-04 8.0000E-04
1.8579E-04 8.0000E-04
1.8542E-04 8.0000E-04
3.3175E-04 8.0000E-04
5.3125E-04 8.0000E-04
1.6354E-04 8.0000E-04
2.3287E-04 8.0000E-04
2.3471E-04 8.0000E-04
5.9547E-04 8.0000E-04
1.0698E-04 8.0000E-04
4.9709E-05 8.0000E-04
1.7720E-04 8.0000E-04
3.6194E-04 8.0000E-04
2.5440E-04 8.0000E-04
2.6037E-04 8.0000E-04
2.6013E-04 8.0000E-04
4.5319E-04 8.0000E-04
1.4640E-04 8.0000E-04
9.0863E-05 8.0000E-04
1.5479E-04 8.0000E-04
3.2424E-04 8.0000E-04
1.7920E-04 8.0000E-04
1.8272E-04 8.0000E-04
1.8899E-04 8.0000E-04
3.8924E-04 8.0000E-04
1.4289E-04 8.0000E-04
9.8741E-05 8.0000E-04
1.6614E-04 8.0000E-04
3.0322E-04 8.0000E-04
2.3444E-04 8.0000E-04
2.6477E-04 8.0000E-04
2.3866E-04 8.0000E-04
2.5979E-04 8.0000E-04
2.1351E-04 8.0000E-04
2.7705E-04 8.0000E-04
8.9945E-05 8.0000E-04
8.9945E-05 8.0000E-04
