RMS Step   Target
2.8557E-04 8.0000E-04
2.8557E-03 8.0000E-04
1.0964E-03 8.0000E-04
1.8509E-03 8.0000E-04
2.2102E-03 8.0000E-04
1.5498E-03 8.0000E-04
1.1052E-03 8.0000E-04
1.0458E-03 8.0000E-04
2.2349E-03 8.0000E-04
9.4725E-04 8.0000E-04
3.2233E-04 8.0000E-04
1.1417E-03 8.0000E-04
1.7882E-03 8.0000E-04
8.2222E-04 8.0000E-04
9.0029E-04 8.0000E-04
9.0186E-04 8.0000E-04
1.8321E-03 8.0000E-04
2.9350E-03 8.0000E-04
6.6875E-04 8.0000E-04
3.3263E-04 8.0000E-04
8.3250E-04 8.0000E-04
1.8681E-03 8.0000E-04
4.1306E-03 8.0000E-04
4.5970E-04 8.0000E-04
3.8210E-04 8.0000E-04
9.3945E-04 8.0000E-04
1.6808E-03 8.0000E-04
1.0529E-03 8.0000E-04
5.3085E-04 8.0000E-04
6.3920E-04 8.0000E-04
1.0963E-03 8.0000E-04
6.8199E-04 8.0000E-04
8.2944E-04 8.0000E-04
8.5102E-04 8.0000E-04
1.4370E-03 8.0000E-04
2.9620E-04 8.0000E-04
3.1828E-04 8.0000E-04
4.5589E-04 8.0000E-04
9.5127E-04 8.0000E-04
1.3990E-03 8.0000E-04
3.9602E-04 8.0000E-04
5.1685E-04 8.0000E-04
5.9064E-04 8.0000E-04
7.9520E-04 8.0000E-04
1.8097E-03 8.0000E-04
1.3945E-03 8.0000E-04
1.4920E-04 8.0000E-04
2.2082E-04 8.0000E-04
3.6284E-04 8.0000E-04
9.0159E-04 8.0000E-04
2.2629E-03 8.0000E-04
1.1115E-03 8.0000E-04
3.2522E-03 8.0000E-04
7.1392E-03 8.0000E-04
1.0273E-03 8.0000E-04
4.8747E-03 8.0000E-04
3.5696E-03 8.0000E-04
7.1392E-03 8.0000E-04
4.4248E-03 8.0000E-04
3.7780E-03 8.0000E-04
2.9989E-03 8.0000E-04
2.4834E-03 8.0000E-04
3.9821E-03 8.0000E-04
6.0196E-03 8.0000E-04
8.1684E-04 8.0000E-04
4.1039E-04 8.0000E-04
8.1232E-04 8.0000E-04
1.4493E-03 8.0000E-04
1.8199E-03 8.0000E-04
5.1253E-04 8.0000E-04
5.1703E-04 8.0000E-04
6.6813E-04 8.0000E-04
9.5241E-04 8.0000E-04
6.0368E-04 8.0000E-04
5.6788E-04 8.0000E-04
6.9548E-04 8.0000E-04
6.6556E-04 8.0000E-04
4.1216E-04 8.0000E-04
5.3561E-04 8.0000E-04
7.1802E-04 8.0000E-04
2.6093E-04 8.0000E-04
2.7757E-04 8.0000E-04
3.4448E-04 8.0000E-04
9.3768E-04 8.0000E-04
5.2434E-04 8.0000E-04
2.6028E-04 8.0000E-04
3.9925E-04 8.0000E-04
5.3063E-04 8.0000E-04
5.7144E-04 8.0000E-04
6.3863E-04 8.0000E-04
3.4092E-04 8.0000E-04
1.4795E-04 8.0000E-04
6.4821E-04 8.0000E-04
5.9587E-04 8.0000E-04
1.4818E-04 8.0000E-04
4.2299E-04 8.0000E-04
3.6435E-04 8.0000E-04
8.0435E-04 8.0000E-04
3.7778E-04 8.0000E-04
9.7725E-05 8.0000E-04
3.0924E-04 8.0000E-04
5.9414E-04 8.0000E-04
1.1163E-04 8.0000E-04
2.5630E-04 8.0000E-04
3.3159E-04 8.0000E-04
5.3162E-04 8.0000E-04
9.4850E-04 8.0000E-04
1.6463E-04 8.0000E-04
1.0366E-04 8.0000E-04
2.0355E-04 8.0000E-04
5.3012E-04 8.0000E-04
4.8434E-04 8.0000E-04
4.6557E-04 8.0000E-04
4.4408E-04 8.0000E-04
5.1330E-04 8.0000E-04
1.6901E-04 8.0000E-04
2.7253E-04 8.0000E-04
2.7108E-04 8.0000E-04
3.9657E-04 8.0000E-04
5.2617E-04 8.0000E-04
3.1414E-04 8.0000E-04
1.5819E-04 8.0000E-04
3.9129E-04 8.0000E-04
3.7844E-04 8.0000E-04
2.6688E-04 8.0000E-04
4.8057E-04 8.0000E-04
4.5705E-04 8.0000E-04
1.5097E-04 8.0000E-04
3.0114E-04 8.0000E-04
3.2504E-04 8.0000E-04
6.4132E-04 8.0000E-04
3.9764E-04 8.0000E-04
2.3477E-04 8.0000E-04
1.9317E-04 8.0000E-04
3.7550E-04 8.0000E-04
5.0590E-04 8.0000E-04
5.3290E-04 8.0000E-04
3.3949E-04 8.0000E-04
2.8682E-04 8.0000E-04
3.6250E-04 8.0000E-04
4.2428E-04 8.0000E-04
3.2452E-04 8.0000E-04
3.3808E-04 8.0000E-04
4.8170E-04 8.0000E-04
3.6254E-04 8.0000E-04
2.3144E-04 8.0000E-04
3.8712E-04 8.0000E-04
3.3356E-04 8.0000E-04
2.8523E-04 8.0000E-04
4.1139E-04 8.0000E-04
2.7926E-04 8.0000E-04
2.7520E-04 8.0000E-04
3.6999E-04 8.0000E-04
4.0632E-04 8.0000E-04
1.9879E-04 8.0000E-04
5.3292E-04 8.0000E-04
3.5685E-04 8.0000E-04
2.1587E-04 8.0000E-04
6.1459E-04 8.0000E-04
3.0604E-04 8.0000E-04
5.6512E-04 8.0000E-04
8.0988E-04 8.0000E-04
7.8488E-05 8.0000E-04
4.8318E-05 8.0000E-04
1.8458E-04 8.0000E-04
6.1005E-04 8.0000E-04
5.8527E-04 8.0000E-04
4.3930E-04 8.0000E-04
6.1772E-04 8.0000E-04
6.7293E-04 8.0000E-04
1.2054E-04 8.0000E-04
2.2694E-04 8.0000E-04
2.6731E-04 8.0000E-04
9.8120E-04 8.0000E-04
7.3458E-04 8.0000E-04
3.1810E-04 8.0000E-04
4.2425E-04 8.0000E-04
4.0151E-04 8.0000E-04
9.3181E-04 8.0000E-04
6.2231E-04 8.0000E-04
1.8225E-04 8.0000E-04
4.7554E-04 8.0000E-04
7.9015E-04 8.0000E-04
8.4410E-04 8.0000E-04
7.9206E-04 8.0000E-04
5.4968E-04 8.0000E-04
3.5717E-04 8.0000E-04
5.3822E-04 8.0000E-04
8.9398E-04 8.0000E-04
3.0675E-04 8.0000E-04
9.2492E-04 8.0000E-04
7.4736E-04 8.0000E-04
1.6676E-03 8.0000E-04
2.7136E-04 8.0000E-04
7.3603E-04 8.0000E-04
4.4473E-04 8.0000E-04
1.3138E-03 8.0000E-04
8.9090E-04 8.0000E-04
1.1259E-03 8.0000E-04
1.1626E-03 8.0000E-04
1.2932E-03 8.0000E-04
1.0827E-03 8.0000E-04
1.2058E-03 8.0000E-04
8.3085E-04 8.0000E-04
8.9887E-04 8.0000E-04
1.9051E-03 8.0000E-04
3.7845E-04 8.0000E-04
2.9797E-03 8.0000E-04
8.9977E-04 8.0000E-04
9.4508E-04 8.0000E-04
3.1850E-03 8.0000E-04
1.3513E-03 8.0000E-04
3.7611E-04 8.0000E-04
1.4016E-03 8.0000E-04
4.5079E-04 8.0000E-04
9.2886E-04 8.0000E-04
1.4247E-03 8.0000E-04
6.7725E-04 8.0000E-04
5.1902E-04 8.0000E-04
1.8228E-03 8.0000E-04
1.4298E-03 8.0000E-04
7.4897E-04 8.0000E-04
1.0591E-03 8.0000E-04
2.2050E-03 8.0000E-04
4.0393E-04 8.0000E-04
1.1858E-03 8.0000E-04
9.1735E-04 8.0000E-04
2.0743E-04 8.0000E-04
1.1253E-03 8.0000E-04
8.2553E-04 8.0000E-04
1.3780E-04 8.0000E-04
8.1728E-04 8.0000E-04
6.0971E-04 8.0000E-04
1.8628E-03 8.0000E-04
7.2488E-04 8.0000E-04
2.6832E-04 8.0000E-04
7.9746E-04 8.0000E-04
5.5280E-04 8.0000E-04
7.5051E-04 8.0000E-04
1.5349E-03 8.0000E-04
5.7495E-04 8.0000E-04
5.3748E-04 8.0000E-04
8.4403E-04 8.0000E-04
2.0537E-04 8.0000E-04
3.6711E-04 8.0000E-04
8.4831E-04 8.0000E-04
8.7573E-04 8.0000E-04
3.3911E-04 8.0000E-04
4.7644E-04 8.0000E-04
4.7041E-04 8.0000E-04
4.1197E-04 8.0000E-04
5.0844E-04 8.0000E-04
3.6524E-04 8.0000E-04
4.3369E-04 8.0000E-04
9.0962E-04 8.0000E-04
7.7222E-04 8.0000E-04
4.7534E-04 8.0000E-04
7.3826E-04 8.0000E-04
7.3716E-04 8.0000E-04
4.1449E-04 8.0000E-04
5.6745E-04 8.0000E-04
4.3307E-04 8.0000E-04
5.2570E-04 8.0000E-04
3.1398E-04 8.0000E-04
2.6180E-04 8.0000E-04
2.5772E-04 8.0000E-04
3.9364E-04 8.0000E-04
5.6621E-04 8.0000E-04
3.1657E-04 8.0000E-04
3.9903E-04 8.0000E-04
3.1730E-04 8.0000E-04
2.0961E-04 8.0000E-04
5.2490E-04 8.0000E-04
4.4747E-04 8.0000E-04
1.5177E-04 8.0000E-04
3.7663E-04 8.0000E-04
2.6353E-04 8.0000E-04
7.6646E-04 8.0000E-04
3.3544E-04 8.0000E-04
8.7325E-05 8.0000E-04
2.4724E-04 8.0000E-04
3.8324E-04 8.0000E-04
4.1897E-04 8.0000E-04
7.9129E-04 8.0000E-04
3.4762E-04 8.0000E-04
7.6065E-05 8.0000E-04
1.7138E-04 8.0000E-04
2.8802E-04 8.0000E-04
5.1910E-04 8.0000E-04
8.3382E-04 8.0000E-04
4.1889E-04 8.0000E-04
1.1918E-04 8.0000E-04
2.4255E-04 8.0000E-04
4.8735E-04 8.0000E-04
2.7453E-04 8.0000E-04
6.8343E-04 8.0000E-04
4.7534E-04 8.0000E-04
7.4470E-04 8.0000E-04
1.1320E-03 8.0000E-04
2.6596E-04 8.0000E-04
1.5216E-04 8.0000E-04
6.4710E-04 8.0000E-04
1.3732E-03 8.0000E-04
9.5360E-04 8.0000E-04
6.7618E-04 8.0000E-04
1.6377E-03 8.0000E-04
1.2786E-03 8.0000E-04
2.2268E-03 8.0000E-04
2.9467E-03 8.0000E-04
1.9397E-03 8.0000E-04
1.9397E-03 8.0000E-04
1.2340E-09 8.0000E-04
1.4278E-04 8.0000E-04
4.9044E-05 8.0000E-04
7.5296E-05 8.0000E-04
1.6726E-04 8.0000E-04
2.2890E-04 8.0000E-04
5.9228E-04 8.0000E-04
1.0771E-04 8.0000E-04
1.1960E-04 8.0000E-04
3.3219E-04 8.0000E-04
6.6476E-04 8.0000E-04
4.6653E-04 8.0000E-04
5.4819E-04 8.0000E-04
6.5885E-04 8.0000E-04
1.2408E-03 8.0000E-04
8.0234E-04 8.0000E-04
7.9043E-04 8.0000E-04
1.1467E-03 8.0000E-04
1.6483E-03 8.0000E-04
2.7720E-03 8.0000E-04
9.8436E-04 8.0000E-04
1.8550E-03 8.0000E-04
1.2526E-03 8.0000E-04
4.4262E-03 8.0000E-04
1.4258E-03 8.0000E-04
9.0927E-04 8.0000E-04
1.6590E-03 8.0000E-04
1.0285E-03 8.0000E-04
2.4497E-03 8.0000E-04
1.7452E-03 8.0000E-04
1.2081E-03 8.0000E-04
1.7701E-03 8.0000E-04
1.0192E-03 8.0000E-04
6.3947E-04 8.0000E-04
1.3083E-03 8.0000E-04
8.3796E-04 8.0000E-04
2.0225E-03 8.0000E-04
9.2802E-04 8.0000E-04
5.1306E-04 8.0000E-04
1.1871E-03 8.0000E-04
1.7142E-03 8.0000E-04
4.2227E-04 8.0000E-04
4.9620E-04 8.0000E-04
6.1716E-04 8.0000E-04
1.4584E-03 8.0000E-04
1.2442E-03 8.0000E-04
4.7189E-04 8.0000E-04
6.5462E-04 8.0000E-04
5.7398E-04 8.0000E-04
1.1408E-03 8.0000E-04
3.5251E-04 8.0000E-04
2.8520E-04 8.0000E-04
6.4246E-04 8.0000E-04
7.5267E-04 8.0000E-04
6.6450E-04 8.0000E-04
6.7300E-04 8.0000E-04
7.6519E-04 8.0000E-04
8.0345E-04 8.0000E-04
6.1525E-04 8.0000E-04
6.7607E-04 8.0000E-04
4.9659E-04 8.0000E-04
8.5270E-04 8.0000E-04
1.4067E-03 8.0000E-04
4.6761E-04 8.0000E-04
4.3994E-04 8.0000E-04
7.7386E-04 8.0000E-04
1.5025E-03 8.0000E-04
1.9427E-04 8.0000E-04
2.1768E-04 8.0000E-04
5.2533E-04 8.0000E-04
9.8731E-04 8.0000E-04
1.2198E-03 8.0000E-04
5.7092E-04 8.0000E-04
7.9458E-04 8.0000E-04
6.0699E-04 8.0000E-04
4.8033E-04 8.0000E-04
1.0185E-03 8.0000E-04
4.2742E-04 8.0000E-04
1.5909E-04 8.0000E-04
8.2762E-04 8.0000E-04
5.6267E-04 8.0000E-04
2.2277E-04 8.0000E-04
7.2196E-04 8.0000E-04
3.5623E-04 8.0000E-04
3.6869E-04 8.0000E-04
1.1579E-03 8.0000E-04
2.1521E-04 8.0000E-04
8.4153E-05 8.0000E-04
4.3479E-04 8.0000E-04
6.9938E-04 8.0000E-04
2.0114E-04 8.0000E-04
4.5032E-04 8.0000E-04
3.7954E-04 8.0000E-04
7.9847E-04 8.0000E-04
9.0822E-04 8.0000E-04
1.8467E-04 8.0000E-04
9.7084E-05 8.0000E-04
2.7488E-04 8.0000E-04
7.6670E-04 8.0000E-04
6.8623E-04 8.0000E-04
2.8944E-04 8.0000E-04
5.4543E-04 8.0000E-04
4.0976E-04 8.0000E-04
4.5410E-04 8.0000E-04
5.8829E-04 8.0000E-04
2.1371E-04 8.0000E-04
1.1791E-04 8.0000E-04
5.5211E-04 8.0000E-04
5.2945E-04 8.0000E-04
2.6907E-04 8.0000E-04
7.9361E-04 8.0000E-04
3.4704E-04 8.0000E-04
5.0904E-04 8.0000E-04
4.8026E-04 8.0000E-04
2.3962E-04 8.0000E-04
3.9690E-04 8.0000E-04
4.8348E-04 8.0000E-04
6.7315E-04 8.0000E-04
4.2275E-04 8.0000E-04
4.0254E-04 8.0000E-04
2.8776E-04 8.0000E-04
3.5708E-04 8.0000E-04
3.0351E-04 8.0000E-04
4.2185E-04 8.0000E-04
5.6528E-04 8.0000E-04
5.2170E-04 8.0000E-04
1.3364E-04 8.0000E-04
2.2269E-04 8.0000E-04
2.8162E-04 8.0000E-04
4.3978E-04 8.0000E-04
4.6644E-04 8.0000E-04
4.8984E-04 8.0000E-04
3.5924E-04 8.0000E-04
2.6128E-04 8.0000E-04
2.3873E-04 8.0000E-04
1.7062E-04 8.0000E-04
3.2208E-04 8.0000E-04
5.3667E-04 8.0000E-04
2.2117E-04 8.0000E-04
1.5441E-04 8.0000E-04
2.2861E-04 8.0000E-04
3.7941E-04 8.0000E-04
1.5164E-04 8.0000E-04
1.1620E-04 8.0000E-04
1.8346E-04 8.0000E-04
3.7012E-04 8.0000E-04
1.1038E-04 8.0000E-04
1.8550E-04 8.0000E-04
1.8044E-04 8.0000E-04
4.3643E-04 8.0000E-04
3.5558E-04 8.0000E-04
4.1786E-05 8.0000E-04
7.8900E-05 8.0000E-04
1.4758E-04 8.0000E-04
3.8445E-04 8.0000E-04
3.0101E-04 8.0000E-04
1.4967E-04 8.0000E-04
1.2993E-04 8.0000E-04
2.1252E-04 8.0000E-04
2.6349E-04 8.0000E-04
1.0963E-04 8.0000E-04
1.3648E-04 8.0000E-04
1.8095E-04 8.0000E-04
3.1526E-04 8.0000E-04
1.5814E-04 8.0000E-04
6.6871E-05 8.0000E-04
1.2723E-04 8.0000E-04
2.8959E-04 8.0000E-04
1.1007E-04 8.0000E-04
1.0359E-04 8.0000E-04
1.5699E-04 8.0000E-04
2.6043E-04 8.0000E-04
2.4048E-04 8.0000E-04
8.1095E-05 8.0000E-04
8.5575E-05 8.0000E-04
1.3876E-04 8.0000E-04
1.8586E-04 8.0000E-04
2.3939E-04 8.0000E-04
1.9109E-04 8.0000E-04
8.9152E-05 8.0000E-04
1.2756E-04 8.0000E-04
1.3619E-04 8.0000E-04
