Max Step   Target
2.3191E-03 1.2000E-03
1.3494E-03 1.2000E-03
7.9534E-04 1.2000E-03
1.2278E-03 1.2000E-03
1.9946E-03 1.2000E-03
4.0016E-03 1.2000E-03
3.0610E-03 1.2000E-03
1.4860E-03 1.2000E-03
2.2771E-03 1.2000E-03
3.8792E-03 1.2000E-03
6.1260E-03 1.2000E-03
5.3387E-03 1.2000E-03
3.2251E-03 1.2000E-03
4.1066E-03 1.2000E-03
7.7994E-03 1.2000E-03
2.9418E-03 1.2000E-03
3.4517E-03 1.2000E-03
5.0212E-03 1.2000E-03
1.1844E-02 1.2000E-03
3.5798E-03 1.2000E-03
2.4235E-03 1.2000E-03
5.5438E-03 1.2000E-03
1.0952E-02 1.2000E-03
1.1084E-02 1.2000E-03
6.3237E-03 1.2000E-03
8.0747E-03 1.2000E-03
7.5550E-03 1.2000E-03
8.6001E-03 1.2000E-03
1.5272E-02 1.2000E-03
3.7664E-03 1.2000E-03
2.0106E-03 1.2000E-03
8.6170E-03 1.2000E-03
1.4245E-02 1.2000E-03
7.4477E-03 1.2000E-03
1.2055E-02 1.2000E-03
9.1227E-03 1.2000E-03
1.6788E-02 1.2000E-03
6.4382E-03 1.2000E-03
2.7248E-03 1.2000E-03
9.8924E-03 1.2000E-03
2.0546E-02 1.2000E-03
4.6172E-03 1.2000E-03
7.9062E-03 1.2000E-03
9.1737E-03 1.2000E-03
1.7392E-02 1.2000E-03
2.0503E-02 1.2000E-03
5.0334E-03 1.2000E-03
2.6461E-03 1.2000E-03
2.5609E-03 1.2000E-03
1.8726E-02 1.2000E-03
1.0116E-02 1.2000E-03
1.3044E-02 1.2000E-03
1.0696E-02 1.2000E-03
1.5282E-02 1.2000E-03
5.3850E-03 1.2000E-03
5.8168E-03 1.2000E-03
4.0541E-03 1.2000E-03
9.5409E-03 1.2000E-03
6.5876E-03 1.2000E-03
1.1539E-02 1.2000E-03
6.9536E-03 1.2000E-03
6.0515E-03 1.2000E-03
6.2772E-03 1.2000E-03
9.2725E-03 1.2000E-03
6.4503E-03 1.2000E-03
8.0451E-03 1.2000E-03
5.7680E-03 1.2000E-03
7.6139E-03 1.2000E-03
1.6133E-02 1.2000E-03
9.8399E-03 1.2000E-03
9.3540E-03 1.2000E-03
9.8722E-03 1.2000E-03
4.0060E-03 1.2000E-03
2.0740E-03 1.2000E-03
3.3306E-03 1.2000E-03
5.9365E-03 1.2000E-03
2.1392E-03 1.2000E-03
1.0795E-02 1.2000E-03
3.7513E-03 1.2000E-03
1.0348E-02 1.2000E-03
9.0299E-03 1.2000E-03
3.6987E-03 1.2000E-03
1.2197E-03 1.2000E-03
9.3090E-03 1.2000E-03
4.5632E-03 1.2000E-03
7.1602E-03 1.2000E-03
7.5623E-03 1.2000E-03
5.8493E-03 1.2000E-03
3.3344E-03 1.2000E-03
1.1825E-02 1.2000E-03
2.4685E-03 1.2000E-03
5.2134E-03 1.2000E-03
1.0931E-02 1.2000E-03
1.4242E-02 1.2000E-03
2.1873E-03 1.2000E-03
1.1863E-02 1.2000E-03
3.1650E-03 1.2000E-03
7.9917E-03 1.2000E-03
1.6805E-02 1.2000E-03
6.3865E-03 1.2000E-03
1.6584E-03 1.2000E-03
8.1756E-03 1.2000E-03
9.5810E-03 1.2000E-03
4.0601E-03 1.2000E-03
1.0702E-02 1.2000E-03
9.9584E-03 1.2000E-03
2.2189E-02 1.2000E-03
9.8844E-03 1.2000E-03
3.8210E-03 1.2000E-03
1.1580E-02 1.2000E-03
1.2510E-02 1.2000E-03
1.5838E-02 1.2000E-03
1.3604E-02 1.2000E-03
3.2463E-02 1.2000E-03
1.6869E-02 1.2000E-03
1.9333E-03 1.2000E-03
9.5828E-03 1.2000E-03
2.1372E-02 1.2000E-03
2.5353E-02 1.2000E-03
1.4370E-02 1.2000E-03
6.3696E-03 1.2000E-03
3.5277E-03 1.2000E-03
9.7484E-03 1.2000E-03
2.4104E-02 1.2000E-03
4.9760E-03 1.2000E-03
1.5593E-02 1.2000E-03
1.0722E-02 1.2000E-03
3.9984E-02 1.2000E-03
7.1933E-03 1.2000E-03
1.8539E-02 1.2000E-03
7.9131E-03 1.2000E-03
2.9938E-02 1.2000E-03
2.5595E-02 1.2000E-03
2.0309E-02 1.2000E-03
3.0659E-02 1.2000E-03
2.2344E-02 1.2000E-03
3.9950E-02 1.2000E-03
7.8981E-03 1.2000E-03
5.3641E-02 1.2000E-03
1.8502E-02 1.2000E-03
1.0497E-02 1.2000E-03
3.7345E-02 1.2000E-03
7.6823E-02 1.2000E-03
5.2966E-03 1.2000E-03
4.6165E-02 1.2000E-03
2.2960E-02 1.2000E-03
6.9455E-02 1.2000E-03
4.9290E-02 1.2000E-03
3.5984E-02 1.2000E-03
2.7318E-02 1.2000E-03
1.7554E-02 1.2000E-03
4.2165E-02 1.2000E-03
2.2923E-02 1.2000E-03
1.1786E-02 1.2000E-03
5.1838E-02 1.2000E-03
6.2757E-03 1.2000E-03
1.2510E-02 1.2000E-03
1.7822E-02 1.2000E-03
3.5125E-02 1.2000E-03
3.6606E-03 1.2000E-03
5.4921E-03 1.2000E-03
9.3068E-03 1.2000E-03
1.2001E-02 1.2000E-03
3.0588E-03 1.2000E-03
6.1750E-03 1.2000E-03
5.9079E-03 1.2000E-03
1.8968E-02 1.2000E-03
2.0258E-03 1.2000E-03
5.8428E-03 1.2000E-03
1.0758E-02 1.2000E-03
1.2021E-02 1.2000E-03
1.5721E-02 1.2000E-03
7.5541E-03 1.2000E-03
3.2938E-03 1.2000E-03
4.2783E-03 1.2000E-03
7.7979E-03 1.2000E-03
6.9189E-03 1.2000E-03
4.8637E-03 1.2000E-03
6.2955E-03 1.2000E-03
8.8646E-03 1.2000E-03
5.4107E-03 1.2000E-03
6.0195E-03 1.2000E-03
8.1145E-03 1.2000E-03
6.8154E-03 1.2000E-03
5.8878E-03 1.2000E-03
8.0623E-03 1.2000E-03
7.0689E-03 1.2000E-03
6.9988E-03 1.2000E-03
1.3566E-02 1.2000E-03
5.2213E-03 1.2000E-03
2.3783E-03 1.2000E-03
1.2905E-02 1.2000E-03
1.1626E-02 1.2000E-03
4.8267E-03 1.2000E-03
1.0019E-02 1.2000E-03
9.3448E-03 1.2000E-03
2.0932E-02 1.2000E-03
1.5068E-02 1.2000E-03
4.6326E-03 1.2000E-03
9.8881E-03 1.2000E-03
1.1388E-02 1.2000E-03
1.1878E-02 1.2000E-03
2.3919E-02 1.2000E-03
1.1027E-02 1.2000E-03
1.0906E-02 1.2000E-03
2.3327E-02 1.2000E-03
4.3541E-03 1.2000E-03
5.3218E-03 1.2000E-03
1.2184E-02 1.2000E-03
2.1172E-02 1.2000E-03
3.9479E-03 1.2000E-03
8.9977E-03 1.2000E-03
7.8336E-03 1.2000E-03
2.2656E-02 1.2000E-03
8.4164E-03 1.2000E-03
6.3861E-03 1.2000E-03
7.0884E-03 1.2000E-03
1.9035E-02 1.2000E-03
4.1438E-03 1.2000E-03
1.3952E-02 1.2000E-03
4.2480E-03 1.2000E-03
1.8111E-02 1.2000E-03
2.5746E-02 1.2000E-03
2.0850E-03 1.2000E-03
1.5334E-03 1.2000E-03
5.9947E-03 1.2000E-03
1.7216E-02 1.2000E-03
1.6341E-02 1.2000E-03
6.4830E-03 1.2000E-03
1.3110E-02 1.2000E-03
9.0786E-03 1.2000E-03
8.2827E-03 1.2000E-03
1.4217E-02 1.2000E-03
4.7169E-03 1.2000E-03
2.4046E-03 1.2000E-03
1.6733E-02 1.2000E-03
1.3312E-02 1.2000E-03
5.1887E-03 1.2000E-03
1.7440E-02 1.2000E-03
6.5148E-03 1.2000E-03
7.5766E-03 1.2000E-03
1.6353E-02 1.2000E-03
5.1110E-03 1.2000E-03
5.1669E-03 1.2000E-03
9.5107E-03 1.2000E-03
8.0621E-03 1.2000E-03
5.4903E-03 1.2000E-03
7.0751E-03 1.2000E-03
8.9822E-03 1.2000E-03
4.1354E-03 1.2000E-03
4.9167E-03 1.2000E-03
5.2204E-03 1.2000E-03
7.6759E-03 1.2000E-03
7.1886E-03 1.2000E-03
3.2726E-03 1.2000E-03
4.2222E-03 1.2000E-03
5.7966E-03 1.2000E-03
1.0023E-02 1.2000E-03
5.6306E-03 1.2000E-03
5.8179E-03 1.2000E-03
5.5410E-03 1.2000E-03
9.9689E-03 1.2000E-03
3.5433E-03 1.2000E-03
4.7247E-03 1.2000E-03
4.4562E-03 1.2000E-03
1.1319E-02 1.2000E-03
7.0367E-03 1.2000E-03
1.0326E-02 1.2000E-03
5.8290E-03 1.2000E-03
1.1811E-02 1.2000E-03
4.8309E-03 1.2000E-03
6.1247E-03 1.2000E-03
8.9019E-03 1.2000E-03
1.6251E-02 1.2000E-03
8.9876E-03 1.2000E-03
9.3272E-03 1.2000E-03
1.0128E-02 1.2000E-03
1.4912E-02 1.2000E-03
1.4104E-02 1.2000E-03
1.5786E-02 1.2000E-03
5.0999E-03 1.2000E-03
1.8131E-02 1.2000E-03
1.3539E-02 1.2000E-03
2.0137E-02 1.2000E-03
2.4698E-02 1.2000E-03
2.8522E-02 1.2000E-03
8.3018E-03 1.2000E-03
3.2880E-02 1.2000E-03
1.6188E-02 1.2000E-03
2.6123E-02 1.2000E-03
5.5378E-02 1.2000E-03
5.4678E-02 1.2000E-03
1.4933E-02 1.2000E-03
5.1793E-02 1.2000E-03
6.9469E-02 1.2000E-03
9.8972E-02 1.2000E-03
6.8740E-02 1.2000E-03
9.9448E-02 1.2000E-03
2.4646E-02 1.2000E-03
5.2854E-02 1.2000E-03
8.6850E-02 1.2000E-03
6.5472E-02 1.2000E-03
8.1512E-02 1.2000E-03
3.4389E-02 1.2000E-03
5.1974E-02 1.2000E-03
5.1974E-02 1.2000E-03
3.8236E-02 1.2000E-03
1.4552E-01 1.2000E-03
5.9526E-02 1.2000E-03
1.1399E-02 1.2000E-03
8.4670E-02 1.2000E-03
2.5591E-02 1.2000E-03
6.2192E-03 1.2000E-03
2.9375E-02 1.2000E-03
2.6523E-02 1.2000E-03
2.8962E-02 1.2000E-03
2.4313E-02 1.2000E-03
4.0281E-02 1.2000E-03
1.1098E-02 1.2000E-03
2.1406E-02 1.2000E-03
1.2091E-02 1.2000E-03
2.7706E-02 1.2000E-03
5.0732E-02 1.2000E-03
1.2107E-02 1.2000E-03
9.6610E-03 1.2000E-03
2.5035E-02 1.2000E-03
3.5456E-02 1.2000E-03
4.8446E-03 1.2000E-03
1.5840E-02 1.2000E-03
1.6043E-02 1.2000E-03
4.5339E-02 1.2000E-03
1.2849E-02 1.2000E-03
8.0936E-03 1.2000E-03
1.9846E-02 1.2000E-03
4.0720E-02 1.2000E-03
2.2652E-02 1.2000E-03
2.4457E-02 1.2000E-03
2.9829E-02 1.2000E-03
4.7481E-02 1.2000E-03
2.6469E-02 1.2000E-03
5.8658E-02 1.2000E-03
2.9108E-02 1.2000E-03
5.5380E-02 1.2000E-03
3.4163E-02 1.2000E-03
3.0122E-02 1.2000E-03
4.6201E-02 1.2000E-03
7.9219E-02 1.2000E-03
1.6467E-02 1.2000E-03
9.6090E-02 1.2000E-03
2.7554E-02 1.2000E-03
3.4413E-02 1.2000E-03
6.3727E-02 1.2000E-03
2.2430E-02 1.2000E-03
5.8894E-02 1.2000E-03
5.1026E-02 1.2000E-03
1.1533E-02 1.2000E-03
9.0743E-02 1.2000E-03
3.2432E-02 1.2000E-03
1.5807E-02 1.2000E-03
7.0575E-02 1.2000E-03
4.6988E-02 1.2000E-03
4.1836E-02 1.2000E-03
1.0074E-01 1.2000E-03
3.7626E-02 1.2000E-03
6.2991E-02 1.2000E-03
2.5277E-02 1.2000E-03
3.4836E-02 1.2000E-03
5.6486E-02 1.2000E-03
9.0273E-02 1.2000E-03
1.4327E-02 1.2000E-03
5.0614E-02 1.2000E-03
1.7100E-02 1.2000E-03
2.4019E-02 1.2000E-03
6.3329E-02 1.2000E-03
6.7834E-02 1.2000E-03
1.1027E-02 1.2000E-03
1.7024E-02 1.2000E-03
2.6141E-02 1.2000E-03
3.9913E-02 1.2000E-03
2.4186E-02 1.2000E-03
1.0978E-02 1.2000E-03
2.3644E-02 1.2000E-03
4.6182E-02 1.2000E-03
5.6660E-03 1.2000E-03
3.0382E-02 1.2000E-03
2.3483E-02 1.2000E-03
2.0314E-02 1.2000E-03
2.5587E-02 1.2000E-03
9.3053E-03 1.2000E-03
1.7332E-02 1.2000E-03
1.3801E-02 1.2000E-03
8.2614E-03 1.2000E-03
2.0059E-02 1.2000E-03
2.5093E-02 1.2000E-03
7.0343E-03 1.2000E-03
6.1252E-03 1.2000E-03
9.3680E-03 1.2000E-03
1.9708E-02 1.2000E-03
2.5517E-02 1.2000E-03
3.0906E-03 1.2000E-03
1.0045E-02 1.2000E-03
1.0699E-02 1.2000E-03
1.3390E-02 1.2000E-03
1.9282E-02 1.2000E-03
1.1994E-02 1.2000E-03
4.6957E-03 1.2000E-03
2.0920E-02 1.2000E-03
1.4885E-02 1.2000E-03
2.6910E-03 1.2000E-03
1.6154E-02 1.2000E-03
1.3179E-02 1.2000E-03
3.1140E-02 1.2000E-03
1.0468E-02 1.2000E-03
8.0407E-03 1.2000E-03
1.1642E-02 1.2000E-03
2.4011E-02 1.2000E-03
6.0079E-03 1.2000E-03
1.0579E-02 1.2000E-03
1.5124E-02 1.2000E-03
3.1647E-02 1.2000E-03
5.7258E-03 1.2000E-03
4.3016E-03 1.2000E-03
1.1745E-02 1.2000E-03
2.1554E-02 1.2000E-03
1.6744E-02 1.2000E-03
6.8503E-03 1.2000E-03
2.5739E-02 1.2000E-03
1.2979E-02 1.2000E-03
1.1690E-02 1.2000E-03
3.1722E-02 1.2000E-03
1.5150E-02 1.2000E-03
1.2240E-02 1.2000E-03
4.0096E-02 1.2000E-03
2.4482E-02 1.2000E-03
1.2733E-02 1.2000E-03
1.6615E-02 1.2000E-03
4.0857E-02 1.2000E-03
2.5023E-02 1.2000E-03
3.7769E-02 1.2000E-03
6.5542E-02 1.2000E-03
1.4628E-02 1.2000E-03
6.1884E-02 1.2000E-03
1.4050E-02 1.2000E-03
3.2841E-02 1.2000E-03
4.1063E-02 1.2000E-03
5.4660E-02 1.2000E-03
5.5342E-02 1.2000E-03
7.1875E-02 1.2000E-03
1.9749E-02 1.2000E-03
2.9317E-02 1.2000E-03
2.6063E-02 1.2000E-03
5.0219E-02 1.2000E-03
4.5819E-02 1.2000E-03
6.9892E-02 1.2000E-03
3.2979E-02 1.2000E-03
1.1993E-01 1.2000E-03
3.5704E-02 1.2000E-03
2.1690E-02 1.2000E-03
9.1076E-02 1.2000E-03
3.8113E-02 1.2000E-03
1.0395E-01 1.2000E-03
1.5064E-02 1.2000E-03
2.5872E-02 1.2000E-03
2.1032E-02 1.2000E-03
1.3083E-01 1.2000E-03
4.7406E-02 1.2000E-03
2.2181E-02 1.2000E-03
7.2425E-02 1.2000E-03
6.3710E-02 1.2000E-03
5.3005E-02 1.2000E-03
3.8076E-02 1.2000E-03
7.0448E-02 1.2000E-03
1.0905E-02 1.2000E-03
4.7130E-02 1.2000E-03
2.3537E-02 1.2000E-03
4.0035E-02 1.2000E-03
5.8411E-02 1.2000E-03
4.4575E-02 1.2000E-03
7.7169E-03 1.2000E-03
8.4579E-02 1.2000E-03
1.5555E-02 1.2000E-03
1.4692E-02 1.2000E-03
5.9514E-02 1.2000E-03
4.3025E-02 1.2000E-03
8.3916E-03 1.2000E-03
3.6850E-02 1.2000E-03
9.2849E-03 1.2000E-03
5.6894E-02 1.2000E-03
8.6798E-03 1.2000E-03
5.0681E-03 1.2000E-03
1.1174E-02 1.2000E-03
3.1957E-02 1.2000E-03
1.0089E-02 1.2000E-03
3.4751E-02 1.2000E-03
6.9029E-03 1.2000E-03
1.6443E-02 1.2000E-03
2.2837E-02 1.2000E-03
1.1546E-02 1.2000E-03
7.4750E-03 1.2000E-03
2.0534E-02 1.2000E-03
1.6749E-02 1.2000E-03
4.1395E-03 1.2000E-03
1.6959E-02 1.2000E-03
1.1024E-02 1.2000E-03
6.1810E-03 1.2000E-03
1.4985E-02 1.2000E-03
1.0076E-02 1.2000E-03
8.6874E-03 1.2000E-03
2.4538E-02 1.2000E-03
4.5267E-03 1.2000E-03
1.1081E-03 1.2000E-03
8.3691E-03 1.2000E-03
2.1307E-02 1.2000E-03
5.4597E-03 1.2000E-03
6.4119E-03 1.2000E-03
9.2894E-03 1.2000E-03
1.9040E-02 1.2000E-03
1.0459E-02 1.2000E-03
4.9519E-03 1.2000E-03
9.1038E-03 1.2000E-03
9.3671E-03 1.2000E-03
7.1890E-03 1.2000E-03
1.8925E-02 1.2000E-03
7.0082E-03 1.2000E-03
7.3144E-03 1.2000E-03
1.8006E-02 1.2000E-03
8.8778E-03 1.2000E-03
3.3103E-03 1.2000E-03
4.0970E-03 1.2000E-03
9.0160E-03 1.2000E-03
1.6547E-02 1.2000E-03
1.3502E-02 1.2000E-03
8.7541E-03 1.2000E-03
3.4526E-03 1.2000E-03
5.6450E-03 1.2000E-03
6.1906E-03 1.2000E-03
5.9253E-03 1.2000E-03
9.1042E-03 1.2000E-03
1.1707E-02 1.2000E-03
2.7387E-03 1.2000E-03
3.3900E-03 1.2000E-03
4.5264E-03 1.2000E-03
7.7652E-03 1.2000E-03
6.1885E-03 1.2000E-03
5.0465E-03 1.2000E-03
4.1048E-03 1.2000E-03
5.1630E-03 1.2000E-03
4.3264E-03 1.2000E-03
2.7465E-03 1.2000E-03
3.3031E-03 1.2000E-03
5.5001E-03 1.2000E-03
3.2171E-03 1.2000E-03
4.3340E-03 1.2000E-03
3.5818E-03 1.2000E-03
3.4293E-03 1.2000E-03
3.9077E-03 1.2000E-03
2.1933E-03 1.2000E-03
2.1219E-03 1.2000E-03
4.0883E-03 1.2000E-03
3.6356E-03 1.2000E-03
2.1865E-03 1.2000E-03
4.6733E-03 1.2000E-03
2.8303E-03 1.2000E-03
8.4038E-04 1.2000E-03
3.2256E-03 1.2000E-03
3.7931E-03 1.2000E-03
2.9956E-03 1.2000E-03
4.3557E-03 1.2000E-03
2.7710E-03 1.2000E-03
1.4476E-03 1.2000E-03
4.8798E-03 1.2000E-03
1.9860E-03 1.2000E-03
5.9527E-04 1.2000E-03
2.8982E-03 1.2000E-03
4.0490E-03 1.2000E-03
1.8374E-03 1.2000E-03
2.5580E-03 1.2000E-03
2.3553E-03 1.2000E-03
4.1822E-03 1.2000E-03
2.8581E-03 1.2000E-03
1.6199E-03 1.2000E-03
7.6301E-04 1.2000E-03
1.7461E-03 1.2000E-03
3.0401E-03 1.2000E-03
3.0838E-03 1.2000E-03
2.9524E-03 1.2000E-03
1.1400E-03 1.2000E-03
1.5067E-03 1.2000E-03
2.1933E-03 1.2000E-03
1.5122E-03 1.2000E-03
2.3395E-03 1.2000E-03
2.5396E-03 1.2000E-03
3.1909E-03 1.2000E-03
1.7566E-03 1.2000E-03
1.5488E-03 1.2000E-03
1.6991E-03 1.2000E-03
2.4255E-03 1.2000E-03
1.8419E-03 1.2000E-03
1.7987E-03 1.2000E-03
2.3027E-03 1.2000E-03
2.2695E-03 1.2000E-03
1.4188E-03 1.2000E-03
1.3373E-03 1.2000E-03
1.9177E-03 1.2000E-03
1.7541E-03 1.2000E-03
2.1001E-03 1.2000E-03
1.8072E-03 1.2000E-03
1.0093E-03 1.2000E-03
1.9648E-03 1.2000E-03
1.5363E-03 1.2000E-03
1.0284E-03 1.2000E-03
2.5375E-03 1.2000E-03
1.5720E-03 1.2000E-03
6.4979E-04 1.2000E-03
2.0130E-03 1.2000E-03
1.4958E-03 1.2000E-03
1.9091E-03 1.2000E-03
2.8955E-03 1.2000E-03
2.3660E-03 1.2000E-03
2.5059E-04 1.2000E-03
7.3833E-04 1.2000E-03
1.7527E-03 1.2000E-03
2.6685E-03 1.2000E-03
2.2452E-03 1.2000E-03
1.7800E-03 1.2000E-03
1.2723E-03 1.2000E-03
1.3102E-03 1.2000E-03
1.2194E-03 1.2000E-03
1.1759E-03 1.2000E-03
2.1357E-03 1.2000E-03
2.4761E-03 1.2000E-03
1.0445E-03 1.2000E-03
1.3601E-03 1.2000E-03
1.1846E-03 1.2000E-03
2.4513E-03 1.2000E-03
1.1540E-03 1.2000E-03
8.5019E-04 1.2000E-03
1.4886E-03 1.2000E-03
1.9218E-03 1.2000E-03
1.0481E-03 1.2000E-03
1.3310E-03 1.2000E-03
1.2710E-03 1.2000E-03
1.2811E-03 1.2000E-03
1.8906E-03 1.2000E-03
1.0988E-03 1.2000E-03
