Max Step   Target
7.0634E-03 1.8000E-03
1.2662E-02 1.8000E-03
2.5641E-02 1.8000E-03
3.0677E-02 1.8000E-03
4.5608E-03 1.8000E-03
5.9623E-03 1.8000E-03
1.1612E-02 1.8000E-03
1.7163E-02 1.8000E-03
3.4297E-03 1.8000E-03
2.0343E-03 1.8000E-03
7.2356E-03 1.8000E-03
8.1533E-03 1.8000E-03
1.6597E-02 1.8000E-03
4.2846E-03 1.8000E-03
1.7682E-03 1.8000E-03
8.3606E-03 1.8000E-03
1.2970E-02 1.8000E-03
4.0322E-02 1.8000E-03
5.8065E-03 1.8000E-03
1.8945E-03 1.8000E-03
1.2198E-02 1.8000E-03
1.3647E-02 1.8000E-03
9.7539E-03 1.8000E-03
4.0784E-03 1.8000E-03
2.6097E-03 1.8000E-03
2.5420E-03 1.8000E-03
3.2811E-03 1.8000E-03
1.5576E-03 1.8000E-03
1.0638E-03 1.8000E-03
3.3163E-03 1.8000E-03
6.4550E-03 1.8000E-03
8.4449E-04 1.8000E-03
6.3008E-04 1.8000E-03
6.3008E-04 1.8000E-03
