RMS Grad   Target
1.1476E-03 3.0000E-04
9.9187E-04 3.0000E-04
9.3160E-04 3.0000E-04
1.3043E-03 3.0000E-04
1.4528E-03 3.0000E-04
5.8747E-04 3.0000E-04
4.9558E-04 3.0000E-04
4.8014E-04 3.0000E-04
1.1694E-03 3.0000E-04
3.4283E-04 3.0000E-04
2.8547E-04 3.0000E-04
4.0259E-04 3.0000E-04
4.1978E-04 3.0000E-04
1.0285E-03 3.0000E-04
2.5736E-04 3.0000E-04
2.4011E-04 3.0000E-04
3.7709E-04 3.0000E-04
4.0877E-04 3.0000E-04
1.1770E-03 3.0000E-04
2.7979E-04 3.0000E-04
2.2167E-04 3.0000E-04
3.0723E-04 3.0000E-04
4.3145E-04 3.0000E-04
1.8958E-04 3.0000E-04
1.2429E-04 3.0000E-04
1.5212E-04 3.0000E-04
1.5673E-04 3.0000E-04
1.5210E-04 3.0000E-04
9.5984E-05 3.0000E-04
1.0508E-04 3.0000E-04
1.2880E-04 3.0000E-04
2.7593E-04 3.0000E-04
7.5671E-05 3.0000E-04
5.3882E-05 3.0000E-04
5.3882E-05 3.0000E-04
