RMS Grad   Target
1.0151E-03 3.0000E-03
9.8947E-04 3.0000E-03
7.2237E-04 3.0000E-03
5.2660E-04 3.0000E-03
3.7698E-04 3.0000E-03
3.5468E-04 3.0000E-03
6.5855E-04 3.0000E-03
5.9917E-04 3.0000E-03
2.7879E-04 3.0000E-03
2.5722E-04 3.0000E-03
1.9319E-04 3.0000E-03
1.8000E-04 3.0000E-03
1.5591E-04 3.0000E-03
1.2225E-04 3.0000E-03
1.0736E-04 3.0000E-03
9.5531E-05 3.0000E-03
9.0782E-05 3.0000E-03
1.8341E-04 3.0000E-03
3.7473E-04 3.0000E-03
1.3288E-04 3.0000E-03
9.2725E-05 3.0000E-03
1.2740E-04 3.0000E-03
1.3696E-04 3.0000E-03
2.0545E-04 3.0000E-03
3.4075E-04 3.0000E-03
1.3251E-04 3.0000E-03
1.0282E-04 3.0000E-03
8.4683E-05 3.0000E-03
2.2625E-04 3.0000E-03
5.7842E-05 3.0000E-03
4.1714E-05 3.0000E-03
