348.3
165.6
161.8
158.9
165.2
169.7
168.7
174.9
175.5
167.7
167.6
164.6
162.0
171.3
180.4
181.5
184.5
183.6
167.5
164.0
168.1
179.3
176.9
185.0
204.8
171.3
172.3
167.6
162.2
167.2
157.1
165.7
158.7
162.9
161.0
163.5
165.5
173.5
167.4
173.4
169.7
162.6
162.6
162.9
165.3
167.5
202.2
166.4
163.6
160.1
172.9
172.6
172.9
181.9
176.1
180.5
184.0
185.5
171.3
179.7
172.6
177.1
188.7
187.1
183.0
193.7
172.0
172.9
189.9
174.9
160.0
154.3
155.0
153.3
168.2
159.8
158.3
163.4
163.9
164.2
168.6
173.2
168.1
176.1
171.7
175.7
174.4
160.0
160.4
161.5
191.3
150.0
154.0
157.0
158.8
172.6
169.4
164.7
162.4
181.3
181.2
182.1
172.7
171.5
174.7
169.3
164.3
185.2
184.0
177.6
196.1
166.1
155.9
161.7
151.4
161.5
169.2
162.5
181.5
172.4
174.4
180.9
184.2
176.3
169.8
177.8
169.1
167.1
176.4
171.4
208.5
183.7
153.7
157.9
159.8
160.2
174.5
162.5
172.0
189.1
193.7
182.5
174.1
168.3
179.5
173.7
167.0
181.2
168.1
161.5
199.2
200.9
160.8
178.6
173.3
177.1
177.1
178.1
176.0
187.7
186.0
184.1
199.8
179.6
180.4
183.0
177.0
174.6
180.0
167.9
178.4
172.6
183.5
185.8
153.9
151.5
164.2
156.3
153.7
159.1
174.1
165.7
181.3
175.4
171.5
178.5
165.3
172.3
173.8
171.5
166.8
173.5
161.7
172.2
187.4
184.9
159.3
162.1
169.4
169.8
168.4
171.6
177.8
164.8
174.4
176.0
171.0
190.9
170.8
195.2
157.2
155.4
158.6
161.1
172.6
177.0
173.5
173.6
173.1
171.6
186.5
172.0
191.8
174.6
170.4
167.1
172.8
177.4
171.6
165.1
176.6
188.1
192.2
177.9
177.6
189.6
196.0
175.5
175.7
181.5
171.4
190.4
185.7
178.9
189.9
181.0
192.9
186.1
170.5
191.8
211.5
172.0
187.6
182.5
180.8
199.3
181.6
201.7
189.8
181.9
172.0
191.2
202.1
204.9
182.7
176.7
198.9
195.4
173.3
179.4
178.6
162.3
166.8
171.6
169.3
174.7
177.1
173.3
168.6
168.6
167.5
168.4
177.9
