Max Step   Target
3.1720E-03 1.8000E-02
1.8569E-01 1.8000E-02
6.1792E-02 1.8000E-02
5.9215E-02 1.8000E-02
1.5391E-01 1.8000E-02
6.4881E-02 1.8000E-02
1.4324E-02 1.8000E-02
0.0000E+00 1.8000E-02
2.3147E-03 1.8000E-02
2.4915E-03 1.8000E-02
8.0820E-03 1.8000E-02
4.7917E-02 1.8000E-02
1.3049E-02 1.8000E-02
3.6628E-03 1.8000E-02
2.6101E-02 1.8000E-02
4.1025E-02 1.8000E-02
3.2869E-03 1.8000E-02
3.7856E-03 1.8000E-02
1.0473E-02 1.8000E-02
9.4851E-03 1.8000E-02
1.9628E-02 1.8000E-02
5.9912E-03 1.8000E-02
6.3770E-03 1.8000E-02
7.0751E-03 1.8000E-02
1.2015E-02 1.8000E-02
