RMS Grad   Target
1.0621E-03 3.0000E-03
1.0363E-03 3.0000E-03
8.7013E-04 3.0000E-03
5.4565E-04 3.0000E-03
4.0401E-04 3.0000E-03
3.9141E-04 3.0000E-03
6.7166E-04 3.0000E-03
2.0814E-04 3.0000E-03
1.3477E-04 3.0000E-03
1.1800E-04 3.0000E-03
1.0617E-04 3.0000E-03
8.9163E-05 3.0000E-03
3.2519E-04 3.0000E-03
1.4160E-04 3.0000E-03
1.0750E-04 3.0000E-03
8.9583E-05 3.0000E-03
3.1038E-04 3.0000E-03
8.4988E-05 3.0000E-03
5.9626E-05 3.0000E-03
7.2051E-05 3.0000E-03
9.2305E-05 3.0000E-03
1.7245E-04 3.0000E-03
6.8283E-05 3.0000E-03
6.2526E-05 3.0000E-03
8.4293E-05 3.0000E-03
1.2959E-04 3.0000E-03
