RMS Step   Target
5.6785E-05 1.2000E-02
3.5074E-03 1.2000E-02
8.8680E-04 1.2000E-02
1.0134E-03 1.2000E-02
2.4203E-03 1.2000E-02
1.4302E-03 1.2000E-02
3.8859E-04 1.2000E-02
0.0000E+00 1.2000E-02
8.7131E-05 1.2000E-02
9.4202E-05 1.2000E-02
2.8392E-04 1.2000E-02
1.5109E-03 1.2000E-02
4.5658E-04 1.2000E-02
1.4421E-04 1.2000E-02
9.1275E-04 1.2000E-02
1.3445E-03 1.2000E-02
1.9328E-04 1.2000E-02
1.5552E-04 1.2000E-02
4.8212E-04 1.2000E-02
6.4148E-04 1.2000E-02
1.3411E-03 1.2000E-02
2.4498E-04 1.2000E-02
1.8147E-04 1.2000E-02
5.1749E-04 1.2000E-02
9.2902E-04 1.2000E-02
