675.4
165.5
171.8
170.6
170.2
170.5
171.3
155.7
172.8
171.8
191.0
171.5
173.4
164.2
173.1
172.0
172.5
174.2
173.5
173.0
173.4
171.6
167.1
173.8
231.6
171.3
166.6
172.0
171.4
169.3
170.9
158.4
172.3
172.3
173.0
170.1
173.2
173.7
173.7
172.7
174.5
174.1
172.2
172.3
173.9
172.1
238.1
161.6
165.5
171.2
170.3
165.5
173.4
166.0
173.0
171.4
189.6
188.8
188.7
188.3
184.1
189.7
186.2
190.4
189.8
173.5
174.1
172.2
239.0
154.0
156.5
155.7
153.2
154.0
154.5
169.4
170.0
170.7
185.8
186.9
187.1
187.9
188.3
188.6
187.4
185.4
188.9
172.2
170.1
169.7
240.0
146.8
150.9
155.0
153.5
153.4
154.9
172.3
171.0
172.1
198.0
194.1
189.5
191.1
186.9
188.2
186.5
188.5
187.8
172.3
171.6
172.9
236.5
153.4
154.2
148.9
154.0
155.9
170.9
164.3
174.0
185.2
190.3
188.8
184.7
189.5
189.7
189.6
188.9
189.5
187.7
173.2
236.9
171.1
152.8
155.4
153.5
153.8
155.6
170.5
169.1
172.9
188.3
194.8
216.3
206.4
206.4
202.0
190.9
188.6
190.3
189.1
172.9
236.3
155.8
154.9
156.3
156.0
153.4
154.6
155.2
172.5
171.3
189.0
190.6
189.6
189.0
188.5
189.4
189.5
187.0
188.2
190.1
172.2
235.9
154.8
154.2
172.8
171.6
189.3
189.1
190.5
189.8
188.6
189.6
187.4
188.4
156.5
221.7
190.1
189.3
187.6
207.3
221.2
206.8
204.0
155.0
154.7
122.8
155.5
155.4
154.8
121.3
123.4
154.6
156.9
157.2
123.1
154.7
156.0
157.6
