Max Step   Target
6.4655E-03 1.8000E-03
1.0743E-02 1.8000E-03
2.2856E-02 1.8000E-03
2.5000E-02 1.8000E-03
1.5025E-02 1.8000E-03
6.5622E-03 1.8000E-03
6.1415E-03 1.8000E-03
8.6855E-03 1.8000E-03
3.8338E-03 1.8000E-03
2.2053E-03 1.8000E-03
6.8867E-03 1.8000E-03
1.0390E-02 1.8000E-03
3.8969E-03 1.8000E-03
2.3555E-03 1.8000E-03
3.9034E-03 1.8000E-03
8.0135E-03 1.8000E-03
6.0607E-03 1.8000E-03
2.3941E-03 1.8000E-03
4.1678E-03 1.8000E-03
3.5260E-03 1.8000E-03
3.9638E-04 1.8000E-03
8.2413E-04 1.8000E-03
9.8194E-04 1.8000E-03
9.8194E-04 1.8000E-03
