RMS Grad   Target
6.6054E-04 3.0000E-03
6.3002E-04 3.0000E-03
3.9638E-04 3.0000E-03
3.0345E-04 3.0000E-03
2.3163E-04 3.0000E-03
1.8462E-04 3.0000E-03
2.7157E-04 3.0000E-03
2.2152E-04 3.0000E-03
1.3013E-04 3.0000E-03
1.1949E-04 3.0000E-03
1.1012E-04 3.0000E-03
6.7409E-04 3.0000E-03
3.9691E-04 3.0000E-03
1.0904E-04 3.0000E-03
9.3559E-05 3.0000E-03
1.0878E-04 3.0000E-03
4.2251E-04 3.0000E-03
6.6475E-05 3.0000E-03
5.5002E-05 3.0000E-03
1.0714E-04 3.0000E-03
1.1812E-04 3.0000E-03
6.4044E-05 3.0000E-03
5.2403E-05 3.0000E-03
5.7323E-05 3.0000E-03
1.2599E-04 3.0000E-03
5.5638E-05 3.0000E-03
3.9235E-05 3.0000E-03
