RMS Grad   Target
1.3708E-03 2.0000E-04
1.2603E-03 2.0000E-04
1.1986E-03 2.0000E-04
1.1510E-03 2.0000E-04
1.1167E-03 2.0000E-04
1.0861E-03 2.0000E-04
1.0570E-03 2.0000E-04
1.0317E-03 2.0000E-04
1.0060E-03 2.0000E-04
9.8330E-04 2.0000E-04
9.6047E-04 2.0000E-04
9.3891E-04 2.0000E-04
9.1924E-04 2.0000E-04
8.9903E-04 2.0000E-04
8.8076E-04 2.0000E-04
8.6319E-04 2.0000E-04
8.4553E-04 2.0000E-04
8.2938E-04 2.0000E-04
8.1338E-04 2.0000E-04
7.9787E-04 2.0000E-04
7.8322E-04 2.0000E-04
7.6889E-04 2.0000E-04
7.5487E-04 2.0000E-04
7.4192E-04 2.0000E-04
7.2863E-04 2.0000E-04
7.1627E-04 2.0000E-04
7.0397E-04 2.0000E-04
6.9228E-04 2.0000E-04
6.8058E-04 2.0000E-04
6.6968E-04 2.0000E-04
6.5862E-04 2.0000E-04
6.4806E-04 2.0000E-04
6.3765E-04 2.0000E-04
6.2750E-04 2.0000E-04
6.1766E-04 2.0000E-04
6.0794E-04 2.0000E-04
5.9858E-04 2.0000E-04
5.8941E-04 2.0000E-04
5.8010E-04 2.0000E-04
5.7193E-04 2.0000E-04
5.6274E-04 2.0000E-04
5.5460E-04 2.0000E-04
5.4636E-04 2.0000E-04
5.3811E-04 2.0000E-04
5.3017E-04 2.0000E-04
5.2245E-04 2.0000E-04
5.1463E-04 2.0000E-04
5.0735E-04 2.0000E-04
5.0010E-04 2.0000E-04
4.9270E-04 2.0000E-04
4.8608E-04 2.0000E-04
4.7882E-04 2.0000E-04
4.7206E-04 2.0000E-04
4.6574E-04 2.0000E-04
4.5706E-04 2.0000E-04
4.5332E-04 2.0000E-04
4.3935E-04 2.0000E-04
4.3413E-04 2.0000E-04
4.2521E-04 2.0000E-04
4.1966E-04 2.0000E-04
4.1593E-04 2.0000E-04
4.1000E-04 2.0000E-04
4.0595E-04 2.0000E-04
4.0016E-04 2.0000E-04
3.9738E-04 2.0000E-04
3.9210E-04 2.0000E-04
3.8889E-04 2.0000E-04
3.8334E-04 2.0000E-04
3.8111E-04 2.0000E-04
3.7578E-04 2.0000E-04
3.7254E-04 2.0000E-04
3.6778E-04 2.0000E-04
3.6447E-04 2.0000E-04
3.5900E-04 2.0000E-04
3.5528E-04 2.0000E-04
3.5008E-04 2.0000E-04
3.4736E-04 2.0000E-04
3.4192E-04 2.0000E-04
3.4023E-04 2.0000E-04
3.3517E-04 2.0000E-04
3.3269E-04 2.0000E-04
3.2761E-04 2.0000E-04
3.2648E-04 2.0000E-04
3.2129E-04 2.0000E-04
3.1986E-04 2.0000E-04
3.1498E-04 2.0000E-04
3.1491E-04 2.0000E-04
3.0901E-04 2.0000E-04
3.0783E-04 2.0000E-04
3.0275E-04 2.0000E-04
3.0091E-04 2.0000E-04
2.9663E-04 2.0000E-04
2.9366E-04 2.0000E-04
2.8895E-04 2.0000E-04
2.8607E-04 2.0000E-04
2.8167E-04 2.0000E-04
2.7954E-04 2.0000E-04
2.7510E-04 2.0000E-04
2.7240E-04 2.0000E-04
2.6740E-04 2.0000E-04
2.7005E-04 2.0000E-04
2.6502E-04 2.0000E-04
2.6279E-04 2.0000E-04
2.5990E-04 2.0000E-04
2.5510E-04 2.0000E-04
2.5301E-04 2.0000E-04
2.4791E-04 2.0000E-04
2.4675E-04 2.0000E-04
2.4111E-04 2.0000E-04
2.4560E-04 2.0000E-04
2.3955E-04 2.0000E-04
2.3799E-04 2.0000E-04
2.3455E-04 2.0000E-04
2.2835E-04 2.0000E-04
2.2389E-04 2.0000E-04
2.2638E-04 2.0000E-04
2.2056E-04 2.0000E-04
2.1698E-04 2.0000E-04
2.1372E-04 2.0000E-04
2.1332E-04 2.0000E-04
2.0767E-04 2.0000E-04
2.0961E-04 2.0000E-04
2.0525E-04 2.0000E-04
2.0406E-04 2.0000E-04
1.9962E-04 2.0000E-04
2.0257E-04 2.0000E-04
1.9806E-04 2.0000E-04
1.9670E-04 2.0000E-04
1.9237E-04 2.0000E-04
1.9313E-04 2.0000E-04
1.8790E-04 2.0000E-04
1.8779E-04 2.0000E-04
1.8245E-04 2.0000E-04
1.8752E-04 2.0000E-04
1.8180E-04 2.0000E-04
1.8556E-04 2.0000E-04
1.7974E-04 2.0000E-04
1.8318E-04 2.0000E-04
1.7816E-04 2.0000E-04
1.8030E-04 2.0000E-04
1.7385E-04 2.0000E-04
1.7559E-04 2.0000E-04
1.7038E-04 2.0000E-04
1.7015E-04 2.0000E-04
1.6525E-04 2.0000E-04
1.6336E-04 2.0000E-04
1.5780E-04 2.0000E-04
1.6003E-04 2.0000E-04
1.5339E-04 2.0000E-04
1.5129E-04 2.0000E-04
1.4703E-04 2.0000E-04
1.4224E-04 2.0000E-04
1.3745E-04 2.0000E-04
1.3197E-04 2.0000E-04
1.2862E-04 2.0000E-04
1.2222E-04 2.0000E-04
1.2408E-04 2.0000E-04
1.1731E-04 2.0000E-04
1.1557E-04 2.0000E-04
1.0990E-04 2.0000E-04
1.0467E-04 2.0000E-04
1.0019E-04 2.0000E-04
9.6020E-05 2.0000E-04
8.8940E-05 2.0000E-04
8.3705E-05 2.0000E-04
7.8385E-05 2.0000E-04
