0.000000000000000000e+00 0.000000000000000000e+00
1.624599999999999933e-01 -8.369683666549999901e-02
4.276599999999999846e-01 8.915880050330000917e-02
5.838100000000000511e-01 2.642414043622000053e-01
7.279299999999999660e-01 5.056741743432999758e-01
8.757399999999999629e-01 6.708833633435000721e-01
1.056240000000000068e+00 8.489798929294001262e-01
1.225330000000000030e+00 1.379388401272999998e+00
1.401380000000000070e+00 2.210296411507799874e+00
1.584149999999999947e+00 3.991671156989299973e+00
1.768699999999999939e+00 7.145398547334000483e+00
1.955510000000000081e+00 1.118255174489600101e+01
2.146590000000000220e+00 1.442578745825700004e+01
2.341359999999999886e+00 1.570978846744359991e+01
2.540750000000000064e+00 1.527959320915090125e+01
2.718319999999999848e+00 1.473827802962919975e+01
2.916790000000000216e+00 1.493662327063070094e+01
3.107169999999999987e+00 1.585994465679729970e+01
3.287700000000000067e+00 1.602304529005569833e+01
3.454530000000000101e+00 1.547449191972080129e+01
3.622149999999999981e+00 1.497381246601390004e+01
3.776400000000000201e+00 1.459260187803010034e+01
4.029919999999999725e+00 1.464494899256460059e+01
4.169080000000000119e+00 1.435763176048910061e+01
