Max Step   Target
3.2353E-03 1.8000E-02
1.9724E-01 1.8000E-02
5.7643E-02 1.8000E-02
6.0477E-02 1.8000E-02
1.5482E-01 1.8000E-02
5.2212E-02 1.8000E-02
1.7319E-02 1.8000E-02
0.0000E+00 1.8000E-02
1.7762E-03 1.8000E-02
3.3209E-03 1.8000E-02
7.1282E-03 1.8000E-02
4.5129E-02 1.8000E-02
2.9852E-02 1.8000E-02
6.7593E-03 1.8000E-02
6.1040E-03 1.8000E-02
1.8270E-02 1.8000E-02
2.2269E-02 1.8000E-02
3.4972E-02 1.8000E-02
1.2591E-02 1.8000E-02
5.0705E-03 1.8000E-02
1.4736E-02 1.8000E-02
1.1034E-02 1.8000E-02
1.2989E-02 1.8000E-02
3.7279E-03 1.8000E-02
7.3379E-03 1.8000E-02
9.2006E-03 1.8000E-02
6.7550E-03 1.8000E-02
7.0923E-03 1.8000E-02
4.4839E-03 1.8000E-02
3.6267E-03 1.8000E-02
6.0552E-03 1.8000E-02
2.9745E-03 1.8000E-02
1.7870E-03 1.8000E-02
6.5754E-03 1.8000E-02
6.7860E-03 1.8000E-02
