RMS Grad   Target
1.0710E-03 3.0000E-03
1.0453E-03 3.0000E-03
8.3721E-04 3.0000E-03
5.2361E-04 3.0000E-03
4.0442E-04 3.0000E-03
5.8588E-04 3.0000E-03
4.5656E-04 3.0000E-03
2.1379E-04 3.0000E-03
1.8378E-04 3.0000E-03
1.5950E-04 3.0000E-03
1.3579E-04 3.0000E-03
1.1559E-04 3.0000E-03
2.9911E-04 3.0000E-03
3.0983E-04 3.0000E-03
1.3948E-04 3.0000E-03
9.4172E-05 3.0000E-03
1.1686E-04 3.0000E-03
1.2850E-04 3.0000E-03
3.2761E-04 3.0000E-03
7.3361E-05 3.0000E-03
6.1865E-05 3.0000E-03
7.0313E-05 3.0000E-03
1.0129E-04 3.0000E-03
6.7588E-05 3.0000E-03
4.7890E-05 3.0000E-03
5.8696E-05 3.0000E-03
9.1077E-05 3.0000E-03
5.3463E-05 3.0000E-03
4.2353E-05 3.0000E-03
4.9186E-05 3.0000E-03
4.0082E-05 3.0000E-03
5.5998E-05 3.0000E-03
4.3685E-05 3.0000E-03
4.1691E-05 3.0000E-03
5.9789E-05 3.0000E-03
6.9027E-05 3.0000E-03
