525.1
170.4
170.3
172.3
172.5
170.7
170.8
172.0
173.2
165.2
164.7
172.3
173.6
173.3
173.3
172.4
174.9
159.8
172.3
172.6
172.8
172.9
172.9
173.3
234.2
170.2
170.6
171.0
172.7
171.0
172.2
172.3
171.4
171.5
171.1
172.5
171.0
171.3
169.9
173.2
172.9
166.8
171.6
171.5
175.1
173.2
233.9
171.8
172.6
169.9
172.0
170.7
172.0
171.0
172.2
187.8
190.1
189.6
188.8
190.3
189.5
188.4
190.5
188.7
190.9
191.7
172.2
172.9
236.5
154.2
154.6
156.1
154.6
154.2
172.3
171.8
172.6
174.1
189.8
190.7
188.9
189.9
189.1
189.6
191.6
189.8
191.2
173.8
174.1
174.1
238.9
156.3
154.9
154.4
156.7
155.2
177.5
172.8
172.4
191.2
184.3
191.2
190.7
183.7
184.7
190.4
189.9
190.8
173.5
173.8
235.3
155.2
156.8
155.8
157.1
156.5
172.6
173.1
190.0
191.9
191.6
190.7
192.6
189.7
191.7
192.2
190.1
190.3
189.1
173.8
173.5
237.9
155.0
154.9
157.7
155.6
156.2
171.8
175.3
192.1
187.0
192.6
192.2
190.9
191.4
192.3
191.4
191.3
189.6
189.5
173.5
172.6
238.0
190.3
154.1
157.5
154.9
174.3
190.1
191.2
191.9
192.0
191.3
192.0
190.7
191.5
192.1
190.5
189.1
191.3
239.4
156.3
157.2
173.5
191.8
192.7
193.1
186.3
191.4
192.4
189.4
190.6
190.6
188.8
192.4
222.0
156.3
155.5
172.8
190.3
192.0
192.1
191.7
191.7
191.7
189.7
173.9
224.7
175.2
192.1
208.4
191.5
121.3
175.1
157.2
156.5
157.0
157.0
159.0
156.9
156.3
123.4
160.4
156.4
158.6
125.3
157.7
158.5
123.9
124.3
125.5
124.1
124.1
124.7
125.5
122.8
124.1
