Max Step   Target
8.2600E-03 1.8000E-03
2.5000E-02 1.8000E-03
2.5000E-02 1.8000E-03
1.2477E-02 1.8000E-03
1.7666E-02 1.8000E-03
8.6359E-03 1.8000E-03
8.7186E-03 1.8000E-03
4.8100E-03 1.8000E-03
1.2011E-02 1.8000E-03
8.1688E-03 1.8000E-03
1.2691E-03 1.8000E-03
2.2430E-03 1.8000E-03
4.0551E-03 1.8000E-03
7.1667E-03 1.8000E-03
1.9675E-02 1.8000E-03
3.5610E-03 1.8000E-03
2.5083E-03 1.8000E-03
6.6718E-03 1.8000E-03
6.4964E-03 1.8000E-03
8.4730E-03 1.8000E-03
1.1224E-03 1.8000E-03
1.6507E-03 1.8000E-03
3.1230E-03 1.8000E-03
5.1682E-03 1.8000E-03
2.4357E-03 1.8000E-03
2.8417E-03 1.8000E-03
2.9929E-03 1.8000E-03
5.1361E-03 1.8000E-03
3.0930E-03 1.8000E-03
9.6084E-04 1.8000E-03
1.8064E-03 1.8000E-03
3.5009E-03 1.8000E-03
2.8017E-03 1.8000E-03
3.5199E-03 1.8000E-03
3.4400E-03 1.8000E-03
3.6065E-03 1.8000E-03
3.2758E-03 1.8000E-03
8.7236E-04 1.8000E-03
8.7236E-04 1.8000E-03
