Max Step   Target
8.8821E-03 1.8000E-03
1.0703E-02 1.8000E-03
2.4854E-02 1.8000E-03
2.4400E-02 1.8000E-03
1.2134E-02 1.8000E-03
3.0504E-02 1.8000E-03
2.1605E-02 1.8000E-03
5.3916E-03 1.8000E-03
2.3737E-03 1.8000E-03
5.7646E-03 1.8000E-03
9.5426E-03 1.8000E-03
2.1475E-02 1.8000E-03
3.3065E-03 1.8000E-03
2.5968E-03 1.8000E-03
5.8962E-03 1.8000E-03
7.7672E-03 1.8000E-03
1.8044E-02 1.8000E-03
7.6309E-03 1.8000E-03
1.2813E-03 1.8000E-03
5.4683E-03 1.8000E-03
5.5824E-03 1.8000E-03
1.4172E-03 1.8000E-03
1.0527E-03 1.8000E-03
2.5544E-03 1.8000E-03
3.5925E-03 1.8000E-03
8.8997E-03 1.8000E-03
2.8180E-03 1.8000E-03
5.4552E-04 1.8000E-03
5.4552E-04 1.8000E-03
