RMS Grad   Target
1.0594E-03 3.0000E-04
8.9267E-04 3.0000E-04
7.8927E-04 3.0000E-04
1.1719E-03 3.0000E-04
1.0010E-03 3.0000E-04
7.6245E-04 3.0000E-04
7.9180E-04 3.0000E-04
1.3237E-03 3.0000E-04
4.5621E-04 3.0000E-04
3.2074E-04 3.0000E-04
4.1344E-04 3.0000E-04
4.4633E-04 3.0000E-04
1.3813E-03 3.0000E-04
3.5101E-04 3.0000E-04
2.5072E-04 3.0000E-04
3.1362E-04 3.0000E-04
2.9932E-04 3.0000E-04
1.2587E-03 3.0000E-04
1.6100E-04 3.0000E-04
1.3265E-04 3.0000E-04
1.7243E-04 3.0000E-04
3.9187E-04 3.0000E-04
1.2464E-04 3.0000E-04
9.0686E-05 3.0000E-04
1.2589E-04 3.0000E-04
1.4758E-04 3.0000E-04
4.3045E-04 3.0000E-04
7.2687E-05 3.0000E-04
5.7374E-05 3.0000E-04
5.7374E-05 3.0000E-04
