Max Step   Target
7.6856E-03 1.8000E-03
4.1480E-03 1.8000E-03
1.4163E-03 1.8000E-03
9.3963E-03 1.8000E-03
8.1083E-03 1.8000E-03
1.9339E-02 1.8000E-03
5.1614E-03 1.8000E-03
9.3440E-04 1.8000E-03
4.8590E-03 1.8000E-03
7.0772E-03 1.8000E-03
2.6081E-03 1.8000E-03
3.2376E-03 1.8000E-03
3.9208E-03 1.8000E-03
5.5676E-03 1.8000E-03
3.5421E-03 1.8000E-03
1.9821E-03 1.8000E-03
3.4902E-03 1.8000E-03
3.4271E-03 1.8000E-03
7.1032E-04 1.8000E-03
1.4996E-03 1.8000E-03
1.1416E-03 1.8000E-03
1.1416E-03 1.8000E-03
