RMS Grad   Target
8.1402E-04 3.0000E-04
1.7103E-03 3.0000E-04
4.3837E-04 3.0000E-04
3.3763E-04 3.0000E-04
4.1657E-04 3.0000E-04
4.1131E-04 3.0000E-04
1.4692E-03 3.0000E-04
2.0195E-04 3.0000E-04
1.7288E-04 3.0000E-04
2.2906E-04 3.0000E-04
4.4777E-04 3.0000E-04
2.0202E-04 3.0000E-04
1.6369E-04 3.0000E-04
1.6783E-04 3.0000E-04
3.1872E-04 3.0000E-04
1.6068E-04 3.0000E-04
1.2895E-04 3.0000E-04
1.7980E-04 3.0000E-04
2.3605E-04 3.0000E-04
1.0157E-04 3.0000E-04
6.9310E-05 3.0000E-04
7.0549E-05 3.0000E-04
7.0549E-05 3.0000E-04
