RMS Grad   Target
1.1237E-03 3.0000E-04
9.7092E-04 3.0000E-04
9.6394E-04 3.0000E-04
1.2328E-03 3.0000E-04
9.8620E-04 3.0000E-04
9.7943E-04 3.0000E-04
6.7522E-04 3.0000E-04
3.7591E-04 3.0000E-04
3.0166E-04 3.0000E-04
3.0651E-04 3.0000E-04
8.6528E-04 3.0000E-04
3.3231E-04 3.0000E-04
2.3828E-04 3.0000E-04
2.4683E-04 3.0000E-04
4.0953E-04 3.0000E-04
2.1515E-04 3.0000E-04
1.5482E-04 3.0000E-04
1.7501E-04 3.0000E-04
3.5849E-04 3.0000E-04
1.9135E-04 3.0000E-04
1.4839E-04 3.0000E-04
1.6943E-04 3.0000E-04
3.7235E-04 3.0000E-04
1.6517E-04 3.0000E-04
1.0452E-04 3.0000E-04
1.0580E-04 3.0000E-04
1.8733E-04 3.0000E-04
7.4300E-05 3.0000E-04
5.8485E-05 3.0000E-04
5.8485E-05 3.0000E-04
