RMS Step   Target
2.2222E-03 1.2000E-03
5.6764E-03 1.2000E-03
5.2705E-03 1.2000E-03
5.2211E-03 1.2000E-03
5.3331E-03 1.2000E-03
5.6141E-03 1.2000E-03
1.4493E-03 1.2000E-03
9.2220E-04 1.2000E-03
1.9835E-03 1.2000E-03
4.4279E-03 1.2000E-03
1.3098E-03 1.2000E-03
1.1998E-03 1.2000E-03
1.6724E-03 1.2000E-03
2.6075E-03 1.2000E-03
1.7247E-03 1.2000E-03
5.7330E-04 1.2000E-03
1.0431E-03 1.2000E-03
1.7677E-03 1.2000E-03
1.0396E-03 1.2000E-03
1.8247E-03 1.2000E-03
1.3037E-03 1.2000E-03
3.3634E-03 1.2000E-03
1.7247E-03 1.2000E-03
5.7264E-04 1.2000E-03
7.1938E-04 1.2000E-03
7.6211E-04 1.2000E-03
1.6849E-04 1.2000E-03
3.0715E-04 1.2000E-03
3.0715E-04 1.2000E-03
