862.7
205.2
205.6
203.2
200.3
204.9
206.6
204.2
204.4
203.5
204.3
204.5
205.2
205.0
205.6
204.8
205.3
204.2
205.7
203.2
206.0
206.9
204.1
197.0
205.9
203.7
204.8
203.9
205.3
204.2
197.1
204.8
205.2
205.7
207.4
205.3
202.9
203.9
204.2
203.5
204.4
204.4
203.0
205.9
205.2
204.4
205.1
204.1
205.8
202.9
203.2
205.1
204.3
205.3
205.1
206.3
207.0
206.2
203.2
205.5
204.3
204.6
204.5
203.6
205.3
205.4
204.3
206.0
204.5
204.2
202.4
205.3
202.7
204.4
204.2
204.9
204.2
206.0
205.0
202.9
204.6
203.0
201.1
203.6
202.3
203.9
203.4
205.2
205.5
204.4
204.0
203.7
204.1
203.8
205.1
203.2
205.3
205.5
204.7
205.6
204.0
204.1
206.2
203.5
206.1
205.1
205.0
206.0
202.5
205.8
202.1
204.6
205.4
203.0
206.0
205.2
203.9
203.9
203.9
204.2
204.6
202.7
205.2
204.0
203.5
203.1
204.1
203.8
202.7
203.8
203.9
204.9
204.1
204.8
205.3
203.4
203.1
203.4
203.4
204.5
205.6
204.9
202.9
205.5
205.2
203.6
205.1
204.0
203.4
205.4
205.1
205.8
204.4
203.9
201.4
203.2
203.9
205.4
204.1
205.5
205.6
206.9
206.2
205.5
205.0
203.9
203.0
206.5
205.8
204.3
204.2
203.5
204.3
205.2
203.8
204.4
203.0
206.3
202.8
204.3
204.1
818.3
194.7
192.0
193.0
192.4
193.5
191.8
194.9
190.6
191.1
192.3
192.9
192.6
187.9
190.7
191.6
192.9
195.1
191.5
195.4
191.9
194.2
193.0
192.0
195.2
193.0
195.2
192.5
191.3
192.8
193.3
192.2
192.0
194.0
191.2
193.9
191.2
196.8
193.6
194.5
193.5
194.5
193.5
191.2
193.8
193.2
192.6
192.5
190.6
193.3
191.9
192.7
193.1
192.2
192.0
188.0
193.9
194.2
192.7
192.8
193.2
193.7
193.5
191.4
193.1
192.9
193.4
191.4
191.2
193.0
193.0
194.4
193.4
194.3
192.8
194.2
192.8
192.5
189.4
191.6
192.1
192.9
193.0
193.2
196.3
192.7
193.6
193.4
193.7
193.8
193.2
193.7
192.7
192.7
193.6
195.8
191.8
190.3
191.3
193.6
191.8
192.0
192.4
193.9
193.9
194.1
194.7
193.5
190.7
193.3
193.3
193.6
193.5
194.7
194.4
194.0
193.0
194.3
194.4
192.7
193.4
187.8
192.3
192.5
192.9
194.6
193.2
193.0
193.5
193.5
190.6
193.2
193.3
193.7
192.6
192.2
193.0
193.9
192.3
195.1
191.9
191.8
195.1
193.5
192.4
193.7
193.3
194.1
194.2
196.1
192.4
193.9
192.5
194.6
191.2
195.3
192.0
192.7
194.2
192.2
193.2
194.3
191.2
193.6
192.3
193.5
194.5
190.3
191.4
192.4
193.8
191.4
192.7
195.2
193.3
192.6
194.4
194.5
195.8
194.2
193.4
192.2
191.8
192.9
192.6
193.3
193.3
194.7
194.2
193.9
194.3
193.8
868.9
206.6
205.0
206.4
210.3
207.0
205.8
206.5
206.1
206.5
208.6
205.5
206.9
206.0
206.1
229.2
205.1
206.2
205.3
208.8
204.9
206.6
206.3
205.9
207.3
209.2
205.3
206.5
204.9
205.2
204.2
208.3
209.0
208.7
206.4
206.3
203.6
205.3
205.4
205.1
205.3
206.4
207.6
205.9
205.3
207.1
204.5
205.7
203.6
205.2
204.7
205.6
203.8
203.4
206.5
207.0
204.7
205.9
204.4
205.3
205.9
206.2
205.8
205.9
205.7
207.3
207.5
207.0
206.1
203.4
208.9
204.6
206.3
206.9
207.0
206.0
206.5
204.2
206.8
204.6
202.7
207.8
205.3
205.4
207.0
206.7
205.4
204.8
205.3
206.9
205.1
205.7
206.0
205.7
204.8
204.1
204.7
204.0
206.6
205.7
205.0
203.5
204.1
203.9
203.8
205.1
206.5
207.4
205.2
204.9
206.2
205.5
205.1
205.7
204.3
206.5
206.9
206.1
204.1
204.2
207.0
206.3
207.3
204.4
204.5
204.5
202.4
204.2
206.7
203.4
204.0
205.3
205.3
205.9
205.3
205.9
205.9
207.3
206.3
205.4
205.9
204.1
204.5
204.3
203.3
205.7
206.1
206.2
206.3
207.2
204.6
205.7
205.3
204.3
204.4
206.4
206.2
204.5
207.0
205.1
204.5
202.9
206.2
206.1
204.9
206.4
205.7
204.6
205.7
205.3
206.0
205.8
203.8
203.4
204.4
205.6
206.3
206.1
204.4
527.8
111.0
110.5
109.0
109.2
109.6
108.7
110.4
111.9
109.2
109.1
110.7
109.7
111.5
108.8
108.9
109.3
108.8
107.9
109.3
107.3
110.2
109.7
108.7
109.2
110.3
107.5
111.0
109.4
110.9
109.2
109.0
111.3
107.3
109.8
109.4
110.4
110.3
108.3
109.4
108.6
109.9
110.0
108.5
108.6
109.8
109.6
110.3
110.5
107.8
108.4
109.8
110.9
111.1
108.9
109.1
107.8
108.9
109.1
109.3
108.9
107.6
107.9
108.9
111.6
110.4
109.2
110.4
110.2
109.4
108.5
109.6
109.6
110.2
109.7
110.8
109.8
109.2
109.7
110.3
109.0
110.2
109.9
108.2
110.7
108.2
110.7
108.9
110.0
110.8
109.0
110.0
107.4
107.8
108.2
109.1
108.7
107.3
108.9
109.6
108.0
109.1
107.9
107.0
109.2
108.8
108.4
108.2
108.8
109.0
110.3
107.7
108.0
108.6
108.3
109.9
108.3
112.1
110.1
108.1
107.8
107.1
106.7
109.8
108.2
107.4
109.1
109.4
109.9
107.8
108.2
109.2
107.8
107.9
108.1
110.5
107.3
108.5
109.5
109.7
108.5
108.0
110.0
108.2
107.3
107.4
110.4
107.4
108.1
107.5
108.7
110.5
107.2
110.7
108.3
108.2
109.3
108.1
106.9
107.3
108.8
108.3
107.1
107.4
109.5
108.4
108.5
108.5
107.1
109.1
108.7
108.3
108.4
110.5
108.8
107.8
107.9
108.4
109.6
108.9
109.1
109.6
107.7
108.5
107.2
108.0
106.6
108.3
107.9
108.0
108.1
108.2
108.1
107.4
107.1
109.6
108.0
108.3
108.3
108.7
107.7
109.9
109.1
109.3
109.7
108.7
108.6
107.4
107.8
858.6
207.2
205.1
205.6
204.4
204.3
204.7
205.2
204.4
203.8
206.0
204.0
202.5
202.8
201.7
229.7
205.8
