Max Step   Target
6.7102E-03 1.8000E-03
1.8707E-02 1.8000E-03
2.0697E-02 1.8000E-03
2.5000E-02 1.8000E-03
2.5000E-02 1.8000E-03
7.1360E-03 1.8000E-03
3.6456E-03 1.8000E-03
4.5246E-03 1.8000E-03
6.8824E-03 1.8000E-03
4.8496E-03 1.8000E-03
1.3844E-02 1.8000E-03
6.0430E-03 1.8000E-03
1.6200E-03 1.8000E-03
3.5605E-03 1.8000E-03
4.7511E-03 1.8000E-03
1.0310E-02 1.8000E-03
1.6230E-02 1.8000E-03
7.9309E-03 1.8000E-03
4.3981E-04 1.8000E-03
1.1032E-03 1.8000E-03
1.4385E-03 1.8000E-03
3.9396E-03 1.8000E-03
1.2804E-03 1.8000E-03
4.0130E-04 1.8000E-03
4.0130E-04 1.8000E-03
