RMS Grad   Target
4.3819E-04 2.0000E-04
2.6819E-04 2.0000E-04
2.7436E-04 2.0000E-04
3.4293E-04 2.0000E-04
3.4830E-04 2.0000E-04
4.9484E-04 2.0000E-04
2.1717E-04 2.0000E-04
2.1900E-04 2.0000E-04
2.8837E-04 2.0000E-04
4.9092E-04 2.0000E-04
3.2754E-04 2.0000E-04
1.9968E-04 2.0000E-04
2.2711E-04 2.0000E-04
1.8706E-04 2.0000E-04
1.9064E-04 2.0000E-04
2.4433E-04 2.0000E-04
3.8378E-04 2.0000E-04
2.5218E-04 2.0000E-04
2.4554E-04 2.0000E-04
2.0452E-04 2.0000E-04
2.2173E-04 2.0000E-04
1.9147E-04 2.0000E-04
1.9169E-04 2.0000E-04
1.7904E-04 2.0000E-04
2.4704E-04 2.0000E-04
3.2172E-04 2.0000E-04
1.6342E-04 2.0000E-04
1.4995E-04 2.0000E-04
1.7908E-04 2.0000E-04
2.4059E-04 2.0000E-04
3.0322E-04 2.0000E-04
1.7526E-04 2.0000E-04
1.5022E-04 2.0000E-04
2.5853E-04 2.0000E-04
1.6437E-04 2.0000E-04
1.4216E-04 2.0000E-04
2.3113E-04 2.0000E-04
1.6893E-04 2.0000E-04
1.4240E-04 2.0000E-04
1.3541E-04 2.0000E-04
1.4142E-04 2.0000E-04
1.8870E-04 2.0000E-04
1.1213E-04 2.0000E-04
1.0061E-04 2.0000E-04
1.2360E-04 2.0000E-04
1.1522E-04 2.0000E-04
9.3099E-05 2.0000E-04
9.7334E-05 2.0000E-04
1.3955E-04 2.0000E-04
1.0483E-04 2.0000E-04
8.8928E-05 2.0000E-04
1.3040E-04 2.0000E-04
9.3664E-05 2.0000E-04
9.5469E-05 2.0000E-04
1.3503E-04 2.0000E-04
2.1473E-04 2.0000E-04
1.0412E-04 2.0000E-04
7.9195E-05 2.0000E-04
1.0344E-04 2.0000E-04
1.3618E-04 2.0000E-04
1.0744E-04 2.0000E-04
8.7687E-05 2.0000E-04
1.1154E-04 2.0000E-04
1.1103E-04 2.0000E-04
8.2647E-05 2.0000E-04
8.5520E-05 2.0000E-04
1.0655E-04 2.0000E-04
8.2786E-05 2.0000E-04
9.7071E-05 2.0000E-04
1.0555E-04 2.0000E-04
8.4924E-05 2.0000E-04
1.2348E-04 2.0000E-04
9.9531E-05 2.0000E-04
7.7840E-05 2.0000E-04
7.9114E-05 2.0000E-04
1.3505E-04 2.0000E-04
9.5028E-05 2.0000E-04
8.5874E-05 2.0000E-04
1.0442E-04 2.0000E-04
8.9625E-05 2.0000E-04
1.7812E-04 2.0000E-04
8.4043E-05 2.0000E-04
8.1333E-05 2.0000E-04
9.8874E-05 2.0000E-04
1.8788E-04 2.0000E-04
7.9038E-05 2.0000E-04
6.6841E-05 2.0000E-04
8.1531E-05 2.0000E-04
1.4105E-04 2.0000E-04
8.7752E-05 2.0000E-04
7.1145E-05 2.0000E-04
9.9170E-05 2.0000E-04
1.0289E-04 2.0000E-04
7.2826E-05 2.0000E-04
7.6048E-05 2.0000E-04
8.5219E-05 2.0000E-04
8.3240E-05 2.0000E-04
1.9534E-04 2.0000E-04
6.0741E-05 2.0000E-04
4.9767E-05 2.0000E-04
6.5604E-05 2.0000E-04
1.0892E-04 2.0000E-04
7.2683E-05 2.0000E-04
5.9896E-05 2.0000E-04
8.4706E-05 2.0000E-04
7.3725E-05 2.0000E-04
6.1949E-05 2.0000E-04
8.0103E-05 2.0000E-04
6.8085E-05 2.0000E-04
5.5567E-05 2.0000E-04
8.2824E-05 2.0000E-04
5.9765E-05 2.0000E-04
5.1472E-05 2.0000E-04
5.8267E-05 2.0000E-04
9.5685E-05 2.0000E-04
4.9302E-05 2.0000E-04
4.4749E-05 2.0000E-04
4.9779E-05 2.0000E-04
9.5227E-05 2.0000E-04
4.0847E-05 2.0000E-04
3.4567E-05 2.0000E-04
4.2218E-05 2.0000E-04
8.2044E-05 2.0000E-04
4.0545E-05 2.0000E-04
3.1416E-05 2.0000E-04
3.7926E-05 2.0000E-04
6.7463E-05 2.0000E-04
3.0567E-05 2.0000E-04
2.6868E-05 2.0000E-04
3.4086E-05 2.0000E-04
6.2146E-05 2.0000E-04
3.1369E-05 2.0000E-04
2.4657E-05 2.0000E-04
2.9373E-05 2.0000E-04
5.3038E-05 2.0000E-04
2.6773E-05 2.0000E-04
2.1274E-05 2.0000E-04
2.3827E-05 2.0000E-04
3.4736E-05 2.0000E-04
2.4677E-05 2.0000E-04
2.1000E-05 2.0000E-04
2.7075E-05 2.0000E-04
2.6990E-05 2.0000E-04
2.2199E-05 2.0000E-04
2.8157E-05 2.0000E-04
2.5902E-05 2.0000E-04
2.3237E-05 2.0000E-04
3.2227E-05 2.0000E-04
2.5400E-05 2.0000E-04
2.0272E-05 2.0000E-04
2.2777E-05 2.0000E-04
4.0015E-05 2.0000E-04
2.2390E-05 2.0000E-04
1.9303E-05 2.0000E-04
2.2887E-05 2.0000E-04
2.9971E-05 2.0000E-04
4.7585E-05 2.0000E-04
1.7426E-05 2.0000E-04
1.6405E-05 2.0000E-04
2.2066E-05 2.0000E-04
3.0629E-05 2.0000E-04
2.3397E-05 2.0000E-04
1.9242E-05 2.0000E-04
2.1262E-05 2.0000E-04
2.1576E-05 2.0000E-04
1.6778E-05 2.0000E-04
2.0646E-05 2.0000E-04
2.1369E-05 2.0000E-04
1.7807E-05 2.0000E-04
2.6673E-05 2.0000E-04
1.7703E-05 2.0000E-04
1.6162E-05 2.0000E-04
1.7634E-05 2.0000E-04
2.8013E-05 2.0000E-04
1.6624E-05 2.0000E-04
1.4765E-05 2.0000E-04
1.9446E-05 2.0000E-04
2.1956E-05 2.0000E-04
1.7029E-05 2.0000E-04
1.7457E-05 2.0000E-04
1.9190E-05 2.0000E-04
1.6284E-05 2.0000E-04
2.4284E-05 2.0000E-04
2.5259E-05 2.0000E-04
1.7162E-05 2.0000E-04
1.5374E-05 2.0000E-04
2.0417E-05 2.0000E-04
1.7530E-05 2.0000E-04
2.7981E-05 2.0000E-04
1.9781E-05 2.0000E-04
1.5993E-05 2.0000E-04
1.8731E-05 2.0000E-04
3.1601E-05 2.0000E-04
1.7209E-05 2.0000E-04
1.5397E-05 2.0000E-04
1.7671E-05 2.0000E-04
2.2278E-05 2.0000E-04
1.7156E-05 2.0000E-04
1.4090E-05 2.0000E-04
1.7567E-05 2.0000E-04
1.8819E-05 2.0000E-04
1.4848E-05 2.0000E-04
1.8576E-05 2.0000E-04
1.6059E-05 2.0000E-04
1.2892E-05 2.0000E-04
1.5319E-05 2.0000E-04
1.7700E-05 2.0000E-04
1.2481E-05 2.0000E-04
1.0598E-05 2.0000E-04
1.2945E-05 2.0000E-04
1.0938E-05 2.0000E-04
2.1378E-05 2.0000E-04
1.2322E-05 2.0000E-04
1.0224E-05 2.0000E-04
1.0907E-05 2.0000E-04
2.2731E-05 2.0000E-04
9.8967E-06 2.0000E-04
