Max Step   Target
1.5855E-03 1.2000E-03
4.5360E-03 1.2000E-03
5.3016E-03 1.2000E-03
1.7108E-02 1.2000E-03
1.7964E-02 1.2000E-03
1.1254E-02 1.2000E-03
1.4642E-03 1.2000E-03
2.6757E-03 1.2000E-03
5.6728E-03 1.2000E-03
1.1430E-02 1.2000E-03
8.2265E-03 1.2000E-03
5.1424E-03 1.2000E-03
4.3060E-03 1.2000E-03
5.7643E-03 1.2000E-03
1.0910E-02 1.2000E-03
7.4864E-03 1.2000E-03
8.7457E-03 1.2000E-03
1.0671E-02 1.2000E-03
8.0671E-03 1.2000E-03
4.8943E-03 1.2000E-03
6.2037E-03 1.2000E-03
1.0840E-02 1.2000E-03
1.1892E-02 1.2000E-03
7.9469E-03 1.2000E-03
6.3170E-03 1.2000E-03
9.2611E-03 1.2000E-03
9.8684E-03 1.2000E-03
8.2838E-03 1.2000E-03
9.0752E-03 1.2000E-03
1.0843E-02 1.2000E-03
1.1509E-02 1.2000E-03
1.0095E-02 1.2000E-03
7.3531E-03 1.2000E-03
8.1938E-03 1.2000E-03
1.6532E-02 1.2000E-03
8.3562E-03 1.2000E-03
9.3103E-03 1.2000E-03
1.2182E-02 1.2000E-03
1.5492E-02 1.2000E-03
2.6294E-03 1.2000E-03
8.8535E-03 1.2000E-03
1.1659E-02 1.2000E-03
1.1075E-02 1.2000E-03
2.4320E-02 1.2000E-03
1.0479E-02 1.2000E-03
3.2634E-03 1.2000E-03
7.6143E-03 1.2000E-03
6.0646E-03 1.2000E-03
6.9959E-03 1.2000E-03
3.0308E-02 1.2000E-03
1.2784E-02 1.2000E-03
2.8528E-03 1.2000E-03
5.1893E-03 1.2000E-03
8.5402E-03 1.2000E-03
2.5362E-02 1.2000E-03
3.4888E-03 1.2000E-03
9.5176E-03 1.2000E-03
8.5719E-03 1.2000E-03
2.5489E-02 1.2000E-03
3.0508E-03 1.2000E-03
3.7305E-03 1.2000E-03
8.1130E-03 1.2000E-03
1.8572E-02 1.2000E-03
1.3097E-02 1.2000E-03
6.0257E-03 1.2000E-03
9.9659E-03 1.2000E-03
1.2042E-02 1.2000E-03
6.9167E-03 1.2000E-03
1.1598E-02 1.2000E-03
7.7009E-03 1.2000E-03
9.9292E-03 1.2000E-03
1.8146E-02 1.2000E-03
7.6747E-03 1.2000E-03
3.6289E-03 1.2000E-03
1.5089E-02 1.2000E-03
1.4510E-02 1.2000E-03
1.5073E-03 1.2000E-03
7.8778E-03 1.2000E-03
6.1965E-03 1.2000E-03
6.1965E-03 1.2000E-03
1.3562E-08 1.2000E-03
1.0237E-03 1.2000E-03
2.2895E-04 1.2000E-03
1.4925E-03 1.2000E-03
1.2658E-03 1.2000E-03
4.1356E-03 1.2000E-03
4.7570E-03 1.2000E-03
9.6506E-04 1.2000E-03
7.0263E-04 1.2000E-03
2.2488E-03 1.2000E-03
4.6141E-03 1.2000E-03
9.4321E-03 1.2000E-03
7.7544E-04 1.2000E-03
1.0208E-03 1.2000E-03
3.3418E-03 1.2000E-03
7.0265E-03 1.2000E-03
8.8185E-03 1.2000E-03
2.8128E-03 1.2000E-03
4.4369E-03 1.2000E-03
5.2614E-03 1.2000E-03
1.0914E-02 1.2000E-03
5.7302E-03 1.2000E-03
3.8542E-03 1.2000E-03
5.6837E-03 1.2000E-03
7.5702E-03 1.2000E-03
6.0331E-03 1.2000E-03
9.0307E-03 1.2000E-03
6.2064E-03 1.2000E-03
6.9619E-03 1.2000E-03
1.3318E-02 1.2000E-03
2.4667E-03 1.2000E-03
1.1444E-03 1.2000E-03
7.2599E-03 1.2000E-03
1.2620E-02 1.2000E-03
6.2785E-03 1.2000E-03
8.1844E-03 1.2000E-03
8.9236E-03 1.2000E-03
1.3539E-02 1.2000E-03
1.0715E-02 1.2000E-03
4.3916E-03 1.2000E-03
8.9683E-03 1.2000E-03
7.8233E-03 1.2000E-03
1.1630E-02 1.2000E-03
2.2671E-02 1.2000E-03
1.4898E-02 1.2000E-03
4.4041E-03 1.2000E-03
1.0177E-02 1.2000E-03
1.4556E-02 1.2000E-03
1.2278E-02 1.2000E-03
3.2738E-02 1.2000E-03
1.4402E-02 1.2000E-03
1.8842E-02 1.2000E-03
2.2233E-02 1.2000E-03
3.0624E-03 1.2000E-03
2.2238E-03 1.2000E-03
1.3330E-02 1.2000E-03
2.9726E-02 1.2000E-03
6.3039E-02 1.2000E-03
9.2785E-03 1.2000E-03
1.1809E-02 1.2000E-03
4.8291E-03 1.2000E-03
4.3262E-02 1.2000E-03
1.9637E-02 1.2000E-03
1.0264E-02 1.2000E-03
2.3829E-02 1.2000E-03
2.2306E-02 1.2000E-03
3.0750E-02 1.2000E-03
4.3369E-03 1.2000E-03
6.2573E-03 1.2000E-03
1.3279E-02 1.2000E-03
3.7566E-02 1.2000E-03
8.1031E-03 1.2000E-03
2.6771E-02 1.2000E-03
9.4339E-03 1.2000E-03
1.7182E-02 1.2000E-03
1.0978E-02 1.2000E-03
2.6969E-02 1.2000E-03
2.8415E-02 1.2000E-03
7.9920E-03 1.2000E-03
3.6310E-02 1.2000E-03
1.5166E-02 1.2000E-03
1.6658E-02 1.2000E-03
4.0351E-02 1.2000E-03
2.0252E-02 1.2000E-03
1.1697E-02 1.2000E-03
2.3665E-02 1.2000E-03
1.1549E-02 1.2000E-03
1.4178E-02 1.2000E-03
3.6121E-02 1.2000E-03
1.2956E-02 1.2000E-03
6.8211E-03 1.2000E-03
2.1335E-02 1.2000E-03
2.0282E-02 1.2000E-03
1.5468E-02 1.2000E-03
3.5125E-02 1.2000E-03
1.4371E-02 1.2000E-03
1.1687E-02 1.2000E-03
4.0671E-02 1.2000E-03
5.6474E-03 1.2000E-03
9.9486E-04 1.2000E-03
1.6354E-02 1.2000E-03
4.5982E-02 1.2000E-03
5.4620E-03 1.2000E-03
1.6438E-02 1.2000E-03
1.4298E-02 1.2000E-03
4.3321E-02 1.2000E-03
7.6708E-03 1.2000E-03
3.8104E-03 1.2000E-03
1.2118E-02 1.2000E-03
2.2818E-02 1.2000E-03
4.0480E-03 1.2000E-03
1.2037E-02 1.2000E-03
6.4719E-03 1.2000E-03
2.3785E-02 1.2000E-03
9.9859E-03 1.2000E-03
2.5141E-03 1.2000E-03
1.1628E-02 1.2000E-03
1.1631E-02 1.2000E-03
4.2020E-03 1.2000E-03
1.0960E-02 1.2000E-03
6.2642E-03 1.2000E-03
2.0661E-02 1.2000E-03
8.0281E-03 1.2000E-03
5.0928E-03 1.2000E-03
7.0950E-03 1.2000E-03
2.1994E-02 1.2000E-03
4.1117E-03 1.2000E-03
1.3435E-02 1.2000E-03
6.8280E-03 1.2000E-03
1.2385E-02 1.2000E-03
1.5853E-02 1.2000E-03
1.0953E-02 1.2000E-03
3.2618E-03 1.2000E-03
1.1878E-02 1.2000E-03
1.2427E-02 1.2000E-03
1.0596E-02 1.2000E-03
1.2905E-02 1.2000E-03
1.0003E-02 1.2000E-03
1.9193E-02 1.2000E-03
1.0867E-02 1.2000E-03
6.2656E-03 1.2000E-03
1.3484E-02 1.2000E-03
2.1679E-02 1.2000E-03
1.2265E-02 1.2000E-03
1.7845E-02 1.2000E-03
1.3537E-02 1.2000E-03
9.5778E-03 1.2000E-03
2.4420E-02 1.2000E-03
1.6645E-02 1.2000E-03
5.7104E-03 1.2000E-03
2.3778E-02 1.2000E-03
1.4024E-02 1.2000E-03
6.3733E-03 1.2000E-03
1.0787E-02 1.2000E-03
1.5026E-02 1.2000E-03
2.1343E-02 1.2000E-03
1.6608E-02 1.2000E-03
1.4805E-03 1.2000E-03
1.3282E-02 1.2000E-03
2.0297E-02 1.2000E-03
1.4870E-02 1.2000E-03
1.4976E-02 1.2000E-03
1.2400E-02 1.2000E-03
2.1410E-02 1.2000E-03
1.9963E-02 1.2000E-03
2.3611E-03 1.2000E-03
8.7551E-03 1.2000E-03
1.8202E-02 1.2000E-03
1.3517E-02 1.2000E-03
1.4500E-02 1.2000E-03
1.1640E-02 1.2000E-03
1.5418E-02 1.2000E-03
6.0892E-03 1.2000E-03
4.5935E-03 1.2000E-03
1.2319E-02 1.2000E-03
1.7583E-02 1.2000E-03
1.2471E-02 1.2000E-03
1.4797E-02 1.2000E-03
6.6535E-03 1.2000E-03
1.2887E-02 1.2000E-03
1.0309E-02 1.2000E-03
1.1242E-02 1.2000E-03
5.1688E-03 1.2000E-03
1.5288E-02 1.2000E-03
1.4576E-02 1.2000E-03
1.2349E-02 1.2000E-03
1.1354E-02 1.2000E-03
1.4986E-02 1.2000E-03
8.3173E-03 1.2000E-03
5.1893E-03 1.2000E-03
8.4494E-03 1.2000E-03
5.8033E-03 1.2000E-03
1.9630E-02 1.2000E-03
1.0114E-02 1.2000E-03
3.2075E-03 1.2000E-03
9.2644E-03 1.2000E-03
1.2541E-02 1.2000E-03
2.8669E-03 1.2000E-03
1.2791E-02 1.2000E-03
3.2960E-03 1.2000E-03
1.0895E-02 1.2000E-03
1.3013E-02 1.2000E-03
1.9857E-03 1.2000E-03
1.2199E-03 1.2000E-03
6.1158E-03 1.2000E-03
1.0218E-02 1.2000E-03
7.1373E-03 1.2000E-03
5.6540E-03 1.2000E-03
7.2153E-03 1.2000E-03
8.4974E-03 1.2000E-03
1.3065E-02 1.2000E-03
4.4932E-03 1.2000E-03
2.0977E-03 1.2000E-03
2.6525E-03 1.2000E-03
1.2886E-02 1.2000E-03
9.3763E-03 1.2000E-03
7.1949E-03 1.2000E-03
6.1274E-03 1.2000E-03
4.7245E-03 1.2000E-03
4.5970E-03 1.2000E-03
4.0935E-03 1.2000E-03
3.8788E-03 1.2000E-03
5.2321E-03 1.2000E-03
6.2790E-03 1.2000E-03
5.4829E-03 1.2000E-03
2.8496E-03 1.2000E-03
4.3005E-03 1.2000E-03
4.1968E-03 1.2000E-03
3.5537E-03 1.2000E-03
5.4140E-03 1.2000E-03
6.4597E-03 1.2000E-03
7.2844E-03 1.2000E-03
4.5711E-03 1.2000E-03
3.4353E-03 1.2000E-03
2.2247E-03 1.2000E-03
2.3582E-03 1.2000E-03
3.8521E-03 1.2000E-03
5.5863E-03 1.2000E-03
5.5377E-03 1.2000E-03
4.9743E-03 1.2000E-03
3.1982E-03 1.2000E-03
3.3092E-03 1.2000E-03
3.4641E-03 1.2000E-03
4.0050E-03 1.2000E-03
7.5688E-03 1.2000E-03
6.5989E-03 1.2000E-03
3.7985E-03 1.2000E-03
4.3181E-03 1.2000E-03
3.9403E-03 1.2000E-03
2.7073E-03 1.2000E-03
5.5873E-03 1.2000E-03
5.0451E-03 1.2000E-03
4.1765E-03 1.2000E-03
6.9328E-03 1.2000E-03
4.9872E-03 1.2000E-03
3.4537E-03 1.2000E-03
5.6198E-03 1.2000E-03
5.3579E-03 1.2000E-03
2.6689E-03 1.2000E-03
8.2134E-03 1.2000E-03
5.2584E-03 1.2000E-03
4.9556E-03 1.2000E-03
1.0830E-02 1.2000E-03
4.5642E-03 1.2000E-03
2.0699E-03 1.2000E-03
6.9032E-03 1.2000E-03
8.0693E-03 1.2000E-03
3.6783E-03 1.2000E-03
3.6783E-03 1.2000E-03
9.6501E-09 1.2000E-03
5.4087E-04 1.2000E-03
1.5572E-04 1.2000E-03
6.9379E-04 1.2000E-03
3.6529E-04 1.2000E-03
1.2098E-03 1.2000E-03
1.1800E-03 1.2000E-03
4.3625E-04 1.2000E-03
1.0268E-03 1.2000E-03
6.3513E-04 1.2000E-03
1.0636E-03 1.2000E-03
1.4796E-03 1.2000E-03
2.2774E-03 1.2000E-03
1.3960E-03 1.2000E-03
1.0587E-03 1.2000E-03
1.5496E-03 1.2000E-03
2.9114E-03 1.2000E-03
2.0401E-03 1.2000E-03
2.0393E-03 1.2000E-03
2.5546E-03 1.2000E-03
3.5764E-03 1.2000E-03
2.1130E-03 1.2000E-03
2.2364E-03 1.2000E-03
2.8570E-03 1.2000E-03
4.5204E-03 1.2000E-03
4.6647E-03 1.2000E-03
2.9385E-03 1.2000E-03
2.1046E-03 1.2000E-03
5.0466E-03 1.2000E-03
5.5594E-03 1.2000E-03
2.6315E-03 1.2000E-03
5.1020E-03 1.2000E-03
5.6964E-03 1.2000E-03
3.9367E-03 1.2000E-03
6.3654E-03 1.2000E-03
5.0032E-03 1.2000E-03
7.7170E-03 1.2000E-03
1.0826E-02 1.2000E-03
7.0423E-03 1.2000E-03
3.5171E-03 1.2000E-03
9.0295E-03 1.2000E-03
1.4995E-02 1.2000E-03
4.5925E-03 1.2000E-03
9.9779E-03 1.2000E-03
9.7646E-03 1.2000E-03
2.2606E-02 1.2000E-03
1.9489E-02 1.2000E-03
1.7256E-03 1.2000E-03
9.8309E-03 1.2000E-03
1.2383E-02 1.2000E-03
2.3593E-02 1.2000E-03
3.2300E-02 1.2000E-03
2.4848E-02 1.2000E-03
4.5823E-03 1.2000E-03
2.5556E-02 1.2000E-03
7.6674E-03 1.2000E-03
2.3168E-02 1.2000E-03
5.3796E-02 1.2000E-03
5.7325E-02 1.2000E-03
2.7846E-03 1.2000E-03
2.2874E-02 1.2000E-03
5.0586E-03 1.2000E-03
5.0981E-02 1.2000E-03
4.1953E-02 1.2000E-03
9.2397E-03 1.2000E-03
9.4656E-02 1.2000E-03
1.2564E-02 1.2000E-03
2.9577E-02 1.2000E-03
8.8560E-02 1.2000E-03
6.6341E-03 1.2000E-03
6.1854E-02 1.2000E-03
4.0866E-02 1.2000E-03
3.9478E-02 1.2000E-03
2.3248E-02 1.2000E-03
4.1386E-02 1.2000E-03
2.2690E-02 1.2000E-03
4.0306E-02 1.2000E-03
8.4478E-02 1.2000E-03
5.9503E-03 1.2000E-03
2.5008E-02 1.2000E-03
4.0117E-03 1.2000E-03
6.8165E-02 1.2000E-03
6.1397E-03 1.2000E-03
5.5944E-02 1.2000E-03
3.3934E-02 1.2000E-03
3.7198E-02 1.2000E-03
4.3324E-02 1.2000E-03
6.3777E-02 1.2000E-03
4.1893E-02 1.2000E-03
6.3409E-03 1.2000E-03
1.7500E-02 1.2000E-03
5.8348E-02 1.2000E-03
3.5879E-02 1.2000E-03
2.8256E-03 1.2000E-03
1.7392E-02 1.2000E-03
1.1055E-02 1.2000E-03
6.0026E-02 1.2000E-03
1.0166E-02 1.2000E-03
6.0870E-03 1.2000E-03
3.1753E-02 1.2000E-03
2.3487E-02 1.2000E-03
3.1059E-02 1.2000E-03
3.0320E-02 1.2000E-03
7.3884E-02 1.2000E-03
2.4521E-02 1.2000E-03
1.4088E-02 1.2000E-03
3.8734E-02 1.2000E-03
3.8245E-02 1.2000E-03
7.5142E-02 1.2000E-03
3.1503E-02 1.2000E-03
8.7412E-03 1.2000E-03
5.1983E-02 1.2000E-03
2.8236E-02 1.2000E-03
6.9906E-02 1.2000E-03
4.1012E-02 1.2000E-03
1.8941E-02 1.2000E-03
3.3965E-02 1.2000E-03
6.6541E-02 1.2000E-03
1.8668E-02 1.2000E-03
1.1045E-02 1.2000E-03
7.1096E-02 1.2000E-03
2.5506E-02 1.2000E-03
3.0982E-02 1.2000E-03
5.5807E-02 1.2000E-03
8.0238E-02 1.2000E-03
3.0984E-02 1.2000E-03
8.0757E-03 1.2000E-03
5.5835E-02 1.2000E-03
2.4969E-02 1.2000E-03
4.5618E-02 1.2000E-03
6.3637E-02 1.2000E-03
1.4119E-02 1.2000E-03
5.4152E-02 1.2000E-03
5.3036E-02 1.2000E-03
1.3305E-02 1.2000E-03
2.5939E-02 1.2000E-03
1.1251E-02 1.2000E-03
4.5486E-02 1.2000E-03
6.9672E-03 1.2000E-03
8.3812E-03 1.2000E-03
1.1275E-02 1.2000E-03
2.4296E-02 1.2000E-03
1.3428E-02 1.2000E-03
4.3871E-03 1.2000E-03
6.5743E-03 1.2000E-03
7.1216E-03 1.2000E-03
1.3850E-02 1.2000E-03
1.2188E-02 1.2000E-03
7.2274E-03 1.2000E-03
1.5264E-02 1.2000E-03
1.0832E-02 1.2000E-03
3.5553E-03 1.2000E-03
1.1559E-02 1.2000E-03
6.9024E-03 1.2000E-03
1.6113E-02 1.2000E-03
1.5473E-02 1.2000E-03
9.9665E-03 1.2000E-03
3.7963E-03 1.2000E-03
1.2303E-02 1.2000E-03
1.2640E-02 1.2000E-03
1.0281E-02 1.2000E-03
1.5461E-02 1.2000E-03
7.7429E-03 1.2000E-03
7.0167E-03 1.2000E-03
6.9453E-03 1.2000E-03
5.0785E-03 1.2000E-03
4.6063E-03 1.2000E-03
1.2208E-02 1.2000E-03
8.2691E-03 1.2000E-03
4.3150E-03 1.2000E-03
9.4956E-03 1.2000E-03
1.1043E-02 1.2000E-03
2.0859E-03 1.2000E-03
3.7465E-03 1.2000E-03
5.0715E-03 1.2000E-03
1.8772E-02 1.2000E-03
6.3066E-03 1.2000E-03
3.5415E-03 1.2000E-03
6.3853E-03 1.2000E-03
1.6467E-02 1.2000E-03
4.0540E-03 1.2000E-03
6.5709E-03 1.2000E-03
4.5051E-03 1.2000E-03
1.3667E-02 1.2000E-03
3.8679E-03 1.2000E-03
2.1431E-03 1.2000E-03
2.3443E-03 1.2000E-03
8.4627E-03 1.2000E-03
1.0223E-02 1.2000E-03
1.1957E-02 1.2000E-03
9.1645E-03 1.2000E-03
3.2531E-03 1.2000E-03
5.0901E-03 1.2000E-03
9.8638E-03 1.2000E-03
5.7301E-03 1.2000E-03
9.4437E-03 1.2000E-03
8.6940E-03 1.2000E-03
2.0394E-02 1.2000E-03
9.1334E-03 1.2000E-03
2.7886E-03 1.2000E-03
6.7617E-03 1.2000E-03
1.1537E-02 1.2000E-03
6.5245E-03 1.2000E-03
9.8165E-03 1.2000E-03
1.3399E-02 1.2000E-03
2.3297E-02 1.2000E-03
2.0687E-02 1.2000E-03
2.6995E-03 1.2000E-03
1.3365E-02 1.2000E-03
1.4480E-02 1.2000E-03
2.3560E-02 1.2000E-03
2.8718E-02 1.2000E-03
2.3738E-02 1.2000E-03
2.9787E-03 1.2000E-03
1.7207E-02 1.2000E-03
1.6206E-02 1.2000E-03
2.3708E-02 1.2000E-03
4.8624E-02 1.2000E-03
1.5873E-02 1.2000E-03
9.5723E-03 1.2000E-03
1.7451E-02 1.2000E-03
2.7996E-02 1.2000E-03
5.4580E-04 1.2000E-03
2.4331E-02 1.2000E-03
1.3527E-02 1.2000E-03
6.5786E-02 1.2000E-03
1.3121E-02 1.2000E-03
1.4051E-02 1.2000E-03
2.6507E-02 1.2000E-03
1.6835E-02 1.2000E-03
1.3545E-02 1.2000E-03
3.7235E-02 1.2000E-03
1.4821E-02 1.2000E-03
2.8575E-02 1.2000E-03
3.1786E-02 1.2000E-03
1.3699E-02 1.2000E-03
5.6328E-03 1.2000E-03
3.1509E-02 1.2000E-03
1.2451E-02 1.2000E-03
3.5759E-02 1.2000E-03
6.4915E-03 1.2000E-03
2.7248E-02 1.2000E-03
1.1316E-02 1.2000E-03
2.2383E-02 1.2000E-03
1.7614E-02 1.2000E-03
4.0939E-03 1.2000E-03
1.1651E-02 1.2000E-03
1.2242E-02 1.2000E-03
2.4028E-03 1.2000E-03
1.3965E-02 1.2000E-03
3.7312E-03 1.2000E-03
2.2675E-02 1.2000E-03
1.0495E-02 1.2000E-03
3.1627E-03 1.2000E-03
9.3437E-03 1.2000E-03
6.1888E-03 1.2000E-03
9.9623E-03 1.2000E-03
5.0941E-03 1.2000E-03
8.0379E-03 1.2000E-03
4.1027E-03 1.2000E-03
4.0905E-03 1.2000E-03
4.7181E-03 1.2000E-03
3.4439E-03 1.2000E-03
4.3971E-03 1.2000E-03
6.7984E-03 1.2000E-03
4.4199E-03 1.2000E-03
3.8091E-03 1.2000E-03
5.3691E-03 1.2000E-03
4.1600E-03 1.2000E-03
4.6358E-03 1.2000E-03
5.7591E-03 1.2000E-03
5.1348E-03 1.2000E-03
6.1711E-03 1.2000E-03
7.9111E-03 1.2000E-03
5.2944E-03 1.2000E-03
7.8690E-03 1.2000E-03
8.1697E-03 1.2000E-03
1.1175E-02 1.2000E-03
7.6771E-03 1.2000E-03
1.3507E-02 1.2000E-03
5.4388E-03 1.2000E-03
1.0533E-02 1.2000E-03
9.9483E-03 1.2000E-03
9.4474E-03 1.2000E-03
6.4373E-03 1.2000E-03
1.6396E-02 1.2000E-03
1.1721E-02 1.2000E-03
4.3528E-03 1.2000E-03
1.5741E-02 1.2000E-03
1.7860E-02 1.2000E-03
1.0022E-02 1.2000E-03
3.0747E-02 1.2000E-03
7.5473E-03 1.2000E-03
7.5473E-03 1.2000E-03
1.1123E-02 1.2000E-03
1.6090E-02 1.2000E-03
1.2030E-02 1.2000E-03
1.6255E-02 1.2000E-03
2.5147E-02 1.2000E-03
2.5051E-02 1.2000E-03
2.3839E-02 1.2000E-03
8.5863E-03 1.2000E-03
3.9839E-02 1.2000E-03
9.3976E-03 1.2000E-03
1.6207E-02 1.2000E-03
2.3395E-02 1.2000E-03
2.6718E-02 1.2000E-03
1.4365E-02 1.2000E-03
1.7743E-02 1.2000E-03
3.9535E-03 1.2000E-03
2.3818E-02 1.2000E-03
6.6688E-03 1.2000E-03
1.9726E-02 1.2000E-03
5.1495E-03 1.2000E-03
2.6500E-02 1.2000E-03
1.6998E-03 1.2000E-03
1.2193E-02 1.2000E-03
2.9813E-03 1.2000E-03
1.5422E-02 1.2000E-03
1.4808E-02 1.2000E-03
5.9204E-03 1.2000E-03
3.7906E-03 1.2000E-03
1.2000E-02 1.2000E-03
5.6537E-03 1.2000E-03
4.2754E-03 1.2000E-03
1.1410E-02 1.2000E-03
9.1383E-03 1.2000E-03
2.1217E-03 1.2000E-03
1.2510E-02 1.2000E-03
5.8033E-03 1.2000E-03
1.0608E-02 1.2000E-03
1.2662E-02 1.2000E-03
7.7888E-03 1.2000E-03
1.6758E-03 1.2000E-03
4.5510E-03 1.2000E-03
4.7899E-03 1.2000E-03
3.8721E-03 1.2000E-03
8.3442E-03 1.2000E-03
5.1492E-03 1.2000E-03
3.4306E-03 1.2000E-03
7.9604E-03 1.2000E-03
6.9259E-04 1.2000E-03
8.6139E-04 1.2000E-03
5.1885E-03 1.2000E-03
6.7235E-03 1.2000E-03
5.1804E-03 1.2000E-03
3.9374E-03 1.2000E-03
1.8372E-03 1.2000E-03
7.5077E-03 1.2000E-03
8.9034E-04 1.2000E-03
