Max Step   Target
1.0085E-02 1.8000E-03
7.0230E-03 1.8000E-03
8.7449E-03 1.8000E-03
1.2469E-02 1.8000E-03
1.5276E-02 1.8000E-03
1.8322E-02 1.8000E-03
3.0157E-03 1.8000E-03
2.6365E-03 1.8000E-03
5.2606E-03 1.8000E-03
1.0403E-02 1.8000E-03
3.4963E-03 1.8000E-03
2.9430E-03 1.8000E-03
3.4155E-03 1.8000E-03
7.7531E-03 1.8000E-03
7.3093E-03 1.8000E-03
5.3085E-03 1.8000E-03
1.0600E-02 1.8000E-03
2.6914E-03 1.8000E-03
1.7469E-03 1.8000E-03
1.5752E-03 1.8000E-03
3.0536E-03 1.8000E-03
2.6078E-03 1.8000E-03
2.4321E-03 1.8000E-03
1.1618E-03 1.8000E-03
4.0927E-04 1.8000E-03
4.0927E-04 1.8000E-03
