Max Step   Target
1.3977E-02 1.2000E-03
8.5597E-02 1.2000E-03
1.9206E-02 1.2000E-03
6.9617E-03 1.2000E-03
3.1996E-03 1.2000E-03
7.4195E-03 1.2000E-03
1.0960E-02 1.2000E-03
2.3353E-02 1.2000E-03
3.5611E-03 1.2000E-03
2.8096E-03 1.2000E-03
5.8243E-03 1.2000E-03
9.1978E-03 1.2000E-03
7.3361E-03 1.2000E-03
7.0793E-03 1.2000E-03
7.0367E-03 1.2000E-03
1.3153E-02 1.2000E-03
8.1896E-03 1.2000E-03
1.7598E-03 1.2000E-03
4.1177E-03 1.2000E-03
7.9405E-03 1.2000E-03
1.2353E-02 1.2000E-03
1.1936E-02 1.2000E-03
2.6763E-03 1.2000E-03
1.4745E-03 1.2000E-03
2.7574E-03 1.2000E-03
5.7275E-03 1.2000E-03
7.8501E-04 1.2000E-03
1.5300E-03 1.2000E-03
2.3001E-03 1.2000E-03
3.8022E-03 1.2000E-03
5.7538E-03 1.2000E-03
1.6782E-03 1.2000E-03
5.5281E-04 1.2000E-03
7.9337E-04 1.2000E-03
