0.000000000000000000e+00 0.000000000000000000e+00
1.597000000000000086e-01 1.501317792535999951e-01
4.242400000000000060e-01 7.186233068000000583e-04
5.759800000000000475e-01 1.300950403781999942e-01
7.172500000000000542e-01 3.078284305057999992e-01
8.767000000000000348e-01 4.362578109943999749e-01
1.037400000000000100e+00 7.773358726304999688e-01
1.201500000000000012e+00 1.314844268803700089e+00
1.370770000000000044e+00 2.188857064515600026e+00
1.545439999999999925e+00 4.042882417482900337e+00
1.720259999999999900e+00 7.148729051351500274e+00
1.898609999999999909e+00 1.071850381932400076e+01
2.082430000000000003e+00 1.340015443194350020e+01
2.273719999999999963e+00 1.431225426291580050e+01
2.468339999999999979e+00 1.409121220963700161e+01
2.646970000000000045e+00 1.405737190428500050e+01
2.828419999999999934e+00 1.465834982376499873e+01
3.005560000000000009e+00 1.489546125301760071e+01
3.169150000000000134e+00 1.435261501428680120e+01
3.328840000000000021e+00 1.370082373777009899e+01
3.481790000000000163e+00 1.308284590922020030e+01
3.670760000000000023e+00 1.274716517799489957e+01
3.871309999999999807e+00 1.277642673842660059e+01
4.028170000000000250e+00 1.254519971207060003e+01
