RMS Step   Target
5.6888E-05 1.2000E-02
3.3332E-03 1.2000E-02
8.9615E-04 1.2000E-02
1.0762E-03 1.2000E-02
2.2108E-03 1.2000E-02
1.9022E-03 1.2000E-02
5.1026E-04 1.2000E-02
0.0000E+00 1.2000E-02
8.3271E-05 1.2000E-02
1.0935E-04 1.2000E-02
2.3354E-04 1.2000E-02
5.4662E-04 1.2000E-02
7.9118E-04 1.2000E-02
5.6226E-04 1.2000E-02
5.2055E-04 1.2000E-02
2.8444E-04 1.2000E-02
5.9506E-04 1.2000E-02
3.1706E-04 1.2000E-02
2.3628E-04 1.2000E-02
1.2200E-03 1.2000E-02
1.2581E-03 1.2000E-02
1.6096E-04 1.2000E-02
4.5232E-04 1.2000E-02
6.1145E-04 1.2000E-02
1.0595E-03 1.2000E-02
7.0959E-04 1.2000E-02
1.1974E-04 1.2000E-02
2.8755E-04 1.2000E-02
5.3579E-04 1.2000E-02
2.3816E-04 1.2000E-02
4.5086E-04 1.2000E-02
3.3572E-04 1.2000E-02
7.8907E-04 1.2000E-02
4.6830E-04 1.2000E-02
1.9372E-04 1.2000E-02
1.2305E-04 1.2000E-02
