353.0
175.0
161.4
163.9
167.0
173.1
171.8
169.5
171.0
167.2
174.6
169.4
171.0
167.2
167.3
163.7
157.3
158.4
151.6
154.3
158.8
157.3
156.7
158.3
184.4
162.7
158.0
155.2
154.3
158.1
155.5
158.1
159.1
158.1
160.1
157.9
153.4
158.6
159.6
160.7
152.6
155.8
158.3
159.5
161.1
159.9
185.1
158.6
158.3
171.5
170.8
174.9
161.5
155.1
164.5
162.8
167.4
173.5
161.1
164.2
171.7
160.3
162.4
169.6
171.2
156.8
156.0
161.3
183.6
149.1
159.2
152.4
147.3
160.1
159.3
162.7
157.6
157.4
166.7
161.3
169.5
164.0
167.1
164.2
165.7
166.9
165.6
155.4
155.4
159.4
177.1
151.8
147.8
148.6
153.9
152.1
162.8
157.0
152.3
165.3
161.4
161.3
159.6
171.3
162.9
163.6
166.0
170.0
158.5
158.0
183.7
147.1
147.7
146.4
151.1
149.6
161.0
160.8
177.9
165.9
165.5
162.6
167.7
174.5
169.1
163.8
166.4
163.5
161.8
158.4
184.5
144.2
147.5
147.2
160.6
150.7
160.0
159.8
168.1
163.6
173.5
189.6
176.2
187.7
177.4
172.0
179.5
189.2
190.9
209.9
147.0
152.1
156.6
151.5
155.4
162.4
152.3
164.9
163.4
169.0
163.0
169.8
182.4
181.7
175.6
167.9
173.1
160.6
183.2
152.1
147.4
164.8
159.9
173.3
169.6
165.2
162.8
170.1
167.7
167.5
163.8
164.7
169.6
177.0
173.8
166.0
166.6
164.7
179.0
168.2
164.8
170.2
170.5
170.5
172.8
175.7
186.2
180.8
197.7
188.8
183.8
184.8
196.3
198.2
193.4
146.5
166.1
161.3
137.6
149.3
153.7
133.7
154.9
157.0
157.5
152.3
140.3
133.7
131.5
137.2
134.4
135.5
145.3
136.9
137.7
135.7
