RMS Grad   Target
1.3404E-03 3.0000E-04
1.2820E-03 3.0000E-04
1.3927E-03 3.0000E-04
1.0287E-03 3.0000E-04
1.1380E-03 3.0000E-04
5.4991E-04 3.0000E-04
5.2429E-04 3.0000E-04
6.1108E-04 3.0000E-04
1.4392E-03 3.0000E-04
4.8717E-04 3.0000E-04
3.0808E-04 3.0000E-04
3.2588E-04 3.0000E-04
4.6891E-04 3.0000E-04
5.4956E-04 3.0000E-04
5.1614E-04 3.0000E-04
5.6418E-04 3.0000E-04
1.0995E-03 3.0000E-04
4.2103E-04 3.0000E-04
2.9922E-04 3.0000E-04
2.8304E-04 3.0000E-04
8.0190E-04 3.0000E-04
1.7113E-04 3.0000E-04
1.1672E-04 3.0000E-04
1.1672E-04 3.0000E-04
