Max Step   Target
6.6275E-03 1.2000E-03
2.6667E-02 1.2000E-03
1.8006E-02 1.2000E-03
5.2784E-03 1.2000E-03
5.0400E-03 1.2000E-03
1.5923E-02 1.2000E-03
7.9683E-03 1.2000E-03
1.2872E-02 1.2000E-03
1.0004E-02 1.2000E-03
3.8772E-03 1.2000E-03
1.1496E-02 1.2000E-03
8.5702E-03 1.2000E-03
2.6046E-03 1.2000E-03
1.7084E-03 1.2000E-03
3.6076E-03 1.2000E-03
5.9815E-03 1.2000E-03
4.5724E-03 1.2000E-03
2.0966E-03 1.2000E-03
2.7280E-03 1.2000E-03
3.1799E-03 1.2000E-03
3.0588E-03 1.2000E-03
5.6100E-03 1.2000E-03
2.2978E-03 1.2000E-03
5.6096E-04 1.2000E-03
2.6805E-03 1.2000E-03
9.2809E-04 1.2000E-03
7.0644E-04 1.2000E-03
