RMS Grad   Target
1.5379E-03 2.0000E-04
1.1570E-03 2.0000E-04
1.6004E-03 2.0000E-04
2.0001E-03 2.0000E-04
6.8037E-04 2.0000E-04
4.2417E-04 2.0000E-04
4.3514E-04 2.0000E-04
3.5200E-04 2.0000E-04
6.6627E-04 2.0000E-04
4.3308E-04 2.0000E-04
3.4061E-04 2.0000E-04
3.2156E-04 2.0000E-04
6.2758E-04 2.0000E-04
2.1150E-04 2.0000E-04
1.4810E-04 2.0000E-04
1.7283E-04 2.0000E-04
3.1851E-04 2.0000E-04
1.8759E-04 2.0000E-04
1.2503E-04 2.0000E-04
1.7018E-04 2.0000E-04
1.7622E-04 2.0000E-04
1.3487E-04 2.0000E-04
1.8583E-04 2.0000E-04
1.3280E-04 2.0000E-04
8.4253E-05 2.0000E-04
7.2636E-05 2.0000E-04
7.2448E-05 2.0000E-04
6.4854E-05 2.0000E-04
