0.000000000000000000e+00 0.000000000000000000e+00
1.531099999999999961e-01 7.170557893180000419e-02
4.271699999999999942e-01 5.724406926870000134e-02
5.734799999999999898e-01 2.418649354294000187e-01
7.104899999999999549e-01 4.863654714097000453e-01
8.399999999999999689e-01 5.633993547623000753e-01
1.037190000000000056e+00 9.851338464571001152e-01
1.229970000000000008e+00 1.387813588110599961e+00
1.399860000000000104e+00 2.159474771352300149e+00
1.556280000000000108e+00 3.252719194127100089e+00
1.762760000000000105e+00 6.075821630508600357e+00
1.903100000000000014e+00 8.844347726633099427e+00
2.129269999999999996e+00 1.364626195572189893e+01
2.321079999999999810e+00 1.630666241531270089e+01
2.527200000000000113e+00 1.726988220421910114e+01
2.759949999999999903e+00 1.725138361540450305e+01
2.958689999999999820e+00 1.795377445664160021e+01
3.172390000000000043e+00 1.786988861426529951e+01
3.366929999999999978e+00 1.691190526246209913e+01
3.534510000000000041e+00 1.620473681870259952e+01
3.646119999999999806e+00 1.599816562497099959e+01
3.865580000000000016e+00 1.573978848046650114e+01
4.007699999999999818e+00 1.557960017922799878e+01
4.146090000000000053e+00 1.557984848453930127e+01
