Max Step   Target
3.3582E-03 1.8000E-02
1.8442E-01 1.8000E-02
4.8235E-02 1.8000E-02
5.0491E-02 1.8000E-02
7.8341E-02 1.8000E-02
0.0000E+00 1.8000E-02
1.0112E-03 1.8000E-02
1.2638E-02 1.8000E-02
9.2287E-03 1.8000E-02
5.4554E-02 1.8000E-02
5.4637E-02 1.8000E-02
4.5346E-02 1.8000E-02
2.3843E-02 1.8000E-02
1.1116E-02 1.8000E-02
4.1373E-02 1.8000E-02
3.9181E-02 1.8000E-02
5.4597E-02 1.8000E-02
6.6754E-02 1.8000E-02
1.9230E-02 1.8000E-02
3.2172E-02 1.8000E-02
1.4244E-02 1.8000E-02
6.5382E-03 1.8000E-02
7.5988E-03 1.8000E-02
2.1305E-03 1.8000E-02
1.6183E-02 1.8000E-02
1.9001E-02 1.8000E-02
1.4496E-02 1.8000E-02
8.4838E-03 1.8000E-02
7.1436E-03 1.8000E-02
1.2602E-02 1.8000E-02
1.0446E-02 1.8000E-02
8.9633E-03 1.8000E-02
8.1576E-03 1.8000E-02
4.8245E-03 1.8000E-02
2.0558E-03 1.8000E-02
3.2049E-03 1.8000E-02
3.4072E-03 1.8000E-02
7.1582E-03 1.8000E-02
1.1231E-02 1.8000E-02
