RMS Step   Target
5.7699E-05 1.2000E-02
3.2039E-03 1.2000E-02
9.1936E-04 1.2000E-02
1.2612E-03 1.2000E-02
1.9836E-03 1.2000E-02
0.0000E+00 1.2000E-02
5.4397E-05 1.2000E-02
6.0496E-04 1.2000E-02
3.1768E-04 1.2000E-02
1.6108E-03 1.2000E-02
1.1144E-03 1.2000E-02
8.5364E-04 1.2000E-02
4.6794E-04 1.2000E-02
3.2604E-04 1.2000E-02
1.1549E-03 1.2000E-02
9.5244E-04 1.2000E-02
1.3011E-03 1.2000E-02
1.5425E-03 1.2000E-02
5.9799E-04 1.2000E-02
7.7921E-04 1.2000E-02
4.1364E-04 1.2000E-02
2.8849E-04 1.2000E-02
3.3006E-04 1.2000E-02
1.1448E-04 1.2000E-02
7.7282E-04 1.2000E-02
8.7976E-04 1.2000E-02
7.0574E-04 1.2000E-02
4.9278E-04 1.2000E-02
4.2551E-04 1.2000E-02
6.8831E-04 1.2000E-02
5.5506E-04 1.2000E-02
4.7617E-04 1.2000E-02
4.5726E-04 1.2000E-02
3.0985E-04 1.2000E-02
1.5312E-04 1.2000E-02
2.2557E-04 1.2000E-02
2.5850E-04 1.2000E-02
5.4243E-04 1.2000E-02
8.9120E-04 1.2000E-02
