368.7
164.3
163.7
165.1
164.6
168.3
167.8
170.5
164.8
168.5
164.6
166.9
176.0
172.9
162.8
165.2
171.9
161.4
163.1
160.9
171.2
181.7
175.1
167.0
202.4
171.5
166.3
169.7
160.3
161.5
163.5
170.3
164.8
167.9
169.6
158.9
163.5
165.3
172.2
163.8
174.2
166.1
171.7
167.0
165.9
164.8
195.2
166.3
164.2
174.8
164.4
170.8
165.4
164.6
170.3
162.9
177.4
178.3
165.6
172.1
169.7
172.7
174.4
168.8
164.5
167.8
161.8
165.8
195.7
153.6
149.4
156.8
156.5
155.7
157.5
159.2
172.6
164.6
168.1
171.3
170.9
179.5
177.4
175.2
170.8
165.4
164.0
161.4
162.6
163.1
191.9
161.4
169.8
158.1
156.9
155.4
168.5
167.3
175.3
176.8
167.3
172.1
171.5
172.0
173.3
169.2
176.1
171.4
160.4
163.0
192.8
149.6
158.5
155.0
153.4
163.8
169.8
160.5
164.5
168.6
176.6
176.5
164.2
178.7
173.4
165.7
165.5
175.7
161.1
194.3
155.8
156.6
156.5
162.2
154.6
168.0
161.3
163.3
174.2
169.6
173.7
176.5
173.9
172.8
173.5
168.1
174.4
164.0
166.7
187.0
194.5
173.9
172.2
191.5
162.9
156.1
165.0
193.5
181.8
181.9
194.3
199.4
194.8
181.9
177.1
177.0
176.4
174.7
165.1
168.7
170.4
190.6
183.2
168.3
164.4
161.4
160.3
156.1
158.1
167.6
177.7
180.1
179.8
188.0
178.9
173.8
174.7
172.8
181.9
191.8
191.9
171.5
167.6
214.6
187.2
155.8
159.7
172.9
173.9
193.0
183.6
194.5
183.4
179.1
176.2
184.3
175.2
177.4
182.9
189.2
160.7
156.3
163.2
161.1
171.8
182.4
170.6
178.0
177.9
176.8
201.6
197.5
166.4
155.2
176.0
179.3
173.8
170.0
175.9
180.1
177.9
175.0
172.1
194.6
178.0
165.0
173.6
173.3
175.7
172.7
178.0
198.7
203.8
186.7
191.4
169.8
188.0
180.0
180.5
188.0
181.5
209.1
187.9
191.0
200.1
188.1
185.5
176.5
197.2
183.5
188.7
185.7
213.6
201.4
192.5
166.8
174.5
196.7
182.6
205.7
190.9
211.5
181.3
194.6
165.3
177.6
195.3
179.3
196.1
194.5
217.1
188.9
168.1
169.4
172.1
185.4
175.5
172.5
177.6
167.8
183.1
177.2
167.2
174.3
143.9
148.7
145.7
150.0
168.6
