Max Step   Target
7.4154E-03 1.8000E-03
1.1063E-02 1.8000E-03
2.5000E-02 1.8000E-03
2.5000E-02 1.8000E-03
2.5000E-02 1.8000E-03
2.5000E-02 1.8000E-03
2.5000E-02 1.8000E-03
9.0914E-03 1.8000E-03
1.0809E-02 1.8000E-03
7.8804E-03 1.8000E-03
8.8343E-03 1.8000E-03
5.2248E-03 1.8000E-03
5.2212E-03 1.8000E-03
9.7021E-03 1.8000E-03
7.8365E-03 1.8000E-03
1.5885E-02 1.8000E-03
1.1517E-02 1.8000E-03
1.1240E-02 1.8000E-03
4.4853E-03 1.8000E-03
2.4122E-03 1.8000E-03
6.1267E-03 1.8000E-03
5.8727E-03 1.8000E-03
1.0055E-03 1.8000E-03
1.6595E-03 1.8000E-03
1.8429E-03 1.8000E-03
3.2055E-03 1.8000E-03
2.1098E-03 1.8000E-03
8.9779E-04 1.8000E-03
8.9779E-04 1.8000E-03
