532.7
147.6
128.6
126.0
126.8
128.0
125.9
129.3
126.0
129.7
122.3
126.7
153.7
160.3
128.5
161.7
154.9
128.4
178.9
160.7
128.6
160.1
160.1
128.3
161.2
147.4
122.1
160.0
160.1
127.2
162.7
149.9
129.5
161.5
154.5
129.9
161.6
162.4
128.2
149.0
160.2
128.6
163.8
161.1
128.9
150.2
155.8
129.0
160.6
161.8
128.6
156.6
160.4
127.4
159.9
160.4
125.8
160.2
159.8
126.3
152.4
158.2
126.2
127.7
152.1
126.3
158.4
159.6
125.5
158.0
159.2
109.8
160.0
161.2
108.9
152.3
159.6
108.5
160.1
159.0
109.2
154.3
159.4
111.4
160.7
159.1
109.3
162.0
159.8
160.3
160.6
153.9
