RMS Grad   Target
1.4982E-03 3.0000E-04
1.2725E-03 3.0000E-04
1.0253E-03 3.0000E-04
9.1292E-04 3.0000E-04
6.2199E-04 3.0000E-04
8.1440E-04 3.0000E-04
5.8188E-04 3.0000E-04
7.3178E-04 3.0000E-04
4.7098E-04 3.0000E-04
5.9771E-04 3.0000E-04
6.9673E-04 3.0000E-04
1.7320E-03 3.0000E-04
2.8567E-04 3.0000E-04
2.3403E-04 3.0000E-04
4.0211E-04 3.0000E-04
4.9099E-04 3.0000E-04
1.1202E-03 3.0000E-04
3.2861E-04 3.0000E-04
2.1822E-04 3.0000E-04
2.1190E-04 3.0000E-04
2.3900E-04 3.0000E-04
1.3756E-04 3.0000E-04
9.2881E-05 3.0000E-04
1.1156E-04 3.0000E-04
1.6893E-04 3.0000E-04
2.2217E-04 3.0000E-04
1.4118E-04 3.0000E-04
9.8736E-05 3.0000E-04
1.2392E-04 3.0000E-04
1.2777E-04 3.0000E-04
9.8124E-05 3.0000E-04
1.8056E-04 3.0000E-04
7.1284E-05 3.0000E-04
6.2516E-05 3.0000E-04
6.2516E-05 3.0000E-04
