RMS Grad   Target
7.1410E-04 2.0000E-04
5.2545E-04 2.0000E-04
4.0850E-04 2.0000E-04
4.5843E-04 2.0000E-04
6.2346E-04 2.0000E-04
9.6791E-04 2.0000E-04
2.0865E-04 2.0000E-04
1.4053E-04 2.0000E-04
1.7126E-04 2.0000E-04
2.4573E-04 2.0000E-04
2.9022E-04 2.0000E-04
2.0713E-04 2.0000E-04
1.5549E-04 2.0000E-04
1.7043E-04 2.0000E-04
1.6054E-04 2.0000E-04
1.4815E-04 2.0000E-04
1.5168E-04 2.0000E-04
1.5610E-04 2.0000E-04
1.8519E-04 2.0000E-04
1.1519E-04 2.0000E-04
1.0609E-04 2.0000E-04
1.2715E-04 2.0000E-04
1.8075E-04 2.0000E-04
1.1688E-04 2.0000E-04
9.5496E-05 2.0000E-04
1.1071E-04 2.0000E-04
1.8349E-04 2.0000E-04
9.1435E-05 2.0000E-04
8.4728E-05 2.0000E-04
9.9690E-05 2.0000E-04
2.1890E-04 2.0000E-04
8.7646E-05 2.0000E-04
7.3351E-05 2.0000E-04
9.0213E-05 2.0000E-04
1.1917E-04 2.0000E-04
1.2916E-04 2.0000E-04
6.9626E-05 2.0000E-04
8.2256E-05 2.0000E-04
9.8993E-05 2.0000E-04
1.3701E-04 2.0000E-04
7.0937E-05 2.0000E-04
7.2902E-05 2.0000E-04
8.4229E-05 2.0000E-04
1.6418E-04 2.0000E-04
6.5999E-05 2.0000E-04
5.8886E-05 2.0000E-04
7.6273E-05 2.0000E-04
9.8588E-05 2.0000E-04
1.1743E-04 2.0000E-04
5.3878E-05 2.0000E-04
6.2563E-05 2.0000E-04
7.4541E-05 2.0000E-04
1.9217E-04 2.0000E-04
6.0158E-05 2.0000E-04
4.6979E-05 2.0000E-04
6.6309E-05 2.0000E-04
7.6303E-05 2.0000E-04
1.0822E-04 2.0000E-04
5.2949E-05 2.0000E-04
5.1268E-05 2.0000E-04
7.1349E-05 2.0000E-04
1.2117E-04 2.0000E-04
6.1256E-05 2.0000E-04
5.0052E-05 2.0000E-04
6.4547E-05 2.0000E-04
8.8208E-05 2.0000E-04
7.1719E-05 2.0000E-04
4.7966E-05 2.0000E-04
6.1957E-05 2.0000E-04
7.0495E-05 2.0000E-04
6.5167E-05 2.0000E-04
1.2886E-04 2.0000E-04
5.1188E-05 2.0000E-04
4.6129E-05 2.0000E-04
5.6345E-05 2.0000E-04
7.8887E-05 2.0000E-04
6.8653E-05 2.0000E-04
4.4463E-05 2.0000E-04
5.3906E-05 2.0000E-04
6.9162E-05 2.0000E-04
4.9187E-05 2.0000E-04
5.3866E-05 2.0000E-04
6.1362E-05 2.0000E-04
6.1362E-05 2.0000E-04
6.1468E-05 2.0000E-04
4.8249E-05 2.0000E-04
3.6655E-05 2.0000E-04
3.3641E-05 2.0000E-04
3.6611E-05 2.0000E-04
7.8269E-05 2.0000E-04
3.0716E-05 2.0000E-04
2.8523E-05 2.0000E-04
4.2328E-05 2.0000E-04
6.2076E-05 2.0000E-04
3.1796E-05 2.0000E-04
2.9354E-05 2.0000E-04
3.4649E-05 2.0000E-04
6.8855E-05 2.0000E-04
3.5731E-05 2.0000E-04
3.0604E-05 2.0000E-04
3.6779E-05 2.0000E-04
6.7740E-05 2.0000E-04
3.7326E-05 2.0000E-04
3.1823E-05 2.0000E-04
3.6256E-05 2.0000E-04
6.7656E-05 2.0000E-04
3.7142E-05 2.0000E-04
3.1933E-05 2.0000E-04
3.6989E-05 2.0000E-04
6.4139E-05 2.0000E-04
3.4018E-05 2.0000E-04
3.0712E-05 2.0000E-04
3.7037E-05 2.0000E-04
7.1318E-05 2.0000E-04
3.4503E-05 2.0000E-04
2.8530E-05 2.0000E-04
3.4674E-05 2.0000E-04
5.4346E-05 2.0000E-04
4.0661E-05 2.0000E-04
2.9978E-05 2.0000E-04
4.3856E-05 2.0000E-04
4.4751E-05 2.0000E-04
3.9404E-05 2.0000E-04
5.8374E-05 2.0000E-04
4.2645E-05 2.0000E-04
3.8190E-05 2.0000E-04
4.9756E-05 2.0000E-04
7.5817E-05 2.0000E-04
3.9531E-05 2.0000E-04
3.3243E-05 2.0000E-04
4.1362E-05 2.0000E-04
5.0442E-05 2.0000E-04
1.0072E-04 2.0000E-04
3.3817E-05 2.0000E-04
3.0676E-05 2.0000E-04
4.2566E-05 2.0000E-04
5.6252E-05 2.0000E-04
7.3085E-05 2.0000E-04
3.3581E-05 2.0000E-04
3.7683E-05 2.0000E-04
4.6094E-05 2.0000E-04
1.0370E-04 2.0000E-04
4.2106E-05 2.0000E-04
3.5165E-05 2.0000E-04
4.4895E-05 2.0000E-04
6.0684E-05 2.0000E-04
6.1228E-05 2.0000E-04
3.8928E-05 2.0000E-04
4.7875E-05 2.0000E-04
6.0134E-05 2.0000E-04
7.2816E-05 2.0000E-04
5.7811E-05 2.0000E-04
4.4938E-05 2.0000E-04
5.4354E-05 2.0000E-04
7.6323E-05 2.0000E-04
5.5643E-05 2.0000E-04
5.6648E-05 2.0000E-04
6.3844E-05 2.0000E-04
5.5052E-05 2.0000E-04
7.2845E-05 2.0000E-04
5.6296E-05 2.0000E-04
5.5562E-05 2.0000E-04
7.6592E-05 2.0000E-04
1.3046E-04 2.0000E-04
5.8718E-05 2.0000E-04
4.8973E-05 2.0000E-04
6.3073E-05 2.0000E-04
8.4429E-05 2.0000E-04
1.1957E-04 2.0000E-04
6.4442E-05 2.0000E-04
6.3554E-05 2.0000E-04
6.4580E-05 2.0000E-04
8.0773E-05 2.0000E-04
5.2149E-05 2.0000E-04
3.9909E-05 2.0000E-04
3.9090E-05 2.0000E-04
6.6918E-05 2.0000E-04
4.1352E-05 2.0000E-04
3.9828E-05 2.0000E-04
4.6621E-05 2.0000E-04
8.4397E-05 2.0000E-04
4.2161E-05 2.0000E-04
3.8944E-05 2.0000E-04
4.4755E-05 2.0000E-04
1.0010E-04 2.0000E-04
4.0747E-05 2.0000E-04
3.2543E-05 2.0000E-04
4.2707E-05 2.0000E-04
6.0945E-05 2.0000E-04
6.5641E-05 2.0000E-04
3.7334E-05 2.0000E-04
4.8594E-05 2.0000E-04
5.8975E-05 2.0000E-04
4.7716E-05 2.0000E-04
5.8172E-05 2.0000E-04
4.2091E-05 2.0000E-04
4.3950E-05 2.0000E-04
5.7430E-05 2.0000E-04
8.5953E-05 2.0000E-04
3.9715E-05 2.0000E-04
3.7833E-05 2.0000E-04
4.4772E-05 2.0000E-04
8.8384E-05 2.0000E-04
4.3408E-05 2.0000E-04
3.5412E-05 2.0000E-04
4.5448E-05 2.0000E-04
7.4672E-05 2.0000E-04
4.6595E-05 2.0000E-04
4.0517E-05 2.0000E-04
4.6350E-05 2.0000E-04
6.2528E-05 2.0000E-04
5.8793E-05 2.0000E-04
4.0334E-05 2.0000E-04
4.1679E-05 2.0000E-04
5.7890E-05 2.0000E-04
4.9312E-05 2.0000E-04
5.3743E-05 2.0000E-04
5.4576E-05 2.0000E-04
4.4899E-05 2.0000E-04
4.2085E-05 2.0000E-04
4.7309E-05 2.0000E-04
4.3590E-05 2.0000E-04
6.5790E-05 2.0000E-04
4.3912E-05 2.0000E-04
4.2237E-05 2.0000E-04
5.2531E-05 2.0000E-04
9.2239E-05 2.0000E-04
3.9015E-05 2.0000E-04
3.2675E-05 2.0000E-04
4.4418E-05 2.0000E-04
5.9460E-05 2.0000E-04
1.2005E-04 2.0000E-04
4.4028E-05 2.0000E-04
4.6264E-05 2.0000E-04
4.7196E-05 2.0000E-04
5.3814E-05 2.0000E-04
9.9455E-05 2.0000E-04
5.6585E-05 2.0000E-04
5.2975E-05 2.0000E-04
6.7492E-05 2.0000E-04
1.2468E-04 2.0000E-04
7.4925E-05 2.0000E-04
9.4934E-05 2.0000E-04
9.7096E-05 2.0000E-04
8.6817E-05 2.0000E-04
1.4696E-04 2.0000E-04
1.1932E-04 2.0000E-04
1.0253E-04 2.0000E-04
2.2659E-04 2.0000E-04
1.8139E-04 2.0000E-04
1.2215E-04 2.0000E-04
2.9956E-04 2.0000E-04
1.7364E-04 2.0000E-04
1.3032E-04 2.0000E-04
2.1596E-04 2.0000E-04
2.1645E-04 2.0000E-04
2.6431E-04 2.0000E-04
1.8152E-04 2.0000E-04
2.5954E-04 2.0000E-04
3.1478E-04 2.0000E-04
2.2057E-04 2.0000E-04
1.7738E-04 2.0000E-04
2.4682E-04 2.0000E-04
2.6924E-04 2.0000E-04
1.4317E-04 2.0000E-04
2.0595E-04 2.0000E-04
2.6302E-04 2.0000E-04
1.4464E-04 2.0000E-04
1.1732E-04 2.0000E-04
1.4122E-04 2.0000E-04
2.5865E-04 2.0000E-04
1.2753E-04 2.0000E-04
1.1800E-04 2.0000E-04
1.2295E-04 2.0000E-04
3.0966E-04 2.0000E-04
1.2034E-04 2.0000E-04
7.3408E-05 2.0000E-04
9.5472E-05 2.0000E-04
1.1145E-04 2.0000E-04
1.8860E-04 2.0000E-04
7.7088E-05 2.0000E-04
7.5647E-05 2.0000E-04
8.4848E-05 2.0000E-04
1.3051E-04 2.0000E-04
6.9321E-05 2.0000E-04
5.6625E-05 2.0000E-04
7.9578E-05 2.0000E-04
8.3427E-05 2.0000E-04
5.4736E-05 2.0000E-04
5.6613E-05 2.0000E-04
7.1178E-05 2.0000E-04
5.4338E-05 2.0000E-04
7.1370E-05 2.0000E-04
5.9190E-05 2.0000E-04
4.8739E-05 2.0000E-04
6.0851E-05 2.0000E-04
8.0416E-05 2.0000E-04
4.4405E-05 2.0000E-04
3.3597E-05 2.0000E-04
4.2071E-05 2.0000E-04
5.9970E-05 2.0000E-04
7.1976E-05 2.0000E-04
3.3898E-05 2.0000E-04
3.4049E-05 2.0000E-04
4.1131E-05 2.0000E-04
7.0757E-05 2.0000E-04
3.3073E-05 2.0000E-04
3.2126E-05 2.0000E-04
3.9765E-05 2.0000E-04
7.8707E-05 2.0000E-04
3.2735E-05 2.0000E-04
3.2735E-05 2.0000E-04
2.5805E-05 2.0000E-04
3.1430E-05 2.0000E-04
4.3811E-05 2.0000E-04
3.8694E-05 2.0000E-04
2.4782E-05 2.0000E-04
2.7162E-05 2.0000E-04
3.4218E-05 2.0000E-04
2.5784E-05 2.0000E-04
3.2835E-05 2.0000E-04
2.7159E-05 2.0000E-04
2.5079E-05 2.0000E-04
2.6098E-05 2.0000E-04
3.7803E-05 2.0000E-04
2.6183E-05 2.0000E-04
2.0738E-05 2.0000E-04
2.5432E-05 2.0000E-04
2.2682E-05 2.0000E-04
4.2641E-05 2.0000E-04
2.2548E-05 2.0000E-04
2.0212E-05 2.0000E-04
2.2880E-05 2.0000E-04
4.1326E-05 2.0000E-04
2.1865E-05 2.0000E-04
2.0712E-05 2.0000E-04
2.3585E-05 2.0000E-04
4.0541E-05 2.0000E-04
2.2962E-05 2.0000E-04
2.0743E-05 2.0000E-04
2.3522E-05 2.0000E-04
3.9003E-05 2.0000E-04
2.4829E-05 2.0000E-04
1.9118E-05 2.0000E-04
2.4144E-05 2.0000E-04
3.6213E-05 2.0000E-04
2.5069E-05 2.0000E-04
2.1961E-05 2.0000E-04
3.2595E-05 2.0000E-04
2.5059E-05 2.0000E-04
2.1835E-05 2.0000E-04
3.2835E-05 2.0000E-04
2.4730E-05 2.0000E-04
2.2916E-05 2.0000E-04
2.9442E-05 2.0000E-04
2.6344E-05 2.0000E-04
4.5856E-05 2.0000E-04
2.7292E-05 2.0000E-04
2.6800E-05 2.0000E-04
3.3959E-05 2.0000E-04
6.4217E-05 2.0000E-04
3.0755E-05 2.0000E-04
2.4203E-05 2.0000E-04
2.9481E-05 2.0000E-04
4.0347E-05 2.0000E-04
6.6915E-05 2.0000E-04
2.8625E-05 2.0000E-04
2.8936E-05 2.0000E-04
3.6413E-05 2.0000E-04
7.2955E-05 2.0000E-04
3.6618E-05 2.0000E-04
3.4272E-05 2.0000E-04
4.4150E-05 2.0000E-04
6.7510E-05 2.0000E-04
4.8407E-05 2.0000E-04
4.9260E-05 2.0000E-04
7.3518E-05 2.0000E-04
1.1619E-04 2.0000E-04
1.0412E-04 2.0000E-04
6.8375E-05 2.0000E-04
1.0174E-04 2.0000E-04
1.0855E-04 2.0000E-04
1.7430E-04 2.0000E-04
1.0479E-04 2.0000E-04
9.2989E-05 2.0000E-04
1.1460E-04 2.0000E-04
1.3647E-04 2.0000E-04
1.0766E-04 2.0000E-04
2.1455E-04 2.0000E-04
1.0978E-04 2.0000E-04
8.0923E-05 2.0000E-04
9.9076E-05 2.0000E-04
1.2087E-04 2.0000E-04
1.0706E-04 2.0000E-04
7.6902E-05 2.0000E-04
8.3638E-05 2.0000E-04
1.0099E-04 2.0000E-04
9.3217E-05 2.0000E-04
8.0519E-05 2.0000E-04
8.0406E-05 2.0000E-04
9.5530E-05 2.0000E-04
8.0272E-05 2.0000E-04
8.5210E-05 2.0000E-04
6.8285E-05 2.0000E-04
8.7939E-05 2.0000E-04
7.5304E-05 2.0000E-04
7.9780E-05 2.0000E-04
7.3220E-05 2.0000E-04
6.8820E-05 2.0000E-04
7.1108E-05 2.0000E-04
8.5561E-05 2.0000E-04
6.9245E-05 2.0000E-04
7.2609E-05 2.0000E-04
9.4669E-05 2.0000E-04
6.6874E-05 2.0000E-04
6.3165E-05 2.0000E-04
1.0681E-04 2.0000E-04
7.1032E-05 2.0000E-04
7.3922E-05 2.0000E-04
9.8657E-05 2.0000E-04
7.0301E-05 2.0000E-04
7.6947E-05 2.0000E-04
9.2194E-05 2.0000E-04
8.6434E-05 2.0000E-04
9.4026E-05 2.0000E-04
8.1457E-05 2.0000E-04
1.0988E-04 2.0000E-04
1.0733E-04 2.0000E-04
1.3140E-04 2.0000E-04
1.9371E-04 2.0000E-04
1.2740E-04 2.0000E-04
1.0666E-04 2.0000E-04
1.5039E-04 2.0000E-04
2.1784E-04 2.0000E-04
1.5170E-04 2.0000E-04
1.3332E-04 2.0000E-04
3.3991E-04 2.0000E-04
3.4758E-04 2.0000E-04
1.3745E-04 2.0000E-04
1.2474E-04 2.0000E-04
1.9307E-04 2.0000E-04
2.1255E-04 2.0000E-04
1.5068E-04 2.0000E-04
1.2778E-04 2.0000E-04
2.6364E-04 2.0000E-04
1.3811E-04 2.0000E-04
2.4932E-04 2.0000E-04
1.1941E-04 2.0000E-04
1.1332E-04 2.0000E-04
1.3690E-04 2.0000E-04
2.2166E-04 2.0000E-04
1.5789E-04 2.0000E-04
9.2822E-05 2.0000E-04
1.0769E-04 2.0000E-04
1.1778E-04 2.0000E-04
1.9010E-04 2.0000E-04
7.9609E-05 2.0000E-04
8.2218E-05 2.0000E-04
9.7351E-05 2.0000E-04
2.1383E-04 2.0000E-04
7.6541E-05 2.0000E-04
6.2042E-05 2.0000E-04
7.8482E-05 2.0000E-04
1.1659E-04 2.0000E-04
8.5863E-05 2.0000E-04
6.5809E-05 2.0000E-04
8.2887E-05 2.0000E-04
1.0310E-04 2.0000E-04
7.6060E-05 2.0000E-04
1.0903E-04 2.0000E-04
8.0499E-05 2.0000E-04
7.6510E-05 2.0000E-04
9.8296E-05 2.0000E-04
1.4621E-04 2.0000E-04
7.0070E-05 2.0000E-04
5.5309E-05 2.0000E-04
6.9259E-05 2.0000E-04
9.2024E-05 2.0000E-04
1.3307E-04 2.0000E-04
5.0475E-05 2.0000E-04
5.3174E-05 2.0000E-04
7.0496E-05 2.0000E-04
1.0240E-04 2.0000E-04
5.6709E-05 2.0000E-04
4.7662E-05 2.0000E-04
5.7418E-05 2.0000E-04
9.9834E-05 2.0000E-04
5.2670E-05 2.0000E-04
4.4853E-05 2.0000E-04
5.2075E-05 2.0000E-04
9.3022E-05 2.0000E-04
4.7687E-05 2.0000E-04
4.2082E-05 2.0000E-04
4.9577E-05 2.0000E-04
9.8261E-05 2.0000E-04
4.7987E-05 2.0000E-04
3.9107E-05 2.0000E-04
4.6261E-05 2.0000E-04
7.7795E-05 2.0000E-04
4.9444E-05 2.0000E-04
3.7082E-05 2.0000E-04
5.4584E-05 2.0000E-04
6.5655E-05 2.0000E-04
4.9768E-05 2.0000E-04
6.0204E-05 2.0000E-04
5.6051E-05 2.0000E-04
4.8463E-05 2.0000E-04
7.1868E-05 2.0000E-04
7.0225E-05 2.0000E-04
4.7065E-05 2.0000E-04
3.8685E-05 2.0000E-04
4.6510E-05 2.0000E-04
6.5966E-05 2.0000E-04
4.2200E-05 2.0000E-04
3.9266E-05 2.0000E-04
5.0887E-05 2.0000E-04
8.1458E-05 2.0000E-04
4.1400E-05 2.0000E-04
3.7407E-05 2.0000E-04
4.3567E-05 2.0000E-04
1.0433E-04 2.0000E-04
3.8685E-05 2.0000E-04
3.2355E-05 2.0000E-04
4.2208E-05 2.0000E-04
6.7630E-05 2.0000E-04
4.0746E-05 2.0000E-04
3.4666E-05 2.0000E-04
4.7294E-05 2.0000E-04
4.9966E-05 2.0000E-04
3.8324E-05 2.0000E-04
4.5107E-05 2.0000E-04
4.6689E-05 2.0000E-04
3.9018E-05 2.0000E-04
5.5982E-05 2.0000E-04
5.2504E-05 2.0000E-04
3.8701E-05 2.0000E-04
3.5072E-05 2.0000E-04
5.3773E-05 2.0000E-04
4.0357E-05 2.0000E-04
3.6631E-05 2.0000E-04
5.5515E-05 2.0000E-04
3.7985E-05 2.0000E-04
3.2120E-05 2.0000E-04
4.5348E-05 2.0000E-04
3.6682E-05 2.0000E-04
5.8589E-05 2.0000E-04
3.3513E-05 2.0000E-04
3.1375E-05 2.0000E-04
4.3950E-05 2.0000E-04
5.3854E-05 2.0000E-04
3.1181E-05 2.0000E-04
2.8310E-05 2.0000E-04
3.3891E-05 2.0000E-04
5.2202E-05 2.0000E-04
3.9215E-05 2.0000E-04
2.7115E-05 2.0000E-04
2.5134E-05 2.0000E-04
4.2012E-05 2.0000E-04
2.8928E-05 2.0000E-04
2.3932E-05 2.0000E-04
3.7143E-05 2.0000E-04
2.7929E-05 2.0000E-04
2.3598E-05 2.0000E-04
3.7526E-05 2.0000E-04
2.6528E-05 2.0000E-04
2.3624E-05 2.0000E-04
3.2038E-05 2.0000E-04
3.1743E-05 2.0000E-04
2.2178E-05 2.0000E-04
2.3723E-05 2.0000E-04
3.4447E-05 2.0000E-04
2.4208E-05 2.0000E-04
2.1840E-05 2.0000E-04
2.9698E-05 2.0000E-04
2.1434E-05 2.0000E-04
2.1219E-05 2.0000E-04
2.7280E-05 2.0000E-04
2.0917E-05 2.0000E-04
2.2555E-05 2.0000E-04
3.0038E-05 2.0000E-04
2.0489E-05 2.0000E-04
1.8104E-05 2.0000E-04
2.1446E-05 2.0000E-04
2.1627E-05 2.0000E-04
3.9247E-05 2.0000E-04
1.9782E-05 2.0000E-04
1.6084E-05 2.0000E-04
1.9410E-05 2.0000E-04
3.2347E-05 2.0000E-04
2.0110E-05 2.0000E-04
1.6044E-05 2.0000E-04
2.1227E-05 2.0000E-04
2.7923E-05 2.0000E-04
1.8176E-05 2.0000E-04
1.6028E-05 2.0000E-04
2.0702E-05 2.0000E-04
1.8233E-05 2.0000E-04
3.2955E-05 2.0000E-04
1.6783E-05 2.0000E-04
1.4754E-05 2.0000E-04
1.7478E-05 2.0000E-04
2.9124E-05 2.0000E-04
1.4489E-05 2.0000E-04
1.4602E-05 2.0000E-04
1.7870E-05 2.0000E-04
2.5551E-05 2.0000E-04
1.4288E-05 2.0000E-04
1.4799E-05 2.0000E-04
1.6203E-05 2.0000E-04
3.3970E-05 2.0000E-04
1.3830E-05 2.0000E-04
1.2535E-05 2.0000E-04
1.5471E-05 2.0000E-04
2.3661E-05 2.0000E-04
2.3661E-05 2.0000E-04
1.5291E-05 2.0000E-04
1.1829E-05 2.0000E-04
1.5429E-05 2.0000E-04
1.6682E-05 2.0000E-04
1.3250E-05 2.0000E-04
2.5120E-05 2.0000E-04
1.3242E-05 2.0000E-04
1.1746E-05 2.0000E-04
1.3414E-05 2.0000E-04
2.4788E-05 2.0000E-04
1.1802E-05 2.0000E-04
1.0407E-05 2.0000E-04
1.2379E-05 2.0000E-04
2.2012E-05 2.0000E-04
1.1508E-05 2.0000E-04
9.8255E-06 2.0000E-04
1.2496E-05 2.0000E-04
2.2504E-05 2.0000E-04
1.1688E-05 2.0000E-04
9.4775E-06 2.0000E-04
1.1390E-05 2.0000E-04
1.8139E-05 2.0000E-04
1.2662E-05 2.0000E-04
9.7575E-06 2.0000E-04
1.2717E-05 2.0000E-04
1.5175E-05 2.0000E-04
1.0697E-05 2.0000E-04
1.1491E-05 2.0000E-04
1.3055E-05 2.0000E-04
1.1101E-05 2.0000E-04
1.7618E-05 2.0000E-04
1.2935E-05 2.0000E-04
9.3585E-06 2.0000E-04
9.3158E-06 2.0000E-04
1.3478E-05 2.0000E-04
1.0446E-05 2.0000E-04
1.2570E-05 2.0000E-04
1.1832E-05 2.0000E-04
8.9920E-06 2.0000E-04
9.4587E-06 2.0000E-04
1.2273E-05 2.0000E-04
9.3296E-06 2.0000E-04
9.5155E-06 2.0000E-04
1.2913E-05 2.0000E-04
8.9482E-06 2.0000E-04
7.8497E-06 2.0000E-04
8.7815E-06 2.0000E-04
9.3228E-06 2.0000E-04
1.1527E-05 2.0000E-04
8.1722E-06 2.0000E-04
7.4571E-06 2.0000E-04
9.0973E-06 2.0000E-04
7.3249E-06 2.0000E-04
8.8655E-06 2.0000E-04
1.0964E-05 2.0000E-04
6.6412E-06 2.0000E-04
