RMS Step   Target
2.8849E-04 8.0000E-04
1.1216E-03 8.0000E-04
1.0941E-03 8.0000E-04
3.4274E-03 8.0000E-04
3.8072E-03 8.0000E-04
1.3966E-03 8.0000E-04
2.5336E-04 8.0000E-04
5.4559E-04 8.0000E-04
1.0151E-03 8.0000E-04
2.1405E-03 8.0000E-04
1.3707E-03 8.0000E-04
8.8183E-04 8.0000E-04
8.0373E-04 8.0000E-04
8.4260E-04 8.0000E-04
1.2696E-03 8.0000E-04
1.1963E-03 8.0000E-04
1.2893E-03 8.0000E-04
1.7125E-03 8.0000E-04
7.0996E-04 8.0000E-04
4.8960E-04 8.0000E-04
7.9794E-04 8.0000E-04
1.6113E-03 8.0000E-04
1.1304E-03 8.0000E-04
8.1186E-04 8.0000E-04
8.8568E-04 8.0000E-04
1.4531E-03 8.0000E-04
4.8942E-04 8.0000E-04
5.3710E-04 8.0000E-04
7.2789E-04 8.0000E-04
1.8235E-03 8.0000E-04
6.5024E-04 8.0000E-04
3.9925E-04 8.0000E-04
7.7947E-04 8.0000E-04
1.2284E-03 8.0000E-04
2.0966E-03 8.0000E-04
2.8201E-04 8.0000E-04
4.6951E-04 8.0000E-04
7.6076E-04 8.0000E-04
1.9997E-03 8.0000E-04
5.5986E-04 8.0000E-04
6.4385E-04 8.0000E-04
8.0716E-04 8.0000E-04
1.7259E-03 8.0000E-04
2.5206E-04 8.0000E-04
3.1439E-04 8.0000E-04
6.5449E-04 8.0000E-04
1.3024E-03 8.0000E-04
2.0006E-03 8.0000E-04
1.8510E-04 8.0000E-04
2.4509E-04 8.0000E-04
6.0309E-04 8.0000E-04
1.6515E-03 8.0000E-04
4.2507E-04 8.0000E-04
3.4284E-04 8.0000E-04
8.1237E-04 8.0000E-04
1.0472E-03 8.0000E-04
1.1697E-03 8.0000E-04
9.1298E-04 8.0000E-04
5.0325E-04 8.0000E-04
6.8066E-04 8.0000E-04
1.2867E-03 8.0000E-04
6.4903E-04 8.0000E-04
6.6472E-04 8.0000E-04
7.8242E-04 8.0000E-04
1.2754E-03 8.0000E-04
1.4727E-03 8.0000E-04
4.1550E-04 8.0000E-04
5.0642E-04 8.0000E-04
4.8057E-04 8.0000E-04
1.3281E-03 8.0000E-04
1.8700E-03 8.0000E-04
2.6225E-04 8.0000E-04
2.1228E-04 8.0000E-04
7.0156E-04 8.0000E-04
1.1549E-03 8.0000E-04
1.7739E-03 8.0000E-04
3.6153E-04 8.0000E-04
6.2455E-04 8.0000E-04
7.1362E-04 8.0000E-04
1.0580E-03 8.0000E-04
1.1590E-03 8.0000E-04
1.1262E-03 8.0000E-04
1.1262E-03 8.0000E-04
1.3083E-09 8.0000E-04
7.2124E-05 8.0000E-04
3.0880E-05 8.0000E-04
2.4278E-04 8.0000E-04
1.5097E-04 8.0000E-04
5.0413E-04 8.0000E-04
9.2586E-05 8.0000E-04
5.5710E-05 8.0000E-04
2.5716E-04 8.0000E-04
4.9264E-04 8.0000E-04
1.2639E-04 8.0000E-04
2.6837E-04 8.0000E-04
2.8380E-04 8.0000E-04
7.4817E-04 8.0000E-04
2.8531E-04 8.0000E-04
1.2235E-04 8.0000E-04
2.7296E-04 8.0000E-04
5.7380E-04 8.0000E-04
3.5396E-04 8.0000E-04
4.2211E-04 8.0000E-04
4.1232E-04 8.0000E-04
8.1201E-04 8.0000E-04
3.6443E-04 8.0000E-04
2.3507E-04 8.0000E-04
3.6540E-04 8.0000E-04
7.0513E-04 8.0000E-04
3.5448E-04 8.0000E-04
3.9514E-04 8.0000E-04
4.3849E-04 8.0000E-04
8.9898E-04 8.0000E-04
3.6330E-04 8.0000E-04
2.2827E-04 8.0000E-04
3.5747E-04 8.0000E-04
7.3571E-04 8.0000E-04
8.3899E-04 8.0000E-04
5.0086E-04 8.0000E-04
6.7374E-04 8.0000E-04
4.2610E-04 8.0000E-04
4.5346E-04 8.0000E-04
1.1464E-03 8.0000E-04
4.4959E-04 8.0000E-04
1.7590E-04 8.0000E-04
1.1188E-03 8.0000E-04
1.0754E-03 8.0000E-04
9.7932E-05 8.0000E-04
5.2500E-04 8.0000E-04
6.9565E-04 8.0000E-04
1.3424E-03 8.0000E-04
2.0661E-03 8.0000E-04
2.3886E-04 8.0000E-04
9.7404E-05 8.0000E-04
4.9959E-04 8.0000E-04
1.1271E-03 8.0000E-04
2.3039E-03 8.0000E-04
3.1719E-04 8.0000E-04
5.2910E-04 8.0000E-04
7.3532E-04 8.0000E-04
2.0375E-03 8.0000E-04
5.8947E-04 8.0000E-04
4.4933E-04 8.0000E-04
8.4331E-04 8.0000E-04
1.4115E-03 8.0000E-04
2.1854E-03 8.0000E-04
5.5603E-04 8.0000E-04
7.3312E-04 8.0000E-04
8.4206E-04 8.0000E-04
2.4713E-03 8.0000E-04
1.2022E-03 8.0000E-04
1.0385E-03 8.0000E-04
7.2896E-04 8.0000E-04
2.0152E-03 8.0000E-04
6.6574E-04 8.0000E-04
2.1882E-03 8.0000E-04
1.5280E-03 8.0000E-04
1.7498E-03 8.0000E-04
2.3979E-03 8.0000E-04
5.8375E-04 8.0000E-04
3.1106E-04 8.0000E-04
1.4922E-03 8.0000E-04
3.0425E-03 8.0000E-04
2.7285E-04 8.0000E-04
2.0415E-03 8.0000E-04
1.4641E-03 8.0000E-04
4.8827E-03 8.0000E-04
3.0647E-03 8.0000E-04
4.5831E-04 8.0000E-04
1.1354E-03 8.0000E-04
1.6414E-03 8.0000E-04
2.6438E-03 8.0000E-04
2.1060E-03 8.0000E-04
5.6571E-04 8.0000E-04
1.5828E-03 8.0000E-04
2.0389E-03 8.0000E-04
2.6100E-04 8.0000E-04
3.6956E-04 8.0000E-04
4.3084E-04 8.0000E-04
8.5973E-04 8.0000E-04
8.7026E-04 8.0000E-04
8.3998E-04 8.0000E-04
1.3716E-03 8.0000E-04
1.8808E-03 8.0000E-04
6.8306E-04 8.0000E-04
3.4944E-04 8.0000E-04
5.2343E-04 8.0000E-04
1.0807E-03 8.0000E-04
2.0454E-03 8.0000E-04
2.8718E-04 8.0000E-04
1.3292E-03 8.0000E-04
8.5628E-04 8.0000E-04
1.6165E-03 8.0000E-04
1.9031E-03 8.0000E-04
4.6593E-04 8.0000E-04
3.7473E-04 8.0000E-04
1.1487E-03 8.0000E-04
1.6412E-03 8.0000E-04
5.1258E-04 8.0000E-04
1.0519E-03 8.0000E-04
8.0217E-04 8.0000E-04
2.5185E-03 8.0000E-04
7.3223E-04 8.0000E-04
3.7738E-04 8.0000E-04
6.2466E-04 8.0000E-04
9.2150E-04 8.0000E-04
7.3998E-04 8.0000E-04
1.2671E-03 8.0000E-04
1.4003E-03 8.0000E-04
1.3870E-03 8.0000E-04
1.4320E-03 8.0000E-04
3.6239E-04 8.0000E-04
5.6354E-04 8.0000E-04
6.9780E-04 8.0000E-04
1.5908E-03 8.0000E-04
1.0509E-03 8.0000E-04
2.5026E-03 8.0000E-04
2.4501E-04 8.0000E-04
9.2452E-04 8.0000E-04
5.9193E-04 8.0000E-04
9.1572E-04 8.0000E-04
1.3784E-03 8.0000E-04
6.7359E-04 8.0000E-04
3.9265E-04 8.0000E-04
7.5209E-04 8.0000E-04
1.7895E-03 8.0000E-04
2.9099E-04 8.0000E-04
4.4298E-04 8.0000E-04
7.4154E-04 8.0000E-04
1.7735E-03 8.0000E-04
2.0626E-03 8.0000E-04
1.3964E-03 8.0000E-04
1.3371E-03 8.0000E-04
1.1064E-03 8.0000E-04
1.1884E-03 8.0000E-04
2.2937E-03 8.0000E-04
8.7817E-04 8.0000E-04
1.1542E-03 8.0000E-04
1.9430E-03 8.0000E-04
3.6997E-03 8.0000E-04
9.2195E-04 8.0000E-04
3.6539E-03 8.0000E-04
9.8095E-04 8.0000E-04
2.3815E-03 8.0000E-04
5.6661E-03 8.0000E-04
1.1812E-03 8.0000E-04
2.4350E-03 8.0000E-04
7.2124E-03 8.0000E-04
2.7187E-03 8.0000E-04
2.4557E-03 8.0000E-04
7.2124E-03 8.0000E-04
2.5929E-03 8.0000E-04
1.3534E-03 8.0000E-04
7.2124E-03 8.0000E-04
2.7724E-03 8.0000E-04
5.2866E-03 8.0000E-04
2.8887E-03 8.0000E-04
3.1403E-03 8.0000E-04
2.5716E-03 8.0000E-04
1.3590E-03 8.0000E-04
7.4706E-04 8.0000E-04
3.2481E-03 8.0000E-04
2.5137E-03 8.0000E-04
1.1544E-03 8.0000E-04
3.5403E-03 8.0000E-04
1.7050E-03 8.0000E-04
7.1626E-04 8.0000E-04
1.7215E-03 8.0000E-04
8.9990E-04 8.0000E-04
3.3624E-03 8.0000E-04
1.2798E-03 8.0000E-04
7.9472E-04 8.0000E-04
1.5265E-03 8.0000E-04
1.7930E-03 8.0000E-04
3.9160E-04 8.0000E-04
4.7807E-04 8.0000E-04
9.6032E-04 8.0000E-04
1.5439E-03 8.0000E-04
2.4918E-03 8.0000E-04
4.8464E-04 8.0000E-04
4.4473E-04 8.0000E-04
8.7771E-04 8.0000E-04
1.0318E-03 8.0000E-04
1.0043E-03 8.0000E-04
8.6661E-04 8.0000E-04
1.0548E-03 8.0000E-04
1.0652E-03 8.0000E-04
5.9152E-04 8.0000E-04
8.4464E-04 8.0000E-04
6.6568E-04 8.0000E-04
6.4200E-04 8.0000E-04
1.2429E-03 8.0000E-04
5.5831E-04 8.0000E-04
2.1893E-04 8.0000E-04
7.8339E-04 8.0000E-04
6.6518E-04 8.0000E-04
1.9067E-04 8.0000E-04
6.5535E-04 8.0000E-04
6.2480E-04 8.0000E-04
1.1737E-03 8.0000E-04
1.0977E-03 8.0000E-04
2.3672E-04 8.0000E-04
3.5875E-04 8.0000E-04
3.1396E-04 8.0000E-04
8.3881E-04 8.0000E-04
5.4836E-04 8.0000E-04
3.7064E-04 8.0000E-04
5.4851E-04 8.0000E-04
9.1001E-04 8.0000E-04
1.2764E-04 8.0000E-04
1.2764E-04 8.0000E-04
1.7243E-04 8.0000E-04
2.3663E-04 8.0000E-04
5.5428E-04 8.0000E-04
6.4780E-04 8.0000E-04
3.0459E-04 8.0000E-04
3.6254E-04 8.0000E-04
3.0615E-04 8.0000E-04
2.8210E-04 8.0000E-04
4.4015E-04 8.0000E-04
2.4134E-04 8.0000E-04
1.0086E-04 8.0000E-04
3.6280E-04 8.0000E-04
3.8367E-04 8.0000E-04
1.2130E-04 8.0000E-04
3.6636E-04 8.0000E-04
2.3066E-04 8.0000E-04
4.3118E-04 8.0000E-04
4.8914E-04 8.0000E-04
1.1308E-04 8.0000E-04
1.4597E-04 8.0000E-04
2.1950E-04 8.0000E-04
5.7220E-04 8.0000E-04
2.8630E-04 8.0000E-04
2.0403E-04 8.0000E-04
2.8303E-04 8.0000E-04
5.1374E-04 8.0000E-04
2.0381E-04 8.0000E-04
2.7174E-04 8.0000E-04
2.6339E-04 8.0000E-04
6.9473E-04 8.0000E-04
4.2348E-04 8.0000E-04
9.5913E-05 8.0000E-04
3.0647E-04 8.0000E-04
4.6278E-04 8.0000E-04
3.4750E-04 8.0000E-04
6.4704E-04 8.0000E-04
4.6190E-04 8.0000E-04
2.0981E-04 8.0000E-04
5.9305E-04 8.0000E-04
3.7191E-04 8.0000E-04
2.2228E-04 8.0000E-04
7.3508E-04 8.0000E-04
4.5031E-04 8.0000E-04
5.2025E-04 8.0000E-04
1.2028E-03 8.0000E-04
3.8357E-04 8.0000E-04
1.0199E-04 8.0000E-04
5.9647E-04 8.0000E-04
1.3202E-03 8.0000E-04
2.7173E-04 8.0000E-04
6.4783E-04 8.0000E-04
7.8108E-04 8.0000E-04
1.4860E-03 8.0000E-04
2.2441E-03 8.0000E-04
5.7134E-04 8.0000E-04
2.1266E-04 8.0000E-04
4.1281E-04 8.0000E-04
1.9944E-03 8.0000E-04
7.8994E-04 8.0000E-04
1.6630E-03 8.0000E-04
2.0479E-03 8.0000E-04
3.1744E-03 8.0000E-04
1.9389E-03 8.0000E-04
2.5219E-03 8.0000E-04
2.4697E-03 8.0000E-04
5.5541E-03 8.0000E-04
1.3166E-03 8.0000E-04
2.9685E-03 8.0000E-04
3.8896E-03 8.0000E-04
8.6141E-04 8.0000E-04
7.2124E-03 8.0000E-04
1.2202E-03 8.0000E-04
2.5423E-03 8.0000E-04
3.4799E-03 8.0000E-04
1.2573E-03 8.0000E-04
3.0984E-03 8.0000E-04
2.2255E-03 8.0000E-04
2.0292E-03 8.0000E-04
2.7999E-04 8.0000E-04
1.1034E-03 8.0000E-04
1.4248E-03 8.0000E-04
1.8222E-03 8.0000E-04
7.7134E-04 8.0000E-04
8.8557E-04 8.0000E-04
1.0610E-03 8.0000E-04
1.1757E-03 8.0000E-04
6.7884E-04 8.0000E-04
8.0832E-04 8.0000E-04
8.0666E-04 8.0000E-04
1.5937E-03 8.0000E-04
1.0579E-03 8.0000E-04
1.0750E-03 8.0000E-04
9.2677E-04 8.0000E-04
1.2024E-03 8.0000E-04
8.7128E-04 8.0000E-04
7.1468E-04 8.0000E-04
6.0953E-04 8.0000E-04
1.0953E-03 8.0000E-04
1.2550E-03 8.0000E-04
1.2644E-03 8.0000E-04
1.2962E-03 8.0000E-04
1.3081E-03 8.0000E-04
7.7730E-04 8.0000E-04
8.3296E-04 8.0000E-04
1.4606E-03 8.0000E-04
6.7491E-04 8.0000E-04
1.8515E-03 8.0000E-04
1.0874E-03 8.0000E-04
1.5321E-03 8.0000E-04
1.4016E-03 8.0000E-04
1.1667E-03 8.0000E-04
1.1705E-03 8.0000E-04
1.7290E-03 8.0000E-04
1.6490E-03 8.0000E-04
2.6359E-03 8.0000E-04
2.3845E-03 8.0000E-04
2.9967E-03 8.0000E-04
1.5694E-03 8.0000E-04
2.6366E-03 8.0000E-04
3.5406E-04 8.0000E-04
3.2327E-03 8.0000E-04
3.1256E-03 8.0000E-04
3.0090E-03 8.0000E-04
3.3445E-03 8.0000E-04
6.3892E-03 8.0000E-04
2.0327E-03 8.0000E-04
1.2056E-03 8.0000E-04
1.7909E-03 8.0000E-04
3.0295E-03 8.0000E-04
1.2690E-03 8.0000E-04
2.8739E-03 8.0000E-04
2.4734E-03 8.0000E-04
2.1512E-03 8.0000E-04
2.2428E-03 8.0000E-04
2.5172E-03 8.0000E-04
1.0785E-03 8.0000E-04
1.0883E-03 8.0000E-04
9.7868E-04 8.0000E-04
2.6088E-03 8.0000E-04
2.3697E-03 8.0000E-04
5.5971E-04 8.0000E-04
8.6395E-04 8.0000E-04
9.9675E-04 8.0000E-04
2.0294E-03 8.0000E-04
7.0126E-04 8.0000E-04
4.3638E-04 8.0000E-04
8.7273E-04 8.0000E-04
1.5973E-03 8.0000E-04
7.6795E-04 8.0000E-04
4.6591E-04 8.0000E-04
7.4126E-04 8.0000E-04
1.0992E-03 8.0000E-04
1.3805E-03 8.0000E-04
5.1939E-04 8.0000E-04
8.2680E-04 8.0000E-04
7.0817E-04 8.0000E-04
9.2232E-04 8.0000E-04
1.5132E-03 8.0000E-04
7.0987E-04 8.0000E-04
4.4898E-04 8.0000E-04
1.6217E-03 8.0000E-04
1.4982E-03 8.0000E-04
1.8367E-04 8.0000E-04
4.4577E-04 8.0000E-04
7.5539E-04 8.0000E-04
1.4107E-03 8.0000E-04
2.2006E-03 8.0000E-04
3.2769E-04 8.0000E-04
3.4614E-04 8.0000E-04
4.9369E-04 8.0000E-04
1.4315E-03 8.0000E-04
8.0420E-04 8.0000E-04
5.3356E-04 8.0000E-04
7.4214E-04 8.0000E-04
1.0757E-03 8.0000E-04
4.1824E-04 8.0000E-04
4.4801E-04 8.0000E-04
4.3139E-04 8.0000E-04
1.1290E-03 8.0000E-04
5.4690E-04 8.0000E-04
3.0769E-04 8.0000E-04
6.1067E-04 8.0000E-04
1.0451E-03 8.0000E-04
3.6372E-04 8.0000E-04
4.3713E-04 8.0000E-04
4.9632E-04 8.0000E-04
9.8494E-04 8.0000E-04
1.1100E-03 8.0000E-04
2.4351E-04 8.0000E-04
5.8946E-04 8.0000E-04
5.6484E-04 8.0000E-04
6.3282E-04 8.0000E-04
1.4355E-03 8.0000E-04
5.7606E-04 8.0000E-04
2.1708E-04 8.0000E-04
1.2793E-03 8.0000E-04
7.9903E-04 8.0000E-04
1.6823E-04 8.0000E-04
9.0799E-04 8.0000E-04
7.5804E-04 8.0000E-04
1.5104E-03 8.0000E-04
6.7548E-04 8.0000E-04
2.4005E-04 8.0000E-04
5.8830E-04 8.0000E-04
1.1713E-03 8.0000E-04
3.4768E-04 8.0000E-04
6.4680E-04 8.0000E-04
7.1960E-04 8.0000E-04
1.5925E-03 8.0000E-04
7.7682E-04 8.0000E-04
2.9481E-04 8.0000E-04
4.2679E-04 8.0000E-04
7.4611E-04 8.0000E-04
8.6063E-04 8.0000E-04
9.1731E-04 8.0000E-04
8.5138E-04 8.0000E-04
8.2983E-04 8.0000E-04
6.7965E-04 8.0000E-04
7.4099E-04 8.0000E-04
4.8981E-04 8.0000E-04
3.7729E-04 8.0000E-04
1.1517E-03 8.0000E-04
7.0243E-04 8.0000E-04
2.3925E-04 8.0000E-04
9.2512E-04 8.0000E-04
6.5185E-04 8.0000E-04
4.1207E-04 8.0000E-04
9.5617E-04 8.0000E-04
6.5124E-04 8.0000E-04
2.4105E-04 8.0000E-04
8.5717E-04 8.0000E-04
4.4512E-04 8.0000E-04
8.8981E-04 8.0000E-04
1.0272E-03 8.0000E-04
4.9096E-04 8.0000E-04
2.1946E-04 8.0000E-04
6.3130E-04 8.0000E-04
7.3109E-04 8.0000E-04
3.2426E-04 8.0000E-04
7.8540E-04 8.0000E-04
3.9870E-04 8.0000E-04
1.0248E-03 8.0000E-04
4.5325E-04 8.0000E-04
2.0022E-04 8.0000E-04
2.1716E-04 8.0000E-04
5.3247E-04 8.0000E-04
5.9042E-04 8.0000E-04
8.2769E-04 8.0000E-04
7.0465E-04 8.0000E-04
3.0574E-04 8.0000E-04
2.2855E-04 8.0000E-04
3.2004E-04 8.0000E-04
2.8878E-04 8.0000E-04
3.9604E-04 8.0000E-04
6.6825E-04 8.0000E-04
5.8008E-04 8.0000E-04
1.9619E-04 8.0000E-04
2.8926E-04 8.0000E-04
3.4444E-04 8.0000E-04
2.5101E-04 8.0000E-04
5.7313E-04 8.0000E-04
2.9400E-04 8.0000E-04
3.8468E-04 8.0000E-04
4.0922E-04 8.0000E-04
2.6779E-04 8.0000E-04
1.8376E-04 8.0000E-04
3.8265E-04 8.0000E-04
3.2332E-04 8.0000E-04
2.3217E-04 8.0000E-04
5.3913E-04 8.0000E-04
2.7944E-04 8.0000E-04
6.1536E-04 8.0000E-04
4.3009E-04 8.0000E-04
1.4316E-04 8.0000E-04
1.1114E-04 8.0000E-04
2.0086E-04 8.0000E-04
5.5136E-04 8.0000E-04
4.6372E-04 8.0000E-04
2.1805E-04 8.0000E-04
3.8793E-04 8.0000E-04
3.5101E-04 8.0000E-04
1.3715E-04 8.0000E-04
2.8247E-04 8.0000E-04
2.8220E-04 8.0000E-04
4.4626E-04 8.0000E-04
5.6253E-04 8.0000E-04
1.7646E-04 8.0000E-04
7.2706E-05 8.0000E-04
1.8309E-04 8.0000E-04
3.8720E-04 8.0000E-04
1.8471E-04 8.0000E-04
2.5157E-04 8.0000E-04
2.9695E-04 8.0000E-04
4.9560E-04 8.0000E-04
1.6068E-04 8.0000E-04
1.1253E-04 8.0000E-04
1.6010E-04 8.0000E-04
4.3899E-04 8.0000E-04
1.8842E-04 8.0000E-04
1.3743E-04 8.0000E-04
2.3966E-04 8.0000E-04
3.7823E-04 8.0000E-04
3.7823E-04 8.0000E-04
3.8671E-04 8.0000E-04
8.7373E-05 8.0000E-04
1.3232E-04 8.0000E-04
2.0007E-04 8.0000E-04
3.1134E-04 8.0000E-04
5.0312E-04 8.0000E-04
9.4412E-05 8.0000E-04
3.5632E-05 8.0000E-04
1.6882E-04 8.0000E-04
3.2674E-04 8.0000E-04
1.7218E-04 8.0000E-04
1.7958E-04 8.0000E-04
2.1341E-04 8.0000E-04
3.5530E-04 8.0000E-04
1.8682E-04 8.0000E-04
8.1080E-05 8.0000E-04
1.4801E-04 8.0000E-04
2.7945E-04 8.0000E-04
1.4171E-04 8.0000E-04
1.7189E-04 8.0000E-04
1.8143E-04 8.0000E-04
3.4021E-04 8.0000E-04
2.1279E-04 8.0000E-04
1.0582E-04 8.0000E-04
1.6022E-04 8.0000E-04
1.8805E-04 8.0000E-04
1.2336E-04 8.0000E-04
3.0951E-04 8.0000E-04
1.5550E-04 8.0000E-04
1.3484E-04 8.0000E-04
3.6094E-04 8.0000E-04
1.7493E-04 8.0000E-04
2.0606E-05 8.0000E-04
1.5932E-04 8.0000E-04
1.9954E-04 8.0000E-04
2.4685E-04 8.0000E-04
3.5178E-04 8.0000E-04
1.8883E-04 8.0000E-04
3.0098E-05 8.0000E-04
1.0747E-04 8.0000E-04
1.5662E-04 8.0000E-04
1.5218E-04 8.0000E-04
3.0326E-04 8.0000E-04
1.8737E-04 8.0000E-04
2.6797E-05 8.0000E-04
9.8858E-05 8.0000E-04
9.8777E-05 8.0000E-04
3.4291E-04 8.0000E-04
1.7581E-04 8.0000E-04
8.0513E-05 8.0000E-04
1.4188E-04 8.0000E-04
1.1655E-04 8.0000E-04
1.2409E-04 8.0000E-04
2.0772E-04 8.0000E-04
2.1397E-04 8.0000E-04
2.2562E-05 8.0000E-04
