Max Step   Target
3.0864E-03 1.8000E-02
9.6101E-02 1.8000E-02
3.6385E-02 1.8000E-02
2.8034E-01 1.8000E-02
1.0536E-01 1.8000E-02
5.8973E-02 1.8000E-02
2.1262E-01 1.8000E-02
1.3547E-01 1.8000E-02
3.1141E-02 1.8000E-02
0.0000E+00 1.8000E-02
7.9933E-03 1.8000E-02
5.5712E-03 1.8000E-02
1.2099E-02 1.8000E-02
3.6501E-02 1.8000E-02
5.1881E-02 1.8000E-02
1.8703E-02 1.8000E-02
3.9989E-03 1.8000E-02
1.3916E-02 1.8000E-02
1.3784E-02 1.8000E-02
5.8667E-03 1.8000E-02
6.8773E-03 1.8000E-02
8.8169E-03 1.8000E-02
1.9355E-02 1.8000E-02
1.6895E-02 1.8000E-02
4.0414E-03 1.8000E-02
