RMS Grad   Target
7.1283E-04 2.0000E-04
5.2782E-04 2.0000E-04
4.1600E-04 2.0000E-04
4.6900E-04 2.0000E-04
6.3615E-04 2.0000E-04
4.8059E-04 2.0000E-04
2.1133E-04 2.0000E-04
1.6649E-04 2.0000E-04
1.8493E-04 2.0000E-04
2.2013E-04 2.0000E-04
3.5737E-04 2.0000E-04
1.9749E-04 2.0000E-04
1.3483E-04 2.0000E-04
1.8362E-04 2.0000E-04
1.5550E-04 2.0000E-04
1.4034E-04 2.0000E-04
2.5244E-04 2.0000E-04
1.4792E-04 2.0000E-04
1.3053E-04 2.0000E-04
1.5436E-04 2.0000E-04
1.9608E-04 2.0000E-04
1.1091E-04 2.0000E-04
1.1437E-04 2.0000E-04
1.3247E-04 2.0000E-04
3.1738E-04 2.0000E-04
1.0033E-04 2.0000E-04
8.4873E-05 2.0000E-04
1.0543E-04 2.0000E-04
2.0937E-04 2.0000E-04
1.0791E-04 2.0000E-04
8.5960E-05 2.0000E-04
1.0587E-04 2.0000E-04
1.8691E-04 2.0000E-04
9.3012E-05 2.0000E-04
7.7186E-05 2.0000E-04
9.9153E-05 2.0000E-04
1.4102E-04 2.0000E-04
9.2800E-05 2.0000E-04
8.2678E-05 2.0000E-04
1.0844E-04 2.0000E-04
8.7987E-05 2.0000E-04
9.1226E-05 2.0000E-04
1.0544E-04 2.0000E-04
7.5748E-05 2.0000E-04
7.7058E-05 2.0000E-04
1.0491E-04 2.0000E-04
8.0370E-05 2.0000E-04
7.6591E-05 2.0000E-04
7.9767E-05 2.0000E-04
9.0476E-05 2.0000E-04
7.4772E-05 2.0000E-04
7.7329E-05 2.0000E-04
8.0700E-05 2.0000E-04
7.5422E-05 2.0000E-04
8.2436E-05 2.0000E-04
7.8080E-05 2.0000E-04
6.8837E-05 2.0000E-04
8.5793E-05 2.0000E-04
8.5389E-05 2.0000E-04
6.5178E-05 2.0000E-04
6.8562E-05 2.0000E-04
9.3939E-05 2.0000E-04
6.6790E-05 2.0000E-04
6.0563E-05 2.0000E-04
8.8117E-05 2.0000E-04
6.4501E-05 2.0000E-04
6.7212E-05 2.0000E-04
8.4945E-05 2.0000E-04
6.0119E-05 2.0000E-04
5.2947E-05 2.0000E-04
7.3402E-05 2.0000E-04
5.6790E-05 2.0000E-04
7.1000E-05 2.0000E-04
7.2693E-05 2.0000E-04
5.5148E-05 2.0000E-04
5.7653E-05 2.0000E-04
8.1254E-05 2.0000E-04
5.7118E-05 2.0000E-04
4.7930E-05 2.0000E-04
6.5564E-05 2.0000E-04
6.5564E-05 2.0000E-04
6.5381E-05 2.0000E-04
2.9166E-04 2.0000E-04
3.7746E-05 2.0000E-04
3.1139E-05 2.0000E-04
4.0008E-05 2.0000E-04
6.4802E-05 2.0000E-04
4.0935E-05 2.0000E-04
4.0322E-05 2.0000E-04
4.3744E-05 2.0000E-04
3.7442E-05 2.0000E-04
4.8164E-05 2.0000E-04
3.6936E-05 2.0000E-04
3.3447E-05 2.0000E-04
4.2711E-05 2.0000E-04
5.7946E-05 2.0000E-04
3.4481E-05 2.0000E-04
3.4603E-05 2.0000E-04
3.7756E-05 2.0000E-04
6.2080E-05 2.0000E-04
4.1352E-05 2.0000E-04
3.2665E-05 2.0000E-04
3.5629E-05 2.0000E-04
6.1402E-05 2.0000E-04
3.8256E-05 2.0000E-04
3.2002E-05 2.0000E-04
4.1905E-05 2.0000E-04
3.9894E-05 2.0000E-04
4.2529E-05 2.0000E-04
3.6445E-05 2.0000E-04
4.0340E-05 2.0000E-04
3.7622E-05 2.0000E-04
3.3047E-05 2.0000E-04
3.9677E-05 2.0000E-04
4.4345E-05 2.0000E-04
3.7835E-05 2.0000E-04
3.5129E-05 2.0000E-04
3.8376E-05 2.0000E-04
4.8112E-05 2.0000E-04
3.8989E-05 2.0000E-04
3.7067E-05 2.0000E-04
5.4002E-05 2.0000E-04
5.7986E-05 2.0000E-04
3.8604E-05 2.0000E-04
4.1032E-05 2.0000E-04
5.2603E-05 2.0000E-04
4.7052E-05 2.0000E-04
9.9488E-05 2.0000E-04
3.9942E-05 2.0000E-04
3.6178E-05 2.0000E-04
4.6080E-05 2.0000E-04
7.3183E-05 2.0000E-04
5.1119E-05 2.0000E-04
3.9081E-05 2.0000E-04
5.3971E-05 2.0000E-04
6.6841E-05 2.0000E-04
4.9618E-05 2.0000E-04
6.2355E-05 2.0000E-04
6.9027E-05 2.0000E-04
5.5994E-05 2.0000E-04
7.7595E-05 2.0000E-04
8.0040E-05 2.0000E-04
5.6091E-05 2.0000E-04
5.0694E-05 2.0000E-04
6.4067E-05 2.0000E-04
8.0033E-05 2.0000E-04
8.9641E-05 2.0000E-04
5.7643E-05 2.0000E-04
5.7125E-05 2.0000E-04
7.2400E-05 2.0000E-04
6.7975E-05 2.0000E-04
8.9611E-05 2.0000E-04
6.9806E-05 2.0000E-04
6.3461E-05 2.0000E-04
8.9394E-05 2.0000E-04
7.7353E-05 2.0000E-04
7.5862E-05 2.0000E-04
1.0316E-04 2.0000E-04
1.9985E-04 2.0000E-04
9.9307E-05 2.0000E-04
1.3628E-04 2.0000E-04
1.6194E-04 2.0000E-04
8.8254E-05 2.0000E-04
8.7300E-05 2.0000E-04
1.0638E-04 2.0000E-04
1.9220E-04 2.0000E-04
7.7472E-05 2.0000E-04
6.6529E-05 2.0000E-04
8.5742E-05 2.0000E-04
1.6390E-04 2.0000E-04
7.4134E-05 2.0000E-04
6.3144E-05 2.0000E-04
8.9131E-05 2.0000E-04
1.3429E-04 2.0000E-04
1.2095E-04 2.0000E-04
9.8068E-05 2.0000E-04
8.8171E-05 2.0000E-04
9.7911E-05 2.0000E-04
1.5927E-04 2.0000E-04
8.6536E-05 2.0000E-04
8.6890E-05 2.0000E-04
1.0377E-04 2.0000E-04
2.6884E-04 2.0000E-04
9.4403E-05 2.0000E-04
7.1293E-05 2.0000E-04
1.1354E-04 2.0000E-04
1.5769E-04 2.0000E-04
8.7097E-05 2.0000E-04
7.9058E-05 2.0000E-04
9.8180E-05 2.0000E-04
1.4145E-04 2.0000E-04
9.5866E-05 2.0000E-04
7.9750E-05 2.0000E-04
8.1562E-05 2.0000E-04
1.4739E-04 2.0000E-04
7.2736E-05 2.0000E-04
6.1481E-05 2.0000E-04
7.5872E-05 2.0000E-04
1.1471E-04 2.0000E-04
7.2942E-05 2.0000E-04
6.6167E-05 2.0000E-04
8.4891E-05 2.0000E-04
1.0289E-04 2.0000E-04
6.5303E-05 2.0000E-04
5.7446E-05 2.0000E-04
7.2477E-05 2.0000E-04
8.1738E-05 2.0000E-04
6.9989E-05 2.0000E-04
5.7513E-05 2.0000E-04
6.5435E-05 2.0000E-04
7.0669E-05 2.0000E-04
6.1033E-05 2.0000E-04
6.0061E-05 2.0000E-04
5.8549E-05 2.0000E-04
5.6340E-05 2.0000E-04
5.9962E-05 2.0000E-04
6.0486E-05 2.0000E-04
5.1877E-05 2.0000E-04
5.0887E-05 2.0000E-04
7.0294E-05 2.0000E-04
4.8526E-05 2.0000E-04
4.2198E-05 2.0000E-04
6.1688E-05 2.0000E-04
4.7630E-05 2.0000E-04
4.6315E-05 2.0000E-04
6.3610E-05 2.0000E-04
5.7881E-05 2.0000E-04
4.6299E-05 2.0000E-04
5.8194E-05 2.0000E-04
5.5942E-05 2.0000E-04
4.8312E-05 2.0000E-04
6.2560E-05 2.0000E-04
6.0234E-05 2.0000E-04
4.6602E-05 2.0000E-04
4.8250E-05 2.0000E-04
8.1276E-05 2.0000E-04
5.2888E-05 2.0000E-04
4.4084E-05 2.0000E-04
5.0257E-05 2.0000E-04
9.4455E-05 2.0000E-04
6.2290E-05 2.0000E-04
5.2396E-05 2.0000E-04
5.9895E-05 2.0000E-04
1.1345E-04 2.0000E-04
6.6278E-05 2.0000E-04
6.5785E-05 2.0000E-04
8.3229E-05 2.0000E-04
8.0070E-05 2.0000E-04
7.2064E-05 2.0000E-04
6.9873E-05 2.0000E-04
7.2247E-05 2.0000E-04
7.3619E-05 2.0000E-04
1.0932E-04 2.0000E-04
7.2541E-05 2.0000E-04
8.5439E-05 2.0000E-04
1.1403E-04 2.0000E-04
8.8300E-05 2.0000E-04
8.8533E-05 2.0000E-04
8.9322E-05 2.0000E-04
9.6844E-05 2.0000E-04
1.0744E-04 2.0000E-04
1.0227E-04 2.0000E-04
9.0871E-05 2.0000E-04
1.0355E-04 2.0000E-04
1.2987E-04 2.0000E-04
1.2736E-04 2.0000E-04
1.0530E-04 2.0000E-04
9.4341E-05 2.0000E-04
1.1307E-04 2.0000E-04
1.3325E-04 2.0000E-04
9.2606E-05 2.0000E-04
9.4328E-05 2.0000E-04
1.1952E-04 2.0000E-04
1.1258E-04 2.0000E-04
1.0395E-04 2.0000E-04
9.3312E-05 2.0000E-04
1.0438E-04 2.0000E-04
1.6959E-04 2.0000E-04
1.0163E-04 2.0000E-04
1.0349E-04 2.0000E-04
1.7186E-04 2.0000E-04
1.3501E-04 2.0000E-04
1.0331E-04 2.0000E-04
1.0468E-04 2.0000E-04
1.4082E-04 2.0000E-04
1.3810E-04 2.0000E-04
1.2884E-04 2.0000E-04
1.2805E-04 2.0000E-04
1.5797E-04 2.0000E-04
1.4226E-04 2.0000E-04
1.4102E-04 2.0000E-04
1.8931E-04 2.0000E-04
1.7072E-04 2.0000E-04
1.4249E-04 2.0000E-04
1.8590E-04 2.0000E-04
1.6173E-04 2.0000E-04
1.5028E-04 2.0000E-04
2.1322E-04 2.0000E-04
2.2411E-04 2.0000E-04
2.2573E-04 2.0000E-04
1.5762E-04 2.0000E-04
1.4194E-04 2.0000E-04
1.4194E-04 2.0000E-04
1.5747E-04 2.0000E-04
3.2441E-04 2.0000E-04
1.5865E-04 2.0000E-04
1.4422E-04 2.0000E-04
1.7143E-04 2.0000E-04
3.4496E-04 2.0000E-04
1.4467E-04 2.0000E-04
1.3801E-04 2.0000E-04
2.0101E-04 2.0000E-04
1.8787E-04 2.0000E-04
1.4128E-04 2.0000E-04
1.5845E-04 2.0000E-04
1.7353E-04 2.0000E-04
1.4312E-04 2.0000E-04
1.8480E-04 2.0000E-04
1.5372E-04 2.0000E-04
1.3234E-04 2.0000E-04
1.6525E-04 2.0000E-04
2.0085E-04 2.0000E-04
1.7136E-04 2.0000E-04
1.8173E-04 2.0000E-04
1.3815E-04 2.0000E-04
1.2844E-04 2.0000E-04
1.8474E-04 2.0000E-04
2.2679E-04 2.0000E-04
1.3051E-04 2.0000E-04
1.3207E-04 2.0000E-04
1.5198E-04 2.0000E-04
1.6839E-04 2.0000E-04
1.3456E-04 2.0000E-04
1.1949E-04 2.0000E-04
1.2313E-04 2.0000E-04
2.2435E-04 2.0000E-04
9.8569E-05 2.0000E-04
9.5079E-05 2.0000E-04
1.2877E-04 2.0000E-04
1.7649E-04 2.0000E-04
1.2005E-04 2.0000E-04
1.0141E-04 2.0000E-04
1.1891E-04 2.0000E-04
1.9389E-04 2.0000E-04
1.1888E-04 2.0000E-04
1.0308E-04 2.0000E-04
1.2422E-04 2.0000E-04
1.7464E-04 2.0000E-04
1.1228E-04 2.0000E-04
1.1380E-04 2.0000E-04
1.4308E-04 2.0000E-04
1.3747E-04 2.0000E-04
1.1923E-04 2.0000E-04
1.1623E-04 2.0000E-04
1.3507E-04 2.0000E-04
1.5245E-04 2.0000E-04
1.3948E-04 2.0000E-04
1.1350E-04 2.0000E-04
1.3269E-04 2.0000E-04
2.1306E-04 2.0000E-04
1.2286E-04 2.0000E-04
1.2119E-04 2.0000E-04
1.6406E-04 2.0000E-04
1.6319E-04 2.0000E-04
1.8836E-04 2.0000E-04
1.3495E-04 2.0000E-04
1.4855E-04 2.0000E-04
1.9777E-04 2.0000E-04
1.5928E-04 2.0000E-04
1.8598E-04 2.0000E-04
2.4080E-04 2.0000E-04
2.0712E-04 2.0000E-04
1.7090E-04 2.0000E-04
1.7035E-04 2.0000E-04
2.0295E-04 2.0000E-04
2.1173E-04 2.0000E-04
1.6780E-04 2.0000E-04
1.6737E-04 2.0000E-04
1.9033E-04 2.0000E-04
1.8381E-04 2.0000E-04
1.7459E-04 2.0000E-04
1.4946E-04 2.0000E-04
1.5086E-04 2.0000E-04
2.6576E-04 2.0000E-04
1.4459E-04 2.0000E-04
1.2435E-04 2.0000E-04
1.3235E-04 2.0000E-04
2.4834E-04 2.0000E-04
1.1648E-04 2.0000E-04
9.7496E-05 2.0000E-04
1.1262E-04 2.0000E-04
2.3167E-04 2.0000E-04
9.7801E-05 2.0000E-04
7.8001E-05 2.0000E-04
9.4075E-05 2.0000E-04
1.9227E-04 2.0000E-04
8.3632E-05 2.0000E-04
6.7409E-05 2.0000E-04
8.9736E-05 2.0000E-04
1.3533E-04 2.0000E-04
8.2675E-05 2.0000E-04
6.8517E-05 2.0000E-04
8.8747E-05 2.0000E-04
8.9200E-05 2.0000E-04
8.8758E-05 2.0000E-04
8.0535E-05 2.0000E-04
7.8169E-05 2.0000E-04
9.0837E-05 2.0000E-04
1.1010E-04 2.0000E-04
7.1103E-05 2.0000E-04
7.2367E-05 2.0000E-04
9.0803E-05 2.0000E-04
8.8757E-05 2.0000E-04
7.1345E-05 2.0000E-04
6.7795E-05 2.0000E-04
8.0507E-05 2.0000E-04
6.9991E-05 2.0000E-04
5.8525E-05 2.0000E-04
5.9301E-05 2.0000E-04
6.3438E-05 2.0000E-04
5.0913E-05 2.0000E-04
5.1043E-05 2.0000E-04
5.7111E-05 2.0000E-04
5.6709E-05 2.0000E-04
5.9123E-05 2.0000E-04
5.4143E-05 2.0000E-04
5.1828E-05 2.0000E-04
6.4740E-05 2.0000E-04
4.6931E-05 2.0000E-04
4.5850E-05 2.0000E-04
5.8308E-05 2.0000E-04
5.5266E-05 2.0000E-04
4.2795E-05 2.0000E-04
5.0053E-05 2.0000E-04
6.5088E-05 2.0000E-04
4.4792E-05 2.0000E-04
4.8594E-05 2.0000E-04
5.2096E-05 2.0000E-04
4.2389E-05 2.0000E-04
7.3333E-05 2.0000E-04
4.1255E-05 2.0000E-04
3.6549E-05 2.0000E-04
4.3628E-05 2.0000E-04
7.5154E-05 2.0000E-04
3.5227E-05 2.0000E-04
2.6592E-05 2.0000E-04
3.4592E-05 2.0000E-04
4.6858E-05 2.0000E-04
7.1920E-05 2.0000E-04
2.5481E-05 2.0000E-04
2.4940E-05 2.0000E-04
3.2989E-05 2.0000E-04
7.1264E-05 2.0000E-04
3.2550E-05 2.0000E-04
2.5754E-05 2.0000E-04
3.2077E-05 2.0000E-04
4.6260E-05 2.0000E-04
3.7815E-05 2.0000E-04
2.7795E-05 2.0000E-04
3.5923E-05 2.0000E-04
4.1899E-05 2.0000E-04
3.3178E-05 2.0000E-04
6.0533E-05 2.0000E-04
3.1388E-05 2.0000E-04
2.8383E-05 2.0000E-04
3.2363E-05 2.0000E-04
6.3338E-05 2.0000E-04
2.9898E-05 2.0000E-04
2.3875E-05 2.0000E-04
2.9604E-05 2.0000E-04
3.9480E-05 2.0000E-04
4.2082E-05 2.0000E-04
2.3572E-05 2.0000E-04
2.6635E-05 2.0000E-04
3.0892E-05 2.0000E-04
4.2016E-05 2.0000E-04
2.5353E-05 2.0000E-04
2.2672E-05 2.0000E-04
2.7654E-05 2.0000E-04
4.2317E-05 2.0000E-04
2.2082E-05 2.0000E-04
2.0419E-05 2.0000E-04
2.5449E-05 2.0000E-04
4.0197E-05 2.0000E-04
2.3572E-05 2.0000E-04
1.9296E-05 2.0000E-04
2.2580E-05 2.0000E-04
3.4471E-05 2.0000E-04
2.3809E-05 2.0000E-04
1.9837E-05 2.0000E-04
2.6756E-05 2.0000E-04
2.2766E-05 2.0000E-04
2.1824E-05 2.0000E-04
2.9977E-05 2.0000E-04
2.1245E-05 2.0000E-04
1.8948E-05 2.0000E-04
2.5884E-05 2.0000E-04
2.4858E-05 2.0000E-04
1.9234E-05 2.0000E-04
2.1318E-05 2.0000E-04
2.5571E-05 2.0000E-04
1.9029E-05 2.0000E-04
2.1550E-05 2.0000E-04
2.6398E-05 2.0000E-04
1.9014E-05 2.0000E-04
1.8429E-05 2.0000E-04
2.3721E-05 2.0000E-04
1.9774E-05 2.0000E-04
2.6954E-05 2.0000E-04
2.4541E-05 2.0000E-04
1.8327E-05 2.0000E-04
1.7378E-05 2.0000E-04
2.6715E-05 2.0000E-04
1.8671E-05 2.0000E-04
1.7009E-05 2.0000E-04
2.3646E-05 2.0000E-04
1.8109E-05 2.0000E-04
1.7426E-05 2.0000E-04
2.6342E-05 2.0000E-04
1.7331E-05 2.0000E-04
1.5046E-05 2.0000E-04
1.7129E-05 2.0000E-04
2.0107E-05 2.0000E-04
2.1729E-05 2.0000E-04
1.6089E-05 2.0000E-04
1.5022E-05 2.0000E-04
1.7181E-05 2.0000E-04
1.4681E-05 2.0000E-04
2.0408E-05 2.0000E-04
1.4900E-05 2.0000E-04
1.3681E-05 2.0000E-04
1.6163E-05 2.0000E-04
1.6698E-05 2.0000E-04
1.3503E-05 2.0000E-04
1.3911E-05 2.0000E-04
1.6756E-05 2.0000E-04
1.3610E-05 2.0000E-04
1.4332E-05 2.0000E-04
1.4527E-05 2.0000E-04
1.2725E-05 2.0000E-04
2.1200E-05 2.0000E-04
1.2896E-05 2.0000E-04
1.2259E-05 2.0000E-04
1.5299E-05 2.0000E-04
1.8822E-05 2.0000E-04
1.3308E-05 2.0000E-04
1.2328E-05 2.0000E-04
1.8969E-05 2.0000E-04
1.3491E-05 2.0000E-04
1.1345E-05 2.0000E-04
1.6547E-05 2.0000E-04
1.3513E-05 2.0000E-04
1.2141E-05 2.0000E-04
1.7192E-05 2.0000E-04
1.3093E-05 2.0000E-04
1.1838E-05 2.0000E-04
1.5194E-05 2.0000E-04
1.7818E-05 2.0000E-04
1.1725E-05 2.0000E-04
1.2244E-05 2.0000E-04
1.4951E-05 2.0000E-04
1.2783E-05 2.0000E-04
1.6124E-05 2.0000E-04
1.1888E-05 2.0000E-04
1.1372E-05 2.0000E-04
1.5770E-05 2.0000E-04
1.2799E-05 2.0000E-04
1.0537E-05 2.0000E-04
1.2218E-05 2.0000E-04
1.4984E-05 2.0000E-04
1.1617E-05 2.0000E-04
1.2301E-05 2.0000E-04
1.4724E-05 2.0000E-04
1.2035E-05 2.0000E-04
1.5440E-05 2.0000E-04
1.7410E-05 2.0000E-04
1.2018E-05 2.0000E-04
1.0763E-05 2.0000E-04
1.4432E-05 2.0000E-04
1.2257E-05 2.0000E-04
1.6829E-05 2.0000E-04
1.1866E-05 2.0000E-04
1.1890E-05 2.0000E-04
1.7065E-05 2.0000E-04
1.2151E-05 2.0000E-04
1.1383E-05 2.0000E-04
1.7189E-05 2.0000E-04
1.5666E-05 2.0000E-04
1.2472E-05 2.0000E-04
1.6294E-05 2.0000E-04
1.8862E-05 2.0000E-04
1.4030E-05 2.0000E-04
1.3752E-05 2.0000E-04
1.9847E-05 2.0000E-04
1.6281E-05 2.0000E-04
2.0887E-05 2.0000E-04
1.9371E-05 2.0000E-04
1.4499E-05 2.0000E-04
1.4083E-05 2.0000E-04
2.2823E-05 2.0000E-04
1.7710E-05 2.0000E-04
1.7106E-05 2.0000E-04
2.2270E-05 2.0000E-04
1.7308E-05 2.0000E-04
2.3059E-05 2.0000E-04
1.9181E-05 2.0000E-04
1.6839E-05 2.0000E-04
2.2295E-05 2.0000E-04
2.8823E-05 2.0000E-04
1.9029E-05 2.0000E-04
1.6732E-05 2.0000E-04
7.1283E-04 2.0000E-04
5.2782E-04 2.0000E-04
4.1600E-04 2.0000E-04
4.6900E-04 2.0000E-04
6.3615E-04 2.0000E-04
4.8059E-04 2.0000E-04
2.1133E-04 2.0000E-04
1.6649E-04 2.0000E-04
1.8493E-04 2.0000E-04
2.2013E-04 2.0000E-04
3.5737E-04 2.0000E-04
1.9749E-04 2.0000E-04
1.3483E-04 2.0000E-04
1.8362E-04 2.0000E-04
1.5550E-04 2.0000E-04
1.4034E-04 2.0000E-04
2.5244E-04 2.0000E-04
1.4792E-04 2.0000E-04
1.3053E-04 2.0000E-04
1.5436E-04 2.0000E-04
1.9608E-04 2.0000E-04
1.1091E-04 2.0000E-04
1.1437E-04 2.0000E-04
1.3247E-04 2.0000E-04
3.1738E-04 2.0000E-04
1.0033E-04 2.0000E-04
8.4873E-05 2.0000E-04
1.0543E-04 2.0000E-04
2.0937E-04 2.0000E-04
1.0791E-04 2.0000E-04
8.5960E-05 2.0000E-04
1.0587E-04 2.0000E-04
1.8691E-04 2.0000E-04
9.3012E-05 2.0000E-04
7.7187E-05 2.0000E-04
9.9153E-05 2.0000E-04
1.4102E-04 2.0000E-04
9.2800E-05 2.0000E-04
8.2678E-05 2.0000E-04
1.0844E-04 2.0000E-04
8.7987E-05 2.0000E-04
9.1227E-05 2.0000E-04
1.0544E-04 2.0000E-04
7.5748E-05 2.0000E-04
7.7059E-05 2.0000E-04
1.0491E-04 2.0000E-04
8.0367E-05 2.0000E-04
7.6592E-05 2.0000E-04
7.9770E-05 2.0000E-04
9.0469E-05 2.0000E-04
7.4773E-05 2.0000E-04
7.7335E-05 2.0000E-04
8.0691E-05 2.0000E-04
7.5422E-05 2.0000E-04
8.2455E-05 2.0000E-04
7.8058E-05 2.0000E-04
6.8835E-05 2.0000E-04
8.5841E-05 2.0000E-04
8.5361E-05 2.0000E-04
6.5172E-05 2.0000E-04
6.8570E-05 2.0000E-04
9.3984E-05 2.0000E-04
6.6787E-05 2.0000E-04
6.0523E-05 2.0000E-04
8.7997E-05 2.0000E-04
6.4482E-05 2.0000E-04
6.7511E-05 2.0000E-04
8.4950E-05 2.0000E-04
6.0025E-05 2.0000E-04
5.2827E-05 2.0000E-04
7.3064E-05 2.0000E-04
5.6654E-05 2.0000E-04
7.1731E-05 2.0000E-04
7.1466E-05 2.0000E-04
5.4843E-05 2.0000E-04
5.9254E-05 2.0000E-04
8.1651E-05 2.0000E-04
5.6676E-05 2.0000E-04
4.7308E-05 2.0000E-04
6.3975E-05 2.0000E-04
5.2602E-05 2.0000E-04
8.2539E-05 2.0000E-04
5.8183E-05 2.0000E-04
4.3762E-05 2.0000E-04
4.7970E-05 2.0000E-04
8.8415E-05 2.0000E-04
5.0991E-05 2.0000E-04
4.2360E-05 2.0000E-04
4.8092E-05 2.0000E-04
9.5677E-05 2.0000E-04
4.0264E-05 2.0000E-04
3.8784E-05 2.0000E-04
4.7227E-05 2.0000E-04
1.0581E-04 2.0000E-04
4.5295E-05 2.0000E-04
3.6342E-05 2.0000E-04
4.6116E-05 2.0000E-04
5.5646E-05 2.0000E-04
1.0976E-04 2.0000E-04
3.5761E-05 2.0000E-04
3.2306E-05 2.0000E-04
4.5293E-05 2.0000E-04
7.2620E-05 2.0000E-04
4.7665E-05 2.0000E-04
3.3303E-05 2.0000E-04
4.6949E-05 2.0000E-04
5.8191E-05 2.0000E-04
4.8129E-05 2.0000E-04
8.3313E-05 2.0000E-04
4.3964E-05 2.0000E-04
3.9725E-05 2.0000E-04
4.7432E-05 2.0000E-04
9.3785E-05 2.0000E-04
4.2221E-05 2.0000E-04
3.2758E-05 2.0000E-04
4.5525E-05 2.0000E-04
5.5282E-05 2.0000E-04
1.0901E-04 2.0000E-04
3.6512E-05 2.0000E-04
3.5520E-05 2.0000E-04
4.8069E-05 2.0000E-04
8.0786E-05 2.0000E-04
5.1141E-05 2.0000E-04
3.8892E-05 2.0000E-04
6.0975E-05 2.0000E-04
6.7365E-05 2.0000E-04
4.9813E-05 2.0000E-04
5.7772E-05 2.0000E-04
6.6693E-05 2.0000E-04
5.6886E-05 2.0000E-04
8.2444E-05 2.0000E-04
7.1900E-05 2.0000E-04
5.3389E-05 2.0000E-04
5.4332E-05 2.0000E-04
7.2957E-05 2.0000E-04
5.7533E-05 2.0000E-04
7.7872E-05 2.0000E-04
5.7815E-05 2.0000E-04
5.4061E-05 2.0000E-04
8.2480E-05 2.0000E-04
8.6147E-05 2.0000E-04
5.8718E-05 2.0000E-04
6.6211E-05 2.0000E-04
7.9256E-05 2.0000E-04
7.1722E-05 2.0000E-04
1.2389E-04 2.0000E-04
7.0834E-05 2.0000E-04
6.4632E-05 2.0000E-04
7.8790E-05 2.0000E-04
1.2781E-04 2.0000E-04
7.3917E-05 2.0000E-04
7.0271E-05 2.0000E-04
8.5843E-05 2.0000E-04
1.2544E-04 2.0000E-04
1.0300E-04 2.0000E-04
7.4430E-05 2.0000E-04
8.7015E-05 2.0000E-04
1.1931E-04 2.0000E-04
1.1032E-04 2.0000E-04
1.5234E-04 2.0000E-04
1.2807E-04 2.0000E-04
1.0047E-04 2.0000E-04
9.0646E-05 2.0000E-04
1.2583E-04 2.0000E-04
1.9950E-04 2.0000E-04
9.9285E-05 2.0000E-04
8.9622E-05 2.0000E-04
1.1409E-04 2.0000E-04
1.8450E-04 2.0000E-04
1.0609E-04 2.0000E-04
8.3227E-05 2.0000E-04
1.0655E-04 2.0000E-04
1.4973E-04 2.0000E-04
1.1087E-04 2.0000E-04
1.0827E-04 2.0000E-04
1.0024E-04 2.0000E-04
9.8040E-05 2.0000E-04
1.7480E-04 2.0000E-04
1.0091E-04 2.0000E-04
8.9117E-05 2.0000E-04
8.1440E-05 2.0000E-04
1.1336E-04 2.0000E-04
9.1626E-05 2.0000E-04
7.0116E-05 2.0000E-04
7.5650E-05 2.0000E-04
1.1369E-04 2.0000E-04
7.5299E-05 2.0000E-04
6.9419E-05 2.0000E-04
9.6859E-05 2.0000E-04
7.3257E-05 2.0000E-04
7.8837E-05 2.0000E-04
9.4470E-05 2.0000E-04
6.7978E-05 2.0000E-04
6.2008E-05 2.0000E-04
7.3629E-05 2.0000E-04
6.2104E-05 2.0000E-04
1.1065E-04 2.0000E-04
5.9255E-05 2.0000E-04
5.3741E-05 2.0000E-04
6.9347E-05 2.0000E-04
1.1870E-04 2.0000E-04
5.3024E-05 2.0000E-04
4.6239E-05 2.0000E-04
5.7296E-05 2.0000E-04
1.0302E-04 2.0000E-04
5.3373E-05 2.0000E-04
4.1596E-05 2.0000E-04
5.2680E-05 2.0000E-04
8.6503E-05 2.0000E-04
5.3260E-05 2.0000E-04
4.5173E-05 2.0000E-04
5.6746E-05 2.0000E-04
6.9502E-05 2.0000E-04
5.4334E-05 2.0000E-04
4.6589E-05 2.0000E-04
5.9158E-05 2.0000E-04
6.0502E-05 2.0000E-04
4.7675E-05 2.0000E-04
5.9635E-05 2.0000E-04
6.3382E-05 2.0000E-04
5.1649E-05 2.0000E-04
7.1038E-05 2.0000E-04
6.9174E-05 2.0000E-04
5.2486E-05 2.0000E-04
5.7737E-05 2.0000E-04
6.9958E-05 2.0000E-04
5.7045E-05 2.0000E-04
7.8802E-05 2.0000E-04
6.4024E-05 2.0000E-04
5.9793E-05 2.0000E-04
7.1175E-05 2.0000E-04
8.4445E-05 2.0000E-04
5.9966E-05 2.0000E-04
6.7941E-05 2.0000E-04
8.7372E-05 2.0000E-04
7.4264E-05 2.0000E-04
1.3051E-04 2.0000E-04
7.5914E-05 2.0000E-04
8.2615E-05 2.0000E-04
1.0475E-04 2.0000E-04
1.1847E-04 2.0000E-04
8.8251E-05 2.0000E-04
1.0739E-04 2.0000E-04
1.0067E-04 2.0000E-04
9.0610E-05 2.0000E-04
1.2588E-04 2.0000E-04
1.1759E-04 2.0000E-04
1.0445E-04 2.0000E-04
1.3933E-04 2.0000E-04
9.1135E-05 2.0000E-04
8.3393E-05 2.0000E-04
1.0592E-04 2.0000E-04
1.4785E-04 2.0000E-04
9.0983E-05 2.0000E-04
8.7805E-05 2.0000E-04
1.0644E-04 2.0000E-04
1.5386E-04 2.0000E-04
9.6279E-05 2.0000E-04
8.9860E-05 2.0000E-04
1.1125E-04 2.0000E-04
1.8682E-04 2.0000E-04
1.3396E-04 2.0000E-04
1.4778E-04 2.0000E-04
9.8514E-05 2.0000E-04
1.0224E-04 2.0000E-04
1.2829E-04 2.0000E-04
1.5601E-04 2.0000E-04
1.3204E-04 2.0000E-04
1.1174E-04 2.0000E-04
1.3444E-04 2.0000E-04
1.6614E-04 2.0000E-04
1.2180E-04 2.0000E-04
1.3372E-04 2.0000E-04
1.6115E-04 2.0000E-04
1.6073E-04 2.0000E-04
2.1952E-04 2.0000E-04
1.8989E-04 2.0000E-04
1.3877E-04 2.0000E-04
1.2074E-04 2.0000E-04
2.1084E-04 2.0000E-04
2.3344E-04 2.0000E-04
1.6543E-04 2.0000E-04
1.6291E-04 2.0000E-04
1.8406E-04 2.0000E-04
1.5875E-04 2.0000E-04
2.2267E-04 2.0000E-04
2.7519E-04 2.0000E-04
2.0419E-04 2.0000E-04
1.3369E-04 2.0000E-04
1.3789E-04 2.0000E-04
2.1732E-04 2.0000E-04
1.8051E-04 2.0000E-04
1.4349E-04 2.0000E-04
1.7823E-04 2.0000E-04
1.6785E-04 2.0000E-04
1.3988E-04 2.0000E-04
1.7195E-04 2.0000E-04
1.5564E-04 2.0000E-04
1.4405E-04 2.0000E-04
2.2683E-04 2.0000E-04
1.5164E-04 2.0000E-04
1.6004E-04 2.0000E-04
1.6696E-04 2.0000E-04
2.1650E-04 2.0000E-04
1.6063E-04 2.0000E-04
1.7722E-04 2.0000E-04
1.9280E-04 2.0000E-04
1.4919E-04 2.0000E-04
1.9742E-04 2.0000E-04
1.7962E-04 2.0000E-04
1.4809E-04 2.0000E-04
2.3558E-04 2.0000E-04
2.3506E-04 2.0000E-04
1.3564E-04 2.0000E-04
1.2237E-04 2.0000E-04
1.8031E-04 2.0000E-04
1.4044E-04 2.0000E-04
1.7089E-04 2.0000E-04
1.4360E-04 2.0000E-04
1.2057E-04 2.0000E-04
1.5489E-04 2.0000E-04
1.5806E-04 2.0000E-04
1.2440E-04 2.0000E-04
1.3145E-04 2.0000E-04
1.8017E-04 2.0000E-04
1.2270E-04 2.0000E-04
1.1296E-04 2.0000E-04
1.4930E-04 2.0000E-04
1.1801E-04 2.0000E-04
1.8266E-04 2.0000E-04
1.1875E-04 2.0000E-04
1.0463E-04 2.0000E-04
1.4386E-04 2.0000E-04
1.9753E-04 2.0000E-04
1.1081E-04 2.0000E-04
9.7085E-05 2.0000E-04
1.1766E-04 2.0000E-04
2.2225E-04 2.0000E-04
1.2090E-04 2.0000E-04
1.0459E-04 2.0000E-04
1.3548E-04 2.0000E-04
2.4486E-04 2.0000E-04
1.2849E-04 2.0000E-04
1.1590E-04 2.0000E-04
1.4021E-04 2.0000E-04
2.1601E-04 2.0000E-04
1.3825E-04 2.0000E-04
1.2968E-04 2.0000E-04
1.7541E-04 2.0000E-04
2.5860E-04 2.0000E-04
1.5874E-04 2.0000E-04
1.5811E-04 2.0000E-04
2.0484E-04 2.0000E-04
1.9863E-04 2.0000E-04
2.2977E-04 2.0000E-04
1.6229E-04 2.0000E-04
1.6545E-04 2.0000E-04
2.3865E-04 2.0000E-04
2.0156E-04 2.0000E-04
1.8304E-04 2.0000E-04
1.9384E-04 2.0000E-04
2.0952E-04 2.0000E-04
1.9022E-04 2.0000E-04
1.7996E-04 2.0000E-04
1.4663E-04 2.0000E-04
1.3173E-04 2.0000E-04
2.5286E-04 2.0000E-04
1.2670E-04 2.0000E-04
1.0740E-04 2.0000E-04
1.3114E-04 2.0000E-04
2.4216E-04 2.0000E-04
1.1496E-04 2.0000E-04
8.7372E-05 2.0000E-04
9.9250E-05 2.0000E-04
2.2036E-04 2.0000E-04
8.7662E-05 2.0000E-04
7.0528E-05 2.0000E-04
9.2815E-05 2.0000E-04
1.4023E-04 2.0000E-04
7.8583E-05 2.0000E-04
6.8728E-05 2.0000E-04
8.7347E-05 2.0000E-04
9.9837E-05 2.0000E-04
1.0153E-04 2.0000E-04
6.9489E-05 2.0000E-04
7.3946E-05 2.0000E-04
9.9193E-05 2.0000E-04
8.4234E-05 2.0000E-04
7.1041E-05 2.0000E-04
7.4897E-05 2.0000E-04
9.3060E-05 2.0000E-04
7.5920E-05 2.0000E-04
7.2952E-05 2.0000E-04
6.9998E-05 2.0000E-04
6.9393E-05 2.0000E-04
7.8052E-05 2.0000E-04
7.2531E-05 2.0000E-04
6.1000E-05 2.0000E-04
6.2719E-05 2.0000E-04
8.8380E-05 2.0000E-04
5.7157E-05 2.0000E-04
4.9713E-05 2.0000E-04
6.2698E-05 2.0000E-04
5.5614E-05 2.0000E-04
5.9543E-05 2.0000E-04
4.6405E-05 2.0000E-04
4.5251E-05 2.0000E-04
6.7571E-05 2.0000E-04
4.5771E-05 2.0000E-04
4.2936E-05 2.0000E-04
5.5833E-05 2.0000E-04
7.2132E-05 2.0000E-04
4.1803E-05 2.0000E-04
3.9446E-05 2.0000E-04
4.4423E-05 2.0000E-04
6.9576E-05 2.0000E-04
5.0598E-05 2.0000E-04
3.9639E-05 2.0000E-04
4.4104E-05 2.0000E-04
6.7514E-05 2.0000E-04
4.2049E-05 2.0000E-04
3.7967E-05 2.0000E-04
4.7390E-05 2.0000E-04
4.3188E-05 2.0000E-04
7.9672E-05 2.0000E-04
3.4332E-05 2.0000E-04
3.0805E-05 2.0000E-04
3.7230E-05 2.0000E-04
8.8604E-05 2.0000E-04
3.6086E-05 2.0000E-04
2.9203E-05 2.0000E-04
3.6431E-05 2.0000E-04
5.0826E-05 2.0000E-04
4.0697E-05 2.0000E-04
3.3143E-05 2.0000E-04
3.9776E-05 2.0000E-04
4.0435E-05 2.0000E-04
3.5697E-05 2.0000E-04
6.4849E-05 2.0000E-04
3.3570E-05 2.0000E-04
3.2066E-05 2.0000E-04
3.8567E-05 2.0000E-04
6.7033E-05 2.0000E-04
3.5797E-05 2.0000E-04
2.9618E-05 2.0000E-04
3.6166E-05 2.0000E-04
5.9762E-05 2.0000E-04
3.7222E-05 2.0000E-04
3.1819E-05 2.0000E-04
4.1840E-05 2.0000E-04
4.5632E-05 2.0000E-04
3.3915E-05 2.0000E-04
3.9015E-05 2.0000E-04
3.8119E-05 2.0000E-04
3.6006E-05 2.0000E-04
6.4216E-05 2.0000E-04
3.6646E-05 2.0000E-04
2.8241E-05 2.0000E-04
2.9514E-05 2.0000E-04
5.5339E-05 2.0000E-04
3.3608E-05 2.0000E-04
2.4622E-05 2.0000E-04
2.9650E-05 2.0000E-04
3.5413E-05 2.0000E-04
3.2895E-05 2.0000E-04
2.4713E-05 2.0000E-04
7.1283E-04 2.0000E-04
5.2782E-04 2.0000E-04
4.1600E-04 2.0000E-04
4.6900E-04 2.0000E-04
6.3615E-04 2.0000E-04
4.8059E-04 2.0000E-04
2.1133E-04 2.0000E-04
1.6649E-04 2.0000E-04
1.8493E-04 2.0000E-04
2.2013E-04 2.0000E-04
3.5737E-04 2.0000E-04
1.9749E-04 2.0000E-04
1.3483E-04 2.0000E-04
1.8362E-04 2.0000E-04
1.5550E-04 2.0000E-04
1.4034E-04 2.0000E-04
2.5244E-04 2.0000E-04
1.4792E-04 2.0000E-04
1.3053E-04 2.0000E-04
1.5436E-04 2.0000E-04
1.9608E-04 2.0000E-04
1.1091E-04 2.0000E-04
1.1437E-04 2.0000E-04
1.3247E-04 2.0000E-04
3.1738E-04 2.0000E-04
1.0033E-04 2.0000E-04
8.4873E-05 2.0000E-04
1.0543E-04 2.0000E-04
2.0937E-04 2.0000E-04
1.0791E-04 2.0000E-04
8.5960E-05 2.0000E-04
1.0587E-04 2.0000E-04
1.8691E-04 2.0000E-04
9.3012E-05 2.0000E-04
7.7187E-05 2.0000E-04
9.9153E-05 2.0000E-04
1.4102E-04 2.0000E-04
9.2800E-05 2.0000E-04
8.2678E-05 2.0000E-04
1.0844E-04 2.0000E-04
8.7987E-05 2.0000E-04
9.1227E-05 2.0000E-04
1.0544E-04 2.0000E-04
7.5748E-05 2.0000E-04
7.7058E-05 2.0000E-04
1.0491E-04 2.0000E-04
8.0368E-05 2.0000E-04
7.6592E-05 2.0000E-04
7.9770E-05 2.0000E-04
9.0471E-05 2.0000E-04
7.4773E-05 2.0000E-04
7.7334E-05 2.0000E-04
8.0694E-05 2.0000E-04
7.5422E-05 2.0000E-04
8.2450E-05 2.0000E-04
7.8064E-05 2.0000E-04
6.8836E-05 2.0000E-04
8.5828E-05 2.0000E-04
8.5368E-05 2.0000E-04
6.5174E-05 2.0000E-04
6.8568E-05 2.0000E-04
9.3972E-05 2.0000E-04
6.6788E-05 2.0000E-04
6.0533E-05 2.0000E-04
8.8028E-05 2.0000E-04
6.4487E-05 2.0000E-04
6.7432E-05 2.0000E-04
8.4950E-05 2.0000E-04
6.0050E-05 2.0000E-04
5.2857E-05 2.0000E-04
7.3149E-05 2.0000E-04
5.6689E-05 2.0000E-04
7.1550E-05 2.0000E-04
7.1779E-05 2.0000E-04
5.4920E-05 2.0000E-04
5.8833E-05 2.0000E-04
8.1595E-05 2.0000E-04
5.6793E-05 2.0000E-04
4.7439E-05 2.0000E-04
6.4267E-05 2.0000E-04
5.2811E-05 2.0000E-04
8.2476E-05 2.0000E-04
5.9054E-05 2.0000E-04
4.3840E-05 2.0000E-04
4.7077E-05 2.0000E-04
8.7200E-05 2.0000E-04
5.1286E-05 2.0000E-04
4.2641E-05 2.0000E-04
4.8689E-05 2.0000E-04
8.5367E-05 2.0000E-04
4.1382E-05 2.0000E-04
4.0782E-05 2.0000E-04
4.8261E-05 2.0000E-04
1.1111E-04 2.0000E-04
4.4525E-05 2.0000E-04
3.5849E-05 2.0000E-04
4.5765E-05 2.0000E-04
5.3380E-05 2.0000E-04
6.6339E-05 2.0000E-04
3.5999E-05 2.0000E-04
3.8776E-05 2.0000E-04
5.3597E-05 2.0000E-04
6.7362E-05 2.0000E-04
4.2072E-05 2.0000E-04
3.7201E-05 2.0000E-04
4.6450E-05 2.0000E-04
6.7970E-05 2.0000E-04
4.1486E-05 2.0000E-04
3.9536E-05 2.0000E-04
5.0646E-05 2.0000E-04
6.5428E-05 2.0000E-04
4.0924E-05 2.0000E-04
3.7620E-05 2.0000E-04
4.7768E-05 2.0000E-04
5.7084E-05 2.0000E-04
4.7534E-05 2.0000E-04
4.2736E-05 2.0000E-04
4.8686E-05 2.0000E-04
4.9558E-05 2.0000E-04
4.8778E-05 2.0000E-04
5.3121E-05 2.0000E-04
4.8261E-05 2.0000E-04
5.1938E-05 2.0000E-04
6.2821E-05 2.0000E-04
4.5976E-05 2.0000E-04
4.8238E-05 2.0000E-04
6.1579E-05 2.0000E-04
5.3437E-05 2.0000E-04
5.1760E-05 2.0000E-04
5.4251E-05 2.0000E-04
5.9301E-05 2.0000E-04
5.4268E-05 2.0000E-04
6.0153E-05 2.0000E-04
5.5834E-05 2.0000E-04
5.2721E-05 2.0000E-04
7.3153E-05 2.0000E-04
5.9897E-05 2.0000E-04
5.5327E-05 2.0000E-04
7.3472E-05 2.0000E-04
7.6197E-05 2.0000E-04
5.9887E-05 2.0000E-04
6.7874E-05 2.0000E-04
9.5612E-05 2.0000E-04
7.7374E-05 2.0000E-04
9.9115E-05 2.0000E-04
6.9819E-05 2.0000E-04
6.5039E-05 2.0000E-04
8.9370E-05 2.0000E-04
1.2815E-04 2.0000E-04
7.5067E-05 2.0000E-04
7.1647E-05 2.0000E-04
8.5840E-05 2.0000E-04
1.5498E-04 2.0000E-04
8.3409E-05 2.0000E-04
8.8590E-05 2.0000E-04
1.2366E-04 2.0000E-04
1.0248E-04 2.0000E-04
9.8739E-05 2.0000E-04
1.1335E-04 2.0000E-04
1.1026E-04 2.0000E-04
9.4306E-05 2.0000E-04
1.4536E-04 2.0000E-04
1.2713E-04 2.0000E-04
9.9700E-05 2.0000E-04
1.1580E-04 2.0000E-04
1.7052E-04 2.0000E-04
1.0001E-04 2.0000E-04
8.5729E-05 2.0000E-04
1.0363E-04 2.0000E-04
1.0311E-04 2.0000E-04
1.4527E-04 2.0000E-04
9.2371E-05 2.0000E-04
8.3524E-05 2.0000E-04
1.2008E-04 2.0000E-04
1.0960E-04 2.0000E-04
8.4474E-05 2.0000E-04
9.4344E-05 2.0000E-04
1.1334E-04 2.0000E-04
9.1570E-05 2.0000E-04
1.0036E-04 2.0000E-04
6.9662E-05 2.0000E-04
7.3423E-05 2.0000E-04
1.1860E-04 2.0000E-04
7.5582E-05 2.0000E-04
6.6396E-05 2.0000E-04
8.4613E-05 2.0000E-04
1.2109E-04 2.0000E-04
6.8557E-05 2.0000E-04
6.1302E-05 2.0000E-04
7.4738E-05 2.0000E-04
1.2747E-04 2.0000E-04
6.0224E-05 2.0000E-04
5.5807E-05 2.0000E-04
6.9863E-05 2.0000E-04
1.4340E-04 2.0000E-04
6.3209E-05 2.0000E-04
4.9673E-05 2.0000E-04
6.2522E-05 2.0000E-04
1.0832E-04 2.0000E-04
5.6840E-05 2.0000E-04
4.7559E-05 2.0000E-04
5.9907E-05 2.0000E-04
9.6191E-05 2.0000E-04
5.1381E-05 2.0000E-04
4.5676E-05 2.0000E-04
5.5102E-05 2.0000E-04
9.4289E-05 2.0000E-04
4.9183E-05 2.0000E-04
4.5289E-05 2.0000E-04
5.4371E-05 2.0000E-04
1.0001E-04 2.0000E-04
5.1738E-05 2.0000E-04
4.4811E-05 2.0000E-04
6.3923E-05 2.0000E-04
6.1590E-05 2.0000E-04
5.1659E-05 2.0000E-04
5.9946E-05 2.0000E-04
5.3866E-05 2.0000E-04
5.3428E-05 2.0000E-04
7.8934E-05 2.0000E-04
5.3606E-05 2.0000E-04
4.7817E-05 2.0000E-04
5.7282E-05 2.0000E-04
1.0120E-04 2.0000E-04
5.4688E-05 2.0000E-04
4.9261E-05 2.0000E-04
5.8469E-05 2.0000E-04
1.1465E-04 2.0000E-04
5.5755E-05 2.0000E-04
5.1309E-05 2.0000E-04
7.4697E-05 2.0000E-04
9.2883E-05 2.0000E-04
6.7772E-05 2.0000E-04
8.0635E-05 2.0000E-04
8.6643E-05 2.0000E-04
7.8813E-05 2.0000E-04
1.2761E-04 2.0000E-04
9.5748E-05 2.0000E-04
8.8512E-05 2.0000E-04
9.5597E-05 2.0000E-04
9.8307E-05 2.0000E-04
8.5459E-05 2.0000E-04
1.2150E-04 2.0000E-04
1.1646E-04 2.0000E-04
8.9046E-05 2.0000E-04
9.9327E-05 2.0000E-04
1.1207E-04 2.0000E-04
8.7038E-05 2.0000E-04
1.4009E-04 2.0000E-04
1.7099E-04 2.0000E-04
9.7378E-05 2.0000E-04
7.3867E-05 2.0000E-04
9.1707E-05 2.0000E-04
1.5676E-04 2.0000E-04
1.0978E-04 2.0000E-04
8.3982E-05 2.0000E-04
9.8464E-05 2.0000E-04
1.4753E-04 2.0000E-04
9.6203E-05 2.0000E-04
9.1796E-05 2.0000E-04
1.2374E-04 2.0000E-04
1.0589E-04 2.0000E-04
2.0937E-04 2.0000E-04
9.8333E-05 2.0000E-04
1.1155E-04 2.0000E-04
1.7597E-04 2.0000E-04
1.4447E-04 2.0000E-04
1.2580E-04 2.0000E-04
1.2437E-04 2.0000E-04
1.5552E-04 2.0000E-04
1.6033E-04 2.0000E-04
1.1715E-04 2.0000E-04
1.2663E-04 2.0000E-04
1.7533E-04 2.0000E-04
1.9997E-04 2.0000E-04
1.3154E-04 2.0000E-04
1.7036E-04 2.0000E-04
1.6081E-04 2.0000E-04
1.7020E-04 2.0000E-04
2.2670E-04 2.0000E-04
1.6936E-04 2.0000E-04
1.6351E-04 2.0000E-04
1.5716E-04 2.0000E-04
1.9962E-04 2.0000E-04
1.7116E-04 2.0000E-04
1.6664E-04 2.0000E-04
1.7397E-04 2.0000E-04
1.8046E-04 2.0000E-04
1.8277E-04 2.0000E-04
2.1445E-04 2.0000E-04
1.4897E-04 2.0000E-04
1.4405E-04 2.0000E-04
1.6959E-04 2.0000E-04
1.6016E-04 2.0000E-04
1.4391E-04 2.0000E-04
1.5090E-04 2.0000E-04
1.7366E-04 2.0000E-04
1.5963E-04 2.0000E-04
1.6989E-04 2.0000E-04
1.5907E-04 2.0000E-04
1.9017E-04 2.0000E-04
1.4622E-04 2.0000E-04
1.7628E-04 2.0000E-04
1.6832E-04 2.0000E-04
1.5439E-04 2.0000E-04
1.6839E-04 2.0000E-04
2.2663E-04 2.0000E-04
1.5080E-04 2.0000E-04
1.7341E-04 2.0000E-04
1.8499E-04 2.0000E-04
1.4726E-04 2.0000E-04
1.7209E-04 2.0000E-04
1.7572E-04 2.0000E-04
1.3353E-04 2.0000E-04
1.7433E-04 2.0000E-04
1.5885E-04 2.0000E-04
1.2281E-04 2.0000E-04
1.3196E-04 2.0000E-04
1.8565E-04 2.0000E-04
1.3854E-04 2.0000E-04
1.5361E-04 2.0000E-04
1.3544E-04 2.0000E-04
1.1559E-04 2.0000E-04
1.5286E-04 2.0000E-04
1.8978E-04 2.0000E-04
1.1452E-04 2.0000E-04
1.0221E-04 2.0000E-04
1.1395E-04 2.0000E-04
3.3664E-04 2.0000E-04
9.9719E-05 2.0000E-04
8.1362E-05 2.0000E-04
1.1093E-04 2.0000E-04
1.8623E-04 2.0000E-04
1.1703E-04 2.0000E-04
9.6544E-05 2.0000E-04
1.5022E-04 2.0000E-04
1.5495E-04 2.0000E-04
1.2620E-04 2.0000E-04
1.6799E-04 2.0000E-04
1.3764E-04 2.0000E-04
1.2781E-04 2.0000E-04
1.6381E-04 2.0000E-04
2.4470E-04 2.0000E-04
1.4635E-04 2.0000E-04
1.3240E-04 2.0000E-04
1.6569E-04 2.0000E-04
2.1082E-04 2.0000E-04
1.8807E-04 2.0000E-04
1.4589E-04 2.0000E-04
1.7460E-04 2.0000E-04
2.2724E-04 2.0000E-04
1.7343E-04 2.0000E-04
2.1076E-04 2.0000E-04
2.7574E-04 2.0000E-04
2.0057E-04 2.0000E-04
1.6986E-04 2.0000E-04
1.5950E-04 2.0000E-04
2.1115E-04 2.0000E-04
2.8831E-04 2.0000E-04
1.5685E-04 2.0000E-04
1.5342E-04 2.0000E-04
1.6694E-04 2.0000E-04
2.6708E-04 2.0000E-04
1.5727E-04 2.0000E-04
1.2430E-04 2.0000E-04
1.3046E-04 2.0000E-04
2.8222E-04 2.0000E-04
1.2053E-04 2.0000E-04
9.8404E-05 2.0000E-04
1.1108E-04 2.0000E-04
2.1070E-04 2.0000E-04
9.6695E-05 2.0000E-04
7.8515E-05 2.0000E-04
1.3775E-04 2.0000E-04
1.0585E-04 2.0000E-04
7.3706E-05 2.0000E-04
8.6497E-05 2.0000E-04
1.1094E-04 2.0000E-04
8.1328E-05 2.0000E-04
7.9617E-05 2.0000E-04
1.0608E-04 2.0000E-04
7.8731E-05 2.0000E-04
7.6462E-05 2.0000E-04
1.0451E-04 2.0000E-04
7.9889E-05 2.0000E-04
9.0451E-05 2.0000E-04
1.0086E-04 2.0000E-04
7.7398E-05 2.0000E-04
7.7861E-05 2.0000E-04
1.0506E-04 2.0000E-04
7.6243E-05 2.0000E-04
7.2552E-05 2.0000E-04
7.8386E-05 2.0000E-04
6.8403E-05 2.0000E-04
1.1504E-04 2.0000E-04
5.7715E-05 2.0000E-04
5.3333E-05 2.0000E-04
6.7460E-05 2.0000E-04
1.1969E-04 2.0000E-04
5.4776E-05 2.0000E-04
4.2776E-05 2.0000E-04
5.3839E-05 2.0000E-04
9.3964E-05 2.0000E-04
4.8896E-05 2.0000E-04
4.1292E-05 2.0000E-04
5.1276E-05 2.0000E-04
8.6199E-05 2.0000E-04
4.4689E-05 2.0000E-04
3.9493E-05 2.0000E-04
4.7676E-05 2.0000E-04
8.3024E-05 2.0000E-04
4.2309E-05 2.0000E-04
3.7178E-05 2.0000E-04
4.6867E-05 2.0000E-04
7.2802E-05 2.0000E-04
4.3300E-05 2.0000E-04
3.5457E-05 2.0000E-04
4.9083E-05 2.0000E-04
5.7868E-05 2.0000E-04
4.1775E-05 2.0000E-04
4.1611E-05 2.0000E-04
4.6052E-05 2.0000E-04
4.5447E-05 2.0000E-04
6.4016E-05 2.0000E-04
3.5060E-05 2.0000E-04
3.5972E-05 2.0000E-04
4.2103E-05 2.0000E-04
8.0244E-05 2.0000E-04
3.2466E-05 2.0000E-04
2.8221E-05 2.0000E-04
3.5348E-05 2.0000E-04
4.8817E-05 2.0000E-04
6.8105E-05 2.0000E-04
2.8777E-05 2.0000E-04
3.1405E-05 2.0000E-04
3.9308E-05 2.0000E-04
7.4214E-05 2.0000E-04
3.4893E-05 2.0000E-04
2.8052E-05 2.0000E-04
3.6339E-05 2.0000E-04
5.2084E-05 2.0000E-04
3.8524E-05 2.0000E-04
3.4611E-05 2.0000E-04
4.7156E-05 2.0000E-04
3.7724E-05 2.0000E-04
3.6891E-05 2.0000E-04
4.8487E-05 2.0000E-04
3.9785E-05 2.0000E-04
3.5334E-05 2.0000E-04
4.7153E-05 2.0000E-04
4.0633E-05 2.0000E-04
3.4490E-05 2.0000E-04
4.2473E-05 2.0000E-04
5.1649E-05 2.0000E-04
3.5728E-05 2.0000E-04
3.3714E-05 2.0000E-04
4.0265E-05 2.0000E-04
3.1894E-05 2.0000E-04
4.8335E-05 2.0000E-04
3.2390E-05 2.0000E-04
2.7790E-05 2.0000E-04
3.0775E-05 2.0000E-04
4.2131E-05 2.0000E-04
4.2131E-05 2.0000E-04
2.9624E-05 2.0000E-04
3.5134E-05 2.0000E-04
2.7801E-05 2.0000E-04
2.6242E-05 2.0000E-04
2.9953E-05 2.0000E-04
4.6005E-05 2.0000E-04
2.3241E-05 2.0000E-04
2.1432E-05 2.0000E-04
2.7329E-05 2.0000E-04
3.8234E-05 2.0000E-04
2.5341E-05 2.0000E-04
2.0072E-05 2.0000E-04
2.7116E-05 2.0000E-04
3.5723E-05 2.0000E-04
2.2222E-05 2.0000E-04
2.0027E-05 2.0000E-04
2.8162E-05 2.0000E-04
2.6579E-05 2.0000E-04
5.3287E-05 2.0000E-04
1.9271E-05 2.0000E-04
1.7452E-05 2.0000E-04
2.1320E-05 2.0000E-04
4.5807E-05 2.0000E-04
2.1057E-05 2.0000E-04
1.7290E-05 2.0000E-04
2.1592E-05 2.0000E-04
2.8130E-05 2.0000E-04
2.7471E-05 2.0000E-04
1.5655E-05 2.0000E-04
1.8565E-05 2.0000E-04
2.1286E-05 2.0000E-04
2.8179E-05 2.0000E-04
1.8736E-05 2.0000E-04
1.8217E-05 2.0000E-04
1.9461E-05 2.0000E-04
3.3519E-05 2.0000E-04
1.7874E-05 2.0000E-04
1.5982E-05 2.0000E-04
1.7247E-05 2.0000E-04
3.1484E-05 2.0000E-04
1.8840E-05 2.0000E-04
1.3893E-05 2.0000E-04
1.6087E-05 2.0000E-04
2.4957E-05 2.0000E-04
1.7951E-05 2.0000E-04
1.7158E-05 2.0000E-04
1.8271E-05 2.0000E-04
1.6344E-05 2.0000E-04
2.3193E-05 2.0000E-04
2.1095E-05 2.0000E-04
1.4362E-05 2.0000E-04
1.2713E-05 2.0000E-04
1.6201E-05 2.0000E-04
2.9197E-05 2.0000E-04
1.3223E-05 2.0000E-04
1.2312E-05 2.0000E-04
1.4564E-05 2.0000E-04
3.1097E-05 2.0000E-04
1.4208E-05 2.0000E-04
1.1652E-05 2.0000E-04
1.4636E-05 2.0000E-04
2.5072E-05 2.0000E-04
1.3955E-05 2.0000E-04
1.1387E-05 2.0000E-04
1.6184E-05 2.0000E-04
2.2008E-05 2.0000E-04
1.3767E-05 2.0000E-04
1.2485E-05 2.0000E-04
1.6868E-05 2.0000E-04
1.4574E-05 2.0000E-04
2.2963E-05 2.0000E-04
1.3598E-05 2.0000E-04
1.1760E-05 2.0000E-04
1.4163E-05 2.0000E-04
2.7023E-05 2.0000E-04
1.2551E-05 2.0000E-04
1.0453E-05 2.0000E-04
1.2565E-05 2.0000E-04
2.2781E-05 2.0000E-04
1.1959E-05 2.0000E-04
9.3292E-06 2.0000E-04
1.2967E-05 2.0000E-04
1.9389E-05 2.0000E-04
1.1929E-05 2.0000E-04
9.8029E-06 2.0000E-04
1.2742E-05 2.0000E-04
1.3351E-05 2.0000E-04
1.6995E-05 2.0000E-04
1.0532E-05 2.0000E-04
1.0613E-05 2.0000E-04
1.1948E-05 2.0000E-04
2.0355E-05 2.0000E-04
9.7221E-06 2.0000E-04
9.4590E-06 2.0000E-04
1.1369E-05 2.0000E-04
2.5726E-05 2.0000E-04
1.0654E-05 2.0000E-04
