Max Step   Target
7.7789E-03 1.8000E-03
5.8476E-03 1.8000E-03
2.3537E-02 1.8000E-03
3.2629E-02 1.8000E-03
1.7348E-02 1.8000E-03
9.2742E-03 1.8000E-03
7.7123E-03 1.8000E-03
1.3317E-02 1.8000E-03
2.3929E-03 1.8000E-03
1.9085E-03 1.8000E-03
4.5993E-03 1.8000E-03
7.5762E-03 1.8000E-03
8.6451E-03 1.8000E-03
1.8858E-03 1.8000E-03
3.2557E-03 1.8000E-03
4.6653E-03 1.8000E-03
1.0029E-02 1.8000E-03
1.7270E-03 1.8000E-03
9.2162E-04 1.8000E-03
2.6277E-03 1.8000E-03
4.6748E-03 1.8000E-03
2.2478E-03 1.8000E-03
1.5412E-03 1.8000E-03
2.4935E-03 1.8000E-03
3.7753E-03 1.8000E-03
1.7930E-03 1.8000E-03
8.9055E-04 1.8000E-03
8.9055E-04 1.8000E-03
