RMS Step   Target
2.2222E-03 1.2000E-03
1.6480E-03 1.2000E-03
6.1981E-03 1.2000E-03
7.9311E-03 1.2000E-03
4.5104E-03 1.2000E-03
2.4730E-03 1.2000E-03
2.1042E-03 1.2000E-03
3.5952E-03 1.2000E-03
8.0491E-04 1.2000E-03
6.3269E-04 1.2000E-03
1.5157E-03 1.2000E-03
2.7348E-03 1.2000E-03
3.2415E-03 1.2000E-03
6.6226E-04 1.2000E-03
1.0431E-03 1.2000E-03
1.6130E-03 1.2000E-03
3.6045E-03 1.2000E-03
5.8922E-04 1.2000E-03
3.8375E-04 1.2000E-03
1.0656E-03 1.2000E-03
1.7547E-03 1.2000E-03
8.2412E-04 1.2000E-03
5.3545E-04 1.2000E-03
8.7595E-04 1.2000E-03
1.3274E-03 1.2000E-03
6.3835E-04 1.2000E-03
2.8392E-04 1.2000E-03
2.8392E-04 1.2000E-03
