527.2
123.7
125.4
125.2
544.4
1118.7
475.0
128.1
124.1
127.2
124.0
124.7
157.9
157.3
119.1
157.4
158.4
120.0
180.5
152.8
152.4
163.6
160.2
118.9
159.4
153.6
125.6
119.4
157.8
125.9
153.5
159.6
126.2
124.8
177.9
125.6
158.2
159.5
125.9
153.1
153.3
143.9
153.3
160.9
121.0
159.6
180.5
125.6
160.2
152.6
115.5
162.0
160.4
109.0
159.3
158.6
135.0
159.3
159.8
106.1
160.9
159.9
109.2
160.7
155.1
109.7
155.2
160.5
105.0
141.6
163.7
111.3
155.3
144.4
112.0
161.3
149.7
113.7
170.3
149.6
157.9
156.4
160.8
163.6
144.5
156.6
114.6
169.8
