RMS Step   Target
2.8222E-04 8.0000E-04
1.1117E-03 8.0000E-04
1.0960E-03 8.0000E-04
3.3857E-03 8.0000E-04
2.1340E-03 8.0000E-04
5.3730E-04 8.0000E-04
4.0417E-04 8.0000E-04
3.9742E-04 8.0000E-04
1.6163E-03 8.0000E-04
2.1559E-03 8.0000E-04
3.3772E-04 8.0000E-04
6.3090E-04 8.0000E-04
6.5166E-04 8.0000E-04
1.8952E-03 8.0000E-04
1.0567E-03 8.0000E-04
3.4645E-04 8.0000E-04
1.2106E-03 8.0000E-04
1.8876E-03 8.0000E-04
4.3650E-04 8.0000E-04
5.9847E-04 8.0000E-04
6.7607E-04 8.0000E-04
1.3721E-03 8.0000E-04
2.3762E-03 8.0000E-04
2.3657E-04 8.0000E-04
2.9892E-04 8.0000E-04
6.1581E-04 8.0000E-04
1.4609E-03 8.0000E-04
1.6151E-03 8.0000E-04
3.7170E-04 8.0000E-04
9.7585E-04 8.0000E-04
1.1507E-03 8.0000E-04
6.6112E-04 8.0000E-04
1.2788E-03 8.0000E-04
6.2683E-04 8.0000E-04
8.3421E-04 8.0000E-04
2.3116E-03 8.0000E-04
4.7651E-04 8.0000E-04
1.9092E-04 8.0000E-04
8.6023E-04 8.0000E-04
1.5934E-03 8.0000E-04
4.9050E-04 8.0000E-04
5.1154E-04 8.0000E-04
8.8034E-04 8.0000E-04
1.0340E-03 8.0000E-04
1.2988E-03 8.0000E-04
7.7805E-04 8.0000E-04
6.2862E-04 8.0000E-04
8.2524E-04 8.0000E-04
1.3797E-03 8.0000E-04
3.8253E-04 8.0000E-04
7.0508E-04 8.0000E-04
7.3816E-04 8.0000E-04
1.8465E-03 8.0000E-04
6.9761E-04 8.0000E-04
1.9947E-04 8.0000E-04
6.6246E-04 8.0000E-04
1.2097E-03 8.0000E-04
1.0629E-03 8.0000E-04
8.5975E-04 8.0000E-04
8.6391E-04 8.0000E-04
8.2796E-04 8.0000E-04
7.1952E-04 8.0000E-04
1.5036E-03 8.0000E-04
3.3976E-04 8.0000E-04
2.2714E-04 8.0000E-04
1.1053E-03 8.0000E-04
1.3655E-03 8.0000E-04
1.5148E-04 8.0000E-04
4.4999E-04 8.0000E-04
7.5784E-04 8.0000E-04
1.1763E-03 8.0000E-04
2.1291E-03 8.0000E-04
1.6281E-04 8.0000E-04
1.6190E-04 8.0000E-04
5.3741E-04 8.0000E-04
1.2917E-03 8.0000E-04
1.6898E-03 8.0000E-04
5.8779E-04 8.0000E-04
5.8779E-04 8.0000E-04
1.1692E-03 8.0000E-04
8.2096E-04 8.0000E-04
9.3823E-04 8.0000E-04
1.6246E-03 8.0000E-04
8.8175E-04 8.0000E-04
3.9542E-04 8.0000E-04
1.9964E-03 8.0000E-04
1.1908E-03 8.0000E-04
7.8701E-04 8.0000E-04
3.2020E-03 8.0000E-04
1.5522E-03 8.0000E-04
2.6675E-04 8.0000E-04
1.1709E-03 8.0000E-04
1.1122E-03 8.0000E-04
3.5073E-03 8.0000E-04
2.1837E-03 8.0000E-04
3.5678E-04 8.0000E-04
5.2071E-03 8.0000E-04
1.1575E-03 8.0000E-04
1.0948E-03 8.0000E-04
4.9882E-03 8.0000E-04
1.0853E-03 8.0000E-04
2.1821E-03 8.0000E-04
3.6777E-03 8.0000E-04
7.0371E-04 8.0000E-04
2.7246E-03 8.0000E-04
1.6212E-03 8.0000E-04
4.8575E-03 8.0000E-04
1.1898E-03 8.0000E-04
2.1550E-03 8.0000E-04
3.1015E-03 8.0000E-04
2.7608E-03 8.0000E-04
1.9342E-03 8.0000E-04
3.7522E-03 8.0000E-04
4.3708E-03 8.0000E-04
2.4559E-03 8.0000E-04
1.8180E-03 8.0000E-04
1.6748E-03 8.0000E-04
2.1849E-03 8.0000E-04
3.3415E-03 8.0000E-04
7.0786E-04 8.0000E-04
1.3773E-03 8.0000E-04
7.6094E-04 8.0000E-04
2.5715E-03 8.0000E-04
1.0142E-03 8.0000E-04
8.5276E-04 8.0000E-04
1.0256E-03 8.0000E-04
2.2294E-03 8.0000E-04
7.0025E-04 8.0000E-04
7.2976E-04 8.0000E-04
9.5340E-04 8.0000E-04
1.8929E-03 8.0000E-04
6.4438E-04 8.0000E-04
9.2116E-04 8.0000E-04
7.7564E-04 8.0000E-04
1.4129E-03 8.0000E-04
1.4366E-03 8.0000E-04
4.3149E-04 8.0000E-04
8.8270E-04 8.0000E-04
8.7696E-04 8.0000E-04
1.8783E-03 8.0000E-04
5.3760E-04 8.0000E-04
5.3263E-04 8.0000E-04
9.5991E-04 8.0000E-04
1.8975E-03 8.0000E-04
7.0171E-04 8.0000E-04
4.0089E-04 8.0000E-04
8.2065E-04 8.0000E-04
1.2861E-03 8.0000E-04
1.4388E-03 8.0000E-04
5.2386E-04 8.0000E-04
1.0397E-03 8.0000E-04
8.3203E-04 8.0000E-04
7.6630E-04 8.0000E-04
9.7638E-04 8.0000E-04
6.7451E-04 8.0000E-04
6.7540E-04 8.0000E-04
1.4457E-03 8.0000E-04
4.4667E-04 8.0000E-04
1.8903E-04 8.0000E-04
9.7120E-04 8.0000E-04
1.3467E-03 8.0000E-04
2.9295E-04 8.0000E-04
3.5190E-04 8.0000E-04
4.7344E-04 8.0000E-04
1.0541E-03 8.0000E-04
8.3980E-04 8.0000E-04
4.1095E-04 8.0000E-04
1.0115E-03 8.0000E-04
1.0040E-03 8.0000E-04
4.0339E-04 8.0000E-04
1.5731E-03 8.0000E-04
7.7518E-04 8.0000E-04
5.1311E-04 8.0000E-04
1.3154E-03 8.0000E-04
7.9394E-04 8.0000E-04
4.3239E-04 8.0000E-04
1.8478E-03 8.0000E-04
7.6419E-04 8.0000E-04
1.3578E-04 8.0000E-04
6.5058E-04 8.0000E-04
5.9962E-04 8.0000E-04
1.8523E-03 8.0000E-04
4.4585E-04 8.0000E-04
3.9214E-04 8.0000E-04
4.6362E-04 8.0000E-04
1.7066E-03 8.0000E-04
2.9210E-04 8.0000E-04
6.8127E-04 8.0000E-04
5.5572E-04 8.0000E-04
2.0136E-03 8.0000E-04
4.1990E-04 8.0000E-04
5.7457E-04 8.0000E-04
4.9108E-04 8.0000E-04
1.6543E-03 8.0000E-04
4.3297E-04 8.0000E-04
9.6470E-04 8.0000E-04
5.3982E-04 8.0000E-04
7.1543E-04 8.0000E-04
1.3933E-03 8.0000E-04
1.0702E-03 8.0000E-04
2.3513E-04 8.0000E-04
1.0103E-03 8.0000E-04
6.7932E-04 8.0000E-04
1.4290E-03 8.0000E-04
1.8225E-03 8.0000E-04
7.6811E-04 8.0000E-04
2.8449E-04 8.0000E-04
1.2610E-03 8.0000E-04
7.1677E-04 8.0000E-04
4.4131E-04 8.0000E-04
1.2965E-03 8.0000E-04
9.3564E-04 8.0000E-04
7.9989E-04 8.0000E-04
1.7805E-03 8.0000E-04
5.1425E-04 8.0000E-04
7.7839E-04 8.0000E-04
4.6628E-04 8.0000E-04
1.7443E-03 8.0000E-04
7.3389E-04 8.0000E-04
1.1445E-03 8.0000E-04
1.3247E-03 8.0000E-04
5.8657E-04 8.0000E-04
1.4111E-03 8.0000E-04
1.2461E-03 8.0000E-04
6.0519E-04 8.0000E-04
4.0302E-03 8.0000E-04
2.0109E-03 8.0000E-04
1.0291E-03 8.0000E-04
1.1680E-03 8.0000E-04
2.0745E-03 8.0000E-04
1.6101E-03 8.0000E-04
3.1447E-03 8.0000E-04
1.3864E-03 8.0000E-04
3.8310E-03 8.0000E-04
1.9080E-03 8.0000E-04
6.0075E-03 8.0000E-04
2.0088E-03 8.0000E-04
1.0601E-03 8.0000E-04
3.4779E-03 8.0000E-04
1.4798E-03 8.0000E-04
2.7499E-03 8.0000E-04
2.5253E-03 8.0000E-04
3.0293E-03 8.0000E-04
2.3164E-03 8.0000E-04
1.6930E-03 8.0000E-04
1.4690E-03 8.0000E-04
1.7597E-03 8.0000E-04
1.8448E-03 8.0000E-04
1.0242E-03 8.0000E-04
1.1913E-03 8.0000E-04
1.0307E-03 8.0000E-04
1.1259E-03 8.0000E-04
7.2477E-04 8.0000E-04
5.0894E-04 8.0000E-04
5.9971E-04 8.0000E-04
9.1014E-04 8.0000E-04
5.5067E-04 8.0000E-04
5.2651E-04 8.0000E-04
7.5645E-04 8.0000E-04
6.9164E-04 8.0000E-04
5.3234E-04 8.0000E-04
6.3431E-04 8.0000E-04
6.1186E-04 8.0000E-04
5.2603E-04 8.0000E-04
7.1059E-04 8.0000E-04
5.5410E-04 8.0000E-04
4.4577E-04 8.0000E-04
8.0401E-04 8.0000E-04
4.7332E-04 8.0000E-04
1.7725E-04 8.0000E-04
6.1639E-04 8.0000E-04
5.8194E-04 8.0000E-04
1.6883E-04 8.0000E-04
4.8489E-04 8.0000E-04
3.6598E-04 8.0000E-04
1.0773E-03 8.0000E-04
2.4879E-04 8.0000E-04
8.3954E-05 8.0000E-04
3.4852E-04 8.0000E-04
7.2371E-04 8.0000E-04
3.8720E-04 8.0000E-04
5.0011E-04 8.0000E-04
4.1248E-04 8.0000E-04
7.3716E-04 8.0000E-04
1.6576E-04 8.0000E-04
1.6872E-04 8.0000E-04
2.6805E-04 8.0000E-04
5.8935E-04 8.0000E-04
3.4820E-04 8.0000E-04
3.6947E-04 8.0000E-04
4.2016E-04 8.0000E-04
7.0580E-04 8.0000E-04
2.1493E-04 8.0000E-04
1.6469E-04 8.0000E-04
1.9802E-04 8.0000E-04
5.2804E-04 8.0000E-04
3.6563E-04 8.0000E-04
3.2428E-04 8.0000E-04
3.3698E-04 8.0000E-04
3.6185E-04 8.0000E-04
2.1739E-04 8.0000E-04
3.2378E-04 8.0000E-04
2.4911E-04 8.0000E-04
2.6765E-04 8.0000E-04
5.7037E-04 8.0000E-04
1.9206E-04 8.0000E-04
6.7226E-05 8.0000E-04
2.7619E-04 8.0000E-04
4.8110E-04 8.0000E-04
9.9704E-05 8.0000E-04
1.9641E-04 8.0000E-04
2.3068E-04 8.0000E-04
4.4333E-04 8.0000E-04
4.9676E-04 8.0000E-04
1.0280E-04 8.0000E-04
1.6129E-04 8.0000E-04
2.4721E-04 8.0000E-04
5.8090E-04 8.0000E-04
4.8877E-04 8.0000E-04
9.5251E-05 8.0000E-04
1.4733E-04 8.0000E-04
2.4483E-04 8.0000E-04
5.8678E-04 8.0000E-04
3.0037E-04 8.0000E-04
1.5535E-04 8.0000E-04
3.1450E-04 8.0000E-04
3.1450E-04 8.0000E-04
4.6981E-04 8.0000E-04
1.7997E-04 8.0000E-04
2.4198E-04 8.0000E-04
2.2588E-04 8.0000E-04
4.5472E-04 8.0000E-04
6.3999E-04 8.0000E-04
8.4946E-05 8.0000E-04
9.9774E-05 8.0000E-04
1.7717E-04 8.0000E-04
5.2914E-04 8.0000E-04
2.7651E-04 8.0000E-04
2.9007E-04 8.0000E-04
4.0479E-04 8.0000E-04
5.9241E-04 8.0000E-04
1.1320E-04 8.0000E-04
1.5140E-04 8.0000E-04
2.0713E-04 8.0000E-04
6.4918E-04 8.0000E-04
3.1010E-04 8.0000E-04
1.1527E-04 8.0000E-04
2.2050E-04 8.0000E-04
4.6134E-04 8.0000E-04
1.4663E-04 8.0000E-04
2.4283E-04 8.0000E-04
2.5655E-04 8.0000E-04
5.5204E-04 8.0000E-04
4.2955E-04 8.0000E-04
5.0602E-05 8.0000E-04
1.2949E-04 8.0000E-04
2.3219E-04 8.0000E-04
3.1601E-04 8.0000E-04
5.5295E-04 8.0000E-04
3.8558E-04 8.0000E-04
1.8032E-04 8.0000E-04
3.6161E-04 8.0000E-04
4.5266E-04 8.0000E-04
2.1259E-04 8.0000E-04
2.1995E-04 8.0000E-04
2.0947E-04 8.0000E-04
5.7790E-04 8.0000E-04
4.2395E-04 8.0000E-04
3.1392E-04 8.0000E-04
4.7503E-04 8.0000E-04
3.3267E-04 8.0000E-04
2.1398E-04 8.0000E-04
4.6287E-04 8.0000E-04
4.0494E-04 8.0000E-04
2.7250E-04 8.0000E-04
9.7172E-04 8.0000E-04
2.6788E-04 8.0000E-04
1.8100E-04 8.0000E-04
8.6804E-04 8.0000E-04
3.1077E-04 8.0000E-04
2.1040E-04 8.0000E-04
7.3708E-04 8.0000E-04
2.7594E-04 8.0000E-04
8.2399E-04 8.0000E-04
8.1110E-04 8.0000E-04
6.5134E-04 8.0000E-04
7.5539E-04 8.0000E-04
7.8799E-04 8.0000E-04
8.5353E-04 8.0000E-04
6.8635E-04 8.0000E-04
1.3286E-03 8.0000E-04
2.2834E-04 8.0000E-04
5.8864E-04 8.0000E-04
8.3645E-04 8.0000E-04
2.4086E-03 8.0000E-04
5.3858E-04 8.0000E-04
1.3029E-03 8.0000E-04
8.1222E-04 8.0000E-04
1.7312E-03 8.0000E-04
1.0203E-03 8.0000E-04
3.3981E-03 8.0000E-04
8.8056E-04 8.0000E-04
6.3687E-04 8.0000E-04
1.9144E-03 8.0000E-04
8.0395E-04 8.0000E-04
2.9223E-03 8.0000E-04
1.2510E-03 8.0000E-04
2.5832E-03 8.0000E-04
8.6860E-04 8.0000E-04
9.5897E-04 8.0000E-04
1.9544E-03 8.0000E-04
1.0138E-03 8.0000E-04
3.2649E-03 8.0000E-04
1.2610E-03 8.0000E-04
2.1610E-03 8.0000E-04
5.2480E-04 8.0000E-04
2.0123E-03 8.0000E-04
5.3861E-04 8.0000E-04
1.6193E-03 8.0000E-04
3.0062E-03 8.0000E-04
6.8988E-04 8.0000E-04
1.2626E-03 8.0000E-04
2.0338E-03 8.0000E-04
8.1400E-04 8.0000E-04
1.6365E-03 8.0000E-04
2.0232E-03 8.0000E-04
7.0712E-04 8.0000E-04
1.2495E-03 8.0000E-04
1.2274E-03 8.0000E-04
1.0470E-03 8.0000E-04
1.7616E-03 8.0000E-04
7.9979E-04 8.0000E-04
5.0696E-04 8.0000E-04
2.3080E-03 8.0000E-04
1.0965E-03 8.0000E-04
2.0542E-04 8.0000E-04
1.0954E-03 8.0000E-04
1.0264E-03 8.0000E-04
1.6845E-03 8.0000E-04
3.5312E-04 8.0000E-04
3.9743E-04 8.0000E-04
8.5814E-04 8.0000E-04
1.4255E-03 8.0000E-04
2.0096E-04 8.0000E-04
3.0591E-04 8.0000E-04
4.8156E-04 8.0000E-04
1.4489E-03 8.0000E-04
2.5434E-04 8.0000E-04
6.2612E-04 8.0000E-04
5.1528E-04 8.0000E-04
7.4733E-04 8.0000E-04
1.1051E-03 8.0000E-04
5.1418E-04 8.0000E-04
1.0191E-03 8.0000E-04
5.7099E-04 8.0000E-04
3.3863E-04 8.0000E-04
7.5141E-04 8.0000E-04
9.8715E-04 8.0000E-04
2.2225E-04 8.0000E-04
4.2956E-04 8.0000E-04
5.3963E-04 8.0000E-04
1.1334E-03 8.0000E-04
1.4416E-03 8.0000E-04
2.0828E-04 8.0000E-04
5.2267E-04 8.0000E-04
3.6197E-04 8.0000E-04
1.4614E-03 8.0000E-04
1.1130E-03 8.0000E-04
9.7342E-04 8.0000E-04
8.6450E-04 8.0000E-04
1.8533E-03 8.0000E-04
8.5494E-04 8.0000E-04
6.5138E-04 8.0000E-04
1.0525E-03 8.0000E-04
2.0988E-03 8.0000E-04
7.5120E-04 8.0000E-04
2.9304E-03 8.0000E-04
8.4048E-04 8.0000E-04
6.8292E-04 8.0000E-04
3.0341E-03 8.0000E-04
1.2131E-03 8.0000E-04
3.3343E-03 8.0000E-04
3.9742E-03 8.0000E-04
1.3579E-03 8.0000E-04
3.3238E-03 8.0000E-04
8.8619E-04 8.0000E-04
1.3611E-03 8.0000E-04
3.3884E-03 8.0000E-04
3.8372E-03 8.0000E-04
3.3312E-03 8.0000E-04
1.7448E-03 8.0000E-04
2.8308E-03 8.0000E-04
6.3649E-04 8.0000E-04
2.4591E-03 8.0000E-04
1.6987E-03 8.0000E-04
2.1319E-03 8.0000E-04
1.4942E-03 8.0000E-04
1.9378E-03 8.0000E-04
1.7447E-03 8.0000E-04
2.3357E-03 8.0000E-04
6.6954E-04 8.0000E-04
5.6674E-04 8.0000E-04
1.2577E-03 8.0000E-04
1.4015E-03 8.0000E-04
6.9661E-04 8.0000E-04
1.2129E-03 8.0000E-04
7.7400E-04 8.0000E-04
5.7649E-04 8.0000E-04
8.1781E-04 8.0000E-04
5.9888E-04 8.0000E-04
7.0192E-04 8.0000E-04
1.1862E-03 8.0000E-04
5.8224E-04 8.0000E-04
1.9207E-04 8.0000E-04
7.5517E-04 8.0000E-04
1.0189E-03 8.0000E-04
3.5056E-04 8.0000E-04
2.3950E-04 8.0000E-04
5.8791E-04 8.0000E-04
8.2507E-04 8.0000E-04
5.9477E-04 8.0000E-04
6.0363E-04 8.0000E-04
4.8166E-04 8.0000E-04
6.6678E-04 8.0000E-04
6.3773E-04 8.0000E-04
4.3599E-04 8.0000E-04
3.1231E-04 8.0000E-04
8.1357E-04 8.0000E-04
4.3816E-04 8.0000E-04
3.2696E-04 8.0000E-04
7.1687E-04 8.0000E-04
8.9208E-04 8.0000E-04
1.5404E-04 8.0000E-04
3.5251E-04 8.0000E-04
3.2245E-04 8.0000E-04
9.5852E-04 8.0000E-04
3.9394E-04 8.0000E-04
1.9239E-04 8.0000E-04
5.1880E-04 8.0000E-04
8.7744E-04 8.0000E-04
2.6061E-04 8.0000E-04
2.4241E-04 8.0000E-04
3.3216E-04 8.0000E-04
6.6230E-04 8.0000E-04
8.4705E-04 8.0000E-04
1.1011E-04 8.0000E-04
2.9339E-04 8.0000E-04
3.1349E-04 8.0000E-04
9.4709E-04 8.0000E-04
4.2496E-04 8.0000E-04
1.9009E-04 8.0000E-04
3.5757E-04 8.0000E-04
5.0511E-04 8.0000E-04
3.5341E-04 8.0000E-04
5.1661E-04 8.0000E-04
3.7998E-04 8.0000E-04
5.5449E-04 8.0000E-04
1.0017E-03 8.0000E-04
1.8632E-04 8.0000E-04
1.5403E-04 8.0000E-04
3.6739E-04 8.0000E-04
1.0335E-03 8.0000E-04
2.2687E-04 8.0000E-04
5.5272E-04 8.0000E-04
4.8190E-04 8.0000E-04
1.0824E-03 8.0000E-04
4.8825E-04 8.0000E-04
3.6639E-04 8.0000E-04
4.9067E-04 8.0000E-04
6.9540E-04 8.0000E-04
2.9239E-04 8.0000E-04
1.2101E-03 8.0000E-04
3.5044E-04 8.0000E-04
5.7099E-04 8.0000E-04
1.3330E-03 8.0000E-04
9.7401E-04 8.0000E-04
6.7779E-04 8.0000E-04
4.1981E-04 8.0000E-04
5.3228E-04 8.0000E-04
1.3372E-03 8.0000E-04
8.8449E-04 8.0000E-04
2.9485E-04 8.0000E-04
9.3352E-04 8.0000E-04
5.8548E-04 8.0000E-04
3.6909E-04 8.0000E-04
1.0765E-03 8.0000E-04
5.5217E-04 8.0000E-04
1.2441E-04 8.0000E-04
3.3416E-04 8.0000E-04
4.4254E-04 8.0000E-04
8.4450E-04 8.0000E-04
1.1909E-03 8.0000E-04
3.1086E-04 8.0000E-04
3.6465E-04 8.0000E-04
5.0550E-04 8.0000E-04
1.0752E-03 8.0000E-04
6.2243E-04 8.0000E-04
1.5298E-04 8.0000E-04
2.3351E-04 8.0000E-04
5.0176E-04 8.0000E-04
5.4305E-04 8.0000E-04
2.8238E-04 8.0000E-04
5.2428E-04 8.0000E-04
4.0972E-04 8.0000E-04
3.1730E-04 8.0000E-04
3.7608E-04 8.0000E-04
2.5319E-04 8.0000E-04
3.0810E-04 8.0000E-04
5.5327E-04 8.0000E-04
4.9544E-04 8.0000E-04
1.2716E-04 8.0000E-04
3.1468E-04 8.0000E-04
4.3590E-04 8.0000E-04
4.4461E-04 8.0000E-04
4.4993E-04 8.0000E-04
6.2337E-04 8.0000E-04
1.5012E-04 8.0000E-04
3.0580E-04 8.0000E-04
3.1541E-04 8.0000E-04
6.6798E-04 8.0000E-04
6.5706E-04 8.0000E-04
6.9118E-04 8.0000E-04
2.1775E-04 8.0000E-04
4.6938E-04 8.0000E-04
6.9104E-04 8.0000E-04
7.2945E-04 8.0000E-04
9.3933E-04 8.0000E-04
1.2159E-03 8.0000E-04
6.3344E-04 8.0000E-04
1.7561E-03 8.0000E-04
1.7561E-03 8.0000E-04
1.0319E-09 8.0000E-04
7.0556E-05 8.0000E-04
3.6133E-05 8.0000E-04
2.1369E-04 8.0000E-04
1.3382E-04 8.0000E-04
1.7918E-04 8.0000E-04
4.8613E-04 8.0000E-04
1.8379E-04 8.0000E-04
1.1546E-04 8.0000E-04
4.9640E-04 8.0000E-04
7.7077E-04 8.0000E-04
1.7973E-04 8.0000E-04
6.7626E-04 8.0000E-04
8.1229E-04 8.0000E-04
2.1887E-03 8.0000E-04
2.5579E-03 8.0000E-04
9.7380E-04 8.0000E-04
4.6459E-03 8.0000E-04
2.3812E-03 8.0000E-04
8.9195E-04 8.0000E-04
2.8923E-03 8.0000E-04
6.3518E-04 8.0000E-04
1.7324E-03 8.0000E-04
1.6754E-03 8.0000E-04
1.3776E-03 8.0000E-04
6.7135E-04 8.0000E-04
1.4135E-03 8.0000E-04
4.6725E-04 8.0000E-04
8.1470E-04 8.0000E-04
1.1328E-03 8.0000E-04
1.0946E-03 8.0000E-04
8.0374E-04 8.0000E-04
3.9575E-04 8.0000E-04
4.5676E-04 8.0000E-04
4.8227E-04 8.0000E-04
5.6609E-04 8.0000E-04
6.2743E-04 8.0000E-04
4.8850E-04 8.0000E-04
4.4061E-04 8.0000E-04
4.2800E-04 8.0000E-04
4.2275E-04 8.0000E-04
3.3679E-04 8.0000E-04
5.0627E-04 8.0000E-04
5.1706E-04 8.0000E-04
2.3216E-04 8.0000E-04
4.6662E-04 8.0000E-04
4.6152E-04 8.0000E-04
3.2211E-04 8.0000E-04
4.4058E-04 8.0000E-04
3.3257E-04 8.0000E-04
3.5268E-04 8.0000E-04
5.3052E-04 8.0000E-04
4.7953E-04 8.0000E-04
5.9166E-05 8.0000E-04
1.4898E-04 8.0000E-04
2.4459E-04 8.0000E-04
6.2928E-04 8.0000E-04
1.6930E-04 8.0000E-04
7.9393E-05 8.0000E-04
1.9635E-04 8.0000E-04
3.3684E-04 8.0000E-04
3.4706E-04 8.0000E-04
1.4558E-04 8.0000E-04
2.7315E-04 8.0000E-04
2.0697E-04 8.0000E-04
1.3527E-04 8.0000E-04
2.8468E-04 8.0000E-04
1.3233E-04 8.0000E-04
1.9263E-04 8.0000E-04
3.9373E-04 8.0000E-04
2.7802E-04 8.0000E-04
5.1933E-05 8.0000E-04
9.8087E-05 8.0000E-04
2.0424E-04 8.0000E-04
4.7601E-04 8.0000E-04
2.5893E-04 8.0000E-04
1.2640E-04 8.0000E-04
2.0855E-04 8.0000E-04
3.1535E-04 8.0000E-04
1.0344E-04 8.0000E-04
1.4370E-04 8.0000E-04
1.7245E-04 8.0000E-04
3.6490E-04 8.0000E-04
3.3796E-04 8.0000E-04
1.3640E-04 8.0000E-04
1.7863E-04 8.0000E-04
2.3323E-04 8.0000E-04
2.6687E-04 8.0000E-04
4.0855E-04 8.0000E-04
2.5105E-04 8.0000E-04
1.2649E-04 8.0000E-04
3.4970E-04 8.0000E-04
2.8769E-04 8.0000E-04
4.4339E-05 8.0000E-04
1.8684E-04 8.0000E-04
1.8413E-04 8.0000E-04
4.3548E-04 8.0000E-04
4.3655E-04 8.0000E-04
7.5151E-05 8.0000E-04
4.7864E-05 8.0000E-04
1.1443E-04 8.0000E-04
3.9033E-04 8.0000E-04
2.2367E-04 8.0000E-04
1.1881E-04 8.0000E-04
1.6950E-04 8.0000E-04
2.6075E-04 8.0000E-04
1.8979E-04 8.0000E-04
1.4512E-04 8.0000E-04
1.6125E-04 8.0000E-04
1.8613E-04 8.0000E-04
2.2790E-04 8.0000E-04
2.5065E-04 8.0000E-04
1.6295E-04 8.0000E-04
1.8213E-04 8.0000E-04
2.9987E-04 8.0000E-04
8.2589E-05 8.0000E-04
7.9622E-05 8.0000E-04
1.9872E-04 8.0000E-04
3.8562E-04 8.0000E-04
2.6368E-04 8.0000E-04
1.4104E-04 8.0000E-04
1.9163E-04 8.0000E-04
2.9435E-04 8.0000E-04
2.7666E-04 8.0000E-04
1.8777E-04 8.0000E-04
2.2915E-04 8.0000E-04
2.0632E-04 8.0000E-04
1.8255E-04 8.0000E-04
4.0797E-04 8.0000E-04
2.0844E-04 8.0000E-04
7.0522E-05 8.0000E-04
3.6571E-04 8.0000E-04
4.5874E-04 8.0000E-04
5.9356E-05 8.0000E-04
1.7626E-04 8.0000E-04
3.3180E-04 8.0000E-04
5.5886E-04 8.0000E-04
8.6083E-04 8.0000E-04
3.4218E-04 8.0000E-04
5.0398E-04 8.0000E-04
4.2243E-04 8.0000E-04
8.0028E-04 8.0000E-04
1.5352E-03 8.0000E-04
5.6225E-04 8.0000E-04
5.6414E-04 8.0000E-04
1.0563E-03 8.0000E-04
1.9528E-03 8.0000E-04
3.4743E-03 8.0000E-04
4.7592E-04 8.0000E-04
2.4645E-03 8.0000E-04
1.4888E-03 8.0000E-04
2.1440E-03 8.0000E-04
1.0347E-03 8.0000E-04
3.9386E-03 8.0000E-04
3.8205E-03 8.0000E-04
1.7914E-03 8.0000E-04
1.2359E-03 8.0000E-04
1.3419E-03 8.0000E-04
6.4358E-04 8.0000E-04
1.9956E-03 8.0000E-04
1.1504E-03 8.0000E-04
5.2258E-04 8.0000E-04
9.4425E-04 8.0000E-04
1.9303E-03 8.0000E-04
3.4214E-04 8.0000E-04
5.1168E-04 8.0000E-04
4.3056E-04 8.0000E-04
8.9166E-04 8.0000E-04
3.5226E-04 8.0000E-04
1.9211E-04 8.0000E-04
4.2762E-04 8.0000E-04
6.5543E-04 8.0000E-04
2.7271E-04 8.0000E-04
4.0520E-04 8.0000E-04
3.5505E-04 8.0000E-04
1.0308E-03 8.0000E-04
1.2065E-04 8.0000E-04
1.8559E-04 8.0000E-04
3.0880E-04 8.0000E-04
9.0381E-04 8.0000E-04
3.9363E-04 8.0000E-04
4.6865E-04 8.0000E-04
3.0253E-04 8.0000E-04
7.5344E-04 8.0000E-04
4.7624E-04 8.0000E-04
2.2076E-04 8.0000E-04
2.9511E-04 8.0000E-04
4.0503E-04 8.0000E-04
2.8926E-04 8.0000E-04
4.8913E-04 8.0000E-04
2.7126E-04 8.0000E-04
4.6383E-04 8.0000E-04
2.9113E-04 8.0000E-04
9.5584E-05 8.0000E-04
1.5949E-04 8.0000E-04
2.4903E-04 8.0000E-04
4.9860E-04 8.0000E-04
4.1431E-04 8.0000E-04
1.3174E-04 8.0000E-04
1.2814E-04 8.0000E-04
1.8739E-04 8.0000E-04
2.4750E-04 8.0000E-04
2.8262E-04 8.0000E-04
3.0981E-04 8.0000E-04
1.7706E-04 8.0000E-04
2.0773E-04 8.0000E-04
2.8784E-04 8.0000E-04
1.4001E-04 8.0000E-04
2.0968E-04 8.0000E-04
1.9049E-04 8.0000E-04
3.2047E-04 8.0000E-04
1.5759E-04 8.0000E-04
1.4494E-04 8.0000E-04
1.9998E-04 8.0000E-04
2.7551E-04 8.0000E-04
1.3772E-04 8.0000E-04
1.7251E-04 8.0000E-04
2.0993E-04 8.0000E-04
4.1315E-04 8.0000E-04
8.4409E-05 8.0000E-04
5.6533E-05 8.0000E-04
1.4926E-04 8.0000E-04
3.7299E-04 8.0000E-04
6.6101E-05 8.0000E-04
9.2402E-05 8.0000E-04
1.6846E-04 8.0000E-04
2.6635E-04 8.0000E-04
3.9550E-04 8.0000E-04
3.3317E-05 8.0000E-04
4.1714E-05 8.0000E-04
8.7769E-05 8.0000E-04
2.6727E-04 8.0000E-04
1.7722E-04 8.0000E-04
9.9639E-05 8.0000E-04
1.7183E-04 8.0000E-04
1.8678E-04 8.0000E-04
1.0590E-04 8.0000E-04
1.0570E-04 8.0000E-04
9.1718E-05 8.0000E-04
