RMS Grad   Target
1.0525E-03 3.0000E-04
1.2578E-03 3.0000E-04
1.0248E-03 3.0000E-04
1.0072E-03 3.0000E-04
1.8275E-03 3.0000E-04
7.0189E-04 3.0000E-04
5.0854E-04 3.0000E-04
5.5660E-04 3.0000E-04
6.0457E-04 3.0000E-04
6.8331E-04 3.0000E-04
3.4379E-04 3.0000E-04
3.6357E-04 3.0000E-04
4.2885E-04 3.0000E-04
1.0394E-03 3.0000E-04
3.6080E-04 3.0000E-04
3.0255E-04 3.0000E-04
3.8216E-04 3.0000E-04
4.0776E-04 3.0000E-04
1.6133E-03 3.0000E-04
1.8280E-04 3.0000E-04
1.2190E-04 3.0000E-04
1.1694E-04 3.0000E-04
1.4510E-04 3.0000E-04
3.2653E-04 3.0000E-04
1.3552E-04 3.0000E-04
1.3081E-04 3.0000E-04
1.5326E-04 3.0000E-04
4.2473E-04 3.0000E-04
1.0856E-04 3.0000E-04
7.4720E-05 3.0000E-04
8.7294E-05 3.0000E-04
9.7694E-05 3.0000E-04
2.8844E-04 3.0000E-04
7.2898E-05 3.0000E-04
6.4339E-05 3.0000E-04
6.4339E-05 3.0000E-04
