Max Step   Target
1.2743E-02 1.2000E-03
1.4094E-02 1.2000E-03
5.4227E-02 1.2000E-03
6.7757E-03 1.2000E-03
7.6117E-03 1.2000E-03
1.2633E-03 1.2000E-03
8.3989E-03 1.2000E-03
1.0969E-02 1.2000E-03
9.0830E-03 1.2000E-03
7.6632E-03 1.2000E-03
6.1644E-03 1.2000E-03
4.1122E-03 1.2000E-03
6.7114E-03 1.2000E-03
8.7244E-03 1.2000E-03
5.5901E-03 1.2000E-03
2.9725E-03 1.2000E-03
4.5435E-03 1.2000E-03
4.0269E-03 1.2000E-03
2.5575E-03 1.2000E-03
3.9755E-03 1.2000E-03
2.5085E-03 1.2000E-03
1.6739E-03 1.2000E-03
2.6456E-03 1.2000E-03
1.5014E-03 1.2000E-03
1.5105E-03 1.2000E-03
4.5023E-03 1.2000E-03
3.3611E-03 1.2000E-03
4.7176E-04 1.2000E-03
1.7487E-03 1.2000E-03
2.7446E-03 1.2000E-03
4.6720E-03 1.2000E-03
1.0681E-03 1.2000E-03
