RMS Step   Target
2.2222E-03 8.0000E-04
2.2384E-03 8.0000E-04
9.4653E-03 8.0000E-04
2.1917E-03 8.0000E-04
1.3532E-03 8.0000E-04
4.7441E-04 8.0000E-04
3.1300E-03 8.0000E-04
3.8424E-03 8.0000E-04
2.9940E-03 8.0000E-04
2.5128E-03 8.0000E-04
2.1040E-03 8.0000E-04
1.4870E-03 8.0000E-04
2.2107E-03 8.0000E-04
3.0570E-03 8.0000E-04
2.1917E-03 8.0000E-04
1.2598E-03 8.0000E-04
1.8772E-03 8.0000E-04
1.3297E-03 8.0000E-04
8.1593E-04 8.0000E-04
1.3660E-03 8.0000E-04
8.9091E-04 8.0000E-04
6.0682E-04 8.0000E-04
8.4383E-04 8.0000E-04
4.3999E-04 8.0000E-04
4.1098E-04 8.0000E-04
1.1914E-03 8.0000E-04
9.0408E-04 8.0000E-04
1.6619E-04 8.0000E-04
6.2876E-04 8.0000E-04
7.3539E-04 8.0000E-04
1.2455E-03 8.0000E-04
3.4692E-04 8.0000E-04
