Max Step   Target
1.7241E-03 1.2000E-03
1.6571E-02 1.2000E-03
3.0263E-02 1.2000E-03
3.4678E-02 1.2000E-03
2.9783E-02 1.2000E-03
3.2462E-02 1.2000E-03
3.5383E-02 1.2000E-03
3.6902E-02 1.2000E-03
3.8029E-02 1.2000E-03
3.8648E-02 1.2000E-03
3.8165E-02 1.2000E-03
3.8104E-02 1.2000E-03
3.5778E-02 1.2000E-03
3.4736E-02 1.2000E-03
3.3041E-02 1.2000E-03
2.9746E-02 1.2000E-03
3.0050E-02 1.2000E-03
3.0278E-02 1.2000E-03
3.0696E-02 1.2000E-03
3.0381E-02 1.2000E-03
3.0937E-02 1.2000E-03
3.1448E-02 1.2000E-03
3.2171E-02 1.2000E-03
3.2831E-02 1.2000E-03
3.3744E-02 1.2000E-03
3.4174E-02 1.2000E-03
3.5139E-02 1.2000E-03
3.5362E-02 1.2000E-03
3.6415E-02 1.2000E-03
3.6665E-02 1.2000E-03
3.7254E-02 1.2000E-03
3.7903E-02 1.2000E-03
3.8357E-02 1.2000E-03
3.8683E-02 1.2000E-03
3.9243E-02 1.2000E-03
3.9780E-02 1.2000E-03
3.9839E-02 1.2000E-03
4.0729E-02 1.2000E-03
4.0692E-02 1.2000E-03
4.0716E-02 1.2000E-03
4.1388E-02 1.2000E-03
4.1910E-02 1.2000E-03
4.1765E-02 1.2000E-03
4.2347E-02 1.2000E-03
4.2187E-02 1.2000E-03
4.1438E-02 1.2000E-03
4.2087E-02 1.2000E-03
4.1510E-02 1.2000E-03
4.0935E-02 1.2000E-03
4.1349E-02 1.2000E-03
3.9979E-02 1.2000E-03
3.8980E-02 1.2000E-03
3.9010E-02 1.2000E-03
3.9198E-02 1.2000E-03
3.9164E-02 1.2000E-03
3.9396E-02 1.2000E-03
3.8681E-02 1.2000E-03
3.9950E-02 1.2000E-03
4.0916E-02 1.2000E-03
4.2701E-02 1.2000E-03
4.4979E-02 1.2000E-03
4.7458E-02 1.2000E-03
5.0096E-02 1.2000E-03
5.2294E-02 1.2000E-03
5.3875E-02 1.2000E-03
5.6020E-02 1.2000E-03
5.6727E-02 1.2000E-03
5.8709E-02 1.2000E-03
5.9081E-02 1.2000E-03
5.9833E-02 1.2000E-03
6.0115E-02 1.2000E-03
5.9369E-02 1.2000E-03
5.9293E-02 1.2000E-03
5.7458E-02 1.2000E-03
5.6863E-02 1.2000E-03
5.4175E-02 1.2000E-03
5.2467E-02 1.2000E-03
4.9187E-02 1.2000E-03
4.6410E-02 1.2000E-03
4.2341E-02 1.2000E-03
3.8885E-02 1.2000E-03
3.8755E-02 1.2000E-03
3.7166E-02 1.2000E-03
3.6289E-02 1.2000E-03
3.5755E-02 1.2000E-03
3.6016E-02 1.2000E-03
3.5908E-02 1.2000E-03
3.6998E-02 1.2000E-03
3.6185E-02 1.2000E-03
3.7498E-02 1.2000E-03
3.6931E-02 1.2000E-03
3.7678E-02 1.2000E-03
3.7048E-02 1.2000E-03
3.7495E-02 1.2000E-03
3.6626E-02 1.2000E-03
3.6904E-02 1.2000E-03
3.6984E-02 1.2000E-03
3.6763E-02 1.2000E-03
3.7577E-02 1.2000E-03
3.7774E-02 1.2000E-03
3.7734E-02 1.2000E-03
3.8608E-02 1.2000E-03
3.7476E-02 1.2000E-03
3.8065E-02 1.2000E-03
3.6827E-02 1.2000E-03
3.7437E-02 1.2000E-03
3.7420E-02 1.2000E-03
3.8955E-02 1.2000E-03
3.8644E-02 1.2000E-03
4.2959E-02 1.2000E-03
4.3070E-02 1.2000E-03
4.7622E-02 1.2000E-03
4.8407E-02 1.2000E-03
5.1954E-02 1.2000E-03
5.3443E-02 1.2000E-03
5.5917E-02 1.2000E-03
5.7814E-02 1.2000E-03
5.9741E-02 1.2000E-03
6.1619E-02 1.2000E-03
6.3121E-02 1.2000E-03
6.5049E-02 1.2000E-03
6.5562E-02 1.2000E-03
6.6866E-02 1.2000E-03
6.7266E-02 1.2000E-03
6.6430E-02 1.2000E-03
6.8189E-02 1.2000E-03
6.6743E-02 1.2000E-03
6.8602E-02 1.2000E-03
6.6547E-02 1.2000E-03
6.6954E-02 1.2000E-03
6.4252E-02 1.2000E-03
6.3770E-02 1.2000E-03
5.8442E-02 1.2000E-03
6.2205E-02 1.2000E-03
4.6998E-02 1.2000E-03
5.7871E-02 1.2000E-03
4.1140E-02 1.2000E-03
5.2697E-02 1.2000E-03
5.1997E-02 1.2000E-03
5.3572E-02 1.2000E-03
4.9152E-02 1.2000E-03
5.2413E-02 1.2000E-03
5.5206E-02 1.2000E-03
5.5022E-02 1.2000E-03
5.5446E-02 1.2000E-03
5.5184E-02 1.2000E-03
5.6098E-02 1.2000E-03
5.5349E-02 1.2000E-03
5.6203E-02 1.2000E-03
5.6615E-02 1.2000E-03
5.8947E-02 1.2000E-03
5.9180E-02 1.2000E-03
6.3467E-02 1.2000E-03
6.0798E-02 1.2000E-03
6.3165E-02 1.2000E-03
6.5506E-02 1.2000E-03
6.5051E-02 1.2000E-03
6.7105E-02 1.2000E-03
6.5179E-02 1.2000E-03
7.1763E-02 1.2000E-03
6.6296E-02 1.2000E-03
6.4043E-02 1.2000E-03
5.6569E-02 1.2000E-03
6.2842E-02 1.2000E-03
6.0962E-02 1.2000E-03
7.0973E-02 1.2000E-03
7.0996E-02 1.2000E-03
7.4940E-02 1.2000E-03
6.7403E-02 1.2000E-03
6.7606E-02 1.2000E-03
4.4625E-02 1.2000E-03
4.3511E-02 1.2000E-03
4.4295E-02 1.2000E-03
4.8181E-02 1.2000E-03
4.1019E-02 1.2000E-03
4.8853E-02 1.2000E-03
4.6080E-02 1.2000E-03
5.0341E-02 1.2000E-03
4.9640E-02 1.2000E-03
5.1101E-02 1.2000E-03
5.4280E-02 1.2000E-03
5.5138E-02 1.2000E-03
5.8281E-02 1.2000E-03
5.9869E-02 1.2000E-03
6.1689E-02 1.2000E-03
6.3040E-02 1.2000E-03
6.5161E-02 1.2000E-03
6.4298E-02 1.2000E-03
6.6666E-02 1.2000E-03
8.4517E-02 1.2000E-03
6.4923E-02 1.2000E-03
6.1543E-02 1.2000E-03
4.9786E-02 1.2000E-03
3.9387E-02 1.2000E-03
3.6649E-02 1.2000E-03
4.6581E-02 1.2000E-03
5.0973E-02 1.2000E-03
5.0660E-02 1.2000E-03
5.4379E-02 1.2000E-03
5.1651E-02 1.2000E-03
4.8460E-02 1.2000E-03
4.7972E-02 1.2000E-03
5.8030E-02 1.2000E-03
5.1412E-02 1.2000E-03
5.5607E-02 1.2000E-03
4.3043E-02 1.2000E-03
4.6388E-02 1.2000E-03
4.3415E-02 1.2000E-03
4.8164E-02 1.2000E-03
6.7337E-02 1.2000E-03
7.8786E-02 1.2000E-03
4.3483E-02 1.2000E-03
4.2867E-02 1.2000E-03
4.3373E-02 1.2000E-03
4.4045E-02 1.2000E-03
4.9298E-02 1.2000E-03
5.1309E-02 1.2000E-03
5.4970E-02 1.2000E-03
5.9284E-02 1.2000E-03
5.9945E-02 1.2000E-03
6.6049E-02 1.2000E-03
6.1882E-02 1.2000E-03
6.9837E-02 1.2000E-03
6.3892E-02 1.2000E-03
6.2931E-02 1.2000E-03
8.1768E-02 1.2000E-03
3.9679E-02 1.2000E-03
2.3879E-02 1.2000E-03
5.2844E-02 1.2000E-03
6.1353E-02 1.2000E-03
6.2725E-02 1.2000E-03
6.1776E-02 1.2000E-03
6.4343E-02 1.2000E-03
6.1183E-02 1.2000E-03
6.3597E-02 1.2000E-03
5.9264E-02 1.2000E-03
6.0382E-02 1.2000E-03
5.9593E-02 1.2000E-03
5.8863E-02 1.2000E-03
6.2839E-02 1.2000E-03
5.8292E-02 1.2000E-03
5.3968E-02 1.2000E-03
4.7407E-02 1.2000E-03
6.2767E-02 1.2000E-03
5.7329E-02 1.2000E-03
3.7891E-02 1.2000E-03
7.0215E-02 1.2000E-03
7.3074E-02 1.2000E-03
7.6043E-02 1.2000E-03
7.8054E-02 1.2000E-03
8.1097E-02 1.2000E-03
8.4678E-02 1.2000E-03
8.7053E-02 1.2000E-03
8.9971E-02 1.2000E-03
9.1346E-02 1.2000E-03
9.2500E-02 1.2000E-03
6.9603E-02 1.2000E-03
4.5563E-02 1.2000E-03
4.5706E-02 1.2000E-03
3.1220E-02 1.2000E-03
6.6000E-02 1.2000E-03
1.1037E-01 1.2000E-03
1.0578E-01 1.2000E-03
1.0749E-01 1.2000E-03
1.0988E-01 1.2000E-03
1.1171E-01 1.2000E-03
1.1853E-01 1.2000E-03
1.1799E-01 1.2000E-03
1.0321E-01 1.2000E-03
5.9661E-02 1.2000E-03
1.1816E-01 1.2000E-03
1.2315E-01 1.2000E-03
6.4782E-03 1.2000E-03
2.9843E-02 1.2000E-03
1.2115E-01 1.2000E-03
1.1873E-01 1.2000E-03
9.9761E-02 1.2000E-03
5.2003E-02 1.2000E-03
7.5527E-02 1.2000E-03
8.5827E-02 1.2000E-03
4.5405E-02 1.2000E-03
2.7140E-02 1.2000E-03
3.3031E-02 1.2000E-03
7.0270E-02 1.2000E-03
3.9261E-02 1.2000E-03
5.0913E-02 1.2000E-03
8.0147E-02 1.2000E-03
6.8869E-02 1.2000E-03
8.9599E-02 1.2000E-03
3.5246E-02 1.2000E-03
6.2339E-02 1.2000E-03
4.0269E-02 1.2000E-03
5.3847E-02 1.2000E-03
6.2320E-02 1.2000E-03
3.5308E-02 1.2000E-03
7.5614E-02 1.2000E-03
6.2598E-02 1.2000E-03
7.4115E-02 1.2000E-03
7.6310E-02 1.2000E-03
8.0409E-02 1.2000E-03
8.5382E-02 1.2000E-03
6.4609E-02 1.2000E-03
4.8205E-02 1.2000E-03
8.9351E-02 1.2000E-03
5.5010E-02 1.2000E-03
3.3965E-02 1.2000E-03
9.5538E-02 1.2000E-03
9.2547E-02 1.2000E-03
9.2750E-02 1.2000E-03
1.0148E-01 1.2000E-03
9.9373E-02 1.2000E-03
8.6046E-02 1.2000E-03
1.0508E-01 1.2000E-03
4.5958E-02 1.2000E-03
1.0957E-01 1.2000E-03
4.2295E-02 1.2000E-03
6.8121E-02 1.2000E-03
1.0591E-01 1.2000E-03
1.1955E-01 1.2000E-03
1.0780E-01 1.2000E-03
6.7846E-02 1.2000E-03
1.1492E-01 1.2000E-03
4.6042E-02 1.2000E-03
1.0629E-01 1.2000E-03
2.6738E-02 1.2000E-03
3.3776E-02 1.2000E-03
7.4865E-02 1.2000E-03
8.7390E-02 1.2000E-03
3.0567E-02 1.2000E-03
9.3478E-02 1.2000E-03
5.6023E-02 1.2000E-03
4.7049E-02 1.2000E-03
3.5500E-02 1.2000E-03
3.6754E-02 1.2000E-03
6.9860E-02 1.2000E-03
5.2030E-02 1.2000E-03
1.8893E-02 1.2000E-03
6.4898E-02 1.2000E-03
4.3620E-02 1.2000E-03
3.4743E-02 1.2000E-03
6.8745E-02 1.2000E-03
4.1590E-02 1.2000E-03
1.5537E-02 1.2000E-03
4.4773E-02 1.2000E-03
2.2341E-02 1.2000E-03
3.2757E-02 1.2000E-03
7.9489E-02 1.2000E-03
3.9989E-02 1.2000E-03
1.5888E-02 1.2000E-03
2.8129E-02 1.2000E-03
4.6203E-02 1.2000E-03
3.7905E-02 1.2000E-03
5.2800E-02 1.2000E-03
4.1497E-02 1.2000E-03
5.7344E-02 1.2000E-03
2.2798E-02 1.2000E-03
1.1169E-02 1.2000E-03
2.5953E-02 1.2000E-03
3.7504E-02 1.2000E-03
3.3267E-02 1.2000E-03
2.4154E-02 1.2000E-03
2.9397E-02 1.2000E-03
4.1379E-02 1.2000E-03
2.1426E-02 1.2000E-03
1.7349E-02 1.2000E-03
2.6706E-02 1.2000E-03
2.8077E-02 1.2000E-03
3.5568E-02 1.2000E-03
3.4036E-02 1.2000E-03
3.6191E-02 1.2000E-03
2.6920E-02 1.2000E-03
4.6376E-02 1.2000E-03
2.8091E-02 1.2000E-03
3.4573E-02 1.2000E-03
3.3341E-02 1.2000E-03
6.2671E-02 1.2000E-03
4.2978E-02 1.2000E-03
3.1723E-02 1.2000E-03
5.7047E-02 1.2000E-03
6.1080E-02 1.2000E-03
3.0296E-02 1.2000E-03
4.0720E-02 1.2000E-03
6.2754E-02 1.2000E-03
4.4732E-02 1.2000E-03
2.3825E-02 1.2000E-03
7.9553E-02 1.2000E-03
1.0745E-02 1.2000E-03
3.0220E-02 1.2000E-03
4.8641E-02 1.2000E-03
8.4688E-02 1.2000E-03
1.4826E-02 1.2000E-03
1.0353E-02 1.2000E-03
1.2212E-02 1.2000E-03
5.1561E-02 1.2000E-03
1.1933E-02 1.2000E-03
2.3946E-02 1.2000E-03
3.5756E-02 1.2000E-03
6.7653E-02 1.2000E-03
7.4874E-02 1.2000E-03
1.4998E-02 1.2000E-03
2.5810E-02 1.2000E-03
3.8320E-02 1.2000E-03
6.7906E-02 1.2000E-03
3.2156E-02 1.2000E-03
2.8528E-02 1.2000E-03
2.9417E-02 1.2000E-03
6.6227E-02 1.2000E-03
2.5020E-02 1.2000E-03
2.5150E-02 1.2000E-03
2.6815E-02 1.2000E-03
5.7789E-02 1.2000E-03
1.4220E-02 1.2000E-03
4.0672E-02 1.2000E-03
3.1434E-02 1.2000E-03
8.0550E-02 1.2000E-03
5.4199E-02 1.2000E-03
2.3215E-02 1.2000E-03
1.3120E-02 1.2000E-03
3.1960E-02 1.2000E-03
3.0154E-02 1.2000E-03
4.3686E-02 1.2000E-03
4.8158E-02 1.2000E-03
8.1017E-02 1.2000E-03
2.8464E-02 1.2000E-03
5.2086E-02 1.2000E-03
1.8683E-02 1.2000E-03
3.6822E-02 1.2000E-03
6.6599E-02 1.2000E-03
6.0847E-02 1.2000E-03
5.4801E-02 1.2000E-03
8.2385E-02 1.2000E-03
7.5862E-02 1.2000E-03
6.3818E-02 1.2000E-03
6.1857E-02 1.2000E-03
7.3272E-02 1.2000E-03
1.1124E-02 1.2000E-03
2.1557E-02 1.2000E-03
4.9058E-02 1.2000E-03
5.5497E-02 1.2000E-03
3.9097E-02 1.2000E-03
8.3072E-02 1.2000E-03
3.9389E-02 1.2000E-03
5.7596E-02 1.2000E-03
6.1789E-02 1.2000E-03
7.9274E-02 1.2000E-03
2.6886E-02 1.2000E-03
1.3288E-01 1.2000E-03
3.8087E-02 1.2000E-03
8.4394E-02 1.2000E-03
1.4025E-01 1.2000E-03
1.3759E-01 1.2000E-03
5.1257E-02 1.2000E-03
1.3622E-01 1.2000E-03
3.4134E-02 1.2000E-03
6.6111E-02 1.2000E-03
4.7045E-02 1.2000E-03
8.5898E-02 1.2000E-03
4.6762E-02 1.2000E-03
1.0446E-01 1.2000E-03
3.4381E-02 1.2000E-03
9.2039E-02 1.2000E-03
2.0286E-02 1.2000E-03
4.8524E-02 1.2000E-03
5.3161E-02 1.2000E-03
5.5307E-02 1.2000E-03
2.5911E-02 1.2000E-03
3.4611E-02 1.2000E-03
4.9830E-02 1.2000E-03
1.7144E-02 1.2000E-03
1.8946E-02 1.2000E-03
5.6772E-02 1.2000E-03
3.2729E-02 1.2000E-03
3.2131E-02 1.2000E-03
4.1236E-02 1.2000E-03
3.3684E-02 1.2000E-03
4.3111E-02 1.2000E-03
2.8367E-02 1.2000E-03
2.3692E-02 1.2000E-03
4.9360E-02 1.2000E-03
4.0087E-02 1.2000E-03
2.0882E-02 1.2000E-03
2.7228E-02 1.2000E-03
3.8185E-02 1.2000E-03
1.8144E-02 1.2000E-03
3.7259E-02 1.2000E-03
2.1796E-02 1.2000E-03
2.4325E-02 1.2000E-03
4.9439E-02 1.2000E-03
3.5177E-02 1.2000E-03
1.1757E-02 1.2000E-03
4.1109E-02 1.2000E-03
1.6551E-02 1.2000E-03
2.7728E-02 1.2000E-03
7.0350E-02 1.2000E-03
3.7733E-02 1.2000E-03
1.8317E-02 1.2000E-03
5.1133E-02 1.2000E-03
1.6780E-02 1.2000E-03
2.3333E-02 1.2000E-03
6.1772E-02 1.2000E-03
2.8192E-02 1.2000E-03
4.7404E-03 1.2000E-03
5.3321E-02 1.2000E-03
2.2132E-02 1.2000E-03
6.5133E-02 1.2000E-03
7.4935E-02 1.2000E-03
3.3545E-02 1.2000E-03
2.4964E-02 1.2000E-03
5.2795E-02 1.2000E-03
3.1027E-02 1.2000E-03
3.6889E-02 1.2000E-03
7.6633E-02 1.2000E-03
7.8368E-02 1.2000E-03
3.5956E-02 1.2000E-03
7.8872E-02 1.2000E-03
3.2199E-02 1.2000E-03
4.2207E-02 1.2000E-03
3.6598E-02 1.2000E-03
6.6456E-02 1.2000E-03
3.4953E-02 1.2000E-03
6.1423E-02 1.2000E-03
5.7839E-02 1.2000E-03
3.3482E-02 1.2000E-03
1.8221E-02 1.2000E-03
7.6908E-02 1.2000E-03
6.7252E-02 1.2000E-03
4.5362E-02 1.2000E-03
3.6080E-02 1.2000E-03
5.3173E-02 1.2000E-03
7.0916E-02 1.2000E-03
3.4513E-02 1.2000E-03
1.7609E-02 1.2000E-03
3.9504E-02 1.2000E-03
4.8522E-02 1.2000E-03
4.4381E-02 1.2000E-03
1.3084E-02 1.2000E-03
6.8854E-02 1.2000E-03
2.2867E-02 1.2000E-03
3.8988E-02 1.2000E-03
6.7450E-02 1.2000E-03
2.8683E-02 1.2000E-03
3.5084E-02 1.2000E-03
3.8849E-02 1.2000E-03
1.0949E-02 1.2000E-03
1.7502E-02 1.2000E-03
3.2472E-02 1.2000E-03
3.7764E-02 1.2000E-03
3.8302E-02 1.2000E-03
2.6169E-02 1.2000E-03
8.1626E-02 1.2000E-03
3.7755E-02 1.2000E-03
8.3050E-03 1.2000E-03
2.9134E-02 1.2000E-03
5.4129E-02 1.2000E-03
4.5829E-02 1.2000E-03
2.0132E-02 1.2000E-03
3.0717E-02 1.2000E-03
2.3496E-02 1.2000E-03
4.0365E-02 1.2000E-03
4.1436E-02 1.2000E-03
3.0525E-02 1.2000E-03
3.4289E-02 1.2000E-03
4.2362E-02 1.2000E-03
2.4174E-02 1.2000E-03
3.0071E-02 1.2000E-03
3.0515E-02 1.2000E-03
4.5340E-02 1.2000E-03
2.5525E-02 1.2000E-03
5.3481E-02 1.2000E-03
1.8766E-02 1.2000E-03
4.6367E-02 1.2000E-03
4.8751E-02 1.2000E-03
5.5996E-02 1.2000E-03
1.6722E-02 1.2000E-03
6.0501E-02 1.2000E-03
4.1964E-02 1.2000E-03
3.6490E-02 1.2000E-03
1.1501E-01 1.2000E-03
7.6194E-02 1.2000E-03
2.6886E-02 1.2000E-03
9.0165E-02 1.2000E-03
1.7530E-02 1.2000E-03
6.3459E-02 1.2000E-03
1.1768E-01 1.2000E-03
1.1349E-01 1.2000E-03
1.4219E-02 1.2000E-03
1.1857E-01 1.2000E-03
2.2723E-02 1.2000E-03
4.7661E-02 1.2000E-03
1.0509E-01 1.2000E-03
6.8080E-02 1.2000E-03
3.6303E-02 1.2000E-03
7.2628E-02 1.2000E-03
1.5516E-02 1.2000E-03
1.1873E-01 1.2000E-03
1.6326E-02 1.2000E-03
5.1389E-02 1.2000E-03
3.6905E-02 1.2000E-03
1.1749E-01 1.2000E-03
6.7475E-02 1.2000E-03
2.7817E-02 1.2000E-03
7.6635E-02 1.2000E-03
2.9590E-02 1.2000E-03
9.1811E-02 1.2000E-03
6.4969E-02 1.2000E-03
3.4420E-02 1.2000E-03
1.0040E-02 1.2000E-03
8.0138E-02 1.2000E-03
3.7392E-02 1.2000E-03
4.1172E-02 1.2000E-03
2.7319E-02 1.2000E-03
3.5077E-02 1.2000E-03
2.3669E-02 1.2000E-03
2.2224E-02 1.2000E-03
1.2946E-02 1.2000E-03
1.1759E-02 1.2000E-03
1.9152E-02 1.2000E-03
1.7926E-02 1.2000E-03
1.4441E-02 1.2000E-03
1.3918E-02 1.2000E-03
3.6368E-02 1.2000E-03
7.7268E-03 1.2000E-03
6.5427E-03 1.2000E-03
9.2811E-03 1.2000E-03
3.2491E-02 1.2000E-03
1.4588E-02 1.2000E-03
1.4591E-02 1.2000E-03
1.6227E-02 1.2000E-03
3.2629E-02 1.2000E-03
8.4111E-03 1.2000E-03
9.6648E-03 1.2000E-03
1.4051E-02 1.2000E-03
2.1328E-02 1.2000E-03
2.2196E-02 1.2000E-03
2.2288E-02 1.2000E-03
1.0904E-02 1.2000E-03
3.0380E-02 1.2000E-03
2.3563E-02 1.2000E-03
1.5014E-02 1.2000E-03
3.0724E-02 1.2000E-03
5.4112E-02 1.2000E-03
1.0980E-02 1.2000E-03
2.5967E-02 1.2000E-03
2.1280E-02 1.2000E-03
5.3193E-02 1.2000E-03
1.0233E-01 1.2000E-03
1.8696E-02 1.2000E-03
6.6751E-03 1.2000E-03
4.3165E-02 1.2000E-03
8.3498E-02 1.2000E-03
4.4225E-02 1.2000E-03
1.9872E-02 1.2000E-03
1.0918E-01 1.2000E-03
1.8129E-02 1.2000E-03
4.3824E-02 1.2000E-03
9.3676E-02 1.2000E-03
1.1406E-01 1.2000E-03
1.0957E-01 1.2000E-03
2.5568E-02 1.2000E-03
1.0049E-01 1.2000E-03
1.8922E-02 1.2000E-03
6.3697E-02 1.2000E-03
1.1269E-01 1.2000E-03
1.9733E-02 1.2000E-03
1.3275E-01 1.2000E-03
2.9317E-02 1.2000E-03
6.8833E-02 1.2000E-03
1.4184E-01 1.2000E-03
2.5894E-02 1.2000E-03
8.4791E-02 1.2000E-03
4.4577E-02 1.2000E-03
7.3158E-02 1.2000E-03
1.9182E-02 1.2000E-03
8.2379E-02 1.2000E-03
3.2165E-02 1.2000E-03
5.5299E-02 1.2000E-03
4.4565E-02 1.2000E-03
7.7874E-02 1.2000E-03
4.0495E-02 1.2000E-03
1.5055E-02 1.2000E-03
2.1064E-02 1.2000E-03
6.0951E-02 1.2000E-03
4.8257E-02 1.2000E-03
1.6148E-02 1.2000E-03
4.7731E-02 1.2000E-03
5.9563E-02 1.2000E-03
1.9503E-02 1.2000E-03
6.9101E-02 1.2000E-03
2.9484E-02 1.2000E-03
7.7210E-02 1.2000E-03
5.2598E-02 1.2000E-03
4.7163E-02 1.2000E-03
1.9544E-02 1.2000E-03
9.5040E-02 1.2000E-03
5.1862E-02 1.2000E-03
5.0219E-02 1.2000E-03
6.7495E-02 1.2000E-03
1.1591E-01 1.2000E-03
3.5657E-02 1.2000E-03
6.4307E-02 1.2000E-03
6.1664E-03 1.2000E-03
3.4387E-02 1.2000E-03
4.2602E-02 1.2000E-03
1.1179E-01 1.2000E-03
1.7504E-02 1.2000E-03
2.8060E-02 1.2000E-03
1.4707E-02 1.2000E-03
7.5843E-02 1.2000E-03
4.1378E-02 1.2000E-03
3.3856E-02 1.2000E-03
2.7814E-02 1.2000E-03
3.7209E-02 1.2000E-03
4.4683E-02 1.2000E-03
2.9702E-02 1.2000E-03
4.7757E-02 1.2000E-03
2.7949E-02 1.2000E-03
6.8769E-02 1.2000E-03
1.8544E-02 1.2000E-03
3.4532E-02 1.2000E-03
1.3241E-02 1.2000E-03
4.1434E-02 1.2000E-03
3.1863E-02 1.2000E-03
5.1021E-02 1.2000E-03
7.7916E-03 1.2000E-03
3.5146E-02 1.2000E-03
1.7471E-02 1.2000E-03
3.3003E-02 1.2000E-03
3.6053E-02 1.2000E-03
3.5175E-02 1.2000E-03
1.2725E-02 1.2000E-03
4.2545E-02 1.2000E-03
1.8745E-02 1.2000E-03
2.0643E-02 1.2000E-03
5.0265E-02 1.2000E-03
4.3325E-02 1.2000E-03
1.0323E-02 1.2000E-03
3.3397E-02 1.2000E-03
1.8740E-02 1.2000E-03
5.1050E-02 1.2000E-03
4.7302E-02 1.2000E-03
2.1274E-02 1.2000E-03
1.5897E-02 1.2000E-03
3.4592E-02 1.2000E-03
3.2102E-02 1.2000E-03
2.4639E-02 1.2000E-03
2.5948E-02 1.2000E-03
3.0578E-02 1.2000E-03
2.1138E-02 1.2000E-03
2.5817E-02 1.2000E-03
1.5689E-02 1.2000E-03
1.8203E-02 1.2000E-03
2.3275E-02 1.2000E-03
4.1583E-02 1.2000E-03
6.6875E-03 1.2000E-03
1.9889E-02 1.2000E-03
1.3864E-02 1.2000E-03
2.9569E-02 1.2000E-03
1.9484E-02 1.2000E-03
8.3302E-03 1.2000E-03
1.3883E-02 1.2000E-03
1.9160E-02 1.2000E-03
3.0493E-02 1.2000E-03
1.0855E-02 1.2000E-03
2.0590E-02 1.2000E-03
1.9794E-02 1.2000E-03
2.9438E-02 1.2000E-03
1.9710E-02 1.2000E-03
3.7389E-02 1.2000E-03
7.7209E-03 1.2000E-03
1.3163E-02 1.2000E-03
1.7632E-02 1.2000E-03
3.8600E-02 1.2000E-03
3.2903E-02 1.2000E-03
2.1253E-02 1.2000E-03
1.2519E-02 1.2000E-03
2.9063E-02 1.2000E-03
1.7032E-02 1.2000E-03
1.3275E-02 1.2000E-03
2.6940E-02 1.2000E-03
1.8945E-02 1.2000E-03
4.7424E-03 1.2000E-03
9.5609E-03 1.2000E-03
2.4547E-02 1.2000E-03
6.3887E-03 1.2000E-03
3.5697E-02 1.2000E-03
1.0486E-02 1.2000E-03
2.0351E-02 1.2000E-03
2.3591E-02 1.2000E-03
1.1502E-02 1.2000E-03
9.6633E-03 1.2000E-03
2.5117E-02 1.2000E-03
1.4678E-02 1.2000E-03
8.7680E-03 1.2000E-03
1.9104E-02 1.2000E-03
3.3411E-02 1.2000E-03
5.9081E-03 1.2000E-03
1.3560E-02 1.2000E-03
1.6858E-02 1.2000E-03
3.4419E-02 1.2000E-03
6.8598E-02 1.2000E-03
1.7722E-02 1.2000E-03
6.4087E-03 1.2000E-03
7.4901E-03 1.2000E-03
4.8562E-02 1.2000E-03
1.3857E-02 1.2000E-03
2.9785E-02 1.2000E-03
2.6833E-02 1.2000E-03
6.0405E-02 1.2000E-03
9.5334E-03 1.2000E-03
1.4466E-02 1.2000E-03
6.9724E-03 1.2000E-03
5.2904E-02 1.2000E-03
2.9795E-02 1.2000E-03
2.2030E-02 1.2000E-03
5.0296E-02 1.2000E-03
5.1548E-02 1.2000E-03
4.1052E-02 1.2000E-03
2.1317E-02 1.2000E-03
5.0261E-02 1.2000E-03
1.8769E-02 1.2000E-03
6.1678E-02 1.2000E-03
5.4218E-02 1.2000E-03
4.0250E-02 1.2000E-03
6.9346E-02 1.2000E-03
1.0297E-01 1.2000E-03
3.1399E-02 1.2000E-03
6.7152E-02 1.2000E-03
9.1715E-03 1.2000E-03
5.9206E-02 1.2000E-03
5.5397E-02 1.2000E-03
4.5860E-02 1.2000E-03
6.8640E-02 1.2000E-03
4.3088E-02 1.2000E-03
1.3502E-02 1.2000E-03
4.6746E-02 1.2000E-03
4.3123E-02 1.2000E-03
5.7888E-02 1.2000E-03
3.5158E-02 1.2000E-03
1.1139E-01 1.2000E-03
2.7522E-02 1.2000E-03
6.5343E-03 1.2000E-03
5.2312E-02 1.2000E-03
8.6511E-02 1.2000E-03
2.0323E-02 1.2000E-03
2.4734E-02 1.2000E-03
4.2194E-02 1.2000E-03
5.1354E-02 1.2000E-03
1.1481E-01 1.2000E-03
1.8841E-02 1.2000E-03
6.0092E-02 1.2000E-03
1.7524E-02 1.2000E-03
6.2492E-02 1.2000E-03
1.1439E-01 1.2000E-03
4.0995E-02 1.2000E-03
1.5260E-02 1.2000E-03
8.3565E-02 1.2000E-03
6.9139E-02 1.2000E-03
2.3709E-02 1.2000E-03
3.2285E-02 1.2000E-03
2.2062E-02 1.2000E-03
1.0973E-01 1.2000E-03
5.0311E-02 1.2000E-03
2.7605E-02 1.2000E-03
6.1873E-02 1.2000E-03
1.8241E-02 1.2000E-03
9.0772E-02 1.2000E-03
2.7589E-02 1.2000E-03
1.3724E-02 1.2000E-03
2.5076E-02 1.2000E-03
3.4908E-02 1.2000E-03
8.6942E-03 1.2000E-03
1.4364E-02 1.2000E-03
2.2348E-02 1.2000E-03
3.0837E-02 1.2000E-03
4.6352E-02 1.2000E-03
1.8392E-02 1.2000E-03
3.6745E-02 1.2000E-03
1.9485E-02 1.2000E-03
2.1232E-02 1.2000E-03
3.3173E-02 1.2000E-03
1.7381E-02 1.2000E-03
1.1388E-02 1.2000E-03
2.5148E-02 1.2000E-03
3.3871E-02 1.2000E-03
3.2452E-03 1.2000E-03
8.2431E-03 1.2000E-03
1.4350E-02 1.2000E-03
3.7030E-02 1.2000E-03
3.2185E-02 1.2000E-03
1.2299E-02 1.2000E-03
3.1298E-02 1.2000E-03
3.7707E-02 1.2000E-03
1.7457E-02 1.2000E-03
6.1862E-02 1.2000E-03
2.9916E-02 1.2000E-03
5.6202E-02 1.2000E-03
9.8497E-02 1.2000E-03
1.4875E-02 1.2000E-03
1.1022E-02 1.2000E-03
8.2109E-02 1.2000E-03
8.9372E-02 1.2000E-03
3.8847E-02 1.2000E-03
9.7344E-02 1.2000E-03
1.8267E-02 1.2000E-03
6.3681E-02 1.2000E-03
7.9572E-02 1.2000E-03
2.3192E-02 1.2000E-03
7.3198E-02 1.2000E-03
1.1331E-01 1.2000E-03
2.9619E-02 1.2000E-03
6.9378E-02 1.2000E-03
8.2407E-03 1.2000E-03
5.4477E-02 1.2000E-03
5.4094E-02 1.2000E-03
3.5399E-02 1.2000E-03
7.7785E-02 1.2000E-03
3.9897E-02 1.2000E-03
1.0833E-02 1.2000E-03
4.2661E-02 1.2000E-03
2.6778E-02 1.2000E-03
4.3940E-02 1.2000E-03
6.5575E-02 1.2000E-03
1.1064E-01 1.2000E-03
5.8861E-02 1.2000E-03
1.1265E-02 1.2000E-03
6.4068E-02 1.2000E-03
8.8667E-02 1.2000E-03
6.4359E-02 1.2000E-03
1.7785E-02 1.2000E-03
4.8207E-02 1.2000E-03
1.4067E-02 1.2000E-03
3.2050E-02 1.2000E-03
2.5776E-02 1.2000E-03
1.8716E-02 1.2000E-03
3.5782E-02 1.2000E-03
2.5145E-02 1.2000E-03
8.7706E-03 1.2000E-03
9.4687E-03 1.2000E-03
1.7283E-02 1.2000E-03
3.0000E-02 1.2000E-03
2.4673E-02 1.2000E-03
2.3600E-02 1.2000E-03
9.3772E-03 1.2000E-03
1.2514E-02 1.2000E-03
3.1980E-02 1.2000E-03
1.2458E-02 1.2000E-03
9.5203E-03 1.2000E-03
1.4900E-02 1.2000E-03
2.3394E-02 1.2000E-03
9.8994E-03 1.2000E-03
1.8867E-02 1.2000E-03
1.5726E-02 1.2000E-03
4.1585E-02 1.2000E-03
1.3343E-02 1.2000E-03
8.3318E-03 1.2000E-03
1.5392E-02 1.2000E-03
3.2608E-02 1.2000E-03
1.3514E-02 1.2000E-03
1.8464E-02 1.2000E-03
1.7030E-02 1.2000E-03
3.5013E-02 1.2000E-03
2.4192E-02 1.2000E-03
1.1788E-02 1.2000E-03
7.0286E-03 1.2000E-03
6.1087E-03 1.2000E-03
1.6477E-02 1.2000E-03
2.7658E-02 1.2000E-03
2.3696E-02 1.2000E-03
3.7575E-03 1.2000E-03
8.7578E-03 1.2000E-03
1.0826E-02 1.2000E-03
1.4944E-02 1.2000E-03
2.1842E-02 1.2000E-03
9.7097E-03 1.2000E-03
5.4430E-03 1.2000E-03
1.3201E-02 1.2000E-03
2.2304E-02 1.2000E-03
1.9136E-03 1.2000E-03
3.3877E-03 1.2000E-03
8.6724E-03 1.2000E-03
1.3969E-02 1.2000E-03
2.0979E-02 1.2000E-03
5.7093E-03 1.2000E-03
1.0500E-02 1.2000E-03
1.0245E-02 1.2000E-03
2.4228E-02 1.2000E-03
4.8934E-03 1.2000E-03
7.1211E-03 1.2000E-03
7.7182E-03 1.2000E-03
2.0797E-02 1.2000E-03
3.5277E-03 1.2000E-03
7.0973E-03 1.2000E-03
1.0500E-02 1.2000E-03
1.6492E-02 1.2000E-03
2.2443E-02 1.2000E-03
2.5077E-03 1.2000E-03
4.2620E-03 1.2000E-03
4.0735E-03 1.2000E-03
1.1183E-02 1.2000E-03
1.2193E-02 1.2000E-03
7.5946E-03 1.2000E-03
1.1990E-02 1.2000E-03
1.2570E-02 1.2000E-03
2.4653E-02 1.2000E-03
6.8396E-03 1.2000E-03
5.4824E-03 1.2000E-03
4.8189E-03 1.2000E-03
1.9922E-02 1.2000E-03
8.6225E-03 1.2000E-03
8.8302E-03 1.2000E-03
1.2170E-02 1.2000E-03
1.7685E-02 1.2000E-03
1.6454E-02 1.2000E-03
3.5943E-03 1.2000E-03
7.3419E-03 1.2000E-03
7.9631E-03 1.2000E-03
8.3585E-03 1.2000E-03
2.6557E-02 1.2000E-03
1.1959E-02 1.2000E-03
2.2533E-03 1.2000E-03
8.9779E-03 1.2000E-03
8.2298E-03 1.2000E-03
1.9784E-02 1.2000E-03
7.2567E-03 1.2000E-03
9.3612E-04 1.2000E-03
9.4836E-03 1.2000E-03
1.2967E-02 1.2000E-03
1.2739E-02 1.2000E-03
7.0861E-03 1.2000E-03
9.4788E-03 1.2000E-03
1.1921E-02 1.2000E-03
2.2015E-02 1.2000E-03
3.0384E-03 1.2000E-03
1.1006E-02 1.2000E-03
1.4527E-02 1.2000E-03
1.2654E-02 1.2000E-03
3.5295E-02 1.2000E-03
1.0983E-02 1.2000E-03
1.3524E-03 1.2000E-03
1.0377E-02 1.2000E-03
1.9502E-02 1.2000E-03
1.9622E-02 1.2000E-03
3.5442E-02 1.2000E-03
3.0265E-03 1.2000E-03
5.5959E-03 1.2000E-03
8.7837E-03 1.2000E-03
3.2486E-02 1.2000E-03
3.9355E-03 1.2000E-03
9.8975E-03 1.2000E-03
1.3942E-02 1.2000E-03
3.0183E-02 1.2000E-03
2.8226E-02 1.2000E-03
3.9237E-03 1.2000E-03
2.7284E-03 1.2000E-03
6.8885E-03 1.2000E-03
2.3495E-02 1.2000E-03
9.8989E-03 1.2000E-03
1.0409E-02 1.2000E-03
1.6610E-02 1.2000E-03
2.9224E-02 1.2000E-03
6.4233E-03 1.2000E-03
1.2297E-02 1.2000E-03
4.4527E-03 1.2000E-03
3.5409E-02 1.2000E-03
4.3754E-03 1.2000E-03
1.6062E-02 1.2000E-03
1.9995E-02 1.2000E-03
5.0312E-02 1.2000E-03
1.5225E-02 1.2000E-03
1.4944E-02 1.2000E-03
1.6656E-02 1.2000E-03
2.2521E-02 1.2000E-03
2.9360E-02 1.2000E-03
3.0746E-02 1.2000E-03
1.4728E-02 1.2000E-03
6.4059E-02 1.2000E-03
1.7234E-02 1.2000E-03
3.5887E-02 1.2000E-03
3.9727E-02 1.2000E-03
6.1481E-02 1.2000E-03
1.0045E-02 1.2000E-03
5.8519E-02 1.2000E-03
1.5662E-02 1.2000E-03
4.2234E-02 1.2000E-03
7.7490E-02 1.2000E-03
5.5234E-02 1.2000E-03
1.4096E-02 1.2000E-03
8.3514E-02 1.2000E-03
1.7422E-02 1.2000E-03
3.2528E-02 1.2000E-03
5.7043E-02 1.2000E-03
8.6189E-03 1.2000E-03
3.4226E-02 1.2000E-03
3.9790E-02 1.2000E-03
3.6723E-02 1.2000E-03
8.6435E-03 1.2000E-03
9.5794E-02 1.2000E-03
6.2362E-02 1.2000E-03
1.3882E-02 1.2000E-03
2.7884E-02 1.2000E-03
3.6284E-02 1.2000E-03
2.5573E-02 1.2000E-03
1.4653E-02 1.2000E-03
1.3208E-02 1.2000E-03
2.0255E-02 1.2000E-03
3.4997E-02 1.2000E-03
1.2223E-02 1.2000E-03
4.9687E-03 1.2000E-03
5.2197E-03 1.2000E-03
2.8646E-02 1.2000E-03
7.6878E-03 1.2000E-03
7.4495E-03 1.2000E-03
2.4546E-02 1.2000E-03
1.8983E-02 1.2000E-03
1.9250E-02 1.2000E-03
1.3809E-02 1.2000E-03
4.7207E-03 1.2000E-03
1.4504E-02 1.2000E-03
9.2855E-03 1.2000E-03
4.5526E-03 1.2000E-03
1.1492E-02 1.2000E-03
1.5741E-02 1.2000E-03
1.0657E-02 1.2000E-03
7.4067E-03 1.2000E-03
7.9670E-03 1.2000E-03
1.1939E-02 1.2000E-03
9.5592E-03 1.2000E-03
9.9846E-03 1.2000E-03
8.0168E-03 1.2000E-03
1.0332E-02 1.2000E-03
1.2966E-02 1.2000E-03
1.2977E-02 1.2000E-03
1.0540E-02 1.2000E-03
1.3589E-02 1.2000E-03
1.2814E-02 1.2000E-03
1.0681E-02 1.2000E-03
1.0481E-02 1.2000E-03
1.2809E-02 1.2000E-03
1.2521E-02 1.2000E-03
1.2123E-02 1.2000E-03
1.4136E-02 1.2000E-03
1.0323E-02 1.2000E-03
1.1766E-02 1.2000E-03
1.3894E-02 1.2000E-03
1.1836E-02 1.2000E-03
8.0222E-03 1.2000E-03
1.9870E-02 1.2000E-03
1.0850E-02 1.2000E-03
8.1883E-03 1.2000E-03
1.7648E-02 1.2000E-03
1.7798E-02 1.2000E-03
5.4621E-03 1.2000E-03
2.1377E-02 1.2000E-03
1.5527E-02 1.2000E-03
1.3311E-02 1.2000E-03
3.1169E-02 1.2000E-03
1.8398E-02 1.2000E-03
3.0782E-03 1.2000E-03
1.6058E-02 1.2000E-03
1.3277E-02 1.2000E-03
4.0885E-02 1.2000E-03
2.6277E-02 1.2000E-03
1.3386E-02 1.2000E-03
8.6466E-03 1.2000E-03
2.3593E-02 1.2000E-03
2.4315E-02 1.2000E-03
2.1346E-02 1.2000E-03
1.8454E-02 1.2000E-03
1.6844E-02 1.2000E-03
2.9121E-02 1.2000E-03
2.7273E-02 1.2000E-03
8.2078E-03 1.2000E-03
3.4393E-02 1.2000E-03
1.7532E-02 1.2000E-03
2.2230E-02 1.2000E-03
1.2292E-02 1.2000E-03
2.8510E-02 1.2000E-03
2.1091E-02 1.2000E-03
7.0760E-03 1.2000E-03
1.4048E-02 1.2000E-03
1.3997E-02 1.2000E-03
1.9261E-02 1.2000E-03
9.5703E-03 1.2000E-03
8.0850E-03 1.2000E-03
1.5320E-02 1.2000E-03
1.9306E-02 1.2000E-03
1.3589E-02 1.2000E-03
1.2451E-02 1.2000E-03
2.0005E-02 1.2000E-03
1.4521E-02 1.2000E-03
4.0978E-02 1.2000E-03
1.4170E-02 1.2000E-03
1.5505E-02 1.2000E-03
3.0673E-02 1.2000E-03
4.1481E-02 1.2000E-03
1.1596E-02 1.2000E-03
1.9054E-02 1.2000E-03
2.4034E-02 1.2000E-03
4.0850E-02 1.2000E-03
4.1059E-02 1.2000E-03
4.4138E-02 1.2000E-03
1.5734E-02 1.2000E-03
7.0964E-02 1.2000E-03
2.3160E-02 1.2000E-03
2.1314E-02 1.2000E-03
4.8997E-02 1.2000E-03
6.4565E-02 1.2000E-03
1.7037E-02 1.2000E-03
3.3110E-02 1.2000E-03
1.1565E-02 1.2000E-03
4.8248E-02 1.2000E-03
2.3413E-02 1.2000E-03
3.5153E-02 1.2000E-03
9.9157E-03 1.2000E-03
3.9261E-02 1.2000E-03
1.4228E-02 1.2000E-03
2.8155E-02 1.2000E-03
1.4597E-02 1.2000E-03
2.8631E-02 1.2000E-03
2.4117E-02 1.2000E-03
9.1251E-03 1.2000E-03
2.3201E-02 1.2000E-03
1.2505E-02 1.2000E-03
4.3266E-02 1.2000E-03
1.6231E-02 1.2000E-03
3.4375E-02 1.2000E-03
8.1798E-03 1.2000E-03
3.7765E-02 1.2000E-03
2.5919E-02 1.2000E-03
2.9646E-02 1.2000E-03
3.1407E-02 1.2000E-03
5.1935E-02 1.2000E-03
1.1252E-02 1.2000E-03
4.0319E-02 1.2000E-03
1.0055E-02 1.2000E-03
5.5556E-02 1.2000E-03
3.3550E-02 1.2000E-03
2.0680E-02 1.2000E-03
3.8553E-02 1.2000E-03
4.3717E-02 1.2000E-03
1.9292E-02 1.2000E-03
5.0922E-02 1.2000E-03
9.9984E-03 1.2000E-03
5.3572E-02 1.2000E-03
5.9919E-03 1.2000E-03
2.9538E-02 1.2000E-03
3.8218E-02 1.2000E-03
4.9158E-02 1.2000E-03
6.5288E-03 1.2000E-03
2.7924E-02 1.2000E-03
4.3280E-03 1.2000E-03
5.1005E-02 1.2000E-03
1.6740E-02 1.2000E-03
1.5319E-02 1.2000E-03
2.0308E-02 1.2000E-03
3.2118E-02 1.2000E-03
1.1969E-02 1.2000E-03
2.7592E-02 1.2000E-03
1.0244E-02 1.2000E-03
3.6648E-02 1.2000E-03
9.6510E-03 1.2000E-03
1.5508E-02 1.2000E-03
1.5383E-02 1.2000E-03
1.2415E-02 1.2000E-03
1.1484E-02 1.2000E-03
1.2006E-02 1.2000E-03
2.0326E-02 1.2000E-03
1.1342E-02 1.2000E-03
2.3608E-03 1.2000E-03
8.8142E-03 1.2000E-03
1.4503E-02 1.2000E-03
1.1632E-02 1.2000E-03
1.2418E-02 1.2000E-03
7.4774E-03 1.2000E-03
2.1189E-02 1.2000E-03
3.2326E-03 1.2000E-03
1.6599E-02 1.2000E-03
1.3196E-02 1.2000E-03
8.0210E-03 1.2000E-03
1.2531E-02 1.2000E-03
1.6627E-02 1.2000E-03
6.7674E-03 1.2000E-03
5.2664E-03 1.2000E-03
4.9937E-03 1.2000E-03
3.5452E-03 1.2000E-03
6.5076E-03 1.2000E-03
7.1699E-03 1.2000E-03
7.1583E-03 1.2000E-03
9.1136E-03 1.2000E-03
7.5786E-03 1.2000E-03
1.3066E-03 1.2000E-03
3.4144E-03 1.2000E-03
5.7709E-03 1.2000E-03
1.4214E-02 1.2000E-03
5.3934E-03 1.2000E-03
3.3477E-03 1.2000E-03
5.9121E-03 1.2000E-03
1.0787E-02 1.2000E-03
2.2985E-03 1.2000E-03
3.7976E-03 1.2000E-03
5.9796E-03 1.2000E-03
1.1314E-02 1.2000E-03
2.1571E-02 1.2000E-03
3.8731E-03 1.2000E-03
1.1040E-03 1.2000E-03
3.5857E-03 1.2000E-03
1.1568E-02 1.2000E-03
9.0692E-03 1.2000E-03
5.3025E-03 1.2000E-03
9.0019E-03 1.2000E-03
8.2620E-03 1.2000E-03
6.7838E-03 1.2000E-03
2.8674E-03 1.2000E-03
4.7409E-03 1.2000E-03
5.6049E-03 1.2000E-03
8.3279E-03 1.2000E-03
1.3127E-02 1.2000E-03
5.3502E-03 1.2000E-03
2.8210E-03 1.2000E-03
1.0900E-02 1.2000E-03
9.1955E-03 1.2000E-03
1.2403E-03 1.2000E-03
3.7917E-03 1.2000E-03
6.0172E-03 1.2000E-03
1.4131E-02 1.2000E-03
4.7839E-03 1.2000E-03
1.9392E-03 1.2000E-03
5.7755E-03 1.2000E-03
8.7128E-03 1.2000E-03
1.0251E-02 1.2000E-03
2.9019E-03 1.2000E-03
5.3060E-03 1.2000E-03
5.9039E-03 1.2000E-03
4.0229E-03 1.2000E-03
8.6235E-03 1.2000E-03
3.8489E-03 1.2000E-03
2.8845E-03 1.2000E-03
1.1796E-02 1.2000E-03
3.8693E-03 1.2000E-03
9.6340E-04 1.2000E-03
2.9641E-03 1.2000E-03
6.9633E-03 1.2000E-03
5.1138E-03 1.2000E-03
8.0955E-03 1.2000E-03
5.3639E-03 1.2000E-03
6.8667E-03 1.2000E-03
2.4748E-03 1.2000E-03
2.7967E-03 1.2000E-03
3.3115E-03 1.2000E-03
5.3981E-03 1.2000E-03
9.0096E-03 1.2000E-03
5.2659E-03 1.2000E-03
3.4102E-03 1.2000E-03
4.6900E-03 1.2000E-03
3.3286E-03 1.2000E-03
1.9498E-03 1.2000E-03
5.7694E-03 1.2000E-03
7.0186E-03 1.2000E-03
2.2274E-03 1.2000E-03
4.0827E-03 1.2000E-03
3.2476E-03 1.2000E-03
8.7382E-03 1.2000E-03
2.3348E-03 1.2000E-03
2.7473E-04 1.2000E-03
2.4573E-03 1.2000E-03
4.8710E-03 1.2000E-03
4.2021E-03 1.2000E-03
2.9455E-03 1.2000E-03
3.1798E-03 1.2000E-03
4.4878E-03 1.2000E-03
5.5363E-03 1.2000E-03
4.5182E-04 1.2000E-03
1.8224E-03 1.2000E-03
2.5192E-03 1.2000E-03
3.5903E-03 1.2000E-03
7.3321E-03 1.2000E-03
2.9154E-03 1.2000E-03
4.8223E-04 1.2000E-03
2.3802E-03 1.2000E-03
4.5325E-03 1.2000E-03
3.6791E-04 1.2000E-03
2.3953E-03 1.2000E-03
3.6580E-03 1.2000E-03
4.2792E-03 1.2000E-03
5.4938E-03 1.2000E-03
1.2834E-03 1.2000E-03
4.1565E-04 1.2000E-03
1.0065E-03 1.2000E-03
3.0917E-03 1.2000E-03
3.2300E-03 1.2000E-03
1.8316E-03 1.2000E-03
1.0380E-03 1.2000E-03
1.6378E-03 1.2000E-03
2.7483E-03 1.2000E-03
2.4695E-03 1.2000E-03
5.8201E-04 1.2000E-03
1.2326E-03 1.2000E-03
2.1781E-03 1.2000E-03
2.4541E-03 1.2000E-03
2.4899E-03 1.2000E-03
2.3771E-03 1.2000E-03
3.1995E-03 1.2000E-03
1.3482E-03 1.2000E-03
1.9955E-03 1.2000E-03
1.7719E-03 1.2000E-03
1.7900E-03 1.2000E-03
3.5355E-03 1.2000E-03
2.0019E-03 1.2000E-03
2.9909E-04 1.2000E-03
6.4955E-03 1.2000E-03
3.9982E-02 1.2000E-03
2.5528E-02 1.2000E-03
5.2619E-02 1.2000E-03
3.1504E-02 1.2000E-03
1.3054E-02 1.2000E-03
1.3525E-02 1.2000E-03
2.3855E-02 1.2000E-03
1.3675E-02 1.2000E-03
1.1749E-02 1.2000E-03
8.2109E-03 1.2000E-03
1.4423E-02 1.2000E-03
1.9349E-02 1.2000E-03
8.0369E-03 1.2000E-03
4.0062E-03 1.2000E-03
6.0649E-03 1.2000E-03
1.1701E-02 1.2000E-03
1.4417E-02 1.2000E-03
3.2524E-03 1.2000E-03
5.6031E-03 1.2000E-03
7.0821E-03 1.2000E-03
1.6757E-02 1.2000E-03
9.8542E-03 1.2000E-03
2.1236E-03 1.2000E-03
3.2002E-03 1.2000E-03
4.4597E-03 1.2000E-03
1.1334E-02 1.2000E-03
6.7089E-03 1.2000E-03
4.4484E-03 1.2000E-03
6.1278E-03 1.2000E-03
9.6941E-03 1.2000E-03
3.6734E-03 1.2000E-03
5.0296E-03 1.2000E-03
4.6240E-03 1.2000E-03
9.8292E-03 1.2000E-03
2.3209E-03 1.2000E-03
2.3301E-03 1.2000E-03
4.1760E-03 1.2000E-03
9.4783E-03 1.2000E-03
5.1104E-03 1.2000E-03
2.5838E-03 1.2000E-03
4.5495E-03 1.2000E-03
7.1528E-03 1.2000E-03
6.6628E-03 1.2000E-03
5.3537E-03 1.2000E-03
5.1833E-03 1.2000E-03
3.3500E-03 1.2000E-03
5.2696E-03 1.2000E-03
7.0218E-03 1.2000E-03
4.1932E-03 1.2000E-03
4.1484E-03 1.2000E-03
5.7536E-03 1.2000E-03
6.7882E-03 1.2000E-03
3.4550E-03 1.2000E-03
5.9448E-03 1.2000E-03
3.3715E-03 1.2000E-03
2.7185E-03 1.2000E-03
9.4872E-03 1.2000E-03
6.1253E-03 1.2000E-03
6.3101E-04 1.2000E-03
2.8066E-03 1.2000E-03
3.1344E-03 1.2000E-03
8.0080E-03 1.2000E-03
4.9715E-03 1.2000E-03
2.2342E-03 1.2000E-03
4.9630E-03 1.2000E-03
6.6737E-03 1.2000E-03
2.0242E-03 1.2000E-03
2.8548E-03 1.2000E-03
2.7627E-03 1.2000E-03
6.1922E-03 1.2000E-03
5.8684E-03 1.2000E-03
5.1895E-04 1.2000E-03
1.2090E-03 1.2000E-03
2.4817E-03 1.2000E-03
2.9301E-03 1.2000E-03
4.9124E-03 1.2000E-03
4.3968E-03 1.2000E-03
2.0990E-03 1.2000E-03
3.8784E-03 1.2000E-03
1.0035E-03 1.2000E-03
7.4687E-04 1.2000E-03
2.8969E-03 1.2000E-03
5.3051E-03 1.2000E-03
1.7340E-03 1.2000E-03
2.1979E-03 1.2000E-03
1.9079E-03 1.2000E-03
4.3243E-03 1.2000E-03
5.0148E-03 1.2000E-03
5.4595E-04 1.2000E-03
1.0054E-03 1.2000E-03
1.9405E-03 1.2000E-03
6.0453E-03 1.2000E-03
3.3642E-03 1.2000E-03
1.1200E-03 1.2000E-03
2.8148E-03 1.2000E-03
3.9844E-03 1.2000E-03
2.3178E-03 1.2000E-03
4.2875E-03 1.2000E-03
1.5113E-03 1.2000E-03
2.1772E-03 1.2000E-03
4.4687E-03 1.2000E-03
5.8068E-03 1.2000E-03
2.2420E-03 1.2000E-03
1.9743E-03 1.2000E-03
1.6862E-03 1.2000E-03
4.8525E-03 1.2000E-03
6.6234E-03 1.2000E-03
3.4206E-04 1.2000E-03
1.3108E-03 1.2000E-03
1.8097E-03 1.2000E-03
5.9193E-03 1.2000E-03
6.5389E-03 1.2000E-03
5.7167E-04 1.2000E-03
1.1229E-03 1.2000E-03
2.3685E-03 1.2000E-03
5.5809E-03 1.2000E-03
7.4364E-03 1.2000E-03
3.7144E-04 1.2000E-03
1.5213E-03 1.2000E-03
2.3625E-03 1.2000E-03
6.3722E-03 1.2000E-03
6.4996E-03 1.2000E-03
1.1399E-03 1.2000E-03
2.2555E-03 1.2000E-03
2.8221E-03 1.2000E-03
6.6816E-03 1.2000E-03
5.9937E-03 1.2000E-03
2.1129E-03 1.2000E-03
3.6035E-03 1.2000E-03
1.8604E-03 1.2000E-03
3.7398E-03 1.2000E-03
7.4859E-03 1.2000E-03
4.2383E-03 1.2000E-03
2.3935E-03 1.2000E-03
3.4264E-03 1.2000E-03
3.6114E-03 1.2000E-03
1.1825E-03 1.2000E-03
4.9523E-03 1.2000E-03
1.6828E-03 1.2000E-03
3.4533E-03 1.2000E-03
6.6847E-03 1.2000E-03
6.9883E-03 1.2000E-03
3.9567E-04 1.2000E-03
5.9309E-04 1.2000E-03
2.4267E-03 1.2000E-03
5.1639E-03 1.2000E-03
6.1698E-03 1.2000E-03
1.6764E-03 1.2000E-03
2.4080E-03 1.2000E-03
4.6483E-04 1.2000E-03
