687.6
154.8
186.6
163.2
169.4
188.0
154.7
153.4
157.4
170.6
156.0
162.0
156.5
154.2
155.4
154.2
121.3
121.7
155.2
153.8
124.5
124.1
122.8
153.6
153.8
121.6
121.7
119.4
155.9
123.8
123.1
123.4
123.3
121.4
153.5
125.1
123.4
121.8
116.8
123.2
155.6
123.2
123.8
124.4
122.4
124.5
123.5
123.6
126.3
123.5
123.8
125.5
124.8
120.7
122.8
125.1
123.8
122.7
106.4
155.4
121.8
105.2
123.7
123.8
122.1
121.6
122.4
124.9
124.2
123.7
123.9
106.6
122.6
122.2
106.3
124.7
99.3
108.4
123.0
122.2
109.3
122.6
105.5
106.8
125.2
125.0
107.5
99.6
104.2
121.6
124.2
105.6
106.0
105.8
122.8
125.1
103.9
123.3
122.6
107.0
124.4
106.1
106.5
105.9
108.1
142.6
107.0
108.4
110.5
104.4
134.8
104.8
109.9
106.1
139.8
109.6
107.5
108.8
105.1
140.7
107.3
101.4
107.5
121.0
122.0
106.6
106.4
106.2
106.5
141.0
106.0
105.9
106.1
110.2
107.6
106.6
138.4
104.6
105.8
104.3
109.3
98.5
108.1
107.8
108.2
106.7
105.8
105.4
109.0
108.9
107.0
110.2
109.8
107.4
106.6
107.1
