Max Step   Target
7.4736E-04 1.2000E-03
7.4676E-04 1.2000E-03
7.4691E-04 1.2000E-03
7.4684E-04 1.2000E-03
7.4617E-04 1.2000E-03
7.4572E-04 1.2000E-03
7.4526E-04 1.2000E-03
7.4438E-04 1.2000E-03
7.4436E-04 1.2000E-03
7.4330E-04 1.2000E-03
7.4321E-04 1.2000E-03
7.4216E-04 1.2000E-03
7.4203E-04 1.2000E-03
7.4105E-04 1.2000E-03
7.4080E-04 1.2000E-03
7.3999E-04 1.2000E-03
7.3964E-04 1.2000E-03
7.3911E-04 1.2000E-03
7.3856E-04 1.2000E-03
7.3797E-04 1.2000E-03
7.3764E-04 1.2000E-03
7.3633E-04 1.2000E-03
7.3665E-04 1.2000E-03
7.3553E-04 1.2000E-03
7.3522E-04 1.2000E-03
7.3414E-04 1.2000E-03
7.3401E-04 1.2000E-03
7.3360E-04 1.2000E-03
7.3303E-04 1.2000E-03
7.3207E-04 1.2000E-03
7.3205E-04 1.2000E-03
7.3124E-04 1.2000E-03
7.3100E-04 1.2000E-03
7.3083E-04 1.2000E-03
7.3072E-04 1.2000E-03
7.3038E-04 1.2000E-03
7.3176E-04 1.2000E-03
7.3110E-04 1.2000E-03
7.3252E-04 1.2000E-03
7.3177E-04 1.2000E-03
7.3312E-04 1.2000E-03
7.3397E-04 1.2000E-03
7.3376E-04 1.2000E-03
7.3425E-04 1.2000E-03
7.3439E-04 1.2000E-03
7.3510E-04 1.2000E-03
7.3551E-04 1.2000E-03
7.3448E-04 1.2000E-03
7.3625E-04 1.2000E-03
7.3566E-04 1.2000E-03
7.3672E-04 1.2000E-03
7.3765E-04 1.2000E-03
7.3729E-04 1.2000E-03
7.3795E-04 1.2000E-03
7.3790E-04 1.2000E-03
7.3790E-04 1.2000E-03
7.3861E-04 1.2000E-03
7.3760E-04 1.2000E-03
7.3934E-04 1.2000E-03
7.3833E-04 1.2000E-03
7.3974E-04 1.2000E-03
7.3961E-04 1.2000E-03
7.4009E-04 1.2000E-03
7.4119E-04 1.2000E-03
7.4048E-04 1.2000E-03
7.4109E-04 1.2000E-03
7.4113E-04 1.2000E-03
7.4077E-04 1.2000E-03
7.4171E-04 1.2000E-03
7.4094E-04 1.2000E-03
7.4223E-04 1.2000E-03
7.4181E-04 1.2000E-03
7.4257E-04 1.2000E-03
7.4252E-04 1.2000E-03
7.4284E-04 1.2000E-03
7.4335E-04 1.2000E-03
7.4321E-04 1.2000E-03
7.4282E-04 1.2000E-03
7.4368E-04 1.2000E-03
7.4288E-04 1.2000E-03
7.4398E-04 1.2000E-03
7.4344E-04 1.2000E-03
7.4409E-04 1.2000E-03
7.4450E-04 1.2000E-03
7.4420E-04 1.2000E-03
7.4475E-04 1.2000E-03
7.4459E-04 1.2000E-03
7.4437E-04 1.2000E-03
7.4490E-04 1.2000E-03
7.4385E-04 1.2000E-03
7.4508E-04 1.2000E-03
7.4444E-04 1.2000E-03
7.4512E-04 1.2000E-03
7.4540E-04 1.2000E-03
7.4514E-04 1.2000E-03
7.4538E-04 1.2000E-03
7.4536E-04 1.2000E-03
7.4466E-04 1.2000E-03
7.4554E-04 1.2000E-03
7.4468E-04 1.2000E-03
7.4555E-04 1.2000E-03
7.4524E-04 1.2000E-03
7.4542E-04 1.2000E-03
7.4563E-04 1.2000E-03
7.4534E-04 1.2000E-03
7.4555E-04 1.2000E-03
7.4543E-04 1.2000E-03
7.4498E-04 1.2000E-03
7.4550E-04 1.2000E-03
7.4429E-04 1.2000E-03
7.4539E-04 1.2000E-03
7.4443E-04 1.2000E-03
7.4518E-04 1.2000E-03
7.4494E-04 1.2000E-03
7.4484E-04 1.2000E-03
7.4500E-04 1.2000E-03
7.4475E-04 1.2000E-03
7.4459E-04 1.2000E-03
7.4457E-04 1.2000E-03
7.4413E-04 1.2000E-03
7.4440E-04 1.2000E-03
7.4364E-04 1.2000E-03
7.4415E-04 1.2000E-03
7.4317E-04 1.2000E-03
7.4373E-04 1.2000E-03
7.4373E-04 1.2000E-03
7.4337E-04 1.2000E-03
7.4331E-04 1.2000E-03
7.4315E-04 1.2000E-03
7.4196E-04 1.2000E-03
7.4282E-04 1.2000E-03
7.4159E-04 1.2000E-03
7.4227E-04 1.2000E-03
7.4188E-04 1.2000E-03
7.4159E-04 1.2000E-03
7.4192E-04 1.2000E-03
7.4117E-04 1.2000E-03
7.4059E-04 1.2000E-03
7.4084E-04 1.2000E-03
7.4008E-04 1.2000E-03
7.4044E-04 1.2000E-03
7.3928E-04 1.2000E-03
7.3964E-04 1.2000E-03
7.3920E-04 1.2000E-03
7.3885E-04 1.2000E-03
7.3889E-04 1.2000E-03
7.3816E-04 1.2000E-03
7.3763E-04 1.2000E-03
7.3746E-04 1.2000E-03
7.3635E-04 1.2000E-03
7.3684E-04 1.2000E-03
7.3593E-04 1.2000E-03
7.3609E-04 1.2000E-03
7.3535E-04 1.2000E-03
7.3523E-04 1.2000E-03
7.3507E-04 1.2000E-03
7.3431E-04 1.2000E-03
7.3403E-04 1.2000E-03
7.3341E-04 1.2000E-03
7.3268E-04 1.2000E-03
7.3262E-04 1.2000E-03
7.3088E-04 1.2000E-03
7.3158E-04 1.2000E-03
7.3101E-04 1.2000E-03
7.3062E-04 1.2000E-03
7.3005E-04 1.2000E-03
7.2943E-04 1.2000E-03
7.2933E-04 1.2000E-03
7.2849E-04 1.2000E-03
7.2765E-04 1.2000E-03
7.2745E-04 1.2000E-03
7.2625E-04 1.2000E-03
7.2628E-04 1.2000E-03
7.2558E-04 1.2000E-03
7.2520E-04 1.2000E-03
7.2421E-04 1.2000E-03
7.2384E-04 1.2000E-03
7.2385E-04 1.2000E-03
7.2280E-04 1.2000E-03
7.2160E-04 1.2000E-03
7.2157E-04 1.2000E-03
7.2075E-04 1.2000E-03
7.2033E-04 1.2000E-03
7.1895E-04 1.2000E-03
7.1856E-04 1.2000E-03
7.1826E-04 1.2000E-03
7.1716E-04 1.2000E-03
7.1688E-04 1.2000E-03
7.1583E-04 1.2000E-03
7.1458E-04 1.2000E-03
7.1443E-04 1.2000E-03
7.1342E-04 1.2000E-03
7.1306E-04 1.2000E-03
7.1174E-04 1.2000E-03
7.1136E-04 1.2000E-03
7.1110E-04 1.2000E-03
7.0984E-04 1.2000E-03
7.0883E-04 1.2000E-03
7.0805E-04 1.2000E-03
7.0761E-04 1.2000E-03
7.0654E-04 1.2000E-03
7.0516E-04 1.2000E-03
7.0471E-04 1.2000E-03
7.0371E-04 1.2000E-03
7.0294E-04 1.2000E-03
7.0146E-04 1.2000E-03
7.0110E-04 1.2000E-03
7.0017E-04 1.2000E-03
6.9908E-04 1.2000E-03
6.9825E-04 1.2000E-03
6.9716E-04 1.2000E-03
6.9660E-04 1.2000E-03
6.9554E-04 1.2000E-03
6.9372E-04 1.2000E-03
6.9345E-04 1.2000E-03
6.9262E-04 1.2000E-03
6.9169E-04 1.2000E-03
6.8985E-04 1.2000E-03
6.8942E-04 1.2000E-03
6.8898E-04 1.2000E-03
6.8744E-04 1.2000E-03
6.8595E-04 1.2000E-03
6.8512E-04 1.2000E-03
6.8483E-04 1.2000E-03
6.8316E-04 1.2000E-03
6.8189E-04 1.2000E-03
6.8084E-04 1.2000E-03
6.7961E-04 1.2000E-03
6.7834E-04 1.2000E-03
6.7742E-04 1.2000E-03
6.7606E-04 1.2000E-03
6.7424E-04 1.2000E-03
6.7335E-04 1.2000E-03
6.7252E-04 1.2000E-03
6.7175E-04 1.2000E-03
6.7127E-04 1.2000E-03
6.7240E-04 1.2000E-03
6.7214E-04 1.2000E-03
6.7297E-04 1.2000E-03
6.7327E-04 1.2000E-03
6.7360E-04 1.2000E-03
6.7403E-04 1.2000E-03
6.7435E-04 1.2000E-03
6.7432E-04 1.2000E-03
6.7525E-04 1.2000E-03
6.7462E-04 1.2000E-03
6.7584E-04 1.2000E-03
6.7605E-04 1.2000E-03
6.7645E-04 1.2000E-03
6.7685E-04 1.2000E-03
6.7719E-04 1.2000E-03
6.7744E-04 1.2000E-03
6.7792E-04 1.2000E-03
6.7805E-04 1.2000E-03
6.7874E-04 1.2000E-03
6.7822E-04 1.2000E-03
6.7942E-04 1.2000E-03
6.7916E-04 1.2000E-03
6.7997E-04 1.2000E-03
6.8057E-04 1.2000E-03
6.8053E-04 1.2000E-03
6.8128E-04 1.2000E-03
6.8135E-04 1.2000E-03
6.8151E-04 1.2000E-03
6.8215E-04 1.2000E-03
6.8200E-04 1.2000E-03
6.8275E-04 1.2000E-03
6.8286E-04 1.2000E-03
6.8352E-04 1.2000E-03
6.8381E-04 1.2000E-03
6.8410E-04 1.2000E-03
6.8456E-04 1.2000E-03
6.8481E-04 1.2000E-03
6.8476E-04 1.2000E-03
6.8560E-04 1.2000E-03
6.8523E-04 1.2000E-03
6.8611E-04 1.2000E-03
6.8643E-04 1.2000E-03
6.8676E-04 1.2000E-03
6.8684E-04 1.2000E-03
6.8743E-04 1.2000E-03
6.8756E-04 1.2000E-03
6.8801E-04 1.2000E-03
6.8814E-04 1.2000E-03
6.8872E-04 1.2000E-03
6.8834E-04 1.2000E-03
6.8941E-04 1.2000E-03
6.8935E-04 1.2000E-03
6.8990E-04 1.2000E-03
6.9030E-04 1.2000E-03
6.9054E-04 1.2000E-03
6.9053E-04 1.2000E-03
6.9125E-04 1.2000E-03
6.9119E-04 1.2000E-03
6.9181E-04 1.2000E-03
6.9172E-04 1.2000E-03
6.9255E-04 1.2000E-03
6.9192E-04 1.2000E-03
6.9302E-04 1.2000E-03
6.9332E-04 1.2000E-03
6.9351E-04 1.2000E-03
6.9386E-04 1.2000E-03
6.9421E-04 1.2000E-03
6.9394E-04 1.2000E-03
6.9482E-04 1.2000E-03
6.9464E-04 1.2000E-03
6.9540E-04 1.2000E-03
6.9496E-04 1.2000E-03
6.9597E-04 1.2000E-03
6.9595E-04 1.2000E-03
6.9629E-04 1.2000E-03
6.9718E-04 1.2000E-03
6.9677E-04 1.2000E-03
6.9712E-04 1.2000E-03
6.9753E-04 1.2000E-03
6.9691E-04 1.2000E-03
6.9820E-04 1.2000E-03
6.9745E-04 1.2000E-03
6.9870E-04 1.2000E-03
6.9822E-04 1.2000E-03
6.9901E-04 1.2000E-03
6.9976E-04 1.2000E-03
6.9917E-04 1.2000E-03
7.0050E-04 1.2000E-03
6.9979E-04 1.2000E-03
6.9977E-04 1.2000E-03
7.0060E-04 1.2000E-03
6.9948E-04 1.2000E-03
7.0106E-04 1.2000E-03
7.0017E-04 1.2000E-03
7.0144E-04 1.2000E-03
7.0097E-04 1.2000E-03
7.0164E-04 1.2000E-03
7.0224E-04 1.2000E-03
7.0194E-04 1.2000E-03
7.0258E-04 1.2000E-03
7.0252E-04 1.2000E-03
7.0216E-04 1.2000E-03
7.0316E-04 1.2000E-03
7.0225E-04 1.2000E-03
7.0347E-04 1.2000E-03
7.0271E-04 1.2000E-03
7.0368E-04 1.2000E-03
7.0328E-04 1.2000E-03
7.0381E-04 1.2000E-03
7.0425E-04 1.2000E-03
7.0388E-04 1.2000E-03
7.0481E-04 1.2000E-03
7.0430E-04 1.2000E-03
7.0414E-04 1.2000E-03
7.0466E-04 1.2000E-03
7.0429E-04 1.2000E-03
7.0486E-04 1.2000E-03
7.0487E-04 1.2000E-03
7.0504E-04 1.2000E-03
7.0523E-04 1.2000E-03
7.0526E-04 1.2000E-03
7.0549E-04 1.2000E-03
7.0554E-04 1.2000E-03
7.0487E-04 1.2000E-03
7.0631E-04 1.2000E-03
7.0455E-04 1.2000E-03
7.0653E-04 1.2000E-03
7.0538E-04 1.2000E-03
7.0538E-04 1.2000E-03
1.0776E-08 1.2000E-03
2.7246E-03 1.2000E-03
9.4153E-04 1.2000E-03
3.5740E-04 1.2000E-03
1.8653E-03 1.2000E-03
1.2675E-03 1.2000E-03
8.9860E-04 1.2000E-03
7.6471E-04 1.2000E-03
7.8723E-04 1.2000E-03
7.7186E-04 1.2000E-03
7.3888E-04 1.2000E-03
7.1511E-04 1.2000E-03
6.8842E-04 1.2000E-03
6.4554E-04 1.2000E-03
6.2017E-04 1.2000E-03
5.8599E-04 1.2000E-03
5.5906E-04 1.2000E-03
5.5894E-04 1.2000E-03
5.5885E-04 1.2000E-03
5.5907E-04 1.2000E-03
5.5785E-04 1.2000E-03
5.6207E-04 1.2000E-03
5.5984E-04 1.2000E-03
5.6295E-04 1.2000E-03
5.6288E-04 1.2000E-03
5.6328E-04 1.2000E-03
5.6491E-04 1.2000E-03
5.6437E-04 1.2000E-03
5.6605E-04 1.2000E-03
5.6568E-04 1.2000E-03
5.6675E-04 1.2000E-03
5.6829E-04 1.2000E-03
5.6752E-04 1.2000E-03
5.7144E-04 1.2000E-03
5.6856E-04 1.2000E-03
5.7172E-04 1.2000E-03
5.6972E-04 1.2000E-03
5.7184E-04 1.2000E-03
5.7069E-04 1.2000E-03
5.7204E-04 1.2000E-03
5.7163E-04 1.2000E-03
5.7159E-04 1.2000E-03
5.7233E-04 1.2000E-03
5.7522E-04 1.2000E-03
5.7323E-04 1.2000E-03
5.7662E-04 1.2000E-03
5.7707E-04 1.2000E-03
5.7972E-04 1.2000E-03
5.7927E-04 1.2000E-03
5.8515E-04 1.2000E-03
5.8243E-04 1.2000E-03
5.8611E-04 1.2000E-03
5.8514E-04 1.2000E-03
5.8765E-04 1.2000E-03
5.8862E-04 1.2000E-03
5.8881E-04 1.2000E-03
5.9117E-04 1.2000E-03
5.9024E-04 1.2000E-03
5.9334E-04 1.2000E-03
5.9581E-04 1.2000E-03
5.9594E-04 1.2000E-03
5.9689E-04 1.2000E-03
5.9771E-04 1.2000E-03
6.0147E-04 1.2000E-03
6.0020E-04 1.2000E-03
6.0064E-04 1.2000E-03
6.0226E-04 1.2000E-03
6.0433E-04 1.2000E-03
6.0486E-04 1.2000E-03
6.0761E-04 1.2000E-03
6.0677E-04 1.2000E-03
6.1061E-04 1.2000E-03
6.0913E-04 1.2000E-03
6.1072E-04 1.2000E-03
6.1197E-04 1.2000E-03
6.1394E-04 1.2000E-03
6.1416E-04 1.2000E-03
6.1940E-04 1.2000E-03
6.1628E-04 1.2000E-03
6.1870E-04 1.2000E-03
6.1919E-04 1.2000E-03
6.2085E-04 1.2000E-03
6.2114E-04 1.2000E-03
6.2336E-04 1.2000E-03
6.2358E-04 1.2000E-03
6.2526E-04 1.2000E-03
6.2580E-04 1.2000E-03
6.2670E-04 1.2000E-03
6.2796E-04 1.2000E-03
6.3080E-04 1.2000E-03
6.3009E-04 1.2000E-03
6.3164E-04 1.2000E-03
6.3300E-04 1.2000E-03
6.3347E-04 1.2000E-03
6.3515E-04 1.2000E-03
6.3627E-04 1.2000E-03
6.3693E-04 1.2000E-03
6.4053E-04 1.2000E-03
6.3885E-04 1.2000E-03
6.4076E-04 1.2000E-03
6.4194E-04 1.2000E-03
6.4259E-04 1.2000E-03
6.4379E-04 1.2000E-03
6.4508E-04 1.2000E-03
6.4580E-04 1.2000E-03
6.4723E-04 1.2000E-03
6.4755E-04 1.2000E-03
6.4974E-04 1.2000E-03
6.4968E-04 1.2000E-03
6.5031E-04 1.2000E-03
6.5153E-04 1.2000E-03
6.5147E-04 1.2000E-03
6.5327E-04 1.2000E-03
6.5401E-04 1.2000E-03
6.5498E-04 1.2000E-03
6.5666E-04 1.2000E-03
6.5712E-04 1.2000E-03
6.5772E-04 1.2000E-03
6.5915E-04 1.2000E-03
6.6071E-04 1.2000E-03
6.6094E-04 1.2000E-03
6.6222E-04 1.2000E-03
6.6277E-04 1.2000E-03
6.6345E-04 1.2000E-03
6.6453E-04 1.2000E-03
6.6567E-04 1.2000E-03
6.6637E-04 1.2000E-03
6.6873E-04 1.2000E-03
6.6826E-04 1.2000E-03
6.6963E-04 1.2000E-03
6.7001E-04 1.2000E-03
6.7287E-04 1.2000E-03
6.7172E-04 1.2000E-03
6.7255E-04 1.2000E-03
6.7371E-04 1.2000E-03
6.7462E-04 1.2000E-03
6.7546E-04 1.2000E-03
6.7693E-04 1.2000E-03
6.7705E-04 1.2000E-03
6.7938E-04 1.2000E-03
6.7938E-04 1.2000E-03
1.0361E-08 1.2000E-03
1.0410E-03 1.2000E-03
2.5896E-04 1.2000E-03
4.5014E-04 1.2000E-03
