RMS Step   Target
2.2222E-03 8.0000E-04
7.0595E-03 8.0000E-04
6.3770E-03 8.0000E-04
1.2977E-03 8.0000E-04
1.2801E-03 8.0000E-04
1.6611E-03 8.0000E-04
2.4277E-03 8.0000E-04
3.6631E-03 8.0000E-04
9.5044E-04 8.0000E-04
1.1223E-03 8.0000E-04
2.6778E-03 8.0000E-04
3.4138E-03 8.0000E-04
3.7475E-03 8.0000E-04
5.9352E-04 8.0000E-04
6.6923E-04 8.0000E-04
1.3117E-03 8.0000E-04
2.8365E-03 8.0000E-04
6.1707E-04 8.0000E-04
5.8766E-04 8.0000E-04
9.2965E-04 8.0000E-04
1.8978E-03 8.0000E-04
3.2177E-03 8.0000E-04
4.0324E-04 8.0000E-04
2.8873E-04 8.0000E-04
3.5667E-04 8.0000E-04
6.5838E-04 8.0000E-04
1.1973E-03 8.0000E-04
3.9476E-04 8.0000E-04
7.5841E-04 8.0000E-04
6.4666E-04 8.0000E-04
8.9963E-04 8.0000E-04
1.8661E-03 8.0000E-04
2.3161E-04 8.0000E-04
1.6706E-04 8.0000E-04
