RMS Grad   Target
1.3177E-02 2.0000E-04
1.2937E-02 2.0000E-04
1.1175E-02 2.0000E-04
8.4274E-03 2.0000E-04
5.7678E-03 2.0000E-04
3.8716E-03 2.0000E-04
2.8636E-03 2.0000E-04
2.6953E-03 2.0000E-04
2.8760E-03 2.0000E-04
3.1442E-03 2.0000E-04
3.4124E-03 2.0000E-04
3.5809E-03 2.0000E-04
3.6123E-03 2.0000E-04
3.6708E-03 2.0000E-04
3.5856E-03 2.0000E-04
3.4586E-03 2.0000E-04
3.4500E-03 2.0000E-04
3.2424E-03 2.0000E-04
3.1356E-03 2.0000E-04
2.9357E-03 2.0000E-04
2.7166E-03 2.0000E-04
2.5493E-03 2.0000E-04
2.3419E-03 2.0000E-04
2.1459E-03 2.0000E-04
1.9929E-03 2.0000E-04
1.8126E-03 2.0000E-04
1.6423E-03 2.0000E-04
1.5489E-03 2.0000E-04
1.3982E-03 2.0000E-04
1.3062E-03 2.0000E-04
1.2248E-03 2.0000E-04
1.1699E-03 2.0000E-04
1.1293E-03 2.0000E-04
1.1019E-03 2.0000E-04
1.1467E-03 2.0000E-04
1.1264E-03 2.0000E-04
1.1918E-03 2.0000E-04
1.1683E-03 2.0000E-04
1.2226E-03 2.0000E-04
1.2261E-03 2.0000E-04
1.2274E-03 2.0000E-04
1.2724E-03 2.0000E-04
1.2717E-03 2.0000E-04
1.3326E-03 2.0000E-04
1.3213E-03 2.0000E-04
1.5139E-03 2.0000E-04
1.4869E-03 2.0000E-04
1.6776E-03 2.0000E-04
1.6228E-03 2.0000E-04
1.6919E-03 2.0000E-04
1.6195E-03 2.0000E-04
1.6740E-03 2.0000E-04
1.5937E-03 2.0000E-04
1.5841E-03 2.0000E-04
1.4973E-03 2.0000E-04
1.4898E-03 2.0000E-04
1.3996E-03 2.0000E-04
1.3843E-03 2.0000E-04
1.2979E-03 2.0000E-04
1.2586E-03 2.0000E-04
1.1849E-03 2.0000E-04
1.1837E-03 2.0000E-04
1.1095E-03 2.0000E-04
1.2273E-03 2.0000E-04
1.1568E-03 2.0000E-04
1.2817E-03 2.0000E-04
1.2062E-03 2.0000E-04
1.2922E-03 2.0000E-04
1.2106E-03 2.0000E-04
1.2639E-03 2.0000E-04
1.1752E-03 2.0000E-04
1.2167E-03 2.0000E-04
1.1248E-03 2.0000E-04
1.1334E-03 2.0000E-04
1.0361E-03 2.0000E-04
1.0572E-03 2.0000E-04
9.6403E-04 2.0000E-04
9.6509E-04 2.0000E-04
8.8783E-04 2.0000E-04
8.6060E-04 2.0000E-04
8.1264E-04 2.0000E-04
7.8119E-04 2.0000E-04
7.7084E-04 2.0000E-04
7.3791E-04 2.0000E-04
7.6147E-04 2.0000E-04
7.3586E-04 2.0000E-04
7.5646E-04 2.0000E-04
7.4163E-04 2.0000E-04
7.5425E-04 2.0000E-04
7.6064E-04 2.0000E-04
7.4889E-04 2.0000E-04
8.2088E-04 2.0000E-04
7.8479E-04 2.0000E-04
9.4397E-04 2.0000E-04
8.8259E-04 2.0000E-04
1.0513E-03 2.0000E-04
9.6335E-04 2.0000E-04
1.1612E-03 2.0000E-04
1.0572E-03 2.0000E-04
1.1376E-03 2.0000E-04
1.0232E-03 2.0000E-04
1.0993E-03 2.0000E-04
9.7579E-04 2.0000E-04
1.1041E-03 2.0000E-04
9.6427E-04 2.0000E-04
1.0465E-03 2.0000E-04
8.9051E-04 2.0000E-04
9.4663E-04 2.0000E-04
7.9154E-04 2.0000E-04
8.1956E-04 2.0000E-04
6.8324E-04 2.0000E-04
7.1900E-04 2.0000E-04
6.1299E-04 2.0000E-04
6.5639E-04 2.0000E-04
6.0356E-04 2.0000E-04
6.1900E-04 2.0000E-04
6.1496E-04 2.0000E-04
6.0855E-04 2.0000E-04
6.2435E-04 2.0000E-04
6.0760E-04 2.0000E-04
6.3971E-04 2.0000E-04
6.0419E-04 2.0000E-04
6.8666E-04 2.0000E-04
6.3013E-04 2.0000E-04
7.7125E-04 2.0000E-04
6.8953E-04 2.0000E-04
7.9494E-04 2.0000E-04
6.9453E-04 2.0000E-04
6.8120E-04 2.0000E-04
5.8310E-04 2.0000E-04
6.2135E-04 2.0000E-04
5.7717E-04 2.0000E-04
5.6816E-04 2.0000E-04
6.9790E-04 2.0000E-04
6.2888E-04 2.0000E-04
1.0182E-03 2.0000E-04
7.2451E-04 2.0000E-04
8.1199E-04 2.0000E-04
5.7582E-04 2.0000E-04
6.2938E-04 2.0000E-04
5.3313E-04 2.0000E-04
5.6372E-04 2.0000E-04
5.0742E-04 2.0000E-04
5.1087E-04 2.0000E-04
4.9569E-04 2.0000E-04
5.0028E-04 2.0000E-04
4.9242E-04 2.0000E-04
5.5114E-04 2.0000E-04
4.9841E-04 2.0000E-04
5.8137E-04 2.0000E-04
5.0255E-04 2.0000E-04
5.4183E-04 2.0000E-04
4.8901E-04 2.0000E-04
5.0292E-04 2.0000E-04
5.6926E-04 2.0000E-04
5.5470E-04 2.0000E-04
8.3540E-04 2.0000E-04
6.6885E-04 2.0000E-04
8.2181E-04 2.0000E-04
6.3294E-04 2.0000E-04
6.9588E-04 2.0000E-04
5.3629E-04 2.0000E-04
6.3260E-04 2.0000E-04
5.4204E-04 2.0000E-04
5.4915E-04 2.0000E-04
4.8244E-04 2.0000E-04
5.6570E-04 2.0000E-04
4.8398E-04 2.0000E-04
5.8861E-04 2.0000E-04
4.9582E-04 2.0000E-04
5.8138E-04 2.0000E-04
4.7821E-04 2.0000E-04
5.9334E-04 2.0000E-04
4.7612E-04 2.0000E-04
5.9807E-04 2.0000E-04
5.3529E-04 2.0000E-04
5.4185E-04 2.0000E-04
9.8920E-04 2.0000E-04
5.2407E-04 2.0000E-04
4.7380E-04 2.0000E-04
6.5754E-04 2.0000E-04
5.3693E-04 2.0000E-04
4.7676E-04 2.0000E-04
5.3405E-04 2.0000E-04
4.5063E-04 2.0000E-04
5.3630E-04 2.0000E-04
4.5890E-04 2.0000E-04
5.2988E-04 2.0000E-04
4.7103E-04 2.0000E-04
4.8232E-04 2.0000E-04
4.5897E-04 2.0000E-04
4.7193E-04 2.0000E-04
4.9163E-04 2.0000E-04
5.8783E-04 2.0000E-04
5.7244E-04 2.0000E-04
6.6866E-04 2.0000E-04
5.1847E-04 2.0000E-04
5.8768E-04 2.0000E-04
4.8083E-04 2.0000E-04
6.0882E-04 2.0000E-04
5.3089E-04 2.0000E-04
6.2237E-04 2.0000E-04
5.4372E-04 2.0000E-04
5.0390E-04 2.0000E-04
3.9861E-04 2.0000E-04
3.9556E-04 2.0000E-04
3.9810E-04 2.0000E-04
3.8078E-04 2.0000E-04
7.2082E-04 2.0000E-04
4.9986E-04 2.0000E-04
5.7302E-04 2.0000E-04
4.9421E-04 2.0000E-04
6.4460E-04 2.0000E-04
5.1153E-04 2.0000E-04
5.6748E-04 2.0000E-04
4.9194E-04 2.0000E-04
4.8926E-04 2.0000E-04
3.9582E-04 2.0000E-04
4.2660E-04 2.0000E-04
3.6647E-04 2.0000E-04
4.0222E-04 2.0000E-04
3.6880E-04 2.0000E-04
3.8233E-04 2.0000E-04
3.9035E-04 2.0000E-04
4.3313E-04 2.0000E-04
4.4126E-04 2.0000E-04
4.5690E-04 2.0000E-04
5.8350E-04 2.0000E-04
5.3093E-04 2.0000E-04
6.4054E-04 2.0000E-04
4.6693E-04 2.0000E-04
8.9623E-04 2.0000E-04
4.0456E-04 2.0000E-04
3.9619E-04 2.0000E-04
4.5157E-04 2.0000E-04
5.7987E-04 2.0000E-04
4.9586E-04 2.0000E-04
5.1712E-04 2.0000E-04
3.8118E-04 2.0000E-04
3.5861E-04 2.0000E-04
3.5391E-04 2.0000E-04
3.3772E-04 2.0000E-04
6.2196E-04 2.0000E-04
4.6649E-04 2.0000E-04
5.5800E-04 2.0000E-04
5.0576E-04 2.0000E-04
4.6393E-04 2.0000E-04
6.7155E-04 2.0000E-04
4.4251E-04 2.0000E-04
4.7210E-04 2.0000E-04
4.8036E-04 2.0000E-04
4.9509E-04 2.0000E-04
4.2249E-04 2.0000E-04
4.6257E-04 2.0000E-04
3.8252E-04 2.0000E-04
4.0426E-04 2.0000E-04
3.8021E-04 2.0000E-04
3.7850E-04 2.0000E-04
4.0307E-04 2.0000E-04
3.8286E-04 2.0000E-04
4.7399E-04 2.0000E-04
3.8008E-04 2.0000E-04
5.1893E-04 2.0000E-04
5.3688E-04 2.0000E-04
4.8981E-04 2.0000E-04
6.2894E-04 2.0000E-04
4.2518E-04 2.0000E-04
4.1035E-04 2.0000E-04
4.7460E-04 2.0000E-04
6.7191E-04 2.0000E-04
5.1200E-04 2.0000E-04
3.8401E-04 2.0000E-04
3.6540E-04 2.0000E-04
6.9761E-04 2.0000E-04
4.5233E-04 2.0000E-04
4.0935E-04 2.0000E-04
4.7295E-04 2.0000E-04
7.7646E-04 2.0000E-04
3.8278E-04 2.0000E-04
3.7244E-04 2.0000E-04
5.2429E-04 2.0000E-04
6.3694E-04 2.0000E-04
4.9168E-04 2.0000E-04
3.8659E-04 2.0000E-04
4.0827E-04 2.0000E-04
5.3909E-04 2.0000E-04
6.1442E-04 2.0000E-04
6.5383E-04 2.0000E-04
5.7142E-04 2.0000E-04
3.7962E-04 2.0000E-04
4.5666E-04 2.0000E-04
5.3535E-04 2.0000E-04
4.3690E-04 2.0000E-04
4.5868E-04 2.0000E-04
4.3627E-04 2.0000E-04
4.7226E-04 2.0000E-04
4.7367E-04 2.0000E-04
4.4205E-04 2.0000E-04
3.5945E-04 2.0000E-04
4.1807E-04 2.0000E-04
4.0771E-04 2.0000E-04
3.9314E-04 2.0000E-04
3.5481E-04 2.0000E-04
3.6480E-04 2.0000E-04
4.1429E-04 2.0000E-04
4.8174E-04 2.0000E-04
3.1732E-04 2.0000E-04
3.5759E-04 2.0000E-04
4.1127E-04 2.0000E-04
4.6045E-04 2.0000E-04
3.1774E-04 2.0000E-04
3.4086E-04 2.0000E-04
4.2379E-04 2.0000E-04
5.9186E-04 2.0000E-04
3.9109E-04 2.0000E-04
4.2984E-04 2.0000E-04
3.8622E-04 2.0000E-04
3.4651E-04 2.0000E-04
3.3831E-04 2.0000E-04
4.1421E-04 2.0000E-04
3.5688E-04 2.0000E-04
3.0342E-04 2.0000E-04
3.2646E-04 2.0000E-04
4.4279E-04 2.0000E-04
3.2132E-04 2.0000E-04
4.5074E-04 2.0000E-04
3.8316E-04 2.0000E-04
3.2573E-04 2.0000E-04
3.0969E-04 2.0000E-04
3.8899E-04 2.0000E-04
3.5058E-04 2.0000E-04
3.4707E-04 2.0000E-04
3.8726E-04 2.0000E-04
3.3188E-04 2.0000E-04
3.4384E-04 2.0000E-04
3.8349E-04 2.0000E-04
3.7563E-04 2.0000E-04
4.2843E-04 2.0000E-04
3.0422E-04 2.0000E-04
3.5798E-04 2.0000E-04
3.0303E-04 2.0000E-04
3.4138E-04 2.0000E-04
4.0229E-04 2.0000E-04
2.5780E-04 2.0000E-04
2.5588E-04 2.0000E-04
3.2430E-04 2.0000E-04
4.2586E-04 2.0000E-04
2.9321E-04 2.0000E-04
3.0322E-04 2.0000E-04
3.7745E-04 2.0000E-04
4.1628E-04 2.0000E-04
3.8170E-04 2.0000E-04
3.5061E-04 2.0000E-04
4.1483E-04 2.0000E-04
3.7724E-04 2.0000E-04
3.2784E-04 2.0000E-04
3.1401E-04 2.0000E-04
3.6055E-04 2.0000E-04
2.9906E-04 2.0000E-04
2.7403E-04 2.0000E-04
2.7120E-04 2.0000E-04
3.2998E-04 2.0000E-04
2.9939E-04 2.0000E-04
3.8664E-04 2.0000E-04
2.7818E-04 2.0000E-04
2.6058E-04 2.0000E-04
3.3324E-04 2.0000E-04
3.4490E-04 2.0000E-04
2.8758E-04 2.0000E-04
3.0022E-04 2.0000E-04
4.2691E-04 2.0000E-04
3.3937E-04 2.0000E-04
3.3821E-04 2.0000E-04
4.2653E-04 2.0000E-04
3.5962E-04 2.0000E-04
5.0892E-04 2.0000E-04
3.7696E-04 2.0000E-04
3.1651E-04 2.0000E-04
3.3292E-04 2.0000E-04
4.8517E-04 2.0000E-04
4.0688E-04 2.0000E-04
3.2394E-04 2.0000E-04
3.5932E-04 2.0000E-04
4.4791E-04 2.0000E-04
2.8717E-04 2.0000E-04
2.7960E-04 2.0000E-04
3.4918E-04 2.0000E-04
3.3539E-04 2.0000E-04
2.9701E-04 2.0000E-04
2.8535E-04 2.0000E-04
2.9171E-04 2.0000E-04
2.6693E-04 2.0000E-04
4.9505E-04 2.0000E-04
2.9112E-04 2.0000E-04
2.8337E-04 2.0000E-04
3.7625E-04 2.0000E-04
4.1448E-04 2.0000E-04
3.1095E-04 2.0000E-04
3.6518E-04 2.0000E-04
3.9719E-04 2.0000E-04
4.7960E-04 2.0000E-04
4.8879E-04 2.0000E-04
3.7820E-04 2.0000E-04
3.4181E-04 2.0000E-04
3.9430E-04 2.0000E-04
4.1441E-04 2.0000E-04
3.6280E-04 2.0000E-04
3.6960E-04 2.0000E-04
5.0821E-04 2.0000E-04
3.8445E-04 2.0000E-04
3.6879E-04 2.0000E-04
5.0361E-04 2.0000E-04
3.9730E-04 2.0000E-04
3.3230E-04 2.0000E-04
3.5627E-04 2.0000E-04
3.6762E-04 2.0000E-04
3.7639E-04 2.0000E-04
4.6304E-04 2.0000E-04
3.8148E-04 2.0000E-04
5.3875E-04 2.0000E-04
4.6180E-04 2.0000E-04
3.7663E-04 2.0000E-04
4.3272E-04 2.0000E-04
5.9099E-04 2.0000E-04
3.9648E-04 2.0000E-04
3.3722E-04 2.0000E-04
4.7674E-04 2.0000E-04
4.6578E-04 2.0000E-04
4.4504E-04 2.0000E-04
6.8200E-04 2.0000E-04
5.0708E-04 2.0000E-04
3.3965E-04 2.0000E-04
2.9467E-04 2.0000E-04
5.0451E-04 2.0000E-04
3.4824E-04 2.0000E-04
3.4544E-04 2.0000E-04
3.7254E-04 2.0000E-04
3.9283E-04 2.0000E-04
3.1316E-04 2.0000E-04
3.1531E-04 2.0000E-04
3.9221E-04 2.0000E-04
3.0308E-04 2.0000E-04
2.9675E-04 2.0000E-04
3.5125E-04 2.0000E-04
2.9016E-04 2.0000E-04
2.9996E-04 2.0000E-04
3.3429E-04 2.0000E-04
2.4644E-04 2.0000E-04
2.3861E-04 2.0000E-04
3.1525E-04 2.0000E-04
2.5560E-04 2.0000E-04
3.2862E-04 2.0000E-04
2.4791E-04 2.0000E-04
2.1661E-04 2.0000E-04
3.2884E-04 2.0000E-04
3.1381E-04 2.0000E-04
2.0465E-04 2.0000E-04
1.9954E-04 2.0000E-04
2.4561E-04 2.0000E-04
3.4952E-04 2.0000E-04
2.3724E-04 2.0000E-04
2.2009E-04 2.0000E-04
2.6977E-04 2.0000E-04
4.7555E-04 2.0000E-04
2.1785E-04 2.0000E-04
1.8339E-04 2.0000E-04
2.2964E-04 2.0000E-04
4.1836E-04 2.0000E-04
2.1618E-04 2.0000E-04
1.8872E-04 2.0000E-04
2.2776E-04 2.0000E-04
4.1009E-04 2.0000E-04
2.0923E-04 2.0000E-04
1.8026E-04 2.0000E-04
2.2876E-04 2.0000E-04
3.8738E-04 2.0000E-04
2.2176E-04 2.0000E-04
1.8675E-04 2.0000E-04
2.6152E-04 2.0000E-04
2.9113E-04 2.0000E-04
2.3241E-04 2.0000E-04
2.7951E-04 2.0000E-04
2.3114E-04 2.0000E-04
2.1920E-04 2.0000E-04
3.1700E-04 2.0000E-04
2.7723E-04 2.0000E-04
2.0512E-04 2.0000E-04
2.1001E-04 2.0000E-04
3.1850E-04 2.0000E-04
2.3891E-04 2.0000E-04
2.5274E-04 2.0000E-04
2.4553E-04 2.0000E-04
2.1396E-04 2.0000E-04
3.1858E-04 2.0000E-04
2.5043E-04 2.0000E-04
2.3243E-04 2.0000E-04
3.5934E-04 2.0000E-04
2.7970E-04 2.0000E-04
2.3172E-04 2.0000E-04
2.2536E-04 2.0000E-04
3.3255E-04 2.0000E-04
2.7715E-04 2.0000E-04
2.7996E-04 2.0000E-04
2.9477E-04 2.0000E-04
2.6592E-04 2.0000E-04
2.5344E-04 2.0000E-04
3.8271E-04 2.0000E-04
2.4487E-04 2.0000E-04
2.6726E-04 2.0000E-04
2.5757E-04 2.0000E-04
2.7446E-04 2.0000E-04
2.6036E-04 2.0000E-04
2.6868E-04 2.0000E-04
2.4289E-04 2.0000E-04
2.4983E-04 2.0000E-04
3.2027E-04 2.0000E-04
2.0618E-04 2.0000E-04
1.9385E-04 2.0000E-04
2.7712E-04 2.0000E-04
2.5316E-04 2.0000E-04
2.7454E-04 2.0000E-04
1.8255E-04 2.0000E-04
1.8285E-04 2.0000E-04
2.7228E-04 2.0000E-04
1.9557E-04 2.0000E-04
1.7978E-04 2.0000E-04
2.4068E-04 2.0000E-04
2.3172E-04 2.0000E-04
2.0348E-04 2.0000E-04
2.8275E-04 2.0000E-04
2.1021E-04 2.0000E-04
1.9442E-04 2.0000E-04
2.6595E-04 2.0000E-04
3.2931E-04 2.0000E-04
2.0086E-04 2.0000E-04
2.0381E-04 2.0000E-04
2.9653E-04 2.0000E-04
2.3219E-04 2.0000E-04
2.3854E-04 2.0000E-04
2.1931E-04 2.0000E-04
2.2009E-04 2.0000E-04
3.0961E-04 2.0000E-04
1.9824E-04 2.0000E-04
1.9626E-04 2.0000E-04
2.3949E-04 2.0000E-04
3.2565E-04 2.0000E-04
2.1020E-04 2.0000E-04
2.3346E-04 2.0000E-04
2.8880E-04 2.0000E-04
2.4028E-04 2.0000E-04
2.4720E-04 2.0000E-04
2.9300E-04 2.0000E-04
2.2179E-04 2.0000E-04
2.4720E-04 2.0000E-04
3.0486E-04 2.0000E-04
2.3801E-04 2.0000E-04
2.4810E-04 2.0000E-04
3.8678E-04 2.0000E-04
3.8971E-04 2.0000E-04
2.6798E-04 2.0000E-04
2.3978E-04 2.0000E-04
2.8604E-04 2.0000E-04
3.9741E-04 2.0000E-04
2.1996E-04 2.0000E-04
2.0045E-04 2.0000E-04
2.2985E-04 2.0000E-04
2.8401E-04 2.0000E-04
2.5127E-04 2.0000E-04
1.8116E-04 2.0000E-04
1.7588E-04 2.0000E-04
2.4314E-04 2.0000E-04
1.8700E-04 2.0000E-04
1.6826E-04 2.0000E-04
1.8442E-04 2.0000E-04
2.1634E-04 2.0000E-04
1.8644E-04 2.0000E-04
1.8377E-04 2.0000E-04
1.7134E-04 2.0000E-04
1.7481E-04 2.0000E-04
2.0347E-04 2.0000E-04
1.7385E-04 2.0000E-04
1.7589E-04 2.0000E-04
2.2319E-04 2.0000E-04
1.8940E-04 2.0000E-04
1.6400E-04 2.0000E-04
1.8021E-04 2.0000E-04
2.6358E-04 2.0000E-04
1.6074E-04 2.0000E-04
1.6392E-04 2.0000E-04
2.2252E-04 2.0000E-04
2.1624E-04 2.0000E-04
2.1343E-04 2.0000E-04
1.5906E-04 2.0000E-04
1.6209E-04 2.0000E-04
1.9879E-04 2.0000E-04
1.6569E-04 2.0000E-04
1.5850E-04 2.0000E-04
1.8334E-04 2.0000E-04
1.8446E-04 2.0000E-04
1.5973E-04 2.0000E-04
1.7417E-04 2.0000E-04
2.2068E-04 2.0000E-04
1.5655E-04 2.0000E-04
1.5462E-04 2.0000E-04
2.2546E-04 2.0000E-04
2.0521E-04 2.0000E-04
2.0621E-04 2.0000E-04
1.9725E-04 2.0000E-04
1.6939E-04 2.0000E-04
1.5189E-04 2.0000E-04
2.5892E-04 2.0000E-04
1.7380E-04 2.0000E-04
1.5073E-04 2.0000E-04
1.8794E-04 2.0000E-04
2.7928E-04 2.0000E-04
1.7408E-04 2.0000E-04
1.6465E-04 2.0000E-04
1.6620E-04 2.0000E-04
1.9672E-04 2.0000E-04
1.9186E-04 2.0000E-04
1.4410E-04 2.0000E-04
1.4010E-04 2.0000E-04
2.1894E-04 2.0000E-04
1.6031E-04 2.0000E-04
1.2991E-04 2.0000E-04
1.5293E-04 2.0000E-04
2.0323E-04 2.0000E-04
1.4584E-04 2.0000E-04
1.5695E-04 2.0000E-04
1.7906E-04 2.0000E-04
1.6297E-04 2.0000E-04
1.6856E-04 2.0000E-04
1.3751E-04 2.0000E-04
1.2821E-04 2.0000E-04
2.0743E-04 2.0000E-04
1.6698E-04 2.0000E-04
1.2615E-04 2.0000E-04
1.2944E-04 2.0000E-04
2.1212E-04 2.0000E-04
1.4234E-04 2.0000E-04
1.1911E-04 2.0000E-04
1.6159E-04 2.0000E-04
1.3368E-04 2.0000E-04
2.1082E-04 2.0000E-04
1.4657E-04 2.0000E-04
1.1447E-04 2.0000E-04
1.2814E-04 2.0000E-04
2.4645E-04 2.0000E-04
1.3105E-04 2.0000E-04
9.9442E-05 2.0000E-04
1.1896E-04 2.0000E-04
2.9089E-04 2.0000E-04
1.3631E-04 2.0000E-04
1.0948E-04 2.0000E-04
1.0157E-04 2.0000E-04
1.3136E-04 2.0000E-04
1.9038E-04 2.0000E-04
1.1122E-04 2.0000E-04
1.0496E-04 2.0000E-04
1.2699E-04 2.0000E-04
2.7839E-04 2.0000E-04
1.1485E-04 2.0000E-04
9.8631E-05 2.0000E-04
1.2199E-04 2.0000E-04
2.0727E-04 2.0000E-04
1.3159E-04 2.0000E-04
9.6902E-05 2.0000E-04
1.3333E-04 2.0000E-04
1.8308E-04 2.0000E-04
1.3988E-04 2.0000E-04
1.6421E-04 2.0000E-04
1.5576E-04 2.0000E-04
1.2903E-04 2.0000E-04
1.1141E-04 2.0000E-04
1.6018E-04 2.0000E-04
1.1834E-04 2.0000E-04
1.5953E-04 2.0000E-04
1.4940E-04 2.0000E-04
1.1365E-04 2.0000E-04
1.1401E-04 2.0000E-04
1.9669E-04 2.0000E-04
1.3866E-04 2.0000E-04
1.1824E-04 2.0000E-04
1.5254E-04 2.0000E-04
1.4349E-04 2.0000E-04
2.0200E-04 2.0000E-04
1.2800E-04 2.0000E-04
1.1671E-04 2.0000E-04
1.2410E-04 2.0000E-04
2.2281E-04 2.0000E-04
1.2046E-04 2.0000E-04
1.0529E-04 2.0000E-04
1.2467E-04 2.0000E-04
2.9135E-04 2.0000E-04
1.1442E-04 2.0000E-04
1.0237E-04 2.0000E-04
1.5349E-04 2.0000E-04
1.5345E-04 2.0000E-04
1.2444E-04 2.0000E-04
1.1096E-04 2.0000E-04
1.2773E-04 2.0000E-04
1.5146E-04 2.0000E-04
1.2510E-04 2.0000E-04
1.1221E-04 2.0000E-04
1.4453E-04 2.0000E-04
1.6079E-04 2.0000E-04
1.0943E-04 2.0000E-04
1.1941E-04 2.0000E-04
1.8619E-04 2.0000E-04
1.3466E-04 2.0000E-04
1.6801E-04 2.0000E-04
1.6578E-04 2.0000E-04
1.3415E-04 2.0000E-04
1.2094E-04 2.0000E-04
1.4720E-04 2.0000E-04
1.4226E-04 2.0000E-04
1.5880E-04 2.0000E-04
1.7276E-04 2.0000E-04
1.8465E-04 2.0000E-04
1.6301E-04 2.0000E-04
1.4876E-04 2.0000E-04
1.5489E-04 2.0000E-04
1.8240E-04 2.0000E-04
1.5676E-04 2.0000E-04
1.8935E-04 2.0000E-04
1.6563E-04 2.0000E-04
1.6550E-04 2.0000E-04
1.9948E-04 2.0000E-04
2.6698E-04 2.0000E-04
1.6431E-04 2.0000E-04
1.3516E-04 2.0000E-04
1.7343E-04 2.0000E-04
2.9295E-04 2.0000E-04
1.9316E-04 2.0000E-04
2.2288E-04 2.0000E-04
4.0078E-04 2.0000E-04
2.4387E-04 2.0000E-04
2.1915E-04 2.0000E-04
3.4099E-04 2.0000E-04
2.6343E-04 2.0000E-04
2.0684E-04 2.0000E-04
2.2834E-04 2.0000E-04
4.3072E-04 2.0000E-04
2.3763E-04 2.0000E-04
1.9850E-04 2.0000E-04
2.2464E-04 2.0000E-04
2.3858E-04 2.0000E-04
2.2564E-04 2.0000E-04
1.9223E-04 2.0000E-04
2.0683E-04 2.0000E-04
2.1194E-04 2.0000E-04
1.6107E-04 2.0000E-04
1.7745E-04 2.0000E-04
2.1149E-04 2.0000E-04
1.4723E-04 2.0000E-04
1.5087E-04 2.0000E-04
1.8137E-04 2.0000E-04
1.3580E-04 2.0000E-04
1.5285E-04 2.0000E-04
2.0973E-04 2.0000E-04
1.5517E-04 2.0000E-04
1.7522E-04 2.0000E-04
1.6545E-04 2.0000E-04
1.5380E-04 2.0000E-04
2.3639E-04 2.0000E-04
1.9191E-04 2.0000E-04
1.4524E-04 2.0000E-04
1.3957E-04 2.0000E-04
2.3961E-04 2.0000E-04
1.5422E-04 2.0000E-04
1.3473E-04 2.0000E-04
1.6834E-04 2.0000E-04
2.0207E-04 2.0000E-04
1.9458E-04 2.0000E-04
1.5053E-04 2.0000E-04
1.6109E-04 2.0000E-04
2.3654E-04 2.0000E-04
1.5398E-04 2.0000E-04
1.6300E-04 2.0000E-04
2.1267E-04 2.0000E-04
1.8660E-04 2.0000E-04
1.8599E-04 2.0000E-04
1.7151E-04 2.0000E-04
1.6280E-04 2.0000E-04
2.2562E-04 2.0000E-04
1.6680E-04 2.0000E-04
1.6587E-04 2.0000E-04
2.3317E-04 2.0000E-04
1.9044E-04 2.0000E-04
1.7049E-04 2.0000E-04
2.0355E-04 2.0000E-04
1.8401E-04 2.0000E-04
1.5376E-04 2.0000E-04
1.8599E-04 2.0000E-04
2.2362E-04 2.0000E-04
1.3818E-04 2.0000E-04
1.2101E-04 2.0000E-04
1.4509E-04 2.0000E-04
1.4421E-04 2.0000E-04
1.8245E-04 2.0000E-04
1.1386E-04 2.0000E-04
1.0038E-04 2.0000E-04
1.3983E-04 2.0000E-04
1.1470E-04 2.0000E-04
1.2797E-04 2.0000E-04
1.0108E-04 2.0000E-04
1.0109E-04 2.0000E-04
9.8750E-05 2.0000E-04
1.3310E-04 2.0000E-04
9.0751E-05 2.0000E-04
8.9540E-05 2.0000E-04
1.1937E-04 2.0000E-04
8.8086E-05 2.0000E-04
8.1154E-05 2.0000E-04
9.2438E-05 2.0000E-04
9.7805E-05 2.0000E-04
8.2703E-05 2.0000E-04
8.9954E-05 2.0000E-04
9.6856E-05 2.0000E-04
7.2711E-05 2.0000E-04
7.7644E-05 2.0000E-04
1.0532E-04 2.0000E-04
6.9863E-05 2.0000E-04
7.1523E-05 2.0000E-04
8.6795E-05 2.0000E-04
7.1968E-05 2.0000E-04
1.2029E-04 2.0000E-04
6.5220E-05 2.0000E-04
6.0981E-05 2.0000E-04
8.0321E-05 2.0000E-04
1.5352E-04 2.0000E-04
6.6234E-05 2.0000E-04
5.5780E-05 2.0000E-04
6.8220E-05 2.0000E-04
1.1060E-04 2.0000E-04
9.4788E-05 2.0000E-04
6.1389E-05 2.0000E-04
7.2004E-05 2.0000E-04
9.1319E-05 2.0000E-04
7.7660E-05 2.0000E-04
1.5266E-04 2.0000E-04
7.4782E-05 2.0000E-04
6.9217E-05 2.0000E-04
8.6428E-05 2.0000E-04
1.4172E-04 2.0000E-04
7.7135E-05 2.0000E-04
7.3993E-05 2.0000E-04
8.4554E-05 2.0000E-04
1.7289E-04 2.0000E-04
7.6588E-05 2.0000E-04
6.5388E-05 2.0000E-04
8.9006E-05 2.0000E-04
1.4841E-04 2.0000E-04
8.5325E-05 2.0000E-04
7.4259E-05 2.0000E-04
9.4580E-05 2.0000E-04
1.6866E-04 2.0000E-04
9.3899E-05 2.0000E-04
8.3257E-05 2.0000E-04
1.1760E-04 2.0000E-04
1.3132E-04 2.0000E-04
9.7731E-05 2.0000E-04
1.0541E-04 2.0000E-04
1.3698E-04 2.0000E-04
1.1679E-04 2.0000E-04
1.8027E-04 2.0000E-04
1.3035E-04 2.0000E-04
1.3617E-04 2.0000E-04
1.6607E-04 2.0000E-04
2.4215E-04 2.0000E-04
1.7641E-04 2.0000E-04
1.4837E-04 2.0000E-04
1.5290E-04 2.0000E-04
2.6846E-04 2.0000E-04
1.5505E-04 2.0000E-04
1.3173E-04 2.0000E-04
1.8096E-04 2.0000E-04
3.6291E-04 2.0000E-04
1.4747E-04 2.0000E-04
1.1325E-04 2.0000E-04
1.3060E-04 2.0000E-04
1.5613E-04 2.0000E-04
2.8005E-04 2.0000E-04
1.1136E-04 2.0000E-04
1.0263E-04 2.0000E-04
1.2008E-04 2.0000E-04
3.7876E-04 2.0000E-04
1.2050E-04 2.0000E-04
8.6080E-05 2.0000E-04
1.1290E-04 2.0000E-04
1.3949E-04 2.0000E-04
3.1414E-04 2.0000E-04
1.0026E-04 2.0000E-04
9.0215E-05 2.0000E-04
1.2205E-04 2.0000E-04
2.3317E-04 2.0000E-04
1.4019E-04 2.0000E-04
1.1037E-04 2.0000E-04
1.4848E-04 2.0000E-04
2.6476E-04 2.0000E-04
1.4893E-04 2.0000E-04
1.2137E-04 2.0000E-04
1.4002E-04 2.0000E-04
3.1345E-04 2.0000E-04
1.6363E-04 2.0000E-04
1.1907E-04 2.0000E-04
1.4549E-04 2.0000E-04
1.9137E-04 2.0000E-04
1.2451E-04 2.0000E-04
1.2217E-04 2.0000E-04
1.6756E-04 2.0000E-04
1.3002E-04 2.0000E-04
1.1741E-04 2.0000E-04
1.3379E-04 2.0000E-04
1.5964E-04 2.0000E-04
1.2060E-04 2.0000E-04
1.0911E-04 2.0000E-04
1.7585E-04 2.0000E-04
1.1374E-04 2.0000E-04
1.0665E-04 2.0000E-04
1.1655E-04 2.0000E-04
1.1987E-04 2.0000E-04
1.1247E-04 2.0000E-04
1.0353E-04 2.0000E-04
1.0788E-04 2.0000E-04
1.1307E-04 2.0000E-04
9.9453E-05 2.0000E-04
1.0302E-04 2.0000E-04
1.1745E-04 2.0000E-04
9.3591E-05 2.0000E-04
1.0378E-04 2.0000E-04
1.5174E-04 2.0000E-04
9.9426E-05 2.0000E-04
1.1074E-04 2.0000E-04
1.4172E-04 2.0000E-04
1.2034E-04 2.0000E-04
1.1067E-04 2.0000E-04
1.0036E-04 2.0000E-04
1.1726E-04 2.0000E-04
1.1895E-04 2.0000E-04
1.0869E-04 2.0000E-04
1.0193E-04 2.0000E-04
1.2463E-04 2.0000E-04
1.1175E-04 2.0000E-04
9.6450E-05 2.0000E-04
1.2539E-04 2.0000E-04
1.4832E-04 2.0000E-04
1.1687E-04 2.0000E-04
1.2581E-04 2.0000E-04
1.0678E-04 2.0000E-04
9.3229E-05 2.0000E-04
1.2953E-04 2.0000E-04
1.2621E-04 2.0000E-04
9.3304E-05 2.0000E-04
1.0074E-04 2.0000E-04
1.2926E-04 2.0000E-04
9.8552E-05 2.0000E-04
1.1559E-04 2.0000E-04
1.1477E-04 2.0000E-04
8.9835E-05 2.0000E-04
9.3094E-05 2.0000E-04
1.2938E-04 2.0000E-04
9.9503E-05 2.0000E-04
9.1885E-05 2.0000E-04
7.3169E-05 2.0000E-04
7.2196E-05 2.0000E-04
1.3011E-04 2.0000E-04
8.5595E-05 2.0000E-04
6.6957E-05 2.0000E-04
7.9964E-05 2.0000E-04
1.2858E-04 2.0000E-04
8.1736E-05 2.0000E-04
7.3725E-05 2.0000E-04
9.1119E-05 2.0000E-04
8.5766E-05 2.0000E-04
1.9967E-04 2.0000E-04
7.3464E-05 2.0000E-04
6.4658E-05 2.0000E-04
8.5932E-05 2.0000E-04
1.4269E-04 2.0000E-04
9.3845E-05 2.0000E-04
7.3201E-05 2.0000E-04
1.1032E-04 2.0000E-04
1.3123E-04 2.0000E-04
1.0811E-04 2.0000E-04
1.1685E-04 2.0000E-04
1.0922E-04 2.0000E-04
9.9751E-05 2.0000E-04
1.4357E-04 2.0000E-04
1.7136E-04 2.0000E-04
9.7974E-05 2.0000E-04
8.8652E-05 2.0000E-04
1.0565E-04 2.0000E-04
3.1109E-04 2.0000E-04
1.0197E-04 2.0000E-04
9.1481E-05 2.0000E-04
1.1065E-04 2.0000E-04
1.1126E-04 2.0000E-04
1.6139E-04 2.0000E-04
9.8555E-05 2.0000E-04
9.9803E-05 2.0000E-04
1.2165E-04 2.0000E-04
1.6587E-04 2.0000E-04
9.2135E-05 2.0000E-04
8.8489E-05 2.0000E-04
1.0196E-04 2.0000E-04
1.8169E-04 2.0000E-04
9.0024E-05 2.0000E-04
9.4537E-05 2.0000E-04
1.1139E-04 2.0000E-04
1.1004E-04 2.0000E-04
8.3525E-05 2.0000E-04
9.9142E-05 2.0000E-04
9.1626E-05 2.0000E-04
9.0562E-05 2.0000E-04
1.1003E-04 2.0000E-04
8.3347E-05 2.0000E-04
8.2731E-05 2.0000E-04
1.2238E-04 2.0000E-04
9.2962E-05 2.0000E-04
8.1120E-05 2.0000E-04
1.0367E-04 2.0000E-04
1.2254E-04 2.0000E-04
8.9504E-05 2.0000E-04
9.5562E-05 2.0000E-04
1.2960E-04 2.0000E-04
9.8346E-05 2.0000E-04
1.1121E-04 2.0000E-04
1.4665E-04 2.0000E-04
1.0379E-04 2.0000E-04
9.3529E-05 2.0000E-04
1.3740E-04 2.0000E-04
1.1529E-04 2.0000E-04
1.3474E-04 2.0000E-04
9.5849E-05 2.0000E-04
9.4946E-05 2.0000E-04
1.2925E-04 2.0000E-04
1.5941E-04 2.0000E-04
9.3944E-05 2.0000E-04
9.4766E-05 2.0000E-04
1.1478E-04 2.0000E-04
2.0323E-04 2.0000E-04
9.2731E-05 2.0000E-04
8.9775E-05 2.0000E-04
1.1933E-04 2.0000E-04
2.2846E-04 2.0000E-04
1.0600E-04 2.0000E-04
8.6857E-05 2.0000E-04
1.1347E-04 2.0000E-04
1.7527E-04 2.0000E-04
1.3144E-04 2.0000E-04
1.0327E-04 2.0000E-04
1.4852E-04 2.0000E-04
1.5929E-04 2.0000E-04
1.4757E-04 2.0000E-04
1.9541E-04 2.0000E-04
2.1035E-04 2.0000E-04
1.4502E-04 2.0000E-04
1.5078E-04 2.0000E-04
1.6369E-04 2.0000E-04
1.9678E-04 2.0000E-04
1.9363E-04 2.0000E-04
2.1581E-04 2.0000E-04
3.0528E-04 2.0000E-04
3.0319E-04 2.0000E-04
1.5697E-04 2.0000E-04
1.9476E-04 2.0000E-04
2.4519E-04 2.0000E-04
3.3895E-04 2.0000E-04
2.1638E-04 2.0000E-04
2.0911E-04 2.0000E-04
4.0329E-04 2.0000E-04
3.0038E-04 2.0000E-04
1.8859E-04 2.0000E-04
1.8214E-04 2.0000E-04
2.5653E-04 2.0000E-04
3.2088E-04 2.0000E-04
2.1696E-04 2.0000E-04
2.7489E-04 2.0000E-04
2.9694E-04 2.0000E-04
2.0601E-04 2.0000E-04
2.6249E-04 2.0000E-04
2.7831E-04 2.0000E-04
2.1777E-04 2.0000E-04
2.4407E-04 2.0000E-04
2.4742E-04 2.0000E-04
1.9293E-04 2.0000E-04
2.0837E-04 2.0000E-04
3.0637E-04 2.0000E-04
1.9855E-04 2.0000E-04
2.5294E-04 2.0000E-04
3.8902E-04 2.0000E-04
1.6251E-04 2.0000E-04
1.0443E-04 2.0000E-04
1.6618E-04 2.0000E-04
2.2984E-04 2.0000E-04
1.6962E-04 2.0000E-04
1.2419E-04 2.0000E-04
1.4457E-04 2.0000E-04
1.6317E-04 2.0000E-04
1.4964E-04 2.0000E-04
1.5922E-04 2.0000E-04
1.2363E-04 2.0000E-04
1.2206E-04 2.0000E-04
1.9490E-04 2.0000E-04
1.1742E-04 2.0000E-04
1.0461E-04 2.0000E-04
1.2875E-04 2.0000E-04
1.5369E-04 2.0000E-04
1.1412E-04 2.0000E-04
1.0611E-04 2.0000E-04
1.3603E-04 2.0000E-04
1.1693E-04 2.0000E-04
9.7059E-05 2.0000E-04
1.0429E-04 2.0000E-04
1.4857E-04 2.0000E-04
9.6992E-05 2.0000E-04
9.1476E-05 2.0000E-04
1.0866E-04 2.0000E-04
1.0504E-04 2.0000E-04
1.0430E-04 2.0000E-04
8.9891E-05 2.0000E-04
8.9792E-05 2.0000E-04
1.4491E-04 2.0000E-04
8.3156E-05 2.0000E-04
7.6904E-05 2.0000E-04
9.5677E-05 2.0000E-04
1.5657E-04 2.0000E-04
7.7912E-05 2.0000E-04
6.9885E-05 2.0000E-04
8.1034E-05 2.0000E-04
1.8683E-04 2.0000E-04
7.8497E-05 2.0000E-04
6.4932E-05 2.0000E-04
8.5229E-05 2.0000E-04
1.5350E-04 2.0000E-04
8.6603E-05 2.0000E-04
7.1331E-05 2.0000E-04
8.9125E-05 2.0000E-04
1.4329E-04 2.0000E-04
8.6884E-05 2.0000E-04
7.7281E-05 2.0000E-04
9.2659E-05 2.0000E-04
1.4302E-04 2.0000E-04
7.9487E-05 2.0000E-04
7.4754E-05 2.0000E-04
9.0028E-05 2.0000E-04
1.7632E-04 2.0000E-04
8.7439E-05 2.0000E-04
7.2855E-05 2.0000E-04
9.0818E-05 2.0000E-04
1.6330E-04 2.0000E-04
8.9292E-05 2.0000E-04
7.7467E-05 2.0000E-04
1.0243E-04 2.0000E-04
1.1121E-04 2.0000E-04
1.0555E-04 2.0000E-04
9.7450E-05 2.0000E-04
9.0858E-05 2.0000E-04
9.0028E-05 2.0000E-04
1.1629E-04 2.0000E-04
1.0001E-04 2.0000E-04
8.8914E-05 2.0000E-04
1.0282E-04 2.0000E-04
1.1969E-04 2.0000E-04
8.5447E-05 2.0000E-04
8.9935E-05 2.0000E-04
1.2221E-04 2.0000E-04
9.0561E-05 2.0000E-04
9.5869E-05 2.0000E-04
1.5009E-04 2.0000E-04
9.5725E-05 2.0000E-04
8.4489E-05 2.0000E-04
9.2734E-05 2.0000E-04
9.8549E-05 2.0000E-04
1.3152E-04 2.0000E-04
8.5738E-05 2.0000E-04
7.9324E-05 2.0000E-04
1.0650E-04 2.0000E-04
1.1127E-04 2.0000E-04
8.4798E-05 2.0000E-04
9.1321E-05 2.0000E-04
1.1233E-04 2.0000E-04
9.9404E-05 2.0000E-04
9.1416E-05 2.0000E-04
1.1085E-04 2.0000E-04
1.0044E-04 2.0000E-04
8.8030E-05 2.0000E-04
9.8791E-05 2.0000E-04
9.5290E-05 2.0000E-04
7.7149E-05 2.0000E-04
9.8765E-05 2.0000E-04
1.1268E-04 2.0000E-04
8.0269E-05 2.0000E-04
7.6801E-05 2.0000E-04
1.0716E-04 2.0000E-04
9.6691E-05 2.0000E-04
9.5123E-05 2.0000E-04
7.2359E-05 2.0000E-04
6.9201E-05 2.0000E-04
9.9685E-05 2.0000E-04
1.1699E-04 2.0000E-04
7.0013E-05 2.0000E-04
7.4691E-05 2.0000E-04
9.2263E-05 2.0000E-04
1.1786E-04 2.0000E-04
8.9537E-05 2.0000E-04
9.0617E-05 2.0000E-04
1.1398E-04 2.0000E-04
1.1368E-04 2.0000E-04
8.1349E-05 2.0000E-04
8.8892E-05 2.0000E-04
1.0704E-04 2.0000E-04
8.6670E-05 2.0000E-04
1.2295E-04 2.0000E-04
9.6031E-05 2.0000E-04
1.1013E-04 2.0000E-04
8.4168E-05 2.0000E-04
7.6253E-05 2.0000E-04
8.8430E-05 2.0000E-04
1.4030E-04 2.0000E-04
7.2223E-05 2.0000E-04
7.2361E-05 2.0000E-04
8.9997E-05 2.0000E-04
1.8996E-04 2.0000E-04
7.6440E-05 2.0000E-04
6.5922E-05 2.0000E-04
1.1122E-04 2.0000E-04
1.3098E-04 2.0000E-04
7.7656E-05 2.0000E-04
8.6742E-05 2.0000E-04
9.2943E-05 2.0000E-04
7.8340E-05 2.0000E-04
2.0443E-04 2.0000E-04
7.9971E-05 2.0000E-04
6.5232E-05 2.0000E-04
8.3850E-05 2.0000E-04
1.4354E-04 2.0000E-04
9.0356E-05 2.0000E-04
7.3493E-05 2.0000E-04
1.1349E-04 2.0000E-04
1.0561E-04 2.0000E-04
1.0788E-04 2.0000E-04
1.0045E-04 2.0000E-04
1.0516E-04 2.0000E-04
8.8049E-05 2.0000E-04
1.0262E-04 2.0000E-04
1.3479E-04 2.0000E-04
9.3564E-05 2.0000E-04
9.1521E-05 2.0000E-04
1.0691E-04 2.0000E-04
1.0943E-04 2.0000E-04
1.2276E-04 2.0000E-04
9.2190E-05 2.0000E-04
9.5277E-05 2.0000E-04
1.3364E-04 2.0000E-04
1.0927E-04 2.0000E-04
1.3131E-04 2.0000E-04
1.0905E-04 2.0000E-04
1.0635E-04 2.0000E-04
1.0975E-04 2.0000E-04
1.3066E-04 2.0000E-04
1.0095E-04 2.0000E-04
1.1584E-04 2.0000E-04
1.4365E-04 2.0000E-04
1.0102E-04 2.0000E-04
1.0789E-04 2.0000E-04
1.6227E-04 2.0000E-04
1.3876E-04 2.0000E-04
1.4466E-04 2.0000E-04
1.0906E-04 2.0000E-04
1.0606E-04 2.0000E-04
1.4791E-04 2.0000E-04
1.8990E-04 2.0000E-04
1.0626E-04 2.0000E-04
1.1221E-04 2.0000E-04
1.3949E-04 2.0000E-04
2.0891E-04 2.0000E-04
1.3783E-04 2.0000E-04
1.7533E-04 2.0000E-04
1.3697E-04 2.0000E-04
1.1555E-04 2.0000E-04
1.3169E-04 2.0000E-04
2.2263E-04 2.0000E-04
1.3043E-04 2.0000E-04
1.1819E-04 2.0000E-04
1.5820E-04 2.0000E-04
2.1405E-04 2.0000E-04
1.3889E-04 2.0000E-04
1.4306E-04 2.0000E-04
1.9596E-04 2.0000E-04
1.4260E-04 2.0000E-04
1.2948E-04 2.0000E-04
1.6001E-04 2.0000E-04
1.4247E-04 2.0000E-04
1.3189E-04 2.0000E-04
1.5009E-04 2.0000E-04
1.3496E-04 2.0000E-04
1.3793E-04 2.0000E-04
1.7665E-04 2.0000E-04
1.1004E-04 2.0000E-04
1.0664E-04 2.0000E-04
1.3367E-04 2.0000E-04
1.5674E-04 2.0000E-04
1.1449E-04 2.0000E-04
1.1556E-04 2.0000E-04
1.1280E-04 2.0000E-04
1.0165E-04 2.0000E-04
1.0993E-04 2.0000E-04
1.2942E-04 2.0000E-04
9.8047E-05 2.0000E-04
9.1158E-05 2.0000E-04
1.1890E-04 2.0000E-04
1.0868E-04 2.0000E-04
9.4602E-05 2.0000E-04
1.0211E-04 2.0000E-04
1.2228E-04 2.0000E-04
9.9435E-05 2.0000E-04
1.1138E-04 2.0000E-04
1.2776E-04 2.0000E-04
9.9874E-05 2.0000E-04
1.1980E-04 2.0000E-04
1.6019E-04 2.0000E-04
1.1376E-04 2.0000E-04
1.0615E-04 2.0000E-04
1.0737E-04 2.0000E-04
1.1238E-04 2.0000E-04
1.6364E-04 2.0000E-04
1.0199E-04 2.0000E-04
9.8779E-05 2.0000E-04
1.5307E-04 2.0000E-04
1.0616E-04 2.0000E-04
1.0014E-04 2.0000E-04
1.1662E-04 2.0000E-04
1.0535E-04 2.0000E-04
1.2211E-04 2.0000E-04
1.3162E-04 2.0000E-04
1.1904E-04 2.0000E-04
8.9069E-05 2.0000E-04
8.1455E-05 2.0000E-04
1.2829E-04 2.0000E-04
9.8384E-05 2.0000E-04
8.0642E-05 2.0000E-04
1.0064E-04 2.0000E-04
1.0195E-04 2.0000E-04
8.1225E-05 2.0000E-04
9.8085E-05 2.0000E-04
1.0370E-04 2.0000E-04
8.3664E-05 2.0000E-04
1.3103E-04 2.0000E-04
1.3547E-04 2.0000E-04
7.6754E-05 2.0000E-04
5.7730E-05 2.0000E-04
8.8022E-05 2.0000E-04
1.7735E-04 2.0000E-04
8.5535E-05 2.0000E-04
7.1105E-05 2.0000E-04
8.7796E-05 2.0000E-04
1.7627E-04 2.0000E-04
9.4554E-05 2.0000E-04
8.9500E-05 2.0000E-04
1.8891E-04 2.0000E-04
1.4442E-04 2.0000E-04
1.0034E-04 2.0000E-04
1.1810E-04 2.0000E-04
1.6894E-04 2.0000E-04
2.1479E-04 2.0000E-04
1.2868E-04 2.0000E-04
2.0157E-04 2.0000E-04
2.2020E-04 2.0000E-04
1.4278E-04 2.0000E-04
2.3098E-04 2.0000E-04
1.7912E-04 2.0000E-04
1.3265E-04 2.0000E-04
1.6417E-04 2.0000E-04
2.4019E-04 2.0000E-04
1.7030E-04 2.0000E-04
2.1437E-04 2.0000E-04
1.8072E-04 2.0000E-04
3.7915E-04 2.0000E-04
1.9407E-04 2.0000E-04
1.2723E-04 2.0000E-04
1.5991E-04 2.0000E-04
2.0529E-04 2.0000E-04
3.7538E-04 2.0000E-04
1.3260E-04 2.0000E-04
1.3032E-04 2.0000E-04
1.5074E-04 2.0000E-04
1.5494E-04 2.0000E-04
1.9677E-04 2.0000E-04
1.2126E-04 2.0000E-04
1.1765E-04 2.0000E-04
1.1919E-04 2.0000E-04
1.9799E-04 2.0000E-04
1.0318E-04 2.0000E-04
9.9507E-05 2.0000E-04
1.2339E-04 2.0000E-04
1.3044E-04 2.0000E-04
1.1947E-04 2.0000E-04
9.7760E-05 2.0000E-04
9.7335E-05 2.0000E-04
1.6205E-04 2.0000E-04
9.0503E-05 2.0000E-04
8.1607E-05 2.0000E-04
9.8175E-05 2.0000E-04
1.6256E-04 2.0000E-04
8.0576E-05 2.0000E-04
7.5956E-05 2.0000E-04
8.9768E-05 2.0000E-04
2.1523E-04 2.0000E-04
7.7975E-05 2.0000E-04
9.0129E-05 2.0000E-04
9.0733E-05 2.0000E-04
7.5700E-05 2.0000E-04
1.0495E-04 2.0000E-04
9.0438E-05 2.0000E-04
7.0863E-05 2.0000E-04
8.5443E-05 2.0000E-04
9.6436E-05 2.0000E-04
7.0837E-05 2.0000E-04
8.0600E-05 2.0000E-04
1.1126E-04 2.0000E-04
7.1298E-05 2.0000E-04
6.9998E-05 2.0000E-04
7.4400E-05 2.0000E-04
7.2619E-05 2.0000E-04
1.9603E-04 2.0000E-04
6.8252E-05 2.0000E-04
4.9384E-05 2.0000E-04
6.5990E-05 2.0000E-04
8.2436E-05 2.0000E-04
1.8027E-04 2.0000E-04
7.8350E-05 2.0000E-04
1.0254E-04 2.0000E-04
5.6608E-05 2.0000E-04
6.5743E-05 2.0000E-04
7.8675E-05 2.0000E-04
1.4057E-04 2.0000E-04
7.8681E-05 2.0000E-04
5.3719E-05 2.0000E-04
9.7378E-05 2.0000E-04
8.0301E-05 2.0000E-04
5.7563E-05 2.0000E-04
9.1682E-05 2.0000E-04
7.7132E-05 2.0000E-04
6.4483E-05 2.0000E-04
7.4511E-05 2.0000E-04
8.8448E-05 2.0000E-04
5.8950E-05 2.0000E-04
5.5933E-05 2.0000E-04
6.7235E-05 2.0000E-04
5.8274E-05 2.0000E-04
1.1458E-04 2.0000E-04
5.8019E-05 2.0000E-04
5.8901E-05 2.0000E-04
4.0938E-05 2.0000E-04
4.8132E-05 2.0000E-04
7.2463E-05 2.0000E-04
4.9598E-05 2.0000E-04
4.5396E-05 2.0000E-04
6.7387E-05 2.0000E-04
4.8234E-05 2.0000E-04
4.4392E-05 2.0000E-04
6.7050E-05 2.0000E-04
5.0126E-05 2.0000E-04
5.0527E-05 2.0000E-04
6.3720E-05 2.0000E-04
4.7721E-05 2.0000E-04
4.5049E-05 2.0000E-04
6.8612E-05 2.0000E-04
5.1252E-05 2.0000E-04
7.7340E-05 2.0000E-04
4.8883E-05 2.0000E-04
3.8124E-05 2.0000E-04
4.0190E-05 2.0000E-04
6.4509E-05 2.0000E-04
3.8891E-05 2.0000E-04
3.2449E-05 2.0000E-04
3.8897E-05 2.0000E-04
4.0776E-05 2.0000E-04
4.4368E-05 2.0000E-04
2.9298E-05 2.0000E-04
3.1089E-05 2.0000E-04
4.5387E-05 2.0000E-04
3.4291E-05 2.0000E-04
2.8156E-05 2.0000E-04
3.4474E-05 2.0000E-04
4.6802E-05 2.0000E-04
3.4721E-05 2.0000E-04
4.0409E-05 2.0000E-04
3.6973E-05 2.0000E-04
3.2087E-05 2.0000E-04
4.7804E-05 2.0000E-04
3.7389E-05 2.0000E-04
3.1709E-05 2.0000E-04
3.9588E-05 2.0000E-04
5.9509E-05 2.0000E-04
3.3768E-05 2.0000E-04
2.7177E-05 2.0000E-04
3.1914E-05 2.0000E-04
6.8810E-05 2.0000E-04
3.6127E-05 2.0000E-04
2.9404E-05 2.0000E-04
3.4239E-05 2.0000E-04
3.5297E-05 2.0000E-04
3.0084E-05 2.0000E-04
5.4201E-05 2.0000E-04
3.0994E-05 2.0000E-04
2.7985E-05 2.0000E-04
3.0506E-05 2.0000E-04
4.2946E-05 2.0000E-04
2.9253E-05 2.0000E-04
2.4911E-05 2.0000E-04
3.0703E-05 2.0000E-04
3.2006E-05 2.0000E-04
2.6109E-05 2.0000E-04
2.4471E-05 2.0000E-04
3.4417E-05 2.0000E-04
2.7788E-05 2.0000E-04
2.5773E-05 2.0000E-04
3.0600E-05 2.0000E-04
2.6299E-05 2.0000E-04
2.8318E-05 2.0000E-04
3.5770E-05 2.0000E-04
3.1163E-05 2.0000E-04
2.6214E-05 2.0000E-04
2.7275E-05 2.0000E-04
4.1424E-05 2.0000E-04
2.5156E-05 2.0000E-04
2.3452E-05 2.0000E-04
2.9789E-05 2.0000E-04
2.9192E-05 2.0000E-04
3.0703E-05 2.0000E-04
2.6996E-05 2.0000E-04
2.8524E-05 2.0000E-04
3.7196E-05 2.0000E-04
2.7095E-05 2.0000E-04
3.0261E-05 2.0000E-04
3.2007E-05 2.0000E-04
2.8817E-05 2.0000E-04
2.9052E-05 2.0000E-04
3.6066E-05 2.0000E-04
2.8500E-05 2.0000E-04
3.0014E-05 2.0000E-04
3.9941E-05 2.0000E-04
3.8054E-05 2.0000E-04
3.5466E-05 2.0000E-04
5.6672E-05 2.0000E-04
4.4345E-05 2.0000E-04
3.1407E-05 2.0000E-04
3.5474E-05 2.0000E-04
5.2537E-05 2.0000E-04
4.2802E-05 2.0000E-04
4.1911E-05 2.0000E-04
5.9649E-05 2.0000E-04
4.9010E-05 2.0000E-04
4.0818E-05 2.0000E-04
5.6280E-05 2.0000E-04
6.7336E-05 2.0000E-04
5.9081E-05 2.0000E-04
1.2653E-04 2.0000E-04
9.2460E-05 2.0000E-04
5.0821E-05 2.0000E-04
6.6848E-05 2.0000E-04
1.0841E-04 2.0000E-04
1.0465E-04 2.0000E-04
1.0637E-04 2.0000E-04
1.1543E-04 2.0000E-04
1.1797E-04 2.0000E-04
7.3801E-05 2.0000E-04
8.9452E-05 2.0000E-04
9.8471E-05 2.0000E-04
1.3781E-04 2.0000E-04
1.0317E-04 2.0000E-04
1.9337E-04 2.0000E-04
7.2598E-05 2.0000E-04
6.1392E-05 2.0000E-04
8.8583E-05 2.0000E-04
1.6677E-04 2.0000E-04
8.9286E-05 2.0000E-04
8.0289E-05 2.0000E-04
8.0667E-05 2.0000E-04
1.2849E-04 2.0000E-04
9.7521E-05 2.0000E-04
6.7300E-05 2.0000E-04
6.8375E-05 2.0000E-04
8.5018E-05 2.0000E-04
1.2639E-04 2.0000E-04
6.3124E-05 2.0000E-04
6.0045E-05 2.0000E-04
6.7841E-05 2.0000E-04
1.3349E-04 2.0000E-04
6.6845E-05 2.0000E-04
6.2173E-05 2.0000E-04
5.5918E-05 2.0000E-04
6.8707E-05 2.0000E-04
6.5362E-05 2.0000E-04
4.8486E-05 2.0000E-04
5.8416E-05 2.0000E-04
8.2667E-05 2.0000E-04
5.2340E-05 2.0000E-04
4.2511E-05 2.0000E-04
5.1313E-05 2.0000E-04
5.3738E-05 2.0000E-04
7.3324E-05 2.0000E-04
4.1919E-05 2.0000E-04
4.0579E-05 2.0000E-04
5.5616E-05 2.0000E-04
4.7794E-05 2.0000E-04
4.3967E-05 2.0000E-04
4.2302E-05 2.0000E-04
4.1643E-05 2.0000E-04
7.0804E-05 2.0000E-04
3.4080E-05 2.0000E-04
3.0726E-05 2.0000E-04
3.9777E-05 2.0000E-04
6.3904E-05 2.0000E-04
3.4160E-05 2.0000E-04
3.1578E-05 2.0000E-04
3.7526E-05 2.0000E-04
8.5549E-05 2.0000E-04
3.3234E-05 2.0000E-04
2.6450E-05 2.0000E-04
3.3580E-05 2.0000E-04
5.2485E-05 2.0000E-04
3.8198E-05 2.0000E-04
3.3428E-05 2.0000E-04
4.8070E-05 2.0000E-04
3.5456E-05 2.0000E-04
3.3731E-05 2.0000E-04
4.6351E-05 2.0000E-04
4.4303E-05 2.0000E-04
4.2593E-05 2.0000E-04
5.5382E-05 2.0000E-04
4.6475E-05 2.0000E-04
3.4564E-05 2.0000E-04
3.6527E-05 2.0000E-04
5.3515E-05 2.0000E-04
3.8726E-05 2.0000E-04
3.5668E-05 2.0000E-04
4.9557E-05 2.0000E-04
5.0198E-05 2.0000E-04
6.2409E-05 2.0000E-04
3.7468E-05 2.0000E-04
3.7771E-05 2.0000E-04
4.8055E-05 2.0000E-04
8.2623E-05 2.0000E-04
4.0108E-05 2.0000E-04
5.3563E-05 2.0000E-04
4.1637E-05 2.0000E-04
3.9438E-05 2.0000E-04
6.5549E-05 2.0000E-04
4.4393E-05 2.0000E-04
4.6633E-05 2.0000E-04
5.1108E-05 2.0000E-04
7.4439E-05 2.0000E-04
6.0756E-05 2.0000E-04
3.9009E-05 2.0000E-04
4.4095E-05 2.0000E-04
5.5379E-05 2.0000E-04
8.1203E-05 2.0000E-04
4.8519E-05 2.0000E-04
4.4490E-05 2.0000E-04
5.8827E-05 2.0000E-04
4.8997E-05 2.0000E-04
6.1332E-05 2.0000E-04
5.2491E-05 2.0000E-04
4.1670E-05 2.0000E-04
5.0959E-05 2.0000E-04
5.7180E-05 2.0000E-04
4.8060E-05 2.0000E-04
5.0676E-05 2.0000E-04
4.5435E-05 2.0000E-04
4.1818E-05 2.0000E-04
6.4389E-05 2.0000E-04
3.7610E-05 2.0000E-04
4.4084E-05 2.0000E-04
4.2667E-05 2.0000E-04
4.3316E-05 2.0000E-04
4.3139E-05 2.0000E-04
4.6438E-05 2.0000E-04
3.6202E-05 2.0000E-04
4.2239E-05 2.0000E-04
4.1325E-05 2.0000E-04
3.6041E-05 2.0000E-04
3.5414E-05 2.0000E-04
4.3211E-05 2.0000E-04
3.2837E-05 2.0000E-04
4.7630E-05 2.0000E-04
3.7497E-05 2.0000E-04
2.8166E-05 2.0000E-04
2.9508E-05 2.0000E-04
3.6497E-05 2.0000E-04
3.6768E-05 2.0000E-04
2.7502E-05 2.0000E-04
2.5838E-05 2.0000E-04
3.4851E-05 2.0000E-04
3.1893E-05 2.0000E-04
2.3725E-05 2.0000E-04
2.5148E-05 2.0000E-04
4.0477E-05 2.0000E-04
2.5488E-05 2.0000E-04
2.2962E-05 2.0000E-04
3.1183E-05 2.0000E-04
2.4723E-05 2.0000E-04
3.8395E-05 2.0000E-04
3.8181E-05 2.0000E-04
2.3876E-05 2.0000E-04
1.6116E-05 2.0000E-04
2.1181E-05 2.0000E-04
5.1744E-05 2.0000E-04
2.1321E-05 2.0000E-04
1.6521E-05 2.0000E-04
2.0988E-05 2.0000E-04
2.3923E-05 2.0000E-04
4.5337E-05 2.0000E-04
1.7206E-05 2.0000E-04
1.5471E-05 2.0000E-04
1.9833E-05 2.0000E-04
2.8713E-05 2.0000E-04
2.8241E-05 2.0000E-04
1.5068E-05 2.0000E-04
1.8810E-05 2.0000E-04
2.1980E-05 2.0000E-04
3.4255E-05 2.0000E-04
1.6853E-05 2.0000E-04
1.7164E-05 2.0000E-04
1.9669E-05 2.0000E-04
2.9869E-05 2.0000E-04
1.5865E-05 2.0000E-04
1.5156E-05 2.0000E-04
1.8969E-05 2.0000E-04
2.8731E-05 2.0000E-04
1.4438E-05 2.0000E-04
1.3817E-05 2.0000E-04
1.6076E-05 2.0000E-04
3.0997E-05 2.0000E-04
1.3862E-05 2.0000E-04
1.1508E-05 2.0000E-04
1.4742E-05 2.0000E-04
2.3374E-05 2.0000E-04
1.4021E-05 2.0000E-04
1.1046E-05 2.0000E-04
1.4869E-05 2.0000E-04
1.5275E-05 2.0000E-04
1.3998E-05 2.0000E-04
1.6366E-05 2.0000E-04
1.2044E-05 2.0000E-04
1.2431E-05 2.0000E-04
1.7768E-05 2.0000E-04
1.3165E-05 2.0000E-04
1.1106E-05 2.0000E-04
1.3071E-05 2.0000E-04
1.5104E-05 2.0000E-04
1.1363E-05 2.0000E-04
1.3679E-05 2.0000E-04
1.2949E-05 2.0000E-04
1.1197E-05 2.0000E-04
1.5819E-05 2.0000E-04
1.2699E-05 2.0000E-04
1.0551E-05 2.0000E-04
1.1665E-05 2.0000E-04
2.0571E-05 2.0000E-04
1.0580E-05 2.0000E-04
8.1223E-06 2.0000E-04
9.5306E-06 2.0000E-04
1.1029E-05 2.0000E-04
2.1005E-05 2.0000E-04
7.5774E-06 2.0000E-04
7.0514E-06 2.0000E-04
1.4754E-03 2.0000E-04
1.2198E-03 2.0000E-04
5.4402E-04 2.0000E-04
4.6553E-04 2.0000E-04
5.7629E-04 2.0000E-04
4.3550E-04 2.0000E-04
2.3933E-04 2.0000E-04
1.7425E-04 2.0000E-04
1.8564E-04 2.0000E-04
4.1791E-04 2.0000E-04
1.2265E-04 2.0000E-04
1.0182E-04 2.0000E-04
1.4182E-04 2.0000E-04
1.5969E-04 2.0000E-04
2.5055E-04 2.0000E-04
7.4026E-05 2.0000E-04
6.9765E-05 2.0000E-04
8.9110E-05 2.0000E-04
1.9655E-04 2.0000E-04
6.9053E-05 2.0000E-04
5.0492E-05 2.0000E-04
6.7959E-05 2.0000E-04
8.6884E-05 2.0000E-04
1.4468E-04 2.0000E-04
5.3870E-05 2.0000E-04
4.2477E-05 2.0000E-04
5.4649E-05 2.0000E-04
7.8742E-05 2.0000E-04
5.3770E-05 2.0000E-04
4.8661E-05 2.0000E-04
5.8260E-05 2.0000E-04
4.9561E-05 2.0000E-04
5.1004E-05 2.0000E-04
8.9673E-05 2.0000E-04
4.6784E-05 2.0000E-04
3.8083E-05 2.0000E-04
4.2104E-05 2.0000E-04
8.0291E-05 2.0000E-04
3.8817E-05 2.0000E-04
3.0386E-05 2.0000E-04
3.4304E-05 2.0000E-04
5.8041E-05 2.0000E-04
3.2112E-05 2.0000E-04
3.0425E-05 2.0000E-04
3.5887E-05 2.0000E-04
6.5335E-05 2.0000E-04
4.3084E-05 2.0000E-04
2.3783E-05 2.0000E-04
2.6650E-05 2.0000E-04
3.4682E-05 2.0000E-04
3.8701E-05 2.0000E-04
3.7122E-05 2.0000E-04
2.5392E-05 2.0000E-04
2.5160E-05 2.0000E-04
3.3086E-05 2.0000E-04
2.6914E-05 2.0000E-04
1.9965E-05 2.0000E-04
2.4452E-05 2.0000E-04
3.3249E-05 2.0000E-04
2.4583E-05 2.0000E-04
2.4916E-05 2.0000E-04
2.6428E-05 2.0000E-04
2.3833E-05 2.0000E-04
3.2131E-05 2.0000E-04
2.2802E-05 2.0000E-04
2.0658E-05 2.0000E-04
2.8341E-05 2.0000E-04
3.6531E-05 2.0000E-04
1.9081E-05 2.0000E-04
1.7091E-05 2.0000E-04
2.0291E-05 2.0000E-04
2.4724E-05 2.0000E-04
5.2147E-05 2.0000E-04
1.7335E-05 2.0000E-04
1.4510E-05 2.0000E-04
1.8953E-05 2.0000E-04
2.4329E-05 2.0000E-04
2.6661E-05 2.0000E-04
1.8103E-05 2.0000E-04
2.0256E-05 2.0000E-04
2.3767E-05 2.0000E-04
1.8603E-05 2.0000E-04
1.5570E-05 2.0000E-04
1.8485E-05 2.0000E-04
2.4383E-05 2.0000E-04
2.1646E-05 2.0000E-04
1.6618E-05 2.0000E-04
1.5697E-05 2.0000E-04
2.0788E-05 2.0000E-04
1.8858E-05 2.0000E-04
1.5406E-05 2.0000E-04
1.9373E-05 2.0000E-04
1.9881E-05 2.0000E-04
1.5127E-05 2.0000E-04
1.7276E-05 2.0000E-04
1.8975E-05 2.0000E-04
1.7641E-05 2.0000E-04
1.7127E-05 2.0000E-04
2.1783E-05 2.0000E-04
1.3264E-05 2.0000E-04
1.2917E-05 2.0000E-04
1.4850E-05 2.0000E-04
2.5930E-05 2.0000E-04
1.4378E-05 2.0000E-04
1.3236E-05 2.0000E-04
1.3841E-05 2.0000E-04
2.6851E-05 2.0000E-04
1.4894E-05 2.0000E-04
1.5186E-05 2.0000E-04
1.4908E-05 2.0000E-04
1.7240E-05 2.0000E-04
2.5442E-05 2.0000E-04
1.5146E-05 2.0000E-04
1.1620E-05 2.0000E-04
1.4735E-05 2.0000E-04
1.6563E-05 2.0000E-04
1.5412E-05 2.0000E-04
1.4607E-05 2.0000E-04
1.3804E-05 2.0000E-04
1.3836E-05 2.0000E-04
1.7094E-05 2.0000E-04
1.3802E-05 2.0000E-04
1.2172E-05 2.0000E-04
1.4037E-05 2.0000E-04
2.1122E-05 2.0000E-04
1.3654E-05 2.0000E-04
1.3938E-05 2.0000E-04
1.3217E-05 2.0000E-04
1.5021E-05 2.0000E-04
1.4250E-05 2.0000E-04
1.2599E-05 2.0000E-04
1.2309E-05 2.0000E-04
1.8099E-05 2.0000E-04
1.4202E-05 2.0000E-04
1.4393E-05 2.0000E-04
1.8585E-05 2.0000E-04
1.2462E-05 2.0000E-04
1.2204E-05 2.0000E-04
1.3152E-05 2.0000E-04
2.0535E-05 2.0000E-04
1.1514E-05 2.0000E-04
1.2202E-05 2.0000E-04
1.4375E-05 2.0000E-04
2.9844E-05 2.0000E-04
1.2287E-05 2.0000E-04
1.0490E-05 2.0000E-04
1.2398E-05 2.0000E-04
1.6085E-05 2.0000E-04
1.9020E-05 2.0000E-04
1.2406E-05 2.0000E-04
1.1861E-05 2.0000E-04
1.7029E-05 2.0000E-04
1.3403E-05 2.0000E-04
1.2263E-05 2.0000E-04
1.4581E-05 2.0000E-04
1.2275E-05 2.0000E-04
1.5441E-05 2.0000E-04
1.7594E-05 2.0000E-04
1.0502E-05 2.0000E-04
1.0876E-05 2.0000E-04
1.1474E-05 2.0000E-04
1.3455E-05 2.0000E-04
1.5675E-05 2.0000E-04
1.1619E-05 2.0000E-04
9.7140E-06 2.0000E-04
1.1886E-05 2.0000E-04
1.3446E-05 2.0000E-04
1.2744E-05 2.0000E-04
1.0640E-05 2.0000E-04
1.1309E-05 2.0000E-04
1.4742E-05 2.0000E-04
1.0251E-05 2.0000E-04
9.9069E-06 2.0000E-04
1.5028E-05 2.0000E-04
1.1078E-05 2.0000E-04
1.0390E-05 2.0000E-04
1.9531E-05 2.0000E-04
1.1017E-05 2.0000E-04
1.0409E-05 2.0000E-04
1.1353E-05 2.0000E-04
2.2265E-05 2.0000E-04
1.0749E-05 2.0000E-04
9.8734E-06 2.0000E-04
