948.2
199.8
200.3
200.5
202.0
201.2
202.5
202.2
201.7
199.5
201.7
199.7
201.2
200.5
202.5
200.9
203.5
200.6
202.1
201.1
201.8
202.1
199.7
201.5
202.3
199.4
199.0
199.6
201.6
200.4
198.4
200.7
201.4
201.4
203.9
200.3
199.0
199.9
200.4
201.1
200.3
200.7
201.1
200.2
203.0
200.1
200.4
199.9
200.4
200.7
200.1
200.3
201.8
200.4
203.5
199.4
201.5
202.3
201.9
201.6
202.5
199.7
201.0
201.4
199.7
200.2
198.8
201.2
199.0
202.5
199.8
202.5
201.7
201.6
202.7
198.8
201.5
199.5
200.9
201.9
203.0
200.5
200.7
201.6
200.7
200.9
200.0
202.4
200.7
200.2
201.3
199.8
201.7
200.5
200.9
198.5
200.1
202.6
203.9
198.0
200.6
200.1
199.3
203.0
201.4
201.1
201.8
201.6
200.8
204.5
202.9
201.2
200.1
201.1
200.7
202.0
203.4
202.0
202.1
201.6
199.6
202.0
200.9
201.1
202.1
202.1
201.7
200.7
200.8
201.6
200.6
199.7
199.4
201.9
201.4
200.7
201.4
202.7
199.6
202.0
201.2
198.7
201.7
202.4
200.9
200.7
199.8
201.4
201.6
200.5
200.4
202.4
201.4
201.8
201.6
202.6
200.1
201.5
199.7
202.6
202.2
201.3
200.5
201.2
201.5
199.7
202.2
199.2
198.9
199.3
201.4
202.5
201.5
205.2
200.0
201.6
200.8
201.5
201.8
201.9
202.8
199.7
201.9
202.1
200.5
199.5
203.3
200.6
200.1
200.7
202.1
201.0
202.0
199.2
201.2
201.6
199.4
203.9
200.6
201.5
200.6
201.3
201.3
200.8
198.2
201.3
202.4
199.4
199.4
202.2
199.8
201.0
201.0
199.9
199.6
202.1
201.4
200.1
201.8
202.4
199.9
201.5
202.7
202.0
199.8
201.1
200.5
199.1
203.0
201.1
203.3
198.2
200.9
200.8
200.6
200.6
199.0
200.4
200.3
201.6
201.4
199.8
201.5
201.0
200.7
201.0
200.4
202.3
201.0
199.5
201.2
201.2
199.8
200.2
200.1
200.5
200.5
201.0
201.0
202.9
201.7
200.7
201.1
202.5
201.4
200.2
200.9
202.0
202.7
201.6
199.5
200.2
200.8
200.7
200.3
202.0
201.2
201.7
201.0
202.2
201.4
201.7
200.3
199.4
200.5
202.7
198.5
199.3
203.4
201.9
201.5
201.3
200.5
201.8
201.1
206.7
201.1
200.2
203.1
201.7
200.3
200.3
201.2
202.6
202.4
202.7
202.8
201.4
205.1
200.3
202.0
201.2
201.0
200.9
202.9
203.0
202.4
199.8
200.3
201.9
202.2
203.4
199.0
200.3
200.6
201.1
509.7
107.4
108.4
108.8
107.9
109.3
107.5
107.6
110.1
109.4
108.7
108.2
107.9
107.9
109.1
108.8
107.3
109.5
110.6
113.7
109.1
109.2
109.1
108.3
109.2
107.7
110.0
107.9
109.9
107.7
107.4
106.9
108.1
111.5
107.9
109.0
109.1
109.0
107.2
108.4
108.1
108.9
108.4
109.2
109.7
109.3
107.7
106.5
108.9
109.1
109.3
108.7
108.1
110.2
108.2
110.0
108.2
108.8
108.4
109.2
108.4
107.8
106.3
110.5
108.0
107.3
109.0
110.2
110.6
108.6
106.0
108.7
109.5
107.6
108.5
108.8
107.8
107.4
109.3
107.5
107.4
108.9
108.3
108.2
107.3
108.6
108.6
108.5
108.3
108.2
106.8
107.7
108.4
107.8
108.6
108.9
108.4
108.5
108.7
107.1
106.7
109.4
106.1
109.0
109.5
107.2
108.3
109.2
107.7
110.7
107.1
107.4
109.4
108.3
107.8
109.3
108.9
108.0
108.8
107.2
107.1
108.3
110.3
106.5
108.7
108.7
109.5
108.8
108.0
107.4
108.1
108.8
105.7
107.9
108.6
109.4
107.0
107.8
107.9
110.7
109.7
107.3
109.2
107.6
107.9
107.7
108.1
107.8
109.0
106.8
107.2
108.0
108.5
108.7
108.9
107.5
108.5
108.5
107.5
107.9
106.9
109.3
106.0
108.1
107.9
107.8
107.5
109.1
107.7
108.2
109.0
106.6
107.3
106.7
109.8
107.7
108.3
108.2
108.0
107.3
108.2
108.3
109.4
108.1
109.3
107.0
109.3
108.4
108.1
107.1
108.2
109.2
106.8
107.5
106.9
110.0
108.6
108.7
109.1
106.4
108.7
109.4
109.3
108.2
108.2
108.7
110.0
110.5
108.4
110.5
109.2
110.5
108.3
107.2
110.0
109.3
108.1
109.5
106.8
107.8
108.1
108.6
109.1
108.4
106.4
107.5
108.5
107.4
108.2
108.5
111.5
107.3
108.7
107.0
107.0
107.2
107.2
107.3
109.5
107.9
108.5
108.2
106.2
107.7
108.5
109.4
110.9
109.2
107.6
106.3
108.0
107.9
108.5
106.9
108.6
107.2
111.7
108.6
106.7
108.6
107.7
108.4
107.8
107.9
108.9
108.0
108.6
108.5
108.0
107.3
107.9
107.8
107.6
106.5
109.4
108.2
108.6
107.2
109.7
107.8
108.6
107.6
109.1
111.8
108.2
108.5
109.4
108.2
110.0
108.8
108.9
109.8
108.7
109.2
109.7
108.7
108.3
108.5
110.1
106.9
110.5
108.5
108.8
109.3
108.6
109.2
109.5
108.9
109.1
109.3
107.0
108.6
108.4
107.5
110.7
108.2
107.7
109.3
107.7
107.7
107.8
106.9
110.2
108.6
108.2
109.6
108.1
108.2
109.2
108.2
107.4
108.2
108.3
108.6
108.1
108.1
107.7
110.2
107.7
108.5
108.5
