RMS Step   Target
2.8531E-04 8.0000E-04
2.7622E-03 8.0000E-04
8.5830E-04 8.0000E-04
1.5961E-03 8.0000E-04
1.6240E-03 8.0000E-04
9.5853E-04 8.0000E-04
5.1092E-04 8.0000E-04
8.3358E-04 8.0000E-04
1.4590E-03 8.0000E-04
8.2721E-04 8.0000E-04
4.3323E-04 8.0000E-04
1.0438E-03 8.0000E-04
1.5582E-03 8.0000E-04
8.6312E-04 8.0000E-04
6.1054E-04 8.0000E-04
7.0710E-04 8.0000E-04
1.4331E-03 8.0000E-04
1.4810E-03 8.0000E-04
7.5927E-04 8.0000E-04
9.9888E-04 8.0000E-04
8.6695E-04 8.0000E-04
1.5169E-03 8.0000E-04
1.6742E-03 8.0000E-04
2.1497E-04 8.0000E-04
3.0908E-04 8.0000E-04
7.6182E-04 8.0000E-04
1.3141E-03 8.0000E-04
6.3364E-04 8.0000E-04
3.5750E-04 8.0000E-04
5.4668E-04 8.0000E-04
1.0183E-03 8.0000E-04
1.6666E-03 8.0000E-04
1.0775E-03 8.0000E-04
1.8610E-03 8.0000E-04
1.7245E-03 8.0000E-04
5.5209E-03 8.0000E-04
3.5663E-03 8.0000E-04
2.0558E-03 8.0000E-04
2.2765E-03 8.0000E-04
3.4571E-03 8.0000E-04
1.5413E-03 8.0000E-04
3.5663E-03 8.0000E-04
2.6730E-03 8.0000E-04
1.0081E-03 8.0000E-04
5.2422E-04 8.0000E-04
2.5008E-03 8.0000E-04
2.2243E-03 8.0000E-04
1.6412E-03 8.0000E-04
5.7050E-04 8.0000E-04
3.9448E-04 8.0000E-04
6.1715E-04 8.0000E-04
1.3139E-03 8.0000E-04
2.3530E-04 8.0000E-04
1.9426E-04 8.0000E-04
4.4121E-04 8.0000E-04
6.0767E-04 8.0000E-04
1.2884E-03 8.0000E-04
2.3122E-04 8.0000E-04
2.0080E-04 8.0000E-04
3.3635E-04 8.0000E-04
5.5900E-04 8.0000E-04
5.3796E-04 8.0000E-04
3.5063E-04 8.0000E-04
4.5567E-04 8.0000E-04
4.6481E-04 8.0000E-04
1.9710E-04 8.0000E-04
3.6953E-04 8.0000E-04
2.8172E-04 8.0000E-04
7.7273E-04 8.0000E-04
3.8685E-04 8.0000E-04
1.7749E-04 8.0000E-04
3.2339E-04 8.0000E-04
4.6459E-04 8.0000E-04
3.0207E-04 8.0000E-04
4.8795E-04 8.0000E-04
4.1612E-04 8.0000E-04
6.6070E-04 8.0000E-04
8.5994E-04 8.0000E-04
2.3850E-04 8.0000E-04
1.4941E-04 8.0000E-04
3.4531E-04 8.0000E-04
8.2694E-04 8.0000E-04
1.9962E-04 8.0000E-04
3.1941E-04 8.0000E-04
4.5638E-04 8.0000E-04
7.0189E-04 8.0000E-04
9.8590E-04 8.0000E-04
1.2666E-04 8.0000E-04
1.6553E-04 8.0000E-04
2.8174E-04 8.0000E-04
9.8918E-04 8.0000E-04
3.2950E-04 8.0000E-04
3.5721E-04 8.0000E-04
4.9019E-04 8.0000E-04
7.9780E-04 8.0000E-04
1.9980E-04 8.0000E-04
1.5613E-04 8.0000E-04
3.0969E-04 8.0000E-04
5.7826E-04 8.0000E-04
1.1662E-03 8.0000E-04
2.6999E-04 8.0000E-04
2.5535E-04 8.0000E-04
4.1262E-04 8.0000E-04
1.1395E-03 8.0000E-04
1.3137E-04 8.0000E-04
2.0068E-04 8.0000E-04
4.8054E-04 8.0000E-04
8.4625E-04 8.0000E-04
6.4934E-04 8.0000E-04
5.3073E-04 8.0000E-04
5.5465E-04 8.0000E-04
7.2765E-04 8.0000E-04
2.9259E-04 8.0000E-04
5.3024E-04 8.0000E-04
4.9345E-04 8.0000E-04
7.1355E-04 8.0000E-04
1.1041E-03 8.0000E-04
4.6509E-04 8.0000E-04
7.6345E-05 8.0000E-04
3.7943E-04 8.0000E-04
8.5252E-04 8.0000E-04
6.0355E-05 8.0000E-04
2.3579E-04 8.0000E-04
4.4351E-04 8.0000E-04
7.8842E-04 8.0000E-04
8.0468E-04 8.0000E-04
1.7700E-04 8.0000E-04
3.1254E-04 8.0000E-04
3.2952E-04 8.0000E-04
4.7715E-04 8.0000E-04
7.1148E-04 8.0000E-04
3.3206E-04 8.0000E-04
1.5408E-04 8.0000E-04
5.7902E-04 8.0000E-04
5.7902E-04 8.0000E-04
7.3134E-10 8.0000E-04
3.5663E-05 8.0000E-04
1.5670E-05 8.0000E-04
