RMS Grad   Target
3.1983E-03 2.0000E-04
2.8583E-03 2.0000E-04
7.2193E-04 2.0000E-04
4.9726E-04 2.0000E-04
4.2954E-04 2.0000E-04
5.1273E-04 2.0000E-04
2.4631E-04 2.0000E-04
1.9451E-04 2.0000E-04
2.0573E-04 2.0000E-04
3.5096E-04 2.0000E-04
1.6145E-04 2.0000E-04
1.4331E-04 2.0000E-04
1.7795E-04 2.0000E-04
3.0958E-04 2.0000E-04
1.4607E-04 2.0000E-04
1.0799E-04 2.0000E-04
1.3730E-04 2.0000E-04
2.1334E-04 2.0000E-04
1.5056E-04 2.0000E-04
1.1017E-04 2.0000E-04
1.3662E-04 2.0000E-04
1.4685E-04 2.0000E-04
1.2564E-04 2.0000E-04
1.9901E-04 2.0000E-04
9.1201E-05 2.0000E-04
7.8034E-05 2.0000E-04
9.0263E-05 2.0000E-04
1.7948E-04 2.0000E-04
7.4806E-05 2.0000E-04
6.0208E-05 2.0000E-04
8.0664E-05 2.0000E-04
1.2090E-04 2.0000E-04
1.1464E-04 2.0000E-04
8.6616E-05 2.0000E-04
1.0490E-04 2.0000E-04
1.2849E-04 2.0000E-04
2.5328E-04 2.0000E-04
3.4064E-04 2.0000E-04
3.6272E-04 2.0000E-04
3.6695E-04 2.0000E-04
5.3022E-04 2.0000E-04
3.8954E-04 2.0000E-04
4.1981E-04 2.0000E-04
7.7974E-04 2.0000E-04
2.3060E-04 2.0000E-04
1.8397E-04 2.0000E-04
2.2900E-04 2.0000E-04
2.2335E-04 2.0000E-04
2.1250E-04 2.0000E-04
9.6979E-05 2.0000E-04
1.0982E-04 2.0000E-04
1.2442E-04 2.0000E-04
3.0718E-04 2.0000E-04
7.6491E-05 2.0000E-04
5.2275E-05 2.0000E-04
6.8277E-05 2.0000E-04
8.0651E-05 2.0000E-04
1.8470E-04 2.0000E-04
5.3486E-05 2.0000E-04
4.4423E-05 2.0000E-04
5.6166E-05 2.0000E-04
8.2993E-05 2.0000E-04
5.0509E-05 2.0000E-04
4.0836E-05 2.0000E-04
5.2547E-05 2.0000E-04
7.2196E-05 2.0000E-04
4.0461E-05 2.0000E-04
3.7490E-05 2.0000E-04
4.3993E-05 2.0000E-04
5.9170E-05 2.0000E-04
4.7942E-05 2.0000E-04
3.6194E-05 2.0000E-04
3.7866E-05 2.0000E-04
5.7292E-05 2.0000E-04
3.5871E-05 2.0000E-04
3.4193E-05 2.0000E-04
4.3909E-05 2.0000E-04
4.1976E-05 2.0000E-04
7.4920E-05 2.0000E-04
3.3086E-05 2.0000E-04
3.0693E-05 2.0000E-04
3.7412E-05 2.0000E-04
8.1512E-05 2.0000E-04
3.2884E-05 2.0000E-04
2.7769E-05 2.0000E-04
3.3594E-05 2.0000E-04
4.7843E-05 2.0000E-04
5.2872E-05 2.0000E-04
2.7975E-05 2.0000E-04
2.9381E-05 2.0000E-04
3.5467E-05 2.0000E-04
7.2492E-05 2.0000E-04
2.9695E-05 2.0000E-04
2.7128E-05 2.0000E-04
3.1537E-05 2.0000E-04
7.3480E-05 2.0000E-04
2.8921E-05 2.0000E-04
2.3309E-05 2.0000E-04
2.9972E-05 2.0000E-04
3.9860E-05 2.0000E-04
5.2813E-05 2.0000E-04
2.7984E-05 2.0000E-04
2.9002E-05 2.0000E-04
3.3725E-05 2.0000E-04
8.3018E-05 2.0000E-04
2.7483E-05 2.0000E-04
2.4049E-05 2.0000E-04
3.0924E-05 2.0000E-04
5.7584E-05 2.0000E-04
3.1744E-05 2.0000E-04
2.5154E-05 2.0000E-04
3.6672E-05 2.0000E-04
4.5676E-05 2.0000E-04
2.9301E-05 2.0000E-04
2.9760E-05 2.0000E-04
3.8956E-05 2.0000E-04
3.2649E-05 2.0000E-04
5.9966E-05 2.0000E-04
2.7250E-05 2.0000E-04
2.4894E-05 2.0000E-04
3.3567E-05 2.0000E-04
6.3821E-05 2.0000E-04
2.6663E-05 2.0000E-04
2.1306E-05 2.0000E-04
2.6766E-05 2.0000E-04
4.5757E-05 2.0000E-04
3.1441E-05 2.0000E-04
2.3324E-05 2.0000E-04
3.0424E-05 2.0000E-04
3.4618E-05 2.0000E-04
2.5079E-05 2.0000E-04
3.5525E-05 2.0000E-04
2.9114E-05 2.0000E-04
2.5467E-05 2.0000E-04
3.1751E-05 2.0000E-04
3.1751E-05 2.0000E-04
3.1884E-05 2.0000E-04
2.4801E-05 2.0000E-04
1.8011E-05 2.0000E-04
