RMS Step   Target
2.2222E-03 1.2000E-03
4.4791E-03 1.2000E-03
5.7030E-03 1.2000E-03
5.2232E-03 1.2000E-03
5.0378E-03 1.2000E-03
4.9046E-03 1.2000E-03
4.2231E-03 1.2000E-03
3.6448E-03 1.2000E-03
2.7644E-03 1.2000E-03
1.3379E-03 1.2000E-03
1.9304E-03 1.2000E-03
2.2202E-03 1.2000E-03
3.4400E-03 1.2000E-03
6.8585E-03 1.2000E-03
1.5155E-03 1.2000E-03
1.0465E-03 1.2000E-03
2.0948E-03 1.2000E-03
3.6111E-03 1.2000E-03
5.8867E-04 1.2000E-03
4.0489E-04 1.2000E-03
1.1784E-03 1.2000E-03
1.2083E-03 1.2000E-03
2.7585E-03 1.2000E-03
6.3151E-04 1.2000E-03
2.4830E-04 1.2000E-03
1.2084E-03 1.2000E-03
1.6760E-03 1.2000E-03
2.1838E-03 1.2000E-03
2.7480E-04 1.2000E-03
2.5728E-04 1.2000E-03
2.5728E-04 1.2000E-03
