Max Step   Target
7.0487E-03 1.8000E-03
2.2508E-02 1.8000E-03
1.6670E-02 1.8000E-03
4.3740E-03 1.8000E-03
1.7170E-02 1.8000E-03
1.4310E-02 1.8000E-03
2.6583E-02 1.8000E-03
6.6109E-03 1.8000E-03
2.3075E-03 1.8000E-03
8.8324E-03 1.8000E-03
9.0399E-03 1.8000E-03
1.8627E-03 1.8000E-03
1.4998E-03 1.8000E-03
2.1685E-03 1.8000E-03
3.8654E-03 1.8000E-03
8.6230E-03 1.8000E-03
1.4948E-03 1.8000E-03
1.5584E-03 1.8000E-03
3.6878E-03 1.8000E-03
4.7061E-03 1.8000E-03
1.0303E-02 1.8000E-03
3.2476E-03 1.8000E-03
5.7733E-04 1.8000E-03
5.7733E-04 1.8000E-03
