RMS Grad   Target
1.4096E-03 3.0000E-04
1.0491E-03 3.0000E-04
1.0171E-03 3.0000E-04
1.3004E-03 3.0000E-04
7.7486E-04 3.0000E-04
6.9789E-04 3.0000E-04
6.8580E-04 3.0000E-04
1.8337E-03 3.0000E-04
3.1085E-04 3.0000E-04
2.5279E-04 3.0000E-04
3.2278E-04 3.0000E-04
6.3698E-04 3.0000E-04
2.1560E-04 3.0000E-04
1.5923E-04 3.0000E-04
2.0199E-04 3.0000E-04
2.3077E-04 3.0000E-04
6.5783E-04 3.0000E-04
1.9499E-04 3.0000E-04
1.3887E-04 3.0000E-04
1.8869E-04 3.0000E-04
1.9911E-04 3.0000E-04
5.0493E-04 3.0000E-04
8.8904E-05 3.0000E-04
7.5340E-05 3.0000E-04
7.5340E-05 3.0000E-04
