RMS Step   Target
2.2222E-03 1.2000E-03
5.9795E-03 1.2000E-03
3.8304E-03 1.2000E-03
1.1834E-03 1.2000E-03
3.9447E-03 1.2000E-03
3.3772E-03 1.2000E-03
7.0223E-03 1.2000E-03
1.4974E-03 1.2000E-03
5.8930E-04 1.2000E-03
1.9902E-03 1.2000E-03
2.7106E-03 1.2000E-03
5.2534E-04 1.2000E-03
6.1755E-04 1.2000E-03
1.0612E-03 1.2000E-03
1.5594E-03 1.2000E-03
3.3358E-03 1.2000E-03
5.3667E-04 1.2000E-03
5.1711E-04 1.2000E-03
1.4620E-03 1.2000E-03
1.9652E-03 1.2000E-03
4.0762E-03 1.2000E-03
1.2760E-03 1.2000E-03
1.9152E-04 1.2000E-03
1.9152E-04 1.2000E-03
