RMS Step   Target
2.2222E-03 1.2000E-03
5.3097E-03 1.2000E-03
8.6816E-03 1.2000E-03
7.3215E-03 1.2000E-03
6.0597E-03 1.2000E-03
6.1404E-03 1.2000E-03
4.8179E-03 1.2000E-03
1.6482E-03 1.2000E-03
2.6443E-03 1.2000E-03
2.4965E-03 1.2000E-03
2.4115E-03 1.2000E-03
1.4061E-03 1.2000E-03
2.2653E-03 1.2000E-03
4.4499E-03 1.2000E-03
4.4914E-03 1.2000E-03
1.4884E-03 1.2000E-03
2.2745E-03 1.2000E-03
2.9710E-03 1.2000E-03
3.9216E-03 1.2000E-03
4.3963E-03 1.2000E-03
1.9608E-03 1.2000E-03
1.3753E-03 1.2000E-03
2.3898E-03 1.2000E-03
1.2598E-03 1.2000E-03
5.6784E-04 1.2000E-03
1.6969E-03 1.2000E-03
1.5802E-03 1.2000E-03
2.2112E-04 1.2000E-03
5.3837E-04 1.2000E-03
7.5424E-04 1.2000E-03
1.5287E-03 1.2000E-03
3.2909E-03 1.2000E-03
6.0281E-04 1.2000E-03
1.7032E-04 1.2000E-03
1.7032E-04 1.2000E-03
