0.000000000000000000e+00 0.000000000000000000e+00
1.532300000000000051e-01 1.752444384299999946e-03
4.348199999999999843e-01 3.797151085349999983e-02
6.068700000000000205e-01 2.028790562773999939e-01
7.543699999999999850e-01 4.188068484553000292e-01
9.034299999999999553e-01 5.812588884113000232e-01
1.102079999999999949e+00 7.161383084090999773e-01
1.283220000000000027e+00 1.110476008167500028e+00
1.443580000000000085e+00 1.378775073976399979e+00
1.686900000000000066e+00 1.864459070612100033e+00
1.944809999999999928e+00 3.708887112680700149e+00
2.151289999999999925e+00 6.745738316237599896e+00
2.351760000000000073e+00 1.090497746855810135e+01
2.546749999999999847e+00 1.446609085530540106e+01
2.941370000000000040e+00 1.652840853368950036e+01
3.197509999999999852e+00 1.725543475075760114e+01
3.414229999999999876e+00 1.792777236620860037e+01
3.734550000000000036e+00 1.717686817667249954e+01
3.863929999999999865e+00 1.654381155785620194e+01
4.022739999999999760e+00 1.595734810979890206e+01
4.226910000000000167e+00 1.556882453192910098e+01
4.484399999999999942e+00 1.528986509222460022e+01
4.612619999999999720e+00 1.528383115393330094e+01
4.792159999999999975e+00 1.525950444977940101e+01
