RMS Grad   Target
1.0667E-03 3.0000E-03
1.0417E-03 3.0000E-03
8.6120E-04 3.0000E-03
5.5273E-04 3.0000E-03
3.9968E-04 3.0000E-03
5.5269E-04 3.0000E-03
4.7059E-04 3.0000E-03
2.7040E-04 3.0000E-03
2.3582E-04 3.0000E-03
2.1666E-04 3.0000E-03
1.9600E-04 3.0000E-03
1.7481E-04 3.0000E-03
3.6820E-04 3.0000E-03
2.1041E-04 3.0000E-03
1.7454E-04 3.0000E-03
1.1949E-04 3.0000E-03
1.2502E-04 3.0000E-03
1.0273E-04 3.0000E-03
9.3349E-05 3.0000E-03
1.0216E-04 3.0000E-03
1.1378E-04 3.0000E-03
1.2291E-04 3.0000E-03
9.8407E-05 3.0000E-03
1.2182E-04 3.0000E-03
3.2392E-04 3.0000E-03
1.2884E-04 3.0000E-03
6.6297E-05 3.0000E-03
6.2248E-05 3.0000E-03
7.3209E-05 3.0000E-03
8.2305E-05 3.0000E-03
4.4559E-05 3.0000E-03
4.8818E-05 3.0000E-03
8.3122E-05 3.0000E-03
7.8914E-05 3.0000E-03
2.2553E-04 3.0000E-03
4.1666E-05 3.0000E-03
3.4413E-05 3.0000E-03
