506.6
176.2
175.0
173.9
176.0
175.3
167.5
176.6
175.6
174.6
175.0
175.7
177.3
174.9
171.5
176.0
176.3
176.1
176.8
177.0
176.6
171.5
177.3
176.3
236.3
174.6
174.1
173.2
175.3
174.7
173.7
176.8
176.2
175.3
176.0
175.4
177.1
176.7
176.3
171.7
176.3
176.3
175.1
178.8
178.1
169.5
219.1
169.9
170.2
177.5
159.2
173.0
177.2
177.7
175.0
174.2
194.9
192.4
193.9
194.1
192.2
192.7
187.0
193.9
177.5
175.8
176.0
177.1
242.1
158.6
159.1
158.4
158.6
160.4
158.5
177.0
174.3
168.1
194.2
193.2
192.3
194.4
196.0
192.2
192.8
187.1
169.6
177.3
175.5
176.0
242.7
156.4
158.5
158.8
160.0
151.9
176.5
176.0
176.6
192.8
195.2
192.1
193.6
194.3
194.0
195.2
193.0
176.0
177.6
174.5
170.0
223.1
158.5
157.8
158.4
159.9
159.8
160.0
175.0
169.9
166.5
195.1
195.4
194.5
195.3
188.0
188.8
194.4
194.0
175.5
176.2
219.3
175.7
158.5
160.4
160.8
156.0
152.0
160.5
175.7
176.2
194.8
187.3
193.9
195.0
195.0
193.5
186.3
194.3
175.3
178.4
173.2
224.7
173.5
157.2
158.7
151.9
173.9
175.5
185.5
187.3
188.1
192.6
193.3
193.1
194.1
193.7
174.5
178.2
168.7
227.4
188.9
156.9
159.2
158.0
176.1
192.0
194.6
193.6
195.3
193.5
194.1
191.9
198.5
190.4
189.1
210.0
227.9
159.4
174.7
176.2
192.6
193.0
194.7
194.0
194.3
193.0
193.6
193.1
156.6
174.1
210.6
237.3
196.6
210.6
194.5
193.6
209.5
176.0
212.0
192.8
195.3
193.9
191.7
209.7
193.8
193.0
201.6
174.5
213.0
192.4
186.1
192.4
195.3
209.1
208.5
210.6
191.3
193.4
194.0
194.5
195.3
193.8
193.5
238.1
210.8
210.3
194.0
195.0
190.5
191.9
193.3
210.0
227.1
193.8
194.2
193.4
224.7
174.6
210.5
227.4
203.9
227.3
211.9
219.6
212.0
225.0
209.5
209.0
192.0
242.7
210.0
226.1
175.4
210.0
228.1
176.9
227.1
225.0
227.6
227.0
226.2
226.5
226.9
157.6
107.3
123.9
157.2
157.8
153.2
124.3
158.5
159.2
161.4
158.5
124.9
