Max Step   Target
7.1542E-03 1.8000E-03
1.8693E-02 1.8000E-03
2.5000E-02 1.8000E-03
2.5000E-02 1.8000E-03
2.5000E-02 1.8000E-03
2.5000E-02 1.8000E-03
2.5000E-02 1.8000E-03
1.6382E-02 1.8000E-03
1.3133E-02 1.8000E-03
2.0264E-02 1.8000E-03
7.1164E-03 1.8000E-03
3.0574E-03 1.8000E-03
8.4087E-03 1.8000E-03
1.3840E-02 1.8000E-03
7.8180E-03 1.8000E-03
1.3206E-02 1.8000E-03
6.4361E-03 1.8000E-03
6.6026E-03 1.8000E-03
4.3074E-03 1.8000E-03
4.1682E-03 1.8000E-03
3.2011E-03 1.8000E-03
8.3389E-03 1.8000E-03
3.9271E-03 1.8000E-03
1.0145E-03 1.8000E-03
3.2507E-03 1.8000E-03
3.7385E-03 1.8000E-03
1.0497E-03 1.8000E-03
1.1564E-03 1.8000E-03
1.0974E-03 1.8000E-03
1.0974E-03 1.8000E-03
