RMS Step   Target
2.2222E-03 1.2000E-03
5.1658E-03 1.2000E-03
6.3077E-03 1.2000E-03
6.0824E-03 1.2000E-03
6.0535E-03 1.2000E-03
5.5412E-03 1.2000E-03
5.7030E-03 1.2000E-03
4.2152E-03 1.2000E-03
3.5362E-03 1.2000E-03
5.5068E-03 1.2000E-03
2.3682E-03 1.2000E-03
9.3753E-04 1.2000E-03
2.8448E-03 1.2000E-03
4.8836E-03 1.2000E-03
2.7106E-03 1.2000E-03
4.5639E-03 1.2000E-03
2.3757E-03 1.2000E-03
2.6052E-03 1.2000E-03
1.3102E-03 1.2000E-03
1.1202E-03 1.2000E-03
9.4885E-04 1.2000E-03
2.2111E-03 1.2000E-03
1.1380E-03 1.2000E-03
4.4206E-04 1.2000E-03
1.3739E-03 1.2000E-03
1.6462E-03 1.2000E-03
3.2699E-04 1.2000E-03
3.7651E-04 1.2000E-03
4.3164E-04 1.2000E-03
4.3164E-04 1.2000E-03
