564.8
152.0
126.5
126.0
118.9
125.0
125.9
123.2
123.9
124.5
125.3
126.0
158.9
160.3
123.2
124.7
107.7
107.8
157.3
157.1
124.9
175.7
157.9
123.9
177.1
158.2
125.0
159.3
158.7
119.3
158.3
159.6
124.2
158.1
154.7
125.4
160.3
161.1
126.3
160.1
159.1
120.2
158.7
158.6
102.0
160.1
152.5
125.8
158.4
158.9
108.2
151.0
157.9
108.9
158.6
159.9
110.0
158.5
159.7
103.1
158.9
152.8
109.7
159.1
158.3
108.9
158.4
153.2
157.8
160.1
157.2
159.6
159.0
157.5
157.9
157.8
110.0
159.0
158.3
159.3
158.2
161.1
159.7
160.2
158.1
157.8
159.2
158.4
153.4
108.1
159.2
