RMS Grad   Target
9.8281E-05 2.0000E-04
9.9431E-05 2.0000E-04
9.8546E-05 2.0000E-04
9.8157E-05 2.0000E-04
9.8172E-05 2.0000E-04
9.7710E-05 2.0000E-04
9.7829E-05 2.0000E-04
9.7476E-05 2.0000E-04
9.7541E-05 2.0000E-04
9.7207E-05 2.0000E-04
9.7117E-05 2.0000E-04
9.6924E-05 2.0000E-04
9.6686E-05 2.0000E-04
9.6515E-05 2.0000E-04
9.6246E-05 2.0000E-04
9.6188E-05 2.0000E-04
9.5804E-05 2.0000E-04
9.6022E-05 2.0000E-04
9.5635E-05 2.0000E-04
9.6058E-05 2.0000E-04
9.5691E-05 2.0000E-04
9.6324E-05 2.0000E-04
9.5892E-05 2.0000E-04
9.6110E-05 2.0000E-04
9.5902E-05 2.0000E-04
9.6227E-05 2.0000E-04
9.5832E-05 2.0000E-04
9.6121E-05 2.0000E-04
9.5816E-05 2.0000E-04
9.6272E-05 2.0000E-04
9.5847E-05 2.0000E-04
9.6294E-05 2.0000E-04
9.5979E-05 2.0000E-04
9.6247E-05 2.0000E-04
9.5962E-05 2.0000E-04
9.6246E-05 2.0000E-04
9.5932E-05 2.0000E-04
9.6201E-05 2.0000E-04
9.5749E-05 2.0000E-04
9.6057E-05 2.0000E-04
9.5796E-05 2.0000E-04
9.6138E-05 2.0000E-04
9.5671E-05 2.0000E-04
9.5897E-05 2.0000E-04
9.5715E-05 2.0000E-04
9.6004E-05 2.0000E-04
9.5504E-05 2.0000E-04
9.5756E-05 2.0000E-04
9.5483E-05 2.0000E-04
9.5696E-05 2.0000E-04
9.5323E-05 2.0000E-04
9.5646E-05 2.0000E-04
9.5334E-05 2.0000E-04
9.5590E-05 2.0000E-04
9.5257E-05 2.0000E-04
9.5598E-05 2.0000E-04
9.5193E-05 2.0000E-04
9.5368E-05 2.0000E-04
9.5066E-05 2.0000E-04
9.5172E-05 2.0000E-04
9.4850E-05 2.0000E-04
9.4958E-05 2.0000E-04
9.4610E-05 2.0000E-04
9.4744E-05 2.0000E-04
9.4370E-05 2.0000E-04
9.4658E-05 2.0000E-04
9.4354E-05 2.0000E-04
9.4401E-05 2.0000E-04
9.4028E-05 2.0000E-04
9.4250E-05 2.0000E-04
9.3911E-05 2.0000E-04
9.4124E-05 2.0000E-04
9.3734E-05 2.0000E-04
9.4203E-05 2.0000E-04
9.3795E-05 2.0000E-04
9.4107E-05 2.0000E-04
9.3791E-05 2.0000E-04
9.4191E-05 2.0000E-04
9.3800E-05 2.0000E-04
9.3910E-05 2.0000E-04
9.3654E-05 2.0000E-04
9.4035E-05 2.0000E-04
9.3558E-05 2.0000E-04
9.3917E-05 2.0000E-04
9.3589E-05 2.0000E-04
9.3867E-05 2.0000E-04
9.3490E-05 2.0000E-04
9.3787E-05 2.0000E-04
9.3471E-05 2.0000E-04
9.3657E-05 2.0000E-04
9.3300E-05 2.0000E-04
9.3561E-05 2.0000E-04
9.3230E-05 2.0000E-04
9.3504E-05 2.0000E-04
9.3081E-05 2.0000E-04
9.3400E-05 2.0000E-04
9.3080E-05 2.0000E-04
9.3385E-05 2.0000E-04
9.2896E-05 2.0000E-04
9.3063E-05 2.0000E-04
9.2866E-05 2.0000E-04
9.3103E-05 2.0000E-04
9.2661E-05 2.0000E-04
9.2949E-05 2.0000E-04
9.2602E-05 2.0000E-04
9.2825E-05 2.0000E-04
9.2380E-05 2.0000E-04
9.2567E-05 2.0000E-04
9.2292E-05 2.0000E-04
9.2476E-05 2.0000E-04
9.2040E-05 2.0000E-04
9.2374E-05 2.0000E-04
9.2001E-05 2.0000E-04
9.2052E-05 2.0000E-04
9.1719E-05 2.0000E-04
9.2014E-05 2.0000E-04
9.1616E-05 2.0000E-04
9.1814E-05 2.0000E-04
9.1487E-05 2.0000E-04
9.1651E-05 2.0000E-04
9.1231E-05 2.0000E-04
9.1420E-05 2.0000E-04
9.1120E-05 2.0000E-04
9.1241E-05 2.0000E-04
9.0810E-05 2.0000E-04
9.1227E-05 2.0000E-04
9.0837E-05 2.0000E-04
9.1028E-05 2.0000E-04
9.0658E-05 2.0000E-04
9.1046E-05 2.0000E-04
9.0634E-05 2.0000E-04
9.0869E-05 2.0000E-04
9.0506E-05 2.0000E-04
9.0823E-05 2.0000E-04
9.0426E-05 2.0000E-04
9.0687E-05 2.0000E-04
9.0393E-05 2.0000E-04
9.0763E-05 2.0000E-04
9.0262E-05 2.0000E-04
9.0487E-05 2.0000E-04
9.0176E-05 2.0000E-04
9.0398E-05 2.0000E-04
8.9971E-05 2.0000E-04
9.0088E-05 2.0000E-04
8.9707E-05 2.0000E-04
8.9957E-05 2.0000E-04
8.9558E-05 2.0000E-04
8.9850E-05 2.0000E-04
8.9484E-05 2.0000E-04
8.9676E-05 2.0000E-04
8.9243E-05 2.0000E-04
8.9472E-05 2.0000E-04
8.9124E-05 2.0000E-04
8.9275E-05 2.0000E-04
8.8845E-05 2.0000E-04
8.9087E-05 2.0000E-04
8.8712E-05 2.0000E-04
8.8956E-05 2.0000E-04
8.8520E-05 2.0000E-04
8.8695E-05 2.0000E-04
8.8393E-05 2.0000E-04
8.8574E-05 2.0000E-04
8.8072E-05 2.0000E-04
8.8213E-05 2.0000E-04
8.7927E-05 2.0000E-04
8.8071E-05 2.0000E-04
8.7596E-05 2.0000E-04
8.7878E-05 2.0000E-04
8.7466E-05 2.0000E-04
8.7607E-05 2.0000E-04
8.7234E-05 2.0000E-04
8.7434E-05 2.0000E-04
8.6989E-05 2.0000E-04
8.7119E-05 2.0000E-04
8.6729E-05 2.0000E-04
8.6944E-05 2.0000E-04
8.6472E-05 2.0000E-04
8.6567E-05 2.0000E-04
8.6230E-05 2.0000E-04
8.6566E-05 2.0000E-04
8.6068E-05 2.0000E-04
8.6339E-05 2.0000E-04
8.6004E-05 2.0000E-04
8.6093E-05 2.0000E-04
8.5642E-05 2.0000E-04
8.5965E-05 2.0000E-04
8.5498E-05 2.0000E-04
8.5580E-05 2.0000E-04
8.5233E-05 2.0000E-04
8.5503E-05 2.0000E-04
8.5005E-05 2.0000E-04
8.5236E-05 2.0000E-04
8.4863E-05 2.0000E-04
8.5247E-05 2.0000E-04
8.4711E-05 2.0000E-04
8.4808E-05 2.0000E-04
8.4505E-05 2.0000E-04
8.4645E-05 2.0000E-04
8.4140E-05 2.0000E-04
8.4352E-05 2.0000E-04
8.3976E-05 2.0000E-04
8.4185E-05 2.0000E-04
8.3685E-05 2.0000E-04
8.3907E-05 2.0000E-04
8.3557E-05 2.0000E-04
8.3718E-05 2.0000E-04
8.3243E-05 2.0000E-04
8.3374E-05 2.0000E-04
8.3016E-05 2.0000E-04
8.3142E-05 2.0000E-04
8.2707E-05 2.0000E-04
8.2911E-05 2.0000E-04
8.2543E-05 2.0000E-04
8.2712E-05 2.0000E-04
8.2207E-05 2.0000E-04
8.2310E-05 2.0000E-04
8.1964E-05 2.0000E-04
8.2101E-05 2.0000E-04
8.1641E-05 2.0000E-04
8.1880E-05 2.0000E-04
8.1490E-05 2.0000E-04
8.1750E-05 2.0000E-04
8.1227E-05 2.0000E-04
8.1388E-05 2.0000E-04
8.1013E-05 2.0000E-04
8.1085E-05 2.0000E-04
8.0644E-05 2.0000E-04
8.0720E-05 2.0000E-04
8.0314E-05 2.0000E-04
8.0402E-05 2.0000E-04
7.9974E-05 2.0000E-04
8.0239E-05 2.0000E-04
7.9726E-05 2.0000E-04
7.9829E-05 2.0000E-04
7.9467E-05 2.0000E-04
7.9732E-05 2.0000E-04
7.9191E-05 2.0000E-04
7.9390E-05 2.0000E-04
7.8946E-05 2.0000E-04
7.9062E-05 2.0000E-04
7.8606E-05 2.0000E-04
7.8669E-05 2.0000E-04
7.8232E-05 2.0000E-04
7.8394E-05 2.0000E-04
7.7889E-05 2.0000E-04
7.8047E-05 2.0000E-04
7.7619E-05 2.0000E-04
7.7721E-05 2.0000E-04
7.7273E-05 2.0000E-04
7.7519E-05 2.0000E-04
7.7001E-05 2.0000E-04
7.7074E-05 2.0000E-04
7.6661E-05 2.0000E-04
7.6708E-05 2.0000E-04
7.6194E-05 2.0000E-04
7.6344E-05 2.0000E-04
7.5883E-05 2.0000E-04
7.6009E-05 2.0000E-04
7.5558E-05 2.0000E-04
7.5606E-05 2.0000E-04
7.5203E-05 2.0000E-04
7.5203E-05 2.0000E-04
7.4743E-05 2.0000E-04
7.4894E-05 2.0000E-04
7.4407E-05 2.0000E-04
7.4472E-05 2.0000E-04
7.4040E-05 2.0000E-04
7.4181E-05 2.0000E-04
7.3753E-05 2.0000E-04
7.3797E-05 2.0000E-04
7.3342E-05 2.0000E-04
7.3470E-05 2.0000E-04
7.3039E-05 2.0000E-04
7.3090E-05 2.0000E-04
7.2644E-05 2.0000E-04
7.2795E-05 2.0000E-04
7.2334E-05 2.0000E-04
7.2534E-05 2.0000E-04
7.2055E-05 2.0000E-04
7.2168E-05 2.0000E-04
7.1750E-05 2.0000E-04
7.1847E-05 2.0000E-04
7.1328E-05 2.0000E-04
7.1454E-05 2.0000E-04
7.1054E-05 2.0000E-04
7.1106E-05 2.0000E-04
7.0654E-05 2.0000E-04
7.0733E-05 2.0000E-04
7.0280E-05 2.0000E-04
7.0335E-05 2.0000E-04
6.9895E-05 2.0000E-04
7.0025E-05 2.0000E-04
6.9574E-05 2.0000E-04
6.9687E-05 2.0000E-04
6.9237E-05 2.0000E-04
6.9404E-05 2.0000E-04
6.8893E-05 2.0000E-04
6.8883E-05 2.0000E-04
6.8493E-05 2.0000E-04
6.8649E-05 2.0000E-04
6.8154E-05 2.0000E-04
6.8238E-05 2.0000E-04
6.7791E-05 2.0000E-04
6.7864E-05 2.0000E-04
6.7441E-05 2.0000E-04
6.7420E-05 2.0000E-04
6.7000E-05 2.0000E-04
6.7040E-05 2.0000E-04
6.6612E-05 2.0000E-04
6.6576E-05 2.0000E-04
6.6112E-05 2.0000E-04
6.6163E-05 2.0000E-04
6.5736E-05 2.0000E-04
6.5959E-05 2.0000E-04
6.5451E-05 2.0000E-04
6.5580E-05 2.0000E-04
6.5163E-05 2.0000E-04
6.5161E-05 2.0000E-04
6.4733E-05 2.0000E-04
6.4658E-05 2.0000E-04
6.4247E-05 2.0000E-04
6.4149E-05 2.0000E-04
6.3702E-05 2.0000E-04
6.3650E-05 2.0000E-04
6.3267E-05 2.0000E-04
6.3279E-05 2.0000E-04
6.2833E-05 2.0000E-04
6.2809E-05 2.0000E-04
6.2423E-05 2.0000E-04
6.2381E-05 2.0000E-04
6.1923E-05 2.0000E-04
6.1911E-05 2.0000E-04
6.1521E-05 2.0000E-04
6.1597E-05 2.0000E-04
6.1155E-05 2.0000E-04
6.1101E-05 2.0000E-04
6.0689E-05 2.0000E-04
6.0576E-05 2.0000E-04
6.0173E-05 2.0000E-04
6.0033E-05 2.0000E-04
5.9609E-05 2.0000E-04
5.9490E-05 2.0000E-04
5.9089E-05 2.0000E-04
5.8971E-05 2.0000E-04
5.8582E-05 2.0000E-04
5.8405E-05 2.0000E-04
5.8015E-05 2.0000E-04
5.7854E-05 2.0000E-04
5.7478E-05 2.0000E-04
5.7323E-05 2.0000E-04
5.6967E-05 2.0000E-04
5.6761E-05 2.0000E-04
5.6343E-05 2.0000E-04
5.6435E-05 2.0000E-04
5.6068E-05 2.0000E-04
5.6333E-05 2.0000E-04
5.5869E-05 2.0000E-04
5.6101E-05 2.0000E-04
5.5661E-05 2.0000E-04
5.5672E-05 2.0000E-04
5.5214E-05 2.0000E-04
5.5081E-05 2.0000E-04
5.4674E-05 2.0000E-04
5.4429E-05 2.0000E-04
5.4429E-05 2.0000E-04
5.4298E-05 2.0000E-04
4.1016E-05 2.0000E-04
1.3136E-05 2.0000E-04
1.1999E-05 2.0000E-04
1.6189E-05 2.0000E-04
2.0197E-05 2.0000E-04
2.0477E-05 2.0000E-04
2.1100E-05 2.0000E-04
2.0132E-05 2.0000E-04
1.9654E-05 2.0000E-04
1.8840E-05 2.0000E-04
1.8446E-05 2.0000E-04
1.8084E-05 2.0000E-04
1.7767E-05 2.0000E-04
1.7580E-05 2.0000E-04
1.7425E-05 2.0000E-04
1.7264E-05 2.0000E-04
1.7211E-05 2.0000E-04
1.7131E-05 2.0000E-04
1.7075E-05 2.0000E-04
1.7069E-05 2.0000E-04
1.7050E-05 2.0000E-04
1.7031E-05 2.0000E-04
1.7056E-05 2.0000E-04
1.7057E-05 2.0000E-04
1.7099E-05 2.0000E-04
1.7082E-05 2.0000E-04
1.7166E-05 2.0000E-04
1.7151E-05 2.0000E-04
1.7289E-05 2.0000E-04
1.7279E-05 2.0000E-04
1.7643E-05 2.0000E-04
1.7681E-05 2.0000E-04
1.8130E-05 2.0000E-04
1.8218E-05 2.0000E-04
1.8413E-05 2.0000E-04
1.8478E-05 2.0000E-04
1.8587E-05 2.0000E-04
1.8653E-05 2.0000E-04
1.8858E-05 2.0000E-04
1.8928E-05 2.0000E-04
1.9071E-05 2.0000E-04
1.9104E-05 2.0000E-04
1.9449E-05 2.0000E-04
1.9539E-05 2.0000E-04
1.9354E-05 2.0000E-04
1.9359E-05 2.0000E-04
1.9574E-05 2.0000E-04
1.9599E-05 2.0000E-04
1.9654E-05 2.0000E-04
1.9691E-05 2.0000E-04
1.9666E-05 2.0000E-04
1.9687E-05 2.0000E-04
1.9470E-05 2.0000E-04
1.9552E-05 2.0000E-04
1.9167E-05 2.0000E-04
1.9228E-05 2.0000E-04
1.8920E-05 2.0000E-04
1.8939E-05 2.0000E-04
1.8851E-05 2.0000E-04
1.8828E-05 2.0000E-04
1.8940E-05 2.0000E-04
1.8887E-05 2.0000E-04
1.9019E-05 2.0000E-04
1.8948E-05 2.0000E-04
1.8990E-05 2.0000E-04
1.8900E-05 2.0000E-04
1.8948E-05 2.0000E-04
1.8855E-05 2.0000E-04
1.9058E-05 2.0000E-04
1.8967E-05 2.0000E-04
1.9116E-05 2.0000E-04
1.8977E-05 2.0000E-04
1.8915E-05 2.0000E-04
1.8890E-05 2.0000E-04
1.8755E-05 2.0000E-04
1.8669E-05 2.0000E-04
1.8827E-05 2.0000E-04
1.8683E-05 2.0000E-04
1.8804E-05 2.0000E-04
1.8682E-05 2.0000E-04
1.8825E-05 2.0000E-04
1.8652E-05 2.0000E-04
1.8789E-05 2.0000E-04
1.8665E-05 2.0000E-04
1.8895E-05 2.0000E-04
1.8698E-05 2.0000E-04
1.9020E-05 2.0000E-04
1.8897E-05 2.0000E-04
1.9256E-05 2.0000E-04
1.9020E-05 2.0000E-04
1.9087E-05 2.0000E-04
1.8989E-05 2.0000E-04
1.9073E-05 2.0000E-04
1.8933E-05 2.0000E-04
1.9071E-05 2.0000E-04
1.8939E-05 2.0000E-04
1.9374E-05 2.0000E-04
1.9134E-05 2.0000E-04
1.9320E-05 2.0000E-04
1.9148E-05 2.0000E-04
1.9270E-05 2.0000E-04
1.9150E-05 2.0000E-04
1.9184E-05 2.0000E-04
1.9068E-05 2.0000E-04
1.9172E-05 2.0000E-04
1.8984E-05 2.0000E-04
1.8861E-05 2.0000E-04
1.8772E-05 2.0000E-04
1.8708E-05 2.0000E-04
1.8602E-05 2.0000E-04
1.8658E-05 2.0000E-04
1.8533E-05 2.0000E-04
1.8771E-05 2.0000E-04
1.8611E-05 2.0000E-04
1.9125E-05 2.0000E-04
1.8897E-05 2.0000E-04
1.9251E-05 2.0000E-04
1.9071E-05 2.0000E-04
1.9453E-05 2.0000E-04
1.9220E-05 2.0000E-04
1.9743E-05 2.0000E-04
1.9521E-05 2.0000E-04
2.0108E-05 2.0000E-04
1.9886E-05 2.0000E-04
2.0045E-05 2.0000E-04
1.9960E-05 2.0000E-04
2.0225E-05 2.0000E-04
1.9999E-05 2.0000E-04
2.0357E-05 2.0000E-04
2.0223E-05 2.0000E-04
2.0711E-05 2.0000E-04
2.0427E-05 2.0000E-04
2.0852E-05 2.0000E-04
2.0689E-05 2.0000E-04
2.1058E-05 2.0000E-04
2.0847E-05 2.0000E-04
2.1249E-05 2.0000E-04
2.1073E-05 2.0000E-04
2.1491E-05 2.0000E-04
2.1491E-05 2.0000E-04
2.1275E-05 2.0000E-04
2.3180E-05 2.0000E-04
1.0808E-05 2.0000E-04
1.0818E-05 2.0000E-04
