574.2
153.6
190.3
170.6
170.1
165.5
171.3
150.3
155.1
156.1
155.2
149.0
156.1
156.9
155.6
151.3
155.2
183.1
155.0
156.2
155.8
121.9
156.3
155.2
121.5
154.4
156.3
156.8
155.3
122.8
123.9
153.1
156.8
122.7
123.8
121.1
155.2
122.2
124.2
115.7
155.0
122.6
123.7
123.1
122.7
156.0
122.3
123.5
116.6
123.5
122.2
120.1
107.5
154.4
123.2
123.2
123.2
105.7
119.4
124.0
116.8
123.5
105.4
123.4
122.8
123.1
121.6
122.3
122.0
123.3
122.6
105.8
105.0
106.4
101.3
106.2
106.2
121.2
120.6
106.1
121.5
105.9
122.9
121.5
105.3
106.4
106.6
106.2
108.5
106.9
104.3
106.9
121.0
121.4
107.1
121.9
107.4
103.9
107.6
107.7
108.4
120.8
106.0
104.5
105.3
137.7
106.4
122.8
105.1
104.6
