Max Step   Target
8.5765E-03 1.8000E-03
1.5366E-02 1.8000E-03
2.2874E-02 1.8000E-03
1.1797E-02 1.8000E-03
1.7761E-02 1.8000E-03
1.8391E-02 1.8000E-03
3.5911E-02 1.8000E-03
5.2702E-03 1.8000E-03
5.7245E-03 1.8000E-03
8.8431E-03 1.8000E-03
1.6398E-02 1.8000E-03
2.4429E-03 1.8000E-03
1.6474E-03 1.8000E-03
5.4730E-03 1.8000E-03
8.5314E-03 1.8000E-03
1.7802E-02 1.8000E-03
3.4299E-03 1.8000E-03
2.5130E-03 1.8000E-03
4.4066E-03 1.8000E-03
5.7075E-03 1.8000E-03
1.0199E-02 1.8000E-03
4.1944E-03 1.8000E-03
9.8654E-04 1.8000E-03
5.1188E-03 1.8000E-03
4.3714E-03 1.8000E-03
9.0549E-04 1.8000E-03
1.0552E-03 1.8000E-03
1.0552E-03 1.8000E-03
