564.3
163.9
128.9
122.5
127.4
125.2
127.0
127.1
127.9
120.5
126.7
126.7
161.5
161.0
128.3
154.1
161.2
127.3
157.0
157.4
128.2
161.5
161.9
128.5
156.4
162.9
123.1
161.5
162.9
129.3
162.2
156.6
125.4
166.1
156.6
130.0
163.5
161.7
129.0
164.0
162.6
117.9
164.1
163.2
129.0
163.0
162.7
125.0
162.1
158.4
128.9
162.2
162.7
129.0
155.2
161.4
115.6
163.5
163.7
128.0
162.8
162.2
129.4
164.9
159.8
130.5
157.0
162.7
130.3
163.4
162.7
129.1
156.8
155.8
130.4
163.8
163.7
129.6
157.9
163.5
127.1
158.4
164.8
160.6
164.2
171.0
133.1
166.1
163.2
129.8
166.0
