RMS Grad   Target
3.1882E-03 2.0000E-04
2.8430E-03 2.0000E-04
6.9910E-04 2.0000E-04
4.7750E-04 2.0000E-04
4.0340E-04 2.0000E-04
4.6519E-04 2.0000E-04
2.2770E-04 2.0000E-04
1.7681E-04 2.0000E-04
1.8912E-04 2.0000E-04
3.1559E-04 2.0000E-04
1.6577E-04 2.0000E-04
1.5277E-04 2.0000E-04
1.9539E-04 2.0000E-04
3.7270E-04 2.0000E-04
1.4921E-04 2.0000E-04
1.0445E-04 2.0000E-04
1.2849E-04 2.0000E-04
1.5543E-04 2.0000E-04
3.9893E-04 2.0000E-04
1.1644E-04 2.0000E-04
9.9685E-05 2.0000E-04
1.3201E-04 2.0000E-04
1.4804E-04 2.0000E-04
2.9145E-04 2.0000E-04
1.0441E-04 2.0000E-04
8.0621E-05 2.0000E-04
9.4490E-05 2.0000E-04
2.0451E-04 2.0000E-04
7.3494E-05 2.0000E-04
5.1443E-05 2.0000E-04
5.7724E-05 2.0000E-04
1.1766E-04 2.0000E-04
6.2780E-05 2.0000E-04
5.4596E-05 2.0000E-04
7.1381E-05 2.0000E-04
1.4360E-04 2.0000E-04
6.0655E-05 2.0000E-04
4.8235E-05 2.0000E-04
5.7142E-05 2.0000E-04
8.5956E-05 2.0000E-04
1.2252E-04 2.0000E-04
2.1544E-04 2.0000E-04
2.6459E-04 2.0000E-04
4.4776E-04 2.0000E-04
3.1775E-04 2.0000E-04
4.6718E-04 2.0000E-04
4.3794E-04 2.0000E-04
2.7401E-04 2.0000E-04
4.9370E-04 2.0000E-04
2.8635E-04 2.0000E-04
1.6653E-04 2.0000E-04
1.4995E-04 2.0000E-04
2.4026E-04 2.0000E-04
1.4653E-04 2.0000E-04
1.0523E-04 2.0000E-04
1.0683E-04 2.0000E-04
2.0140E-04 2.0000E-04
9.6285E-05 2.0000E-04
7.4572E-05 2.0000E-04
8.7609E-05 2.0000E-04
1.6763E-04 2.0000E-04
6.9869E-05 2.0000E-04
5.4726E-05 2.0000E-04
6.2692E-05 2.0000E-04
9.7914E-05 2.0000E-04
4.9637E-05 2.0000E-04
3.6303E-05 2.0000E-04
4.6248E-05 2.0000E-04
6.3763E-05 2.0000E-04
4.5674E-05 2.0000E-04
5.1586E-05 2.0000E-04
4.9132E-05 2.0000E-04
4.6823E-05 2.0000E-04
9.8816E-05 2.0000E-04
5.9253E-05 2.0000E-04
3.2027E-05 2.0000E-04
2.6969E-05 2.0000E-04
3.9544E-05 2.0000E-04
5.3487E-05 2.0000E-04
3.1940E-05 2.0000E-04
3.0483E-05 2.0000E-04
4.0521E-05 2.0000E-04
3.5808E-05 2.0000E-04
3.9947E-05 2.0000E-04
4.1423E-05 2.0000E-04
3.3052E-05 2.0000E-04
2.9409E-05 2.0000E-04
3.3617E-05 2.0000E-04
2.9733E-05 2.0000E-04
3.8723E-05 2.0000E-04
3.0756E-05 2.0000E-04
2.1375E-05 2.0000E-04
2.2458E-05 2.0000E-04
2.8404E-05 2.0000E-04
2.2028E-05 2.0000E-04
2.4092E-05 2.0000E-04
2.4767E-05 2.0000E-04
2.5455E-05 2.0000E-04
3.6908E-05 2.0000E-04
2.0141E-05 2.0000E-04
2.1019E-05 2.0000E-04
2.3417E-05 2.0000E-04
2.9813E-05 2.0000E-04
2.1560E-05 2.0000E-04
2.3428E-05 2.0000E-04
2.5178E-05 2.0000E-04
2.3107E-05 2.0000E-04
2.4030E-05 2.0000E-04
3.6390E-05 2.0000E-04
2.1692E-05 2.0000E-04
1.9743E-05 2.0000E-04
2.3262E-05 2.0000E-04
3.6332E-05 2.0000E-04
2.0004E-05 2.0000E-04
1.9436E-05 2.0000E-04
2.1701E-05 2.0000E-04
4.4292E-05 2.0000E-04
2.0514E-05 2.0000E-04
1.7435E-05 2.0000E-04
1.9559E-05 2.0000E-04
4.3219E-05 2.0000E-04
1.7891E-05 2.0000E-04
1.5005E-05 2.0000E-04
2.0589E-05 2.0000E-04
3.2263E-05 2.0000E-04
1.9803E-05 2.0000E-04
1.5355E-05 2.0000E-04
2.2844E-05 2.0000E-04
2.5136E-05 2.0000E-04
1.8417E-05 2.0000E-04
2.2666E-05 2.0000E-04
2.9974E-05 2.0000E-04
2.0706E-05 2.0000E-04
1.9124E-05 2.0000E-04
2.0486E-05 2.0000E-04
4.1373E-05 2.0000E-04
2.4801E-05 2.0000E-04
1.8362E-05 2.0000E-04
1.9386E-05 2.0000E-04
2.9847E-05 2.0000E-04
2.3775E-05 2.0000E-04
2.1157E-05 2.0000E-04
2.4471E-05 2.0000E-04
2.3093E-05 2.0000E-04
2.3010E-05 2.0000E-04
3.2369E-05 2.0000E-04
2.4021E-05 2.0000E-04
2.5544E-05 2.0000E-04
3.7241E-05 2.0000E-04
2.8970E-05 2.0000E-04
3.5538E-05 2.0000E-04
3.0060E-05 2.0000E-04
3.3974E-05 2.0000E-04
4.5476E-05 2.0000E-04
3.7724E-05 2.0000E-04
5.0308E-05 2.0000E-04
4.6187E-05 2.0000E-04
4.1131E-05 2.0000E-04
6.1292E-05 2.0000E-04
7.2406E-05 2.0000E-04
5.5579E-05 2.0000E-04
1.0724E-04 2.0000E-04
1.2344E-04 2.0000E-04
5.7885E-05 2.0000E-04
4.7537E-05 2.0000E-04
6.9472E-05 2.0000E-04
9.4838E-05 2.0000E-04
7.3036E-05 2.0000E-04
5.9874E-05 2.0000E-04
7.7343E-05 2.0000E-04
7.4047E-05 2.0000E-04
8.2643E-05 2.0000E-04
8.0981E-05 2.0000E-04
7.8017E-05 2.0000E-04
7.2390E-05 2.0000E-04
8.2776E-05 2.0000E-04
1.0897E-04 2.0000E-04
6.8080E-05 2.0000E-04
6.7001E-05 2.0000E-04
8.2128E-05 2.0000E-04
6.9886E-05 2.0000E-04
1.1561E-04 2.0000E-04
7.2666E-05 2.0000E-04
7.0878E-05 2.0000E-04
9.8654E-05 2.0000E-04
9.6643E-05 2.0000E-04
1.1210E-04 2.0000E-04
6.6106E-05 2.0000E-04
6.3327E-05 2.0000E-04
8.2192E-05 2.0000E-04
1.3726E-04 2.0000E-04
7.2046E-05 2.0000E-04
6.4602E-05 2.0000E-04
7.8031E-05 2.0000E-04
1.6636E-04 2.0000E-04
7.7230E-05 2.0000E-04
8.3751E-05 2.0000E-04
9.8131E-05 2.0000E-04
1.0285E-04 2.0000E-04
1.1433E-04 2.0000E-04
9.3831E-05 2.0000E-04
9.5526E-05 2.0000E-04
2.0735E-04 2.0000E-04
1.2741E-04 2.0000E-04
1.3417E-04 2.0000E-04
1.0022E-04 2.0000E-04
1.1444E-04 2.0000E-04
1.9430E-04 2.0000E-04
1.1654E-04 2.0000E-04
1.3154E-04 2.0000E-04
1.6509E-04 2.0000E-04
1.4026E-04 2.0000E-04
1.2514E-04 2.0000E-04
1.3120E-04 2.0000E-04
1.1388E-04 2.0000E-04
9.9199E-05 2.0000E-04
1.3896E-04 2.0000E-04
1.0835E-04 2.0000E-04
1.0559E-04 2.0000E-04
1.0756E-04 2.0000E-04
8.4874E-05 2.0000E-04
1.0619E-04 2.0000E-04
1.1340E-04 2.0000E-04
7.9443E-05 2.0000E-04
7.7263E-05 2.0000E-04
8.2001E-05 2.0000E-04
6.7229E-05 2.0000E-04
1.2740E-04 2.0000E-04
6.0787E-05 2.0000E-04
5.2454E-05 2.0000E-04
6.4859E-05 2.0000E-04
1.5155E-04 2.0000E-04
6.3445E-05 2.0000E-04
4.3834E-05 2.0000E-04
5.7120E-05 2.0000E-04
7.5319E-05 2.0000E-04
1.2438E-04 2.0000E-04
4.4358E-05 2.0000E-04
4.4213E-05 2.0000E-04
5.6768E-05 2.0000E-04
1.0763E-04 2.0000E-04
5.5665E-05 2.0000E-04
4.5016E-05 2.0000E-04
5.8616E-05 2.0000E-04
9.4570E-05 2.0000E-04
6.1244E-05 2.0000E-04
5.0412E-05 2.0000E-04
6.3481E-05 2.0000E-04
6.2062E-05 2.0000E-04
1.0400E-04 2.0000E-04
5.3282E-05 2.0000E-04
5.2515E-05 2.0000E-04
6.5665E-05 2.0000E-04
9.1935E-05 2.0000E-04
5.6871E-05 2.0000E-04
5.8787E-05 2.0000E-04
7.2994E-05 2.0000E-04
7.6898E-05 2.0000E-04
7.0282E-05 2.0000E-04
6.8510E-05 2.0000E-04
7.6802E-05 2.0000E-04
7.0271E-05 2.0000E-04
6.5707E-05 2.0000E-04
7.6679E-05 2.0000E-04
6.8621E-05 2.0000E-04
7.2053E-05 2.0000E-04
7.9261E-05 2.0000E-04
8.8487E-05 2.0000E-04
7.1336E-05 2.0000E-04
6.2670E-05 2.0000E-04
6.1375E-05 2.0000E-04
7.3223E-05 2.0000E-04
5.9086E-05 2.0000E-04
6.3801E-05 2.0000E-04
7.0986E-05 2.0000E-04
5.7263E-05 2.0000E-04
5.6271E-05 2.0000E-04
7.4074E-05 2.0000E-04
7.8562E-05 2.0000E-04
8.0760E-05 2.0000E-04
5.0443E-05 2.0000E-04
4.9742E-05 2.0000E-04
6.0923E-05 2.0000E-04
9.6979E-05 2.0000E-04
5.0565E-05 2.0000E-04
4.8381E-05 2.0000E-04
5.7356E-05 2.0000E-04
1.3406E-04 2.0000E-04
5.0860E-05 2.0000E-04
4.2985E-05 2.0000E-04
5.9293E-05 2.0000E-04
9.0054E-05 2.0000E-04
5.2392E-05 2.0000E-04
4.6334E-05 2.0000E-04
6.8192E-05 2.0000E-04
6.1909E-05 2.0000E-04
4.6576E-05 2.0000E-04
6.2370E-05 2.0000E-04
6.9279E-05 2.0000E-04
5.7383E-05 2.0000E-04
8.7824E-05 2.0000E-04
6.1314E-05 2.0000E-04
5.4299E-05 2.0000E-04
7.6746E-05 2.0000E-04
1.1562E-04 2.0000E-04
5.4591E-05 2.0000E-04
4.0652E-05 2.0000E-04
5.6378E-05 2.0000E-04
6.5892E-05 2.0000E-04
6.3292E-05 2.0000E-04
6.0256E-05 2.0000E-04
5.2475E-05 2.0000E-04
5.9506E-05 2.0000E-04
9.3170E-05 2.0000E-04
5.2041E-05 2.0000E-04
5.1508E-05 2.0000E-04
5.9195E-05 2.0000E-04
1.5199E-04 2.0000E-04
5.0604E-05 2.0000E-04
4.2848E-05 2.0000E-04
5.4173E-05 2.0000E-04
9.0569E-05 2.0000E-04
5.8510E-05 2.0000E-04
4.6299E-05 2.0000E-04
7.1908E-05 2.0000E-04
6.0431E-05 2.0000E-04
4.9342E-05 2.0000E-04
5.6053E-05 2.0000E-04
6.8005E-05 2.0000E-04
5.0728E-05 2.0000E-04
5.3369E-05 2.0000E-04
6.5544E-05 2.0000E-04
4.7813E-05 2.0000E-04
4.5302E-05 2.0000E-04
5.5719E-05 2.0000E-04
4.6966E-05 2.0000E-04
6.0692E-05 2.0000E-04
6.4946E-05 2.0000E-04
3.8620E-05 2.0000E-04
3.2564E-05 2.0000E-04
4.1110E-05 2.0000E-04
8.1174E-05 2.0000E-04
3.7635E-05 2.0000E-04
3.1670E-05 2.0000E-04
3.7532E-05 2.0000E-04
6.3924E-05 2.0000E-04
3.5826E-05 2.0000E-04
3.1198E-05 2.0000E-04
3.8576E-05 2.0000E-04
5.4194E-05 2.0000E-04
3.1392E-05 2.0000E-04
3.1265E-05 2.0000E-04
4.4138E-05 2.0000E-04
4.0483E-05 2.0000E-04
4.2920E-05 2.0000E-04
2.8765E-05 2.0000E-04
3.0200E-05 2.0000E-04
4.0751E-05 2.0000E-04
3.5329E-05 2.0000E-04
3.0154E-05 2.0000E-04
3.3705E-05 2.0000E-04
3.4706E-05 2.0000E-04
3.0513E-05 2.0000E-04
4.0987E-05 2.0000E-04
3.0159E-05 2.0000E-04
2.8927E-05 2.0000E-04
3.7296E-05 2.0000E-04
3.9630E-05 2.0000E-04
2.7181E-05 2.0000E-04
2.6192E-05 2.0000E-04
3.3949E-05 2.0000E-04
2.9031E-05 2.0000E-04
5.3277E-05 2.0000E-04
2.7219E-05 2.0000E-04
2.5877E-05 2.0000E-04
3.0487E-05 2.0000E-04
5.8960E-05 2.0000E-04
2.7023E-05 2.0000E-04
2.3214E-05 2.0000E-04
3.0735E-05 2.0000E-04
4.3229E-05 2.0000E-04
3.3065E-05 2.0000E-04
2.4638E-05 2.0000E-04
3.1680E-05 2.0000E-04
3.7196E-05 2.0000E-04
3.1894E-05 2.0000E-04
3.9018E-05 2.0000E-04
2.9796E-05 2.0000E-04
2.9138E-05 2.0000E-04
4.2562E-05 2.0000E-04
3.4962E-05 2.0000E-04
2.8038E-05 2.0000E-04
3.2705E-05 2.0000E-04
4.8307E-05 2.0000E-04
3.0946E-05 2.0000E-04
2.7494E-05 2.0000E-04
3.2128E-05 2.0000E-04
3.8047E-05 2.0000E-04
6.6175E-05 2.0000E-04
3.0246E-05 2.0000E-04
2.7265E-05 2.0000E-04
3.1205E-05 2.0000E-04
6.2082E-05 2.0000E-04
3.3276E-05 2.0000E-04
3.0379E-05 2.0000E-04
4.5353E-05 2.0000E-04
4.9820E-05 2.0000E-04
3.4045E-05 2.0000E-04
3.5460E-05 2.0000E-04
3.8900E-05 2.0000E-04
3.8549E-05 2.0000E-04
5.8962E-05 2.0000E-04
3.8249E-05 2.0000E-04
3.2298E-05 2.0000E-04
3.6663E-05 2.0000E-04
6.6934E-05 2.0000E-04
4.1384E-05 2.0000E-04
3.8161E-05 2.0000E-04
4.9964E-05 2.0000E-04
3.6678E-05 2.0000E-04
3.6605E-05 2.0000E-04
3.8605E-05 2.0000E-04
3.6126E-05 2.0000E-04
5.2746E-05 2.0000E-04
3.3347E-05 2.0000E-04
3.2285E-05 2.0000E-04
4.4249E-05 2.0000E-04
3.7116E-05 2.0000E-04
3.3744E-05 2.0000E-04
3.8673E-05 2.0000E-04
3.5785E-05 2.0000E-04
3.2395E-05 2.0000E-04
4.7959E-05 2.0000E-04
3.7913E-05 2.0000E-04
3.4382E-05 2.0000E-04
3.4382E-05 2.0000E-04
3.4387E-05 2.0000E-04
4.8924E-05 2.0000E-04
2.6561E-05 2.0000E-04
2.0082E-05 2.0000E-04
2.4348E-05 2.0000E-04
4.4888E-05 2.0000E-04
2.5397E-05 2.0000E-04
2.0223E-05 2.0000E-04
2.4432E-05 2.0000E-04
3.6007E-05 2.0000E-04
2.6147E-05 2.0000E-04
2.7100E-05 2.0000E-04
2.5229E-05 2.0000E-04
2.5224E-05 2.0000E-04
3.7317E-05 2.0000E-04
2.5939E-05 2.0000E-04
2.4405E-05 2.0000E-04
3.0344E-05 2.0000E-04
3.3923E-05 2.0000E-04
2.4512E-05 2.0000E-04
2.7088E-05 2.0000E-04
3.4242E-05 2.0000E-04
2.7276E-05 2.0000E-04
3.2686E-05 2.0000E-04
3.5390E-05 2.0000E-04
2.5935E-05 2.0000E-04
2.4580E-05 2.0000E-04
3.9312E-05 2.0000E-04
2.8448E-05 2.0000E-04
3.0474E-05 2.0000E-04
3.3345E-05 2.0000E-04
2.7606E-05 2.0000E-04
3.3132E-05 2.0000E-04
4.2146E-05 2.0000E-04
2.9761E-05 2.0000E-04
2.7435E-05 2.0000E-04
3.5775E-05 2.0000E-04
3.0828E-05 2.0000E-04
3.8593E-05 2.0000E-04
3.4580E-05 2.0000E-04
2.5930E-05 2.0000E-04
2.9135E-05 2.0000E-04
3.7983E-05 2.0000E-04
2.8423E-05 2.0000E-04
2.9364E-05 2.0000E-04
3.9224E-05 2.0000E-04
3.0409E-05 2.0000E-04
2.9869E-05 2.0000E-04
4.3386E-05 2.0000E-04
2.9888E-05 2.0000E-04
2.4750E-05 2.0000E-04
2.9018E-05 2.0000E-04
2.7078E-05 2.0000E-04
4.6010E-05 2.0000E-04
2.6281E-05 2.0000E-04
2.6115E-05 2.0000E-04
3.3908E-05 2.0000E-04
3.2925E-05 2.0000E-04
2.5113E-05 2.0000E-04
2.8544E-05 2.0000E-04
3.0777E-05 2.0000E-04
2.7170E-05 2.0000E-04
5.3718E-05 2.0000E-04
2.5517E-05 2.0000E-04
2.1458E-05 2.0000E-04
2.3109E-05 2.0000E-04
4.6171E-05 2.0000E-04
2.5587E-05 2.0000E-04
2.1456E-05 2.0000E-04
2.6589E-05 2.0000E-04
3.8374E-05 2.0000E-04
2.6913E-05 2.0000E-04
1.9650E-05 2.0000E-04
2.3594E-05 2.0000E-04
3.5567E-05 2.0000E-04
2.4729E-05 2.0000E-04
1.9854E-05 2.0000E-04
2.3303E-05 2.0000E-04
2.0858E-05 2.0000E-04
4.4127E-05 2.0000E-04
1.9310E-05 2.0000E-04
1.7205E-05 2.0000E-04
1.9855E-05 2.0000E-04
2.4095E-05 2.0000E-04
3.6144E-05 2.0000E-04
1.6778E-05 2.0000E-04
1.5738E-05 2.0000E-04
1.7311E-05 2.0000E-04
2.8201E-05 2.0000E-04
1.9113E-05 2.0000E-04
1.6690E-05 2.0000E-04
1.9550E-05 2.0000E-04
3.1993E-05 2.0000E-04
1.8771E-05 2.0000E-04
1.6209E-05 2.0000E-04
1.8898E-05 2.0000E-04
2.4754E-05 2.0000E-04
2.1235E-05 2.0000E-04
1.5665E-05 2.0000E-04
1.7795E-05 2.0000E-04
2.1730E-05 2.0000E-04
1.6920E-05 2.0000E-04
1.6743E-05 2.0000E-04
2.2825E-05 2.0000E-04
1.9730E-05 2.0000E-04
1.6824E-05 2.0000E-04
2.1759E-05 2.0000E-04
1.5960E-05 2.0000E-04
1.5930E-05 2.0000E-04
2.2504E-05 2.0000E-04
1.6736E-05 2.0000E-04
1.2669E-05 2.0000E-04
1.6187E-05 2.0000E-04
2.3241E-05 2.0000E-04
1.6066E-05 2.0000E-04
1.4269E-05 2.0000E-04
1.9738E-05 2.0000E-04
1.5587E-05 2.0000E-04
1.7500E-05 2.0000E-04
1.9755E-05 2.0000E-04
1.4017E-05 2.0000E-04
1.3558E-05 2.0000E-04
1.6229E-05 2.0000E-04
1.2910E-05 2.0000E-04
1.7402E-05 2.0000E-04
1.3175E-05 2.0000E-04
1.2576E-05 2.0000E-04
1.6181E-05 2.0000E-04
1.8651E-05 2.0000E-04
1.2281E-05 2.0000E-04
1.1976E-05 2.0000E-04
1.6574E-05 2.0000E-04
1.5177E-05 2.0000E-04
1.3638E-05 2.0000E-04
1.4144E-05 2.0000E-04
1.3194E-05 2.0000E-04
1.3797E-05 2.0000E-04
1.6976E-05 2.0000E-04
1.2132E-05 2.0000E-04
1.1209E-05 2.0000E-04
1.5555E-05 2.0000E-04
1.5007E-05 2.0000E-04
1.1024E-05 2.0000E-04
1.4505E-05 2.0000E-04
1.5955E-05 2.0000E-04
1.2953E-05 2.0000E-04
2.0249E-05 2.0000E-04
1.5046E-05 2.0000E-04
1.1943E-05 2.0000E-04
1.3995E-05 2.0000E-04
1.8784E-05 2.0000E-04
1.2835E-05 2.0000E-04
1.0850E-05 2.0000E-04
1.4059E-05 2.0000E-04
1.3017E-05 2.0000E-04
2.3131E-05 2.0000E-04
1.2867E-05 2.0000E-04
1.1530E-05 2.0000E-04
1.3742E-05 2.0000E-04
2.8226E-05 2.0000E-04
1.3681E-05 2.0000E-04
1.1714E-05 2.0000E-04
1.4640E-05 2.0000E-04
2.7073E-05 2.0000E-04
1.5939E-05 2.0000E-04
1.4705E-05 2.0000E-04
1.7277E-05 2.0000E-04
2.7247E-05 2.0000E-04
1.6333E-05 2.0000E-04
1.4973E-05 2.0000E-04
2.0296E-05 2.0000E-04
2.9564E-05 2.0000E-04
1.8888E-05 2.0000E-04
1.9257E-05 2.0000E-04
2.3738E-05 2.0000E-04
1.9655E-05 2.0000E-04
2.2589E-05 2.0000E-04
2.4061E-05 2.0000E-04
2.0799E-05 2.0000E-04
2.4801E-05 2.0000E-04
3.3072E-05 2.0000E-04
2.4046E-05 2.0000E-04
2.7784E-05 2.0000E-04
4.3911E-05 2.0000E-04
3.1387E-05 2.0000E-04
2.3186E-05 2.0000E-04
2.4495E-05 2.0000E-04
4.3596E-05 2.0000E-04
3.3162E-05 2.0000E-04
2.4984E-05 2.0000E-04
2.9967E-05 2.0000E-04
3.6620E-05 2.0000E-04
3.1759E-05 2.0000E-04
4.0424E-05 2.0000E-04
3.4899E-05 2.0000E-04
4.0226E-05 2.0000E-04
2.9310E-05 2.0000E-04
3.2153E-05 2.0000E-04
4.1824E-05 2.0000E-04
3.2203E-05 2.0000E-04
3.7406E-05 2.0000E-04
4.9426E-05 2.0000E-04
3.2031E-05 2.0000E-04
2.9714E-05 2.0000E-04
3.4802E-05 2.0000E-04
4.3147E-05 2.0000E-04
4.2046E-05 2.0000E-04
2.9948E-05 2.0000E-04
4.2221E-05 2.0000E-04
4.7481E-05 2.0000E-04
2.7835E-05 2.0000E-04
2.4139E-05 2.0000E-04
3.0584E-05 2.0000E-04
4.4597E-05 2.0000E-04
2.8010E-05 2.0000E-04
2.5283E-05 2.0000E-04
2.8718E-05 2.0000E-04
6.1909E-05 2.0000E-04
3.1244E-05 2.0000E-04
2.5423E-05 2.0000E-04
2.9673E-05 2.0000E-04
4.0807E-05 2.0000E-04
4.6841E-05 2.0000E-04
2.5290E-05 2.0000E-04
2.6836E-05 2.0000E-04
3.3283E-05 2.0000E-04
6.7334E-05 2.0000E-04
2.8278E-05 2.0000E-04
2.6180E-05 2.0000E-04
3.4134E-05 2.0000E-04
5.6978E-05 2.0000E-04
3.6229E-05 2.0000E-04
3.4304E-05 2.0000E-04
3.5718E-05 2.0000E-04
3.6554E-05 2.0000E-04
5.0345E-05 2.0000E-04
2.8969E-05 2.0000E-04
3.0607E-05 2.0000E-04
3.7971E-05 2.0000E-04
5.9484E-05 2.0000E-04
3.2198E-05 2.0000E-04
2.7471E-05 2.0000E-04
3.3620E-05 2.0000E-04
4.6388E-05 2.0000E-04
3.3030E-05 2.0000E-04
2.8502E-05 2.0000E-04
3.5989E-05 2.0000E-04
3.7039E-05 2.0000E-04
4.3371E-05 2.0000E-04
3.5139E-05 2.0000E-04
3.0237E-05 2.0000E-04
3.0514E-05 2.0000E-04
4.1265E-05 2.0000E-04
3.0914E-05 2.0000E-04
3.1352E-05 2.0000E-04
3.9643E-05 2.0000E-04
3.4254E-05 2.0000E-04
3.3075E-05 2.0000E-04
3.6522E-05 2.0000E-04
3.7442E-05 2.0000E-04
3.0439E-05 2.0000E-04
3.3665E-05 2.0000E-04
4.0874E-05 2.0000E-04
3.4309E-05 2.0000E-04
3.9817E-05 2.0000E-04
3.5308E-05 2.0000E-04
3.4616E-05 2.0000E-04
3.6416E-05 2.0000E-04
3.9418E-05 2.0000E-04
3.4946E-05 2.0000E-04
3.4647E-05 2.0000E-04
4.6107E-05 2.0000E-04
3.5941E-05 2.0000E-04
3.7998E-05 2.0000E-04
4.7808E-05 2.0000E-04
3.5918E-05 2.0000E-04
3.3802E-05 2.0000E-04
4.2076E-05 2.0000E-04
3.7843E-05 2.0000E-04
3.4026E-05 2.0000E-04
3.5515E-05 2.0000E-04
4.6910E-05 2.0000E-04
3.3556E-05 2.0000E-04
3.2201E-05 2.0000E-04
3.7427E-05 2.0000E-04
3.5529E-05 2.0000E-04
3.7347E-05 2.0000E-04
3.2497E-05 2.0000E-04
2.9610E-05 2.0000E-04
3.5794E-05 2.0000E-04
4.3326E-05 2.0000E-04
3.0505E-05 2.0000E-04
2.8255E-05 2.0000E-04
3.6742E-05 2.0000E-04
3.0957E-05 2.0000E-04
3.8057E-05 2.0000E-04
2.7838E-05 2.0000E-04
2.5607E-05 2.0000E-04
4.5603E-05 2.0000E-04
2.8119E-05 2.0000E-04
2.4483E-05 2.0000E-04
2.7662E-05 2.0000E-04
4.7887E-05 2.0000E-04
2.9982E-05 2.0000E-04
3.1212E-05 2.0000E-04
3.1425E-05 2.0000E-04
2.6956E-05 2.0000E-04
3.1197E-05 2.0000E-04
2.6799E-05 2.0000E-04
2.8454E-05 2.0000E-04
2.8454E-05 2.0000E-04
2.4426E-05 2.0000E-04
2.5289E-05 2.0000E-04
3.3286E-05 2.0000E-04
2.4090E-05 2.0000E-04
2.1501E-05 2.0000E-04
2.7435E-05 2.0000E-04
3.6638E-05 2.0000E-04
2.4535E-05 2.0000E-04
2.2726E-05 2.0000E-04
2.4730E-05 2.0000E-04
2.4144E-05 2.0000E-04
4.1586E-05 2.0000E-04
2.3464E-05 2.0000E-04
2.0838E-05 2.0000E-04
2.4740E-05 2.0000E-04
4.9347E-05 2.0000E-04
2.2047E-05 2.0000E-04
1.9853E-05 2.0000E-04
2.3139E-05 2.0000E-04
4.2829E-05 2.0000E-04
2.2783E-05 2.0000E-04
1.8961E-05 2.0000E-04
2.3788E-05 2.0000E-04
3.6302E-05 2.0000E-04
2.2654E-05 2.0000E-04
2.1172E-05 2.0000E-04
2.7248E-05 2.0000E-04
2.4702E-05 2.0000E-04
1.9294E-05 2.0000E-04
2.2215E-05 2.0000E-04
2.9608E-05 2.0000E-04
2.1512E-05 2.0000E-04
2.3739E-05 2.0000E-04
2.6538E-05 2.0000E-04
2.1240E-05 2.0000E-04
2.4241E-05 2.0000E-04
3.7431E-05 2.0000E-04
2.1218E-05 2.0000E-04
1.7519E-05 2.0000E-04
2.1874E-05 2.0000E-04
4.0082E-05 2.0000E-04
2.1039E-05 2.0000E-04
1.8446E-05 2.0000E-04
2.2969E-05 2.0000E-04
4.0021E-05 2.0000E-04
2.1934E-05 2.0000E-04
1.8967E-05 2.0000E-04
2.4680E-05 2.0000E-04
3.5994E-05 2.0000E-04
2.5287E-05 2.0000E-04
2.1816E-05 2.0000E-04
2.6854E-05 2.0000E-04
3.0787E-05 2.0000E-04
2.5990E-05 2.0000E-04
2.6010E-05 2.0000E-04
2.7501E-05 2.0000E-04
2.5108E-05 2.0000E-04
3.3123E-05 2.0000E-04
3.1050E-05 2.0000E-04
2.6207E-05 2.0000E-04
3.1876E-05 2.0000E-04
5.1866E-05 2.0000E-04
3.3113E-05 2.0000E-04
3.4450E-05 2.0000E-04
4.0172E-05 2.0000E-04
3.6974E-05 2.0000E-04
5.4113E-05 2.0000E-04
4.5971E-05 2.0000E-04
4.2507E-05 2.0000E-04
5.5574E-05 2.0000E-04
7.1657E-05 2.0000E-04
4.8955E-05 2.0000E-04
4.8249E-05 2.0000E-04
7.2791E-05 2.0000E-04
6.3264E-05 2.0000E-04
6.1242E-05 2.0000E-04
4.9743E-05 2.0000E-04
5.2625E-05 2.0000E-04
9.2478E-05 2.0000E-04
5.2251E-05 2.0000E-04
4.3813E-05 2.0000E-04
5.2900E-05 2.0000E-04
8.5326E-05 2.0000E-04
4.8104E-05 2.0000E-04
4.2538E-05 2.0000E-04
5.4934E-05 2.0000E-04
7.0422E-05 2.0000E-04
4.8917E-05 2.0000E-04
4.6202E-05 2.0000E-04
5.2831E-05 2.0000E-04
5.9979E-05 2.0000E-04
4.7569E-05 2.0000E-04
3.9926E-05 2.0000E-04
4.7084E-05 2.0000E-04
6.1142E-05 2.0000E-04
4.0882E-05 2.0000E-04
4.1274E-05 2.0000E-04
5.6139E-05 2.0000E-04
5.0567E-05 2.0000E-04
6.0089E-05 2.0000E-04
4.1996E-05 2.0000E-04
4.3556E-05 2.0000E-04
6.0485E-05 2.0000E-04
6.0684E-05 2.0000E-04
4.1763E-05 2.0000E-04
4.7139E-05 2.0000E-04
4.9282E-05 2.0000E-04
5.3702E-05 2.0000E-04
5.0660E-05 2.0000E-04
4.3171E-05 2.0000E-04
4.8555E-05 2.0000E-04
8.7910E-05 2.0000E-04
4.4585E-05 2.0000E-04
4.0006E-05 2.0000E-04
4.6058E-05 2.0000E-04
9.3474E-05 2.0000E-04
4.9443E-05 2.0000E-04
4.1465E-05 2.0000E-04
5.8185E-05 2.0000E-04
8.4368E-05 2.0000E-04
5.3660E-05 2.0000E-04
4.9958E-05 2.0000E-04
6.0092E-05 2.0000E-04
6.2749E-05 2.0000E-04
1.0489E-04 2.0000E-04
5.0275E-05 2.0000E-04
4.8545E-05 2.0000E-04
6.3964E-05 2.0000E-04
1.1593E-04 2.0000E-04
5.5211E-05 2.0000E-04
4.9970E-05 2.0000E-04
6.2599E-05 2.0000E-04
8.9736E-05 2.0000E-04
6.4842E-05 2.0000E-04
4.9723E-05 2.0000E-04
5.7893E-05 2.0000E-04
8.8796E-05 2.0000E-04
5.1872E-05 2.0000E-04
4.9778E-05 2.0000E-04
6.2229E-05 2.0000E-04
1.0296E-04 2.0000E-04
5.1258E-05 2.0000E-04
4.7753E-05 2.0000E-04
5.5668E-05 2.0000E-04
1.0476E-04 2.0000E-04
5.1515E-05 2.0000E-04
4.3833E-05 2.0000E-04
5.3255E-05 2.0000E-04
1.0169E-04 2.0000E-04
4.8965E-05 2.0000E-04
4.1013E-05 2.0000E-04
4.9529E-05 2.0000E-04
8.1293E-05 2.0000E-04
4.9923E-05 2.0000E-04
4.1224E-05 2.0000E-04
5.8303E-05 2.0000E-04
6.5593E-05 2.0000E-04
4.8502E-05 2.0000E-04
6.0065E-05 2.0000E-04
5.6573E-05 2.0000E-04
5.0623E-05 2.0000E-04
6.6419E-05 2.0000E-04
7.0936E-05 2.0000E-04
4.2490E-05 2.0000E-04
3.3937E-05 2.0000E-04
4.3416E-05 2.0000E-04
8.4150E-05 2.0000E-04
3.7591E-05 2.0000E-04
3.2673E-05 2.0000E-04
4.0979E-05 2.0000E-04
8.2642E-05 2.0000E-04
3.9261E-05 2.0000E-04
3.1839E-05 2.0000E-04
3.8535E-05 2.0000E-04
6.2477E-05 2.0000E-04
4.1681E-05 2.0000E-04
2.9101E-05 2.0000E-04
4.1003E-05 2.0000E-04
4.4723E-05 2.0000E-04
3.7053E-05 2.0000E-04
4.6948E-05 2.0000E-04
4.1806E-05 2.0000E-04
3.3012E-05 2.0000E-04
3.7401E-05 2.0000E-04
4.9556E-05 2.0000E-04
3.6514E-05 2.0000E-04
3.0382E-05 2.0000E-04
3.6337E-05 2.0000E-04
2.9796E-05 2.0000E-04
4.9872E-05 2.0000E-04
3.1472E-05 2.0000E-04
2.6598E-05 2.0000E-04
2.8976E-05 2.0000E-04
4.5062E-05 2.0000E-04
3.0201E-05 2.0000E-04
2.6114E-05 2.0000E-04
2.7267E-05 2.0000E-04
3.0487E-05 2.0000E-04
4.2516E-05 2.0000E-04
2.6049E-05 2.0000E-04
2.2231E-05 2.0000E-04
2.9639E-05 2.0000E-04
2.8705E-05 2.0000E-04
2.7395E-05 2.0000E-04
2.4437E-05 2.0000E-04
2.7502E-05 2.0000E-04
3.1241E-05 2.0000E-04
2.4240E-05 2.0000E-04
2.2697E-05 2.0000E-04
2.7762E-05 2.0000E-04
3.5759E-05 2.0000E-04
2.2406E-05 2.0000E-04
2.2372E-05 2.0000E-04
2.8984E-05 2.0000E-04
2.6933E-05 2.0000E-04
2.3267E-05 2.0000E-04
2.3189E-05 2.0000E-04
2.6839E-05 2.0000E-04
2.3726E-05 2.0000E-04
2.1383E-05 2.0000E-04
2.4744E-05 2.0000E-04
2.5100E-05 2.0000E-04
2.0104E-05 2.0000E-04
2.1745E-05 2.0000E-04
2.3298E-05 2.0000E-04
1.9052E-05 2.0000E-04
2.5577E-05 2.0000E-04
2.6727E-05 2.0000E-04
1.9378E-05 2.0000E-04
1.7155E-05 2.0000E-04
2.7844E-05 2.0000E-04
2.0562E-05 2.0000E-04
1.9265E-05 2.0000E-04
2.5251E-05 2.0000E-04
1.8974E-05 2.0000E-04
2.0806E-05 2.0000E-04
2.5162E-05 2.0000E-04
1.8295E-05 2.0000E-04
1.6400E-05 2.0000E-04
2.5563E-05 2.0000E-04
1.8050E-05 2.0000E-04
1.6144E-05 2.0000E-04
2.1123E-05 2.0000E-04
1.6619E-05 2.0000E-04
1.8849E-05 2.0000E-04
2.6971E-05 2.0000E-04
1.4719E-05 2.0000E-04
1.2636E-05 2.0000E-04
1.5638E-05 2.0000E-04
2.7633E-05 2.0000E-04
1.4209E-05 2.0000E-04
1.2795E-05 2.0000E-04
1.5628E-05 2.0000E-04
3.1814E-05 2.0000E-04
1.5641E-05 2.0000E-04
1.2056E-05 2.0000E-04
1.5243E-05 2.0000E-04
2.2285E-05 2.0000E-04
1.6377E-05 2.0000E-04
1.2418E-05 2.0000E-04
1.4652E-05 2.0000E-04
1.7309E-05 2.0000E-04
1.4691E-05 2.0000E-04
1.9299E-05 2.0000E-04
1.3273E-05 2.0000E-04
1.1971E-05 2.0000E-04
1.6195E-05 2.0000E-04
1.7833E-05 2.0000E-04
1.1387E-05 2.0000E-04
1.1581E-05 2.0000E-04
1.4506E-05 2.0000E-04
1.4640E-05 2.0000E-04
1.2980E-05 2.0000E-04
1.1133E-05 2.0000E-04
1.2878E-05 2.0000E-04
1.6252E-05 2.0000E-04
1.1420E-05 2.0000E-04
1.1270E-05 2.0000E-04
1.6525E-05 2.0000E-04
1.1151E-05 2.0000E-04
1.0446E-05 2.0000E-04
1.4848E-05 2.0000E-04
1.0719E-05 2.0000E-04
9.9724E-06 2.0000E-04
1.3185E-05 2.0000E-04
1.2102E-05 2.0000E-04
1.0364E-05 2.0000E-04
1.1902E-05 2.0000E-04
1.1475E-05 2.0000E-04
1.0376E-05 2.0000E-04
1.4400E-05 2.0000E-04
1.2964E-05 2.0000E-04
9.7154E-06 2.0000E-04
1.0456E-05 2.0000E-04
1.6998E-05 2.0000E-04
1.1082E-05 2.0000E-04
9.0032E-06 2.0000E-04
1.0562E-05 2.0000E-04
1.5822E-05 2.0000E-04
1.2240E-05 2.0000E-04
9.6759E-06 2.0000E-04
1.0739E-05 2.0000E-04
1.4137E-05 2.0000E-04
1.0454E-05 2.0000E-04
1.0751E-05 2.0000E-04
1.3630E-05 2.0000E-04
1.0369E-05 2.0000E-04
1.0675E-05 2.0000E-04
1.3641E-05 2.0000E-04
1.0827E-05 2.0000E-04
1.3294E-05 2.0000E-04
1.2643E-05 2.0000E-04
9.6091E-06 2.0000E-04
8.5888E-06 2.0000E-04
1.5170E-05 2.0000E-04
1.0540E-05 2.0000E-04
8.2907E-06 2.0000E-04
1.1228E-05 2.0000E-04
9.6346E-06 2.0000E-04
1.5599E-05 2.0000E-04
9.0228E-06 2.0000E-04
8.2182E-06 2.0000E-04
1.0773E-05 2.0000E-04
1.5565E-05 2.0000E-04
9.4187E-06 2.0000E-04
8.9403E-06 2.0000E-04
1.1293E-05 2.0000E-04
1.0418E-05 2.0000E-04
1.4657E-05 2.0000E-04
9.7822E-06 2.0000E-04
9.5126E-06 2.0000E-04
1.2287E-05 2.0000E-04
1.4216E-05 2.0000E-04
1.0142E-05 2.0000E-04
1.0039E-05 2.0000E-04
1.4922E-05 2.0000E-04
1.2410E-05 2.0000E-04
1.1397E-05 2.0000E-04
1.2870E-05 2.0000E-04
1.2406E-05 2.0000E-04
1.3440E-05 2.0000E-04
1.8414E-05 2.0000E-04
1.4016E-05 2.0000E-04
1.3298E-05 2.0000E-04
2.2146E-05 2.0000E-04
1.8895E-05 2.0000E-04
2.6903E-05 2.0000E-04
2.5319E-05 2.0000E-04
4.4098E-05 2.0000E-04
5.7247E-05 2.0000E-04
8.0444E-05 2.0000E-04
9.4827E-05 2.0000E-04
1.3162E-04 2.0000E-04
9.8377E-05 2.0000E-04
6.2380E-05 2.0000E-04
4.9997E-05 2.0000E-04
5.5364E-05 2.0000E-04
1.2474E-04 2.0000E-04
9.8901E-05 2.0000E-04
1.1204E-04 2.0000E-04
6.3818E-05 2.0000E-04
5.7102E-05 2.0000E-04
6.1257E-05 2.0000E-04
1.0201E-04 2.0000E-04
5.5542E-05 2.0000E-04
5.3203E-05 2.0000E-04
6.1305E-05 2.0000E-04
1.5215E-04 2.0000E-04
4.7557E-05 2.0000E-04
3.6734E-05 2.0000E-04
5.1483E-05 2.0000E-04
7.7502E-05 2.0000E-04
6.6681E-05 2.0000E-04
4.2255E-05 2.0000E-04
4.2601E-05 2.0000E-04
5.8323E-05 2.0000E-04
4.2428E-05 2.0000E-04
5.1201E-05 2.0000E-04
3.7171E-05 2.0000E-04
3.8982E-05 2.0000E-04
5.4920E-05 2.0000E-04
5.9629E-05 2.0000E-04
3.3110E-05 2.0000E-04
3.7685E-05 2.0000E-04
3.9067E-05 2.0000E-04
6.9137E-05 2.0000E-04
3.2771E-05 2.0000E-04
3.4489E-05 2.0000E-04
3.7559E-05 2.0000E-04
9.0358E-05 2.0000E-04
3.1409E-05 2.0000E-04
2.2692E-05 2.0000E-04
3.0311E-05 2.0000E-04
3.6297E-05 2.0000E-04
7.4882E-05 2.0000E-04
2.5486E-05 2.0000E-04
2.3715E-05 2.0000E-04
2.8129E-05 2.0000E-04
7.0142E-05 2.0000E-04
2.7724E-05 2.0000E-04
2.1052E-05 2.0000E-04
2.8021E-05 2.0000E-04
3.5433E-05 2.0000E-04
5.6489E-05 2.0000E-04
2.3277E-05 2.0000E-04
2.3302E-05 2.0000E-04
2.7834E-05 2.0000E-04
6.0684E-05 2.0000E-04
2.4655E-05 2.0000E-04
2.0511E-05 2.0000E-04
2.4887E-05 2.0000E-04
3.7717E-05 2.0000E-04
2.7093E-05 2.0000E-04
2.0277E-05 2.0000E-04
2.5467E-05 2.0000E-04
2.7577E-05 2.0000E-04
2.4039E-05 2.0000E-04
3.6795E-05 2.0000E-04
2.4963E-05 2.0000E-04
2.2259E-05 2.0000E-04
2.5241E-05 2.0000E-04
3.8282E-05 2.0000E-04
2.3029E-05 2.0000E-04
2.0792E-05 2.0000E-04
2.4786E-05 2.0000E-04
3.1575E-05 2.0000E-04
2.0172E-05 2.0000E-04
1.9282E-05 2.0000E-04
2.3780E-05 2.0000E-04
2.9668E-05 2.0000E-04
1.7632E-05 2.0000E-04
1.8299E-05 2.0000E-04
2.1288E-05 2.0000E-04
2.2448E-05 2.0000E-04
1.9398E-05 2.0000E-04
1.7529E-05 2.0000E-04
2.2157E-05 2.0000E-04
2.5395E-05 2.0000E-04
1.5583E-05 2.0000E-04
1.5648E-05 2.0000E-04
1.9447E-05 2.0000E-04
2.1288E-05 2.0000E-04
2.0191E-05 2.0000E-04
1.6037E-05 2.0000E-04
1.6463E-05 2.0000E-04
2.5232E-05 2.0000E-04
1.5738E-05 2.0000E-04
1.3785E-05 2.0000E-04
1.8629E-05 2.0000E-04
1.8491E-05 2.0000E-04
1.5193E-05 2.0000E-04
1.5903E-05 2.0000E-04
1.7141E-05 2.0000E-04
1.5550E-05 2.0000E-04
2.3262E-05 2.0000E-04
1.4508E-05 2.0000E-04
1.3541E-05 2.0000E-04
1.5780E-05 2.0000E-04
2.8232E-05 2.0000E-04
1.3402E-05 2.0000E-04
1.2193E-05 2.0000E-04
1.4020E-05 2.0000E-04
2.7324E-05 2.0000E-04
1.2597E-05 2.0000E-04
1.0945E-05 2.0000E-04
1.3535E-05 2.0000E-04
2.3002E-05 2.0000E-04
1.2405E-05 2.0000E-04
1.0400E-05 2.0000E-04
1.4216E-05 2.0000E-04
2.1055E-05 2.0000E-04
1.2610E-05 2.0000E-04
1.1321E-05 2.0000E-04
1.3644E-05 2.0000E-04
1.7751E-05 2.0000E-04
1.2104E-05 2.0000E-04
1.0868E-05 2.0000E-04
1.3609E-05 2.0000E-04
1.9121E-05 2.0000E-04
1.1237E-05 2.0000E-04
1.0922E-05 2.0000E-04
1.3123E-05 2.0000E-04
1.8227E-05 2.0000E-04
1.2021E-05 2.0000E-04
1.0815E-05 2.0000E-04
1.3234E-05 2.0000E-04
1.8891E-05 2.0000E-04
1.1862E-05 2.0000E-04
1.0432E-05 2.0000E-04
1.2770E-05 2.0000E-04
1.4530E-05 2.0000E-04
1.3277E-05 2.0000E-04
1.0736E-05 2.0000E-04
1.1603E-05 2.0000E-04
1.3568E-05 2.0000E-04
1.2749E-05 2.0000E-04
1.1646E-05 2.0000E-04
1.0996E-05 2.0000E-04
1.2538E-05 2.0000E-04
1.4258E-05 2.0000E-04
1.0786E-05 2.0000E-04
1.0176E-05 2.0000E-04
1.3255E-05 2.0000E-04
1.2869E-05 2.0000E-04
1.0779E-05 2.0000E-04
1.0288E-05 2.0000E-04
1.3068E-05 2.0000E-04
1.1978E-05 2.0000E-04
1.0754E-05 2.0000E-04
1.1412E-05 2.0000E-04
1.0654E-05 2.0000E-04
1.0102E-05 2.0000E-04
1.4272E-05 2.0000E-04
1.4272E-05 2.0000E-04
1.4264E-05 2.0000E-04
1.1399E-05 2.0000E-04
