RMS Grad   Target
3.0230E-03 2.0000E-04
2.6842E-03 2.0000E-04
6.5370E-04 2.0000E-04
4.4595E-04 2.0000E-04
3.7811E-04 2.0000E-04
4.3106E-04 2.0000E-04
2.1089E-04 2.0000E-04
1.5448E-04 2.0000E-04
1.5362E-04 2.0000E-04
2.6505E-04 2.0000E-04
1.1918E-04 2.0000E-04
1.0865E-04 2.0000E-04
1.3800E-04 2.0000E-04
2.6187E-04 2.0000E-04
1.1832E-04 2.0000E-04
8.4192E-05 2.0000E-04
9.7144E-05 2.0000E-04
1.2527E-04 2.0000E-04
1.9505E-04 2.0000E-04
7.3993E-05 2.0000E-04
7.3686E-05 2.0000E-04
8.7602E-05 2.0000E-04
2.1492E-04 2.0000E-04
7.1120E-05 2.0000E-04
5.2187E-05 2.0000E-04
6.4089E-05 2.0000E-04
7.1397E-05 2.0000E-04
1.0989E-04 2.0000E-04
4.2193E-05 2.0000E-04
3.8046E-05 2.0000E-04
4.6694E-05 2.0000E-04
1.0480E-04 2.0000E-04
4.8241E-05 2.0000E-04
4.2548E-05 2.0000E-04
5.0230E-05 2.0000E-04
7.7748E-05 2.0000E-04
4.8722E-05 2.0000E-04
3.1085E-05 2.0000E-04
3.6924E-05 2.0000E-04
5.5008E-05 2.0000E-04
4.8782E-05 2.0000E-04
9.1358E-05 2.0000E-04
3.9121E-05 2.0000E-04
2.8053E-05 2.0000E-04
2.9683E-05 2.0000E-04
7.9403E-05 2.0000E-04
3.8211E-05 2.0000E-04
2.6486E-05 2.0000E-04
2.9335E-05 2.0000E-04
6.6068E-05 2.0000E-04
2.9449E-05 2.0000E-04
2.4737E-05 2.0000E-04
2.8558E-05 2.0000E-04
7.0835E-05 2.0000E-04
2.8701E-05 2.0000E-04
2.2861E-05 2.0000E-04
2.3746E-05 2.0000E-04
3.6557E-05 2.0000E-04
2.1097E-05 2.0000E-04
2.0273E-05 2.0000E-04
3.2790E-05 2.0000E-04
3.0052E-05 2.0000E-04
2.1459E-05 2.0000E-04
2.4751E-05 2.0000E-04
3.2906E-05 2.0000E-04
2.4643E-05 2.0000E-04
3.2215E-05 2.0000E-04
2.6973E-05 2.0000E-04
2.1404E-05 2.0000E-04
2.0734E-05 2.0000E-04
2.8733E-05 2.0000E-04
2.1837E-05 2.0000E-04
2.5580E-05 2.0000E-04
2.8905E-05 2.0000E-04
2.0442E-05 2.0000E-04
1.9191E-05 2.0000E-04
2.7149E-05 2.0000E-04
2.0166E-05 2.0000E-04
1.7932E-05 2.0000E-04
2.1619E-05 2.0000E-04
1.7800E-05 2.0000E-04
1.8402E-05 2.0000E-04
2.2697E-05 2.0000E-04
1.6286E-05 2.0000E-04
1.5333E-05 2.0000E-04
2.4520E-05 2.0000E-04
1.9157E-05 2.0000E-04
2.1329E-05 2.0000E-04
2.2535E-05 2.0000E-04
1.5917E-05 2.0000E-04
1.6007E-05 2.0000E-04
1.8714E-05 2.0000E-04
1.6221E-05 2.0000E-04
1.9735E-05 2.0000E-04
1.6125E-05 2.0000E-04
1.6280E-05 2.0000E-04
2.3210E-05 2.0000E-04
1.7482E-05 2.0000E-04
1.3644E-05 2.0000E-04
1.7655E-05 2.0000E-04
1.9636E-05 2.0000E-04
1.5285E-05 2.0000E-04
