Max Step   Target
6.9952E-03 1.8000E-03
1.0485E-02 1.8000E-03
2.5000E-02 1.8000E-03
2.5000E-02 1.8000E-03
2.3904E-02 1.8000E-03
8.4078E-03 1.8000E-03
4.4118E-03 1.8000E-03
4.2691E-03 1.8000E-03
6.9636E-03 1.8000E-03
7.4567E-03 1.8000E-03
2.9934E-03 1.8000E-03
6.8288E-03 1.8000E-03
5.7517E-03 1.8000E-03
1.1448E-02 1.8000E-03
5.0601E-03 1.8000E-03
4.3697E-03 1.8000E-03
7.8375E-03 1.8000E-03
1.0694E-02 1.8000E-03
1.7308E-03 1.8000E-03
7.7811E-04 1.8000E-03
2.4177E-03 1.8000E-03
3.5754E-03 1.8000E-03
4.9662E-03 1.8000E-03
7.6058E-04 1.8000E-03
1.6156E-03 1.8000E-03
1.6156E-03 1.8000E-03
