Max Step   Target
7.5251E-03 1.8000E-03
1.2566E-02 1.8000E-03
2.6674E-02 1.8000E-03
2.9180E-02 1.8000E-03
1.0244E-02 1.8000E-03
1.1774E-02 1.8000E-03
1.5944E-02 1.8000E-03
1.3326E-02 1.8000E-03
3.0722E-03 1.8000E-03
5.9146E-03 1.8000E-03
5.0967E-03 1.8000E-03
9.3763E-03 1.8000E-03
5.2908E-03 1.8000E-03
8.9223E-03 1.8000E-03
9.4108E-03 1.8000E-03
2.3325E-03 1.8000E-03
3.2496E-03 1.8000E-03
3.1119E-03 1.8000E-03
4.5683E-03 1.8000E-03
4.8422E-03 1.8000E-03
1.6833E-03 1.8000E-03
1.4225E-03 1.8000E-03
3.2647E-03 1.8000E-03
5.3622E-03 1.8000E-03
3.1767E-03 1.8000E-03
6.6649E-04 1.8000E-03
6.6649E-04 1.8000E-03
