RMS Step   Target
2.8787E-04 8.0000E-04
2.8787E-03 8.0000E-04
5.7573E-03 8.0000E-04
7.1967E-03 8.0000E-04
7.1967E-03 8.0000E-04
7.1967E-03 8.0000E-04
7.1967E-03 8.0000E-04
7.1967E-03 8.0000E-04
7.1967E-03 8.0000E-04
7.1967E-03 8.0000E-04
7.1967E-03 8.0000E-04
7.1967E-03 8.0000E-04
7.1967E-03 8.0000E-04
7.1967E-03 8.0000E-04
7.1967E-03 8.0000E-04
7.1967E-03 8.0000E-04
7.1967E-03 8.0000E-04
7.1967E-03 8.0000E-04
7.1967E-03 8.0000E-04
7.1967E-03 8.0000E-04
7.1967E-03 8.0000E-04
7.1967E-03 8.0000E-04
7.1967E-03 8.0000E-04
7.1967E-03 8.0000E-04
7.1967E-03 8.0000E-04
7.1967E-03 8.0000E-04
7.1967E-03 8.0000E-04
7.1967E-03 8.0000E-04
7.1967E-03 8.0000E-04
7.1967E-03 8.0000E-04
7.1967E-03 8.0000E-04
7.1967E-03 8.0000E-04
7.1967E-03 8.0000E-04
7.1967E-03 8.0000E-04
7.1967E-03 8.0000E-04
7.1967E-03 8.0000E-04
7.1967E-03 8.0000E-04
7.1967E-03 8.0000E-04
7.1967E-03 8.0000E-04
7.1967E-03 8.0000E-04
7.1967E-03 8.0000E-04
7.1967E-03 8.0000E-04
7.1967E-03 8.0000E-04
7.1967E-03 8.0000E-04
7.1967E-03 8.0000E-04
7.1967E-03 8.0000E-04
7.1967E-03 8.0000E-04
7.1967E-03 8.0000E-04
7.1967E-03 8.0000E-04
7.1967E-03 8.0000E-04
7.1967E-03 8.0000E-04
7.1967E-03 8.0000E-04
7.1967E-03 8.0000E-04
7.1967E-03 8.0000E-04
7.1967E-03 8.0000E-04
7.1967E-03 8.0000E-04
7.1967E-03 8.0000E-04
7.1967E-03 8.0000E-04
7.1967E-03 8.0000E-04
7.1967E-03 8.0000E-04
7.1967E-03 8.0000E-04
7.1967E-03 8.0000E-04
7.1967E-03 8.0000E-04
7.1967E-03 8.0000E-04
7.1967E-03 8.0000E-04
7.1967E-03 8.0000E-04
7.1967E-03 8.0000E-04
7.1967E-03 8.0000E-04
7.1967E-03 8.0000E-04
7.1967E-03 8.0000E-04
7.1967E-03 8.0000E-04
7.1967E-03 8.0000E-04
7.1967E-03 8.0000E-04
7.1967E-03 8.0000E-04
7.1967E-03 8.0000E-04
7.1967E-03 8.0000E-04
7.1967E-03 8.0000E-04
7.1967E-03 8.0000E-04
7.1967E-03 8.0000E-04
7.1967E-03 8.0000E-04
7.1967E-03 8.0000E-04
7.1967E-03 8.0000E-04
7.1967E-03 8.0000E-04
7.1967E-03 8.0000E-04
7.1967E-03 8.0000E-04
7.1967E-03 8.0000E-04
7.1967E-03 8.0000E-04
7.1967E-03 8.0000E-04
7.1967E-03 8.0000E-04
7.1967E-03 8.0000E-04
7.1967E-03 8.0000E-04
7.1967E-03 8.0000E-04
7.1967E-03 8.0000E-04
7.1967E-03 8.0000E-04
7.1967E-03 8.0000E-04
7.1967E-03 8.0000E-04
7.1967E-03 8.0000E-04
7.1967E-03 8.0000E-04
7.1967E-03 8.0000E-04
7.1967E-03 8.0000E-04
7.1967E-03 8.0000E-04
7.1967E-03 8.0000E-04
7.1967E-03 8.0000E-04
7.1967E-03 8.0000E-04
7.1967E-03 8.0000E-04
7.1967E-03 8.0000E-04
7.1967E-03 8.0000E-04
7.1967E-03 8.0000E-04
7.1967E-03 8.0000E-04
7.1967E-03 8.0000E-04
7.1967E-03 8.0000E-04
7.1967E-03 8.0000E-04
7.1967E-03 8.0000E-04
7.1967E-03 8.0000E-04
7.1967E-03 8.0000E-04
7.1967E-03 8.0000E-04
7.1967E-03 8.0000E-04
7.1967E-03 8.0000E-04
7.1967E-03 8.0000E-04
7.1967E-03 8.0000E-04
7.1967E-03 8.0000E-04
7.1967E-03 8.0000E-04
7.1967E-03 8.0000E-04
7.1967E-03 8.0000E-04
7.1967E-03 8.0000E-04
7.1967E-03 8.0000E-04
7.1967E-03 8.0000E-04
7.1967E-03 8.0000E-04
7.1967E-03 8.0000E-04
7.1967E-03 8.0000E-04
7.1967E-03 8.0000E-04
7.1967E-03 8.0000E-04
7.1967E-03 8.0000E-04
7.1967E-03 8.0000E-04
7.1967E-03 8.0000E-04
7.1967E-03 8.0000E-04
7.1967E-03 8.0000E-04
7.1967E-03 8.0000E-04
7.1967E-03 8.0000E-04
7.1967E-03 8.0000E-04
7.1967E-03 8.0000E-04
7.1967E-03 8.0000E-04
7.1967E-03 8.0000E-04
7.1967E-03 8.0000E-04
7.1967E-03 8.0000E-04
7.1967E-03 8.0000E-04
7.1967E-03 8.0000E-04
7.1967E-03 8.0000E-04
7.1967E-03 8.0000E-04
7.1967E-03 8.0000E-04
7.1967E-03 8.0000E-04
7.1967E-03 8.0000E-04
7.1967E-03 8.0000E-04
7.1967E-03 8.0000E-04
7.1967E-03 8.0000E-04
7.1967E-03 8.0000E-04
7.1967E-03 8.0000E-04
7.1967E-03 8.0000E-04
7.1967E-03 8.0000E-04
7.1967E-03 8.0000E-04
7.1967E-03 8.0000E-04
7.1967E-03 8.0000E-04
7.1967E-03 8.0000E-04
7.1967E-03 8.0000E-04
7.1967E-03 8.0000E-04
7.1967E-03 8.0000E-04
7.1967E-03 8.0000E-04
7.1967E-03 8.0000E-04
7.1967E-03 8.0000E-04
7.1967E-03 8.0000E-04
7.1967E-03 8.0000E-04
7.1967E-03 8.0000E-04
7.1967E-03 8.0000E-04
7.1967E-03 8.0000E-04
7.1967E-03 8.0000E-04
7.1967E-03 8.0000E-04
7.1967E-03 8.0000E-04
7.1967E-03 8.0000E-04
7.1967E-03 8.0000E-04
7.1967E-03 8.0000E-04
7.1967E-03 8.0000E-04
7.1967E-03 8.0000E-04
7.1967E-03 8.0000E-04
7.1967E-03 8.0000E-04
7.1967E-03 8.0000E-04
7.1967E-03 8.0000E-04
7.1967E-03 8.0000E-04
7.1967E-03 8.0000E-04
7.1967E-03 8.0000E-04
7.1967E-03 8.0000E-04
7.1967E-03 8.0000E-04
7.1967E-03 8.0000E-04
7.1967E-03 8.0000E-04
7.1967E-03 8.0000E-04
7.1967E-03 8.0000E-04
7.1967E-03 8.0000E-04
7.1967E-03 8.0000E-04
7.1967E-03 8.0000E-04
7.1967E-03 8.0000E-04
3.5802E-03 8.0000E-04
7.0289E-03 8.0000E-04
7.1967E-03 8.0000E-04
7.1967E-03 8.0000E-04
7.1967E-03 8.0000E-04
7.1967E-03 8.0000E-04
7.1967E-03 8.0000E-04
7.1967E-03 8.0000E-04
7.1967E-03 8.0000E-04
7.1967E-03 8.0000E-04
7.1967E-03 8.0000E-04
7.1967E-03 8.0000E-04
7.1967E-03 8.0000E-04
6.4920E-03 8.0000E-04
7.1967E-03 8.0000E-04
6.4334E-03 8.0000E-04
7.1967E-03 8.0000E-04
7.1967E-03 8.0000E-04
7.1967E-03 8.0000E-04
7.1967E-03 8.0000E-04
7.1967E-03 8.0000E-04
7.1967E-03 8.0000E-04
7.1967E-03 8.0000E-04
7.1967E-03 8.0000E-04
7.1967E-03 8.0000E-04
7.1967E-03 8.0000E-04
7.1967E-03 8.0000E-04
7.1967E-03 8.0000E-04
6.6015E-03 8.0000E-04
7.1967E-03 8.0000E-04
3.8938E-03 8.0000E-04
7.1967E-03 8.0000E-04
7.1967E-03 8.0000E-04
7.1967E-03 8.0000E-04
7.1967E-03 8.0000E-04
7.1967E-03 8.0000E-04
7.1967E-03 8.0000E-04
7.1967E-03 8.0000E-04
7.1967E-03 8.0000E-04
7.1967E-03 8.0000E-04
7.1967E-03 8.0000E-04
7.1967E-03 8.0000E-04
7.1967E-03 8.0000E-04
6.2393E-03 8.0000E-04
7.1967E-03 8.0000E-04
4.2031E-03 8.0000E-04
4.1493E-03 8.0000E-04
3.7940E-03 8.0000E-04
7.1967E-03 8.0000E-04
7.1967E-03 8.0000E-04
7.1967E-03 8.0000E-04
7.1967E-03 8.0000E-04
7.1967E-03 8.0000E-04
7.1967E-03 8.0000E-04
4.6819E-03 8.0000E-04
7.1967E-03 8.0000E-04
5.5474E-03 8.0000E-04
2.3732E-03 8.0000E-04
1.8975E-03 8.0000E-04
6.6578E-03 8.0000E-04
7.1967E-03 8.0000E-04
6.2296E-03 8.0000E-04
7.1967E-03 8.0000E-04
7.1967E-03 8.0000E-04
7.1967E-03 8.0000E-04
7.1967E-03 8.0000E-04
7.1967E-03 8.0000E-04
6.5926E-03 8.0000E-04
7.1967E-03 8.0000E-04
5.0204E-03 8.0000E-04
3.5795E-03 8.0000E-04
2.8285E-03 8.0000E-04
7.1967E-03 8.0000E-04
7.1967E-03 8.0000E-04
7.1967E-03 8.0000E-04
7.1967E-03 8.0000E-04
6.9331E-03 8.0000E-04
3.6081E-03 8.0000E-04
3.5807E-03 8.0000E-04
4.8630E-03 8.0000E-04
1.8206E-03 8.0000E-04
3.2061E-03 8.0000E-04
4.9239E-03 8.0000E-04
7.1967E-03 8.0000E-04
3.3373E-03 8.0000E-04
7.1967E-03 8.0000E-04
2.9736E-03 8.0000E-04
3.7237E-03 8.0000E-04
7.1967E-03 8.0000E-04
3.8059E-03 8.0000E-04
4.0418E-03 8.0000E-04
6.7192E-03 8.0000E-04
7.1967E-03 8.0000E-04
3.4413E-03 8.0000E-04
6.4466E-03 8.0000E-04
2.7564E-03 8.0000E-04
2.5853E-03 8.0000E-04
3.7371E-03 8.0000E-04
7.1967E-03 8.0000E-04
4.7054E-03 8.0000E-04
7.1967E-03 8.0000E-04
2.1631E-03 8.0000E-04
2.1657E-03 8.0000E-04
4.0959E-03 8.0000E-04
5.4777E-03 8.0000E-04
1.4636E-03 8.0000E-04
1.9236E-03 8.0000E-04
2.5150E-03 8.0000E-04
7.1967E-03 8.0000E-04
2.0696E-03 8.0000E-04
4.2829E-03 8.0000E-04
2.9093E-03 8.0000E-04
6.1753E-03 8.0000E-04
5.6506E-03 8.0000E-04
3.6519E-03 8.0000E-04
1.7773E-03 8.0000E-04
3.5119E-03 8.0000E-04
3.7293E-03 8.0000E-04
4.8355E-03 8.0000E-04
5.0658E-03 8.0000E-04
5.6668E-03 8.0000E-04
2.5232E-03 8.0000E-04
6.4518E-03 8.0000E-04
3.4206E-03 8.0000E-04
4.3380E-03 8.0000E-04
1.8462E-03 8.0000E-04
2.4655E-03 8.0000E-04
3.5737E-03 8.0000E-04
5.2477E-03 8.0000E-04
5.0176E-03 8.0000E-04
3.0154E-03 8.0000E-04
4.8093E-03 8.0000E-04
2.6741E-03 8.0000E-04
3.7773E-03 8.0000E-04
2.8532E-03 8.0000E-04
3.1698E-03 8.0000E-04
1.7034E-03 8.0000E-04
2.8992E-03 8.0000E-04
5.6959E-03 8.0000E-04
3.5045E-03 8.0000E-04
1.3431E-03 8.0000E-04
3.8278E-03 8.0000E-04
2.8264E-03 8.0000E-04
2.8379E-03 8.0000E-04
2.9334E-03 8.0000E-04
3.6849E-03 8.0000E-04
2.2398E-03 8.0000E-04
6.8700E-03 8.0000E-04
1.4840E-03 8.0000E-04
1.7857E-03 8.0000E-04
5.5339E-03 8.0000E-04
7.1967E-03 8.0000E-04
1.8799E-03 8.0000E-04
1.5860E-03 8.0000E-04
3.3081E-03 8.0000E-04
4.2080E-03 8.0000E-04
4.8883E-03 8.0000E-04
1.6956E-03 8.0000E-04
4.5616E-03 8.0000E-04
4.3830E-03 8.0000E-04
3.9615E-03 8.0000E-04
4.0465E-03 8.0000E-04
3.1809E-03 8.0000E-04
4.6397E-03 8.0000E-04
4.4564E-03 8.0000E-04
2.2676E-03 8.0000E-04
2.6085E-03 8.0000E-04
4.2779E-03 8.0000E-04
5.0864E-03 8.0000E-04
3.7218E-03 8.0000E-04
4.8347E-03 8.0000E-04
4.5270E-03 8.0000E-04
2.0530E-03 8.0000E-04
7.1967E-03 8.0000E-04
1.8116E-03 8.0000E-04
3.7555E-03 8.0000E-04
7.1967E-03 8.0000E-04
5.9427E-03 8.0000E-04
1.5205E-03 8.0000E-04
3.9084E-03 8.0000E-04
2.8822E-03 8.0000E-04
2.2811E-03 8.0000E-04
6.2525E-03 8.0000E-04
4.7522E-03 8.0000E-04
3.0254E-03 8.0000E-04
7.1967E-03 8.0000E-04
4.5337E-03 8.0000E-04
7.1967E-03 8.0000E-04
2.5089E-03 8.0000E-04
3.0922E-03 8.0000E-04
4.1780E-03 8.0000E-04
7.1307E-03 8.0000E-04
4.6778E-03 8.0000E-04
2.7740E-03 8.0000E-04
5.5344E-03 8.0000E-04
2.8497E-03 8.0000E-04
5.8123E-03 8.0000E-04
1.9633E-03 8.0000E-04
4.7674E-03 8.0000E-04
3.0583E-03 8.0000E-04
5.1756E-03 8.0000E-04
2.7866E-03 8.0000E-04
2.2500E-03 8.0000E-04
2.9454E-03 8.0000E-04
3.6282E-03 8.0000E-04
3.8394E-03 8.0000E-04
3.2875E-03 8.0000E-04
1.5875E-03 8.0000E-04
1.5024E-03 8.0000E-04
2.4332E-03 8.0000E-04
3.3947E-03 8.0000E-04
1.6661E-03 8.0000E-04
1.1918E-03 8.0000E-04
3.2086E-03 8.0000E-04
2.1790E-03 8.0000E-04
1.8492E-03 8.0000E-04
2.6060E-03 8.0000E-04
2.0732E-03 8.0000E-04
2.4306E-03 8.0000E-04
3.4548E-03 8.0000E-04
1.6913E-03 8.0000E-04
1.3020E-03 8.0000E-04
3.9125E-03 8.0000E-04
3.7775E-03 8.0000E-04
2.3314E-03 8.0000E-04
2.9097E-03 8.0000E-04
3.4662E-03 8.0000E-04
4.1141E-03 8.0000E-04
3.6200E-03 8.0000E-04
1.5006E-03 8.0000E-04
3.8021E-03 8.0000E-04
4.0821E-03 8.0000E-04
3.3530E-03 8.0000E-04
5.0769E-03 8.0000E-04
3.4446E-03 8.0000E-04
2.6521E-03 8.0000E-04
7.1967E-03 8.0000E-04
3.4544E-03 8.0000E-04
1.4312E-03 8.0000E-04
4.5018E-03 8.0000E-04
4.5719E-03 8.0000E-04
2.8493E-03 8.0000E-04
3.6388E-03 8.0000E-04
2.5043E-03 8.0000E-04
4.6110E-03 8.0000E-04
4.9043E-03 8.0000E-04
2.9834E-03 8.0000E-04
8.9803E-04 8.0000E-04
1.5827E-03 8.0000E-04
2.6665E-03 8.0000E-04
1.6016E-03 8.0000E-04
3.4617E-03 8.0000E-04
2.4811E-03 8.0000E-04
3.2089E-03 8.0000E-04
2.9211E-03 8.0000E-04
2.4615E-03 8.0000E-04
1.7285E-03 8.0000E-04
2.8792E-03 8.0000E-04
1.9288E-03 8.0000E-04
2.9763E-03 8.0000E-04
6.6889E-03 8.0000E-04
6.3713E-03 8.0000E-04
1.9036E-03 8.0000E-04
3.9382E-03 8.0000E-04
2.0508E-03 8.0000E-04
4.6620E-03 8.0000E-04
7.1967E-03 8.0000E-04
5.1875E-03 8.0000E-04
7.1967E-03 8.0000E-04
7.1967E-03 8.0000E-04
7.1967E-03 8.0000E-04
4.7115E-03 8.0000E-04
7.1967E-03 8.0000E-04
1.5498E-03 8.0000E-04
3.9506E-03 8.0000E-04
2.7239E-03 8.0000E-04
3.3157E-03 8.0000E-04
4.8317E-03 8.0000E-04
2.8726E-03 8.0000E-04
2.5026E-03 8.0000E-04
4.0870E-03 8.0000E-04
2.2225E-03 8.0000E-04
1.4091E-03 8.0000E-04
5.5544E-03 8.0000E-04
3.6013E-03 8.0000E-04
2.3504E-03 8.0000E-04
1.9706E-03 8.0000E-04
7.1967E-03 8.0000E-04
1.9326E-03 8.0000E-04
4.6311E-03 8.0000E-04
5.5419E-03 8.0000E-04
3.6359E-03 8.0000E-04
7.1967E-03 8.0000E-04
6.7530E-03 8.0000E-04
2.1432E-03 8.0000E-04
4.1971E-03 8.0000E-04
3.1159E-03 8.0000E-04
7.1967E-03 8.0000E-04
3.0289E-03 8.0000E-04
6.0449E-03 8.0000E-04
2.7274E-03 8.0000E-04
5.3934E-03 8.0000E-04
4.3722E-03 8.0000E-04
1.6042E-03 8.0000E-04
7.1967E-03 8.0000E-04
3.0203E-03 8.0000E-04
5.6418E-03 8.0000E-04
6.2501E-03 8.0000E-04
1.5485E-03 8.0000E-04
3.8836E-03 8.0000E-04
5.4721E-03 8.0000E-04
1.3016E-03 8.0000E-04
5.9058E-03 8.0000E-04
1.4669E-03 8.0000E-04
3.2858E-03 8.0000E-04
5.4301E-03 8.0000E-04
3.1570E-03 8.0000E-04
9.5858E-04 8.0000E-04
4.1483E-03 8.0000E-04
2.7509E-03 8.0000E-04
6.8079E-04 8.0000E-04
2.6004E-03 8.0000E-04
1.7069E-03 8.0000E-04
6.9007E-03 8.0000E-04
2.0668E-03 8.0000E-04
7.4212E-04 8.0000E-04
2.1233E-03 8.0000E-04
5.3231E-03 8.0000E-04
9.4653E-04 8.0000E-04
2.9283E-03 8.0000E-04
2.1607E-03 8.0000E-04
7.1967E-03 8.0000E-04
2.1906E-03 8.0000E-04
2.1794E-03 8.0000E-04
3.5879E-03 8.0000E-04
7.1097E-03 8.0000E-04
1.8695E-03 8.0000E-04
1.9434E-03 8.0000E-04
3.3683E-03 8.0000E-04
4.5108E-03 8.0000E-04
7.1967E-03 8.0000E-04
1.7387E-03 8.0000E-04
5.1860E-03 8.0000E-04
1.5135E-03 8.0000E-04
2.8054E-03 8.0000E-04
4.1218E-03 8.0000E-04
2.9702E-03 8.0000E-04
1.3398E-03 8.0000E-04
4.1668E-03 8.0000E-04
1.6685E-03 8.0000E-04
2.0379E-03 8.0000E-04
2.8295E-03 8.0000E-04
4.4188E-03 8.0000E-04
1.2963E-03 8.0000E-04
2.8850E-03 8.0000E-04
1.5981E-03 8.0000E-04
2.0634E-03 8.0000E-04
4.6666E-03 8.0000E-04
2.6795E-03 8.0000E-04
1.1401E-03 8.0000E-04
5.5525E-03 8.0000E-04
2.3636E-03 8.0000E-04
2.5476E-03 8.0000E-04
4.2457E-03 8.0000E-04
3.1710E-03 8.0000E-04
2.7331E-03 8.0000E-04
4.9268E-03 8.0000E-04
2.6263E-03 8.0000E-04
1.6170E-03 8.0000E-04
2.6859E-03 8.0000E-04
7.1967E-03 8.0000E-04
2.5950E-03 8.0000E-04
1.9655E-03 8.0000E-04
3.7708E-03 8.0000E-04
7.0059E-03 8.0000E-04
6.5717E-03 8.0000E-04
1.5275E-03 8.0000E-04
3.5073E-03 8.0000E-04
3.1754E-03 8.0000E-04
5.3724E-03 8.0000E-04
7.1967E-03 8.0000E-04
5.6077E-03 8.0000E-04
5.7503E-03 8.0000E-04
3.4224E-03 8.0000E-04
7.1967E-03 8.0000E-04
2.8241E-03 8.0000E-04
6.1608E-03 8.0000E-04
3.6026E-03 8.0000E-04
4.0708E-03 8.0000E-04
4.0365E-03 8.0000E-04
2.5757E-03 8.0000E-04
2.8693E-03 8.0000E-04
3.0626E-03 8.0000E-04
2.7625E-03 8.0000E-04
7.1967E-03 8.0000E-04
3.8930E-03 8.0000E-04
8.3429E-04 8.0000E-04
2.2233E-03 8.0000E-04
5.6009E-03 8.0000E-04
1.8434E-03 8.0000E-04
8.3291E-04 8.0000E-04
1.9563E-03 8.0000E-04
3.2822E-03 8.0000E-04
6.8737E-04 8.0000E-04
1.2136E-03 8.0000E-04
1.4036E-03 8.0000E-04
3.2974E-03 8.0000E-04
3.3915E-03 8.0000E-04
9.0944E-04 8.0000E-04
1.9566E-03 8.0000E-04
2.2189E-03 8.0000E-04
1.6671E-03 8.0000E-04
5.2566E-03 8.0000E-04
1.4967E-03 8.0000E-04
1.1817E-03 8.0000E-04
4.1352E-03 8.0000E-04
3.4671E-03 8.0000E-04
8.6978E-04 8.0000E-04
3.9669E-03 8.0000E-04
2.0843E-03 8.0000E-04
3.8168E-03 8.0000E-04
7.1967E-03 8.0000E-04
1.9711E-03 8.0000E-04
2.8174E-03 8.0000E-04
1.8655E-03 8.0000E-04
2.0234E-03 8.0000E-04
2.9559E-03 8.0000E-04
3.8288E-03 8.0000E-04
2.2987E-03 8.0000E-04
2.3398E-03 8.0000E-04
2.1689E-03 8.0000E-04
2.3489E-03 8.0000E-04
2.4030E-03 8.0000E-04
4.2554E-03 8.0000E-04
2.6253E-03 8.0000E-04
5.1676E-04 8.0000E-04
1.7319E-03 8.0000E-04
2.9504E-03 8.0000E-04
1.2980E-03 8.0000E-04
1.0708E-03 8.0000E-04
1.3107E-03 8.0000E-04
2.6792E-03 8.0000E-04
1.6715E-03 8.0000E-04
8.7172E-04 8.0000E-04
1.6464E-03 8.0000E-04
2.4441E-03 8.0000E-04
1.8891E-03 8.0000E-04
2.8258E-03 8.0000E-04
2.2806E-03 8.0000E-04
3.2705E-03 8.0000E-04
4.3749E-03 8.0000E-04
3.4597E-03 8.0000E-04
1.2890E-03 8.0000E-04
4.1313E-03 8.0000E-04
1.9708E-03 8.0000E-04
4.9906E-03 8.0000E-04
2.5441E-03 8.0000E-04
3.0202E-03 8.0000E-04
4.0831E-03 8.0000E-04
6.4859E-03 8.0000E-04
1.3141E-03 8.0000E-04
5.9915E-03 8.0000E-04
2.1742E-03 8.0000E-04
1.2871E-03 8.0000E-04
3.3211E-03 8.0000E-04
3.6650E-03 8.0000E-04
1.7511E-03 8.0000E-04
2.0331E-03 8.0000E-04
1.9400E-03 8.0000E-04
2.7908E-03 8.0000E-04
1.8348E-03 8.0000E-04
2.9335E-03 8.0000E-04
1.5975E-03 8.0000E-04
2.6169E-03 8.0000E-04
1.5411E-03 8.0000E-04
1.5120E-03 8.0000E-04
1.8393E-03 8.0000E-04
2.5692E-03 8.0000E-04
6.4933E-04 8.0000E-04
8.4794E-04 8.0000E-04
1.5186E-03 8.0000E-04
3.4757E-03 8.0000E-04
8.4653E-04 8.0000E-04
8.8294E-04 8.0000E-04
1.6793E-03 8.0000E-04
3.1674E-03 8.0000E-04
4.8620E-03 8.0000E-04
1.2842E-03 8.0000E-04
2.9973E-03 8.0000E-04
2.9217E-03 8.0000E-04
3.2918E-03 8.0000E-04
5.9356E-03 8.0000E-04
2.4901E-03 8.0000E-04
8.0451E-04 8.0000E-04
3.1386E-03 8.0000E-04
1.9787E-03 8.0000E-04
3.1507E-03 8.0000E-04
3.0637E-03 8.0000E-04
1.5303E-03 8.0000E-04
1.3679E-03 8.0000E-04
2.6347E-03 8.0000E-04
1.2185E-03 8.0000E-04
1.2816E-03 8.0000E-04
1.7659E-03 8.0000E-04
2.5868E-03 8.0000E-04
1.2150E-03 8.0000E-04
1.4758E-03 8.0000E-04
1.5226E-03 8.0000E-04
3.7099E-03 8.0000E-04
9.8203E-04 8.0000E-04
1.6226E-03 8.0000E-04
1.1133E-03 8.0000E-04
3.1210E-03 8.0000E-04
1.9328E-03 8.0000E-04
3.1483E-03 8.0000E-04
1.3768E-03 8.0000E-04
2.7587E-03 8.0000E-04
2.7348E-03 8.0000E-04
1.9838E-03 8.0000E-04
1.1865E-03 8.0000E-04
1.9037E-03 8.0000E-04
2.9759E-03 8.0000E-04
6.8643E-04 8.0000E-04
5.0222E-03 8.0000E-04
1.2200E-03 8.0000E-04
1.9671E-03 8.0000E-04
4.6098E-03 8.0000E-04
1.6728E-03 8.0000E-04
3.3492E-03 8.0000E-04
3.8616E-03 8.0000E-04
1.2814E-03 8.0000E-04
2.0713E-03 8.0000E-04
3.4124E-03 8.0000E-04
4.1039E-03 8.0000E-04
3.4458E-03 8.0000E-04
1.5124E-03 8.0000E-04
6.6742E-03 8.0000E-04
2.2431E-03 8.0000E-04
1.4467E-03 8.0000E-04
4.2166E-03 8.0000E-04
4.7048E-03 8.0000E-04
1.2942E-03 8.0000E-04
1.7995E-03 8.0000E-04
2.9121E-03 8.0000E-04
3.4080E-03 8.0000E-04
3.1770E-03 8.0000E-04
1.3040E-03 8.0000E-04
6.8390E-03 8.0000E-04
3.0812E-03 8.0000E-04
1.2000E-03 8.0000E-04
4.5360E-03 8.0000E-04
6.1923E-03 8.0000E-04
2.4770E-03 8.0000E-04
1.8831E-03 8.0000E-04
3.8107E-03 8.0000E-04
2.0862E-03 8.0000E-04
3.1033E-03 8.0000E-04
1.5078E-03 8.0000E-04
2.4712E-03 8.0000E-04
2.2894E-03 8.0000E-04
3.7773E-03 8.0000E-04
8.5672E-04 8.0000E-04
2.0852E-03 8.0000E-04
1.5955E-03 8.0000E-04
3.3879E-03 8.0000E-04
2.7064E-03 8.0000E-04
1.0575E-03 8.0000E-04
1.0562E-03 8.0000E-04
2.0825E-03 8.0000E-04
1.8523E-03 8.0000E-04
4.7142E-04 8.0000E-04
1.3520E-03 8.0000E-04
1.5781E-03 8.0000E-04
1.5768E-03 8.0000E-04
1.8565E-03 8.0000E-04
2.6902E-03 8.0000E-04
7.0637E-04 8.0000E-04
1.2053E-03 8.0000E-04
1.4544E-03 8.0000E-04
2.6701E-03 8.0000E-04
1.9224E-03 8.0000E-04
1.1116E-03 8.0000E-04
1.0437E-03 8.0000E-04
1.8099E-03 8.0000E-04
9.5616E-04 8.0000E-04
1.2136E-03 8.0000E-04
1.8572E-03 8.0000E-04
2.0613E-03 8.0000E-04
1.1986E-03 8.0000E-04
1.7680E-03 8.0000E-04
1.6239E-03 8.0000E-04
1.3032E-03 8.0000E-04
2.1536E-03 8.0000E-04
1.4321E-03 8.0000E-04
9.8936E-04 8.0000E-04
2.1983E-03 8.0000E-04
2.0797E-03 8.0000E-04
6.8319E-04 8.0000E-04
3.0220E-03 8.0000E-04
1.0799E-03 8.0000E-04
1.1347E-03 8.0000E-04
3.5511E-03 8.0000E-04
2.0539E-03 8.0000E-04
1.1300E-03 8.0000E-04
1.7766E-03 8.0000E-04
1.4839E-03 8.0000E-04
1.7847E-03 8.0000E-04
2.9853E-03 8.0000E-04
1.3045E-03 8.0000E-04
3.4793E-04 8.0000E-04
1.7786E-03 8.0000E-04
2.1463E-03 8.0000E-04
6.6459E-04 8.0000E-04
7.2529E-04 8.0000E-04
1.3766E-03 8.0000E-04
1.6959E-03 8.0000E-04
9.2822E-04 8.0000E-04
4.2729E-04 8.0000E-04
1.1303E-03 8.0000E-04
1.1845E-03 8.0000E-04
1.7390E-03 8.0000E-04
5.2143E-04 8.0000E-04
8.2191E-04 8.0000E-04
1.2187E-03 8.0000E-04
1.4838E-03 8.0000E-04
1.1839E-03 8.0000E-04
1.7521E-03 8.0000E-04
1.4627E-03 8.0000E-04
1.1196E-03 8.0000E-04
2.7321E-03 8.0000E-04
1.0424E-03 8.0000E-04
5.6120E-04 8.0000E-04
3.5483E-03 8.0000E-04
3.0976E-03 8.0000E-04
2.0780E-04 8.0000E-04
2.0061E-03 8.0000E-04
1.6979E-03 8.0000E-04
5.7619E-03 8.0000E-04
1.7439E-03 8.0000E-04
7.8950E-04 8.0000E-04
1.2342E-03 8.0000E-04
3.9211E-03 8.0000E-04
2.2854E-03 8.0000E-04
6.8075E-04 8.0000E-04
2.1007E-03 8.0000E-04
1.3521E-03 8.0000E-04
1.8307E-03 8.0000E-04
2.0495E-03 8.0000E-04
5.0289E-04 8.0000E-04
1.0301E-03 8.0000E-04
1.4292E-03 8.0000E-04
9.2755E-04 8.0000E-04
8.3893E-04 8.0000E-04
2.7318E-03 8.0000E-04
1.1128E-03 8.0000E-04
1.0868E-03 8.0000E-04
7.1547E-04 8.0000E-04
6.9993E-04 8.0000E-04
1.5417E-03 8.0000E-04
1.6292E-03 8.0000E-04
4.4985E-04 8.0000E-04
1.6659E-03 8.0000E-04
1.3166E-03 8.0000E-04
1.2247E-03 8.0000E-04
1.6583E-03 8.0000E-04
1.2757E-03 8.0000E-04
1.1498E-03 8.0000E-04
2.4540E-03 8.0000E-04
1.1285E-03 8.0000E-04
1.6047E-03 8.0000E-04
1.5035E-03 8.0000E-04
2.6141E-03 8.0000E-04
6.2646E-04 8.0000E-04
1.2215E-03 8.0000E-04
9.7636E-04 8.0000E-04
3.4514E-03 8.0000E-04
7.3791E-04 8.0000E-04
1.1007E-03 8.0000E-04
9.1340E-04 8.0000E-04
2.0939E-03 8.0000E-04
9.0215E-04 8.0000E-04
1.5842E-03 8.0000E-04
9.3275E-04 8.0000E-04
2.2591E-03 8.0000E-04
1.0560E-03 8.0000E-04
1.3789E-03 8.0000E-04
6.8612E-04 8.0000E-04
1.3447E-03 8.0000E-04
1.6543E-03 8.0000E-04
6.4401E-04 8.0000E-04
7.7859E-04 8.0000E-04
1.2430E-03 8.0000E-04
2.3501E-03 8.0000E-04
6.3826E-04 8.0000E-04
1.4649E-03 8.0000E-04
9.3130E-04 8.0000E-04
1.4888E-03 8.0000E-04
3.2528E-03 8.0000E-04
6.0566E-04 8.0000E-04
4.1670E-04 8.0000E-04
1.5113E-03 8.0000E-04
1.9117E-03 8.0000E-04
4.3361E-04 8.0000E-04
1.8792E-03 8.0000E-04
8.3453E-04 8.0000E-04
3.8976E-03 8.0000E-04
1.1696E-03 8.0000E-04
6.7819E-04 8.0000E-04
2.3700E-03 8.0000E-04
1.2528E-03 8.0000E-04
2.7147E-03 8.0000E-04
2.0355E-03 8.0000E-04
1.8185E-03 8.0000E-04
9.5774E-04 8.0000E-04
4.4890E-03 8.0000E-04
8.8574E-04 8.0000E-04
2.0312E-03 8.0000E-04
3.3154E-03 8.0000E-04
4.5765E-03 8.0000E-04
1.0507E-03 8.0000E-04
3.2598E-03 8.0000E-04
1.0872E-03 8.0000E-04
2.4081E-03 8.0000E-04
2.8010E-03 8.0000E-04
1.7280E-03 8.0000E-04
1.8182E-03 8.0000E-04
2.7548E-03 8.0000E-04
1.8108E-03 8.0000E-04
2.0918E-03 8.0000E-04
2.3878E-03 8.0000E-04
3.3747E-03 8.0000E-04
5.9718E-04 8.0000E-04
1.8509E-03 8.0000E-04
2.8198E-03 8.0000E-04
5.1551E-03 8.0000E-04
1.4141E-03 8.0000E-04
3.7804E-03 8.0000E-04
1.4921E-03 8.0000E-04
2.4102E-03 8.0000E-04
2.2857E-03 8.0000E-04
3.5098E-03 8.0000E-04
9.7442E-04 8.0000E-04
3.6305E-03 8.0000E-04
2.0432E-03 8.0000E-04
9.6492E-04 8.0000E-04
2.6342E-03 8.0000E-04
1.4042E-03 8.0000E-04
2.8622E-03 8.0000E-04
6.0331E-04 8.0000E-04
5.1894E-04 8.0000E-04
1.1229E-03 8.0000E-04
2.0207E-03 8.0000E-04
3.6672E-04 8.0000E-04
4.5972E-04 8.0000E-04
7.4643E-04 8.0000E-04
1.1656E-03 8.0000E-04
2.0274E-03 8.0000E-04
3.8380E-04 8.0000E-04
4.1266E-04 8.0000E-04
6.4515E-04 8.0000E-04
1.7106E-03 8.0000E-04
9.8522E-04 8.0000E-04
8.6731E-04 8.0000E-04
1.2088E-03 8.0000E-04
2.1612E-03 8.0000E-04
7.2674E-04 8.0000E-04
7.9432E-04 8.0000E-04
9.3299E-04 8.0000E-04
2.1085E-03 8.0000E-04
1.4757E-03 8.0000E-04
1.0681E-03 8.0000E-04
1.3201E-03 8.0000E-04
2.1404E-03 8.0000E-04
5.6709E-04 8.0000E-04
6.7457E-04 8.0000E-04
8.5127E-04 8.0000E-04
1.8240E-03 8.0000E-04
3.2294E-03 8.0000E-04
6.3236E-04 8.0000E-04
3.0699E-04 8.0000E-04
6.8194E-04 8.0000E-04
2.0057E-03 8.0000E-04
7.2824E-04 8.0000E-04
1.0773E-03 8.0000E-04
1.2093E-03 8.0000E-04
2.1340E-03 8.0000E-04
7.8808E-04 8.0000E-04
7.2233E-04 8.0000E-04
8.5919E-04 8.0000E-04
1.5729E-03 8.0000E-04
6.8687E-04 8.0000E-04
1.1793E-03 8.0000E-04
1.0044E-03 8.0000E-04
2.5525E-03 8.0000E-04
8.1572E-04 8.0000E-04
3.2160E-04 8.0000E-04
8.4685E-04 8.0000E-04
1.4006E-03 8.0000E-04
1.7122E-03 8.0000E-04
9.8111E-04 8.0000E-04
1.4278E-03 8.0000E-04
1.0843E-03 8.0000E-04
1.0501E-03 8.0000E-04
1.9046E-03 8.0000E-04
5.5982E-04 8.0000E-04
3.6823E-04 8.0000E-04
1.4938E-03 8.0000E-04
2.1422E-03 8.0000E-04
4.0462E-04 8.0000E-04
6.2212E-04 8.0000E-04
9.1893E-04 8.0000E-04
1.9312E-03 8.0000E-04
1.7827E-03 8.0000E-04
3.3184E-04 8.0000E-04
4.3044E-04 8.0000E-04
6.0722E-04 8.0000E-04
1.8345E-03 8.0000E-04
7.4599E-04 8.0000E-04
4.8714E-04 8.0000E-04
1.0340E-03 8.0000E-04
1.6355E-03 8.0000E-04
2.3672E-04 8.0000E-04
5.7827E-04 8.0000E-04
5.4319E-04 8.0000E-04
1.6301E-03 8.0000E-04
1.3232E-03 8.0000E-04
6.2585E-04 8.0000E-04
1.0007E-03 8.0000E-04
6.7918E-04 8.0000E-04
1.2952E-03 8.0000E-04
1.0233E-03 8.0000E-04
6.6199E-04 8.0000E-04
7.4820E-04 8.0000E-04
1.1662E-03 8.0000E-04
9.8448E-04 8.0000E-04
6.1997E-04 8.0000E-04
8.8236E-04 8.0000E-04
2.0774E-03 8.0000E-04
3.8831E-04 8.0000E-04
3.5095E-04 8.0000E-04
7.4326E-04 8.0000E-04
1.8652E-03 8.0000E-04
1.8389E-03 8.0000E-04
1.1443E-03 8.0000E-04
1.7044E-03 8.0000E-04
1.5710E-03 8.0000E-04
7.9606E-04 8.0000E-04
2.5180E-03 8.0000E-04
6.6990E-04 8.0000E-04
3.8335E-04 8.0000E-04
3.0984E-03 8.0000E-04
1.5593E-03 8.0000E-04
3.3270E-04 8.0000E-04
2.4926E-03 8.0000E-04
9.5112E-04 8.0000E-04
1.8699E-03 8.0000E-04
2.0153E-03 8.0000E-04
1.1027E-03 8.0000E-04
6.9924E-04 8.0000E-04
2.0021E-03 8.0000E-04
1.2088E-03 8.0000E-04
8.4063E-04 8.0000E-04
1.3989E-03 8.0000E-04
9.5774E-04 8.0000E-04
4.3946E-04 8.0000E-04
1.4967E-03 8.0000E-04
1.5188E-03 8.0000E-04
3.1097E-04 8.0000E-04
1.8393E-03 8.0000E-04
1.0126E-03 8.0000E-04
6.7808E-04 8.0000E-04
8.9654E-04 8.0000E-04
1.0947E-03 8.0000E-04
1.7200E-03 8.0000E-04
1.5471E-03 8.0000E-04
3.4905E-04 8.0000E-04
6.9126E-04 8.0000E-04
2.0349E-03 8.0000E-04
9.8295E-04 8.0000E-04
9.2144E-04 8.0000E-04
1.7448E-03 8.0000E-04
1.5350E-03 8.0000E-04
1.8195E-03 8.0000E-04
1.9362E-03 8.0000E-04
1.5829E-03 8.0000E-04
3.8124E-03 8.0000E-04
1.5084E-03 8.0000E-04
1.6456E-03 8.0000E-04
2.5178E-03 8.0000E-04
6.0971E-03 8.0000E-04
2.4472E-03 8.0000E-04
5.5561E-03 8.0000E-04
6.2724E-04 8.0000E-04
2.9150E-03 8.0000E-04
4.5937E-03 8.0000E-04
7.1967E-03 8.0000E-04
6.1279E-03 8.0000E-04
2.2543E-03 8.0000E-04
2.4752E-03 8.0000E-04
3.5983E-03 8.0000E-04
1.3022E-03 8.0000E-04
3.5690E-03 8.0000E-04
1.6094E-03 8.0000E-04
8.6822E-04 8.0000E-04
2.6592E-03 8.0000E-04
2.3974E-03 8.0000E-04
4.5767E-04 8.0000E-04
1.4745E-03 8.0000E-04
2.5086E-03 8.0000E-04
1.5568E-03 8.0000E-04
2.6505E-03 8.0000E-04
9.1666E-04 8.0000E-04
5.6651E-04 8.0000E-04
1.1807E-03 8.0000E-04
1.6206E-03 8.0000E-04
4.3655E-04 8.0000E-04
6.2937E-04 8.0000E-04
7.8325E-04 8.0000E-04
1.2295E-03 8.0000E-04
1.3286E-03 8.0000E-04
9.3426E-04 8.0000E-04
6.6574E-04 8.0000E-04
9.0658E-04 8.0000E-04
1.4709E-03 8.0000E-04
3.9689E-04 8.0000E-04
4.7756E-04 8.0000E-04
7.7339E-04 8.0000E-04
1.2654E-03 8.0000E-04
2.1962E-03 8.0000E-04
3.7150E-04 8.0000E-04
4.4865E-04 8.0000E-04
7.8392E-04 8.0000E-04
1.2139E-03 8.0000E-04
1.6693E-03 8.0000E-04
6.1406E-04 8.0000E-04
6.3624E-04 8.0000E-04
9.7500E-04 8.0000E-04
2.0715E-03 8.0000E-04
5.2668E-04 8.0000E-04
4.9042E-04 8.0000E-04
8.5229E-04 8.0000E-04
1.5744E-03 8.0000E-04
7.6731E-04 8.0000E-04
8.7738E-04 8.0000E-04
8.1577E-04 8.0000E-04
2.2159E-03 8.0000E-04
3.0030E-04 8.0000E-04
1.7979E-04 8.0000E-04
4.7222E-04 8.0000E-04
1.3219E-03 8.0000E-04
1.5386E-03 8.0000E-04
4.8055E-04 8.0000E-04
1.1576E-03 8.0000E-04
5.8016E-04 8.0000E-04
1.6454E-03 8.0000E-04
1.3670E-03 8.0000E-04
3.6481E-04 8.0000E-04
3.5083E-04 8.0000E-04
1.2437E-03 8.0000E-04
1.0734E-03 8.0000E-04
9.9524E-04 8.0000E-04
1.3326E-03 8.0000E-04
1.0457E-03 8.0000E-04
8.8012E-04 8.0000E-04
1.1557E-03 8.0000E-04
6.9802E-04 8.0000E-04
5.0376E-04 8.0000E-04
1.5100E-03 8.0000E-04
1.5053E-03 8.0000E-04
7.0627E-04 8.0000E-04
2.1818E-03 8.0000E-04
1.7129E-03 8.0000E-04
4.9791E-04 8.0000E-04
1.3725E-03 8.0000E-04
1.2047E-03 8.0000E-04
2.8164E-03 8.0000E-04
1.7692E-03 8.0000E-04
8.0757E-04 8.0000E-04
2.3519E-03 8.0000E-04
2.4454E-03 8.0000E-04
1.6625E-03 8.0000E-04
1.2508E-03 8.0000E-04
2.5689E-03 8.0000E-04
8.1384E-04 8.0000E-04
2.3392E-03 8.0000E-04
2.3843E-03 8.0000E-04
6.6997E-04 8.0000E-04
2.5914E-03 8.0000E-04
1.7174E-03 8.0000E-04
4.4089E-03 8.0000E-04
5.0167E-04 8.0000E-04
7.8973E-04 8.0000E-04
1.5863E-03 8.0000E-04
4.7543E-03 8.0000E-04
5.3700E-04 8.0000E-04
9.9066E-04 8.0000E-04
1.6726E-03 8.0000E-04
2.8221E-03 8.0000E-04
2.1325E-03 8.0000E-04
5.7281E-04 8.0000E-04
9.3968E-04 8.0000E-04
4.1835E-03 8.0000E-04
2.0317E-03 8.0000E-04
3.1114E-03 8.0000E-04
1.3693E-03 8.0000E-04
2.0103E-03 8.0000E-04
3.1832E-03 8.0000E-04
2.1072E-03 8.0000E-04
2.4457E-03 8.0000E-04
1.0521E-03 8.0000E-04
2.0242E-03 8.0000E-04
2.2534E-03 8.0000E-04
2.0403E-03 8.0000E-04
2.3083E-03 8.0000E-04
1.3550E-03 8.0000E-04
3.9343E-03 8.0000E-04
2.3800E-03 8.0000E-04
1.4651E-03 8.0000E-04
1.0102E-03 8.0000E-04
1.6372E-03 8.0000E-04
1.5385E-03 8.0000E-04
1.4882E-03 8.0000E-04
6.2398E-04 8.0000E-04
6.5625E-04 8.0000E-04
9.0891E-04 8.0000E-04
1.2338E-03 8.0000E-04
6.6877E-04 8.0000E-04
8.9814E-04 8.0000E-04
8.5092E-04 8.0000E-04
1.2238E-03 8.0000E-04
8.0527E-04 8.0000E-04
6.0115E-04 8.0000E-04
7.9158E-04 8.0000E-04
1.4451E-03 8.0000E-04
4.8747E-04 8.0000E-04
6.3421E-04 8.0000E-04
1.4925E-03 8.0000E-04
1.5502E-03 8.0000E-04
7.5926E-04 8.0000E-04
7.1597E-04 8.0000E-04
5.8829E-04 8.0000E-04
1.7724E-03 8.0000E-04
9.1005E-04 8.0000E-04
9.6414E-04 8.0000E-04
1.2174E-03 8.0000E-04
2.0912E-03 8.0000E-04
6.1699E-04 8.0000E-04
5.1092E-04 8.0000E-04
8.5102E-04 8.0000E-04
2.0688E-03 8.0000E-04
1.1369E-03 8.0000E-04
9.5167E-04 8.0000E-04
1.2762E-03 8.0000E-04
2.5925E-03 8.0000E-04
5.6672E-04 8.0000E-04
1.2955E-03 8.0000E-04
6.5645E-04 8.0000E-04
2.7589E-03 8.0000E-04
5.1728E-04 8.0000E-04
1.1115E-03 8.0000E-04
1.8501E-03 8.0000E-04
3.2759E-03 8.0000E-04
1.7643E-03 8.0000E-04
2.6694E-03 8.0000E-04
6.5151E-04 8.0000E-04
2.3178E-03 8.0000E-04
1.5433E-03 8.0000E-04
1.9853E-03 8.0000E-04
1.8499E-03 8.0000E-04
2.7460E-03 8.0000E-04
2.4494E-03 8.0000E-04
3.3042E-03 8.0000E-04
1.0729E-03 8.0000E-04
3.0699E-03 8.0000E-04
3.1309E-03 8.0000E-04
3.7591E-03 8.0000E-04
2.0559E-03 8.0000E-04
3.5983E-03 8.0000E-04
2.2059E-03 8.0000E-04
2.0287E-03 8.0000E-04
2.5094E-03 8.0000E-04
4.5173E-03 8.0000E-04
1.3582E-03 8.0000E-04
3.2410E-03 8.0000E-04
2.0122E-03 8.0000E-04
8.4929E-04 8.0000E-04
2.6537E-03 8.0000E-04
2.4311E-03 8.0000E-04
1.7460E-03 8.0000E-04
1.0569E-03 8.0000E-04
9.6399E-04 8.0000E-04
1.0781E-03 8.0000E-04
1.3380E-03 8.0000E-04
1.2693E-03 8.0000E-04
1.6344E-03 8.0000E-04
1.1689E-03 8.0000E-04
8.1183E-04 8.0000E-04
9.2913E-04 8.0000E-04
1.2110E-03 8.0000E-04
7.6544E-04 8.0000E-04
7.3906E-04 8.0000E-04
6.3061E-04 8.0000E-04
8.0731E-04 8.0000E-04
8.9049E-04 8.0000E-04
1.1833E-03 8.0000E-04
4.2287E-04 8.0000E-04
5.3710E-04 8.0000E-04
8.3500E-04 8.0000E-04
9.9189E-04 8.0000E-04
6.0410E-04 8.0000E-04
8.8623E-04 8.0000E-04
7.0397E-04 8.0000E-04
5.1476E-04 8.0000E-04
1.1759E-03 8.0000E-04
9.7312E-04 8.0000E-04
4.8045E-04 8.0000E-04
1.1488E-03 8.0000E-04
8.0451E-04 8.0000E-04
1.0419E-03 8.0000E-04
1.7110E-03 8.0000E-04
7.4649E-04 8.0000E-04
5.4107E-04 8.0000E-04
8.8928E-04 8.0000E-04
1.4263E-03 8.0000E-04
4.1406E-04 8.0000E-04
1.1043E-03 8.0000E-04
9.5932E-04 8.0000E-04
1.2889E-03 8.0000E-04
1.7754E-03 8.0000E-04
9.3161E-04 8.0000E-04
3.3848E-04 8.0000E-04
9.7416E-04 8.0000E-04
1.0365E-03 8.0000E-04
6.9197E-04 8.0000E-04
1.8630E-03 8.0000E-04
8.9304E-04 8.0000E-04
2.8772E-03 8.0000E-04
7.2927E-04 8.0000E-04
6.4644E-04 8.0000E-04
8.1668E-04 8.0000E-04
1.1620E-03 8.0000E-04
1.1139E-03 8.0000E-04
1.3001E-03 8.0000E-04
5.8154E-04 8.0000E-04
7.7604E-04 8.0000E-04
1.0175E-03 8.0000E-04
1.7376E-03 8.0000E-04
2.4423E-04 8.0000E-04
3.4087E-04 8.0000E-04
5.6317E-04 8.0000E-04
8.9353E-04 8.0000E-04
1.4785E-03 8.0000E-04
1.7391E-04 8.0000E-04
4.1583E-04 8.0000E-04
5.3194E-04 8.0000E-04
1.9773E-03 8.0000E-04
4.0152E-04 8.0000E-04
9.3499E-04 8.0000E-04
7.0691E-04 8.0000E-04
1.8020E-03 8.0000E-04
8.9695E-04 8.0000E-04
2.4882E-04 8.0000E-04
1.3894E-04 8.0000E-04
5.1183E-04 8.0000E-04
1.0040E-03 8.0000E-04
1.0574E-03 8.0000E-04
7.9685E-04 8.0000E-04
5.9026E-04 8.0000E-04
6.6521E-04 8.0000E-04
9.2942E-04 8.0000E-04
3.6875E-04 8.0000E-04
3.5680E-04 8.0000E-04
1.2596E-03 8.0000E-04
2.9234E-04 8.0000E-04
7.3387E-04 8.0000E-04
8.5920E-04 8.0000E-04
1.4621E-03 8.0000E-04
8.1693E-04 8.0000E-04
1.9152E-04 8.0000E-04
3.8472E-04 8.0000E-04
8.1432E-04 8.0000E-04
7.5172E-04 8.0000E-04
8.0341E-04 8.0000E-04
9.3916E-04 8.0000E-04
1.1980E-03 8.0000E-04
1.4854E-04 8.0000E-04
2.9934E-04 8.0000E-04
3.4876E-04 8.0000E-04
1.2186E-03 8.0000E-04
5.7546E-04 8.0000E-04
5.0546E-04 8.0000E-04
7.5027E-04 8.0000E-04
1.5833E-03 8.0000E-04
3.0116E-04 8.0000E-04
5.6323E-04 8.0000E-04
4.3985E-04 8.0000E-04
1.0858E-03 8.0000E-04
9.8199E-04 8.0000E-04
6.4143E-04 8.0000E-04
6.6790E-04 8.0000E-04
8.4524E-04 8.0000E-04
6.3111E-04 8.0000E-04
3.9230E-04 8.0000E-04
4.4358E-04 8.0000E-04
4.2656E-04 8.0000E-04
8.5866E-04 8.0000E-04
4.8423E-04 8.0000E-04
6.8174E-04 8.0000E-04
6.9213E-04 8.0000E-04
1.3313E-03 8.0000E-04
4.6023E-04 8.0000E-04
2.8803E-04 8.0000E-04
4.4336E-04 8.0000E-04
6.4277E-04 8.0000E-04
5.0147E-04 8.0000E-04
7.5954E-04 8.0000E-04
6.2563E-04 8.0000E-04
1.0672E-03 8.0000E-04
4.2346E-04 8.0000E-04
5.4184E-04 8.0000E-04
3.2223E-04 8.0000E-04
4.7537E-04 8.0000E-04
6.7291E-04 8.0000E-04
9.8018E-04 8.0000E-04
1.1562E-03 8.0000E-04
8.9602E-04 8.0000E-04
3.4783E-04 8.0000E-04
3.6286E-04 8.0000E-04
3.0103E-04 8.0000E-04
8.1595E-04 8.0000E-04
5.1059E-04 8.0000E-04
5.3023E-04 8.0000E-04
9.0711E-04 8.0000E-04
1.0225E-03 8.0000E-04
3.1987E-04 8.0000E-04
4.9057E-04 8.0000E-04
2.9380E-04 8.0000E-04
8.3365E-04 8.0000E-04
6.2195E-04 8.0000E-04
5.0366E-04 8.0000E-04
5.5219E-04 8.0000E-04
7.2276E-04 8.0000E-04
3.9388E-04 8.0000E-04
6.0605E-04 8.0000E-04
2.8354E-04 8.0000E-04
4.0994E-04 8.0000E-04
3.8192E-04 8.0000E-04
8.5911E-04 8.0000E-04
4.1069E-04 8.0000E-04
9.3253E-04 8.0000E-04
3.0413E-04 8.0000E-04
2.4287E-04 8.0000E-04
3.9892E-04 8.0000E-04
4.7371E-04 8.0000E-04
1.6758E-04 8.0000E-04
6.9227E-04 8.0000E-04
3.3820E-04 8.0000E-04
5.2492E-04 8.0000E-04
6.8428E-04 8.0000E-04
5.2461E-04 8.0000E-04
1.5681E-04 8.0000E-04
5.5778E-04 8.0000E-04
3.5016E-04 8.0000E-04
4.2197E-04 8.0000E-04
8.0583E-04 8.0000E-04
3.1131E-04 8.0000E-04
1.1210E-03 8.0000E-04
2.1057E-04 8.0000E-04
9.7073E-05 8.0000E-04
4.0140E-04 8.0000E-04
6.7687E-04 8.0000E-04
5.5326E-04 8.0000E-04
5.4410E-04 8.0000E-04
5.2194E-04 8.0000E-04
5.9405E-04 8.0000E-04
1.0219E-03 8.0000E-04
3.0601E-04 8.0000E-04
4.6003E-04 8.0000E-04
2.7747E-04 8.0000E-04
6.9169E-04 8.0000E-04
1.6067E-03 8.0000E-04
9.5586E-04 8.0000E-04
1.1060E-04 8.0000E-04
6.9621E-04 8.0000E-04
6.9062E-04 8.0000E-04
3.9955E-04 8.0000E-04
1.8022E-03 8.0000E-04
3.9996E-04 8.0000E-04
2.2094E-03 8.0000E-04
5.0360E-04 8.0000E-04
6.6127E-04 8.0000E-04
4.8540E-04 8.0000E-04
1.9782E-03 8.0000E-04
6.0061E-04 8.0000E-04
1.4369E-03 8.0000E-04
2.0574E-03 8.0000E-04
2.9739E-04 8.0000E-04
2.1786E-03 8.0000E-04
4.2512E-04 8.0000E-04
1.0866E-03 8.0000E-04
1.0100E-03 8.0000E-04
9.5146E-04 8.0000E-04
7.1374E-04 8.0000E-04
9.1673E-04 8.0000E-04
9.0552E-04 8.0000E-04
1.6901E-03 8.0000E-04
6.2271E-04 8.0000E-04
6.1096E-04 8.0000E-04
4.3613E-04 8.0000E-04
8.1065E-04 8.0000E-04
6.6245E-04 8.0000E-04
1.8138E-04 8.0000E-04
2.1923E-04 8.0000E-04
3.8422E-04 8.0000E-04
8.5263E-04 8.0000E-04
3.1051E-04 8.0000E-04
3.2138E-04 8.0000E-04
3.6421E-04 8.0000E-04
7.8603E-04 8.0000E-04
2.7914E-04 8.0000E-04
2.5555E-04 8.0000E-04
2.9344E-04 8.0000E-04
6.4250E-04 8.0000E-04
2.8539E-04 8.0000E-04
3.0851E-04 8.0000E-04
3.0416E-04 8.0000E-04
4.8557E-04 8.0000E-04
2.7147E-04 8.0000E-04
2.7121E-04 8.0000E-04
3.0589E-04 8.0000E-04
4.3854E-04 8.0000E-04
2.7279E-04 8.0000E-04
2.8966E-04 8.0000E-04
2.8948E-04 8.0000E-04
2.7853E-04 8.0000E-04
2.7996E-04 8.0000E-04
3.4050E-04 8.0000E-04
1.8365E-04 8.0000E-04
1.9673E-04 8.0000E-04
2.5796E-04 8.0000E-04
3.0077E-04 8.0000E-04
2.5444E-04 8.0000E-04
3.2475E-04 8.0000E-04
1.4381E-04 8.0000E-04
1.2649E-04 8.0000E-04
2.5674E-04 8.0000E-04
3.0069E-04 8.0000E-04
1.0546E-04 8.0000E-04
2.0595E-04 8.0000E-04
1.9279E-04 8.0000E-04
3.7380E-04 8.0000E-04
1.6610E-04 8.0000E-04
1.3461E-04 8.0000E-04
1.9742E-04 8.0000E-04
3.3551E-04 8.0000E-04
2.0082E-04 8.0000E-04
2.1440E-04 8.0000E-04
2.2767E-04 8.0000E-04
2.6465E-04 8.0000E-04
2.7141E-04 8.0000E-04
2.3239E-04 8.0000E-04
1.4469E-04 8.0000E-04
3.3568E-04 8.0000E-04
2.9205E-04 8.0000E-04
1.9775E-04 8.0000E-04
3.1611E-04 8.0000E-04
2.6324E-04 8.0000E-04
2.1417E-04 8.0000E-04
4.0088E-04 8.0000E-04
3.5467E-04 8.0000E-04
7.3827E-05 8.0000E-04
2.2235E-04 8.0000E-04
2.3702E-04 8.0000E-04
6.4388E-04 8.0000E-04
1.6537E-04 8.0000E-04
6.4792E-05 8.0000E-04
2.2688E-04 8.0000E-04
4.2125E-04 8.0000E-04
3.7862E-04 8.0000E-04
2.8917E-04 8.0000E-04
3.4774E-04 8.0000E-04
3.9416E-04 8.0000E-04
1.7298E-04 8.0000E-04
3.3760E-04 8.0000E-04
2.5403E-04 8.0000E-04
4.2461E-04 8.0000E-04
8.2905E-04 8.0000E-04
1.6352E-04 8.0000E-04
3.5849E-05 8.0000E-04
2.7055E-04 8.0000E-04
5.4604E-04 8.0000E-04
6.4401E-04 8.0000E-04
3.7027E-04 8.0000E-04
5.3178E-04 8.0000E-04
5.2855E-04 8.0000E-04
5.3041E-04 8.0000E-04
5.0825E-04 8.0000E-04
4.5554E-04 8.0000E-04
1.5941E-04 8.0000E-04
9.3577E-04 8.0000E-04
6.0017E-04 8.0000E-04
5.6518E-04 8.0000E-04
1.7176E-03 8.0000E-04
1.5254E-03 8.0000E-04
5.2491E-04 8.0000E-04
6.0938E-04 8.0000E-04
4.5315E-04 8.0000E-04
8.1078E-04 8.0000E-04
1.9098E-03 8.0000E-04
2.6778E-04 8.0000E-04
1.1827E-03 8.0000E-04
2.1507E-03 8.0000E-04
1.4802E-03 8.0000E-04
1.2580E-03 8.0000E-04
7.9971E-04 8.0000E-04
3.6160E-03 8.0000E-04
2.5280E-03 8.0000E-04
5.0632E-04 8.0000E-04
3.0548E-03 8.0000E-04
6.5364E-04 8.0000E-04
1.5837E-04 8.0000E-04
9.0024E-04 8.0000E-04
2.6508E-04 8.0000E-04
1.4723E-03 8.0000E-04
8.9817E-04 8.0000E-04
3.9388E-04 8.0000E-04
1.3118E-03 8.0000E-04
2.7431E-04 8.0000E-04
1.5095E-03 8.0000E-04
6.9641E-04 8.0000E-04
1.7108E-04 8.0000E-04
6.3850E-04 8.0000E-04
3.4907E-04 8.0000E-04
1.0654E-03 8.0000E-04
1.9540E-04 8.0000E-04
4.6158E-04 8.0000E-04
3.4352E-04 8.0000E-04
9.9308E-04 8.0000E-04
3.3398E-04 8.0000E-04
1.5409E-04 8.0000E-04
3.1560E-04 8.0000E-04
3.6427E-04 8.0000E-04
2.4877E-04 8.0000E-04
8.3137E-04 8.0000E-04
5.6957E-04 8.0000E-04
1.8182E-04 8.0000E-04
5.4390E-04 8.0000E-04
2.6376E-04 8.0000E-04
4.1943E-04 8.0000E-04
5.1477E-04 8.0000E-04
1.5467E-04 8.0000E-04
1.6574E-04 8.0000E-04
3.3954E-04 8.0000E-04
6.3772E-04 8.0000E-04
1.8227E-04 8.0000E-04
1.8245E-04 8.0000E-04
2.3521E-04 8.0000E-04
4.5176E-04 8.0000E-04
6.0006E-04 8.0000E-04
7.3102E-05 8.0000E-04
2.8024E-04 8.0000E-04
1.7510E-04 8.0000E-04
5.3392E-04 8.0000E-04
4.3881E-04 8.0000E-04
1.2654E-04 8.0000E-04
2.1755E-04 8.0000E-04
2.9554E-04 8.0000E-04
2.2962E-04 8.0000E-04
3.2803E-04 8.0000E-04
2.9612E-04 8.0000E-04
2.0577E-04 8.0000E-04
3.3495E-04 8.0000E-04
3.3820E-04 8.0000E-04
9.2951E-05 8.0000E-04
1.9318E-04 8.0000E-04
1.8380E-04 8.0000E-04
4.6307E-04 8.0000E-04
2.8929E-04 8.0000E-04
1.5390E-04 8.0000E-04
3.3062E-04 8.0000E-04
3.4403E-04 8.0000E-04
1.4007E-04 8.0000E-04
3.2975E-04 8.0000E-04
1.7036E-04 8.0000E-04
4.9241E-04 8.0000E-04
4.1546E-04 8.0000E-04
2.2695E-04 8.0000E-04
5.2931E-04 8.0000E-04
4.5236E-04 8.0000E-04
5.9046E-04 8.0000E-04
5.1413E-04 8.0000E-04
1.3268E-03 8.0000E-04
2.2633E-04 8.0000E-04
8.8217E-04 8.0000E-04
2.1659E-03 8.0000E-04
3.8331E-03 8.0000E-04
8.6834E-04 8.0000E-04
1.2985E-03 8.0000E-04
3.5983E-03 8.0000E-04
6.5596E-04 8.0000E-04
2.5465E-03 8.0000E-04
5.1545E-03 8.0000E-04
1.2273E-03 8.0000E-04
2.4546E-03 8.0000E-04
3.7224E-03 8.0000E-04
1.0160E-03 8.0000E-04
2.8104E-03 8.0000E-04
2.4489E-03 8.0000E-04
5.6709E-03 8.0000E-04
2.4975E-03 8.0000E-04
8.4602E-04 8.0000E-04
2.8524E-03 8.0000E-04
2.6743E-03 8.0000E-04
6.0526E-04 8.0000E-04
3.9216E-04 8.0000E-04
7.2274E-04 8.0000E-04
9.4384E-04 8.0000E-04
1.1892E-03 8.0000E-04
8.5646E-04 8.0000E-04
6.0546E-04 8.0000E-04
8.9478E-04 8.0000E-04
1.1916E-03 8.0000E-04
4.7187E-04 8.0000E-04
5.1038E-04 8.0000E-04
7.1220E-04 8.0000E-04
1.7608E-03 8.0000E-04
4.6883E-04 8.0000E-04
3.4345E-04 8.0000E-04
7.6993E-04 8.0000E-04
1.3599E-03 8.0000E-04
1.4094E-03 8.0000E-04
3.1065E-04 8.0000E-04
4.5813E-04 8.0000E-04
5.8557E-04 8.0000E-04
1.2497E-03 8.0000E-04
8.2898E-04 8.0000E-04
3.6619E-04 8.0000E-04
4.6474E-04 8.0000E-04
7.4758E-04 8.0000E-04
5.6818E-04 8.0000E-04
4.1568E-04 8.0000E-04
4.8591E-04 8.0000E-04
6.9118E-04 8.0000E-04
3.2079E-04 8.0000E-04
2.5140E-04 8.0000E-04
2.7680E-04 8.0000E-04
6.1550E-04 8.0000E-04
1.9772E-04 8.0000E-04
1.4479E-04 8.0000E-04
2.2465E-04 8.0000E-04
4.3535E-04 8.0000E-04
3.3651E-04 8.0000E-04
2.0103E-04 8.0000E-04
2.8324E-04 8.0000E-04
3.4737E-04 8.0000E-04
1.8209E-04 8.0000E-04
3.5642E-04 8.0000E-04
2.3648E-04 8.0000E-04
2.8694E-04 8.0000E-04
5.2166E-04 8.0000E-04
3.0338E-04 8.0000E-04
4.3876E-05 8.0000E-04
2.4235E-04 8.0000E-04
4.0820E-04 8.0000E-04
7.3760E-05 8.0000E-04
2.3011E-04 8.0000E-04
2.5653E-04 8.0000E-04
4.6045E-04 8.0000E-04
4.4201E-04 8.0000E-04
6.1555E-05 8.0000E-04
1.5993E-04 8.0000E-04
2.8349E-04 8.0000E-04
1.5677E-04 8.0000E-04
4.7887E-04 8.0000E-04
1.9968E-04 8.0000E-04
3.1919E-04 8.0000E-04
5.2656E-04 8.0000E-04
1.0396E-04 8.0000E-04
6.0148E-05 8.0000E-04
1.2238E-04 8.0000E-04
3.1243E-04 8.0000E-04
1.2687E-04 8.0000E-04
1.6623E-04 8.0000E-04
1.9205E-04 8.0000E-04
2.6273E-04 8.0000E-04
3.1156E-04 8.0000E-04
1.5272E-04 8.0000E-04
7.0833E-05 8.0000E-04
1.3245E-04 8.0000E-04
2.9914E-04 8.0000E-04
1.2865E-04 8.0000E-04
1.2407E-04 8.0000E-04
1.8995E-04 8.0000E-04
2.5504E-04 8.0000E-04
4.1869E-04 8.0000E-04
5.0176E-05 8.0000E-04
7.3104E-05 8.0000E-04
1.1989E-04 8.0000E-04
4.3946E-04 8.0000E-04
1.0865E-04 8.0000E-04
8.8926E-05 8.0000E-04
2.0370E-04 8.0000E-04
2.4084E-04 8.0000E-04
4.6683E-04 8.0000E-04
7.2926E-05 8.0000E-04
5.3731E-05 8.0000E-04
8.2715E-05 8.0000E-04
2.5409E-04 8.0000E-04
2.0427E-04 8.0000E-04
1.5959E-04 8.0000E-04
1.9367E-04 8.0000E-04
2.2324E-04 8.0000E-04
1.5969E-04 8.0000E-04
9.7201E-05 8.0000E-04
1.2633E-04 8.0000E-04
1.2844E-04 8.0000E-04
1.5480E-04 8.0000E-04
3.7847E-04 8.0000E-04
1.2896E-04 8.0000E-04
3.7231E-05 8.0000E-04
2.8787E-04 8.0000E-04
1.8461E-03 8.0000E-04
9.2857E-04 8.0000E-04
2.4573E-03 8.0000E-04
1.7025E-03 8.0000E-04
4.9017E-04 8.0000E-04
4.9098E-04 8.0000E-04
9.4315E-04 8.0000E-04
1.1481E-03 8.0000E-04
3.5451E-04 8.0000E-04
2.0295E-04 8.0000E-04
5.8935E-04 8.0000E-04
8.7477E-04 8.0000E-04
1.6688E-03 8.0000E-04
2.8708E-04 8.0000E-04
1.5041E-04 8.0000E-04
4.8013E-04 8.0000E-04
7.8869E-04 8.0000E-04
9.0839E-04 8.0000E-04
2.5310E-04 8.0000E-04
4.4643E-04 8.0000E-04
4.7178E-04 8.0000E-04
5.6812E-04 8.0000E-04
7.7508E-04 8.0000E-04
3.4854E-04 8.0000E-04
1.9032E-04 8.0000E-04
8.6659E-04 8.0000E-04
6.1189E-04 8.0000E-04
9.1723E-05 8.0000E-04
4.0260E-04 8.0000E-04
4.4674E-04 8.0000E-04
5.8023E-04 8.0000E-04
7.8683E-04 8.0000E-04
5.7159E-04 8.0000E-04
1.1615E-04 8.0000E-04
4.1621E-04 8.0000E-04
7.6348E-04 8.0000E-04
1.2969E-04 8.0000E-04
3.2652E-04 8.0000E-04
3.3323E-04 8.0000E-04
5.2999E-04 8.0000E-04
5.1394E-04 8.0000E-04
2.8312E-04 8.0000E-04
2.4421E-04 8.0000E-04
3.2286E-04 8.0000E-04
3.8823E-04 8.0000E-04
3.9735E-04 8.0000E-04
4.6477E-04 8.0000E-04
3.8824E-04 8.0000E-04
4.2464E-04 8.0000E-04
5.1273E-04 8.0000E-04
1.8730E-04 8.0000E-04
1.2887E-04 8.0000E-04
4.0704E-04 8.0000E-04
5.8673E-04 8.0000E-04
8.2285E-05 8.0000E-04
2.1031E-04 8.0000E-04
2.8279E-04 8.0000E-04
5.6463E-04 8.0000E-04
1.1587E-03 8.0000E-04
2.1578E-04 8.0000E-04
6.0529E-05 8.0000E-04
2.5348E-04 8.0000E-04
5.0104E-04 8.0000E-04
4.3507E-04 8.0000E-04
5.4340E-04 8.0000E-04
3.4047E-04 8.0000E-04
3.6386E-04 8.0000E-04
2.4798E-04 8.0000E-04
2.1228E-04 8.0000E-04
2.1598E-04 8.0000E-04
4.4081E-04 8.0000E-04
4.9291E-04 8.0000E-04
2.8372E-04 8.0000E-04
3.1164E-04 8.0000E-04
3.0258E-04 8.0000E-04
3.3516E-04 8.0000E-04
4.2499E-04 8.0000E-04
2.9822E-04 8.0000E-04
1.6506E-04 8.0000E-04
2.5300E-04 8.0000E-04
2.9643E-04 8.0000E-04
3.0649E-04 8.0000E-04
5.9810E-04 8.0000E-04
2.5820E-04 8.0000E-04
5.3767E-05 8.0000E-04
1.5009E-04 8.0000E-04
2.8660E-04 8.0000E-04
5.5436E-04 8.0000E-04
5.1204E-04 8.0000E-04
3.5011E-04 8.0000E-04
1.4452E-04 8.0000E-04
1.0270E-04 8.0000E-04
1.6319E-04 8.0000E-04
2.2826E-04 8.0000E-04
4.0369E-04 8.0000E-04
3.7590E-04 8.0000E-04
1.1302E-04 8.0000E-04
1.3281E-04 8.0000E-04
1.6770E-04 8.0000E-04
3.3153E-04 8.0000E-04
3.0114E-04 8.0000E-04
1.9791E-04 8.0000E-04
2.7785E-04 8.0000E-04
2.8301E-04 8.0000E-04
1.0811E-04 8.0000E-04
2.1185E-04 8.0000E-04
1.4579E-04 8.0000E-04
