Max Step   Target
7.3661E-03 1.8000E-03
9.2857E-03 1.8000E-03
4.2820E-02 1.8000E-03
1.5010E-02 1.8000E-03
5.0190E-03 1.8000E-03
8.1864E-03 1.8000E-03
1.3356E-02 1.8000E-03
1.5610E-02 1.8000E-03
3.4846E-03 1.8000E-03
2.4433E-03 1.8000E-03
7.2325E-03 1.8000E-03
6.7272E-03 1.8000E-03
7.5471E-03 1.8000E-03
2.0138E-03 1.8000E-03
5.7928E-03 1.8000E-03
6.6893E-03 1.8000E-03
2.0455E-02 1.8000E-03
3.3967E-03 1.8000E-03
1.3623E-03 1.8000E-03
5.1822E-03 1.8000E-03
8.7662E-03 1.8000E-03
1.3066E-03 1.8000E-03
1.4319E-03 1.8000E-03
3.1903E-03 1.8000E-03
2.3809E-03 1.8000E-03
4.3639E-03 1.8000E-03
3.7028E-03 1.8000E-03
2.8497E-03 1.8000E-03
1.1804E-03 1.8000E-03
2.9238E-03 1.8000E-03
2.1187E-03 1.8000E-03
3.3274E-04 1.8000E-03
3.3274E-04 1.8000E-03
