RMS Grad   Target
1.2140E-03 3.0000E-04
1.1408E-03 3.0000E-04
9.9540E-04 3.0000E-04
1.7391E-03 3.0000E-04
1.3355E-03 3.0000E-04
6.9069E-04 3.0000E-04
3.8770E-04 3.0000E-04
4.8580E-04 3.0000E-04
1.2434E-03 3.0000E-04
3.6929E-04 3.0000E-04
2.5727E-04 3.0000E-04
3.4663E-04 3.0000E-04
4.2916E-04 3.0000E-04
3.1384E-04 3.0000E-04
2.3869E-04 3.0000E-04
3.7298E-04 3.0000E-04
4.0622E-04 3.0000E-04
7.1595E-04 3.0000E-04
2.4260E-04 3.0000E-04
2.0563E-04 3.0000E-04
2.5283E-04 3.0000E-04
4.9490E-04 3.0000E-04
1.4865E-04 3.0000E-04
1.0098E-04 3.0000E-04
1.3602E-04 3.0000E-04
1.3461E-04 3.0000E-04
1.1033E-04 3.0000E-04
1.4655E-04 3.0000E-04
1.1455E-04 3.0000E-04
8.7899E-05 3.0000E-04
9.4331E-05 3.0000E-04
1.3192E-04 3.0000E-04
5.9209E-05 3.0000E-04
5.9209E-05 3.0000E-04
