Energy     Target
1.8142E-02 6.6667E-07
1.5995E-01 6.6667E-07
2.5159E-01 6.6667E-07
2.2891E-01 6.6667E-07
1.6253E-01 6.6667E-07
1.1883E-01 6.6667E-07
9.1870E-02 6.6667E-07
7.5590E-02 6.6667E-07
6.5467E-02 6.6667E-07
5.9129E-02 6.6667E-07
5.4583E-02 6.6667E-07
5.2202E-02 6.6667E-07
4.9339E-02 6.6667E-07
4.7081E-02 6.6667E-07
4.5594E-02 6.6667E-07
4.2342E-02 6.6667E-07
4.1929E-02 6.6667E-07
3.9365E-02 6.6667E-07
3.8217E-02 6.6667E-07
3.6167E-02 6.6667E-07
3.4451E-02 6.6667E-07
3.2815E-02 6.6667E-07
3.1028E-02 6.6667E-07
2.9363E-02 6.6667E-07
2.7816E-02 6.6667E-07
2.6282E-02 6.6667E-07
2.4679E-02 6.6667E-07
2.3422E-02 6.6667E-07
2.2131E-02 6.6667E-07
2.0766E-02 6.6667E-07
1.9778E-02 6.6667E-07
1.8713E-02 6.6667E-07
1.7771E-02 6.6667E-07
1.6833E-02 6.6667E-07
1.6168E-02 6.6667E-07
1.5175E-02 6.6667E-07
1.4840E-02 6.6667E-07
1.4174E-02 6.6667E-07
1.3775E-02 6.6667E-07
1.3300E-02 6.6667E-07
1.2999E-02 6.6667E-07
1.2629E-02 6.6667E-07
1.2726E-02 6.6667E-07
1.2454E-02 6.6667E-07
1.2587E-02 6.6667E-07
1.2376E-02 6.6667E-07
1.2552E-02 6.6667E-07
1.2183E-02 6.6667E-07
1.2644E-02 6.6667E-07
1.2311E-02 6.6667E-07
1.2729E-02 6.6667E-07
1.2301E-02 6.6667E-07
1.2587E-02 6.6667E-07
1.2146E-02 6.6667E-07
1.2489E-02 6.6667E-07
1.1980E-02 6.6667E-07
1.2475E-02 6.6667E-07
1.1514E-02 6.6667E-07
1.2154E-02 6.6667E-07
1.0789E-02 6.6667E-07
1.1566E-02 6.6667E-07
9.9744E-03 6.6667E-07
1.0802E-02 6.6667E-07
9.8593E-03 6.6667E-07
1.0292E-02 6.6667E-07
9.5129E-03 6.6667E-07
9.5877E-03 6.6667E-07
9.0057E-03 6.6667E-07
9.2771E-03 6.6667E-07
8.8930E-03 6.6667E-07
9.0892E-03 6.6667E-07
8.8403E-03 6.6667E-07
8.7630E-03 6.6667E-07
8.5966E-03 6.6667E-07
8.4809E-03 6.6667E-07
8.3279E-03 6.6667E-07
8.1294E-03 6.6667E-07
8.0689E-03 6.6667E-07
7.6439E-03 6.6667E-07
7.7200E-03 6.6667E-07
7.1800E-03 6.6667E-07
7.3156E-03 6.6667E-07
6.6507E-03 6.6667E-07
6.8758E-03 6.6667E-07
6.1158E-03 6.6667E-07
6.5100E-03 6.6667E-07
5.5761E-03 6.6667E-07
6.1768E-03 6.6667E-07
5.3815E-03 6.6667E-07
6.1353E-03 6.6667E-07
5.6070E-03 6.6667E-07
6.5980E-03 6.6667E-07
5.8843E-03 6.6667E-07
7.2979E-03 6.6667E-07
6.3671E-03 6.6667E-07
7.8839E-03 6.6667E-07
6.8627E-03 6.6667E-07
7.9944E-03 6.6667E-07
7.0156E-03 6.6667E-07
7.3529E-03 6.6667E-07
6.5820E-03 6.6667E-07
6.4340E-03 6.6667E-07
5.8875E-03 6.6667E-07
5.4962E-03 6.6667E-07
5.4004E-03 6.6667E-07
4.6657E-03 6.6667E-07
5.1388E-03 6.6667E-07
4.3295E-03 6.6667E-07
4.8572E-03 6.6667E-07
4.4613E-03 6.6667E-07
4.8924E-03 6.6667E-07
4.5125E-03 6.6667E-07
5.1531E-03 6.6667E-07
4.6286E-03 6.6667E-07
5.4499E-03 6.6667E-07
4.7683E-03 6.6667E-07
5.5742E-03 6.6667E-07
4.6546E-03 6.6667E-07
5.7392E-03 6.6667E-07
4.4781E-03 6.6667E-07
6.0551E-03 6.6667E-07
4.5855E-03 6.6667E-07
5.9806E-03 6.6667E-07
4.8913E-03 6.6667E-07
5.8725E-03 6.6667E-07
4.7990E-03 6.6667E-07
5.7153E-03 6.6667E-07
4.4603E-03 6.6667E-07
5.4284E-03 6.6667E-07
3.9324E-03 6.6667E-07
5.0878E-03 6.6667E-07
3.5429E-03 6.6667E-07
4.8879E-03 6.6667E-07
3.5002E-03 6.6667E-07
4.7346E-03 6.6667E-07
3.5912E-03 6.6667E-07
4.5577E-03 6.6667E-07
3.7507E-03 6.6667E-07
4.3140E-03 6.6667E-07
3.7268E-03 6.6667E-07
3.8546E-03 6.6667E-07
3.4325E-03 6.6667E-07
3.7098E-03 6.6667E-07
2.9404E-03 6.6667E-07
4.1145E-03 6.6667E-07
2.9098E-03 6.6667E-07
4.7526E-03 6.6667E-07
2.9043E-03 6.6667E-07
5.3842E-03 6.6667E-07
3.4821E-03 6.6667E-07
4.0913E-03 6.6667E-07
3.1857E-03 6.6667E-07
3.2869E-03 6.6667E-07
3.0874E-03 6.6667E-07
3.0612E-03 6.6667E-07
2.9186E-03 6.6667E-07
2.9302E-03 6.6667E-07
2.7910E-03 6.6667E-07
2.9560E-03 6.6667E-07
2.5048E-03 6.6667E-07
3.1310E-03 6.6667E-07
2.4622E-03 6.6667E-07
3.2817E-03 6.6667E-07
3.1154E-03 6.6667E-07
3.9053E-03 6.6667E-07
3.1804E-03 6.6667E-07
3.3528E-03 6.6667E-07
2.6237E-03 6.6667E-07
3.0025E-03 6.6667E-07
2.8948E-03 6.6667E-07
2.7037E-03 6.6667E-07
2.2675E-03 6.6667E-07
2.1568E-03 6.6667E-07
2.0143E-03 6.6667E-07
2.0687E-03 6.6667E-07
1.8476E-03 6.6667E-07
2.0398E-03 6.6667E-07
1.8692E-03 6.6667E-07
2.1421E-03 6.6667E-07
1.8656E-03 6.6667E-07
2.5320E-03 6.6667E-07
2.3299E-03 6.6667E-07
2.9024E-03 6.6667E-07
1.6611E-03 6.6667E-07
2.3233E-03 6.6667E-07
2.1306E-03 6.6667E-07
2.1223E-03 6.6667E-07
1.8244E-03 6.6667E-07
1.7444E-03 6.6667E-07
1.8263E-03 6.6667E-07
1.6832E-03 6.6667E-07
1.9233E-03 6.6667E-07
1.5669E-03 6.6667E-07
1.8503E-03 6.6667E-07
1.6343E-03 6.6667E-07
2.0203E-03 6.6667E-07
2.0040E-03 6.6667E-07
2.4981E-03 6.6667E-07
1.6789E-03 6.6667E-07
2.2039E-03 6.6667E-07
1.6654E-03 6.6667E-07
1.4255E-03 6.6667E-07
1.8989E-03 6.6667E-07
1.6926E-03 6.6667E-07
1.6467E-03 6.6667E-07
1.8193E-03 6.6667E-07
1.6227E-03 6.6667E-07
1.6357E-03 6.6667E-07
1.5690E-03 6.6667E-07
1.5027E-03 6.6667E-07
1.4851E-03 6.6667E-07
1.7618E-03 6.6667E-07
1.7208E-03 6.6667E-07
2.4562E-03 6.6667E-07
2.1221E-03 6.6667E-07
2.5874E-03 6.6667E-07
9.3641E-04 6.6667E-07
2.1718E-03 6.6667E-07
1.2002E-03 6.6667E-07
2.1027E-03 6.6667E-07
1.5364E-03 6.6667E-07
1.5994E-03 6.6667E-07
1.5583E-03 6.6667E-07
1.5042E-03 6.6667E-07
1.6451E-03 6.6667E-07
1.4203E-03 6.6667E-07
1.7247E-03 6.6667E-07
1.6915E-03 6.6667E-07
2.3637E-03 6.6667E-07
1.2065E-03 6.6667E-07
2.1238E-03 6.6667E-07
1.4743E-03 6.6667E-07
1.5266E-03 6.6667E-07
1.7666E-03 6.6667E-07
1.6099E-03 6.6667E-07
1.5707E-03 6.6667E-07
1.6455E-03 6.6667E-07
1.5765E-03 6.6667E-07
1.5509E-03 6.6667E-07
1.6727E-03 6.6667E-07
1.7249E-03 6.6667E-07
1.7529E-03 6.6667E-07
1.7914E-03 6.6667E-07
1.3829E-03 6.6667E-07
1.4404E-03 6.6667E-07
1.1666E-03 6.6667E-07
1.1327E-03 6.6667E-07
1.7162E-03 6.6667E-07
1.2735E-03 6.6667E-07
1.1690E-03 6.6667E-07
1.2614E-03 6.6667E-07
1.2637E-03 6.6667E-07
1.4259E-03 6.6667E-07
1.3448E-03 6.6667E-07
1.6442E-03 6.6667E-07
1.0609E-03 6.6667E-07
8.3417E-04 6.6667E-07
1.6966E-03 6.6667E-07
1.1441E-03 6.6667E-07
1.0365E-03 6.6667E-07
1.2156E-03 6.6667E-07
8.8895E-04 6.6667E-07
1.1951E-03 6.6667E-07
1.3762E-03 6.6667E-07
1.3413E-03 6.6667E-07
1.0208E-03 6.6667E-07
9.4807E-04 6.6667E-07
1.2600E-03 6.6667E-07
1.3119E-03 6.6667E-07
1.1642E-03 6.6667E-07
9.2350E-04 6.6667E-07
9.7793E-04 6.6667E-07
1.3137E-03 6.6667E-07
8.5113E-04 6.6667E-07
1.0999E-03 6.6667E-07
7.1653E-04 6.6667E-07
8.1873E-04 6.6667E-07
1.0607E-03 6.6667E-07
1.0079E-03 6.6667E-07
9.3368E-04 6.6667E-07
9.0061E-04 6.6667E-07
1.1749E-03 6.6667E-07
9.7747E-04 6.6667E-07
7.6380E-04 6.6667E-07
1.0332E-03 6.6667E-07
7.5365E-04 6.6667E-07
8.7278E-04 6.6667E-07
9.7598E-04 6.6667E-07
7.7320E-04 6.6667E-07
9.6870E-04 6.6667E-07
1.2221E-03 6.6667E-07
8.0948E-04 6.6667E-07
7.2054E-04 6.6667E-07
9.5340E-04 6.6667E-07
7.6813E-04 6.6667E-07
8.9934E-04 6.6667E-07
8.7624E-04 6.6667E-07
8.2053E-04 6.6667E-07
8.5849E-04 6.6667E-07
7.6547E-04 6.6667E-07
8.8130E-04 6.6667E-07
7.0967E-04 6.6667E-07
6.5152E-04 6.6667E-07
1.0007E-03 6.6667E-07
8.7795E-04 6.6667E-07
7.8379E-04 6.6667E-07
1.0835E-03 6.6667E-07
8.1626E-04 6.6667E-07
9.6322E-04 6.6667E-07
9.7586E-04 6.6667E-07
1.1813E-03 6.6667E-07
8.0288E-04 6.6667E-07
7.6935E-04 6.6667E-07
1.1359E-03 6.6667E-07
8.5571E-04 6.6667E-07
1.1350E-03 6.6667E-07
9.4054E-04 6.6667E-07
9.3645E-04 6.6667E-07
9.4491E-04 6.6667E-07
5.2151E-04 6.6667E-07
7.4754E-04 6.6667E-07
8.9055E-04 6.6667E-07
6.7995E-04 6.6667E-07
7.8782E-04 6.6667E-07
7.9418E-04 6.6667E-07
7.4763E-04 6.6667E-07
4.4206E-04 6.6667E-07
7.2012E-04 6.6667E-07
4.2211E-04 6.6667E-07
6.1225E-04 6.6667E-07
5.1502E-04 6.6667E-07
4.4552E-04 6.6667E-07
6.8365E-04 6.6667E-07
6.7873E-04 6.6667E-07
5.7711E-04 6.6667E-07
5.2387E-04 6.6667E-07
6.2730E-04 6.6667E-07
6.4448E-04 6.6667E-07
5.3791E-04 6.6667E-07
5.2937E-04 6.6667E-07
3.5196E-04 6.6667E-07
4.7012E-04 6.6667E-07
4.6306E-04 6.6667E-07
3.9019E-04 6.6667E-07
4.9005E-04 6.6667E-07
4.3829E-04 6.6667E-07
3.2173E-04 6.6667E-07
4.2281E-04 6.6667E-07
3.4189E-04 6.6667E-07
4.5482E-04 6.6667E-07
5.2328E-04 6.6667E-07
4.3424E-04 6.6667E-07
3.6422E-04 6.6667E-07
5.5150E-04 6.6667E-07
4.7214E-04 6.6667E-07
4.3329E-04 6.6667E-07
7.7287E-04 6.6667E-07
4.7916E-04 6.6667E-07
5.8749E-04 6.6667E-07
8.5000E-04 6.6667E-07
6.8905E-04 6.6667E-07
6.1095E-04 6.6667E-07
7.9168E-04 6.6667E-07
6.1145E-04 6.6667E-07
6.7889E-04 6.6667E-07
6.2138E-04 6.6667E-07
6.9301E-04 6.6667E-07
5.9637E-04 6.6667E-07
6.2470E-04 6.6667E-07
6.4488E-04 6.6667E-07
6.1153E-04 6.6667E-07
6.6527E-04 6.6667E-07
7.1724E-04 6.6667E-07
6.0414E-04 6.6667E-07
5.5442E-04 6.6667E-07
5.1832E-04 6.6667E-07
4.4952E-04 6.6667E-07
5.3860E-04 6.6667E-07
5.6124E-04 6.6667E-07
5.0346E-04 6.6667E-07
6.0677E-04 6.6667E-07
5.7525E-04 6.6667E-07
5.0442E-04 6.6667E-07
5.6127E-04 6.6667E-07
5.6450E-04 6.6667E-07
6.3703E-04 6.6667E-07
5.6360E-04 6.6667E-07
5.6434E-04 6.6667E-07
5.6937E-04 6.6667E-07
8.8340E-04 6.6667E-07
6.2511E-04 6.6667E-07
6.8714E-04 6.6667E-07
7.3490E-04 6.6667E-07
9.0252E-04 6.6667E-07
8.4985E-04 6.6667E-07
6.3171E-04 6.6667E-07
9.3690E-04 6.6667E-07
8.6525E-04 6.6667E-07
7.4615E-04 6.6667E-07
5.8031E-04 6.6667E-07
7.3564E-04 6.6667E-07
8.1090E-04 6.6667E-07
7.1728E-04 6.6667E-07
7.2964E-04 6.6667E-07
6.8161E-04 6.6667E-07
7.1959E-04 6.6667E-07
6.1422E-04 6.6667E-07
4.7137E-04 6.6667E-07
6.4799E-04 6.6667E-07
6.3256E-04 6.6667E-07
6.5983E-04 6.6667E-07
5.7886E-04 6.6667E-07
5.5217E-04 6.6667E-07
6.2925E-04 6.6667E-07
4.4182E-04 6.6667E-07
6.8275E-04 6.6667E-07
4.2009E-04 6.6667E-07
7.4017E-04 6.6667E-07
3.4382E-04 6.6667E-07
4.6544E-04 6.6667E-07
5.0430E-04 6.6667E-07
5.5523E-04 6.6667E-07
4.9584E-04 6.6667E-07
5.0419E-04 6.6667E-07
6.1464E-04 6.6667E-07
6.0315E-04 6.6667E-07
4.6511E-04 6.6667E-07
5.4209E-04 6.6667E-07
4.9992E-04 6.6667E-07
5.1501E-04 6.6667E-07
4.8461E-04 6.6667E-07
3.8345E-04 6.6667E-07
4.0289E-04 6.6667E-07
6.7040E-04 6.6667E-07
3.2731E-04 6.6667E-07
3.8119E-04 6.6667E-07
5.2045E-04 6.6667E-07
2.8481E-04 6.6667E-07
4.4658E-04 6.6667E-07
3.2037E-04 6.6667E-07
4.1773E-04 6.6667E-07
2.6147E-04 6.6667E-07
2.6200E-04 6.6667E-07
3.2271E-04 6.6667E-07
3.8891E-04 6.6667E-07
3.3676E-04 6.6667E-07
3.1252E-04 6.6667E-07
3.0307E-04 6.6667E-07
3.0010E-04 6.6667E-07
2.6408E-04 6.6667E-07
2.8375E-04 6.6667E-07
2.8200E-04 6.6667E-07
2.8258E-04 6.6667E-07
3.5282E-04 6.6667E-07
2.1771E-04 6.6667E-07
2.3144E-04 6.6667E-07
3.1656E-04 6.6667E-07
2.1007E-04 6.6667E-07
3.8528E-04 6.6667E-07
2.8560E-04 6.6667E-07
2.5167E-04 6.6667E-07
3.0188E-04 6.6667E-07
2.3033E-04 6.6667E-07
3.0367E-04 6.6667E-07
3.2244E-04 6.6667E-07
2.8848E-04 6.6667E-07
2.7309E-04 6.6667E-07
3.7557E-04 6.6667E-07
3.0937E-04 6.6667E-07
2.5251E-04 6.6667E-07
4.0512E-04 6.6667E-07
2.9867E-04 6.6667E-07
3.1646E-04 6.6667E-07
5.4347E-04 6.6667E-07
3.6955E-04 6.6667E-07
3.5145E-04 6.6667E-07
5.4086E-04 6.6667E-07
3.9981E-04 6.6667E-07
4.9621E-04 6.6667E-07
5.5806E-04 6.6667E-07
5.4458E-04 6.6667E-07
7.3350E-04 6.6667E-07
6.8277E-04 6.6667E-07
9.5101E-04 6.6667E-07
4.3072E-04 6.6667E-07
8.2166E-04 6.6667E-07
8.8233E-04 6.6667E-07
1.1377E-03 6.6667E-07
8.4409E-04 6.6667E-07
1.0156E-03 6.6667E-07
1.1469E-03 6.6667E-07
1.0676E-03 6.6667E-07
9.9431E-04 6.6667E-07
1.0535E-03 6.6667E-07
1.1344E-03 6.6667E-07
8.4931E-04 6.6667E-07
9.5026E-04 6.6667E-07
1.2549E-03 6.6667E-07
6.3130E-04 6.6667E-07
6.1022E-04 6.6667E-07
6.8854E-04 6.6667E-07
5.5512E-04 6.6667E-07
8.4072E-04 6.6667E-07
5.7451E-04 6.6667E-07
5.9071E-04 6.6667E-07
4.4587E-04 6.6667E-07
4.6124E-04 6.6667E-07
3.2216E-04 6.6667E-07
7.3619E-04 6.6667E-07
2.6954E-04 6.6667E-07
3.0923E-04 6.6667E-07
3.4100E-04 6.6667E-07
4.4292E-04 6.6667E-07
3.6784E-04 6.6667E-07
2.5592E-04 6.6667E-07
3.5248E-04 6.6667E-07
3.2150E-04 6.6667E-07
2.1494E-04 6.6667E-07
2.6775E-04 6.6667E-07
1.7207E-04 6.6667E-07
2.9689E-04 6.6667E-07
1.9063E-04 6.6667E-07
1.9918E-04 6.6667E-07
2.8999E-04 6.6667E-07
3.2298E-04 6.6667E-07
2.1250E-04 6.6667E-07
3.0006E-04 6.6667E-07
2.3691E-04 6.6667E-07
2.5642E-04 6.6667E-07
4.1648E-04 6.6667E-07
2.2283E-04 6.6667E-07
2.0663E-04 6.6667E-07
5.1302E-04 6.6667E-07
2.7523E-04 6.6667E-07
4.5964E-04 6.6667E-07
2.6537E-04 6.6667E-07
5.2061E-04 6.6667E-07
3.0721E-04 6.6667E-07
3.7436E-04 6.6667E-07
3.2432E-04 6.6667E-07
3.9298E-04 6.6667E-07
4.3806E-04 6.6667E-07
3.1363E-04 6.6667E-07
4.0005E-04 6.6667E-07
4.2366E-04 6.6667E-07
3.8429E-04 6.6667E-07
3.0756E-04 6.6667E-07
3.6800E-04 6.6667E-07
3.1266E-04 6.6667E-07
2.6686E-04 6.6667E-07
3.3763E-04 6.6667E-07
2.5081E-04 6.6667E-07
3.4975E-04 6.6667E-07
3.4849E-04 6.6667E-07
3.1696E-04 6.6667E-07
2.7310E-04 6.6667E-07
4.2281E-04 6.6667E-07
2.7302E-04 6.6667E-07
3.1104E-04 6.6667E-07
3.7302E-04 6.6667E-07
2.9887E-04 6.6667E-07
4.4388E-04 6.6667E-07
5.4607E-04 6.6667E-07
2.8516E-04 6.6667E-07
3.8161E-04 6.6667E-07
1.9628E-04 6.6667E-07
3.6324E-04 6.6667E-07
3.5091E-04 6.6667E-07
2.7364E-04 6.6667E-07
3.7130E-04 6.6667E-07
4.5385E-04 6.6667E-07
3.0179E-04 6.6667E-07
3.0182E-04 6.6667E-07
2.7280E-04 6.6667E-07
3.2858E-04 6.6667E-07
2.7224E-04 6.6667E-07
2.7047E-04 6.6667E-07
2.1895E-04 6.6667E-07
2.4653E-04 6.6667E-07
2.2826E-04 6.6667E-07
2.5205E-04 6.6667E-07
2.7902E-04 6.6667E-07
2.3676E-04 6.6667E-07
2.8742E-04 6.6667E-07
3.3413E-04 6.6667E-07
1.9769E-04 6.6667E-07
3.0115E-04 6.6667E-07
1.6832E-04 6.6667E-07
3.9373E-04 6.6667E-07
2.2849E-04 6.6667E-07
2.3391E-04 6.6667E-07
3.3948E-04 6.6667E-07
3.6096E-04 6.6667E-07
3.0604E-04 6.6667E-07
3.2051E-04 6.6667E-07
2.5156E-04 6.6667E-07
4.1358E-04 6.6667E-07
3.9374E-04 6.6667E-07
3.5183E-04 6.6667E-07
3.3594E-04 6.6667E-07
4.4757E-04 6.6667E-07
3.0546E-04 6.6667E-07
3.0137E-04 6.6667E-07
4.8873E-04 6.6667E-07
2.1301E-04 6.6667E-07
2.6566E-04 6.6667E-07
3.3568E-04 6.6667E-07
2.1901E-04 6.6667E-07
3.2509E-04 6.6667E-07
2.7735E-04 6.6667E-07
2.7486E-04 6.6667E-07
2.6855E-04 6.6667E-07
2.0991E-04 6.6667E-07
1.9677E-04 6.6667E-07
3.8205E-04 6.6667E-07
1.7116E-04 6.6667E-07
2.5895E-04 6.6667E-07
2.3178E-04 6.6667E-07
3.2931E-04 6.6667E-07
2.2433E-04 6.6667E-07
2.0008E-04 6.6667E-07
2.3188E-04 6.6667E-07
2.7058E-04 6.6667E-07
2.3734E-04 6.6667E-07
1.8282E-04 6.6667E-07
2.1776E-04 6.6667E-07
2.3354E-04 6.6667E-07
1.9115E-04 6.6667E-07
1.4837E-04 6.6667E-07
1.9201E-04 6.6667E-07
1.3806E-04 6.6667E-07
1.5352E-04 6.6667E-07
1.4727E-04 6.6667E-07
1.1114E-04 6.6667E-07
1.5819E-04 6.6667E-07
1.7699E-04 6.6667E-07
1.4386E-04 6.6667E-07
1.2051E-04 6.6667E-07
2.0203E-04 6.6667E-07
1.0010E-04 6.6667E-07
1.4101E-04 6.6667E-07
1.4694E-04 6.6667E-07
1.1571E-04 6.6667E-07
1.5749E-04 6.6667E-07
1.8492E-04 6.6667E-07
1.4021E-04 6.6667E-07
1.8779E-04 6.6667E-07
1.2227E-04 6.6667E-07
1.5468E-04 6.6667E-07
1.9603E-04 6.6667E-07
1.2564E-04 6.6667E-07
1.4007E-04 6.6667E-07
2.2592E-04 6.6667E-07
1.2351E-04 6.6667E-07
1.2863E-04 6.6667E-07
1.6547E-04 6.6667E-07
2.1832E-04 6.6667E-07
1.0299E-04 6.6667E-07
3.5903E-04 6.6667E-07
1.6319E-04 6.6667E-07
2.1843E-04 6.6667E-07
3.3865E-04 6.6667E-07
1.7247E-04 6.6667E-07
4.1146E-04 6.6667E-07
1.1967E-04 6.6667E-07
2.6558E-04 6.6667E-07
3.0350E-04 6.6667E-07
3.7551E-04 6.6667E-07
4.2768E-04 6.6667E-07
2.6944E-04 6.6667E-07
4.1427E-04 6.6667E-07
3.8517E-04 6.6667E-07
3.8854E-04 6.6667E-07
4.6227E-04 6.6667E-07
3.7369E-04 6.6667E-07
4.8158E-04 6.6667E-07
4.9480E-04 6.6667E-07
5.2773E-04 6.6667E-07
4.0939E-04 6.6667E-07
4.7600E-04 6.6667E-07
6.4237E-04 6.6667E-07
5.3652E-04 6.6667E-07
5.4662E-04 6.6667E-07
7.8138E-04 6.6667E-07
4.4855E-04 6.6667E-07
5.9192E-04 6.6667E-07
5.2058E-04 6.6667E-07
5.0963E-04 6.6667E-07
5.9630E-04 6.6667E-07
7.4556E-04 6.6667E-07
6.7491E-04 6.6667E-07
6.1558E-04 6.6667E-07
6.0206E-04 6.6667E-07
6.2320E-04 6.6667E-07
3.6212E-04 6.6667E-07
6.4336E-04 6.6667E-07
4.3412E-04 6.6667E-07
7.6649E-04 6.6667E-07
5.1415E-04 6.6667E-07
7.4952E-04 6.6667E-07
6.5863E-04 6.6667E-07
5.2582E-04 6.6667E-07
5.1620E-04 6.6667E-07
9.2648E-04 6.6667E-07
5.4725E-04 6.6667E-07
5.9332E-04 6.6667E-07
7.7837E-04 6.6667E-07
5.0942E-04 6.6667E-07
7.2856E-04 6.6667E-07
3.9638E-04 6.6667E-07
3.4838E-04 6.6667E-07
5.0950E-04 6.6667E-07
5.7298E-04 6.6667E-07
4.6112E-04 6.6667E-07
3.3363E-04 6.6667E-07
4.6867E-04 6.6667E-07
3.7883E-04 6.6667E-07
4.3168E-04 6.6667E-07
3.7450E-04 6.6667E-07
3.8591E-04 6.6667E-07
3.5400E-04 6.6667E-07
4.0574E-04 6.6667E-07
4.5314E-04 6.6667E-07
3.6209E-04 6.6667E-07
3.9628E-04 6.6667E-07
5.6764E-04 6.6667E-07
3.0810E-04 6.6667E-07
3.8218E-04 6.6667E-07
4.4438E-04 6.6667E-07
3.0413E-04 6.6667E-07
4.0582E-04 6.6667E-07
3.9063E-04 6.6667E-07
3.6990E-04 6.6667E-07
2.3580E-04 6.6667E-07
3.1011E-04 6.6667E-07
2.5896E-04 6.6667E-07
2.5401E-04 6.6667E-07
2.8942E-04 6.6667E-07
1.6748E-04 6.6667E-07
2.2911E-04 6.6667E-07
1.6608E-04 6.6667E-07
2.0929E-04 6.6667E-07
1.8778E-04 6.6667E-07
1.7899E-04 6.6667E-07
1.7830E-04 6.6667E-07
1.7320E-04 6.6667E-07
1.4791E-04 6.6667E-07
1.5748E-04 6.6667E-07
1.2327E-04 6.6667E-07
1.6153E-04 6.6667E-07
1.0797E-04 6.6667E-07
1.1270E-04 6.6667E-07
6.0967E-05 6.6667E-07
1.9820E-04 6.6667E-07
8.6083E-05 6.6667E-07
1.0540E-04 6.6667E-07
1.0714E-04 6.6667E-07
1.3484E-04 6.6667E-07
1.2200E-04 6.6667E-07
9.8014E-05 6.6667E-07
1.3200E-04 6.6667E-07
1.2373E-04 6.6667E-07
1.2028E-04 6.6667E-07
1.0797E-04 6.6667E-07
1.2894E-04 6.6667E-07
1.3903E-04 6.6667E-07
1.0670E-04 6.6667E-07
1.3321E-04 6.6667E-07
1.0702E-04 6.6667E-07
1.0345E-04 6.6667E-07
1.1089E-04 6.6667E-07
8.2641E-05 6.6667E-07
1.4650E-04 6.6667E-07
1.1925E-04 6.6667E-07
1.2386E-04 6.6667E-07
1.0541E-04 6.6667E-07
1.1238E-04 6.6667E-07
1.0772E-04 6.6667E-07
1.0735E-04 6.6667E-07
1.1613E-04 6.6667E-07
7.0057E-05 6.6667E-07
8.5954E-05 6.6667E-07
9.8271E-05 6.6667E-07
7.6912E-05 6.6667E-07
1.0634E-04 6.6667E-07
7.9114E-05 6.6667E-07
1.0262E-04 6.6667E-07
7.2813E-05 6.6667E-07
7.7025E-05 6.6667E-07
9.0297E-05 6.6667E-07
1.2930E-04 6.6667E-07
8.1310E-05 6.6667E-07
8.4870E-05 6.6667E-07
6.9800E-05 6.6667E-07
1.1309E-04 6.6667E-07
1.0641E-04 6.6667E-07
8.1975E-05 6.6667E-07
1.1979E-04 6.6667E-07
1.1860E-04 6.6667E-07
1.0466E-04 6.6667E-07
1.0737E-04 6.6667E-07
1.0807E-04 6.6667E-07
1.3439E-04 6.6667E-07
1.2049E-04 6.6667E-07
1.0515E-04 6.6667E-07
1.0770E-04 6.6667E-07
1.4775E-04 6.6667E-07
1.1489E-04 6.6667E-07
1.1070E-04 6.6667E-07
1.4571E-04 6.6667E-07
1.1143E-04 6.6667E-07
7.1353E-05 6.6667E-07
9.7132E-05 6.6667E-07
9.6787E-05 6.6667E-07
8.4229E-05 6.6667E-07
1.2067E-04 6.6667E-07
4.9874E-05 6.6667E-07
1.0065E-04 6.6667E-07
6.3935E-05 6.6667E-07
6.3310E-05 6.6667E-07
7.9756E-05 6.6667E-07
9.4600E-05 6.6667E-07
5.7086E-05 6.6667E-07
5.2345E-05 6.6667E-07
7.0961E-05 6.6667E-07
8.5065E-05 6.6667E-07
6.7912E-05 6.6667E-07
7.5967E-05 6.6667E-07
8.2143E-05 6.6667E-07
9.3235E-05 6.6667E-07
8.2861E-05 6.6667E-07
8.1725E-05 6.6667E-07
8.5139E-05 6.6667E-07
8.9323E-05 6.6667E-07
7.9340E-05 6.6667E-07
1.0802E-04 6.6667E-07
9.5897E-05 6.6667E-07
1.1401E-04 6.6667E-07
9.5177E-05 6.6667E-07
9.4404E-05 6.6667E-07
9.9577E-05 6.6667E-07
1.2576E-04 6.6667E-07
1.1012E-04 6.6667E-07
1.1817E-04 6.6667E-07
7.3733E-05 6.6667E-07
9.4973E-05 6.6667E-07
8.5301E-05 6.6667E-07
1.0652E-04 6.6667E-07
9.4560E-05 6.6667E-07
9.8987E-05 6.6667E-07
1.6434E-04 6.6667E-07
8.2883E-05 6.6667E-07
8.8463E-05 6.6667E-07
1.1387E-04 6.6667E-07
1.6819E-04 6.6667E-07
1.1946E-04 6.6667E-07
1.7361E-04 6.6667E-07
1.6906E-04 6.6667E-07
1.4474E-04 6.6667E-07
7.8082E-05 6.6667E-07
1.1580E-04 6.6667E-07
1.3577E-04 6.6667E-07
1.8011E-04 6.6667E-07
1.5615E-04 6.6667E-07
1.4312E-04 6.6667E-07
1.4766E-04 6.6667E-07
1.2451E-04 6.6667E-07
1.9076E-04 6.6667E-07
1.3475E-04 6.6667E-07
1.4184E-04 6.6667E-07
1.2246E-04 6.6667E-07
1.1438E-04 6.6667E-07
1.1683E-04 6.6667E-07
1.6108E-04 6.6667E-07
1.2113E-04 6.6667E-07
1.1746E-04 6.6667E-07
9.4917E-05 6.6667E-07
1.8341E-04 6.6667E-07
8.9419E-05 6.6667E-07
1.2319E-04 6.6667E-07
1.3335E-04 6.6667E-07
1.6592E-04 6.6667E-07
1.0727E-04 6.6667E-07
7.8152E-05 6.6667E-07
1.0555E-04 6.6667E-07
1.1512E-04 6.6667E-07
1.5557E-04 6.6667E-07
9.6144E-05 6.6667E-07
9.8683E-05 6.6667E-07
1.2001E-04 6.6667E-07
6.6886E-05 6.6667E-07
1.1445E-04 6.6667E-07
8.1303E-05 6.6667E-07
7.3066E-05 6.6667E-07
7.6157E-05 6.6667E-07
5.8473E-05 6.6667E-07
6.6151E-05 6.6667E-07
7.1251E-05 6.6667E-07
5.1715E-05 6.6667E-07
4.2010E-05 6.6667E-07
6.7540E-05 6.6667E-07
3.7802E-05 6.6667E-07
3.6501E-05 6.6667E-07
5.7795E-05 6.6667E-07
3.2129E-05 6.6667E-07
6.0089E-05 6.6667E-07
3.2745E-05 6.6667E-07
3.8143E-05 6.6667E-07
3.4431E-05 6.6667E-07
3.0778E-05 6.6667E-07
4.0871E-05 6.6667E-07
5.2438E-05 6.6667E-07
3.5708E-05 6.6667E-07
4.9490E-05 6.6667E-07
3.9341E-05 6.6667E-07
5.0061E-05 6.6667E-07
5.5624E-05 6.6667E-07
4.1263E-05 6.6667E-07
5.9347E-05 6.6667E-07
6.8507E-05 6.6667E-07
4.4397E-05 6.6667E-07
5.6740E-05 6.6667E-07
5.3524E-05 6.6667E-07
6.5293E-05 6.6667E-07
7.4826E-05 6.6667E-07
4.9166E-05 6.6667E-07
6.5627E-05 6.6667E-07
6.1912E-05 6.6667E-07
6.4283E-05 6.6667E-07
5.1851E-05 6.6667E-07
6.3121E-05 6.6667E-07
4.7811E-05 6.6667E-07
5.5132E-05 6.6667E-07
4.6398E-05 6.6667E-07
5.2899E-05 6.6667E-07
2.6670E-05 6.6667E-07
7.8646E-05 6.6667E-07
3.6024E-05 6.6667E-07
4.2363E-05 6.6667E-07
5.2555E-05 6.6667E-07
5.8052E-05 6.6667E-07
5.3234E-05 6.6667E-07
4.3734E-05 6.6667E-07
6.2507E-05 6.6667E-07
4.1654E-05 6.6667E-07
6.3285E-05 6.6667E-07
4.1069E-05 6.6667E-07
4.4718E-05 6.6667E-07
4.9651E-05 6.6667E-07
7.1888E-05 6.6667E-07
5.0946E-05 6.6667E-07
4.4930E-05 6.6667E-07
6.4827E-05 6.6667E-07
7.6702E-05 6.6667E-07
5.0652E-05 6.6667E-07
7.1963E-05 6.6667E-07
4.9165E-05 6.6667E-07
6.3647E-05 6.6667E-07
7.9454E-05 6.6667E-07
3.9958E-05 6.6667E-07
7.8843E-05 6.6667E-07
8.2214E-05 6.6667E-07
8.1712E-05 6.6667E-07
7.3863E-05 6.6667E-07
1.1308E-04 6.6667E-07
1.0817E-04 6.6667E-07
8.7978E-05 6.6667E-07
1.1198E-04 6.6667E-07
1.0007E-04 6.6667E-07
1.4694E-04 6.6667E-07
1.9171E-04 6.6667E-07
1.9441E-04 6.6667E-07
1.3413E-04 6.6667E-07
1.8924E-04 6.6667E-07
1.6137E-04 6.6667E-07
1.7690E-04 6.6667E-07
2.8977E-04 6.6667E-07
2.0007E-04 6.6667E-07
3.0744E-04 6.6667E-07
2.4078E-04 6.6667E-07
2.2854E-04 6.6667E-07
1.9048E-04 6.6667E-07
1.7571E-04 6.6667E-07
2.0013E-04 6.6667E-07
2.0932E-04 6.6667E-07
1.5582E-04 6.6667E-07
1.9684E-04 6.6667E-07
1.4805E-04 6.6667E-07
1.3485E-04 6.6667E-07
8.8485E-05 6.6667E-07
1.4797E-04 6.6667E-07
4.0884E-05 6.6667E-07
1.2733E-04 6.6667E-07
6.6896E-05 6.6667E-07
8.0702E-05 6.6667E-07
1.1178E-04 6.6667E-07
7.6433E-05 6.6667E-07
8.6618E-05 6.6667E-07
7.1782E-05 6.6667E-07
7.4995E-05 6.6667E-07
7.7319E-05 6.6667E-07
7.9796E-05 6.6667E-07
6.5396E-05 6.6667E-07
6.6613E-05 6.6667E-07
5.9950E-05 6.6667E-07
1.0994E-04 6.6667E-07
5.6208E-05 6.6667E-07
6.5633E-05 6.6667E-07
7.2624E-05 6.6667E-07
1.0039E-04 6.6667E-07
8.7109E-05 6.6667E-07
7.8337E-05 6.6667E-07
7.8650E-05 6.6667E-07
9.2663E-05 6.6667E-07
1.0939E-04 6.6667E-07
7.6107E-05 6.6667E-07
6.3515E-05 6.6667E-07
1.4039E-04 6.6667E-07
7.2367E-05 6.6667E-07
8.1159E-05 6.6667E-07
1.0488E-04 6.6667E-07
6.7005E-05 6.6667E-07
1.0943E-04 6.6667E-07
1.0233E-04 6.6667E-07
1.0829E-04 6.6667E-07
8.5215E-05 6.6667E-07
1.0267E-04 6.6667E-07
1.2142E-04 6.6667E-07
1.2524E-04 6.6667E-07
1.0372E-04 6.6667E-07
1.1311E-04 6.6667E-07
1.2467E-04 6.6667E-07
1.1168E-04 6.6667E-07
8.4001E-05 6.6667E-07
9.9660E-05 6.6667E-07
1.0010E-04 6.6667E-07
1.0825E-04 6.6667E-07
1.1418E-04 6.6667E-07
7.5630E-05 6.6667E-07
8.4654E-05 6.6667E-07
1.2240E-04 6.6667E-07
6.3145E-05 6.6667E-07
6.4862E-05 6.6667E-07
1.0774E-04 6.6667E-07
5.1874E-05 6.6667E-07
5.7941E-05 6.6667E-07
8.0155E-05 6.6667E-07
4.8460E-05 6.6667E-07
4.0706E-05 6.6667E-07
7.9768E-05 6.6667E-07
3.3924E-05 6.6667E-07
4.2497E-05 6.6667E-07
7.1372E-05 6.6667E-07
3.6786E-05 6.6667E-07
3.5893E-05 6.6667E-07
6.8538E-05 6.6667E-07
3.2394E-05 6.6667E-07
3.2169E-05 6.6667E-07
5.2892E-05 6.6667E-07
3.0920E-05 6.6667E-07
4.8360E-05 6.6667E-07
5.0766E-05 6.6667E-07
3.9065E-05 6.6667E-07
4.9356E-05 6.6667E-07
2.2166E-05 6.6667E-07
6.0364E-05 6.6667E-07
3.1868E-05 6.6667E-07
3.7821E-05 6.6667E-07
4.6284E-05 6.6667E-07
5.5410E-05 6.6667E-07
3.5885E-05 6.6667E-07
4.8733E-05 6.6667E-07
3.6990E-05 6.6667E-07
4.1411E-05 6.6667E-07
6.5521E-05 6.6667E-07
4.0659E-05 6.6667E-07
3.0915E-05 6.6667E-07
8.3113E-05 6.6667E-07
2.6397E-05 6.6667E-07
3.4665E-05 6.6667E-07
6.3096E-05 6.6667E-07
3.4076E-05 6.6667E-07
5.3081E-05 6.6667E-07
6.1121E-05 6.6667E-07
5.3560E-05 6.6667E-07
4.9366E-05 6.6667E-07
5.4571E-05 6.6667E-07
6.2463E-05 6.6667E-07
5.1213E-05 6.6667E-07
5.6402E-05 6.6667E-07
6.6417E-05 6.6667E-07
6.2017E-05 6.6667E-07
6.4993E-05 6.6667E-07
6.1298E-05 6.6667E-07
8.7790E-05 6.6667E-07
7.4333E-05 6.6667E-07
6.0232E-05 6.6667E-07
7.7882E-05 6.6667E-07
7.0540E-05 6.6667E-07
8.9722E-05 6.6667E-07
9.3879E-05 6.6667E-07
5.7803E-05 6.6667E-07
7.1575E-05 6.6667E-07
8.1378E-05 6.6667E-07
7.7150E-05 6.6667E-07
4.7432E-05 6.6667E-07
8.2913E-05 6.6667E-07
4.0229E-05 6.6667E-07
4.8668E-05 6.6667E-07
4.9169E-05 6.6667E-07
3.8567E-05 6.6667E-07
3.0713E-05 6.6667E-07
6.3151E-05 6.6667E-07
2.9694E-05 6.6667E-07
3.0197E-05 6.6667E-07
2.8237E-05 6.6667E-07
3.6781E-05 6.6667E-07
2.6254E-05 6.6667E-07
2.5218E-05 6.6667E-07
2.9723E-05 6.6667E-07
3.0620E-05 6.6667E-07
2.7034E-05 6.6667E-07
2.3269E-05 6.6667E-07
2.6711E-05 6.6667E-07
2.5528E-05 6.6667E-07
2.3912E-05 6.6667E-07
2.6286E-05 6.6667E-07
3.2113E-05 6.6667E-07
3.3129E-05 6.6667E-07
3.0753E-05 6.6667E-07
2.6218E-05 6.6667E-07
4.1444E-05 6.6667E-07
3.2813E-05 6.6667E-07
3.8423E-05 6.6667E-07
5.3849E-05 6.6667E-07
4.1073E-05 6.6667E-07
5.6674E-05 6.6667E-07
6.2776E-05 6.6667E-07
7.1100E-05 6.6667E-07
8.6570E-05 6.6667E-07
9.3386E-05 6.6667E-07
1.4862E-04 6.6667E-07
1.6291E-04 6.6667E-07
1.8686E-04 6.6667E-07
2.2724E-04 6.6667E-07
2.7263E-04 6.6667E-07
2.1580E-04 6.6667E-07
3.4652E-04 6.6667E-07
2.6289E-04 6.6667E-07
3.9247E-04 6.6667E-07
2.9053E-04 6.6667E-07
3.4951E-04 6.6667E-07
2.4963E-04 6.6667E-07
1.7141E-04 6.6667E-07
2.6964E-04 6.6667E-07
2.4158E-04 6.6667E-07
2.1723E-04 6.6667E-07
2.1359E-04 6.6667E-07
1.8373E-04 6.6667E-07
1.5708E-04 6.6667E-07
1.7939E-04 6.6667E-07
1.3569E-04 6.6667E-07
1.3102E-04 6.6667E-07
1.1812E-04 6.6667E-07
1.0753E-04 6.6667E-07
1.2261E-04 6.6667E-07
1.4160E-04 6.6667E-07
7.9420E-05 6.6667E-07
9.0168E-05 6.6667E-07
1.1224E-04 6.6667E-07
1.2717E-04 6.6667E-07
1.0832E-04 6.6667E-07
9.0027E-05 6.6667E-07
1.1243E-04 6.6667E-07
9.9720E-05 6.6667E-07
9.3827E-05 6.6667E-07
9.4871E-05 6.6667E-07
8.9976E-05 6.6667E-07
7.5260E-05 6.6667E-07
6.5319E-05 6.6667E-07
7.4562E-05 6.6667E-07
6.8673E-05 6.6667E-07
6.5171E-05 6.6667E-07
6.3758E-05 6.6667E-07
5.8098E-05 6.6667E-07
7.4022E-05 6.6667E-07
6.9284E-05 6.6667E-07
6.4156E-05 6.6667E-07
8.4518E-05 6.6667E-07
7.3449E-05 6.6667E-07
6.3683E-05 6.6667E-07
1.0589E-04 6.6667E-07
6.8950E-05 6.6667E-07
7.6067E-05 6.6667E-07
1.2166E-04 6.6667E-07
7.4325E-05 6.6667E-07
1.2707E-04 6.6667E-07
7.2942E-05 6.6667E-07
1.2879E-04 6.6667E-07
7.3905E-05 6.6667E-07
7.6680E-05 6.6667E-07
6.6848E-05 6.6667E-07
9.9954E-05 6.6667E-07
7.7914E-05 6.6667E-07
6.8310E-05 6.6667E-07
6.0855E-05 6.6667E-07
9.5480E-05 6.6667E-07
4.6410E-05 6.6667E-07
5.2197E-05 6.6667E-07
5.4475E-05 6.6667E-07
6.9575E-05 6.6667E-07
4.8218E-05 6.6667E-07
4.4954E-05 6.6667E-07
4.5745E-05 6.6667E-07
5.4077E-05 6.6667E-07
5.1170E-05 6.6667E-07
3.4808E-05 6.6667E-07
6.4961E-05 6.6667E-07
4.7928E-05 6.6667E-07
3.8911E-05 6.6667E-07
5.0480E-05 6.6667E-07
4.3045E-05 6.6667E-07
6.2931E-05 6.6667E-07
5.0173E-05 6.6667E-07
4.0588E-05 6.6667E-07
5.8878E-05 6.6667E-07
4.8886E-05 6.6667E-07
4.8001E-05 6.6667E-07
6.6097E-05 6.6667E-07
4.1844E-05 6.6667E-07
4.8190E-05 6.6667E-07
7.0343E-05 6.6667E-07
4.7424E-05 6.6667E-07
3.7505E-05 6.6667E-07
7.6938E-05 6.6667E-07
3.6635E-05 6.6667E-07
4.3428E-05 6.6667E-07
7.5781E-05 6.6667E-07
3.5657E-05 6.6667E-07
3.7787E-05 6.6667E-07
7.3135E-05 6.6667E-07
3.3172E-05 6.6667E-07
5.0800E-05 6.6667E-07
6.4257E-05 6.6667E-07
5.6261E-05 6.6667E-07
4.9760E-05 6.6667E-07
4.7991E-05 6.6667E-07
4.5672E-05 6.6667E-07
5.6539E-05 6.6667E-07
5.1939E-05 6.6667E-07
4.6354E-05 6.6667E-07
4.2678E-05 6.6667E-07
4.6359E-05 6.6667E-07
3.8352E-05 6.6667E-07
3.7984E-05 6.6667E-07
3.0039E-05 6.6667E-07
3.9413E-05 6.6667E-07
2.9942E-05 6.6667E-07
2.9043E-05 6.6667E-07
2.9925E-05 6.6667E-07
2.7186E-05 6.6667E-07
2.8332E-05 6.6667E-07
2.4507E-05 6.6667E-07
2.2939E-05 6.6667E-07
1.9938E-05 6.6667E-07
2.7185E-05 6.6667E-07
2.1850E-05 6.6667E-07
1.8991E-05 6.6667E-07
1.7471E-05 6.6667E-07
1.7451E-05 6.6667E-07
1.6683E-05 6.6667E-07
1.5739E-05 6.6667E-07
1.3027E-05 6.6667E-07
1.4509E-05 6.6667E-07
1.3186E-05 6.6667E-07
1.1657E-05 6.6667E-07
1.1552E-05 6.6667E-07
1.2458E-05 6.6667E-07
1.0209E-05 6.6667E-07
9.0669E-06 6.6667E-07
9.6934E-06 6.6667E-07
8.6817E-06 6.6667E-07
9.1832E-06 6.6667E-07
9.6072E-06 6.6667E-07
7.3887E-06 6.6667E-07
6.6339E-06 6.6667E-07
8.0392E-06 6.6667E-07
6.7474E-06 6.6667E-07
8.1416E-06 6.6667E-07
7.8426E-06 6.6667E-07
7.8888E-06 6.6667E-07
7.7243E-06 6.6667E-07
7.5841E-06 6.6667E-07
7.4836E-06 6.6667E-07
6.8553E-06 6.6667E-07
7.7827E-06 6.6667E-07
8.1414E-06 6.6667E-07
6.9855E-06 6.6667E-07
5.5596E-06 6.6667E-07
9.5158E-06 6.6667E-07
6.2151E-06 6.6667E-07
5.8545E-06 6.6667E-07
9.9016E-06 6.6667E-07
6.3274E-06 6.6667E-07
1.0921E-05 6.6667E-07
9.8297E-06 6.6667E-07
7.7157E-06 6.6667E-07
1.0785E-05 6.6667E-07
9.1099E-06 6.6667E-07
9.1166E-06 6.6667E-07
1.3107E-05 6.6667E-07
8.6171E-06 6.6667E-07
1.1916E-05 6.6667E-07
1.5659E-05 6.6667E-07
1.5479E-05 6.6667E-07
1.1695E-05 6.6667E-07
2.1271E-05 6.6667E-07
1.8421E-05 6.6667E-07
2.0031E-05 6.6667E-07
2.8249E-05 6.6667E-07
1.6484E-05 6.6667E-07
2.2921E-05 6.6667E-07
3.5410E-05 6.6667E-07
3.0612E-05 6.6667E-07
4.6135E-05 6.6667E-07
3.9116E-05 6.6667E-07
3.2230E-05 6.6667E-07
3.1479E-05 6.6667E-07
3.0767E-05 6.6667E-07
5.6534E-05 6.6667E-07
5.0438E-05 6.6667E-07
5.4938E-05 6.6667E-07
6.1607E-05 6.6667E-07
8.9031E-06 6.6667E-07
5.7614E-05 6.6667E-07
3.3465E-05 6.6667E-07
6.2450E-05 6.6667E-07
6.7131E-05 6.6667E-07
4.5121E-05 6.6667E-07
5.8871E-05 6.6667E-07
3.3736E-05 6.6667E-07
4.3071E-05 6.6667E-07
4.9794E-05 6.6667E-07
6.5531E-05 6.6667E-07
3.3415E-05 6.6667E-07
5.0871E-05 6.6667E-07
3.0537E-06 6.6667E-07
7.4285E-05 6.6667E-07
2.7226E-05 6.6667E-07
3.1223E-05 6.6667E-07
4.2448E-05 6.6667E-07
4.9923E-05 6.6667E-07
4.6583E-05 6.6667E-07
2.9426E-05 6.6667E-07
5.8606E-05 6.6667E-07
1.9172E-05 6.6667E-07
5.3354E-05 6.6667E-07
2.6545E-05 6.6667E-07
3.5407E-05 6.6667E-07
4.2638E-05 6.6667E-07
5.0885E-05 6.6667E-07
3.5458E-05 6.6667E-07
3.5675E-05 6.6667E-07
3.8775E-05 6.6667E-07
4.2175E-05 6.6667E-07
3.7052E-05 6.6667E-07
2.6643E-05 6.6667E-07
3.6029E-05 6.6667E-07
3.7900E-05 6.6667E-07
2.6644E-05 6.6667E-07
3.1136E-05 6.6667E-07
2.3886E-05 6.6667E-07
2.4442E-05 6.6667E-07
2.6634E-05 6.6667E-07
1.7704E-05 6.6667E-07
2.6988E-05 6.6667E-07
1.3594E-05 6.6667E-07
2.1688E-05 6.6667E-07
1.2058E-05 6.6667E-07
1.5941E-05 6.6667E-07
1.8454E-05 6.6667E-07
1.8030E-05 6.6667E-07
1.0397E-05 6.6667E-07
1.2725E-05 6.6667E-07
9.0877E-06 6.6667E-07
9.5081E-06 6.6667E-07
1.2899E-05 6.6667E-07
6.5498E-06 6.6667E-07
5.2532E-06 6.6667E-07
1.4093E-05 6.6667E-07
4.8535E-06 6.6667E-07
5.1028E-06 6.6667E-07
1.0416E-05 6.6667E-07
4.7064E-06 6.6667E-07
8.9466E-06 6.6667E-07
5.3825E-06 6.6667E-07
4.1295E-06 6.6667E-07
5.6875E-06 6.6667E-07
4.6603E-06 6.6667E-07
5.5726E-06 6.6667E-07
4.7367E-06 6.6667E-07
3.6806E-06 6.6667E-07
4.3761E-06 6.6667E-07
3.9394E-06 6.6667E-07
3.8225E-06 6.6667E-07
3.2433E-06 6.6667E-07
2.8751E-06 6.6667E-07
3.4096E-06 6.6667E-07
4.0857E-06 6.6667E-07
2.1284E-06 6.6667E-07
2.8989E-06 6.6667E-07
2.2809E-06 6.6667E-07
3.5950E-06 6.6667E-07
2.3078E-06 6.6667E-07
2.1558E-06 6.6667E-07
3.3997E-06 6.6667E-07
3.0136E-06 6.6667E-07
2.3183E-06 6.6667E-07
2.4513E-06 6.6667E-07
2.0654E-06 6.6667E-07
3.3827E-06 6.6667E-07
2.0980E-06 6.6667E-07
2.0938E-06 6.6667E-07
1.8366E-06 6.6667E-07
2.1489E-06 6.6667E-07
2.0369E-06 6.6667E-07
2.3179E-06 6.6667E-07
1.6807E-06 6.6667E-07
1.8762E-06 6.6667E-07
1.4029E-06 6.6667E-07
2.5408E-06 6.6667E-07
1.4243E-06 6.6667E-07
1.5922E-06 6.6667E-07
2.4258E-06 6.6667E-07
1.7371E-06 6.6667E-07
2.0909E-06 6.6667E-07
1.3346E-06 6.6667E-07
1.5575E-06 6.6667E-07
5.9511E-07 6.6667E-07
2.9961E-06 6.6667E-07
9.5025E-07 6.6667E-07
1.2602E-06 6.6667E-07
1.6773E-06 6.6667E-07
1.2163E-06 6.6667E-07
1.6054E-06 6.6667E-07
1.0226E-06 6.6667E-07
1.2908E-06 6.6667E-07
1.1087E-06 6.6667E-07
1.5180E-06 6.6667E-07
1.0367E-06 6.6667E-07
8.3868E-07 6.6667E-07
1.2939E-06 6.6667E-07
1.3638E-06 6.6667E-07
9.7094E-07 6.6667E-07
1.3090E-06 6.6667E-07
9.0467E-07 6.6667E-07
9.6835E-07 6.6667E-07
1.8567E-06 6.6667E-07
6.3552E-07 6.6667E-07
7.0667E-07 6.6667E-07
1.7482E-06 6.6667E-07
7.8024E-07 6.6667E-07
9.2752E-08 6.6667E-07
2.6119E-06 6.6667E-07
5.3647E-07 6.6667E-07
1.8445E-03 6.6667E-07
6.1781E-03 6.6667E-07
1.6148E-03 6.6667E-07
1.6894E-03 6.6667E-07
9.5302E-04 6.6667E-07
4.1977E-04 6.6667E-07
5.6003E-04 6.6667E-07
2.3228E-04 6.6667E-07
1.8524E-04 6.6667E-07
1.0801E-04 6.6667E-07
2.0486E-04 6.6667E-07
1.1129E-04 6.6667E-07
1.2589E-04 6.6667E-07
7.1226E-05 6.6667E-07
4.6614E-05 6.6667E-07
7.2731E-05 6.6667E-07
2.7015E-05 6.6667E-07
6.1523E-05 6.6667E-07
2.2156E-05 6.6667E-07
3.3362E-05 6.6667E-07
4.2031E-05 6.6667E-07
3.9335E-05 6.6667E-07
2.2509E-05 6.6667E-07
2.5288E-05 6.6667E-07
1.4923E-05 6.6667E-07
2.0241E-05 6.6667E-07
2.7642E-05 6.6667E-07
1.5019E-05 6.6667E-07
1.0931E-05 6.6667E-07
1.9641E-05 6.6667E-07
1.3935E-05 6.6667E-07
1.8359E-05 6.6667E-07
2.3997E-05 6.6667E-07
1.0668E-05 6.6667E-07
1.8751E-05 6.6667E-07
1.4415E-05 6.6667E-07
1.5192E-05 6.6667E-07
1.4006E-05 6.6667E-07
7.1250E-06 6.6667E-07
9.0804E-06 6.6667E-07
8.3941E-06 6.6667E-07
1.4427E-05 6.6667E-07
6.1639E-06 6.6667E-07
9.7550E-06 6.6667E-07
4.1130E-06 6.6667E-07
8.8716E-06 6.6667E-07
5.7320E-06 6.6667E-07
4.8492E-06 6.6667E-07
7.1167E-06 6.6667E-07
5.1406E-06 6.6667E-07
6.2082E-06 6.6667E-07
4.3808E-06 6.6667E-07
3.6382E-06 6.6667E-07
5.6242E-06 6.6667E-07
6.3774E-06 6.6667E-07
4.1276E-06 6.6667E-07
5.3557E-06 6.6667E-07
3.7692E-06 6.6667E-07
6.2905E-06 6.6667E-07
4.4755E-06 6.6667E-07
4.2568E-06 6.6667E-07
5.9311E-06 6.6667E-07
4.9052E-06 6.6667E-07
5.4530E-06 6.6667E-07
5.3462E-06 6.6667E-07
5.1082E-06 6.6667E-07
6.8608E-06 6.6667E-07
4.7354E-06 6.6667E-07
3.8574E-06 6.6667E-07
3.9745E-06 6.6667E-07
3.9973E-06 6.6667E-07
4.6613E-06 6.6667E-07
4.6652E-06 6.6667E-07
4.0260E-06 6.6667E-07
4.0708E-06 6.6667E-07
4.7277E-06 6.6667E-07
3.3271E-06 6.6667E-07
3.7971E-06 6.6667E-07
3.9808E-06 6.6667E-07
2.4554E-06 6.6667E-07
2.2517E-06 6.6667E-07
3.1122E-06 6.6667E-07
3.8067E-06 6.6667E-07
2.4126E-06 6.6667E-07
4.0393E-06 6.6667E-07
2.2626E-06 6.6667E-07
1.9293E-06 6.6667E-07
2.9514E-06 6.6667E-07
2.6900E-06 6.6667E-07
2.4411E-06 6.6667E-07
2.5206E-06 6.6667E-07
1.8902E-06 6.6667E-07
2.2606E-06 6.6667E-07
3.4945E-06 6.6667E-07
2.5593E-06 6.6667E-07
3.3061E-06 6.6667E-07
7.7651E-07 6.6667E-07
3.5502E-06 6.6667E-07
5.8600E-07 6.6667E-07
