660.6
166.4
212.4
186.4
186.5
166.3
152.9
153.3
156.5
152.9
122.4
156.3
148.5
153.2
154.9
156.3
156.0
151.5
154.9
123.5
123.9
121.7
116.2
120.8
152.4
121.7
120.5
120.7
157.0
105.2
124.0
115.1
123.2
155.9
123.5
124.8
122.2
122.4
123.1
121.4
123.3
122.6
121.9
121.7
122.5
126.8
124.8
123.5
124.0
124.0
116.2
108.4
138.8
124.5
122.3
123.5
122.7
122.1
121.3
105.2
123.1
123.3
123.8
124.6
126.8
122.0
123.8
123.8
121.9
123.5
123.5
120.8
121.9
125.2
122.5
124.3
124.6
122.8
123.5
122.5
124.3
106.5
121.4
112.5
121.7
121.9
107.7
109.3
138.5
106.7
122.2
101.0
106.7
105.9
143.4
125.2
123.2
124.2
107.4
107.1
