RMS Grad   Target
1.2966E-02 2.0000E-04
1.2730E-02 2.0000E-04
1.1011E-02 2.0000E-04
8.3559E-03 2.0000E-04
5.7790E-03 2.0000E-04
3.9253E-03 2.0000E-04
2.9091E-03 2.0000E-04
2.7019E-03 2.0000E-04
2.8456E-03 2.0000E-04
3.1091E-03 2.0000E-04
3.3818E-03 2.0000E-04
3.5543E-03 2.0000E-04
3.5946E-03 2.0000E-04
3.6473E-03 2.0000E-04
3.5825E-03 2.0000E-04
3.4500E-03 2.0000E-04
3.4439E-03 2.0000E-04
3.2326E-03 2.0000E-04
3.1287E-03 2.0000E-04
2.9035E-03 2.0000E-04
2.6878E-03 2.0000E-04
2.4924E-03 2.0000E-04
2.2681E-03 2.0000E-04
2.0696E-03 2.0000E-04
1.8850E-03 2.0000E-04
1.7038E-03 2.0000E-04
1.5224E-03 2.0000E-04
1.4228E-03 2.0000E-04
1.2655E-03 2.0000E-04
1.1951E-03 2.0000E-04
1.1122E-03 2.0000E-04
1.0731E-03 2.0000E-04
1.0556E-03 2.0000E-04
1.0479E-03 2.0000E-04
1.1400E-03 2.0000E-04
1.1305E-03 2.0000E-04
1.2833E-03 2.0000E-04
1.2638E-03 2.0000E-04
1.3972E-03 2.0000E-04
1.3679E-03 2.0000E-04
1.4540E-03 2.0000E-04
1.4125E-03 2.0000E-04
1.4803E-03 2.0000E-04
1.4291E-03 2.0000E-04
1.4996E-03 2.0000E-04
1.4365E-03 2.0000E-04
1.5071E-03 2.0000E-04
1.4350E-03 2.0000E-04
1.4837E-03 2.0000E-04
1.4049E-03 2.0000E-04
1.4424E-03 2.0000E-04
1.3512E-03 2.0000E-04
1.4056E-03 2.0000E-04
1.3000E-03 2.0000E-04
1.3655E-03 2.0000E-04
1.2468E-03 2.0000E-04
1.2501E-03 2.0000E-04
1.1268E-03 2.0000E-04
1.1205E-03 2.0000E-04
1.0013E-03 2.0000E-04
1.0103E-03 2.0000E-04
9.1016E-04 2.0000E-04
8.4957E-04 2.0000E-04
8.6055E-04 2.0000E-04
8.2881E-04 2.0000E-04
1.0143E-03 2.0000E-04
9.7552E-04 2.0000E-04
1.1553E-03 2.0000E-04
1.1007E-03 2.0000E-04
1.2116E-03 2.0000E-04
1.1500E-03 2.0000E-04
1.2601E-03 2.0000E-04
1.1913E-03 2.0000E-04
1.2541E-03 2.0000E-04
1.1712E-03 2.0000E-04
1.2451E-03 2.0000E-04
1.1540E-03 2.0000E-04
1.2006E-03 2.0000E-04
1.1028E-03 2.0000E-04
1.1127E-03 2.0000E-04
1.0159E-03 2.0000E-04
1.0139E-03 2.0000E-04
9.2059E-04 2.0000E-04
9.2395E-04 2.0000E-04
8.4350E-04 2.0000E-04
8.3383E-04 2.0000E-04
7.8273E-04 2.0000E-04
7.3012E-04 2.0000E-04
7.1748E-04 2.0000E-04
6.8960E-04 2.0000E-04
7.1882E-04 2.0000E-04
6.8784E-04 2.0000E-04
8.1225E-04 2.0000E-04
7.6844E-04 2.0000E-04
9.1724E-04 2.0000E-04
8.7007E-04 2.0000E-04
1.0552E-03 2.0000E-04
9.8718E-04 2.0000E-04
1.0965E-03 2.0000E-04
1.0127E-03 2.0000E-04
1.1141E-03 2.0000E-04
1.0175E-03 2.0000E-04
1.0921E-03 2.0000E-04
9.9032E-04 2.0000E-04
1.0485E-03 2.0000E-04
9.4731E-04 2.0000E-04
1.0157E-03 2.0000E-04
9.2289E-04 2.0000E-04
1.0135E-03 2.0000E-04
9.1894E-04 2.0000E-04
9.6869E-04 2.0000E-04
8.7409E-04 2.0000E-04
8.8573E-04 2.0000E-04
8.0126E-04 2.0000E-04
7.8436E-04 2.0000E-04
7.2128E-04 2.0000E-04
6.7996E-04 2.0000E-04
6.3150E-04 2.0000E-04
6.1001E-04 2.0000E-04
5.9809E-04 2.0000E-04
5.7158E-04 2.0000E-04
6.3270E-04 2.0000E-04
5.9900E-04 2.0000E-04
7.2158E-04 2.0000E-04
6.8066E-04 2.0000E-04
8.1852E-04 2.0000E-04
7.5680E-04 2.0000E-04
8.2982E-04 2.0000E-04
7.4982E-04 2.0000E-04
8.2838E-04 2.0000E-04
7.4751E-04 2.0000E-04
7.9042E-04 2.0000E-04
7.3600E-04 2.0000E-04
7.4020E-04 2.0000E-04
6.8516E-04 2.0000E-04
9.6389E-04 2.0000E-04
8.7263E-04 2.0000E-04
1.1048E-03 2.0000E-04
9.5270E-04 2.0000E-04
1.0201E-03 2.0000E-04
8.4703E-04 2.0000E-04
9.1187E-04 2.0000E-04
7.4793E-04 2.0000E-04
8.0715E-04 2.0000E-04
6.6667E-04 2.0000E-04
7.1636E-04 2.0000E-04
6.0946E-04 2.0000E-04
6.9934E-04 2.0000E-04
6.1062E-04 2.0000E-04
7.1846E-04 2.0000E-04
6.3355E-04 2.0000E-04
6.8946E-04 2.0000E-04
6.0270E-04 2.0000E-04
7.7370E-04 2.0000E-04
6.1632E-04 2.0000E-04
7.6173E-04 2.0000E-04
5.9840E-04 2.0000E-04
7.2471E-04 2.0000E-04
5.8265E-04 2.0000E-04
7.6243E-04 2.0000E-04
5.7603E-04 2.0000E-04
7.2863E-04 2.0000E-04
5.9568E-04 2.0000E-04
6.4341E-04 2.0000E-04
5.3599E-04 2.0000E-04
5.6625E-04 2.0000E-04
4.9573E-04 2.0000E-04
5.6507E-04 2.0000E-04
5.1078E-04 2.0000E-04
6.1360E-04 2.0000E-04
5.4624E-04 2.0000E-04
6.5760E-04 2.0000E-04
5.6665E-04 2.0000E-04
6.7025E-04 2.0000E-04
5.4605E-04 2.0000E-04
5.6743E-04 2.0000E-04
4.9507E-04 2.0000E-04
4.5724E-04 2.0000E-04
4.7577E-04 2.0000E-04
6.7418E-04 2.0000E-04
5.0545E-04 2.0000E-04
8.6349E-04 2.0000E-04
4.4213E-04 2.0000E-04
5.1127E-04 2.0000E-04
5.2927E-04 2.0000E-04
4.7488E-04 2.0000E-04
4.8027E-04 2.0000E-04
4.1191E-04 2.0000E-04
4.8003E-04 2.0000E-04
4.1840E-04 2.0000E-04
4.8508E-04 2.0000E-04
4.2766E-04 2.0000E-04
4.7500E-04 2.0000E-04
4.3761E-04 2.0000E-04
4.9320E-04 2.0000E-04
4.7698E-04 2.0000E-04
5.7724E-04 2.0000E-04
5.5301E-04 2.0000E-04
1.0752E-03 2.0000E-04
4.8049E-04 2.0000E-04
3.6305E-04 2.0000E-04
4.1203E-04 2.0000E-04
4.8391E-04 2.0000E-04
4.4440E-04 2.0000E-04
7.0485E-04 2.0000E-04
5.9210E-04 2.0000E-04
6.5142E-04 2.0000E-04
4.6262E-04 2.0000E-04
4.6075E-04 2.0000E-04
4.2993E-04 2.0000E-04
4.8876E-04 2.0000E-04
8.7479E-04 2.0000E-04
4.8562E-04 2.0000E-04
4.8417E-04 2.0000E-04
4.2014E-04 2.0000E-04
5.1393E-04 2.0000E-04
4.3625E-04 2.0000E-04
4.2202E-04 2.0000E-04
3.6824E-04 2.0000E-04
3.5170E-04 2.0000E-04
3.8487E-04 2.0000E-04
4.0669E-04 2.0000E-04
4.4901E-04 2.0000E-04
4.2888E-04 2.0000E-04
6.7400E-04 2.0000E-04
4.0942E-04 2.0000E-04
5.4156E-04 2.0000E-04
4.4087E-04 2.0000E-04
4.8842E-04 2.0000E-04
4.9218E-04 2.0000E-04
5.3330E-04 2.0000E-04
5.7159E-04 2.0000E-04
4.5069E-04 2.0000E-04
4.3085E-04 2.0000E-04
3.1607E-04 2.0000E-04
3.8213E-04 2.0000E-04
3.5934E-04 2.0000E-04
6.8873E-04 2.0000E-04
4.9451E-04 2.0000E-04
4.9432E-04 2.0000E-04
4.6582E-04 2.0000E-04
4.4347E-04 2.0000E-04
4.6489E-04 2.0000E-04
4.1434E-04 2.0000E-04
5.3700E-04 2.0000E-04
6.8263E-04 2.0000E-04
3.7182E-04 2.0000E-04
3.2827E-04 2.0000E-04
4.9361E-04 2.0000E-04
4.0744E-04 2.0000E-04
7.2206E-04 2.0000E-04
3.4584E-04 2.0000E-04
3.2255E-04 2.0000E-04
5.1593E-04 2.0000E-04
5.6351E-04 2.0000E-04
3.8875E-04 2.0000E-04
3.3859E-04 2.0000E-04
4.5178E-04 2.0000E-04
4.9224E-04 2.0000E-04
4.5343E-04 2.0000E-04
4.3856E-04 2.0000E-04
6.5788E-04 2.0000E-04
5.6681E-04 2.0000E-04
4.2754E-04 2.0000E-04
3.8218E-04 2.0000E-04
4.0371E-04 2.0000E-04
4.1579E-04 2.0000E-04
3.9419E-04 2.0000E-04
3.9378E-04 2.0000E-04
3.5408E-04 2.0000E-04
3.3480E-04 2.0000E-04
3.0992E-04 2.0000E-04
4.1173E-04 2.0000E-04
3.5497E-04 2.0000E-04
6.9440E-04 2.0000E-04
4.4583E-04 2.0000E-04
4.1197E-04 2.0000E-04
3.7897E-04 2.0000E-04
3.3922E-04 2.0000E-04
3.1118E-04 2.0000E-04
4.7354E-04 2.0000E-04
3.2267E-04 2.0000E-04
3.7448E-04 2.0000E-04
4.3451E-04 2.0000E-04
4.3309E-04 2.0000E-04
3.6100E-04 2.0000E-04
4.9214E-04 2.0000E-04
3.7429E-04 2.0000E-04
3.6919E-04 2.0000E-04
4.8174E-04 2.0000E-04
3.8612E-04 2.0000E-04
3.9978E-04 2.0000E-04
5.1027E-04 2.0000E-04
4.3031E-04 2.0000E-04
4.5946E-04 2.0000E-04
4.3934E-04 2.0000E-04
4.1373E-04 2.0000E-04
3.9308E-04 2.0000E-04
4.2382E-04 2.0000E-04
4.1394E-04 2.0000E-04
4.1331E-04 2.0000E-04
3.9148E-04 2.0000E-04
4.4390E-04 2.0000E-04
4.3926E-04 2.0000E-04
5.1985E-04 2.0000E-04
4.7110E-04 2.0000E-04
6.2619E-04 2.0000E-04
3.8797E-04 2.0000E-04
4.2912E-04 2.0000E-04
5.2588E-04 2.0000E-04
4.6350E-04 2.0000E-04
3.8343E-04 2.0000E-04
4.0071E-04 2.0000E-04
4.0297E-04 2.0000E-04
5.1209E-04 2.0000E-04
4.2434E-04 2.0000E-04
3.8522E-04 2.0000E-04
3.5151E-04 2.0000E-04
3.7605E-04 2.0000E-04
4.1411E-04 2.0000E-04
3.5166E-04 2.0000E-04
3.2834E-04 2.0000E-04
3.3877E-04 2.0000E-04
3.3913E-04 2.0000E-04
3.5100E-04 2.0000E-04
3.7948E-04 2.0000E-04
2.8253E-04 2.0000E-04
2.6905E-04 2.0000E-04
3.4751E-04 2.0000E-04
3.6853E-04 2.0000E-04
2.7007E-04 2.0000E-04
2.8789E-04 2.0000E-04
3.6814E-04 2.0000E-04
3.0236E-04 2.0000E-04
3.9306E-04 2.0000E-04
4.5091E-04 2.0000E-04
3.4581E-04 2.0000E-04
2.6682E-04 2.0000E-04
3.4677E-04 2.0000E-04
3.6405E-04 2.0000E-04
2.7322E-04 2.0000E-04
2.9922E-04 2.0000E-04
4.0313E-04 2.0000E-04
2.9037E-04 2.0000E-04
3.1756E-04 2.0000E-04
2.9259E-04 2.0000E-04
2.4949E-04 2.0000E-04
4.1585E-04 2.0000E-04
2.4954E-04 2.0000E-04
2.3487E-04 2.0000E-04
3.7310E-04 2.0000E-04
3.1182E-04 2.0000E-04
2.3645E-04 2.0000E-04
2.5945E-04 2.0000E-04
3.5827E-04 2.0000E-04
2.8125E-04 2.0000E-04
2.6669E-04 2.0000E-04
3.4494E-04 2.0000E-04
2.3669E-04 2.0000E-04
2.4436E-04 2.0000E-04
2.8064E-04 2.0000E-04
4.5023E-04 2.0000E-04
2.3993E-04 2.0000E-04
2.3168E-04 2.0000E-04
2.8248E-04 2.0000E-04
5.4171E-04 2.0000E-04
2.5501E-04 2.0000E-04
2.3820E-04 2.0000E-04
3.2390E-04 2.0000E-04
3.3255E-04 2.0000E-04
3.0102E-04 2.0000E-04
2.6273E-04 2.0000E-04
2.9567E-04 2.0000E-04
3.2071E-04 2.0000E-04
3.0696E-04 2.0000E-04
2.7117E-04 2.0000E-04
3.4117E-04 2.0000E-04
3.5527E-04 2.0000E-04
3.2268E-04 2.0000E-04
3.4062E-04 2.0000E-04
3.4546E-04 2.0000E-04
2.9080E-04 2.0000E-04
3.4446E-04 2.0000E-04
5.1482E-04 2.0000E-04
3.1571E-04 2.0000E-04
3.5534E-04 2.0000E-04
3.6900E-04 2.0000E-04
3.5690E-04 2.0000E-04
3.2300E-04 2.0000E-04
4.1614E-04 2.0000E-04
4.2164E-04 2.0000E-04
3.6176E-04 2.0000E-04
4.6543E-04 2.0000E-04
4.2650E-04 2.0000E-04
8.3457E-04 2.0000E-04
3.6580E-04 2.0000E-04
3.2780E-04 2.0000E-04
4.1478E-04 2.0000E-04
5.4257E-04 2.0000E-04
4.4635E-04 2.0000E-04
3.1436E-04 2.0000E-04
3.9807E-04 2.0000E-04
5.1984E-04 2.0000E-04
4.0767E-04 2.0000E-04
3.8419E-04 2.0000E-04
3.4833E-04 2.0000E-04
3.1383E-04 2.0000E-04
4.7005E-04 2.0000E-04
3.4808E-04 2.0000E-04
3.1705E-04 2.0000E-04
3.5240E-04 2.0000E-04
4.0086E-04 2.0000E-04
2.7684E-04 2.0000E-04
2.7662E-04 2.0000E-04
3.8034E-04 2.0000E-04
2.8926E-04 2.0000E-04
3.5476E-04 2.0000E-04
3.1176E-04 2.0000E-04
2.4240E-04 2.0000E-04
2.8063E-04 2.0000E-04
4.1358E-04 2.0000E-04
2.8843E-04 2.0000E-04
2.5542E-04 2.0000E-04
3.2197E-04 2.0000E-04
3.0420E-04 2.0000E-04
5.1516E-04 2.0000E-04
2.4335E-04 2.0000E-04
2.2658E-04 2.0000E-04
2.8860E-04 2.0000E-04
6.0054E-04 2.0000E-04
2.6524E-04 2.0000E-04
2.0944E-04 2.0000E-04
2.6383E-04 2.0000E-04
3.9422E-04 2.0000E-04
3.7600E-04 2.0000E-04
2.1072E-04 2.0000E-04
2.7509E-04 2.0000E-04
3.0341E-04 2.0000E-04
2.4796E-04 2.0000E-04
4.1302E-04 2.0000E-04
2.4493E-04 2.0000E-04
2.2928E-04 2.0000E-04
3.1668E-04 2.0000E-04
3.3809E-04 2.0000E-04
2.2421E-04 2.0000E-04
2.3347E-04 2.0000E-04
2.7757E-04 2.0000E-04
2.7148E-04 2.0000E-04
3.4485E-04 2.0000E-04
2.3664E-04 2.0000E-04
2.4358E-04 2.0000E-04
3.3436E-04 2.0000E-04
2.3208E-04 2.0000E-04
2.1773E-04 2.0000E-04
2.7536E-04 2.0000E-04
2.5395E-04 2.0000E-04
2.2509E-04 2.0000E-04
2.3606E-04 2.0000E-04
2.8859E-04 2.0000E-04
2.4799E-04 2.0000E-04
2.4687E-04 2.0000E-04
2.7770E-04 2.0000E-04
2.4937E-04 2.0000E-04
2.4723E-04 2.0000E-04
3.8526E-04 2.0000E-04
2.4866E-04 2.0000E-04
2.3802E-04 2.0000E-04
4.6480E-04 2.0000E-04
3.3626E-04 2.0000E-04
2.6336E-04 2.0000E-04
2.5931E-04 2.0000E-04
3.0952E-04 2.0000E-04
5.1856E-04 2.0000E-04
2.3041E-04 2.0000E-04
2.2166E-04 2.0000E-04
2.8923E-04 2.0000E-04
6.2767E-04 2.0000E-04
2.8204E-04 2.0000E-04
2.7972E-04 2.0000E-04
2.8154E-04 2.0000E-04
2.5567E-04 2.0000E-04
3.0902E-04 2.0000E-04
3.0089E-04 2.0000E-04
2.2850E-04 2.0000E-04
2.4253E-04 2.0000E-04
3.0123E-04 2.0000E-04
2.2489E-04 2.0000E-04
2.2061E-04 2.0000E-04
2.7886E-04 2.0000E-04
2.1771E-04 2.0000E-04
2.2876E-04 2.0000E-04
2.9896E-04 2.0000E-04
2.0880E-04 2.0000E-04
2.0176E-04 2.0000E-04
3.0918E-04 2.0000E-04
2.3911E-04 2.0000E-04
2.3801E-04 2.0000E-04
1.9768E-04 2.0000E-04
1.9614E-04 2.0000E-04
3.0405E-04 2.0000E-04
2.4147E-04 2.0000E-04
1.8330E-04 2.0000E-04
2.0424E-04 2.0000E-04
3.0534E-04 2.0000E-04
2.1169E-04 2.0000E-04
2.0963E-04 2.0000E-04
2.4705E-04 2.0000E-04
2.2496E-04 2.0000E-04
2.7628E-04 2.0000E-04
2.0776E-04 2.0000E-04
1.7947E-04 2.0000E-04
2.2142E-04 2.0000E-04
3.3902E-04 2.0000E-04
1.8117E-04 2.0000E-04
1.7056E-04 2.0000E-04
2.0403E-04 2.0000E-04
2.3273E-04 2.0000E-04
2.0392E-04 2.0000E-04
1.6265E-04 2.0000E-04
1.6900E-04 2.0000E-04
3.4687E-04 2.0000E-04
1.6524E-04 2.0000E-04
1.5584E-04 2.0000E-04
1.9902E-04 2.0000E-04
4.4157E-04 2.0000E-04
1.8669E-04 2.0000E-04
1.5729E-04 2.0000E-04
2.5234E-04 2.0000E-04
2.1080E-04 2.0000E-04
2.1621E-04 2.0000E-04
2.4102E-04 2.0000E-04
1.8596E-04 2.0000E-04
1.9919E-04 2.0000E-04
2.9493E-04 2.0000E-04
2.0756E-04 2.0000E-04
2.3467E-04 2.0000E-04
3.8323E-04 2.0000E-04
2.0755E-04 2.0000E-04
2.0549E-04 2.0000E-04
2.2429E-04 2.0000E-04
3.2213E-04 2.0000E-04
2.8849E-04 2.0000E-04
1.8101E-04 2.0000E-04
2.5923E-04 2.0000E-04
2.5592E-04 2.0000E-04
1.8121E-04 2.0000E-04
2.6747E-04 2.0000E-04
2.3252E-04 2.0000E-04
1.8265E-04 2.0000E-04
2.1681E-04 2.0000E-04
2.9842E-04 2.0000E-04
1.7689E-04 2.0000E-04
1.3656E-04 2.0000E-04
1.7794E-04 2.0000E-04
1.8276E-04 2.0000E-04
1.6763E-04 2.0000E-04
1.3435E-04 2.0000E-04
1.4161E-04 2.0000E-04
1.9083E-04 2.0000E-04
1.3004E-04 2.0000E-04
1.3406E-04 2.0000E-04
1.8761E-04 2.0000E-04
1.4295E-04 2.0000E-04
1.3831E-04 2.0000E-04
1.8282E-04 2.0000E-04
1.5390E-04 2.0000E-04
1.4377E-04 2.0000E-04
2.0648E-04 2.0000E-04
1.7131E-04 2.0000E-04
1.5275E-04 2.0000E-04
2.1491E-04 2.0000E-04
2.2403E-04 2.0000E-04
1.6330E-04 2.0000E-04
2.3787E-04 2.0000E-04
2.5383E-04 2.0000E-04
1.7970E-04 2.0000E-04
1.5145E-04 2.0000E-04
2.0677E-04 2.0000E-04
2.9791E-04 2.0000E-04
1.8917E-04 2.0000E-04
1.9303E-04 2.0000E-04
3.1151E-04 2.0000E-04
2.3554E-04 2.0000E-04
2.6448E-04 2.0000E-04
2.8949E-04 2.0000E-04
2.4907E-04 2.0000E-04
2.7610E-04 2.0000E-04
2.5646E-04 2.0000E-04
3.4754E-04 2.0000E-04
3.0128E-04 2.0000E-04
3.0868E-04 2.0000E-04
3.0868E-04 2.0000E-04
4.3070E-04 2.0000E-04
2.9382E-04 2.0000E-04
2.6966E-04 2.0000E-04
2.6492E-04 2.0000E-04
4.2981E-04 2.0000E-04
2.7338E-04 2.0000E-04
2.5460E-04 2.0000E-04
2.7588E-04 2.0000E-04
3.5471E-04 2.0000E-04
2.9096E-04 2.0000E-04
2.4733E-04 2.0000E-04
3.2323E-04 2.0000E-04
2.5340E-04 2.0000E-04
3.0929E-04 2.0000E-04
2.9021E-04 2.0000E-04
2.1364E-04 2.0000E-04
2.1449E-04 2.0000E-04
3.2790E-04 2.0000E-04
2.5927E-04 2.0000E-04
2.5264E-04 2.0000E-04
2.6970E-04 2.0000E-04
2.1683E-04 2.0000E-04
1.8201E-04 2.0000E-04
2.9322E-04 2.0000E-04
2.2844E-04 2.0000E-04
1.8333E-04 2.0000E-04
2.2961E-04 2.0000E-04
2.9751E-04 2.0000E-04
1.9233E-04 2.0000E-04
1.7751E-04 2.0000E-04
2.4259E-04 2.0000E-04
1.9124E-04 2.0000E-04
2.3990E-04 2.0000E-04
1.6140E-04 2.0000E-04
1.5486E-04 2.0000E-04
2.3073E-04 2.0000E-04
2.3922E-04 2.0000E-04
1.5432E-04 2.0000E-04
1.7362E-04 2.0000E-04
2.0345E-04 2.0000E-04
1.6438E-04 2.0000E-04
2.1169E-04 2.0000E-04
1.5718E-04 2.0000E-04
1.4864E-04 2.0000E-04
1.9326E-04 2.0000E-04
2.2651E-04 2.0000E-04
1.3133E-04 2.0000E-04
1.2333E-04 2.0000E-04
1.5149E-04 2.0000E-04
2.0975E-04 2.0000E-04
1.3982E-04 2.0000E-04
1.3331E-04 2.0000E-04
1.5958E-04 2.0000E-04
2.3035E-04 2.0000E-04
1.3024E-04 2.0000E-04
1.2329E-04 2.0000E-04
1.4656E-04 2.0000E-04
2.9013E-04 2.0000E-04
1.2937E-04 2.0000E-04
1.1694E-04 2.0000E-04
1.4889E-04 2.0000E-04
2.6768E-04 2.0000E-04
1.4933E-04 2.0000E-04
1.3528E-04 2.0000E-04
1.5428E-04 2.0000E-04
2.0139E-04 2.0000E-04
1.5335E-04 2.0000E-04
1.4059E-04 2.0000E-04
1.6976E-04 2.0000E-04
1.9204E-04 2.0000E-04
2.1688E-04 2.0000E-04
2.0910E-04 2.0000E-04
2.2242E-04 2.0000E-04
1.5840E-04 2.0000E-04
1.4871E-04 2.0000E-04
2.3394E-04 2.0000E-04
1.7312E-04 2.0000E-04
1.6352E-04 2.0000E-04
2.1922E-04 2.0000E-04
2.5602E-04 2.0000E-04
1.8926E-04 2.0000E-04
1.6680E-04 2.0000E-04
1.7663E-04 2.0000E-04
2.2400E-04 2.0000E-04
1.7131E-04 2.0000E-04
1.6092E-04 2.0000E-04
2.1399E-04 2.0000E-04
2.0389E-04 2.0000E-04
1.7341E-04 2.0000E-04
1.7909E-04 2.0000E-04
2.1837E-04 2.0000E-04
1.7259E-04 2.0000E-04
2.0747E-04 2.0000E-04
2.0108E-04 2.0000E-04
1.9303E-04 2.0000E-04
1.6667E-04 2.0000E-04
1.6025E-04 2.0000E-04
1.4610E-04 2.0000E-04
2.1689E-04 2.0000E-04
1.7222E-04 2.0000E-04
1.3233E-04 2.0000E-04
1.5578E-04 2.0000E-04
2.6253E-04 2.0000E-04
1.6093E-04 2.0000E-04
1.4547E-04 2.0000E-04
1.6758E-04 2.0000E-04
2.2169E-04 2.0000E-04
1.9915E-04 2.0000E-04
1.5889E-04 2.0000E-04
1.8734E-04 2.0000E-04
2.8361E-04 2.0000E-04
2.0279E-04 2.0000E-04
1.9513E-04 2.0000E-04
3.3851E-04 2.0000E-04
3.9778E-04 2.0000E-04
2.6262E-04 2.0000E-04
2.8693E-04 2.0000E-04
2.7223E-04 2.0000E-04
2.6148E-04 2.0000E-04
3.3191E-04 2.0000E-04
2.3476E-04 2.0000E-04
2.9866E-04 2.0000E-04
3.4013E-04 2.0000E-04
2.9386E-04 2.0000E-04
2.4515E-04 2.0000E-04
2.9357E-04 2.0000E-04
3.7895E-04 2.0000E-04
2.3450E-04 2.0000E-04
2.1324E-04 2.0000E-04
3.1611E-04 2.0000E-04
2.1864E-04 2.0000E-04
3.4622E-04 2.0000E-04
2.2621E-04 2.0000E-04
2.3557E-04 2.0000E-04
2.0634E-04 2.0000E-04
2.0620E-04 2.0000E-04
2.7308E-04 2.0000E-04
2.3429E-04 2.0000E-04
2.2175E-04 2.0000E-04
2.7650E-04 2.0000E-04
2.6779E-04 2.0000E-04
2.1158E-04 2.0000E-04
2.5708E-04 2.0000E-04
3.0969E-04 2.0000E-04
2.3706E-04 2.0000E-04
3.3473E-04 2.0000E-04
2.4133E-04 2.0000E-04
1.9173E-04 2.0000E-04
1.6056E-04 2.0000E-04
2.1821E-04 2.0000E-04
2.6007E-04 2.0000E-04
1.5747E-04 2.0000E-04
1.5162E-04 2.0000E-04
1.9736E-04 2.0000E-04
2.1267E-04 2.0000E-04
1.6790E-04 2.0000E-04
1.6697E-04 2.0000E-04
2.2494E-04 2.0000E-04
1.9335E-04 2.0000E-04
1.5329E-04 2.0000E-04
2.0359E-04 2.0000E-04
2.3004E-04 2.0000E-04
1.7953E-04 2.0000E-04
1.5754E-04 2.0000E-04
1.5156E-04 2.0000E-04
1.4204E-04 2.0000E-04
2.2255E-04 2.0000E-04
1.3418E-04 2.0000E-04
1.1656E-04 2.0000E-04
1.3113E-04 2.0000E-04
2.4851E-04 2.0000E-04
1.2472E-04 2.0000E-04
1.1253E-04 2.0000E-04
1.2962E-04 2.0000E-04
2.4268E-04 2.0000E-04
1.3207E-04 2.0000E-04
1.1771E-04 2.0000E-04
1.7488E-04 2.0000E-04
1.5029E-04 2.0000E-04
1.2921E-04 2.0000E-04
1.4662E-04 2.0000E-04
2.2884E-04 2.0000E-04
1.3114E-04 2.0000E-04
1.2162E-04 2.0000E-04
1.4249E-04 2.0000E-04
3.2222E-04 2.0000E-04
1.2259E-04 2.0000E-04
1.1234E-04 2.0000E-04
1.3961E-04 2.0000E-04
2.3946E-04 2.0000E-04
1.2553E-04 2.0000E-04
1.1681E-04 2.0000E-04
1.6340E-04 2.0000E-04
2.2601E-04 2.0000E-04
1.3519E-04 2.0000E-04
1.3547E-04 2.0000E-04
1.6159E-04 2.0000E-04
1.8720E-04 2.0000E-04
2.0807E-04 2.0000E-04
1.3289E-04 2.0000E-04
1.3285E-04 2.0000E-04
1.7695E-04 2.0000E-04
1.6855E-04 2.0000E-04
1.7194E-04 2.0000E-04
1.4256E-04 2.0000E-04
1.5860E-04 2.0000E-04
2.1826E-04 2.0000E-04
1.4542E-04 2.0000E-04
1.6629E-04 2.0000E-04
2.1970E-04 2.0000E-04
1.8662E-04 2.0000E-04
1.9481E-04 2.0000E-04
1.6316E-04 2.0000E-04
1.6973E-04 2.0000E-04
2.5586E-04 2.0000E-04
1.6147E-04 2.0000E-04
1.6593E-04 2.0000E-04
2.4522E-04 2.0000E-04
1.7051E-04 2.0000E-04
1.7691E-04 2.0000E-04
1.6519E-04 2.0000E-04
1.7213E-04 2.0000E-04
2.4496E-04 2.0000E-04
1.5719E-04 2.0000E-04
1.6751E-04 2.0000E-04
1.9073E-04 2.0000E-04
3.7026E-04 2.0000E-04
1.5011E-04 2.0000E-04
1.2976E-04 2.0000E-04
1.7625E-04 2.0000E-04
2.6767E-04 2.0000E-04
1.6880E-04 2.0000E-04
1.4934E-04 2.0000E-04
1.7574E-04 2.0000E-04
2.5123E-04 2.0000E-04
1.7061E-04 2.0000E-04
1.4755E-04 2.0000E-04
1.8557E-04 2.0000E-04
1.8636E-04 2.0000E-04
1.5668E-04 2.0000E-04
1.4813E-04 2.0000E-04
1.8679E-04 2.0000E-04
1.6273E-04 2.0000E-04
1.2862E-04 2.0000E-04
1.3816E-04 2.0000E-04
1.5679E-04 2.0000E-04
1.2979E-04 2.0000E-04
1.1815E-04 2.0000E-04
1.2995E-04 2.0000E-04
1.3989E-04 2.0000E-04
1.2475E-04 2.0000E-04
1.3295E-04 2.0000E-04
1.3642E-04 2.0000E-04
1.2590E-04 2.0000E-04
1.4822E-04 2.0000E-04
1.5724E-04 2.0000E-04
1.2676E-04 2.0000E-04
1.3565E-04 2.0000E-04
2.0623E-04 2.0000E-04
1.3597E-04 2.0000E-04
1.2259E-04 2.0000E-04
2.1999E-04 2.0000E-04
1.6274E-04 2.0000E-04
1.3514E-04 2.0000E-04
1.1656E-04 2.0000E-04
1.4688E-04 2.0000E-04
1.9661E-04 2.0000E-04
1.0854E-04 2.0000E-04
1.0442E-04 2.0000E-04
1.2572E-04 2.0000E-04
2.1214E-04 2.0000E-04
1.1235E-04 2.0000E-04
1.0398E-04 2.0000E-04
1.2382E-04 2.0000E-04
2.3282E-04 2.0000E-04
1.2821E-04 2.0000E-04
1.1024E-04 2.0000E-04
1.1680E-04 2.0000E-04
1.4969E-04 2.0000E-04
1.7312E-04 2.0000E-04
1.1206E-04 2.0000E-04
1.1473E-04 2.0000E-04
1.2780E-04 2.0000E-04
3.3889E-04 2.0000E-04
1.0564E-04 2.0000E-04
9.1139E-05 2.0000E-04
1.2174E-04 2.0000E-04
1.8487E-04 2.0000E-04
1.6807E-04 2.0000E-04
1.3440E-04 2.0000E-04
1.0735E-04 2.0000E-04
1.0498E-04 2.0000E-04
1.4187E-04 2.0000E-04
1.8464E-04 2.0000E-04
9.5821E-05 2.0000E-04
8.1140E-05 2.0000E-04
9.8332E-05 2.0000E-04
2.0532E-04 2.0000E-04
8.7554E-05 2.0000E-04
6.9958E-05 2.0000E-04
8.8146E-05 2.0000E-04
1.4792E-04 2.0000E-04
8.0029E-05 2.0000E-04
6.3006E-05 2.0000E-04
7.9680E-05 2.0000E-04
1.1743E-04 2.0000E-04
8.0021E-05 2.0000E-04
6.8081E-05 2.0000E-04
8.7030E-05 2.0000E-04
8.1323E-05 2.0000E-04
7.5428E-05 2.0000E-04
7.3602E-05 2.0000E-04
7.4537E-05 2.0000E-04
7.1414E-05 2.0000E-04
7.0227E-05 2.0000E-04
7.1141E-05 2.0000E-04
7.0006E-05 2.0000E-04
7.2440E-05 2.0000E-04
6.8304E-05 2.0000E-04
6.3772E-05 2.0000E-04
8.4592E-05 2.0000E-04
7.6077E-05 2.0000E-04
6.0938E-05 2.0000E-04
6.7913E-05 2.0000E-04
1.0911E-04 2.0000E-04
7.0856E-05 2.0000E-04
6.3280E-05 2.0000E-04
7.7954E-05 2.0000E-04
7.3551E-05 2.0000E-04
1.7905E-04 2.0000E-04
7.2216E-05 2.0000E-04
6.3827E-05 2.0000E-04
8.0358E-05 2.0000E-04
1.7615E-04 2.0000E-04
7.4287E-05 2.0000E-04
6.0329E-05 2.0000E-04
7.8389E-05 2.0000E-04
1.1378E-04 2.0000E-04
1.0093E-04 2.0000E-04
5.9852E-05 2.0000E-04
7.5768E-05 2.0000E-04
9.2153E-05 2.0000E-04
7.9331E-05 2.0000E-04
1.4722E-04 2.0000E-04
6.4071E-05 2.0000E-04
5.6561E-05 2.0000E-04
6.6630E-05 2.0000E-04
1.1194E-04 2.0000E-04
6.5007E-05 2.0000E-04
5.0540E-05 2.0000E-04
7.7132E-05 2.0000E-04
1.0599E-04 2.0000E-04
6.8825E-05 2.0000E-04
6.2048E-05 2.0000E-04
7.5976E-05 2.0000E-04
6.6498E-05 2.0000E-04
1.8537E-04 2.0000E-04
6.8063E-05 2.0000E-04
5.0574E-05 2.0000E-04
6.3943E-05 2.0000E-04
7.5721E-05 2.0000E-04
1.1514E-04 2.0000E-04
5.7609E-05 2.0000E-04
6.5793E-05 2.0000E-04
1.0938E-04 2.0000E-04
7.1859E-05 2.0000E-04
6.6900E-05 2.0000E-04
6.6369E-05 2.0000E-04
7.8918E-05 2.0000E-04
1.0434E-04 2.0000E-04
6.1574E-05 2.0000E-04
6.0413E-05 2.0000E-04
7.4409E-05 2.0000E-04
1.2296E-04 2.0000E-04
5.7723E-05 2.0000E-04
5.8228E-05 2.0000E-04
7.4282E-05 2.0000E-04
7.1823E-05 2.0000E-04
7.5567E-05 2.0000E-04
5.6167E-05 2.0000E-04
5.3882E-05 2.0000E-04
7.5322E-05 2.0000E-04
7.9029E-05 2.0000E-04
5.6212E-05 2.0000E-04
5.1628E-05 2.0000E-04
6.9224E-05 2.0000E-04
6.0811E-05 2.0000E-04
7.1618E-05 2.0000E-04
5.4287E-05 2.0000E-04
5.4279E-05 2.0000E-04
7.4011E-05 2.0000E-04
5.2747E-05 2.0000E-04
5.2667E-05 2.0000E-04
6.3218E-05 2.0000E-04
5.6426E-05 2.0000E-04
5.1936E-05 2.0000E-04
6.0634E-05 2.0000E-04
5.5650E-05 2.0000E-04
5.0513E-05 2.0000E-04
6.9272E-05 2.0000E-04
4.8508E-05 2.0000E-04
4.5714E-05 2.0000E-04
5.8662E-05 2.0000E-04
5.4188E-05 2.0000E-04
4.8875E-05 2.0000E-04
5.0476E-05 2.0000E-04
6.5109E-05 2.0000E-04
4.6211E-05 2.0000E-04
4.5870E-05 2.0000E-04
6.4250E-05 2.0000E-04
4.4576E-05 2.0000E-04
4.2759E-05 2.0000E-04
5.7556E-05 2.0000E-04
4.4854E-05 2.0000E-04
6.0003E-05 2.0000E-04
4.6137E-05 2.0000E-04
4.1632E-05 2.0000E-04
5.7655E-05 2.0000E-04
6.6562E-05 2.0000E-04
4.1922E-05 2.0000E-04
3.5221E-05 2.0000E-04
4.3212E-05 2.0000E-04
5.7713E-05 2.0000E-04
5.7502E-05 2.0000E-04
3.8435E-05 2.0000E-04
3.5490E-05 2.0000E-04
4.8857E-05 2.0000E-04
4.3729E-05 2.0000E-04
4.2833E-05 2.0000E-04
3.8730E-05 2.0000E-04
4.2945E-05 2.0000E-04
4.1919E-05 2.0000E-04
4.1696E-05 2.0000E-04
3.7073E-05 2.0000E-04
3.8202E-05 2.0000E-04
6.1372E-05 2.0000E-04
3.3205E-05 2.0000E-04
3.3173E-05 2.0000E-04
4.1378E-05 2.0000E-04
8.5216E-05 2.0000E-04
3.5102E-05 2.0000E-04
3.1708E-05 2.0000E-04
3.9161E-05 2.0000E-04
6.2871E-05 2.0000E-04
4.2624E-05 2.0000E-04
3.0818E-05 2.0000E-04
4.6981E-05 2.0000E-04
5.1815E-05 2.0000E-04
4.2245E-05 2.0000E-04
6.3856E-05 2.0000E-04
5.2384E-05 2.0000E-04
4.1439E-05 2.0000E-04
5.0611E-05 2.0000E-04
6.6362E-05 2.0000E-04
4.2929E-05 2.0000E-04
3.7836E-05 2.0000E-04
4.4465E-05 2.0000E-04
7.4891E-05 2.0000E-04
1.0108E-04 2.0000E-04
3.9033E-05 2.0000E-04
3.9068E-05 2.0000E-04
5.8733E-05 2.0000E-04
1.0376E-04 2.0000E-04
6.3005E-05 2.0000E-04
5.5291E-05 2.0000E-04
7.0158E-05 2.0000E-04
9.5686E-05 2.0000E-04
6.9707E-05 2.0000E-04
7.1708E-05 2.0000E-04
9.3204E-05 2.0000E-04
8.2606E-05 2.0000E-04
9.6461E-05 2.0000E-04
6.6078E-05 2.0000E-04
6.6213E-05 2.0000E-04
9.0741E-05 2.0000E-04
8.0420E-05 2.0000E-04
6.3802E-05 2.0000E-04
7.0016E-05 2.0000E-04
6.6528E-05 2.0000E-04
7.6334E-05 2.0000E-04
7.3108E-05 2.0000E-04
5.4169E-05 2.0000E-04
5.2062E-05 2.0000E-04
6.3741E-05 2.0000E-04
4.6504E-05 2.0000E-04
4.5612E-05 2.0000E-04
6.0375E-05 2.0000E-04
4.7387E-05 2.0000E-04
4.2354E-05 2.0000E-04
4.7489E-05 2.0000E-04
5.4712E-05 2.0000E-04
3.7221E-05 2.0000E-04
3.8067E-05 2.0000E-04
5.3592E-05 2.0000E-04
3.7716E-05 2.0000E-04
3.2229E-05 2.0000E-04
4.0846E-05 2.0000E-04
4.5299E-05 2.0000E-04
3.2012E-05 2.0000E-04
3.3462E-05 2.0000E-04
4.1890E-05 2.0000E-04
3.2833E-05 2.0000E-04
3.4793E-05 2.0000E-04
3.6504E-05 2.0000E-04
3.0610E-05 2.0000E-04
2.9494E-05 2.0000E-04
4.6246E-05 2.0000E-04
2.9236E-05 2.0000E-04
2.5182E-05 2.0000E-04
2.8845E-05 2.0000E-04
3.8207E-05 2.0000E-04
2.7301E-05 2.0000E-04
2.3329E-05 2.0000E-04
2.6098E-05 2.0000E-04
4.0280E-05 2.0000E-04
2.4248E-05 2.0000E-04
2.1278E-05 2.0000E-04
2.6879E-05 2.0000E-04
4.4560E-05 2.0000E-04
2.1849E-05 2.0000E-04
2.0658E-05 2.0000E-04
2.3675E-05 2.0000E-04
6.5071E-05 2.0000E-04
2.2806E-05 2.0000E-04
1.7616E-05 2.0000E-04
2.2429E-05 2.0000E-04
3.0681E-05 2.0000E-04
3.3387E-05 2.0000E-04
1.8525E-05 2.0000E-04
2.3283E-05 2.0000E-04
2.8109E-05 2.0000E-04
5.2509E-05 2.0000E-04
1.9641E-05 2.0000E-04
1.9680E-05 2.0000E-04
2.4811E-05 2.0000E-04
4.0029E-05 2.0000E-04
2.6188E-05 2.0000E-04
1.9017E-05 2.0000E-04
2.9001E-05 2.0000E-04
3.6655E-05 2.0000E-04
2.7321E-05 2.0000E-04
3.1596E-05 2.0000E-04
3.3312E-05 2.0000E-04
2.9951E-05 2.0000E-04
6.1974E-05 2.0000E-04
3.3071E-05 2.0000E-04
2.5690E-05 2.0000E-04
2.9874E-05 2.0000E-04
6.2208E-05 2.0000E-04
3.3267E-05 2.0000E-04
2.7467E-05 2.0000E-04
3.6734E-05 2.0000E-04
6.3963E-05 2.0000E-04
4.0822E-05 2.0000E-04
3.8763E-05 2.0000E-04
4.8919E-05 2.0000E-04
8.0238E-05 2.0000E-04
6.2869E-05 2.0000E-04
6.5700E-05 2.0000E-04
7.8345E-05 2.0000E-04
6.7582E-05 2.0000E-04
7.8398E-05 2.0000E-04
1.2096E-04 2.0000E-04
8.8910E-05 2.0000E-04
8.5537E-05 2.0000E-04
1.1957E-04 2.0000E-04
1.2092E-04 2.0000E-04
1.5480E-04 2.0000E-04
1.0409E-04 2.0000E-04
1.0575E-04 2.0000E-04
1.7432E-04 2.0000E-04
1.3254E-04 2.0000E-04
1.2988E-04 2.0000E-04
1.3788E-04 2.0000E-04
1.6745E-04 2.0000E-04
1.3405E-04 2.0000E-04
1.2107E-04 2.0000E-04
1.9322E-04 2.0000E-04
1.2178E-04 2.0000E-04
1.1176E-04 2.0000E-04
1.6902E-04 2.0000E-04
1.3449E-04 2.0000E-04
9.7490E-05 2.0000E-04
1.0961E-04 2.0000E-04
1.7829E-04 2.0000E-04
8.8676E-05 2.0000E-04
7.1795E-05 2.0000E-04
8.8282E-05 2.0000E-04
1.6180E-04 2.0000E-04
7.5614E-05 2.0000E-04
6.8056E-05 2.0000E-04
8.1391E-05 2.0000E-04
1.9041E-04 2.0000E-04
7.3063E-05 2.0000E-04
5.3187E-05 2.0000E-04
6.8524E-05 2.0000E-04
8.7221E-05 2.0000E-04
1.4991E-04 2.0000E-04
5.3545E-05 2.0000E-04
4.9491E-05 2.0000E-04
6.2702E-05 2.0000E-04
1.2056E-04 2.0000E-04
5.1676E-05 2.0000E-04
4.2009E-05 2.0000E-04
5.2655E-05 2.0000E-04
9.4932E-05 2.0000E-04
4.7762E-05 2.0000E-04
3.7510E-05 2.0000E-04
4.8739E-05 2.0000E-04
7.4034E-05 2.0000E-04
4.0270E-05 2.0000E-04
3.2888E-05 2.0000E-04
3.9858E-05 2.0000E-04
6.2610E-05 2.0000E-04
3.4170E-05 2.0000E-04
2.8600E-05 2.0000E-04
3.4554E-05 2.0000E-04
4.9123E-05 2.0000E-04
3.0138E-05 2.0000E-04
2.6472E-05 2.0000E-04
3.4651E-05 2.0000E-04
3.2281E-05 2.0000E-04
3.5195E-05 2.0000E-04
2.8966E-05 2.0000E-04
2.7059E-05 2.0000E-04
2.9857E-05 2.0000E-04
5.2081E-05 2.0000E-04
2.7198E-05 2.0000E-04
2.5284E-05 2.0000E-04
2.9128E-05 2.0000E-04
7.0579E-05 2.0000E-04
2.7036E-05 2.0000E-04
2.2335E-05 2.0000E-04
2.7544E-05 2.0000E-04
3.8980E-05 2.0000E-04
3.5870E-05 2.0000E-04
2.3809E-05 2.0000E-04
2.6273E-05 2.0000E-04
3.2191E-05 2.0000E-04
2.6302E-05 2.0000E-04
4.4063E-05 2.0000E-04
2.5228E-05 2.0000E-04
2.3988E-05 2.0000E-04
3.0465E-05 2.0000E-04
5.2617E-05 2.0000E-04
2.3108E-05 2.0000E-04
2.0345E-05 2.0000E-04
2.4360E-05 2.0000E-04
3.5345E-05 2.0000E-04
4.2475E-05 2.0000E-04
1.9450E-05 2.0000E-04
2.1641E-05 2.0000E-04
2.5975E-05 2.0000E-04
6.5358E-05 2.0000E-04
2.2161E-05 2.0000E-04
1.8300E-05 2.0000E-04
2.3207E-05 2.0000E-04
3.2873E-05 2.0000E-04
3.1786E-05 2.0000E-04
1.8072E-05 2.0000E-04
2.1815E-05 2.0000E-04
2.6908E-05 2.0000E-04
2.8448E-05 2.0000E-04
2.4500E-05 2.0000E-04
2.0617E-05 2.0000E-04
2.1955E-05 2.0000E-04
3.8647E-05 2.0000E-04
2.0595E-05 2.0000E-04
1.7750E-05 2.0000E-04
2.2112E-05 2.0000E-04
3.6626E-05 2.0000E-04
1.9844E-05 2.0000E-04
1.8517E-05 2.0000E-04
2.3534E-05 2.0000E-04
2.7437E-05 2.0000E-04
2.1019E-05 2.0000E-04
1.9556E-05 2.0000E-04
2.1677E-05 2.0000E-04
2.0828E-05 2.0000E-04
2.4029E-05 2.0000E-04
1.8403E-05 2.0000E-04
1.8029E-05 2.0000E-04
2.4835E-05 2.0000E-04
2.1890E-05 2.0000E-04
1.6438E-05 2.0000E-04
1.8335E-05 2.0000E-04
2.8660E-05 2.0000E-04
1.7548E-05 2.0000E-04
1.5411E-05 2.0000E-04
1.9551E-05 2.0000E-04
2.1759E-05 2.0000E-04
2.0253E-05 2.0000E-04
1.5988E-05 2.0000E-04
1.8081E-05 2.0000E-04
2.3134E-05 2.0000E-04
1.6802E-05 2.0000E-04
1.5882E-05 2.0000E-04
2.1014E-05 2.0000E-04
2.0285E-05 2.0000E-04
1.6896E-05 2.0000E-04
2.1316E-05 2.0000E-04
1.9898E-05 2.0000E-04
1.7756E-05 2.0000E-04
2.4208E-05 2.0000E-04
2.0182E-05 2.0000E-04
1.8457E-05 2.0000E-04
2.4409E-05 2.0000E-04
1.8037E-05 2.0000E-04
1.7293E-05 2.0000E-04
2.4375E-05 2.0000E-04
3.0770E-05 2.0000E-04
1.8288E-05 2.0000E-04
1.7040E-05 2.0000E-04
1.9967E-05 2.0000E-04
4.5758E-05 2.0000E-04
1.9110E-05 2.0000E-04
1.7219E-05 2.0000E-04
2.6006E-05 2.0000E-04
3.1598E-05 2.0000E-04
2.2124E-05 2.0000E-04
2.2848E-05 2.0000E-04
2.5314E-05 2.0000E-04
2.4778E-05 2.0000E-04
5.8845E-05 2.0000E-04
2.8606E-05 2.0000E-04
2.5978E-05 2.0000E-04
4.8354E-05 2.0000E-04
3.3801E-05 2.0000E-04
2.7478E-05 2.0000E-04
4.7625E-05 2.0000E-04
4.6412E-05 2.0000E-04
3.9920E-05 2.0000E-04
8.8867E-05 2.0000E-04
7.3046E-05 2.0000E-04
4.7611E-05 2.0000E-04
4.3144E-05 2.0000E-04
7.5371E-05 2.0000E-04
9.6473E-05 2.0000E-04
5.4695E-05 2.0000E-04
5.1996E-05 2.0000E-04
8.0588E-05 2.0000E-04
6.0242E-05 2.0000E-04
7.3317E-05 2.0000E-04
7.9392E-05 2.0000E-04
5.3079E-05 2.0000E-04
5.7319E-05 2.0000E-04
7.0551E-05 2.0000E-04
5.8493E-05 2.0000E-04
8.0928E-05 2.0000E-04
5.4688E-05 2.0000E-04
5.6211E-05 2.0000E-04
1.0989E-04 2.0000E-04
5.7174E-05 2.0000E-04
4.5300E-05 2.0000E-04
4.8795E-05 2.0000E-04
1.1422E-04 2.0000E-04
5.2982E-05 2.0000E-04
4.4929E-05 2.0000E-04
5.8773E-05 2.0000E-04
1.0020E-04 2.0000E-04
5.4685E-05 2.0000E-04
4.6617E-05 2.0000E-04
5.7586E-05 2.0000E-04
6.8397E-05 2.0000E-04
8.4938E-05 2.0000E-04
4.9601E-05 2.0000E-04
4.9704E-05 2.0000E-04
6.2777E-05 2.0000E-04
5.2892E-05 2.0000E-04
6.1563E-05 2.0000E-04
5.0341E-05 2.0000E-04
4.5367E-05 2.0000E-04
6.4934E-05 2.0000E-04
6.2378E-05 2.0000E-04
4.4590E-05 2.0000E-04
4.0397E-05 2.0000E-04
5.7752E-05 2.0000E-04
4.6082E-05 2.0000E-04
5.8115E-05 2.0000E-04
4.1515E-05 2.0000E-04
4.2787E-05 2.0000E-04
6.3380E-05 2.0000E-04
4.3558E-05 2.0000E-04
3.8487E-05 2.0000E-04
4.7222E-05 2.0000E-04
7.7855E-05 2.0000E-04
4.1039E-05 2.0000E-04
3.5912E-05 2.0000E-04
4.5901E-05 2.0000E-04
5.6219E-05 2.0000E-04
4.9394E-05 2.0000E-04
3.7526E-05 2.0000E-04
4.0675E-05 2.0000E-04
5.5479E-05 2.0000E-04
3.6704E-05 2.0000E-04
3.4237E-05 2.0000E-04
4.3738E-05 2.0000E-04
4.1803E-05 2.0000E-04
3.9586E-05 2.0000E-04
3.7232E-05 2.0000E-04
3.4559E-05 2.0000E-04
3.4711E-05 2.0000E-04
4.9922E-05 2.0000E-04
3.2947E-05 2.0000E-04
3.1511E-05 2.0000E-04
3.6558E-05 2.0000E-04
3.8097E-05 2.0000E-04
3.2894E-05 2.0000E-04
2.8446E-05 2.0000E-04
3.3909E-05 2.0000E-04
3.4278E-05 2.0000E-04
2.7091E-05 2.0000E-04
2.5466E-05 2.0000E-04
3.6142E-05 2.0000E-04
2.5892E-05 2.0000E-04
2.3338E-05 2.0000E-04
2.9323E-05 2.0000E-04
2.7608E-05 2.0000E-04
2.2126E-05 2.0000E-04
2.8879E-05 2.0000E-04
2.7746E-05 2.0000E-04
2.0320E-05 2.0000E-04
1.9372E-05 2.0000E-04
2.9516E-05 2.0000E-04
2.0119E-05 2.0000E-04
1.8413E-05 2.0000E-04
2.4874E-05 2.0000E-04
1.9356E-05 2.0000E-04
2.7096E-05 2.0000E-04
2.2984E-05 2.0000E-04
1.6695E-05 2.0000E-04
1.5767E-05 2.0000E-04
2.6342E-05 2.0000E-04
1.8324E-05 2.0000E-04
1.5087E-05 2.0000E-04
1.9922E-05 2.0000E-04
1.7114E-05 2.0000E-04
3.2930E-05 2.0000E-04
1.4981E-05 2.0000E-04
1.3369E-05 2.0000E-04
1.7960E-05 2.0000E-04
4.0615E-05 2.0000E-04
1.5643E-05 2.0000E-04
1.0988E-05 2.0000E-04
1.4141E-05 2.0000E-04
1.6808E-05 2.0000E-04
2.6718E-05 2.0000E-04
1.1712E-05 2.0000E-04
1.1724E-05 2.0000E-04
1.5156E-05 2.0000E-04
3.4739E-05 2.0000E-04
1.3898E-05 2.0000E-04
1.1389E-05 2.0000E-04
1.4012E-05 2.0000E-04
1.6282E-05 2.0000E-04
2.5579E-05 2.0000E-04
1.1380E-05 2.0000E-04
1.1345E-05 2.0000E-04
1.4395E-05 2.0000E-04
2.9576E-05 2.0000E-04
1.3272E-05 2.0000E-04
1.0664E-05 2.0000E-04
1.3526E-05 2.0000E-04
2.2922E-05 2.0000E-04
1.3647E-05 2.0000E-04
1.0852E-05 2.0000E-04
1.5492E-05 2.0000E-04
1.9017E-05 2.0000E-04
1.2099E-05 2.0000E-04
1.1677E-05 2.0000E-04
1.5657E-05 2.0000E-04
1.3400E-05 2.0000E-04
2.3319E-05 2.0000E-04
1.1005E-05 2.0000E-04
1.0613E-05 2.0000E-04
1.4780E-05 2.0000E-04
3.0790E-05 2.0000E-04
1.0252E-05 2.0000E-04
8.0586E-06 2.0000E-04
1.1041E-05 2.0000E-04
1.2598E-05 2.0000E-04
2.1487E-05 2.0000E-04
8.9733E-06 2.0000E-04
8.9546E-06 2.0000E-04
1.1042E-05 2.0000E-04
2.2475E-05 2.0000E-04
9.5670E-06 2.0000E-04
7.6754E-06 2.0000E-04
1.0278E-05 2.0000E-04
1.8401E-05 2.0000E-04
9.7718E-06 2.0000E-04
7.3630E-06 2.0000E-04
8.8280E-06 2.0000E-04
1.7595E-05 2.0000E-04
8.6858E-06 2.0000E-04
7.2813E-06 2.0000E-04
8.7836E-06 2.0000E-04
1.6227E-05 2.0000E-04
8.9697E-06 2.0000E-04
7.1018E-06 2.0000E-04
8.6990E-06 2.0000E-04
1.6415E-05 2.0000E-04
8.3807E-06 2.0000E-04
7.2882E-06 2.0000E-04
8.7774E-06 2.0000E-04
1.7467E-05 2.0000E-04
8.2444E-06 2.0000E-04
6.8633E-06 2.0000E-04
1.5421E-03 2.0000E-04
1.2820E-03 2.0000E-04
5.6604E-04 2.0000E-04
4.8542E-04 2.0000E-04
5.8745E-04 2.0000E-04
4.5935E-04 2.0000E-04
2.3159E-04 2.0000E-04
1.6407E-04 2.0000E-04
1.7060E-04 2.0000E-04
2.4021E-04 2.0000E-04
1.2240E-04 2.0000E-04
1.0142E-04 2.0000E-04
1.5377E-04 2.0000E-04
1.8327E-04 2.0000E-04
9.1978E-05 2.0000E-04
7.9371E-05 2.0000E-04
9.5766E-05 2.0000E-04
1.6563E-04 2.0000E-04
7.4719E-05 2.0000E-04
6.4278E-05 2.0000E-04
8.2624E-05 2.0000E-04
1.3791E-04 2.0000E-04
8.1934E-05 2.0000E-04
6.1187E-05 2.0000E-04
6.6694E-05 2.0000E-04
1.2492E-04 2.0000E-04
5.6151E-05 2.0000E-04
5.2064E-05 2.0000E-04
6.5021E-05 2.0000E-04
1.1866E-04 2.0000E-04
5.1622E-05 2.0000E-04
4.2295E-05 2.0000E-04
5.6800E-05 2.0000E-04
7.5634E-05 2.0000E-04
7.1390E-05 2.0000E-04
3.8463E-05 2.0000E-04
4.4605E-05 2.0000E-04
5.2839E-05 2.0000E-04
1.0184E-04 2.0000E-04
3.6493E-05 2.0000E-04
2.9711E-05 2.0000E-04
3.9092E-05 2.0000E-04
4.9198E-05 2.0000E-04
6.2319E-05 2.0000E-04
3.6214E-05 2.0000E-04
3.5571E-05 2.0000E-04
4.3236E-05 2.0000E-04
5.3832E-05 2.0000E-04
3.0488E-05 2.0000E-04
3.0383E-05 2.0000E-04
3.7401E-05 2.0000E-04
4.8796E-05 2.0000E-04
3.4998E-05 2.0000E-04
2.9288E-05 2.0000E-04
3.6021E-05 2.0000E-04
4.6477E-05 2.0000E-04
2.8995E-05 2.0000E-04
2.6854E-05 2.0000E-04
3.4776E-05 2.0000E-04
3.8321E-05 2.0000E-04
4.4669E-05 2.0000E-04
2.6455E-05 2.0000E-04
2.6378E-05 2.0000E-04
3.1722E-05 2.0000E-04
3.7382E-05 2.0000E-04
2.5043E-05 2.0000E-04
2.7325E-05 2.0000E-04
3.4477E-05 2.0000E-04
2.3578E-05 2.0000E-04
2.1749E-05 2.0000E-04
2.8373E-05 2.0000E-04
3.0742E-05 2.0000E-04
2.4117E-05 2.0000E-04
2.8598E-05 2.0000E-04
2.7299E-05 2.0000E-04
2.2525E-05 2.0000E-04
2.8245E-05 2.0000E-04
2.3933E-05 2.0000E-04
2.3576E-05 2.0000E-04
3.0997E-05 2.0000E-04
2.1114E-05 2.0000E-04
1.8697E-05 2.0000E-04
2.3874E-05 2.0000E-04
3.9133E-05 2.0000E-04
2.4883E-05 2.0000E-04
1.8699E-05 2.0000E-04
2.3967E-05 2.0000E-04
2.2086E-05 2.0000E-04
2.1626E-05 2.0000E-04
3.1050E-05 2.0000E-04
2.0904E-05 2.0000E-04
1.9707E-05 2.0000E-04
2.0569E-05 2.0000E-04
3.0299E-05 2.0000E-04
1.9290E-05 2.0000E-04
1.9438E-05 2.0000E-04
2.3094E-05 2.0000E-04
3.0690E-05 2.0000E-04
1.8593E-05 2.0000E-04
1.6400E-05 2.0000E-04
2.1613E-05 2.0000E-04
2.4466E-05 2.0000E-04
1.8674E-05 2.0000E-04
1.9041E-05 2.0000E-04
2.0249E-05 2.0000E-04
1.8693E-05 2.0000E-04
2.9441E-05 2.0000E-04
1.8090E-05 2.0000E-04
1.5388E-05 2.0000E-04
1.7860E-05 2.0000E-04
3.0513E-05 2.0000E-04
2.0017E-05 2.0000E-04
1.5608E-05 2.0000E-04
1.7879E-05 2.0000E-04
1.8582E-05 2.0000E-04
2.1342E-05 2.0000E-04
1.6358E-05 2.0000E-04
1.4753E-05 2.0000E-04
1.7438E-05 2.0000E-04
2.2920E-05 2.0000E-04
1.3441E-05 2.0000E-04
1.2851E-05 2.0000E-04
1.5470E-05 2.0000E-04
2.0055E-05 2.0000E-04
1.8561E-05 2.0000E-04
1.3103E-05 2.0000E-04
1.3287E-05 2.0000E-04
1.7157E-05 2.0000E-04
1.3499E-05 2.0000E-04
1.8571E-05 2.0000E-04
1.8190E-05 2.0000E-04
1.2015E-05 2.0000E-04
1.2022E-05 2.0000E-04
1.3532E-05 2.0000E-04
