RMS Step   Target
2.8531E-04 8.0000E-04
2.8531E-03 8.0000E-04
5.7061E-03 8.0000E-04
7.1327E-03 8.0000E-04
7.1327E-03 8.0000E-04
7.1327E-03 8.0000E-04
7.1327E-03 8.0000E-04
7.1327E-03 8.0000E-04
7.1327E-03 8.0000E-04
7.1327E-03 8.0000E-04
7.1327E-03 8.0000E-04
7.1327E-03 8.0000E-04
7.1327E-03 8.0000E-04
7.1327E-03 8.0000E-04
7.1327E-03 8.0000E-04
7.1327E-03 8.0000E-04
7.1327E-03 8.0000E-04
7.1327E-03 8.0000E-04
7.1327E-03 8.0000E-04
7.1327E-03 8.0000E-04
7.1327E-03 8.0000E-04
7.1327E-03 8.0000E-04
7.1327E-03 8.0000E-04
7.1327E-03 8.0000E-04
7.1327E-03 8.0000E-04
7.1327E-03 8.0000E-04
7.1327E-03 8.0000E-04
7.1327E-03 8.0000E-04
7.1327E-03 8.0000E-04
7.1327E-03 8.0000E-04
7.1327E-03 8.0000E-04
7.1327E-03 8.0000E-04
7.1327E-03 8.0000E-04
7.1327E-03 8.0000E-04
7.1327E-03 8.0000E-04
7.1327E-03 8.0000E-04
7.1327E-03 8.0000E-04
7.1327E-03 8.0000E-04
7.1327E-03 8.0000E-04
7.1327E-03 8.0000E-04
7.1327E-03 8.0000E-04
7.1327E-03 8.0000E-04
7.1327E-03 8.0000E-04
7.1327E-03 8.0000E-04
7.1327E-03 8.0000E-04
7.1327E-03 8.0000E-04
7.1327E-03 8.0000E-04
7.1327E-03 8.0000E-04
7.1327E-03 8.0000E-04
7.1327E-03 8.0000E-04
7.1327E-03 8.0000E-04
7.1327E-03 8.0000E-04
7.1327E-03 8.0000E-04
7.1327E-03 8.0000E-04
7.1327E-03 8.0000E-04
7.1327E-03 8.0000E-04
7.1327E-03 8.0000E-04
7.1327E-03 8.0000E-04
7.1327E-03 8.0000E-04
7.1327E-03 8.0000E-04
7.1327E-03 8.0000E-04
7.1327E-03 8.0000E-04
7.1327E-03 8.0000E-04
7.1327E-03 8.0000E-04
7.1327E-03 8.0000E-04
7.1327E-03 8.0000E-04
7.1327E-03 8.0000E-04
7.1327E-03 8.0000E-04
7.1327E-03 8.0000E-04
7.1327E-03 8.0000E-04
7.1327E-03 8.0000E-04
7.1327E-03 8.0000E-04
7.1327E-03 8.0000E-04
7.1327E-03 8.0000E-04
7.1327E-03 8.0000E-04
7.1327E-03 8.0000E-04
7.1327E-03 8.0000E-04
7.1327E-03 8.0000E-04
7.1327E-03 8.0000E-04
7.1327E-03 8.0000E-04
7.1327E-03 8.0000E-04
7.1327E-03 8.0000E-04
7.1327E-03 8.0000E-04
7.1327E-03 8.0000E-04
7.1327E-03 8.0000E-04
7.1327E-03 8.0000E-04
7.1327E-03 8.0000E-04
7.1327E-03 8.0000E-04
7.1327E-03 8.0000E-04
7.1327E-03 8.0000E-04
7.1327E-03 8.0000E-04
7.1327E-03 8.0000E-04
7.1327E-03 8.0000E-04
7.1327E-03 8.0000E-04
7.1327E-03 8.0000E-04
7.1327E-03 8.0000E-04
7.1327E-03 8.0000E-04
7.1327E-03 8.0000E-04
7.1327E-03 8.0000E-04
7.1327E-03 8.0000E-04
7.1327E-03 8.0000E-04
7.1327E-03 8.0000E-04
7.1327E-03 8.0000E-04
7.1327E-03 8.0000E-04
7.1327E-03 8.0000E-04
7.1327E-03 8.0000E-04
7.1327E-03 8.0000E-04
7.1327E-03 8.0000E-04
7.1327E-03 8.0000E-04
7.1327E-03 8.0000E-04
7.1327E-03 8.0000E-04
7.1327E-03 8.0000E-04
7.1327E-03 8.0000E-04
7.1327E-03 8.0000E-04
7.1327E-03 8.0000E-04
7.1327E-03 8.0000E-04
7.1327E-03 8.0000E-04
7.1327E-03 8.0000E-04
7.1327E-03 8.0000E-04
7.1327E-03 8.0000E-04
7.1327E-03 8.0000E-04
7.1327E-03 8.0000E-04
7.1327E-03 8.0000E-04
7.1327E-03 8.0000E-04
7.1327E-03 8.0000E-04
7.1327E-03 8.0000E-04
7.1327E-03 8.0000E-04
7.1327E-03 8.0000E-04
7.1327E-03 8.0000E-04
7.1327E-03 8.0000E-04
7.1327E-03 8.0000E-04
7.1327E-03 8.0000E-04
7.1327E-03 8.0000E-04
7.1327E-03 8.0000E-04
7.1327E-03 8.0000E-04
7.1327E-03 8.0000E-04
7.1327E-03 8.0000E-04
7.1327E-03 8.0000E-04
7.1327E-03 8.0000E-04
7.1327E-03 8.0000E-04
7.1327E-03 8.0000E-04
7.1327E-03 8.0000E-04
7.1327E-03 8.0000E-04
7.1327E-03 8.0000E-04
7.1327E-03 8.0000E-04
7.1327E-03 8.0000E-04
7.1327E-03 8.0000E-04
7.1327E-03 8.0000E-04
7.1327E-03 8.0000E-04
7.1327E-03 8.0000E-04
7.1327E-03 8.0000E-04
7.1327E-03 8.0000E-04
7.1327E-03 8.0000E-04
7.1327E-03 8.0000E-04
7.1327E-03 8.0000E-04
7.1327E-03 8.0000E-04
7.1327E-03 8.0000E-04
7.1327E-03 8.0000E-04
7.1327E-03 8.0000E-04
7.1327E-03 8.0000E-04
7.1327E-03 8.0000E-04
7.1327E-03 8.0000E-04
7.1327E-03 8.0000E-04
7.1327E-03 8.0000E-04
7.1327E-03 8.0000E-04
7.1327E-03 8.0000E-04
7.1327E-03 8.0000E-04
7.1327E-03 8.0000E-04
7.1327E-03 8.0000E-04
7.1327E-03 8.0000E-04
7.1327E-03 8.0000E-04
7.1327E-03 8.0000E-04
7.1327E-03 8.0000E-04
7.1327E-03 8.0000E-04
7.1327E-03 8.0000E-04
7.1327E-03 8.0000E-04
7.1327E-03 8.0000E-04
7.1327E-03 8.0000E-04
7.1327E-03 8.0000E-04
6.6663E-03 8.0000E-04
6.6963E-03 8.0000E-04
4.8904E-03 8.0000E-04
6.6166E-03 8.0000E-04
7.1327E-03 8.0000E-04
7.1327E-03 8.0000E-04
7.1327E-03 8.0000E-04
7.1327E-03 8.0000E-04
7.1327E-03 8.0000E-04
7.1327E-03 8.0000E-04
7.1327E-03 8.0000E-04
7.1327E-03 8.0000E-04
7.1327E-03 8.0000E-04
7.1327E-03 8.0000E-04
7.1327E-03 8.0000E-04
7.1327E-03 8.0000E-04
7.1327E-03 8.0000E-04
7.0250E-03 8.0000E-04
7.1327E-03 8.0000E-04
3.9894E-03 8.0000E-04
5.0257E-03 8.0000E-04
7.1327E-03 8.0000E-04
7.1327E-03 8.0000E-04
7.1327E-03 8.0000E-04
7.1327E-03 8.0000E-04
7.1327E-03 8.0000E-04
7.1327E-03 8.0000E-04
7.1327E-03 8.0000E-04
7.1327E-03 8.0000E-04
7.1327E-03 8.0000E-04
7.1327E-03 8.0000E-04
6.8210E-03 8.0000E-04
5.7523E-03 8.0000E-04
3.1132E-03 8.0000E-04
4.6850E-03 8.0000E-04
7.1327E-03 8.0000E-04
7.1327E-03 8.0000E-04
7.1327E-03 8.0000E-04
7.1327E-03 8.0000E-04
7.1327E-03 8.0000E-04
7.1327E-03 8.0000E-04
7.1327E-03 8.0000E-04
7.1327E-03 8.0000E-04
7.1327E-03 8.0000E-04
7.1327E-03 8.0000E-04
4.3645E-03 8.0000E-04
4.6543E-03 8.0000E-04
7.1327E-03 8.0000E-04
4.4746E-03 8.0000E-04
5.9155E-03 8.0000E-04
7.1327E-03 8.0000E-04
7.1327E-03 8.0000E-04
7.1327E-03 8.0000E-04
7.1327E-03 8.0000E-04
7.1327E-03 8.0000E-04
7.1327E-03 8.0000E-04
7.1327E-03 8.0000E-04
7.1327E-03 8.0000E-04
7.1327E-03 8.0000E-04
7.1327E-03 8.0000E-04
6.9805E-03 8.0000E-04
7.1327E-03 8.0000E-04
3.6750E-03 8.0000E-04
2.2948E-03 8.0000E-04
7.1327E-03 8.0000E-04
7.1327E-03 8.0000E-04
3.7798E-03 8.0000E-04
5.8577E-03 8.0000E-04
3.8190E-03 8.0000E-04
7.0254E-03 8.0000E-04
7.0655E-03 8.0000E-04
3.5902E-03 8.0000E-04
1.8951E-03 8.0000E-04
5.0384E-03 8.0000E-04
7.1327E-03 8.0000E-04
7.1327E-03 8.0000E-04
7.1327E-03 8.0000E-04
7.1327E-03 8.0000E-04
7.1327E-03 8.0000E-04
7.1327E-03 8.0000E-04
6.9228E-03 8.0000E-04
6.5043E-03 8.0000E-04
6.5346E-03 8.0000E-04
4.8850E-03 8.0000E-04
6.8816E-03 8.0000E-04
7.1327E-03 8.0000E-04
7.1327E-03 8.0000E-04
7.1327E-03 8.0000E-04
7.1327E-03 8.0000E-04
7.1327E-03 8.0000E-04
7.1327E-03 8.0000E-04
7.1327E-03 8.0000E-04
7.1327E-03 8.0000E-04
7.1327E-03 8.0000E-04
5.4315E-03 8.0000E-04
7.1327E-03 8.0000E-04
5.1231E-03 8.0000E-04
3.9931E-03 8.0000E-04
3.3029E-03 8.0000E-04
7.1327E-03 8.0000E-04
7.1327E-03 8.0000E-04
7.1327E-03 8.0000E-04
7.1327E-03 8.0000E-04
6.2654E-03 8.0000E-04
4.7004E-03 8.0000E-04
4.5578E-03 8.0000E-04
5.2009E-03 8.0000E-04
3.1680E-03 8.0000E-04
7.1327E-03 8.0000E-04
7.1327E-03 8.0000E-04
6.6902E-03 8.0000E-04
6.0431E-03 8.0000E-04
7.1327E-03 8.0000E-04
3.7119E-03 8.0000E-04
7.1327E-03 8.0000E-04
5.9928E-03 8.0000E-04
7.1327E-03 8.0000E-04
7.1327E-03 8.0000E-04
7.1327E-03 8.0000E-04
7.1327E-03 8.0000E-04
7.1327E-03 8.0000E-04
7.1327E-03 8.0000E-04
7.1327E-03 8.0000E-04
7.1327E-03 8.0000E-04
7.1327E-03 8.0000E-04
4.0265E-03 8.0000E-04
7.1327E-03 8.0000E-04
3.3181E-03 8.0000E-04
4.9081E-03 8.0000E-04
5.6200E-03 8.0000E-04
7.1327E-03 8.0000E-04
5.8422E-03 8.0000E-04
4.3403E-03 8.0000E-04
3.1426E-03 8.0000E-04
7.1327E-03 8.0000E-04
4.3904E-03 8.0000E-04
4.6705E-03 8.0000E-04
2.0807E-03 8.0000E-04
5.2911E-03 8.0000E-04
4.2239E-03 8.0000E-04
3.3329E-03 8.0000E-04
2.2269E-03 8.0000E-04
3.2202E-03 8.0000E-04
3.2302E-03 8.0000E-04
5.8606E-03 8.0000E-04
2.4040E-03 8.0000E-04
3.3155E-03 8.0000E-04
2.0390E-03 8.0000E-04
4.5170E-03 8.0000E-04
3.6212E-03 8.0000E-04
3.3193E-03 8.0000E-04
4.9137E-03 8.0000E-04
4.6417E-03 8.0000E-04
3.6784E-03 8.0000E-04
5.4600E-03 8.0000E-04
2.8485E-03 8.0000E-04
2.8364E-03 8.0000E-04
2.7355E-03 8.0000E-04
6.8052E-03 8.0000E-04
5.2744E-03 8.0000E-04
3.4962E-03 8.0000E-04
4.7325E-03 8.0000E-04
5.3477E-03 8.0000E-04
1.9536E-03 8.0000E-04
4.6498E-03 8.0000E-04
2.9854E-03 8.0000E-04
5.6574E-03 8.0000E-04
7.1327E-03 8.0000E-04
5.1585E-03 8.0000E-04
1.5949E-03 8.0000E-04
5.9700E-03 8.0000E-04
3.1998E-03 8.0000E-04
2.5216E-03 8.0000E-04
6.5124E-03 8.0000E-04
5.5323E-03 8.0000E-04
1.7088E-03 8.0000E-04
7.1327E-03 8.0000E-04
2.8698E-03 8.0000E-04
2.7658E-03 8.0000E-04
4.3419E-03 8.0000E-04
3.4224E-03 8.0000E-04
6.0106E-03 8.0000E-04
3.6518E-03 8.0000E-04
1.8686E-03 8.0000E-04
5.2739E-03 8.0000E-04
7.1327E-03 8.0000E-04
3.9385E-03 8.0000E-04
1.7021E-03 8.0000E-04
5.4053E-03 8.0000E-04
3.4391E-03 8.0000E-04
3.9069E-03 8.0000E-04
7.1327E-03 8.0000E-04
4.3679E-03 8.0000E-04
7.1327E-03 8.0000E-04
7.1327E-03 8.0000E-04
4.2843E-03 8.0000E-04
5.2621E-03 8.0000E-04
2.6923E-03 8.0000E-04
7.1327E-03 8.0000E-04
2.9978E-03 8.0000E-04
5.9815E-03 8.0000E-04
2.5701E-03 8.0000E-04
7.1327E-03 8.0000E-04
7.0734E-03 8.0000E-04
1.6815E-03 8.0000E-04
7.1327E-03 8.0000E-04
3.3410E-03 8.0000E-04
7.1327E-03 8.0000E-04
7.1327E-03 8.0000E-04
7.1327E-03 8.0000E-04
7.1327E-03 8.0000E-04
5.7744E-03 8.0000E-04
6.5296E-03 8.0000E-04
7.1327E-03 8.0000E-04
7.1327E-03 8.0000E-04
6.6085E-03 8.0000E-04
3.4410E-03 8.0000E-04
3.5670E-03 8.0000E-04
4.9675E-03 8.0000E-04
5.8845E-03 8.0000E-04
2.5350E-03 8.0000E-04
6.4290E-03 8.0000E-04
3.0037E-03 8.0000E-04
6.6510E-03 8.0000E-04
3.6325E-03 8.0000E-04
2.9071E-03 8.0000E-04
2.9979E-03 8.0000E-04
6.2446E-03 8.0000E-04
4.5529E-03 8.0000E-04
1.5868E-03 8.0000E-04
6.0042E-03 8.0000E-04
3.1029E-03 8.0000E-04
2.1851E-03 8.0000E-04
4.2590E-03 8.0000E-04
2.6952E-03 8.0000E-04
2.6854E-03 8.0000E-04
4.8983E-03 8.0000E-04
2.8846E-03 8.0000E-04
1.1373E-03 8.0000E-04
4.6197E-03 8.0000E-04
3.3010E-03 8.0000E-04
2.1768E-03 8.0000E-04
4.6369E-03 8.0000E-04
3.7900E-03 8.0000E-04
2.6314E-03 8.0000E-04
7.1327E-03 8.0000E-04
1.8754E-03 8.0000E-04
1.5666E-03 8.0000E-04
4.0401E-03 8.0000E-04
7.1327E-03 8.0000E-04
1.6091E-03 8.0000E-04
1.7763E-03 8.0000E-04
2.7312E-03 8.0000E-04
4.0624E-03 8.0000E-04
7.1327E-03 8.0000E-04
1.2674E-03 8.0000E-04
3.6537E-03 8.0000E-04
1.7683E-03 8.0000E-04
4.7854E-03 8.0000E-04
7.1327E-03 8.0000E-04
1.8233E-03 8.0000E-04
1.2228E-03 8.0000E-04
4.5221E-03 8.0000E-04
3.3149E-03 8.0000E-04
2.1144E-03 8.0000E-04
4.4018E-03 8.0000E-04
2.1315E-03 8.0000E-04
5.8519E-03 8.0000E-04
2.8920E-03 8.0000E-04
1.7160E-03 8.0000E-04
1.8128E-03 8.0000E-04
6.5861E-03 8.0000E-04
1.8736E-03 8.0000E-04
2.6305E-03 8.0000E-04
3.6178E-03 8.0000E-04
4.9764E-03 8.0000E-04
2.5393E-03 8.0000E-04
3.1201E-03 8.0000E-04
3.2462E-03 8.0000E-04
3.4188E-03 8.0000E-04
4.4977E-03 8.0000E-04
4.6822E-03 8.0000E-04
3.1884E-03 8.0000E-04
4.4102E-03 8.0000E-04
4.8080E-03 8.0000E-04
2.2912E-03 8.0000E-04
2.3371E-03 8.0000E-04
7.1327E-03 8.0000E-04
3.3498E-03 8.0000E-04
3.1287E-03 8.0000E-04
4.2649E-03 8.0000E-04
5.6593E-03 8.0000E-04
6.7644E-03 8.0000E-04
1.3931E-03 8.0000E-04
1.2467E-03 8.0000E-04
2.8867E-03 8.0000E-04
5.0273E-03 8.0000E-04
4.6374E-03 8.0000E-04
2.4252E-03 8.0000E-04
4.6357E-03 8.0000E-04
2.2148E-03 8.0000E-04
4.8336E-03 8.0000E-04
2.5905E-03 8.0000E-04
1.7229E-03 8.0000E-04
2.8024E-03 8.0000E-04
2.5191E-03 8.0000E-04
2.3816E-03 8.0000E-04
3.5659E-03 8.0000E-04
2.5722E-03 8.0000E-04
2.2308E-03 8.0000E-04
3.8144E-03 8.0000E-04
2.4707E-03 8.0000E-04
1.4796E-03 8.0000E-04
2.3275E-03 8.0000E-04
5.0352E-03 8.0000E-04
1.6199E-03 8.0000E-04
3.4791E-03 8.0000E-04
1.9990E-03 8.0000E-04
3.0821E-03 8.0000E-04
4.6576E-03 8.0000E-04
2.5501E-03 8.0000E-04
1.0190E-03 8.0000E-04
2.5230E-03 8.0000E-04
3.1149E-03 8.0000E-04
3.4549E-03 8.0000E-04
3.1210E-03 8.0000E-04
4.1467E-03 8.0000E-04
1.5099E-03 8.0000E-04
4.8000E-03 8.0000E-04
1.6700E-03 8.0000E-04
1.6045E-03 8.0000E-04
4.0433E-03 8.0000E-04
4.4507E-03 8.0000E-04
8.9523E-04 8.0000E-04
2.2976E-03 8.0000E-04
1.5135E-03 8.0000E-04
4.9117E-03 8.0000E-04
3.5072E-03 8.0000E-04
1.7793E-03 8.0000E-04
2.3392E-03 8.0000E-04
4.0767E-03 8.0000E-04
1.5851E-03 8.0000E-04
9.4498E-04 8.0000E-04
3.2075E-03 8.0000E-04
3.9371E-03 8.0000E-04
2.3025E-03 8.0000E-04
7.7235E-04 8.0000E-04
4.7445E-03 8.0000E-04
1.5111E-03 8.0000E-04
4.0268E-03 8.0000E-04
5.6327E-03 8.0000E-04
1.1758E-03 8.0000E-04
4.8533E-03 8.0000E-04
3.3363E-03 8.0000E-04
1.8567E-03 8.0000E-04
7.1327E-03 8.0000E-04
3.0753E-03 8.0000E-04
3.9088E-03 8.0000E-04
3.9090E-03 8.0000E-04
1.8588E-03 8.0000E-04
4.8741E-03 8.0000E-04
5.0010E-03 8.0000E-04
1.1517E-03 8.0000E-04
5.4309E-03 8.0000E-04
1.3145E-03 8.0000E-04
2.6157E-03 8.0000E-04
6.4116E-03 8.0000E-04
1.1443E-03 8.0000E-04
7.6829E-04 8.0000E-04
4.4711E-03 8.0000E-04
1.5573E-03 8.0000E-04
5.8209E-04 8.0000E-04
2.5373E-03 8.0000E-04
1.3909E-03 8.0000E-04
3.0809E-03 8.0000E-04
2.1200E-03 8.0000E-04
1.0837E-03 8.0000E-04
1.2776E-03 8.0000E-04
2.6494E-03 8.0000E-04
1.2113E-03 8.0000E-04
1.6969E-03 8.0000E-04
2.5918E-03 8.0000E-04
2.2121E-03 8.0000E-04
2.4288E-03 8.0000E-04
3.1404E-03 8.0000E-04
1.7139E-03 8.0000E-04
2.2815E-03 8.0000E-04
3.8167E-03 8.0000E-04
3.0752E-03 8.0000E-04
2.8882E-03 8.0000E-04
4.8652E-03 8.0000E-04
3.9264E-03 8.0000E-04
6.9097E-04 8.0000E-04
5.6116E-03 8.0000E-04
1.9142E-03 8.0000E-04
3.2722E-03 8.0000E-04
7.1327E-03 8.0000E-04
4.0638E-03 8.0000E-04
6.7687E-03 8.0000E-04
2.5295E-03 8.0000E-04
4.5343E-03 8.0000E-04
5.0641E-03 8.0000E-04
7.1327E-03 8.0000E-04
5.7355E-03 8.0000E-04
6.9549E-03 8.0000E-04
2.3974E-03 8.0000E-04
6.4545E-03 8.0000E-04
7.1327E-03 8.0000E-04
4.4744E-03 8.0000E-04
6.6675E-03 8.0000E-04
5.1642E-03 8.0000E-04
7.1327E-03 8.0000E-04
2.7845E-03 8.0000E-04
7.1327E-03 8.0000E-04
3.7456E-03 8.0000E-04
3.3333E-03 8.0000E-04
5.3038E-03 8.0000E-04
5.0906E-03 8.0000E-04
1.7389E-03 8.0000E-04
4.6499E-03 8.0000E-04
3.6953E-03 8.0000E-04
3.7736E-03 8.0000E-04
1.6284E-03 8.0000E-04
3.1907E-03 8.0000E-04
2.0422E-03 8.0000E-04
5.2912E-03 8.0000E-04
3.9393E-03 8.0000E-04
1.4773E-03 8.0000E-04
3.0758E-03 8.0000E-04
2.6771E-03 8.0000E-04
4.1815E-03 8.0000E-04
2.1658E-03 8.0000E-04
3.7874E-03 8.0000E-04
1.3313E-03 8.0000E-04
2.1907E-03 8.0000E-04
3.4922E-03 8.0000E-04
2.7448E-03 8.0000E-04
1.1650E-03 8.0000E-04
3.0432E-03 8.0000E-04
1.8805E-03 8.0000E-04
1.6271E-03 8.0000E-04
1.8753E-03 8.0000E-04
2.8363E-03 8.0000E-04
1.5034E-03 8.0000E-04
3.1138E-03 8.0000E-04
1.2914E-03 8.0000E-04
1.3360E-03 8.0000E-04
2.8342E-03 8.0000E-04
2.5571E-03 8.0000E-04
4.6574E-04 8.0000E-04
2.1521E-03 8.0000E-04
1.3228E-03 8.0000E-04
2.5647E-03 8.0000E-04
3.1005E-03 8.0000E-04
1.2949E-03 8.0000E-04
7.1293E-04 8.0000E-04
3.1050E-03 8.0000E-04
2.3060E-03 8.0000E-04
8.9769E-04 8.0000E-04
1.9165E-03 8.0000E-04
1.1390E-03 8.0000E-04
3.9571E-03 8.0000E-04
8.5763E-04 8.0000E-04
1.0178E-03 8.0000E-04
1.6398E-03 8.0000E-04
3.8529E-03 8.0000E-04
6.1267E-04 8.0000E-04
1.5583E-03 8.0000E-04
1.5252E-03 8.0000E-04
5.3159E-03 8.0000E-04
6.9587E-04 8.0000E-04
9.8022E-04 8.0000E-04
1.2952E-03 8.0000E-04
4.3783E-03 8.0000E-04
9.5038E-04 8.0000E-04
2.3363E-03 8.0000E-04
2.0847E-03 8.0000E-04
5.3520E-03 8.0000E-04
2.8728E-03 8.0000E-04
1.9789E-03 8.0000E-04
3.3806E-03 8.0000E-04
2.3665E-03 8.0000E-04
4.9713E-03 8.0000E-04
1.7024E-03 8.0000E-04
3.8631E-03 8.0000E-04
4.2653E-04 8.0000E-04
3.3055E-03 8.0000E-04
3.9327E-03 8.0000E-04
4.2538E-03 8.0000E-04
2.8697E-03 8.0000E-04
5.4506E-03 8.0000E-04
1.5249E-03 8.0000E-04
3.0530E-03 8.0000E-04
2.1983E-03 8.0000E-04
2.8635E-03 8.0000E-04
2.7688E-03 8.0000E-04
3.2216E-03 8.0000E-04
2.4433E-03 8.0000E-04
2.0477E-03 8.0000E-04
3.9777E-03 8.0000E-04
1.5541E-03 8.0000E-04
2.3022E-03 8.0000E-04
1.8211E-03 8.0000E-04
2.9997E-03 8.0000E-04
2.0018E-03 8.0000E-04
3.4264E-03 8.0000E-04
1.6531E-03 8.0000E-04
2.2977E-03 8.0000E-04
1.5850E-03 8.0000E-04
2.1414E-03 8.0000E-04
2.8160E-03 8.0000E-04
1.7501E-03 8.0000E-04
5.8646E-04 8.0000E-04
1.6320E-03 8.0000E-04
2.3536E-03 8.0000E-04
1.0677E-03 8.0000E-04
3.0203E-03 8.0000E-04
1.3725E-03 8.0000E-04
4.8317E-03 8.0000E-04
2.1220E-03 8.0000E-04
1.1956E-03 8.0000E-04
3.4401E-03 8.0000E-04
3.5617E-03 8.0000E-04
2.9363E-03 8.0000E-04
3.9396E-03 8.0000E-04
5.9688E-03 8.0000E-04
2.5485E-03 8.0000E-04
5.5626E-03 8.0000E-04
3.0314E-03 8.0000E-04
2.9433E-03 8.0000E-04
5.1524E-03 8.0000E-04
7.1327E-03 8.0000E-04
4.9301E-03 8.0000E-04
5.8094E-03 8.0000E-04
1.3758E-03 8.0000E-04
2.7517E-03 8.0000E-04
5.5033E-03 8.0000E-04
5.7842E-03 8.0000E-04
2.4888E-03 8.0000E-04
2.2712E-03 8.0000E-04
5.0085E-03 8.0000E-04
2.9392E-03 8.0000E-04
5.7750E-03 8.0000E-04
2.0160E-03 8.0000E-04
3.7055E-03 8.0000E-04
1.7997E-03 8.0000E-04
2.4960E-03 8.0000E-04
2.2019E-03 8.0000E-04
4.8860E-03 8.0000E-04
3.0395E-03 8.0000E-04
3.1334E-03 8.0000E-04
4.0486E-03 8.0000E-04
3.2084E-03 8.0000E-04
1.8648E-03 8.0000E-04
3.0694E-03 8.0000E-04
2.3861E-03 8.0000E-04
2.8788E-03 8.0000E-04
2.7157E-03 8.0000E-04
4.8774E-03 8.0000E-04
2.3728E-03 8.0000E-04
1.8115E-03 8.0000E-04
2.6383E-03 8.0000E-04
3.0595E-03 8.0000E-04
9.9240E-04 8.0000E-04
1.4325E-03 8.0000E-04
1.5629E-03 8.0000E-04
2.5359E-03 8.0000E-04
1.2571E-03 8.0000E-04
1.3370E-03 8.0000E-04
2.0480E-03 8.0000E-04
2.3391E-03 8.0000E-04
1.7456E-03 8.0000E-04
2.2515E-03 8.0000E-04
3.0244E-03 8.0000E-04
1.1008E-03 8.0000E-04
1.5665E-03 8.0000E-04
1.3830E-03 8.0000E-04
2.6174E-03 8.0000E-04
2.1068E-03 8.0000E-04
6.7857E-04 8.0000E-04
7.4855E-04 8.0000E-04
1.2322E-03 8.0000E-04
2.5917E-03 8.0000E-04
6.9819E-04 8.0000E-04
1.0934E-03 8.0000E-04
1.3670E-03 8.0000E-04
2.6516E-03 8.0000E-04
2.4641E-03 8.0000E-04
7.4215E-04 8.0000E-04
1.9791E-03 8.0000E-04
7.2932E-04 8.0000E-04
1.6124E-03 8.0000E-04
3.2101E-03 8.0000E-04
3.5066E-03 8.0000E-04
4.2901E-04 8.0000E-04
1.4247E-03 8.0000E-04
1.0959E-03 8.0000E-04
4.3890E-03 8.0000E-04
8.5967E-04 8.0000E-04
1.0023E-03 8.0000E-04
1.5719E-03 8.0000E-04
4.0763E-03 8.0000E-04
1.7226E-03 8.0000E-04
1.2655E-03 8.0000E-04
2.2339E-03 8.0000E-04
2.5277E-03 8.0000E-04
1.3052E-03 8.0000E-04
2.4473E-03 8.0000E-04
1.0912E-03 8.0000E-04
4.4325E-03 8.0000E-04
2.2121E-03 8.0000E-04
1.0766E-03 8.0000E-04
1.3718E-03 8.0000E-04
2.7460E-03 8.0000E-04
2.3553E-03 8.0000E-04
2.8454E-03 8.0000E-04
1.5541E-03 8.0000E-04
2.3618E-03 8.0000E-04
3.3186E-03 8.0000E-04
2.0301E-03 8.0000E-04
1.3891E-03 8.0000E-04
3.5942E-03 8.0000E-04
1.9708E-03 8.0000E-04
2.7581E-03 8.0000E-04
1.9952E-03 8.0000E-04
2.5802E-03 8.0000E-04
3.0834E-03 8.0000E-04
2.5187E-03 8.0000E-04
1.1163E-03 8.0000E-04
3.5349E-03 8.0000E-04
1.7906E-03 8.0000E-04
2.4466E-03 8.0000E-04
3.0417E-03 8.0000E-04
3.1604E-03 8.0000E-04
3.8537E-03 8.0000E-04
7.9345E-04 8.0000E-04
1.0991E-03 8.0000E-04
1.7765E-03 8.0000E-04
5.4434E-03 8.0000E-04
1.1299E-03 8.0000E-04
1.3251E-03 8.0000E-04
1.6245E-03 8.0000E-04
5.1799E-03 8.0000E-04
1.5486E-03 8.0000E-04
1.3351E-03 8.0000E-04
1.4946E-03 8.0000E-04
2.5709E-03 8.0000E-04
1.4073E-03 8.0000E-04
1.8278E-03 8.0000E-04
1.8913E-03 8.0000E-04
2.9971E-03 8.0000E-04
1.1928E-03 8.0000E-04
1.7264E-03 8.0000E-04
1.8448E-03 8.0000E-04
1.8516E-03 8.0000E-04
1.2563E-03 8.0000E-04
1.3896E-03 8.0000E-04
1.5304E-03 8.0000E-04
1.9192E-03 8.0000E-04
1.4653E-03 8.0000E-04
1.1774E-03 8.0000E-04
1.4596E-03 8.0000E-04
1.8240E-03 8.0000E-04
1.8356E-03 8.0000E-04
1.7458E-03 8.0000E-04
1.7043E-03 8.0000E-04
2.9234E-03 8.0000E-04
2.3325E-03 8.0000E-04
1.4212E-03 8.0000E-04
2.7860E-03 8.0000E-04
2.8323E-03 8.0000E-04
1.4746E-03 8.0000E-04
2.4721E-03 8.0000E-04
3.8796E-03 8.0000E-04
1.3732E-03 8.0000E-04
1.8992E-03 8.0000E-04
1.8547E-03 8.0000E-04
3.6015E-03 8.0000E-04
3.7369E-03 8.0000E-04
5.2294E-04 8.0000E-04
1.6268E-03 8.0000E-04
1.1229E-03 8.0000E-04
4.5716E-03 8.0000E-04
8.1433E-04 8.0000E-04
8.6723E-04 8.0000E-04
1.3807E-03 8.0000E-04
5.1271E-03 8.0000E-04
1.5631E-03 8.0000E-04
1.7984E-03 8.0000E-04
1.7410E-03 8.0000E-04
4.6812E-03 8.0000E-04
3.5250E-03 8.0000E-04
6.8580E-04 8.0000E-04
1.8654E-03 8.0000E-04
1.1710E-03 8.0000E-04
5.1641E-03 8.0000E-04
7.4901E-04 8.0000E-04
4.1562E-04 8.0000E-04
2.1479E-03 8.0000E-04
1.7064E-03 8.0000E-04
5.4939E-03 8.0000E-04
1.9016E-03 8.0000E-04
8.4386E-04 8.0000E-04
1.1180E-03 8.0000E-04
4.0859E-03 8.0000E-04
1.3519E-03 8.0000E-04
4.6312E-04 8.0000E-04
1.0674E-03 8.0000E-04
9.0609E-04 8.0000E-04
2.5148E-03 8.0000E-04
8.0680E-04 8.0000E-04
3.6742E-04 8.0000E-04
7.2231E-04 8.0000E-04
1.1281E-03 8.0000E-04
7.9938E-04 8.0000E-04
9.6337E-04 8.0000E-04
7.0660E-04 8.0000E-04
1.4692E-03 8.0000E-04
8.5710E-04 8.0000E-04
7.0458E-04 8.0000E-04
1.0678E-03 8.0000E-04
7.4235E-04 8.0000E-04
1.0965E-03 8.0000E-04
1.2592E-03 8.0000E-04
1.0091E-03 8.0000E-04
8.0001E-04 8.0000E-04
1.1836E-03 8.0000E-04
8.1228E-04 8.0000E-04
6.7102E-04 8.0000E-04
1.1123E-03 8.0000E-04
9.2234E-04 8.0000E-04
8.8628E-04 8.0000E-04
1.4688E-03 8.0000E-04
9.7912E-04 8.0000E-04
5.6715E-04 8.0000E-04
1.0448E-03 8.0000E-04
1.5351E-03 8.0000E-04
9.6513E-04 8.0000E-04
1.6376E-03 8.0000E-04
1.2516E-03 8.0000E-04
1.7238E-03 8.0000E-04
3.0125E-03 8.0000E-04
4.6718E-04 8.0000E-04
4.9933E-04 8.0000E-04
1.2787E-03 8.0000E-04
3.9385E-03 8.0000E-04
7.7501E-04 8.0000E-04
1.2328E-03 8.0000E-04
1.6328E-03 8.0000E-04
2.7006E-03 8.0000E-04
2.7138E-03 8.0000E-04
9.4277E-04 8.0000E-04
4.8597E-04 8.0000E-04
1.3866E-03 8.0000E-04
1.8819E-03 8.0000E-04
3.3216E-03 8.0000E-04
2.6895E-04 8.0000E-04
9.5374E-04 8.0000E-04
1.5256E-03 8.0000E-04
2.6974E-03 8.0000E-04
1.4178E-03 8.0000E-04
4.4868E-04 8.0000E-04
7.4439E-04 8.0000E-04
1.4602E-03 8.0000E-04
3.1193E-04 8.0000E-04
3.1704E-03 8.0000E-04
5.8087E-04 8.0000E-04
3.4486E-03 8.0000E-04
3.6340E-03 8.0000E-04
5.6607E-04 8.0000E-04
6.7920E-04 8.0000E-04
6.6736E-04 8.0000E-04
1.1196E-03 8.0000E-04
1.8169E-03 8.0000E-04
1.1467E-03 8.0000E-04
2.5662E-03 8.0000E-04
1.1702E-03 8.0000E-04
4.2652E-03 8.0000E-04
4.3016E-04 8.0000E-04
1.0020E-03 8.0000E-04
7.8445E-04 8.0000E-04
2.0109E-03 8.0000E-04
6.8143E-04 8.0000E-04
3.9744E-04 8.0000E-04
1.0197E-03 8.0000E-04
1.9571E-03 8.0000E-04
4.2340E-04 8.0000E-04
1.0884E-03 8.0000E-04
9.2637E-04 8.0000E-04
2.1030E-03 8.0000E-04
1.7478E-03 8.0000E-04
5.5858E-04 8.0000E-04
3.4410E-04 8.0000E-04
1.2415E-03 8.0000E-04
9.1145E-04 8.0000E-04
4.6706E-04 8.0000E-04
1.0821E-03 8.0000E-04
7.3962E-04 8.0000E-04
1.1968E-03 8.0000E-04
1.1046E-03 8.0000E-04
4.3245E-04 8.0000E-04
6.1578E-04 8.0000E-04
1.1885E-03 8.0000E-04
8.1736E-04 8.0000E-04
8.9931E-04 8.0000E-04
9.8700E-04 8.0000E-04
7.6190E-04 8.0000E-04
6.4386E-04 8.0000E-04
8.3939E-04 8.0000E-04
5.7792E-04 8.0000E-04
8.7883E-04 8.0000E-04
1.0825E-03 8.0000E-04
8.6177E-04 8.0000E-04
5.2395E-04 8.0000E-04
1.1033E-03 8.0000E-04
6.7745E-04 8.0000E-04
8.1313E-04 8.0000E-04
9.0535E-04 8.0000E-04
1.0038E-03 8.0000E-04
5.4408E-04 8.0000E-04
8.1027E-04 8.0000E-04
7.1646E-04 8.0000E-04
6.2297E-04 8.0000E-04
8.7794E-04 8.0000E-04
8.4416E-04 8.0000E-04
7.2595E-04 8.0000E-04
1.0333E-03 8.0000E-04
5.7244E-04 8.0000E-04
4.4188E-04 8.0000E-04
9.7512E-04 8.0000E-04
1.0382E-03 8.0000E-04
3.9315E-04 8.0000E-04
6.7085E-04 8.0000E-04
8.3047E-04 8.0000E-04
1.4347E-03 8.0000E-04
6.8057E-04 8.0000E-04
1.8852E-04 8.0000E-04
4.2327E-04 8.0000E-04
7.4127E-04 8.0000E-04
1.3666E-03 8.0000E-04
9.0025E-04 8.0000E-04
7.8484E-04 8.0000E-04
5.6051E-04 8.0000E-04
6.1137E-04 8.0000E-04
7.0431E-04 8.0000E-04
6.8494E-04 8.0000E-04
9.4038E-04 8.0000E-04
1.3125E-03 8.0000E-04
4.1697E-04 8.0000E-04
2.9633E-04 8.0000E-04
6.6191E-04 8.0000E-04
1.4528E-03 8.0000E-04
4.5946E-04 8.0000E-04
4.0133E-04 8.0000E-04
8.2421E-04 8.0000E-04
1.2616E-03 8.0000E-04
2.0377E-03 8.0000E-04
2.4757E-04 8.0000E-04
7.4439E-04 8.0000E-04
7.2297E-04 8.0000E-04
8.6988E-04 8.0000E-04
2.2826E-03 8.0000E-04
1.3956E-03 8.0000E-04
1.4670E-04 8.0000E-04
1.5479E-03 8.0000E-04
1.1363E-03 8.0000E-04
3.5621E-04 8.0000E-04
1.7378E-03 8.0000E-04
1.1571E-03 8.0000E-04
3.2836E-03 8.0000E-04
3.3680E-03 8.0000E-04
3.3973E-04 8.0000E-04
2.8260E-04 8.0000E-04
1.7331E-03 8.0000E-04
2.5963E-03 8.0000E-04
3.2797E-03 8.0000E-04
1.8863E-03 8.0000E-04
2.4384E-03 8.0000E-04
1.6899E-03 8.0000E-04
2.6048E-03 8.0000E-04
8.0137E-04 8.0000E-04
3.7214E-03 8.0000E-04
2.2100E-03 8.0000E-04
1.4390E-03 8.0000E-04
1.3285E-03 8.0000E-04
1.8158E-03 8.0000E-04
9.2664E-04 8.0000E-04
1.5674E-03 8.0000E-04
1.2876E-03 8.0000E-04
6.2190E-04 8.0000E-04
6.0437E-04 8.0000E-04
1.5525E-03 8.0000E-04
1.3601E-03 8.0000E-04
8.7170E-04 8.0000E-04
6.2276E-04 8.0000E-04
8.6983E-04 8.0000E-04
8.4450E-04 8.0000E-04
7.8693E-04 8.0000E-04
7.0918E-04 8.0000E-04
7.6568E-04 8.0000E-04
3.6076E-04 8.0000E-04
4.6116E-04 8.0000E-04
6.4707E-04 8.0000E-04
6.7616E-04 8.0000E-04
6.6711E-04 8.0000E-04
5.8200E-04 8.0000E-04
4.6720E-04 8.0000E-04
3.5177E-04 8.0000E-04
4.0422E-04 8.0000E-04
5.0019E-04 8.0000E-04
4.7333E-04 8.0000E-04
5.4181E-04 8.0000E-04
5.0734E-04 8.0000E-04
3.8327E-04 8.0000E-04
5.1982E-04 8.0000E-04
4.8281E-04 8.0000E-04
2.2369E-04 8.0000E-04
4.8197E-04 8.0000E-04
6.0042E-04 8.0000E-04
3.0772E-04 8.0000E-04
3.6914E-04 8.0000E-04
4.1786E-04 8.0000E-04
7.0315E-04 8.0000E-04
2.3900E-04 8.0000E-04
2.0788E-04 8.0000E-04
2.9384E-04 8.0000E-04
5.4295E-04 8.0000E-04
3.0715E-04 8.0000E-04
2.8330E-04 8.0000E-04
3.3146E-04 8.0000E-04
5.7721E-04 8.0000E-04
1.4341E-04 8.0000E-04
1.9631E-04 8.0000E-04
2.7558E-04 8.0000E-04
7.4197E-04 8.0000E-04
2.2641E-04 8.0000E-04
1.6196E-04 8.0000E-04
3.2121E-04 8.0000E-04
4.7413E-04 8.0000E-04
7.8324E-04 8.0000E-04
9.5985E-05 8.0000E-04
1.6144E-04 8.0000E-04
3.1002E-04 8.0000E-04
9.2601E-04 8.0000E-04
1.9746E-04 8.0000E-04
1.7432E-04 8.0000E-04
3.5021E-04 8.0000E-04
6.5512E-04 8.0000E-04
7.9021E-04 8.0000E-04
2.0355E-04 8.0000E-04
4.2197E-04 8.0000E-04
4.3883E-04 8.0000E-04
4.0545E-04 8.0000E-04
1.0256E-03 8.0000E-04
4.4199E-04 8.0000E-04
2.4902E-04 8.0000E-04
1.3231E-03 8.0000E-04
4.9888E-04 8.0000E-04
5.5854E-05 8.0000E-04
8.6229E-04 8.0000E-04
1.2529E-03 8.0000E-04
7.2110E-04 8.0000E-04
7.8510E-04 8.0000E-04
1.1573E-03 8.0000E-04
1.2804E-03 8.0000E-04
1.4097E-03 8.0000E-04
5.4436E-04 8.0000E-04
1.2090E-03 8.0000E-04
2.1620E-03 8.0000E-04
2.4554E-03 8.0000E-04
7.9147E-04 8.0000E-04
3.2828E-03 8.0000E-04
6.6900E-04 8.0000E-04
2.8018E-03 8.0000E-04
2.3834E-03 8.0000E-04
1.5450E-03 8.0000E-04
2.6775E-03 8.0000E-04
9.5910E-04 8.0000E-04
1.9182E-03 8.0000E-04
3.8364E-03 8.0000E-04
5.6154E-04 8.0000E-04
2.1626E-03 8.0000E-04
2.8263E-03 8.0000E-04
3.1774E-03 8.0000E-04
1.4767E-03 8.0000E-04
2.7856E-03 8.0000E-04
1.2675E-03 8.0000E-04
1.1940E-03 8.0000E-04
2.0611E-03 8.0000E-04
1.7856E-03 8.0000E-04
1.3219E-03 8.0000E-04
1.2829E-03 8.0000E-04
1.3380E-03 8.0000E-04
1.0745E-03 8.0000E-04
8.1841E-04 8.0000E-04
1.3510E-03 8.0000E-04
1.8260E-03 8.0000E-04
4.5630E-04 8.0000E-04
7.0976E-04 8.0000E-04
7.3148E-04 8.0000E-04
1.5628E-03 8.0000E-04
5.9854E-04 8.0000E-04
3.5929E-04 8.0000E-04
6.8716E-04 8.0000E-04
1.3062E-03 8.0000E-04
2.4121E-04 8.0000E-04
3.9406E-04 8.0000E-04
6.2566E-04 8.0000E-04
8.8873E-04 8.0000E-04
2.1765E-03 8.0000E-04
5.8366E-04 8.0000E-04
2.1930E-04 8.0000E-04
4.5625E-04 8.0000E-04
1.0205E-03 8.0000E-04
7.0968E-04 8.0000E-04
5.8650E-04 8.0000E-04
6.3612E-04 8.0000E-04
9.1488E-04 8.0000E-04
5.5976E-04 8.0000E-04
2.6080E-04 8.0000E-04
3.4261E-04 8.0000E-04
5.6268E-04 8.0000E-04
3.6794E-04 8.0000E-04
5.2787E-04 8.0000E-04
3.9407E-04 8.0000E-04
7.3564E-04 8.0000E-04
2.7667E-04 8.0000E-04
1.7825E-04 8.0000E-04
2.2984E-04 8.0000E-04
4.2636E-04 8.0000E-04
2.9834E-04 8.0000E-04
4.5211E-04 8.0000E-04
3.3029E-04 8.0000E-04
4.0750E-04 8.0000E-04
3.9029E-04 8.0000E-04
3.0293E-04 8.0000E-04
1.8918E-04 8.0000E-04
3.1488E-04 8.0000E-04
5.9622E-04 8.0000E-04
2.6293E-04 8.0000E-04
3.3694E-04 8.0000E-04
3.4824E-04 8.0000E-04
7.9921E-04 8.0000E-04
1.9775E-04 8.0000E-04
1.1841E-04 8.0000E-04
2.5713E-04 8.0000E-04
5.1963E-04 8.0000E-04
9.0814E-04 8.0000E-04
3.0224E-04 8.0000E-04
3.2597E-04 8.0000E-04
2.9417E-04 8.0000E-04
4.9955E-04 8.0000E-04
6.7663E-04 8.0000E-04
2.4428E-04 8.0000E-04
2.1600E-04 8.0000E-04
4.4991E-04 8.0000E-04
7.9165E-04 8.0000E-04
9.3622E-05 8.0000E-04
1.7408E-04 8.0000E-04
2.8980E-04 8.0000E-04
6.1266E-04 8.0000E-04
9.9075E-04 8.0000E-04
6.3813E-05 8.0000E-04
1.4493E-04 8.0000E-04
2.7344E-04 8.0000E-04
8.8720E-04 8.0000E-04
2.4513E-04 8.0000E-04
2.3679E-04 8.0000E-04
4.4521E-04 8.0000E-04
6.6143E-04 8.0000E-04
8.5366E-04 8.0000E-04
1.2564E-04 8.0000E-04
1.4242E-04 8.0000E-04
2.8216E-04 8.0000E-04
7.7039E-04 8.0000E-04
5.1950E-04 8.0000E-04
3.4065E-04 8.0000E-04
3.8356E-04 8.0000E-04
6.7144E-04 8.0000E-04
2.3926E-04 8.0000E-04
2.3847E-04 8.0000E-04
2.5960E-04 8.0000E-04
7.2873E-04 8.0000E-04
1.9678E-04 8.0000E-04
4.9737E-04 8.0000E-04
3.8536E-04 8.0000E-04
8.3100E-04 8.0000E-04
2.7839E-04 8.0000E-04
3.2927E-04 8.0000E-04
2.0956E-04 8.0000E-04
4.0445E-04 8.0000E-04
5.4339E-04 8.0000E-04
4.4876E-04 8.0000E-04
4.4204E-04 8.0000E-04
5.6024E-04 8.0000E-04
4.7797E-04 8.0000E-04
1.4346E-04 8.0000E-04
2.2855E-04 8.0000E-04
3.5899E-04 8.0000E-04
3.9878E-04 8.0000E-04
5.8081E-04 8.0000E-04
5.4701E-04 8.0000E-04
7.7839E-04 8.0000E-04
3.4030E-04 8.0000E-04
1.5920E-04 8.0000E-04
1.5409E-04 8.0000E-04
2.2403E-04 8.0000E-04
5.3023E-04 8.0000E-04
6.7323E-04 8.0000E-04
7.6201E-04 8.0000E-04
6.2118E-04 8.0000E-04
6.6722E-04 8.0000E-04
3.1770E-04 8.0000E-04
2.0936E-04 8.0000E-04
2.1205E-04 8.0000E-04
5.4785E-04 8.0000E-04
4.6285E-04 8.0000E-04
1.0494E-03 8.0000E-04
1.0323E-03 8.0000E-04
1.0214E-03 8.0000E-04
1.3754E-04 8.0000E-04
6.2174E-04 8.0000E-04
3.3035E-04 8.0000E-04
2.4172E-04 8.0000E-04
9.6567E-04 8.0000E-04
6.6167E-04 8.0000E-04
2.4005E-03 8.0000E-04
3.2842E-04 8.0000E-04
5.3502E-04 8.0000E-04
3.5790E-04 8.0000E-04
2.1106E-03 8.0000E-04
1.5792E-04 8.0000E-04
9.5410E-04 8.0000E-04
8.3898E-04 8.0000E-04
1.7408E-03 8.0000E-04
2.2083E-03 8.0000E-04
9.0880E-04 8.0000E-04
2.7342E-04 8.0000E-04
2.9738E-03 8.0000E-04
2.4200E-04 8.0000E-04
2.0065E-03 8.0000E-04
3.4917E-03 8.0000E-04
2.8027E-03 8.0000E-04
1.6804E-03 8.0000E-04
5.7491E-03 8.0000E-04
1.6575E-03 8.0000E-04
3.6434E-04 8.0000E-04
1.4640E-03 8.0000E-04
5.0149E-03 8.0000E-04
6.8358E-04 8.0000E-04
1.1293E-03 8.0000E-04
3.9371E-03 8.0000E-04
6.1428E-04 8.0000E-04
3.0779E-03 8.0000E-04
3.5117E-03 8.0000E-04
7.3987E-04 8.0000E-04
3.4179E-04 8.0000E-04
1.7600E-03 8.0000E-04
6.9389E-04 8.0000E-04
2.1677E-03 8.0000E-04
2.0089E-03 8.0000E-04
8.0490E-04 8.0000E-04
1.5256E-03 8.0000E-04
1.5830E-03 8.0000E-04
2.3617E-03 8.0000E-04
3.9769E-04 8.0000E-04
8.4687E-04 8.0000E-04
1.4258E-03 8.0000E-04
1.1434E-03 8.0000E-04
3.3424E-04 8.0000E-04
1.0831E-03 8.0000E-04
8.7412E-04 8.0000E-04
6.6777E-04 8.0000E-04
1.1626E-03 8.0000E-04
4.7261E-04 8.0000E-04
2.1792E-03 8.0000E-04
8.9367E-04 8.0000E-04
4.0470E-04 8.0000E-04
1.0036E-03 8.0000E-04
5.1577E-04 8.0000E-04
1.0947E-03 8.0000E-04
9.3565E-04 8.0000E-04
6.2935E-04 8.0000E-04
3.6393E-04 8.0000E-04
1.2983E-03 8.0000E-04
7.8052E-04 8.0000E-04
1.8342E-04 8.0000E-04
9.0639E-04 8.0000E-04
5.8525E-04 8.0000E-04
1.1633E-03 8.0000E-04
9.1758E-04 8.0000E-04
6.9505E-04 8.0000E-04
4.0619E-04 8.0000E-04
1.1401E-03 8.0000E-04
4.9568E-04 8.0000E-04
3.8894E-04 8.0000E-04
9.0877E-04 8.0000E-04
1.1998E-03 8.0000E-04
2.3851E-04 8.0000E-04
5.4122E-04 8.0000E-04
4.0197E-04 8.0000E-04
1.3738E-03 8.0000E-04
5.3116E-04 8.0000E-04
4.9101E-04 8.0000E-04
6.0368E-04 8.0000E-04
9.6244E-04 8.0000E-04
3.7643E-04 8.0000E-04
4.5082E-04 8.0000E-04
5.5314E-04 8.0000E-04
6.9775E-04 8.0000E-04
6.8227E-04 8.0000E-04
5.8442E-04 8.0000E-04
2.8742E-04 8.0000E-04
4.7160E-04 8.0000E-04
8.8113E-04 8.0000E-04
3.9620E-04 8.0000E-04
5.5003E-04 8.0000E-04
4.8504E-04 8.0000E-04
7.2964E-04 8.0000E-04
3.7924E-04 8.0000E-04
3.4346E-04 8.0000E-04
3.6465E-04 8.0000E-04
6.1303E-04 8.0000E-04
3.6407E-04 8.0000E-04
3.8517E-04 8.0000E-04
4.4442E-04 8.0000E-04
5.1807E-04 8.0000E-04
2.3193E-04 8.0000E-04
3.9077E-04 8.0000E-04
3.2394E-04 8.0000E-04
3.3159E-04 8.0000E-04
4.6849E-04 8.0000E-04
4.0668E-04 8.0000E-04
1.3197E-04 8.0000E-04
3.1828E-04 8.0000E-04
3.1488E-04 8.0000E-04
2.3987E-04 8.0000E-04
4.2088E-04 8.0000E-04
2.4576E-04 8.0000E-04
1.5341E-04 8.0000E-04
4.3008E-04 8.0000E-04
2.1280E-04 8.0000E-04
8.3061E-05 8.0000E-04
3.4308E-04 8.0000E-04
2.6697E-04 8.0000E-04
1.7028E-04 8.0000E-04
3.5989E-04 8.0000E-04
1.8679E-04 8.0000E-04
2.0678E-04 8.0000E-04
4.4323E-04 8.0000E-04
1.3001E-04 8.0000E-04
4.6174E-05 8.0000E-04
2.5104E-04 8.0000E-04
4.5266E-04 8.0000E-04
4.2400E-05 8.0000E-04
1.2892E-04 8.0000E-04
2.2283E-04 8.0000E-04
3.0917E-04 8.0000E-04
3.9502E-04 8.0000E-04
1.7162E-04 8.0000E-04
8.9729E-05 8.0000E-04
1.5750E-04 8.0000E-04
3.7125E-04 8.0000E-04
1.0325E-04 8.0000E-04
1.4103E-04 8.0000E-04
2.1394E-04 8.0000E-04
3.2739E-04 8.0000E-04
3.5743E-04 8.0000E-04
1.8792E-04 8.0000E-04
1.0065E-04 8.0000E-04
1.5514E-04 8.0000E-04
3.8637E-04 8.0000E-04
2.0347E-04 8.0000E-04
1.4863E-04 8.0000E-04
2.2841E-04 8.0000E-04
3.4460E-04 8.0000E-04
2.4631E-04 8.0000E-04
2.0973E-04 8.0000E-04
2.2073E-04 8.0000E-04
3.1639E-04 8.0000E-04
1.2578E-04 8.0000E-04
2.5254E-04 8.0000E-04
1.9925E-04 8.0000E-04
2.7378E-04 8.0000E-04
4.4186E-04 8.0000E-04
1.9539E-04 8.0000E-04
4.1832E-05 8.0000E-04
2.0401E-04 8.0000E-04
3.9930E-04 8.0000E-04
3.9147E-05 8.0000E-04
1.0196E-04 8.0000E-04
2.4105E-04 8.0000E-04
2.6736E-04 8.0000E-04
3.3642E-04 8.0000E-04
1.3691E-04 8.0000E-04
6.7416E-05 8.0000E-04
1.2532E-04 8.0000E-04
3.0393E-04 8.0000E-04
2.1696E-04 8.0000E-04
1.1432E-04 8.0000E-04
1.7625E-04 8.0000E-04
2.4454E-04 8.0000E-04
9.9251E-05 8.0000E-04
1.1398E-04 8.0000E-04
9.8745E-05 8.0000E-04
2.6092E-04 8.0000E-04
1.5046E-04 8.0000E-04
9.5329E-05 8.0000E-04
1.4456E-04 8.0000E-04
2.2537E-04 8.0000E-04
1.1523E-04 8.0000E-04
1.3020E-04 8.0000E-04
1.2519E-04 8.0000E-04
2.6873E-04 8.0000E-04
1.2024E-04 8.0000E-04
1.0549E-04 8.0000E-04
1.3296E-04 8.0000E-04
2.6092E-04 8.0000E-04
8.7858E-05 8.0000E-04
9.6792E-05 8.0000E-04
2.8531E-04 8.0000E-04
1.8745E-03 8.0000E-04
9.9494E-04 8.0000E-04
2.5001E-03 8.0000E-04
1.4556E-03 8.0000E-04
3.9537E-04 8.0000E-04
6.3087E-04 8.0000E-04
8.9660E-04 8.0000E-04
6.7496E-04 8.0000E-04
6.5909E-04 8.0000E-04
5.2048E-04 8.0000E-04
9.2318E-04 8.0000E-04
9.3752E-04 8.0000E-04
2.3894E-04 8.0000E-04
3.7421E-04 8.0000E-04
3.8780E-04 8.0000E-04
1.0669E-03 8.0000E-04
4.5912E-04 8.0000E-04
1.7065E-04 8.0000E-04
4.8759E-04 8.0000E-04
7.9829E-04 8.0000E-04
5.4702E-04 8.0000E-04
7.4743E-04 8.0000E-04
5.0911E-04 8.0000E-04
9.4112E-04 8.0000E-04
3.0089E-04 8.0000E-04
2.1866E-04 8.0000E-04
4.5996E-04 8.0000E-04
8.1726E-04 8.0000E-04
3.4004E-04 8.0000E-04
2.8936E-04 8.0000E-04
4.0857E-04 8.0000E-04
7.1039E-04 8.0000E-04
8.2045E-04 8.0000E-04
1.2242E-04 8.0000E-04
1.7973E-04 8.0000E-04
2.8445E-04 8.0000E-04
9.1853E-04 8.0000E-04
2.7401E-04 8.0000E-04
1.2287E-04 8.0000E-04
3.1223E-04 8.0000E-04
4.4495E-04 8.0000E-04
7.9683E-04 8.0000E-04
2.7766E-04 8.0000E-04
1.9885E-04 8.0000E-04
3.0736E-04 8.0000E-04
5.5294E-04 8.0000E-04
3.5447E-04 8.0000E-04
3.6090E-04 8.0000E-04
3.2086E-04 8.0000E-04
6.0538E-04 8.0000E-04
3.6607E-04 8.0000E-04
1.9608E-04 8.0000E-04
2.8313E-04 8.0000E-04
4.5880E-04 8.0000E-04
3.8840E-04 8.0000E-04
4.2304E-04 8.0000E-04
3.6400E-04 8.0000E-04
5.6408E-04 8.0000E-04
5.9492E-04 8.0000E-04
2.8625E-04 8.0000E-04
1.6319E-04 8.0000E-04
2.8700E-04 8.0000E-04
5.8473E-04 8.0000E-04
3.2411E-04 8.0000E-04
4.3399E-04 8.0000E-04
3.7452E-04 8.0000E-04
3.9298E-04 8.0000E-04
2.1779E-04 8.0000E-04
2.7314E-04 8.0000E-04
3.1715E-04 8.0000E-04
4.0078E-04 8.0000E-04
5.2284E-04 8.0000E-04
2.8750E-04 8.0000E-04
2.4824E-04 8.0000E-04
3.8041E-04 8.0000E-04
2.6189E-04 8.0000E-04
2.7268E-04 8.0000E-04
4.7562E-04 8.0000E-04
2.4817E-04 8.0000E-04
9.9588E-05 8.0000E-04
3.1632E-04 8.0000E-04
4.4854E-04 8.0000E-04
3.4087E-04 8.0000E-04
4.4516E-04 8.0000E-04
3.0882E-04 8.0000E-04
3.1229E-04 8.0000E-04
3.7794E-04 8.0000E-04
4.5213E-04 8.0000E-04
1.1494E-04 8.0000E-04
1.9594E-04 8.0000E-04
2.8999E-04 8.0000E-04
4.7890E-04 8.0000E-04
2.6058E-04 8.0000E-04
2.3799E-04 8.0000E-04
2.5442E-04 8.0000E-04
4.2512E-04 8.0000E-04
2.6526E-04 8.0000E-04
2.4327E-04 8.0000E-04
3.1487E-04 8.0000E-04
3.9376E-04 8.0000E-04
3.2151E-04 8.0000E-04
3.5010E-04 8.0000E-04
2.0092E-04 8.0000E-04
1.9914E-04 8.0000E-04
4.4705E-04 8.0000E-04
2.6314E-04 8.0000E-04
1.4310E-04 8.0000E-04
3.3677E-04 8.0000E-04
3.7638E-04 8.0000E-04
1.8768E-04 8.0000E-04
3.3888E-04 8.0000E-04
2.3537E-04 8.0000E-04
3.7914E-04 8.0000E-04
4.0955E-04 8.0000E-04
2.4648E-04 8.0000E-04
9.1611E-05 8.0000E-04
2.6332E-04 8.0000E-04
3.4642E-04 8.0000E-04
1.2696E-04 8.0000E-04
2.4981E-04 8.0000E-04
1.9481E-04 8.0000E-04
4.6381E-04 8.0000E-04
3.3014E-04 8.0000E-04
9.5704E-05 8.0000E-04
1.3372E-04 8.0000E-04
2.2712E-04 8.0000E-04
2.5286E-04 8.0000E-04
4.7065E-04 8.0000E-04
3.6473E-04 8.0000E-04
2.7523E-05 8.0000E-04
1.1859E-04 8.0000E-04
1.4080E-04 8.0000E-04
