RMS Grad   Target
3.8366E-04 2.0000E-04
3.4711E-04 2.0000E-04
3.1989E-04 2.0000E-04
2.9922E-04 2.0000E-04
2.8311E-04 2.0000E-04
2.7018E-04 2.0000E-04
2.5955E-04 2.0000E-04
2.5062E-04 2.0000E-04
2.4300E-04 2.0000E-04
2.3641E-04 2.0000E-04
2.3064E-04 2.0000E-04
2.2554E-04 2.0000E-04
2.2092E-04 2.0000E-04
2.1661E-04 2.0000E-04
2.1262E-04 2.0000E-04
2.0890E-04 2.0000E-04
2.0540E-04 2.0000E-04
2.0205E-04 2.0000E-04
1.9890E-04 2.0000E-04
1.9587E-04 2.0000E-04
1.9293E-04 2.0000E-04
1.9019E-04 2.0000E-04
1.8747E-04 2.0000E-04
1.8487E-04 2.0000E-04
1.8239E-04 2.0000E-04
1.7993E-04 2.0000E-04
1.7759E-04 2.0000E-04
1.7531E-04 2.0000E-04
1.7307E-04 2.0000E-04
1.7092E-04 2.0000E-04
1.6882E-04 2.0000E-04
1.6675E-04 2.0000E-04
1.6477E-04 2.0000E-04
1.6279E-04 2.0000E-04
1.6090E-04 2.0000E-04
1.5903E-04 2.0000E-04
1.5720E-04 2.0000E-04
1.5542E-04 2.0000E-04
1.5368E-04 2.0000E-04
1.5195E-04 2.0000E-04
1.5030E-04 2.0000E-04
1.4863E-04 2.0000E-04
1.4702E-04 2.0000E-04
1.4546E-04 2.0000E-04
1.4388E-04 2.0000E-04
1.4238E-04 2.0000E-04
1.4088E-04 2.0000E-04
1.3941E-04 2.0000E-04
1.3798E-04 2.0000E-04
1.3656E-04 2.0000E-04
1.3515E-04 2.0000E-04
1.3382E-04 2.0000E-04
1.3242E-04 2.0000E-04
1.3113E-04 2.0000E-04
1.2987E-04 2.0000E-04
1.2854E-04 2.0000E-04
1.2741E-04 2.0000E-04
1.2616E-04 2.0000E-04
1.2493E-04 2.0000E-04
1.2394E-04 2.0000E-04
1.2267E-04 2.0000E-04
1.2161E-04 2.0000E-04
1.2067E-04 2.0000E-04
1.1931E-04 2.0000E-04
1.1855E-04 2.0000E-04
1.1732E-04 2.0000E-04
1.1625E-04 2.0000E-04
1.1569E-04 2.0000E-04
1.1451E-04 2.0000E-04
1.1387E-04 2.0000E-04
1.1291E-04 2.0000E-04
1.1179E-04 2.0000E-04
1.1103E-04 2.0000E-04
1.0986E-04 2.0000E-04
1.0900E-04 2.0000E-04
1.0845E-04 2.0000E-04
1.0754E-04 2.0000E-04
1.0741E-04 2.0000E-04
1.0649E-04 2.0000E-04
1.0598E-04 2.0000E-04
1.0519E-04 2.0000E-04
1.0421E-04 2.0000E-04
1.0353E-04 2.0000E-04
1.0266E-04 2.0000E-04
1.0193E-04 2.0000E-04
1.0132E-04 2.0000E-04
1.0058E-04 2.0000E-04
1.0046E-04 2.0000E-04
9.9740E-05 2.0000E-04
9.9077E-05 2.0000E-04
9.8470E-05 2.0000E-04
9.7296E-05 2.0000E-04
9.6673E-05 2.0000E-04
9.6040E-05 2.0000E-04
9.5424E-05 2.0000E-04
9.4990E-05 2.0000E-04
9.4372E-05 2.0000E-04
9.4010E-05 2.0000E-04
9.3398E-05 2.0000E-04
9.2941E-05 2.0000E-04
9.2411E-05 2.0000E-04
9.1430E-05 2.0000E-04
9.0897E-05 2.0000E-04
9.0458E-05 2.0000E-04
8.9898E-05 2.0000E-04
8.9557E-05 2.0000E-04
8.8980E-05 2.0000E-04
8.8622E-05 2.0000E-04
8.8101E-05 2.0000E-04
8.7626E-05 2.0000E-04
8.7151E-05 2.0000E-04
8.6560E-05 2.0000E-04
8.6061E-05 2.0000E-04
8.5513E-05 2.0000E-04
8.5002E-05 2.0000E-04
8.4643E-05 2.0000E-04
8.4150E-05 2.0000E-04
8.3851E-05 2.0000E-04
8.3369E-05 2.0000E-04
8.3130E-05 2.0000E-04
8.2659E-05 2.0000E-04
8.2203E-05 2.0000E-04
8.1747E-05 2.0000E-04
8.1312E-05 2.0000E-04
8.0860E-05 2.0000E-04
8.0829E-05 2.0000E-04
8.0349E-05 2.0000E-04
8.0270E-05 2.0000E-04
7.9818E-05 2.0000E-04
7.9659E-05 2.0000E-04
7.9164E-05 2.0000E-04
7.9339E-05 2.0000E-04
7.8852E-05 2.0000E-04
7.8900E-05 2.0000E-04
7.8458E-05 2.0000E-04
7.8281E-05 2.0000E-04
7.7864E-05 2.0000E-04
7.7652E-05 2.0000E-04
7.7210E-05 2.0000E-04
7.7449E-05 2.0000E-04
7.6968E-05 2.0000E-04
7.7093E-05 2.0000E-04
7.6685E-05 2.0000E-04
7.6563E-05 2.0000E-04
7.6192E-05 2.0000E-04
7.5386E-05 2.0000E-04
7.5043E-05 2.0000E-04
7.5074E-05 2.0000E-04
7.4615E-05 2.0000E-04
7.4742E-05 2.0000E-04
7.4299E-05 2.0000E-04
7.4137E-05 2.0000E-04
7.3789E-05 2.0000E-04
7.3574E-05 2.0000E-04
7.3229E-05 2.0000E-04
7.3001E-05 2.0000E-04
7.2608E-05 2.0000E-04
7.2599E-05 2.0000E-04
7.2193E-05 2.0000E-04
7.2265E-05 2.0000E-04
7.1862E-05 2.0000E-04
7.1662E-05 2.0000E-04
7.1361E-05 2.0000E-04
7.1292E-05 2.0000E-04
7.0892E-05 2.0000E-04
7.0903E-05 2.0000E-04
7.0490E-05 2.0000E-04
7.0605E-05 2.0000E-04
7.0212E-05 2.0000E-04
7.0256E-05 2.0000E-04
6.9904E-05 2.0000E-04
6.9937E-05 2.0000E-04
6.9581E-05 2.0000E-04
6.9701E-05 2.0000E-04
6.9302E-05 2.0000E-04
6.9423E-05 2.0000E-04
6.9059E-05 2.0000E-04
6.9394E-05 2.0000E-04
6.8977E-05 2.0000E-04
6.9156E-05 2.0000E-04
6.8796E-05 2.0000E-04
6.9015E-05 2.0000E-04
6.8603E-05 2.0000E-04
6.8744E-05 2.0000E-04
6.8389E-05 2.0000E-04
6.8691E-05 2.0000E-04
6.8312E-05 2.0000E-04
6.8509E-05 2.0000E-04
6.8177E-05 2.0000E-04
6.8379E-05 2.0000E-04
6.7927E-05 2.0000E-04
6.8334E-05 2.0000E-04
6.7917E-05 2.0000E-04
6.8093E-05 2.0000E-04
6.7799E-05 2.0000E-04
6.7973E-05 2.0000E-04
6.7635E-05 2.0000E-04
6.7450E-05 2.0000E-04
6.7158E-05 2.0000E-04
6.7404E-05 2.0000E-04
6.6993E-05 2.0000E-04
6.7186E-05 2.0000E-04
6.6798E-05 2.0000E-04
6.6890E-05 2.0000E-04
6.6570E-05 2.0000E-04
6.6687E-05 2.0000E-04
6.6381E-05 2.0000E-04
6.6469E-05 2.0000E-04
6.6098E-05 2.0000E-04
6.6167E-05 2.0000E-04
6.5818E-05 2.0000E-04
6.6057E-05 2.0000E-04
6.5709E-05 2.0000E-04
6.5741E-05 2.0000E-04
6.5480E-05 2.0000E-04
6.5698E-05 2.0000E-04
6.5292E-05 2.0000E-04
6.5426E-05 2.0000E-04
6.5083E-05 2.0000E-04
6.5271E-05 2.0000E-04
6.4940E-05 2.0000E-04
6.5047E-05 2.0000E-04
6.4749E-05 2.0000E-04
6.5044E-05 2.0000E-04
6.4717E-05 2.0000E-04
6.5107E-05 2.0000E-04
6.4712E-05 2.0000E-04
6.4908E-05 2.0000E-04
6.4583E-05 2.0000E-04
6.4900E-05 2.0000E-04
6.4551E-05 2.0000E-04
6.4819E-05 2.0000E-04
6.4509E-05 2.0000E-04
6.4867E-05 2.0000E-04
6.4498E-05 2.0000E-04
6.4602E-05 2.0000E-04
6.4286E-05 2.0000E-04
6.4603E-05 2.0000E-04
6.4269E-05 2.0000E-04
6.4550E-05 2.0000E-04
6.4269E-05 2.0000E-04
6.4520E-05 2.0000E-04
6.4071E-05 2.0000E-04
6.4441E-05 2.0000E-04
6.4029E-05 2.0000E-04
6.4175E-05 2.0000E-04
6.3898E-05 2.0000E-04
6.3957E-05 2.0000E-04
6.3669E-05 2.0000E-04
6.3629E-05 2.0000E-04
6.3360E-05 2.0000E-04
6.3647E-05 2.0000E-04
6.3273E-05 2.0000E-04
6.3444E-05 2.0000E-04
6.3097E-05 2.0000E-04
6.3187E-05 2.0000E-04
6.2890E-05 2.0000E-04
6.3034E-05 2.0000E-04
6.2743E-05 2.0000E-04
6.2957E-05 2.0000E-04
6.2621E-05 2.0000E-04
6.2767E-05 2.0000E-04
6.2422E-05 2.0000E-04
6.2618E-05 2.0000E-04
6.2314E-05 2.0000E-04
6.2437E-05 2.0000E-04
6.2166E-05 2.0000E-04
6.2443E-05 2.0000E-04
6.2086E-05 2.0000E-04
6.2194E-05 2.0000E-04
6.1887E-05 2.0000E-04
6.2118E-05 2.0000E-04
6.1797E-05 2.0000E-04
6.1947E-05 2.0000E-04
6.1668E-05 2.0000E-04
6.1953E-05 2.0000E-04
6.1646E-05 2.0000E-04
6.1982E-05 2.0000E-04
6.1611E-05 2.0000E-04
6.1794E-05 2.0000E-04
6.1496E-05 2.0000E-04
6.1748E-05 2.0000E-04
6.1439E-05 2.0000E-04
6.1652E-05 2.0000E-04
6.1390E-05 2.0000E-04
6.1679E-05 2.0000E-04
6.1356E-05 2.0000E-04
6.1435E-05 2.0000E-04
6.1135E-05 2.0000E-04
6.1388E-05 2.0000E-04
6.1094E-05 2.0000E-04
6.1326E-05 2.0000E-04
6.1049E-05 2.0000E-04
6.1220E-05 2.0000E-04
6.0868E-05 2.0000E-04
6.1190E-05 2.0000E-04
6.0839E-05 2.0000E-04
6.0973E-05 2.0000E-04
6.0725E-05 2.0000E-04
6.0854E-05 2.0000E-04
6.0563E-05 2.0000E-04
6.0564E-05 2.0000E-04
6.0274E-05 2.0000E-04
6.0482E-05 2.0000E-04
6.0162E-05 2.0000E-04
6.0300E-05 2.0000E-04
6.0025E-05 2.0000E-04
6.0079E-05 2.0000E-04
5.9819E-05 2.0000E-04
5.9971E-05 2.0000E-04
5.9685E-05 2.0000E-04
5.9866E-05 2.0000E-04
5.9560E-05 2.0000E-04
5.9715E-05 2.0000E-04
5.9394E-05 2.0000E-04
5.9535E-05 2.0000E-04
5.9278E-05 2.0000E-04
5.9412E-05 2.0000E-04
5.9170E-05 2.0000E-04
5.9457E-05 2.0000E-04
5.9140E-05 2.0000E-04
5.9210E-05 2.0000E-04
5.8920E-05 2.0000E-04
5.9080E-05 2.0000E-04
5.8780E-05 2.0000E-04
5.8890E-05 2.0000E-04
5.8637E-05 2.0000E-04
5.8910E-05 2.0000E-04
5.8640E-05 2.0000E-04
5.8883E-05 2.0000E-04
5.8572E-05 2.0000E-04
5.8726E-05 2.0000E-04
5.8444E-05 2.0000E-04
5.8622E-05 2.0000E-04
5.8331E-05 2.0000E-04
5.8477E-05 2.0000E-04
5.8233E-05 2.0000E-04
5.8468E-05 2.0000E-04
5.8192E-05 2.0000E-04
5.8257E-05 2.0000E-04
5.7998E-05 2.0000E-04
5.8186E-05 2.0000E-04
5.7905E-05 2.0000E-04
5.8084E-05 2.0000E-04
5.7820E-05 2.0000E-04
5.7996E-05 2.0000E-04
5.7671E-05 2.0000E-04
5.7853E-05 2.0000E-04
5.7583E-05 2.0000E-04
5.7641E-05 2.0000E-04
5.7408E-05 2.0000E-04
5.7502E-05 2.0000E-04
5.7221E-05 2.0000E-04
5.7257E-05 2.0000E-04
5.6977E-05 2.0000E-04
5.7194E-05 2.0000E-04
5.6894E-05 2.0000E-04
5.6973E-05 2.0000E-04
5.6752E-05 2.0000E-04
5.6763E-05 2.0000E-04
5.6542E-05 2.0000E-04
5.6660E-05 2.0000E-04
5.6378E-05 2.0000E-04
5.6531E-05 2.0000E-04
5.6245E-05 2.0000E-04
5.6400E-05 2.0000E-04
5.6118E-05 2.0000E-04
5.6171E-05 2.0000E-04
5.5959E-05 2.0000E-04
5.6047E-05 2.0000E-04
5.5818E-05 2.0000E-04
5.6053E-05 2.0000E-04
5.5752E-05 2.0000E-04
5.5845E-05 2.0000E-04
5.5574E-05 2.0000E-04
5.5708E-05 2.0000E-04
5.5430E-05 2.0000E-04
5.5439E-05 2.0000E-04
5.5223E-05 2.0000E-04
5.5409E-05 2.0000E-04
5.5169E-05 2.0000E-04
5.5320E-05 2.0000E-04
5.5030E-05 2.0000E-04
5.5158E-05 2.0000E-04
5.4897E-05 2.0000E-04
5.5029E-05 2.0000E-04
5.4770E-05 2.0000E-04
5.4890E-05 2.0000E-04
5.4659E-05 2.0000E-04
5.4824E-05 2.0000E-04
5.4574E-05 2.0000E-04
5.4637E-05 2.0000E-04
5.4394E-05 2.0000E-04
5.4527E-05 2.0000E-04
5.4297E-05 2.0000E-04
5.4429E-05 2.0000E-04
5.4204E-05 2.0000E-04
5.4393E-05 2.0000E-04
5.4111E-05 2.0000E-04
5.4228E-05 2.0000E-04
5.4001E-05 2.0000E-04
5.4029E-05 2.0000E-04
5.3809E-05 2.0000E-04
5.3925E-05 2.0000E-04
5.3697E-05 2.0000E-04
5.3778E-05 2.0000E-04
5.3544E-05 2.0000E-04
5.3731E-05 2.0000E-04
5.3486E-05 2.0000E-04
5.3547E-05 2.0000E-04
5.3356E-05 2.0000E-04
5.3386E-05 2.0000E-04
5.3157E-05 2.0000E-04
5.3248E-05 2.0000E-04
5.3025E-05 2.0000E-04
5.3160E-05 2.0000E-04
5.2923E-05 2.0000E-04
5.3052E-05 2.0000E-04
5.2835E-05 2.0000E-04
5.2848E-05 2.0000E-04
5.2665E-05 2.0000E-04
5.2739E-05 2.0000E-04
5.2526E-05 2.0000E-04
5.2759E-05 2.0000E-04
5.2507E-05 2.0000E-04
5.2600E-05 2.0000E-04
5.2374E-05 2.0000E-04
5.2459E-05 2.0000E-04
5.2236E-05 2.0000E-04
5.2221E-05 2.0000E-04
5.2038E-05 2.0000E-04
5.2207E-05 2.0000E-04
5.1985E-05 2.0000E-04
5.2097E-05 2.0000E-04
5.1846E-05 2.0000E-04
5.1985E-05 2.0000E-04
5.1749E-05 2.0000E-04
5.1855E-05 2.0000E-04
5.1623E-05 2.0000E-04
5.1714E-05 2.0000E-04
5.1517E-05 2.0000E-04
5.1634E-05 2.0000E-04
5.1423E-05 2.0000E-04
5.1486E-05 2.0000E-04
5.1248E-05 2.0000E-04
5.1344E-05 2.0000E-04
5.1134E-05 2.0000E-04
5.1269E-05 2.0000E-04
5.1037E-05 2.0000E-04
5.1189E-05 2.0000E-04
5.0970E-05 2.0000E-04
5.1077E-05 2.0000E-04
5.0884E-05 2.0000E-04
5.0914E-05 2.0000E-04
5.0702E-05 2.0000E-04
5.0797E-05 2.0000E-04
5.0574E-05 2.0000E-04
5.0701E-05 2.0000E-04
5.0466E-05 2.0000E-04
5.0625E-05 2.0000E-04
5.0426E-05 2.0000E-04
5.0471E-05 2.0000E-04
5.0297E-05 2.0000E-04
5.0358E-05 2.0000E-04
5.0148E-05 2.0000E-04
5.0238E-05 2.0000E-04
5.0044E-05 2.0000E-04
5.0198E-05 2.0000E-04
4.9953E-05 2.0000E-04
5.0043E-05 2.0000E-04
4.9868E-05 2.0000E-04
4.9882E-05 2.0000E-04
4.9695E-05 2.0000E-04
4.9740E-05 2.0000E-04
4.9547E-05 2.0000E-04
4.9718E-05 2.0000E-04
4.9505E-05 2.0000E-04
4.9606E-05 2.0000E-04
4.9421E-05 2.0000E-04
4.9486E-05 2.0000E-04
4.9280E-05 2.0000E-04
4.9281E-05 2.0000E-04
4.9084E-05 2.0000E-04
4.9226E-05 2.0000E-04
4.9013E-05 2.0000E-04
4.9158E-05 2.0000E-04
4.8971E-05 2.0000E-04
4.9075E-05 2.0000E-04
4.8874E-05 2.0000E-04
4.8962E-05 2.0000E-04
4.8766E-05 2.0000E-04
4.8853E-05 2.0000E-04
4.8661E-05 2.0000E-04
4.8764E-05 2.0000E-04
4.8545E-05 2.0000E-04
4.8667E-05 2.0000E-04
4.8471E-05 2.0000E-04
4.8557E-05 2.0000E-04
4.8372E-05 2.0000E-04
4.8489E-05 2.0000E-04
4.8286E-05 2.0000E-04
4.8380E-05 2.0000E-04
4.8194E-05 2.0000E-04
4.8295E-05 2.0000E-04
4.8100E-05 2.0000E-04
4.8134E-05 2.0000E-04
4.7968E-05 2.0000E-04
4.8054E-05 2.0000E-04
4.7829E-05 2.0000E-04
4.7951E-05 2.0000E-04
4.7735E-05 2.0000E-04
4.7859E-05 2.0000E-04
4.7668E-05 2.0000E-04
4.7680E-05 2.0000E-04
4.7514E-05 2.0000E-04
4.7553E-05 2.0000E-04
4.7391E-05 2.0000E-04
4.7459E-05 2.0000E-04
4.7216E-05 2.0000E-04
4.7318E-05 2.0000E-04
4.7107E-05 2.0000E-04
4.7135E-05 2.0000E-04
4.6947E-05 2.0000E-04
4.6876E-05 2.0000E-04
4.6712E-05 2.0000E-04
4.6652E-05 2.0000E-04
4.6470E-05 2.0000E-04
4.6486E-05 2.0000E-04
4.6287E-05 2.0000E-04
4.6380E-05 2.0000E-04
4.6215E-05 2.0000E-04
4.6305E-05 2.0000E-04
4.6120E-05 2.0000E-04
4.6120E-05 2.0000E-04
4.5963E-05 2.0000E-04
4.6042E-05 2.0000E-04
4.5836E-05 2.0000E-04
4.5916E-05 2.0000E-04
4.5738E-05 2.0000E-04
4.5859E-05 2.0000E-04
4.5669E-05 2.0000E-04
4.5747E-05 2.0000E-04
4.5592E-05 2.0000E-04
4.5712E-05 2.0000E-04
4.5509E-05 2.0000E-04
4.5585E-05 2.0000E-04
4.5391E-05 2.0000E-04
4.5486E-05 2.0000E-04
4.5304E-05 2.0000E-04
4.5370E-05 2.0000E-04
4.5194E-05 2.0000E-04
4.5280E-05 2.0000E-04
4.5115E-05 2.0000E-04
4.5166E-05 2.0000E-04
4.4990E-05 2.0000E-04
4.5065E-05 2.0000E-04
4.4904E-05 2.0000E-04
4.4935E-05 2.0000E-04
4.4742E-05 2.0000E-04
4.4847E-05 2.0000E-04
4.4670E-05 2.0000E-04
4.4763E-05 2.0000E-04
4.4578E-05 2.0000E-04
4.4631E-05 2.0000E-04
4.4458E-05 2.0000E-04
4.4428E-05 2.0000E-04
4.4278E-05 2.0000E-04
4.4243E-05 2.0000E-04
4.4070E-05 2.0000E-04
4.4138E-05 2.0000E-04
4.3961E-05 2.0000E-04
4.4088E-05 2.0000E-04
4.3884E-05 2.0000E-04
4.4013E-05 2.0000E-04
4.3836E-05 2.0000E-04
4.3855E-05 2.0000E-04
4.3697E-05 2.0000E-04
4.3588E-05 2.0000E-04
4.3421E-05 2.0000E-04
4.3435E-05 2.0000E-04
4.3237E-05 2.0000E-04
4.3352E-05 2.0000E-04
4.3162E-05 2.0000E-04
4.3270E-05 2.0000E-04
4.3104E-05 2.0000E-04
4.3129E-05 2.0000E-04
4.2956E-05 2.0000E-04
4.3023E-05 2.0000E-04
4.2835E-05 2.0000E-04
4.2898E-05 2.0000E-04
4.2693E-05 2.0000E-04
4.2765E-05 2.0000E-04
4.2593E-05 2.0000E-04
4.2611E-05 2.0000E-04
4.2446E-05 2.0000E-04
4.2510E-05 2.0000E-04
4.2347E-05 2.0000E-04
4.2370E-05 2.0000E-04
4.2174E-05 2.0000E-04
4.2262E-05 2.0000E-04
4.2050E-05 2.0000E-04
4.2142E-05 2.0000E-04
4.1947E-05 2.0000E-04
4.1947E-05 2.0000E-04
4.1676E-05 2.0000E-04
1.3388E-05 2.0000E-04
9.6304E-06 2.0000E-04
