RMS Grad   Target
3.2012E-03 2.0000E-04
2.8663E-03 2.0000E-04
7.4435E-04 2.0000E-04
5.1710E-04 2.0000E-04
4.5854E-04 2.0000E-04
5.2691E-04 2.0000E-04
2.7142E-04 2.0000E-04
1.9769E-04 2.0000E-04
1.9127E-04 2.0000E-04
3.4046E-04 2.0000E-04
1.3466E-04 2.0000E-04
1.1993E-04 2.0000E-04
1.4648E-04 2.0000E-04
2.1941E-04 2.0000E-04
1.5203E-04 2.0000E-04
9.4869E-05 2.0000E-04
1.1490E-04 2.0000E-04
1.4683E-04 2.0000E-04
1.0688E-04 2.0000E-04
1.4600E-04 2.0000E-04
8.7810E-05 2.0000E-04
8.3687E-05 2.0000E-04
9.6777E-05 2.0000E-04
2.0474E-04 2.0000E-04
7.3427E-05 2.0000E-04
5.5073E-05 2.0000E-04
6.6236E-05 2.0000E-04
8.5591E-05 2.0000E-04
7.6674E-05 2.0000E-04
4.2372E-05 2.0000E-04
4.8681E-05 2.0000E-04
6.4717E-05 2.0000E-04
9.3677E-05 2.0000E-04
4.9018E-05 2.0000E-04
4.4515E-05 2.0000E-04
5.0788E-05 2.0000E-04
9.9467E-05 2.0000E-04
3.8682E-05 2.0000E-04
3.2222E-05 2.0000E-04
4.2233E-05 2.0000E-04
5.2008E-05 2.0000E-04
6.5514E-05 2.0000E-04
3.1100E-05 2.0000E-04
2.6614E-05 2.0000E-04
3.9119E-05 2.0000E-04
5.5972E-05 2.0000E-04
7.1218E-05 2.0000E-04
3.7606E-05 2.0000E-04
2.9731E-05 2.0000E-04
3.5995E-05 2.0000E-04
4.3607E-05 2.0000E-04
6.4820E-05 2.0000E-04
2.6550E-05 2.0000E-04
2.5280E-05 2.0000E-04
3.1720E-05 2.0000E-04
4.5632E-05 2.0000E-04
2.9346E-05 2.0000E-04
2.1170E-05 2.0000E-04
2.9909E-05 2.0000E-04
4.0781E-05 2.0000E-04
3.4583E-05 2.0000E-04
6.9826E-05 2.0000E-04
2.3744E-05 2.0000E-04
2.0171E-05 2.0000E-04
2.6867E-05 2.0000E-04
4.7665E-05 2.0000E-04
2.7291E-05 2.0000E-04
2.6358E-05 2.0000E-04
2.2734E-05 2.0000E-04
2.5446E-05 2.0000E-04
3.5481E-05 2.0000E-04
2.4063E-05 2.0000E-04
2.0537E-05 2.0000E-04
2.4989E-05 2.0000E-04
2.0673E-05 2.0000E-04
2.3377E-05 2.0000E-04
2.6308E-05 2.0000E-04
1.9679E-05 2.0000E-04
1.9870E-05 2.0000E-04
2.3285E-05 2.0000E-04
1.7631E-05 2.0000E-04
2.2657E-05 2.0000E-04
3.0307E-05 2.0000E-04
2.0295E-05 2.0000E-04
1.7589E-05 2.0000E-04
1.9052E-05 2.0000E-04
1.8367E-05 2.0000E-04
2.3203E-05 2.0000E-04
1.6817E-05 2.0000E-04
1.5126E-05 2.0000E-04
2.3114E-05 2.0000E-04
2.1028E-05 2.0000E-04
1.5183E-05 2.0000E-04
1.1914E-05 2.0000E-04
1.6570E-05 2.0000E-04
1.4138E-05 2.0000E-04
1.2900E-05 2.0000E-04
1.5045E-05 2.0000E-04
1.1220E-05 2.0000E-04
1.2925E-05 2.0000E-04
1.5462E-05 2.0000E-04
1.0946E-05 2.0000E-04
1.0169E-05 2.0000E-04
1.3997E-05 2.0000E-04
1.0510E-05 2.0000E-04
