349.5
164.2
183.4
177.1
169.4
175.5
169.9
175.4
159.8
163.2
165.3
167.8
163.8
163.9
168.1
163.3
170.3
159.9
170.4
167.1
154.3
151.1
165.0
167.6
149.3
145.9
166.7
166.9
163.7
145.0
150.6
164.8
163.9
148.6
146.2
146.0
161.9
148.9
149.5
144.5
149.3
166.0
157.5
148.8
157.3
149.0
152.1
151.3
150.0
151.7
147.8
147.1
151.7
147.6
150.1
149.8
162.6
148.3
147.5
149.7
145.9
155.9
148.9
163.5
140.2
149.9
149.9
139.3
144.3
138.4
144.4
143.2
148.4
151.4
147.0
145.4
141.0
154.0
149.0
155.9
151.7
134.4
152.0
149.1
140.3
143.2
135.3
136.5
155.6
143.0
136.4
144.6
135.8
149.6
140.2
140.0
137.7
149.3
134.3
152.6
139.2
137.7
140.6
139.7
137.6
141.5
156.1
