RMS Grad   Target
3.2492E-03 2.0000E-04
2.9092E-03 2.0000E-04
7.2099E-04 2.0000E-04
4.8623E-04 2.0000E-04
4.1510E-04 2.0000E-04
4.6732E-04 2.0000E-04
2.4530E-04 2.0000E-04
1.7068E-04 2.0000E-04
1.6709E-04 2.0000E-04
2.5444E-04 2.0000E-04
1.3739E-04 2.0000E-04
1.2312E-04 2.0000E-04
1.6100E-04 2.0000E-04
2.9448E-04 2.0000E-04
1.4777E-04 2.0000E-04
1.1186E-04 2.0000E-04
1.2760E-04 2.0000E-04
1.9159E-04 2.0000E-04
1.9903E-04 2.0000E-04
8.4345E-05 2.0000E-04
8.4871E-05 2.0000E-04
1.0277E-04 2.0000E-04
2.5185E-04 2.0000E-04
8.4993E-05 2.0000E-04
6.5396E-05 2.0000E-04
7.7781E-05 2.0000E-04
1.2306E-04 2.0000E-04
6.9525E-05 2.0000E-04
4.2533E-05 2.0000E-04
5.4776E-05 2.0000E-04
6.2485E-05 2.0000E-04
5.1445E-05 2.0000E-04
8.8060E-05 2.0000E-04
6.5201E-05 2.0000E-04
5.3312E-05 2.0000E-04
7.0541E-05 2.0000E-04
7.4919E-05 2.0000E-04
4.1586E-05 2.0000E-04
3.1905E-05 2.0000E-04
5.1412E-05 2.0000E-04
6.8841E-05 2.0000E-04
9.6631E-05 2.0000E-04
3.8065E-05 2.0000E-04
3.1476E-05 2.0000E-04
4.3851E-05 2.0000E-04
5.2448E-05 2.0000E-04
1.2961E-04 2.0000E-04
4.4055E-05 2.0000E-04
2.8782E-05 2.0000E-04
3.8990E-05 2.0000E-04
4.4473E-05 2.0000E-04
7.7113E-05 2.0000E-04
4.5712E-05 2.0000E-04
3.7492E-05 2.0000E-04
4.1618E-05 2.0000E-04
5.8761E-05 2.0000E-04
4.0009E-05 2.0000E-04
3.1526E-05 2.0000E-04
3.9585E-05 2.0000E-04
3.7434E-05 2.0000E-04
4.2094E-05 2.0000E-04
8.2753E-05 2.0000E-04
3.1293E-05 2.0000E-04
2.4184E-05 2.0000E-04
3.1462E-05 2.0000E-04
3.8414E-05 2.0000E-04
5.5490E-05 2.0000E-04
2.9711E-05 2.0000E-04
2.6246E-05 2.0000E-04
3.7420E-05 2.0000E-04
4.3527E-05 2.0000E-04
2.8690E-05 2.0000E-04
2.6119E-05 2.0000E-04
3.2302E-05 2.0000E-04
2.6575E-05 2.0000E-04
3.7389E-05 2.0000E-04
3.6889E-05 2.0000E-04
2.9059E-05 2.0000E-04
3.1076E-05 2.0000E-04
4.5496E-05 2.0000E-04
2.6344E-05 2.0000E-04
2.2426E-05 2.0000E-04
2.7197E-05 2.0000E-04
3.9692E-05 2.0000E-04
3.0989E-05 2.0000E-04
2.0476E-05 2.0000E-04
2.5367E-05 2.0000E-04
2.6408E-05 2.0000E-04
2.7915E-05 2.0000E-04
3.2451E-05 2.0000E-04
2.2817E-05 2.0000E-04
2.2021E-05 2.0000E-04
2.3762E-05 2.0000E-04
2.1874E-05 2.0000E-04
2.6982E-05 2.0000E-04
2.9616E-05 2.0000E-04
1.9097E-05 2.0000E-04
1.7764E-05 2.0000E-04
2.0867E-05 2.0000E-04
2.3756E-05 2.0000E-04
2.1228E-05 2.0000E-04
1.8109E-05 2.0000E-04
2.0185E-05 2.0000E-04
1.8672E-05 2.0000E-04
2.0166E-05 2.0000E-04
2.1896E-05 2.0000E-04
1.9721E-05 2.0000E-04
1.9607E-05 2.0000E-04
2.0453E-05 2.0000E-04
1.7438E-05 2.0000E-04
2.2451E-05 2.0000E-04
1.7378E-05 2.0000E-04
1.6300E-05 2.0000E-04
1.9056E-05 2.0000E-04
2.0467E-05 2.0000E-04
1.7015E-05 2.0000E-04
1.7498E-05 2.0000E-04
2.5135E-05 2.0000E-04
1.6504E-05 2.0000E-04
1.5409E-05 2.0000E-04
1.8744E-05 2.0000E-04
1.7756E-05 2.0000E-04
2.1347E-05 2.0000E-04
1.4811E-05 2.0000E-04
1.5336E-05 2.0000E-04
1.6759E-05 2.0000E-04
2.9511E-05 2.0000E-04
1.5626E-05 2.0000E-04
1.4678E-05 2.0000E-04
