Max Step   Target
1.2270E-03 1.8000E-03
2.7098E-04 1.8000E-03
4.2491E-04 1.8000E-03
3.7142E-04 1.8000E-03
5.3959E-04 1.8000E-03
4.3367E-04 1.8000E-03
3.3281E-04 1.8000E-03
9.0573E-04 1.8000E-03
1.1697E-03 1.8000E-03
3.2494E-04 1.8000E-03
7.5553E-04 1.8000E-03
8.4928E-04 1.8000E-03
2.7609E-03 1.8000E-03
1.8773E-03 1.8000E-03
5.2069E-04 1.8000E-03
1.1089E-03 1.8000E-03
2.0414E-03 1.8000E-03
3.2013E-03 1.8000E-03
2.2558E-03 1.8000E-03
1.8693E-03 1.8000E-03
1.8154E-03 1.8000E-03
2.4569E-03 1.8000E-03
3.2978E-03 1.8000E-03
1.7125E-03 1.8000E-03
2.0475E-03 1.8000E-03
3.0542E-03 1.8000E-03
2.8650E-03 1.8000E-03
2.4260E-03 1.8000E-03
2.8616E-03 1.8000E-03
2.9722E-03 1.8000E-03
1.8106E-03 1.8000E-03
2.4467E-03 1.8000E-03
2.8257E-03 1.8000E-03
2.1613E-03 1.8000E-03
3.1240E-03 1.8000E-03
2.2757E-03 1.8000E-03
1.5586E-03 1.8000E-03
2.1036E-03 1.8000E-03
1.8494E-03 1.8000E-03
1.0804E-03 1.8000E-03
2.6348E-03 1.8000E-03
2.2404E-03 1.8000E-03
1.7078E-03 1.8000E-03
2.8503E-03 1.8000E-03
2.1474E-03 1.8000E-03
1.1540E-03 1.8000E-03
2.4411E-03 1.8000E-03
2.0467E-03 1.8000E-03
2.1952E-03 1.8000E-03
3.4647E-03 1.8000E-03
1.8663E-03 1.8000E-03
7.6937E-04 1.8000E-03
2.3639E-03 1.8000E-03
2.6819E-03 1.8000E-03
1.2344E-03 1.8000E-03
2.7545E-03 1.8000E-03
1.7993E-03 1.8000E-03
