678.7
122.0
153.5
116.2
154.9
170.1
155.2
125.3
120.8
119.2
122.8
120.8
121.2
120.3
122.0
154.4
120.2
154.5
119.7
154.3
123.2
121.6
121.3
155.3
152.6
121.6
120.7
120.2
115.8
120.6
120.9
121.5
121.4
153.1
121.5
122.1
153.6
122.7
120.4
122.0
121.4
122.5
122.4
121.4
121.2
153.5
119.6
120.7
121.4
114.2
122.1
121.4
120.6
119.6
121.2
122.0
120.1
121.6
123.3
122.4
122.2
121.8
106.6
122.7
121.0
105.0
137.4
120.8
122.9
124.4
154.5
121.4
121.7
123.3
115.7
120.7
104.1
121.7
121.9
104.1
710.6
108.8
116.7
110.2
116.8
114.7
114.1
105.2
110.9
115.5
114.4
106.8
112.6
116.7
116.6
113.7
106.2
104.1
116.1
129.9
134.4
111.4
125.6
114.8
160.4
127.1
107.5
123.4
124.4
112.2
133.4
133.2
109.4
161.4
134.1
113.7
132.0
130.2
131.7
124.2
130.1
132.0
132.8
133.7
120.9
131.1
130.9
131.7
115.1
130.9
125.7
132.6
123.4
119.2
125.9
121.2
129.3
130.9
125.6
119.0
128.1
117.0
133.2
131.3
130.3
130.8
132.1
126.2
128.5
131.0
134.4
130.7
120.0
131.7
114.7
133.9
127.9
133.4
130.7
130.8
125.7
124.5
119.7
113.4
129.6
134.0
132.0
133.1
110.7
122.8
129.9
129.5
125.9
106.8
131.7
127.3
128.4
132.5
131.7
133.3
127.0
127.5
132.3
131.5
127.8
113.5
115.1
165.3
129.6
116.0
115.2
117.4
121.1
125.8
116.3
107.7
111.8
146.3
116.5
132.0
113.1
110.7
133.0
130.3
120.6
129.7
131.2
133.1
106.7
130.4
133.7
132.3
127.2
133.8
132.3
134.2
109.1
112.9
164.7
132.9
127.4
131.2
133.1
119.2
129.0
130.9
130.4
124.0
127.7
125.7
130.6
131.9
126.7
131.8
134.4
131.1
127.0
162.2
133.8
127.5
129.5
135.8
136.8
127.3
123.8
137.2
133.3
129.2
131.8
124.8
125.9
121.9
133.9
131.3
130.9
162.6
126.1
132.1
125.9
124.4
133.4
131.7
132.3
129.5
131.5
154.1
131.5
130.2
130.9
132.2
131.0
125.6
166.9
130.9
122.1
132.4
132.3
130.6
163.6
132.2
132.0
128.4
124.0
131.7
165.0
143.6
125.2
132.7
124.9
127.2
131.6
133.8
130.7
130.6
129.6
133.7
129.7
129.6
132.3
126.6
129.3
125.2
131.3
125.3
128.4
126.1
126.9
131.4
127.1
132.2
131.9
133.3
127.4
125.0
131.8
134.5
129.0
134.3
133.8
126.2
161.4
132.8
131.6
131.1
127.9
123.6
127.8
129.2
128.9
130.9
131.1
127.5
120.8
127.1
131.5
131.1
130.5
133.1
126.3
128.8
123.8
133.8
132.4
130.4
130.3
132.7
133.1
111.1
132.5
125.4
115.0
114.4
142.6
126.7
134.7
681.1
121.1
122.1
121.6
108.6
139.3
122.4
106.2
121.2
124.1
106.5
156.0
126.5
121.4
122.1
120.8
121.9
104.3
121.3
122.8
116.3
107.1
120.8
105.4
154.2
106.0
121.6
122.9
124.3
122.0
120.7
123.8
105.3
106.7
140.3
116.3
122.2
120.9
122.5
123.3
125.4
116.6
122.0
105.5
104.2
140.0
121.1
105.2
122.3
122.6
104.4
120.9
122.3
105.9
121.3
122.3
104.7
121.3
104.8
107.9
123.1
105.9
105.8
105.7
154.4
106.6
116.3
105.3
122.4
122.2
106.4
117.4
120.1
105.5
105.4
107.9
122.1
122.0
107.7
104.9
106.1
105.7
105.0
106.6
106.2
136.6
99.0
106.8
106.1
105.4
105.1
105.5
105.7
104.4
106.6
107.2
100.1
105.6
106.4
104.3
100.0
120.9
105.2
103.8
106.2
106.5
138.2
104.4
104.9
122.3
123.2
106.0
105.3
103.9
139.7
120.9
106.2
104.6
120.4
122.0
105.0
105.6
106.4
105.4
136.7
108.3
105.1
122.0
106.8
106.3
105.6
105.6
137.1
104.1
105.0
121.3
122.8
105.5
120.9
122.2
105.0
122.2
121.2
105.4
122.4
121.7
123.0
120.7
122.0
121.7
122.8
120.4
153.8
122.4
121.7
122.6
123.2
116.0
153.6
121.9
123.2
122.0
122.4
122.0
121.8
121.1
121.4
121.8
120.6
121.1
121.0
120.7
122.1
120.6
122.9
123.6
105.3
105.3
152.7
122.0
120.6
121.6
121.6
104.7
121.6
122.6
105.0
119.9
120.2
104.8
122.4
121.4
122.6
122.4
104.8
122.5
121.7
104.9
105.9
105.7
122.2
121.8
104.5
106.8
120.8
104.8
105.4
105.8
120.7
106.0
105.1
137.8
122.0
104.2
120.2
104.2
105.4
104.6
100.2
106.4
121.2
121.0
105.7
104.5
104.2
105.1
122.5
122.7
120.4
104.8
122.5
122.6
121.9
121.5
122.5
122.5
115.8
121.9
123.0
120.8
122.0
121.2
121.1
120.5
121.1
122.0
107.4
122.5
120.8
106.1
122.3
122.3
122.0
121.2
122.7
123.4
121.8
122.0
105.0
104.9
154.5
105.5
105.1
106.1
106.2
138.1
122.6
104.7
137.9
120.4
120.8
120.8
120.3
122.3
119.2
122.4
106.9
105.3
105.4
105.1
104.6
107.2
104.9
105.6
105.0
106.0
107.9
138.9
105.4
105.1
106.7
105.5
106.4
105.5
106.4
105.8
105.3
106.5
105.4
105.8
98.9
105.0
104.4
105.2
106.9
689.3
124.5
123.2
105.7
107.5
106.2
107.6
117.8
108.7
108.7
123.0
122.7
123.7
125.0
107.9
122.6
107.6
123.1
122.9
123.1
123.4
124.0
123.1
122.4
108.4
123.4
108.4
141.1
121.7
122.7
122.9
125.3
123.7
124.2
123.8
124.6
106.7
106.8
156.3
125.0
123.0
123.7
124.8
106.2
107.1
106.0
122.7
123.9
123.5
124.1
122.8
122.5
123.7
123.5
123.9
122.8
123.8
106.5
106.1
105.7
155.0
123.0
122.9
124.1
125.1
122.1
123.2
122.4
124.9
122.5
123.1
123.2
121.3
122.4
121.2
108.8
123.4
121.9
106.7
123.3
121.9
107.1
122.3
107.8
108.5
122.6
123.9
107.3
107.1
140.6
106.2
123.3
106.5
123.9
122.0
107.4
106.3
107.6
106.2
123.9
121.6
106.3
122.9
123.8
106.2
122.0
123.1
106.1
124.6
107.0
109.4
107.4
107.3
107.6
123.4
107.0
105.7
123.0
124.2
108.3
108.4
107.9
107.4
142.1
122.3
108.4
108.9
107.2
106.4
124.2
105.9
100.6
107.8
106.7
107.0
107.5
123.6
108.6
108.0
105.8
105.7
138.9
124.2
108.6
123.7
122.5
123.8
106.8
122.5
124.0
123.4
123.7
121.9
122.8
155.7
121.8
124.6
122.1
123.8
122.5
123.4
117.1
124.3
123.8
124.3
122.3
126.0
122.0
124.2
124.2
124.2
123.6
123.1
124.6
123.1
123.3
123.2
123.0
122.9
122.0
122.7
123.0
123.7
108.1
108.0
141.4
123.3
106.9
123.2
123.5
108.8
106.4
107.3
139.2
108.2
106.3
123.5
123.2
106.8
106.3
106.6
138.3
105.4
107.2
107.2
109.1
106.7
108.0
107.7
104.8
107.5
107.4
106.8
108.1
140.8
108.9
105.6
106.1
140.3
107.2
106.4
106.9
107.7
107.3
108.4
106.3
107.0
105.9
107.8
106.2
107.6
106.1
99.8
106.9
108.6
107.6
106.0
105.6
107.4
107.7
106.8
106.4
107.5
106.9
108.1
107.0
106.2
106.7
107.2
107.1
107.2
107.2
105.2
137.9
107.7
105.8
142.0
106.9
106.5
107.8
106.9
106.3
108.5
106.1
105.9
105.4
108.9
107.3
107.2
104.1
108.0
106.0
106.2
139.6
108.2
108.3
138.9
121.8
124.5
124.5
107.2
155.0
105.7
106.3
138.1
123.9
107.3
124.6
125.2
120.7
123.4
106.0
106.9
123.0
122.9
107.0
123.9
122.8
124.9
121.9
121.4
123.8
123.3
123.0
123.7
124.7
123.8
124.3
124.7
123.8
122.3
123.1
122.5
126.5
123.2
107.3
125.2
125.1
123.4
122.9
123.6
105.9
123.0
105.5
122.0
154.5
121.2
123.9
123.6
124.4
123.9
121.4
124.4
125.3
123.9
121.3
124.2
121.0
121.0
123.9
121.3
122.9
121.4
123.5
124.6
124.0
123.8
123.4
123.8
125.9
122.3
122.3
122.2
122.1
123.6
123.3
123.0
123.1
121.5
122.4
122.9
122.1
124.1
123.4
121.8
123.3
123.4
126.0
122.8
122.8
124.1
105.4
123.7
123.7
122.9
123.3
107.9
123.7
123.4
106.8
106.6
107.3
124.7
107.0
107.2
107.8
124.7
123.8
105.8
107.1
108.7
107.4
124.6
122.9
123.3
105.6
108.1
106.9
122.7
108.7
99.5
105.1
122.1
122.0
106.4
105.1
106.9
106.4
107.8
140.2
107.5
106.9
106.8
102.3
108.4
107.5
108.2
105.7
105.8
108.0
105.8
107.1
106.8
105.8
108.6
107.8
105.4
107.5
106.2
106.1
106.2
107.3
106.1
105.6
107.0
106.1
106.8
106.2
108.9
106.7
107.7
107.9
106.0
106.3
106.0
106.3
108.0
107.4
105.4
