Max Step   Target
1.1913E-02 1.2000E-03
1.1476E-01 1.2000E-03
2.7002E-02 1.2000E-03
4.4105E-02 1.2000E-03
4.0858E-02 1.2000E-03
2.1720E-02 1.2000E-03
6.6894E-03 1.2000E-03
1.4214E-02 1.2000E-03
2.5730E-02 1.2000E-03
2.9084E-02 1.2000E-03
1.1285E-02 1.2000E-03
3.0298E-02 1.2000E-03
3.7260E-02 1.2000E-03
3.0903E-02 1.2000E-03
3.3982E-02 1.2000E-03
2.3622E-02 1.2000E-03
2.7848E-02 1.2000E-03
3.9747E-02 1.2000E-03
1.6346E-02 1.2000E-03
8.1544E-03 1.2000E-03
2.1470E-02 1.2000E-03
3.5348E-02 1.2000E-03
3.9477E-03 1.2000E-03
1.0811E-02 1.2000E-03
1.6717E-02 1.2000E-03
4.0807E-02 1.2000E-03
1.2320E-02 1.2000E-03
2.4858E-03 1.2000E-03
7.6716E-03 1.2000E-03
1.2256E-02 1.2000E-03
8.4784E-03 1.2000E-03
1.0279E-02 1.2000E-03
8.2451E-03 1.2000E-03
8.0204E-03 1.2000E-03
7.9618E-03 1.2000E-03
9.8227E-03 1.2000E-03
2.0895E-03 1.2000E-03
2.8515E-03 1.2000E-03
8.6752E-03 1.2000E-03
1.1600E-02 1.2000E-03
1.1303E-02 1.2000E-03
2.6786E-03 1.2000E-03
3.3748E-03 1.2000E-03
6.5442E-03 1.2000E-03
1.1135E-02 1.2000E-03
6.1517E-03 1.2000E-03
3.5229E-03 1.2000E-03
3.1246E-03 1.2000E-03
7.5919E-03 1.2000E-03
4.9535E-03 1.2000E-03
2.9738E-03 1.2000E-03
5.2263E-03 1.2000E-03
6.8698E-03 1.2000E-03
6.8879E-03 1.2000E-03
5.8116E-03 1.2000E-03
2.9273E-03 1.2000E-03
1.8094E-03 1.2000E-03
6.2543E-03 1.2000E-03
6.0422E-03 1.2000E-03
1.0172E-03 1.2000E-03
2.0041E-03 1.2000E-03
4.0013E-03 1.2000E-03
7.1941E-03 1.2000E-03
1.3816E-02 1.2000E-03
1.7971E-03 1.2000E-03
1.1346E-03 1.2000E-03
2.3671E-03 1.2000E-03
4.5336E-03 1.2000E-03
4.8525E-03 1.2000E-03
4.1141E-03 1.2000E-03
4.5274E-03 1.2000E-03
2.5241E-03 1.2000E-03
8.2320E-04 1.2000E-03
2.7506E-03 1.2000E-03
2.4567E-03 1.2000E-03
2.6947E-03 1.2000E-03
8.3270E-03 1.2000E-03
1.4172E-03 1.2000E-03
7.4346E-04 1.2000E-03
1.8910E-03 1.2000E-03
3.4563E-03 1.2000E-03
2.7024E-03 1.2000E-03
4.4982E-03 1.2000E-03
2.3030E-03 1.2000E-03
3.1812E-03 1.2000E-03
2.6914E-03 1.2000E-03
1.1812E-03 1.2000E-03
1.7736E-03 1.2000E-03
2.9753E-03 1.2000E-03
4.0484E-03 1.2000E-03
2.8841E-03 1.2000E-03
2.1649E-03 1.2000E-03
2.2562E-03 1.2000E-03
1.8275E-03 1.2000E-03
1.3805E-03 1.2000E-03
1.2694E-03 1.2000E-03
2.6949E-03 1.2000E-03
5.7580E-03 1.2000E-03
5.6680E-04 1.2000E-03
7.0219E-04 1.2000E-03
