RMS Grad   Target
3.3534E-03 2.0000E-04
3.0060E-03 2.0000E-04
7.3260E-04 2.0000E-04
4.8308E-04 2.0000E-04
4.0422E-04 2.0000E-04
4.4863E-04 2.0000E-04
2.5640E-04 2.0000E-04
1.5803E-04 2.0000E-04
1.4905E-04 2.0000E-04
2.0269E-04 2.0000E-04
1.4799E-04 2.0000E-04
1.0837E-04 2.0000E-04
1.2956E-04 2.0000E-04
1.9747E-04 2.0000E-04
1.2252E-04 2.0000E-04
9.9662E-05 2.0000E-04
1.2438E-04 2.0000E-04
1.2050E-04 2.0000E-04
1.6498E-04 2.0000E-04
9.7995E-05 2.0000E-04
9.5721E-05 2.0000E-04
1.2294E-04 2.0000E-04
1.8877E-04 2.0000E-04
8.5206E-05 2.0000E-04
7.4803E-05 2.0000E-04
8.5434E-05 2.0000E-04
2.2861E-04 2.0000E-04
6.7994E-05 2.0000E-04
4.7704E-05 2.0000E-04
5.5056E-05 2.0000E-04
1.0879E-04 2.0000E-04
6.5817E-05 2.0000E-04
5.3096E-05 2.0000E-04
8.5801E-05 2.0000E-04
6.5346E-05 2.0000E-04
4.8621E-05 2.0000E-04
8.2678E-05 2.0000E-04
4.2625E-05 2.0000E-04
4.2749E-05 2.0000E-04
6.2252E-05 2.0000E-04
8.2826E-05 2.0000E-04
5.0700E-05 2.0000E-04
3.4697E-05 2.0000E-04
4.7161E-05 2.0000E-04
6.3509E-05 2.0000E-04
6.5458E-05 2.0000E-04
4.2162E-05 2.0000E-04
4.0034E-05 2.0000E-04
4.7825E-05 2.0000E-04
7.5634E-05 2.0000E-04
4.5181E-05 2.0000E-04
3.7968E-05 2.0000E-04
4.9805E-05 2.0000E-04
6.8713E-05 2.0000E-04
4.6563E-05 2.0000E-04
3.3607E-05 2.0000E-04
3.7336E-05 2.0000E-04
3.6046E-05 2.0000E-04
4.1018E-05 2.0000E-04
7.4492E-05 2.0000E-04
3.4156E-05 2.0000E-04
2.7778E-05 2.0000E-04
3.6124E-05 2.0000E-04
4.6529E-05 2.0000E-04
9.4357E-05 2.0000E-04
2.9401E-05 2.0000E-04
2.4396E-05 2.0000E-04
3.0687E-05 2.0000E-04
5.3496E-05 2.0000E-04
3.1637E-05 2.0000E-04
2.5303E-05 2.0000E-04
3.9330E-05 2.0000E-04
3.5795E-05 2.0000E-04
2.6262E-05 2.0000E-04
3.3214E-05 2.0000E-04
3.7283E-05 2.0000E-04
3.1807E-05 2.0000E-04
5.1653E-05 2.0000E-04
3.0737E-05 2.0000E-04
2.3762E-05 2.0000E-04
2.6006E-05 2.0000E-04
3.4977E-05 2.0000E-04
2.3260E-05 2.0000E-04
1.9955E-05 2.0000E-04
2.5663E-05 2.0000E-04
2.8540E-05 2.0000E-04
3.8824E-05 2.0000E-04
2.4579E-05 2.0000E-04
2.4927E-05 2.0000E-04
3.0309E-05 2.0000E-04
2.0508E-05 2.0000E-04
1.9143E-05 2.0000E-04
2.5911E-05 2.0000E-04
3.3541E-05 2.0000E-04
2.1430E-05 2.0000E-04
1.9232E-05 2.0000E-04
2.2114E-05 2.0000E-04
2.3767E-05 2.0000E-04
5.5440E-05 2.0000E-04
1.8237E-05 2.0000E-04
1.4840E-05 2.0000E-04
