543.5
156.7
185.6
169.4
186.1
187.4
180.2
154.2
155.0
155.0
153.5
154.1
154.8
153.5
154.1
156.1
153.6
154.9
154.9
154.0
148.6
153.8
155.3
154.6
155.2
150.2
154.4
122.2
122.1
156.7
121.8
155.2
155.5
155.0
122.0
121.7
148.8
122.1
121.2
122.4
156.1
154.3
123.7
123.3
155.6
153.8
155.9
123.8
122.7
122.1
121.0
154.5
123.6
121.2
123.3
154.4
155.7
122.1
123.8
121.8
121.5
155.3
119.0
120.9
123.2
155.0
116.9
121.8
121.3
122.6
120.6
122.5
121.9
123.1
123.6
121.1
122.3
122.3
123.5
122.0
122.1
121.8
153.0
123.3
122.0
122.8
123.0
155.5
154.0
121.6
122.6
121.7
121.3
123.2
121.4
120.9
122.3
122.8
121.1
123.2
123.7
153.9
153.9
121.2
121.0
121.5
121.9
121.3
155.7
122.2
153.5
122.8
121.3
149.7
115.7
120.1
121.8
122.4
156.7
122.0
114.5
121.3
153.9
121.7
122.6
121.0
121.3
154.5
156.1
122.6
122.5
123.0
121.0
121.8
121.5
122.8
121.0
123.3
122.0
121.2
123.0
121.1
120.6
122.3
120.7
117.9
107.0
119.9
122.0
121.5
121.9
122.0
122.1
110.7
121.9
122.1
117.8
121.0
121.4
122.6
121.9
120.1
119.6
120.1
119.7
120.6
120.3
120.0
122.6
121.2
104.5
121.1
120.6
120.0
120.3
103.9
105.2
106.7
137.6
104.7
120.0
122.9
104.5
105.7
106.2
105.1
131.4
104.4
105.2
105.2
105.7
104.1
104.1
103.7
105.7
106.1
104.0
105.8
103.6
136.3
103.1
104.7
105.8
102.7
122.5
105.1
106.3
