RMS Grad   Target
1.3080E-02 2.0000E-04
1.2847E-02 2.0000E-04
1.1162E-02 2.0000E-04
8.5658E-03 2.0000E-04
6.0479E-03 2.0000E-04
4.2156E-03 2.0000E-04
3.1441E-03 2.0000E-04
2.8065E-03 2.0000E-04
2.8425E-03 2.0000E-04
3.0511E-03 2.0000E-04
3.3113E-03 2.0000E-04
3.4891E-03 2.0000E-04
3.5556E-03 2.0000E-04
3.6243E-03 2.0000E-04
3.6209E-03 2.0000E-04
3.5221E-03 2.0000E-04
3.5618E-03 2.0000E-04
3.3804E-03 2.0000E-04
3.3015E-03 2.0000E-04
3.0995E-03 2.0000E-04
2.8981E-03 2.0000E-04
2.7069E-03 2.0000E-04
2.4971E-03 2.0000E-04
2.2819E-03 2.0000E-04
2.0824E-03 2.0000E-04
1.9131E-03 2.0000E-04
1.6889E-03 2.0000E-04
1.5813E-03 2.0000E-04
1.3880E-03 2.0000E-04
1.2704E-03 2.0000E-04
1.1472E-03 2.0000E-04
1.0811E-03 2.0000E-04
1.0261E-03 2.0000E-04
9.8859E-04 2.0000E-04
1.0886E-03 2.0000E-04
1.0591E-03 2.0000E-04
1.2217E-03 2.0000E-04
1.1898E-03 2.0000E-04
1.3235E-03 2.0000E-04
1.2955E-03 2.0000E-04
1.3583E-03 2.0000E-04
1.3195E-03 2.0000E-04
1.3919E-03 2.0000E-04
1.3286E-03 2.0000E-04
1.4021E-03 2.0000E-04
1.3192E-03 2.0000E-04
1.4038E-03 2.0000E-04
1.3092E-03 2.0000E-04
1.3830E-03 2.0000E-04
1.2816E-03 2.0000E-04
1.3223E-03 2.0000E-04
1.2075E-03 2.0000E-04
1.2462E-03 2.0000E-04
1.1239E-03 2.0000E-04
1.1445E-03 2.0000E-04
1.0175E-03 2.0000E-04
1.0046E-03 2.0000E-04
9.0004E-04 2.0000E-04
8.6905E-04 2.0000E-04
8.2229E-04 2.0000E-04
7.8092E-04 2.0000E-04
9.1631E-04 2.0000E-04
8.9405E-04 2.0000E-04
1.1824E-03 2.0000E-04
1.1264E-03 2.0000E-04
1.2644E-03 2.0000E-04
1.1723E-03 2.0000E-04
1.2519E-03 2.0000E-04
1.1337E-03 2.0000E-04
1.1503E-03 2.0000E-04
1.0281E-03 2.0000E-04
1.0233E-03 2.0000E-04
9.1047E-04 2.0000E-04
8.7783E-04 2.0000E-04
7.8661E-04 2.0000E-04
7.3765E-04 2.0000E-04
7.0932E-04 2.0000E-04
6.5367E-04 2.0000E-04
7.0227E-04 2.0000E-04
6.5186E-04 2.0000E-04
7.7594E-04 2.0000E-04
7.2346E-04 2.0000E-04
8.6416E-04 2.0000E-04
8.0917E-04 2.0000E-04
9.8536E-04 2.0000E-04
9.4035E-04 2.0000E-04
1.0054E-03 2.0000E-04
9.5412E-04 2.0000E-04
1.0658E-03 2.0000E-04
1.0111E-03 2.0000E-04
1.1389E-03 2.0000E-04
1.0713E-03 2.0000E-04
1.1433E-03 2.0000E-04
1.0621E-03 2.0000E-04
1.0657E-03 2.0000E-04
9.7193E-04 2.0000E-04
9.9453E-04 2.0000E-04
8.9705E-04 2.0000E-04
9.2411E-04 2.0000E-04
8.2027E-04 2.0000E-04
8.5136E-04 2.0000E-04
7.5715E-04 2.0000E-04
7.9258E-04 2.0000E-04
7.1585E-04 2.0000E-04
7.3827E-04 2.0000E-04
6.7271E-04 2.0000E-04
6.7997E-04 2.0000E-04
6.4714E-04 2.0000E-04
6.3579E-04 2.0000E-04
6.4498E-04 2.0000E-04
6.1616E-04 2.0000E-04
6.9780E-04 2.0000E-04
6.4230E-04 2.0000E-04
7.7033E-04 2.0000E-04
6.9776E-04 2.0000E-04
7.7398E-04 2.0000E-04
6.8638E-04 2.0000E-04
6.8196E-04 2.0000E-04
6.0246E-04 2.0000E-04
6.7174E-04 2.0000E-04
5.9529E-04 2.0000E-04
6.3143E-04 2.0000E-04
6.2972E-04 2.0000E-04
6.3315E-04 2.0000E-04
6.3336E-04 2.0000E-04
6.4356E-04 2.0000E-04
6.3193E-04 2.0000E-04
6.7014E-04 2.0000E-04
6.0378E-04 2.0000E-04
7.5494E-04 2.0000E-04
6.5090E-04 2.0000E-04
8.3068E-04 2.0000E-04
7.2355E-04 2.0000E-04
7.6370E-04 2.0000E-04
6.7549E-04 2.0000E-04
7.0485E-04 2.0000E-04
6.2300E-04 2.0000E-04
6.6050E-04 2.0000E-04
5.8411E-04 2.0000E-04
6.3821E-04 2.0000E-04
5.9129E-04 2.0000E-04
6.2320E-04 2.0000E-04
6.0857E-04 2.0000E-04
7.3710E-04 2.0000E-04
6.3691E-04 2.0000E-04
9.0436E-04 2.0000E-04
6.0983E-04 2.0000E-04
6.8632E-04 2.0000E-04
6.0145E-04 2.0000E-04
6.6243E-04 2.0000E-04
5.6069E-04 2.0000E-04
6.0444E-04 2.0000E-04
5.1230E-04 2.0000E-04
6.8665E-04 2.0000E-04
6.0607E-04 2.0000E-04
7.2702E-04 2.0000E-04
6.3415E-04 2.0000E-04
6.3326E-04 2.0000E-04
5.6451E-04 2.0000E-04
4.9596E-04 2.0000E-04
4.8281E-04 2.0000E-04
6.0651E-04 2.0000E-04
5.6153E-04 2.0000E-04
7.1661E-04 2.0000E-04
5.7863E-04 2.0000E-04
7.6130E-04 2.0000E-04
5.7653E-04 2.0000E-04
6.5290E-04 2.0000E-04
4.8644E-04 2.0000E-04
5.3944E-04 2.0000E-04
4.6486E-04 2.0000E-04
5.2247E-04 2.0000E-04
4.9545E-04 2.0000E-04
5.1818E-04 2.0000E-04
4.9472E-04 2.0000E-04
4.7757E-04 2.0000E-04
4.8485E-04 2.0000E-04
4.5332E-04 2.0000E-04
4.6597E-04 2.0000E-04
4.2070E-04 2.0000E-04
5.1778E-04 2.0000E-04
4.3369E-04 2.0000E-04
5.3738E-04 2.0000E-04
4.9780E-04 2.0000E-04
6.6320E-04 2.0000E-04
6.3741E-04 2.0000E-04
5.2511E-04 2.0000E-04
5.8091E-04 2.0000E-04
4.1391E-04 2.0000E-04
3.6573E-04 2.0000E-04
4.2097E-04 2.0000E-04
3.9566E-04 2.0000E-04
3.7322E-04 2.0000E-04
4.1683E-04 2.0000E-04
3.9674E-04 2.0000E-04
4.7329E-04 2.0000E-04
4.1211E-04 2.0000E-04
4.8777E-04 2.0000E-04
4.6714E-04 2.0000E-04
4.9743E-04 2.0000E-04
9.2928E-04 2.0000E-04
5.1500E-04 2.0000E-04
5.6478E-04 2.0000E-04
5.3721E-04 2.0000E-04
4.9072E-04 2.0000E-04
4.4581E-04 2.0000E-04
4.2408E-04 2.0000E-04
3.7144E-04 2.0000E-04
4.0446E-04 2.0000E-04
3.8541E-04 2.0000E-04
4.2539E-04 2.0000E-04
4.1392E-04 2.0000E-04
4.7767E-04 2.0000E-04
4.2450E-04 2.0000E-04
5.4240E-04 2.0000E-04
4.0895E-04 2.0000E-04
5.7999E-04 2.0000E-04
3.9749E-04 2.0000E-04
4.8341E-04 2.0000E-04
5.9492E-04 2.0000E-04
4.7041E-04 2.0000E-04
4.7648E-04 2.0000E-04
4.0260E-04 2.0000E-04
3.8693E-04 2.0000E-04
3.4365E-04 2.0000E-04
3.2858E-04 2.0000E-04
3.2473E-04 2.0000E-04
3.1209E-04 2.0000E-04
3.6992E-04 2.0000E-04
4.1567E-04 2.0000E-04
4.6173E-04 2.0000E-04
4.8342E-04 2.0000E-04
7.9669E-04 2.0000E-04
3.8009E-04 2.0000E-04
3.6036E-04 2.0000E-04
3.8064E-04 2.0000E-04
5.5414E-04 2.0000E-04
4.7274E-04 2.0000E-04
4.2561E-04 2.0000E-04
3.2576E-04 2.0000E-04
3.6518E-04 2.0000E-04
3.2613E-04 2.0000E-04
4.5204E-04 2.0000E-04
4.6686E-04 2.0000E-04
4.7386E-04 2.0000E-04
6.8182E-04 2.0000E-04
3.6694E-04 2.0000E-04
3.6431E-04 2.0000E-04
3.6378E-04 2.0000E-04
5.0529E-04 2.0000E-04
3.9408E-04 2.0000E-04
4.1637E-04 2.0000E-04
2.9866E-04 2.0000E-04
3.7339E-04 2.0000E-04
3.9021E-04 2.0000E-04
4.5921E-04 2.0000E-04
5.9882E-04 2.0000E-04
3.2443E-04 2.0000E-04
3.4096E-04 2.0000E-04
5.4437E-04 2.0000E-04
3.9636E-04 2.0000E-04
4.4360E-04 2.0000E-04
3.3984E-04 2.0000E-04
3.3389E-04 2.0000E-04
3.3845E-04 2.0000E-04
3.0136E-04 2.0000E-04
3.7670E-04 2.0000E-04
3.4944E-04 2.0000E-04
3.9328E-04 2.0000E-04
4.9726E-04 2.0000E-04
4.8173E-04 2.0000E-04
4.1594E-04 2.0000E-04
6.1092E-04 2.0000E-04
3.5024E-04 2.0000E-04
3.0058E-04 2.0000E-04
3.7139E-04 2.0000E-04
4.0539E-04 2.0000E-04
3.3884E-04 2.0000E-04
3.0923E-04 2.0000E-04
3.5026E-04 2.0000E-04
2.8295E-04 2.0000E-04
4.2560E-04 2.0000E-04
5.1053E-04 2.0000E-04
4.6719E-04 2.0000E-04
4.1787E-04 2.0000E-04
4.1287E-04 2.0000E-04
3.5243E-04 2.0000E-04
3.8162E-04 2.0000E-04
3.5720E-04 2.0000E-04
3.8721E-04 2.0000E-04
4.2309E-04 2.0000E-04
3.7120E-04 2.0000E-04
3.9298E-04 2.0000E-04
3.0589E-04 2.0000E-04
3.1556E-04 2.0000E-04
3.8102E-04 2.0000E-04
4.0201E-04 2.0000E-04
5.2095E-04 2.0000E-04
5.3275E-04 2.0000E-04
4.0462E-04 2.0000E-04
3.6242E-04 2.0000E-04
3.3046E-04 2.0000E-04
3.4203E-04 2.0000E-04
3.5308E-04 2.0000E-04
3.2581E-04 2.0000E-04
4.6526E-04 2.0000E-04
3.5034E-04 2.0000E-04
3.5275E-04 2.0000E-04
4.9396E-04 2.0000E-04
3.7890E-04 2.0000E-04
3.9611E-04 2.0000E-04
4.7672E-04 2.0000E-04
4.0113E-04 2.0000E-04
3.6801E-04 2.0000E-04
3.4305E-04 2.0000E-04
3.5160E-04 2.0000E-04
4.4270E-04 2.0000E-04
4.4270E-04 2.0000E-04
4.2383E-04 2.0000E-04
6.6859E-04 2.0000E-04
4.3306E-04 2.0000E-04
5.3209E-04 2.0000E-04
3.4600E-04 2.0000E-04
3.3966E-04 2.0000E-04
4.4165E-04 2.0000E-04
3.9061E-04 2.0000E-04
3.2428E-04 2.0000E-04
3.8772E-04 2.0000E-04
3.8258E-04 2.0000E-04
4.1875E-04 2.0000E-04
4.0585E-04 2.0000E-04
6.5241E-04 2.0000E-04
3.6872E-04 2.0000E-04
3.7105E-04 2.0000E-04
3.2582E-04 2.0000E-04
3.4788E-04 2.0000E-04
3.0073E-04 2.0000E-04
4.0027E-04 2.0000E-04
3.4211E-04 2.0000E-04
3.7857E-04 2.0000E-04
4.8564E-04 2.0000E-04
4.3142E-04 2.0000E-04
4.4607E-04 2.0000E-04
3.1828E-04 2.0000E-04
3.2670E-04 2.0000E-04
4.1234E-04 2.0000E-04
3.8372E-04 2.0000E-04
3.1334E-04 2.0000E-04
3.4111E-04 2.0000E-04
4.9994E-04 2.0000E-04
3.1287E-04 2.0000E-04
3.6274E-04 2.0000E-04
3.5527E-04 2.0000E-04
4.3379E-04 2.0000E-04
3.6548E-04 2.0000E-04
3.8795E-04 2.0000E-04
3.7437E-04 2.0000E-04
3.0616E-04 2.0000E-04
3.3254E-04 2.0000E-04
4.4283E-04 2.0000E-04
2.9393E-04 2.0000E-04
2.9049E-04 2.0000E-04
3.1742E-04 2.0000E-04
2.6370E-04 2.0000E-04
3.7198E-04 2.0000E-04
2.8497E-04 2.0000E-04
2.5972E-04 2.0000E-04
3.8620E-04 2.0000E-04
3.6389E-04 2.0000E-04
2.5151E-04 2.0000E-04
2.6741E-04 2.0000E-04
3.7949E-04 2.0000E-04
3.0542E-04 2.0000E-04
3.5660E-04 2.0000E-04
2.9715E-04 2.0000E-04
3.1460E-04 2.0000E-04
3.0162E-04 2.0000E-04
3.9921E-04 2.0000E-04
2.4999E-04 2.0000E-04
2.4327E-04 2.0000E-04
3.7936E-04 2.0000E-04
2.8091E-04 2.0000E-04
2.8440E-04 2.0000E-04
3.4307E-04 2.0000E-04
2.9648E-04 2.0000E-04
3.0249E-04 2.0000E-04
2.8476E-04 2.0000E-04
2.4522E-04 2.0000E-04
3.0791E-04 2.0000E-04
3.6933E-04 2.0000E-04
2.4978E-04 2.0000E-04
2.8691E-04 2.0000E-04
3.4764E-04 2.0000E-04
2.5190E-04 2.0000E-04
2.6387E-04 2.0000E-04
2.9103E-04 2.0000E-04
2.7896E-04 2.0000E-04
3.3734E-04 2.0000E-04
2.4593E-04 2.0000E-04
2.4621E-04 2.0000E-04
3.3956E-04 2.0000E-04
3.5625E-04 2.0000E-04
2.8579E-04 2.0000E-04
4.0287E-04 2.0000E-04
3.4664E-04 2.0000E-04
2.4026E-04 2.0000E-04
2.8303E-04 2.0000E-04
3.5272E-04 2.0000E-04
3.3777E-04 2.0000E-04
5.4783E-04 2.0000E-04
2.9158E-04 2.0000E-04
2.6242E-04 2.0000E-04
3.5148E-04 2.0000E-04
6.0864E-04 2.0000E-04
5.3935E-04 2.0000E-04
6.2692E-04 2.0000E-04
2.7326E-04 2.0000E-04
2.4415E-04 2.0000E-04
3.1083E-04 2.0000E-04
3.5518E-04 2.0000E-04
4.8378E-04 2.0000E-04
2.6010E-04 2.0000E-04
2.4058E-04 2.0000E-04
3.6860E-04 2.0000E-04
3.0469E-04 2.0000E-04
3.0943E-04 2.0000E-04
2.7507E-04 2.0000E-04
2.4970E-04 2.0000E-04
3.4311E-04 2.0000E-04
4.1116E-04 2.0000E-04
2.2680E-04 2.0000E-04
2.1113E-04 2.0000E-04
2.5569E-04 2.0000E-04
6.3014E-04 2.0000E-04
2.3723E-04 2.0000E-04
1.8090E-04 2.0000E-04
2.4085E-04 2.0000E-04
3.2065E-04 2.0000E-04
3.9162E-04 2.0000E-04
2.5964E-04 2.0000E-04
3.8904E-04 2.0000E-04
3.2207E-04 2.0000E-04
2.4881E-04 2.0000E-04
2.7913E-04 2.0000E-04
3.1236E-04 2.0000E-04
5.2429E-04 2.0000E-04
2.4240E-04 2.0000E-04
2.3092E-04 2.0000E-04
2.3757E-04 2.0000E-04
2.5537E-04 2.0000E-04
2.8973E-04 2.0000E-04
2.2113E-04 2.0000E-04
2.0702E-04 2.0000E-04
2.2179E-04 2.0000E-04
2.9118E-04 2.0000E-04
1.7613E-04 2.0000E-04
1.7275E-04 2.0000E-04
2.1952E-04 2.0000E-04
2.2066E-04 2.0000E-04
1.7065E-04 2.0000E-04
1.6981E-04 2.0000E-04
1.7009E-04 2.0000E-04
2.3931E-04 2.0000E-04
1.5794E-04 2.0000E-04
1.4968E-04 2.0000E-04
1.8860E-04 2.0000E-04
2.3580E-04 2.0000E-04
1.4212E-04 2.0000E-04
1.5121E-04 2.0000E-04
1.7465E-04 2.0000E-04
2.4774E-04 2.0000E-04
1.6117E-04 2.0000E-04
1.4036E-04 2.0000E-04
1.5643E-04 2.0000E-04
3.4144E-04 2.0000E-04
1.5748E-04 2.0000E-04
1.3055E-04 2.0000E-04
1.6229E-04 2.0000E-04
2.4203E-04 2.0000E-04
2.2610E-04 2.0000E-04
1.3337E-04 2.0000E-04
1.7225E-04 2.0000E-04
2.1008E-04 2.0000E-04
1.6685E-04 2.0000E-04
2.8398E-04 2.0000E-04
1.7058E-04 2.0000E-04
1.5586E-04 2.0000E-04
2.1709E-04 2.0000E-04
3.0160E-04 2.0000E-04
1.5251E-04 2.0000E-04
1.4831E-04 2.0000E-04
1.7747E-04 2.0000E-04
2.8044E-04 2.0000E-04
2.0363E-04 2.0000E-04
1.9887E-04 2.0000E-04
1.6942E-04 2.0000E-04
2.2095E-04 2.0000E-04
2.0367E-04 2.0000E-04
1.7114E-04 2.0000E-04
2.3780E-04 2.0000E-04
2.1497E-04 2.0000E-04
2.2639E-04 2.0000E-04
2.9860E-04 2.0000E-04
2.4376E-04 2.0000E-04
1.6921E-04 2.0000E-04
1.8600E-04 2.0000E-04
2.6787E-04 2.0000E-04
1.9073E-04 2.0000E-04
1.7651E-04 2.0000E-04
2.4866E-04 2.0000E-04
3.0683E-04 2.0000E-04
2.2029E-04 2.0000E-04
1.8026E-04 2.0000E-04
2.0688E-04 2.0000E-04
2.8656E-04 2.0000E-04
2.0915E-04 2.0000E-04
1.7881E-04 2.0000E-04
2.4214E-04 2.0000E-04
2.6048E-04 2.0000E-04
2.7799E-04 2.0000E-04
2.5681E-04 2.0000E-04
2.0960E-04 2.0000E-04
2.0003E-04 2.0000E-04
3.0751E-04 2.0000E-04
2.4064E-04 2.0000E-04
2.1214E-04 2.0000E-04
2.7941E-04 2.0000E-04
3.3389E-04 2.0000E-04
2.2028E-04 2.0000E-04
1.9078E-04 2.0000E-04
1.7281E-04 2.0000E-04
1.9005E-04 2.0000E-04
3.9223E-04 2.0000E-04
1.5463E-04 2.0000E-04
1.3092E-04 2.0000E-04
1.6288E-04 2.0000E-04
3.1387E-04 2.0000E-04
1.5010E-04 2.0000E-04
1.1050E-04 2.0000E-04
1.4419E-04 2.0000E-04
2.3527E-04 2.0000E-04
1.4611E-04 2.0000E-04
1.1998E-04 2.0000E-04
1.5274E-04 2.0000E-04
1.5228E-04 2.0000E-04
1.6578E-04 2.0000E-04
1.3618E-04 2.0000E-04
1.3240E-04 2.0000E-04
1.4369E-04 2.0000E-04
1.7605E-04 2.0000E-04
1.4258E-04 2.0000E-04
1.5021E-04 2.0000E-04
1.7825E-04 2.0000E-04
1.2911E-04 2.0000E-04
1.5194E-04 2.0000E-04
1.7598E-04 2.0000E-04
1.3645E-04 2.0000E-04
2.0241E-04 2.0000E-04
1.6688E-04 2.0000E-04
1.3181E-04 2.0000E-04
1.5355E-04 2.0000E-04
2.1214E-04 2.0000E-04
1.4342E-04 2.0000E-04
1.1950E-04 2.0000E-04
1.4810E-04 2.0000E-04
1.2835E-04 2.0000E-04
2.2432E-04 2.0000E-04
1.2458E-04 2.0000E-04
1.1200E-04 2.0000E-04
1.7419E-04 2.0000E-04
1.6295E-04 2.0000E-04
1.2308E-04 2.0000E-04
1.4332E-04 2.0000E-04
1.7732E-04 2.0000E-04
1.3095E-04 2.0000E-04
1.2909E-04 2.0000E-04
1.6752E-04 2.0000E-04
1.3815E-04 2.0000E-04
2.0420E-04 2.0000E-04
1.8510E-04 2.0000E-04
1.2187E-04 2.0000E-04
1.0781E-04 2.0000E-04
1.4227E-04 2.0000E-04
1.3444E-04 2.0000E-04
1.3366E-04 2.0000E-04
1.1230E-04 2.0000E-04
1.1391E-04 2.0000E-04
1.3654E-04 2.0000E-04
1.1435E-04 2.0000E-04
1.0219E-04 2.0000E-04
1.2584E-04 2.0000E-04
1.4759E-04 2.0000E-04
9.4231E-05 2.0000E-04
9.5297E-05 2.0000E-04
1.3461E-04 2.0000E-04
1.1161E-04 2.0000E-04
1.4240E-04 2.0000E-04
9.4214E-05 2.0000E-04
9.1538E-05 2.0000E-04
1.3293E-04 2.0000E-04
1.2098E-04 2.0000E-04
9.5596E-05 2.0000E-04
9.7964E-05 2.0000E-04
1.0987E-04 2.0000E-04
9.7177E-05 2.0000E-04
1.1962E-04 2.0000E-04
1.0623E-04 2.0000E-04
9.3250E-05 2.0000E-04
1.2653E-04 2.0000E-04
1.3093E-04 2.0000E-04
1.0800E-04 2.0000E-04
1.0615E-04 2.0000E-04
1.2268E-04 2.0000E-04
1.0080E-04 2.0000E-04
1.4577E-04 2.0000E-04
1.2566E-04 2.0000E-04
8.9489E-05 2.0000E-04
9.3175E-05 2.0000E-04
1.4651E-04 2.0000E-04
1.0794E-04 2.0000E-04
1.1422E-04 2.0000E-04
1.0283E-04 2.0000E-04
9.1328E-05 2.0000E-04
1.0789E-04 2.0000E-04
1.2166E-04 2.0000E-04
8.2137E-05 2.0000E-04
8.3676E-05 2.0000E-04
1.1297E-04 2.0000E-04
8.6414E-05 2.0000E-04
1.1915E-04 2.0000E-04
9.5527E-05 2.0000E-04
7.8559E-05 2.0000E-04
8.3816E-05 2.0000E-04
1.4518E-04 2.0000E-04
9.0072E-05 2.0000E-04
1.0427E-04 2.0000E-04
8.7968E-05 2.0000E-04
7.3574E-05 2.0000E-04
9.4247E-05 2.0000E-04
1.5890E-04 2.0000E-04
8.0612E-05 2.0000E-04
6.5514E-05 2.0000E-04
7.9296E-05 2.0000E-04
1.1281E-04 2.0000E-04
2.0023E-04 2.0000E-04
5.9882E-05 2.0000E-04
5.4944E-05 2.0000E-04
7.4836E-05 2.0000E-04
1.1938E-04 2.0000E-04
8.2753E-05 2.0000E-04
5.7169E-05 2.0000E-04
8.2782E-05 2.0000E-04
1.0588E-04 2.0000E-04
7.9570E-05 2.0000E-04
8.8345E-05 2.0000E-04
9.3699E-05 2.0000E-04
6.8888E-05 2.0000E-04
6.2375E-05 2.0000E-04
7.6450E-05 2.0000E-04
7.2186E-05 2.0000E-04
1.1255E-04 2.0000E-04
5.5574E-05 2.0000E-04
5.3677E-05 2.0000E-04
7.5014E-05 2.0000E-04
1.1083E-04 2.0000E-04
5.8534E-05 2.0000E-04
5.4399E-05 2.0000E-04
6.2965E-05 2.0000E-04
1.2727E-04 2.0000E-04
5.4856E-05 2.0000E-04
4.5546E-05 2.0000E-04
6.4850E-05 2.0000E-04
1.0639E-04 2.0000E-04
6.1156E-05 2.0000E-04
4.7567E-05 2.0000E-04
5.5698E-05 2.0000E-04
1.2068E-04 2.0000E-04
5.2953E-05 2.0000E-04
4.6082E-05 2.0000E-04
5.7711E-05 2.0000E-04
1.0424E-04 2.0000E-04
5.5783E-05 2.0000E-04
4.4662E-05 2.0000E-04
5.8198E-05 2.0000E-04
9.6437E-05 2.0000E-04
5.7129E-05 2.0000E-04
4.7238E-05 2.0000E-04
6.2040E-05 2.0000E-04
8.6899E-05 2.0000E-04
5.7850E-05 2.0000E-04
4.9821E-05 2.0000E-04
6.5006E-05 2.0000E-04
6.1077E-05 2.0000E-04
7.7761E-05 2.0000E-04
5.7173E-05 2.0000E-04
5.4951E-05 2.0000E-04
6.0425E-05 2.0000E-04
1.1489E-04 2.0000E-04
5.3939E-05 2.0000E-04
4.7237E-05 2.0000E-04
5.6279E-05 2.0000E-04
9.0941E-05 2.0000E-04
8.0696E-05 2.0000E-04
4.3896E-05 2.0000E-04
5.3765E-05 2.0000E-04
7.3546E-05 2.0000E-04
6.1741E-05 2.0000E-04
1.2425E-04 2.0000E-04
4.9376E-05 2.0000E-04
4.5250E-05 2.0000E-04
5.6857E-05 2.0000E-04
1.1631E-04 2.0000E-04
5.7249E-05 2.0000E-04
4.5263E-05 2.0000E-04
5.7120E-05 2.0000E-04
1.0582E-04 2.0000E-04
6.4250E-05 2.0000E-04
5.2703E-05 2.0000E-04
8.5281E-05 2.0000E-04
7.4309E-05 2.0000E-04
6.6127E-05 2.0000E-04
1.2647E-04 2.0000E-04
8.4167E-05 2.0000E-04
7.0266E-05 2.0000E-04
6.5886E-05 2.0000E-04
9.2607E-05 2.0000E-04
1.1302E-04 2.0000E-04
8.0583E-05 2.0000E-04
8.1221E-05 2.0000E-04
9.6082E-05 2.0000E-04
1.6245E-04 2.0000E-04
9.0774E-05 2.0000E-04
9.2055E-05 2.0000E-04
1.0857E-04 2.0000E-04
1.1975E-04 2.0000E-04
1.0368E-04 2.0000E-04
1.3260E-04 2.0000E-04
1.4277E-04 2.0000E-04
1.1413E-04 2.0000E-04
1.4159E-04 2.0000E-04
1.6455E-04 2.0000E-04
1.3298E-04 2.0000E-04
1.6347E-04 2.0000E-04
1.3936E-04 2.0000E-04
1.2752E-04 2.0000E-04
2.0087E-04 2.0000E-04
1.7000E-04 2.0000E-04
1.2791E-04 2.0000E-04
1.4319E-04 2.0000E-04
2.4408E-04 2.0000E-04
2.5578E-04 2.0000E-04
1.7092E-04 2.0000E-04
1.4915E-04 2.0000E-04
1.6868E-04 2.0000E-04
2.9224E-04 2.0000E-04
1.8049E-04 2.0000E-04
2.2156E-04 2.0000E-04
2.7447E-04 2.0000E-04
1.9558E-04 2.0000E-04
2.2713E-04 2.0000E-04
2.2656E-04 2.0000E-04
4.1591E-04 2.0000E-04
2.0175E-04 2.0000E-04
1.9263E-04 2.0000E-04
2.7409E-04 2.0000E-04
3.5473E-04 2.0000E-04
3.9628E-04 2.0000E-04
2.2836E-04 2.0000E-04
2.2761E-04 2.0000E-04
2.9166E-04 2.0000E-04
4.1314E-04 2.0000E-04
2.2141E-04 2.0000E-04
2.1521E-04 2.0000E-04
3.1102E-04 2.0000E-04
2.9826E-04 2.0000E-04
2.0955E-04 2.0000E-04
1.8197E-04 2.0000E-04
2.0258E-04 2.0000E-04
3.0403E-04 2.0000E-04
2.1728E-04 2.0000E-04
1.4884E-04 2.0000E-04
1.3881E-04 2.0000E-04
2.0139E-04 2.0000E-04
1.8111E-04 2.0000E-04
1.4423E-04 2.0000E-04
1.3858E-04 2.0000E-04
1.6956E-04 2.0000E-04
1.8096E-04 2.0000E-04
1.3873E-04 2.0000E-04
1.3916E-04 2.0000E-04
1.7610E-04 2.0000E-04
2.5891E-04 2.0000E-04
1.3174E-04 2.0000E-04
1.2619E-04 2.0000E-04
1.5166E-04 2.0000E-04
3.5724E-04 2.0000E-04
1.3967E-04 2.0000E-04
1.2031E-04 2.0000E-04
1.5324E-04 2.0000E-04
2.8014E-04 2.0000E-04
1.5371E-04 2.0000E-04
1.3006E-04 2.0000E-04
1.6681E-04 2.0000E-04
2.5125E-04 2.0000E-04
1.5550E-04 2.0000E-04
1.3177E-04 2.0000E-04
1.6481E-04 2.0000E-04
1.7150E-04 2.0000E-04
1.4839E-04 2.0000E-04
1.5637E-04 2.0000E-04
1.5019E-04 2.0000E-04
1.4547E-04 2.0000E-04
2.1308E-04 2.0000E-04
1.4318E-04 2.0000E-04
1.4833E-04 2.0000E-04
1.8577E-04 2.0000E-04
1.8380E-04 2.0000E-04
1.3839E-04 2.0000E-04
1.4923E-04 2.0000E-04
1.7905E-04 2.0000E-04
1.6019E-04 2.0000E-04
1.9992E-04 2.0000E-04
1.5298E-04 2.0000E-04
1.4809E-04 2.0000E-04
2.1306E-04 2.0000E-04
1.6112E-04 2.0000E-04
1.7851E-04 2.0000E-04
1.7170E-04 2.0000E-04
1.6927E-04 2.0000E-04
1.4370E-04 2.0000E-04
1.8073E-04 2.0000E-04
1.6458E-04 2.0000E-04
1.4340E-04 2.0000E-04
2.2429E-04 2.0000E-04
1.4854E-04 2.0000E-04
1.3389E-04 2.0000E-04
1.6264E-04 2.0000E-04
3.2490E-04 2.0000E-04
1.3575E-04 2.0000E-04
1.1133E-04 2.0000E-04
2.0057E-04 2.0000E-04
1.4588E-04 2.0000E-04
1.1223E-04 2.0000E-04
1.3698E-04 2.0000E-04
1.5169E-04 2.0000E-04
1.1821E-04 2.0000E-04
1.0782E-04 2.0000E-04
1.2629E-04 2.0000E-04
1.0940E-04 2.0000E-04
1.0524E-04 2.0000E-04
1.1992E-04 2.0000E-04
1.0082E-04 2.0000E-04
9.1786E-05 2.0000E-04
1.1974E-04 2.0000E-04
9.6472E-05 2.0000E-04
9.0334E-05 2.0000E-04
1.1858E-04 2.0000E-04
1.0685E-04 2.0000E-04
8.8296E-05 2.0000E-04
1.2537E-04 2.0000E-04
1.4437E-04 2.0000E-04
9.9638E-05 2.0000E-04
9.2541E-05 2.0000E-04
1.1169E-04 2.0000E-04
1.0283E-04 2.0000E-04
2.0663E-04 2.0000E-04
1.0310E-04 2.0000E-04
9.0219E-05 2.0000E-04
1.1838E-04 2.0000E-04
2.2594E-04 2.0000E-04
1.4400E-04 2.0000E-04
1.1997E-04 2.0000E-04
1.3048E-04 2.0000E-04
1.5844E-04 2.0000E-04
3.0535E-04 2.0000E-04
1.6810E-04 2.0000E-04
1.3343E-04 2.0000E-04
3.8991E-04 2.0000E-04
1.5545E-04 2.0000E-04
1.1855E-04 2.0000E-04
2.1615E-04 2.0000E-04
2.9554E-04 2.0000E-04
2.0076E-04 2.0000E-04
3.1218E-04 2.0000E-04
3.2789E-04 2.0000E-04
1.8937E-04 2.0000E-04
2.0640E-04 2.0000E-04
2.3284E-04 2.0000E-04
3.8049E-04 2.0000E-04
1.9790E-04 2.0000E-04
1.9036E-04 2.0000E-04
3.0878E-04 2.0000E-04
1.9776E-04 2.0000E-04
1.9120E-04 2.0000E-04
1.9283E-04 2.0000E-04
1.8734E-04 2.0000E-04
1.8837E-04 2.0000E-04
2.0407E-04 2.0000E-04
1.8071E-04 2.0000E-04
1.6000E-04 2.0000E-04
2.2215E-04 2.0000E-04
2.4209E-04 2.0000E-04
1.5360E-04 2.0000E-04
1.7374E-04 2.0000E-04
2.2276E-04 2.0000E-04
1.4734E-04 2.0000E-04
1.3184E-04 2.0000E-04
1.8575E-04 2.0000E-04
1.4601E-04 2.0000E-04
1.6693E-04 2.0000E-04
1.5863E-04 2.0000E-04
1.5345E-04 2.0000E-04
1.5083E-04 2.0000E-04
1.5012E-04 2.0000E-04
1.5281E-04 2.0000E-04
1.4301E-04 2.0000E-04
1.3340E-04 2.0000E-04
1.5764E-04 2.0000E-04
1.4269E-04 2.0000E-04
1.1696E-04 2.0000E-04
1.4622E-04 2.0000E-04
1.9183E-04 2.0000E-04
1.0599E-04 2.0000E-04
8.7865E-05 2.0000E-04
1.0231E-04 2.0000E-04
2.8888E-04 2.0000E-04
8.6329E-05 2.0000E-04
7.2441E-05 2.0000E-04
1.0510E-04 2.0000E-04
1.9596E-04 2.0000E-04
9.1624E-05 2.0000E-04
6.9727E-05 2.0000E-04
8.4216E-05 2.0000E-04
1.7505E-04 2.0000E-04
8.2793E-05 2.0000E-04
6.8307E-05 2.0000E-04
8.7602E-05 2.0000E-04
1.5667E-04 2.0000E-04
7.9280E-05 2.0000E-04
6.3790E-05 2.0000E-04
7.6371E-05 2.0000E-04
1.4416E-04 2.0000E-04
7.2443E-05 2.0000E-04
5.9144E-05 2.0000E-04
7.6527E-05 2.0000E-04
1.3197E-04 2.0000E-04
7.5068E-05 2.0000E-04
5.9365E-05 2.0000E-04
6.9947E-05 2.0000E-04
1.3333E-04 2.0000E-04
6.3515E-05 2.0000E-04
5.5739E-05 2.0000E-04
6.7241E-05 2.0000E-04
1.3105E-04 2.0000E-04
6.3029E-05 2.0000E-04
5.1638E-05 2.0000E-04
6.3778E-05 2.0000E-04
1.0527E-04 2.0000E-04
7.3744E-05 2.0000E-04
4.7953E-05 2.0000E-04
6.5078E-05 2.0000E-04
8.4197E-05 2.0000E-04
6.7632E-05 2.0000E-04
1.0447E-04 2.0000E-04
7.5187E-05 2.0000E-04
5.5708E-05 2.0000E-04
6.0884E-05 2.0000E-04
9.4919E-05 2.0000E-04
6.1478E-05 2.0000E-04
4.9715E-05 2.0000E-04
5.5817E-05 2.0000E-04
1.2508E-04 2.0000E-04
4.9015E-05 2.0000E-04
4.7047E-05 2.0000E-04
5.6457E-05 2.0000E-04
1.4492E-04 2.0000E-04
5.5948E-05 2.0000E-04
4.0344E-05 2.0000E-04
5.2236E-05 2.0000E-04
5.9005E-05 2.0000E-04
1.0834E-04 2.0000E-04
4.4249E-05 2.0000E-04
4.1507E-05 2.0000E-04
5.1554E-05 2.0000E-04
1.1650E-04 2.0000E-04
4.7850E-05 2.0000E-04
3.8422E-05 2.0000E-04
4.9078E-05 2.0000E-04
6.0100E-05 2.0000E-04
1.4841E-04 2.0000E-04
4.0621E-05 2.0000E-04
3.6306E-05 2.0000E-04
4.9887E-05 2.0000E-04
7.1947E-05 2.0000E-04
7.7445E-05 2.0000E-04
3.9181E-05 2.0000E-04
4.6011E-05 2.0000E-04
5.4009E-05 2.0000E-04
1.1385E-04 2.0000E-04
4.1479E-05 2.0000E-04
3.9221E-05 2.0000E-04
5.0484E-05 2.0000E-04
7.9337E-05 2.0000E-04
5.1968E-05 2.0000E-04
3.9463E-05 2.0000E-04
6.2837E-05 2.0000E-04
6.1940E-05 2.0000E-04
5.0031E-05 2.0000E-04
6.9125E-05 2.0000E-04
5.5605E-05 2.0000E-04
4.7826E-05 2.0000E-04
6.2376E-05 2.0000E-04
6.9685E-05 2.0000E-04
4.7638E-05 2.0000E-04
3.7185E-05 2.0000E-04
4.1790E-05 2.0000E-04
1.2705E-04 2.0000E-04
3.7436E-05 2.0000E-04
3.2561E-05 2.0000E-04
4.2298E-05 2.0000E-04
8.0943E-05 2.0000E-04
4.2160E-05 2.0000E-04
3.3060E-05 2.0000E-04
4.9101E-05 2.0000E-04
6.3015E-05 2.0000E-04
4.3879E-05 2.0000E-04
4.9029E-05 2.0000E-04
5.1662E-05 2.0000E-04
4.4226E-05 2.0000E-04
8.4697E-05 2.0000E-04
4.7675E-05 2.0000E-04
3.6338E-05 2.0000E-04
3.7956E-05 2.0000E-04
8.3275E-05 2.0000E-04
4.5693E-05 2.0000E-04
3.5268E-05 2.0000E-04
4.0329E-05 2.0000E-04
9.0027E-05 2.0000E-04
3.8926E-05 2.0000E-04
3.5106E-05 2.0000E-04
4.3304E-05 2.0000E-04
7.8547E-05 2.0000E-04
4.3807E-05 2.0000E-04
3.5160E-05 2.0000E-04
5.3404E-05 2.0000E-04
6.0824E-05 2.0000E-04
4.8408E-05 2.0000E-04
7.5114E-05 2.0000E-04
4.4659E-05 2.0000E-04
4.3897E-05 2.0000E-04
5.5047E-05 2.0000E-04
8.4234E-05 2.0000E-04
4.6906E-05 2.0000E-04
4.3472E-05 2.0000E-04
5.0657E-05 2.0000E-04
9.7769E-05 2.0000E-04
5.1424E-05 2.0000E-04
4.2779E-05 2.0000E-04
5.5978E-05 2.0000E-04
9.5653E-05 2.0000E-04
5.7660E-05 2.0000E-04
5.0714E-05 2.0000E-04
7.5851E-05 2.0000E-04
6.2612E-05 2.0000E-04
6.8055E-05 2.0000E-04
6.4202E-05 2.0000E-04
5.2365E-05 2.0000E-04
6.7026E-05 2.0000E-04
8.8964E-05 2.0000E-04
5.3075E-05 2.0000E-04
4.5731E-05 2.0000E-04
5.2996E-05 2.0000E-04
1.0132E-04 2.0000E-04
4.8348E-05 2.0000E-04
4.5419E-05 2.0000E-04
5.4874E-05 2.0000E-04
7.7233E-05 2.0000E-04
5.6807E-05 2.0000E-04
7.1752E-05 2.0000E-04
5.7208E-05 2.0000E-04
5.1709E-05 2.0000E-04
7.4849E-05 2.0000E-04
6.0275E-05 2.0000E-04
5.2576E-05 2.0000E-04
7.0286E-05 2.0000E-04
9.4458E-05 2.0000E-04
5.8256E-05 2.0000E-04
5.0415E-05 2.0000E-04
5.5814E-05 2.0000E-04
1.4562E-04 2.0000E-04
5.2674E-05 2.0000E-04
4.6610E-05 2.0000E-04
6.2593E-05 2.0000E-04
8.0918E-05 2.0000E-04
5.4405E-05 2.0000E-04
4.8358E-05 2.0000E-04
5.4301E-05 2.0000E-04
7.9846E-05 2.0000E-04
6.1626E-05 2.0000E-04
4.9495E-05 2.0000E-04
5.1749E-05 2.0000E-04
9.3266E-05 2.0000E-04
5.4916E-05 2.0000E-04
4.8355E-05 2.0000E-04
6.1368E-05 2.0000E-04
6.3471E-05 2.0000E-04
7.3324E-05 2.0000E-04
5.4144E-05 2.0000E-04
6.2415E-05 2.0000E-04
8.4597E-05 2.0000E-04
7.8813E-05 2.0000E-04
6.6240E-05 2.0000E-04
7.5887E-05 2.0000E-04
1.0994E-04 2.0000E-04
1.0224E-04 2.0000E-04
1.6841E-04 2.0000E-04
1.9225E-04 2.0000E-04
1.2107E-04 2.0000E-04
1.6135E-04 2.0000E-04
1.8707E-04 2.0000E-04
3.5671E-04 2.0000E-04
1.7924E-04 2.0000E-04
2.5968E-04 2.0000E-04
1.7276E-04 2.0000E-04
2.2676E-04 2.0000E-04
2.9031E-04 2.0000E-04
3.1044E-04 2.0000E-04
1.9289E-04 2.0000E-04
1.4098E-04 2.0000E-04
1.3975E-04 2.0000E-04
2.8586E-04 2.0000E-04
1.6191E-04 2.0000E-04
1.1178E-04 2.0000E-04
1.4565E-04 2.0000E-04
1.8517E-04 2.0000E-04
1.2380E-04 2.0000E-04
9.4831E-05 2.0000E-04
9.6381E-05 2.0000E-04
1.1466E-04 2.0000E-04
1.8743E-04 2.0000E-04
8.9999E-05 2.0000E-04
7.7498E-05 2.0000E-04
9.4147E-05 2.0000E-04
1.9207E-04 2.0000E-04
8.7172E-05 2.0000E-04
7.3327E-05 2.0000E-04
9.4375E-05 2.0000E-04
1.7343E-04 2.0000E-04
9.0732E-05 2.0000E-04
6.8833E-05 2.0000E-04
8.0984E-05 2.0000E-04
1.6069E-04 2.0000E-04
7.6781E-05 2.0000E-04
6.4137E-05 2.0000E-04
7.8721E-05 2.0000E-04
1.5257E-04 2.0000E-04
7.9116E-05 2.0000E-04
6.4136E-05 2.0000E-04
7.7697E-05 2.0000E-04
1.4903E-04 2.0000E-04
7.2024E-05 2.0000E-04
5.9330E-05 2.0000E-04
7.8100E-05 2.0000E-04
1.3567E-04 2.0000E-04
7.2325E-05 2.0000E-04
5.6209E-05 2.0000E-04
6.3962E-05 2.0000E-04
1.2435E-04 2.0000E-04
6.3206E-05 2.0000E-04
5.1252E-05 2.0000E-04
6.7123E-05 2.0000E-04
1.1076E-04 2.0000E-04
5.9719E-05 2.0000E-04
4.7345E-05 2.0000E-04
5.2807E-05 2.0000E-04
1.3328E-04 2.0000E-04
4.8635E-05 2.0000E-04
4.0165E-05 2.0000E-04
5.2873E-05 2.0000E-04
9.4112E-05 2.0000E-04
5.2583E-05 2.0000E-04
4.2564E-05 2.0000E-04
4.8303E-05 2.0000E-04
9.9942E-05 2.0000E-04
4.4768E-05 2.0000E-04
4.2323E-05 2.0000E-04
5.1113E-05 2.0000E-04
1.0258E-04 2.0000E-04
5.0897E-05 2.0000E-04
4.2904E-05 2.0000E-04
5.7882E-05 2.0000E-04
1.0166E-04 2.0000E-04
6.3393E-05 2.0000E-04
6.2176E-05 2.0000E-04
8.4911E-05 2.0000E-04
7.6726E-05 2.0000E-04
7.7739E-05 2.0000E-04
1.0268E-04 2.0000E-04
7.9763E-05 2.0000E-04
9.6038E-05 2.0000E-04
1.4603E-04 2.0000E-04
1.2258E-04 2.0000E-04
9.9805E-05 2.0000E-04
1.0013E-04 2.0000E-04
1.1572E-04 2.0000E-04
2.0986E-04 2.0000E-04
1.1191E-04 2.0000E-04
1.3039E-04 2.0000E-04
1.0281E-04 2.0000E-04
9.8466E-05 2.0000E-04
1.4339E-04 2.0000E-04
9.9187E-05 2.0000E-04
8.9276E-05 2.0000E-04
1.0837E-04 2.0000E-04
1.0142E-04 2.0000E-04
9.3098E-05 2.0000E-04
8.8767E-05 2.0000E-04
1.2120E-04 2.0000E-04
9.2039E-05 2.0000E-04
9.9337E-05 2.0000E-04
1.4263E-04 2.0000E-04
8.5991E-05 2.0000E-04
7.0591E-05 2.0000E-04
8.3576E-05 2.0000E-04
1.4677E-04 2.0000E-04
6.9383E-05 2.0000E-04
5.9377E-05 2.0000E-04
7.3479E-05 2.0000E-04
1.4281E-04 2.0000E-04
6.3573E-05 2.0000E-04
4.9461E-05 2.0000E-04
6.1600E-05 2.0000E-04
1.0411E-04 2.0000E-04
5.7127E-05 2.0000E-04
4.4379E-05 2.0000E-04
5.8415E-05 2.0000E-04
7.4240E-05 2.0000E-04
4.5031E-05 2.0000E-04
4.2776E-05 2.0000E-04
5.2737E-05 2.0000E-04
4.9998E-05 2.0000E-04
7.0607E-05 2.0000E-04
3.7342E-05 2.0000E-04
3.4258E-05 2.0000E-04
4.0194E-05 2.0000E-04
7.4247E-05 2.0000E-04
3.4434E-05 2.0000E-04
3.1859E-05 2.0000E-04
3.8066E-05 2.0000E-04
7.2808E-05 2.0000E-04
3.4868E-05 2.0000E-04
3.0226E-05 2.0000E-04
3.6995E-05 2.0000E-04
5.9967E-05 2.0000E-04
3.4073E-05 2.0000E-04
3.0039E-05 2.0000E-04
3.8917E-05 2.0000E-04
6.4758E-05 2.0000E-04
3.2747E-05 2.0000E-04
2.9483E-05 2.0000E-04
3.4679E-05 2.0000E-04
6.8241E-05 2.0000E-04
3.4436E-05 2.0000E-04
2.8834E-05 2.0000E-04
3.8901E-05 2.0000E-04
6.6828E-05 2.0000E-04
3.6637E-05 2.0000E-04
3.0785E-05 2.0000E-04
3.5859E-05 2.0000E-04
6.1463E-05 2.0000E-04
5.3502E-05 2.0000E-04
2.8120E-05 2.0000E-04
3.2492E-05 2.0000E-04
4.1093E-05 2.0000E-04
6.4703E-05 2.0000E-04
3.3970E-05 2.0000E-04
3.4189E-05 2.0000E-04
4.4440E-05 2.0000E-04
6.5532E-05 2.0000E-04
3.6353E-05 2.0000E-04
3.4211E-05 2.0000E-04
4.4474E-05 2.0000E-04
5.9498E-05 2.0000E-04
4.4679E-05 2.0000E-04
3.7535E-05 2.0000E-04
4.4441E-05 2.0000E-04
5.6950E-05 2.0000E-04
4.2433E-05 2.0000E-04
4.0481E-05 2.0000E-04
5.7220E-05 2.0000E-04
4.9733E-05 2.0000E-04
6.6433E-05 2.0000E-04
4.6945E-05 2.0000E-04
5.0331E-05 2.0000E-04
5.4813E-05 2.0000E-04
6.7510E-05 2.0000E-04
4.9944E-05 2.0000E-04
6.1779E-05 2.0000E-04
6.6935E-05 2.0000E-04
5.0801E-05 2.0000E-04
5.0092E-05 2.0000E-04
5.1257E-05 2.0000E-04
6.5415E-05 2.0000E-04
6.5394E-05 2.0000E-04
4.8129E-05 2.0000E-04
5.2260E-05 2.0000E-04
6.4082E-05 2.0000E-04
4.6530E-05 2.0000E-04
5.1474E-05 2.0000E-04
4.8458E-05 2.0000E-04
4.0283E-05 2.0000E-04
6.5560E-05 2.0000E-04
4.1709E-05 2.0000E-04
3.9709E-05 2.0000E-04
4.6406E-05 2.0000E-04
9.1281E-05 2.0000E-04
3.4316E-05 2.0000E-04
2.7195E-05 2.0000E-04
3.6065E-05 2.0000E-04
5.6308E-05 2.0000E-04
3.4888E-05 2.0000E-04
2.8998E-05 2.0000E-04
3.7668E-05 2.0000E-04
3.4389E-05 2.0000E-04
2.9464E-05 2.0000E-04
3.6357E-05 2.0000E-04
3.1824E-05 2.0000E-04
2.7978E-05 2.0000E-04
3.7234E-05 2.0000E-04
3.6454E-05 2.0000E-04
2.5655E-05 2.0000E-04
2.5610E-05 2.0000E-04
3.4079E-05 2.0000E-04
2.7750E-05 2.0000E-04
4.0517E-05 2.0000E-04
2.5588E-05 2.0000E-04
2.4484E-05 2.0000E-04
3.7130E-05 2.0000E-04
3.4799E-05 2.0000E-04
2.5354E-05 2.0000E-04
2.7361E-05 2.0000E-04
3.9748E-05 2.0000E-04
3.0079E-05 2.0000E-04
3.5561E-05 2.0000E-04
3.7502E-05 2.0000E-04
2.8607E-05 2.0000E-04
3.0200E-05 2.0000E-04
4.5993E-05 2.0000E-04
3.2762E-05 2.0000E-04
2.7495E-05 2.0000E-04
3.5719E-05 2.0000E-04
3.2680E-05 2.0000E-04
7.8777E-05 2.0000E-04
2.9373E-05 2.0000E-04
2.6754E-05 2.0000E-04
3.8188E-05 2.0000E-04
6.3378E-05 2.0000E-04
3.3769E-05 2.0000E-04
3.2801E-05 2.0000E-04
3.9145E-05 2.0000E-04
8.9263E-05 2.0000E-04
3.8912E-05 2.0000E-04
3.3819E-05 2.0000E-04
4.3360E-05 2.0000E-04
7.5288E-05 2.0000E-04
4.8177E-05 2.0000E-04
4.2885E-05 2.0000E-04
6.7366E-05 2.0000E-04
6.0577E-05 2.0000E-04
6.0370E-05 2.0000E-04
7.7739E-05 2.0000E-04
7.4812E-05 2.0000E-04
8.1317E-05 2.0000E-04
7.6833E-05 2.0000E-04
7.3904E-05 2.0000E-04
7.0245E-05 2.0000E-04
7.3310E-05 2.0000E-04
8.9114E-05 2.0000E-04
9.1404E-05 2.0000E-04
9.5140E-05 2.0000E-04
8.7165E-05 2.0000E-04
6.4339E-05 2.0000E-04
7.7053E-05 2.0000E-04
9.4961E-05 2.0000E-04
1.3285E-04 2.0000E-04
6.5151E-05 2.0000E-04
7.5725E-05 2.0000E-04
1.0401E-04 2.0000E-04
8.4167E-05 2.0000E-04
9.2780E-05 2.0000E-04
8.8217E-05 2.0000E-04
7.6233E-05 2.0000E-04
9.8365E-05 2.0000E-04
1.0735E-04 2.0000E-04
7.6442E-05 2.0000E-04
8.1897E-05 2.0000E-04
8.5552E-05 2.0000E-04
7.1663E-05 2.0000E-04
1.0159E-04 2.0000E-04
7.3581E-05 2.0000E-04
7.1700E-05 2.0000E-04
1.0714E-04 2.0000E-04
9.1670E-05 2.0000E-04
7.0313E-05 2.0000E-04
7.9092E-05 2.0000E-04
1.0268E-04 2.0000E-04
7.5153E-05 2.0000E-04
8.9110E-05 2.0000E-04
7.9841E-05 2.0000E-04
7.0427E-05 2.0000E-04
9.9748E-05 2.0000E-04
1.0140E-04 2.0000E-04
6.9257E-05 2.0000E-04
6.1837E-05 2.0000E-04
8.6762E-05 2.0000E-04
7.4263E-05 2.0000E-04
1.3562E-04 2.0000E-04
6.4856E-05 2.0000E-04
5.6379E-05 2.0000E-04
7.0466E-05 2.0000E-04
1.2812E-04 2.0000E-04
6.0957E-05 2.0000E-04
5.6674E-05 2.0000E-04
6.5638E-05 2.0000E-04
1.2581E-04 2.0000E-04
5.9462E-05 2.0000E-04
4.8815E-05 2.0000E-04
7.3702E-05 2.0000E-04
1.1902E-04 2.0000E-04
6.7717E-05 2.0000E-04
6.7569E-05 2.0000E-04
7.0879E-05 2.0000E-04
5.7243E-05 2.0000E-04
8.6282E-05 2.0000E-04
8.2878E-05 2.0000E-04
5.8580E-05 2.0000E-04
5.7286E-05 2.0000E-04
7.2228E-05 2.0000E-04
5.9734E-05 2.0000E-04
8.6459E-05 2.0000E-04
6.0942E-05 2.0000E-04
5.9725E-05 2.0000E-04
8.7686E-05 2.0000E-04
7.6311E-05 2.0000E-04
7.2024E-05 2.0000E-04
1.0149E-04 2.0000E-04
1.2584E-04 2.0000E-04
1.0536E-04 2.0000E-04
1.3009E-04 2.0000E-04
1.2411E-04 2.0000E-04
1.1503E-04 2.0000E-04
1.8861E-04 2.0000E-04
2.1498E-04 2.0000E-04
1.3582E-04 2.0000E-04
1.4641E-04 2.0000E-04
2.1416E-04 2.0000E-04
1.4089E-04 2.0000E-04
1.1845E-04 2.0000E-04
1.4319E-04 2.0000E-04
1.3206E-04 2.0000E-04
1.4001E-04 2.0000E-04
1.5085E-04 2.0000E-04
1.2381E-04 2.0000E-04
1.2685E-04 2.0000E-04
1.5138E-04 2.0000E-04
1.0776E-04 2.0000E-04
1.0401E-04 2.0000E-04
1.1812E-04 2.0000E-04
9.3444E-05 2.0000E-04
1.1822E-04 2.0000E-04
1.0830E-04 2.0000E-04
8.1248E-05 2.0000E-04
8.5212E-05 2.0000E-04
1.4490E-04 2.0000E-04
9.4003E-05 2.0000E-04
7.9635E-05 2.0000E-04
1.0737E-04 2.0000E-04
8.7434E-05 2.0000E-04
1.0177E-04 2.0000E-04
8.9868E-05 2.0000E-04
7.6510E-05 2.0000E-04
8.6682E-05 2.0000E-04
1.2285E-04 2.0000E-04
7.7506E-05 2.0000E-04
6.4180E-05 2.0000E-04
8.0667E-05 2.0000E-04
8.2588E-05 2.0000E-04
8.4529E-05 2.0000E-04
6.7551E-05 2.0000E-04
7.4774E-05 2.0000E-04
1.1266E-04 2.0000E-04
6.2525E-05 2.0000E-04
5.6005E-05 2.0000E-04
6.5926E-05 2.0000E-04
1.4033E-04 2.0000E-04
6.1723E-05 2.0000E-04
5.4864E-05 2.0000E-04
6.4359E-05 2.0000E-04
1.5736E-04 2.0000E-04
6.1598E-05 2.0000E-04
4.4352E-05 2.0000E-04
5.6509E-05 2.0000E-04
7.5402E-05 2.0000E-04
1.1578E-04 2.0000E-04
4.3815E-05 2.0000E-04
4.3592E-05 2.0000E-04
5.6123E-05 2.0000E-04
1.2539E-04 2.0000E-04
4.8839E-05 2.0000E-04
3.9162E-05 2.0000E-04
4.9769E-05 2.0000E-04
6.0975E-05 2.0000E-04
1.3003E-04 2.0000E-04
4.0951E-05 2.0000E-04
3.8347E-05 2.0000E-04
5.0445E-05 2.0000E-04
7.5686E-05 2.0000E-04
5.9243E-05 2.0000E-04
3.6158E-05 2.0000E-04
4.7520E-05 2.0000E-04
6.0501E-05 2.0000E-04
4.8757E-05 2.0000E-04
7.2953E-05 2.0000E-04
4.5303E-05 2.0000E-04
4.4116E-05 2.0000E-04
6.3867E-05 2.0000E-04
5.4895E-05 2.0000E-04
3.9896E-05 2.0000E-04
4.4023E-05 2.0000E-04
5.9453E-05 2.0000E-04
4.5786E-05 2.0000E-04
6.1711E-05 2.0000E-04
4.7264E-05 2.0000E-04
4.0555E-05 2.0000E-04
5.2990E-05 2.0000E-04
6.7439E-05 2.0000E-04
4.4815E-05 2.0000E-04
3.6134E-05 2.0000E-04
4.2379E-05 2.0000E-04
5.9156E-05 2.0000E-04
4.7444E-05 2.0000E-04
3.7398E-05 2.0000E-04
3.9863E-05 2.0000E-04
5.9714E-05 2.0000E-04
4.0087E-05 2.0000E-04
3.3397E-05 2.0000E-04
4.2998E-05 2.0000E-04
4.0673E-05 2.0000E-04
4.8725E-05 2.0000E-04
4.2856E-05 2.0000E-04
3.3805E-05 2.0000E-04
3.4096E-05 2.0000E-04
5.9350E-05 2.0000E-04
3.6228E-05 2.0000E-04
3.0450E-05 2.0000E-04
4.0332E-05 2.0000E-04
4.2497E-05 2.0000E-04
3.5686E-05 2.0000E-04
3.2902E-05 2.0000E-04
4.1517E-05 2.0000E-04
3.9668E-05 2.0000E-04
3.2436E-05 2.0000E-04
3.2983E-05 2.0000E-04
4.0938E-05 2.0000E-04
3.3247E-05 2.0000E-04
3.1848E-05 2.0000E-04
3.3662E-05 2.0000E-04
3.1980E-05 2.0000E-04
3.0941E-05 2.0000E-04
3.4556E-05 2.0000E-04
2.8134E-05 2.0000E-04
2.8114E-05 2.0000E-04
4.0887E-05 2.0000E-04
2.7244E-05 2.0000E-04
2.5725E-05 2.0000E-04
3.8534E-05 2.0000E-04
2.8560E-05 2.0000E-04
2.7894E-05 2.0000E-04
4.1360E-05 2.0000E-04
2.7988E-05 2.0000E-04
2.7469E-05 2.0000E-04
3.4553E-05 2.0000E-04
4.1599E-05 2.0000E-04
2.5231E-05 2.0000E-04
2.6765E-05 2.0000E-04
3.0520E-05 2.0000E-04
7.0714E-05 2.0000E-04
2.4864E-05 2.0000E-04
2.2269E-05 2.0000E-04
2.8141E-05 2.0000E-04
5.3565E-05 2.0000E-04
2.6349E-05 2.0000E-04
2.0439E-05 2.0000E-04
2.7276E-05 2.0000E-04
4.5080E-05 2.0000E-04
2.5765E-05 2.0000E-04
2.1553E-05 2.0000E-04
2.6665E-05 2.0000E-04
4.0033E-05 2.0000E-04
2.4170E-05 2.0000E-04
2.2693E-05 2.0000E-04
2.8150E-05 2.0000E-04
3.9538E-05 2.0000E-04
2.2807E-05 2.0000E-04
2.2046E-05 2.0000E-04
2.5838E-05 2.0000E-04
4.7009E-05 2.0000E-04
2.1701E-05 2.0000E-04
2.0172E-05 2.0000E-04
2.4380E-05 2.0000E-04
5.4551E-05 2.0000E-04
2.4674E-05 2.0000E-04
2.0294E-05 2.0000E-04
2.5268E-05 2.0000E-04
3.8584E-05 2.0000E-04
3.1655E-05 2.0000E-04
2.0234E-05 2.0000E-04
2.7537E-05 2.0000E-04
3.6683E-05 2.0000E-04
2.9937E-05 2.0000E-04
5.5280E-05 2.0000E-04
2.8497E-05 2.0000E-04
2.5220E-05 2.0000E-04
4.5365E-05 2.0000E-04
3.7086E-05 2.0000E-04
3.0839E-05 2.0000E-04
5.2651E-05 2.0000E-04
4.2779E-05 2.0000E-04
3.4788E-05 2.0000E-04
4.3248E-05 2.0000E-04
6.4246E-05 2.0000E-04
3.9957E-05 2.0000E-04
3.8746E-05 2.0000E-04
4.5224E-05 2.0000E-04
1.1961E-04 2.0000E-04
4.5760E-05 2.0000E-04
5.0978E-05 2.0000E-04
5.6604E-05 2.0000E-04
5.2673E-05 2.0000E-04
5.5623E-05 2.0000E-04
6.6335E-05 2.0000E-04
5.4900E-05 2.0000E-04
5.3443E-05 2.0000E-04
7.0940E-05 2.0000E-04
5.3175E-05 2.0000E-04
5.5406E-05 2.0000E-04
7.5383E-05 2.0000E-04
7.2889E-05 2.0000E-04
7.5527E-05 2.0000E-04
8.9364E-05 2.0000E-04
5.6281E-05 2.0000E-04
5.1276E-05 2.0000E-04
6.9018E-05 2.0000E-04
1.5060E-04 2.0000E-04
6.9690E-05 2.0000E-04
6.2721E-05 2.0000E-04
8.8248E-05 2.0000E-04
1.0302E-04 2.0000E-04
9.8616E-05 2.0000E-04
8.7833E-05 2.0000E-04
8.8712E-05 2.0000E-04
1.1502E-04 2.0000E-04
1.5428E-04 2.0000E-04
8.7530E-05 2.0000E-04
9.5377E-05 2.0000E-04
1.4281E-04 2.0000E-04
9.2855E-05 2.0000E-04
8.0590E-05 2.0000E-04
1.0573E-04 2.0000E-04
1.1121E-04 2.0000E-04
9.2537E-05 2.0000E-04
1.2614E-04 2.0000E-04
9.2780E-05 2.0000E-04
9.2687E-05 2.0000E-04
1.0034E-04 2.0000E-04
1.4092E-04 2.0000E-04
9.3269E-05 2.0000E-04
8.3376E-05 2.0000E-04
1.0497E-04 2.0000E-04
8.7972E-05 2.0000E-04
1.1837E-04 2.0000E-04
9.0615E-05 2.0000E-04
8.0808E-05 2.0000E-04
1.0040E-04 2.0000E-04
1.2747E-04 2.0000E-04
8.3292E-05 2.0000E-04
8.1084E-05 2.0000E-04
1.0043E-04 2.0000E-04
9.2437E-05 2.0000E-04
1.2933E-04 2.0000E-04
8.1991E-05 2.0000E-04
8.6386E-05 2.0000E-04
1.0866E-04 2.0000E-04
9.7680E-05 2.0000E-04
8.7864E-05 2.0000E-04
9.0226E-05 2.0000E-04
1.0573E-04 2.0000E-04
8.0414E-05 2.0000E-04
8.6613E-05 2.0000E-04
1.0097E-04 2.0000E-04
7.9046E-05 2.0000E-04
1.0695E-04 2.0000E-04
8.6191E-05 2.0000E-04
7.6545E-05 2.0000E-04
1.0937E-04 2.0000E-04
1.3012E-04 2.0000E-04
7.7832E-05 2.0000E-04
6.9604E-05 2.0000E-04
7.9385E-05 2.0000E-04
1.0093E-04 2.0000E-04
1.0297E-04 2.0000E-04
7.2980E-05 2.0000E-04
7.8986E-05 2.0000E-04
1.0121E-04 2.0000E-04
7.3744E-05 2.0000E-04
7.5816E-05 2.0000E-04
9.6952E-05 2.0000E-04
7.9874E-05 2.0000E-04
7.4064E-05 2.0000E-04
1.0919E-04 2.0000E-04
7.2614E-05 2.0000E-04
7.0868E-05 2.0000E-04
9.2831E-05 2.0000E-04
1.1684E-04 2.0000E-04
6.8680E-05 2.0000E-04
7.0795E-05 2.0000E-04
8.6650E-05 2.0000E-04
1.3921E-04 2.0000E-04
7.5130E-05 2.0000E-04
7.5273E-05 2.0000E-04
8.3087E-05 2.0000E-04
1.0035E-04 2.0000E-04
8.1505E-05 2.0000E-04
7.0960E-05 2.0000E-04
8.0209E-05 2.0000E-04
8.9938E-05 2.0000E-04
7.0602E-05 2.0000E-04
6.1095E-05 2.0000E-04
6.6598E-05 2.0000E-04
7.5273E-05 2.0000E-04
6.8202E-05 2.0000E-04
5.4679E-05 2.0000E-04
5.5435E-05 2.0000E-04
7.1519E-05 2.0000E-04
5.6233E-05 2.0000E-04
5.2313E-05 2.0000E-04
7.9335E-05 2.0000E-04
5.2531E-05 2.0000E-04
5.0076E-05 2.0000E-04
6.1362E-05 2.0000E-04
5.6370E-05 2.0000E-04
4.9777E-05 2.0000E-04
4.9211E-05 2.0000E-04
5.7015E-05 2.0000E-04
4.4570E-05 2.0000E-04
5.8590E-05 2.0000E-04
5.4763E-05 2.0000E-04
4.8657E-05 2.0000E-04
7.0383E-05 2.0000E-04
5.9391E-05 2.0000E-04
4.7101E-05 2.0000E-04
4.4730E-05 2.0000E-04
8.9690E-05 2.0000E-04
5.1924E-05 2.0000E-04
4.6130E-05 2.0000E-04
5.3706E-05 2.0000E-04
4.7588E-05 2.0000E-04
9.2308E-05 2.0000E-04
4.3528E-05 2.0000E-04
3.9164E-05 2.0000E-04
4.7134E-05 2.0000E-04
1.2708E-04 2.0000E-04
4.6302E-05 2.0000E-04
3.3168E-05 2.0000E-04
4.4883E-05 2.0000E-04
6.0351E-05 2.0000E-04
4.1429E-05 2.0000E-04
3.7053E-05 2.0000E-04
5.1031E-05 2.0000E-04
4.5501E-05 2.0000E-04
4.2862E-05 2.0000E-04
4.5095E-05 2.0000E-04
3.7279E-05 2.0000E-04
4.3960E-05 2.0000E-04
5.9887E-05 2.0000E-04
3.5458E-05 2.0000E-04
3.5630E-05 2.0000E-04
4.3453E-05 2.0000E-04
3.5203E-05 2.0000E-04
4.1126E-05 2.0000E-04
3.6837E-05 2.0000E-04
3.2531E-05 2.0000E-04
4.1181E-05 2.0000E-04
3.7758E-05 2.0000E-04
3.2463E-05 2.0000E-04
4.4433E-05 2.0000E-04
4.6558E-05 2.0000E-04
3.1087E-05 2.0000E-04
3.2821E-05 2.0000E-04
3.6537E-05 2.0000E-04
2.6269E-05 2.0000E-04
3.4687E-05 2.0000E-04
3.7389E-05 2.0000E-04
2.7829E-05 2.0000E-04
3.2574E-05 2.0000E-04
3.5909E-05 2.0000E-04
2.7155E-05 2.0000E-04
2.8590E-05 2.0000E-04
3.6784E-05 2.0000E-04
2.7959E-05 2.0000E-04
2.6286E-05 2.0000E-04
3.5148E-05 2.0000E-04
2.5766E-05 2.0000E-04
2.6291E-05 2.0000E-04
3.3967E-05 2.0000E-04
2.7644E-05 2.0000E-04
2.4799E-05 2.0000E-04
2.6171E-05 2.0000E-04
2.2901E-05 2.0000E-04
4.5795E-05 2.0000E-04
2.6930E-05 2.0000E-04
2.0452E-05 2.0000E-04
2.1841E-05 2.0000E-04
4.9136E-05 2.0000E-04
2.5807E-05 2.0000E-04
2.0829E-05 2.0000E-04
2.4327E-05 2.0000E-04
4.3657E-05 2.0000E-04
3.5743E-05 2.0000E-04
2.2326E-05 2.0000E-04
2.7865E-05 2.0000E-04
3.5648E-05 2.0000E-04
3.3180E-05 2.0000E-04
6.8781E-05 2.0000E-04
3.1714E-05 2.0000E-04
3.2542E-05 2.0000E-04
7.7181E-05 2.0000E-04
3.3676E-05 2.0000E-04
2.7392E-05 2.0000E-04
3.6018E-05 2.0000E-04
5.1184E-05 2.0000E-04
7.8406E-05 2.0000E-04
3.9898E-05 2.0000E-04
4.7614E-05 2.0000E-04
5.2454E-05 2.0000E-04
1.0653E-04 2.0000E-04
5.7246E-05 2.0000E-04
8.8572E-05 2.0000E-04
8.8607E-05 2.0000E-04
6.7138E-05 2.0000E-04
1.1691E-04 2.0000E-04
8.9703E-05 2.0000E-04
8.0517E-05 2.0000E-04
1.1676E-04 2.0000E-04
1.4945E-04 2.0000E-04
9.7852E-05 2.0000E-04
1.5917E-04 2.0000E-04
1.0083E-04 2.0000E-04
8.1492E-05 2.0000E-04
1.3155E-04 2.0000E-04
1.9658E-04 2.0000E-04
1.2561E-04 2.0000E-04
1.2365E-04 2.0000E-04
1.6520E-04 2.0000E-04
1.1378E-04 2.0000E-04
1.7695E-04 2.0000E-04
1.3429E-04 2.0000E-04
1.0196E-04 2.0000E-04
1.1703E-04 2.0000E-04
1.8697E-04 2.0000E-04
1.1656E-04 2.0000E-04
9.9914E-05 2.0000E-04
1.2796E-04 2.0000E-04
1.2454E-04 2.0000E-04
2.1576E-04 2.0000E-04
9.7811E-05 2.0000E-04
8.4606E-05 2.0000E-04
1.0505E-04 2.0000E-04
1.8554E-04 2.0000E-04
9.5784E-05 2.0000E-04
8.2869E-05 2.0000E-04
1.0561E-04 2.0000E-04
1.9290E-04 2.0000E-04
9.9633E-05 2.0000E-04
9.8319E-05 2.0000E-04
1.0706E-04 2.0000E-04
1.3660E-04 2.0000E-04
1.2983E-04 2.0000E-04
8.8724E-05 2.0000E-04
1.0947E-04 2.0000E-04
1.2512E-04 2.0000E-04
1.3401E-04 2.0000E-04
1.2244E-04 2.0000E-04
1.4388E-04 2.0000E-04
1.8028E-04 2.0000E-04
1.9080E-04 2.0000E-04
2.0066E-04 2.0000E-04
2.6539E-04 2.0000E-04
1.6433E-04 2.0000E-04
1.2602E-04 2.0000E-04
2.0299E-04 2.0000E-04
3.2411E-04 2.0000E-04
2.0962E-04 2.0000E-04
2.2493E-04 2.0000E-04
1.8444E-04 2.0000E-04
1.5277E-04 2.0000E-04
1.7022E-04 2.0000E-04
1.9506E-04 2.0000E-04
1.2428E-04 2.0000E-04
1.1710E-04 2.0000E-04
1.4779E-04 2.0000E-04
1.1198E-04 2.0000E-04
1.2641E-04 2.0000E-04
1.0834E-04 2.0000E-04
9.3516E-05 2.0000E-04
1.2319E-04 2.0000E-04
1.3259E-04 2.0000E-04
9.1659E-05 2.0000E-04
8.2677E-05 2.0000E-04
1.1152E-04 2.0000E-04
9.1076E-05 2.0000E-04
1.3292E-04 2.0000E-04
8.1982E-05 2.0000E-04
7.3833E-05 2.0000E-04
9.7674E-05 2.0000E-04
1.2395E-04 2.0000E-04
6.9792E-05 2.0000E-04
6.3139E-05 2.0000E-04
7.7227E-05 2.0000E-04
1.3686E-04 2.0000E-04
7.0501E-05 2.0000E-04
5.6119E-05 2.0000E-04
6.1182E-05 2.0000E-04
1.2654E-04 2.0000E-04
5.8667E-05 2.0000E-04
5.0221E-05 2.0000E-04
6.0036E-05 2.0000E-04
1.1345E-04 2.0000E-04
5.9999E-05 2.0000E-04
4.9080E-05 2.0000E-04
6.3713E-05 2.0000E-04
1.0911E-04 2.0000E-04
6.5672E-05 2.0000E-04
5.7531E-05 2.0000E-04
7.4658E-05 2.0000E-04
1.0890E-04 2.0000E-04
6.6861E-05 2.0000E-04
6.2297E-05 2.0000E-04
7.5389E-05 2.0000E-04
9.3284E-05 2.0000E-04
6.6628E-05 2.0000E-04
5.7419E-05 2.0000E-04
6.5875E-05 2.0000E-04
1.0347E-04 2.0000E-04
5.8787E-05 2.0000E-04
5.5181E-05 2.0000E-04
6.7783E-05 2.0000E-04
7.0352E-05 2.0000E-04
7.0936E-05 2.0000E-04
5.1971E-05 2.0000E-04
5.5348E-05 2.0000E-04
9.4872E-05 2.0000E-04
5.5764E-05 2.0000E-04
5.0011E-05 2.0000E-04
6.6214E-05 2.0000E-04
6.8307E-05 2.0000E-04
5.1447E-05 2.0000E-04
6.5298E-05 2.0000E-04
5.9980E-05 2.0000E-04
5.3046E-05 2.0000E-04
8.6566E-05 2.0000E-04
6.9995E-05 2.0000E-04
4.8120E-05 2.0000E-04
4.1660E-05 2.0000E-04
6.0082E-05 2.0000E-04
5.0120E-05 2.0000E-04
7.6664E-05 2.0000E-04
4.4460E-05 2.0000E-04
3.8883E-05 2.0000E-04
4.8900E-05 2.0000E-04
8.8324E-05 2.0000E-04
3.8529E-05 2.0000E-04
3.1878E-05 2.0000E-04
3.9515E-05 2.0000E-04
7.8103E-05 2.0000E-04
3.7961E-05 2.0000E-04
2.9909E-05 2.0000E-04
4.4875E-05 2.0000E-04
5.2887E-05 2.0000E-04
3.6949E-05 2.0000E-04
3.6629E-05 2.0000E-04
4.9443E-05 2.0000E-04
3.7431E-05 2.0000E-04
3.1798E-05 2.0000E-04
4.9832E-05 2.0000E-04
3.3330E-05 2.0000E-04
2.5196E-05 2.0000E-04
2.8921E-05 2.0000E-04
5.6253E-05 2.0000E-04
2.9585E-05 2.0000E-04
2.4587E-05 2.0000E-04
2.8095E-05 2.0000E-04
6.0613E-05 2.0000E-04
2.6368E-05 2.0000E-04
2.0455E-05 2.0000E-04
2.3910E-05 2.0000E-04
3.0172E-05 2.0000E-04
3.9776E-05 2.0000E-04
1.9340E-05 2.0000E-04
2.0396E-05 2.0000E-04
2.6096E-05 2.0000E-04
5.7194E-05 2.0000E-04
2.1440E-05 2.0000E-04
1.7808E-05 2.0000E-04
2.2792E-05 2.0000E-04
2.7725E-05 2.0000E-04
6.4910E-05 2.0000E-04
1.8892E-05 2.0000E-04
1.6647E-05 2.0000E-04
2.2591E-05 2.0000E-04
2.9439E-05 2.0000E-04
4.5462E-05 2.0000E-04
1.7331E-05 2.0000E-04
1.8237E-05 2.0000E-04
2.2573E-05 2.0000E-04
3.9825E-05 2.0000E-04
2.1874E-05 2.0000E-04
1.6277E-05 2.0000E-04
2.5585E-05 2.0000E-04
3.0412E-05 2.0000E-04
2.1361E-05 2.0000E-04
2.0666E-05 2.0000E-04
2.5292E-05 2.0000E-04
2.3406E-05 2.0000E-04
5.8860E-05 2.0000E-04
1.6531E-05 2.0000E-04
1.3908E-05 2.0000E-04
2.3631E-05 2.0000E-04
4.7348E-05 2.0000E-04
1.6783E-05 2.0000E-04
1.2929E-05 2.0000E-04
1.7779E-05 2.0000E-04
2.0977E-05 2.0000E-04
2.7628E-05 2.0000E-04
1.4184E-05 2.0000E-04
1.5601E-05 2.0000E-04
2.1799E-05 2.0000E-04
3.0552E-05 2.0000E-04
1.5906E-05 2.0000E-04
1.6834E-05 2.0000E-04
1.9346E-05 2.0000E-04
4.6921E-05 2.0000E-04
1.4856E-05 2.0000E-04
1.2809E-05 2.0000E-04
1.7025E-05 2.0000E-04
2.1550E-05 2.0000E-04
4.0961E-05 2.0000E-04
1.3303E-05 2.0000E-04
1.2786E-05 2.0000E-04
1.6070E-05 2.0000E-04
3.2567E-05 2.0000E-04
1.5577E-05 2.0000E-04
1.2274E-05 2.0000E-04
1.5961E-05 2.0000E-04
2.7626E-05 2.0000E-04
1.5347E-05 2.0000E-04
1.2337E-05 2.0000E-04
1.4941E-05 2.0000E-04
2.7643E-05 2.0000E-04
1.4335E-05 2.0000E-04
1.2128E-05 2.0000E-04
1.5373E-05 2.0000E-04
2.4679E-05 2.0000E-04
1.5671E-05 2.0000E-04
1.2932E-05 2.0000E-04
1.7315E-05 2.0000E-04
1.6631E-05 2.0000E-04
1.5040E-05 2.0000E-04
1.8827E-05 2.0000E-04
1.2544E-05 2.0000E-04
1.2781E-05 2.0000E-04
1.6761E-05 2.0000E-04
2.1923E-05 2.0000E-04
1.1554E-05 2.0000E-04
1.1580E-05 2.0000E-04
1.3560E-05 2.0000E-04
3.2775E-05 2.0000E-04
1.1391E-05 2.0000E-04
9.3347E-06 2.0000E-04
1.2124E-05 2.0000E-04
1.4989E-05 2.0000E-04
2.5678E-05 2.0000E-04
9.4231E-06 2.0000E-04
9.9007E-06 2.0000E-04
1.2367E-05 2.0000E-04
2.7527E-05 2.0000E-04
1.1885E-05 2.0000E-04
9.3109E-06 2.0000E-04
1.1828E-05 2.0000E-04
1.7634E-05 2.0000E-04
1.3334E-05 2.0000E-04
9.3903E-06 2.0000E-04
1.3119E-05 2.0000E-04
1.4940E-05 2.0000E-04
1.2147E-05 2.0000E-04
2.4104E-05 2.0000E-04
1.0899E-05 2.0000E-04
9.4434E-06 2.0000E-04
1.4598E-03 2.0000E-04
1.2169E-03 2.0000E-04
5.7551E-04 2.0000E-04
4.9870E-04 2.0000E-04
6.4935E-04 2.0000E-04
4.1173E-04 2.0000E-04
2.3013E-04 2.0000E-04
1.6171E-04 2.0000E-04
1.7738E-04 2.0000E-04
3.4191E-04 2.0000E-04
1.0878E-04 2.0000E-04
9.0349E-05 2.0000E-04
1.2944E-04 2.0000E-04
1.5728E-04 2.0000E-04
1.5820E-04 2.0000E-04
7.0983E-05 2.0000E-04
8.3287E-05 2.0000E-04
9.6017E-05 2.0000E-04
1.3933E-04 2.0000E-04
6.6183E-05 2.0000E-04
5.3180E-05 2.0000E-04
7.6760E-05 2.0000E-04
8.9360E-05 2.0000E-04
6.4263E-05 2.0000E-04
5.9269E-05 2.0000E-04
5.0577E-05 2.0000E-04
4.7416E-05 2.0000E-04
9.8317E-05 2.0000E-04
4.9091E-05 2.0000E-04
4.3493E-05 2.0000E-04
4.9051E-05 2.0000E-04
1.1032E-04 2.0000E-04
3.9903E-05 2.0000E-04
3.0702E-05 2.0000E-04
3.6474E-05 2.0000E-04
4.8863E-05 2.0000E-04
6.0234E-05 2.0000E-04
3.3158E-05 2.0000E-04
3.4092E-05 2.0000E-04
4.2464E-05 2.0000E-04
4.7450E-05 2.0000E-04
3.2340E-05 2.0000E-04
3.2753E-05 2.0000E-04
3.7576E-05 2.0000E-04
5.3958E-05 2.0000E-04
2.8472E-05 2.0000E-04
2.6092E-05 2.0000E-04
3.1460E-05 2.0000E-04
4.9446E-05 2.0000E-04
2.3821E-05 2.0000E-04
2.2805E-05 2.0000E-04
2.5386E-05 2.0000E-04
6.3716E-05 2.0000E-04
2.3857E-05 2.0000E-04
1.9257E-05 2.0000E-04
2.0841E-05 2.0000E-04
4.5510E-05 2.0000E-04
2.2887E-05 2.0000E-04
1.8127E-05 2.0000E-04
2.5362E-05 2.0000E-04
3.0720E-05 2.0000E-04
2.1076E-05 2.0000E-04
2.2273E-05 2.0000E-04
2.2568E-05 2.0000E-04
2.0005E-05 2.0000E-04
4.5351E-05 2.0000E-04
2.3570E-05 2.0000E-04
1.9971E-05 2.0000E-04
1.8782E-05 2.0000E-04
4.9228E-05 2.0000E-04
2.0575E-05 2.0000E-04
1.4358E-05 2.0000E-04
2.0180E-05 2.0000E-04
2.0254E-05 2.0000E-04
4.2216E-05 2.0000E-04
1.9615E-05 2.0000E-04
1.4570E-05 2.0000E-04
1.7510E-05 2.0000E-04
2.9154E-05 2.0000E-04
1.5932E-05 2.0000E-04
1.3046E-05 2.0000E-04
1.8643E-05 2.0000E-04
1.7125E-05 2.0000E-04
1.3341E-05 2.0000E-04
2.1140E-05 2.0000E-04
1.3246E-05 2.0000E-04
1.2570E-05 2.0000E-04
1.6580E-05 2.0000E-04
2.3406E-05 2.0000E-04
1.2497E-05 2.0000E-04
1.1723E-05 2.0000E-04
1.4094E-05 2.0000E-04
2.0885E-05 2.0000E-04
1.5666E-05 2.0000E-04
9.1201E-06 2.0000E-04
1.1242E-05 2.0000E-04
1.4063E-05 2.0000E-04
