RMS Step   Target
2.8461E-04 8.0000E-04
2.8461E-03 8.0000E-04
5.6923E-03 8.0000E-04
7.1153E-03 8.0000E-04
7.1153E-03 8.0000E-04
7.1153E-03 8.0000E-04
7.1153E-03 8.0000E-04
7.1153E-03 8.0000E-04
7.1153E-03 8.0000E-04
7.1153E-03 8.0000E-04
7.1153E-03 8.0000E-04
7.1153E-03 8.0000E-04
7.1153E-03 8.0000E-04
7.1153E-03 8.0000E-04
7.1153E-03 8.0000E-04
7.1153E-03 8.0000E-04
7.1153E-03 8.0000E-04
7.1153E-03 8.0000E-04
7.1153E-03 8.0000E-04
7.1153E-03 8.0000E-04
7.1153E-03 8.0000E-04
7.1153E-03 8.0000E-04
7.1153E-03 8.0000E-04
7.1153E-03 8.0000E-04
7.1153E-03 8.0000E-04
7.1153E-03 8.0000E-04
7.1153E-03 8.0000E-04
7.1153E-03 8.0000E-04
7.1153E-03 8.0000E-04
7.1153E-03 8.0000E-04
7.1153E-03 8.0000E-04
7.1153E-03 8.0000E-04
7.1153E-03 8.0000E-04
7.1153E-03 8.0000E-04
7.1153E-03 8.0000E-04
7.1153E-03 8.0000E-04
7.1153E-03 8.0000E-04
7.1153E-03 8.0000E-04
7.1153E-03 8.0000E-04
7.1153E-03 8.0000E-04
7.1153E-03 8.0000E-04
7.1153E-03 8.0000E-04
7.1153E-03 8.0000E-04
7.1153E-03 8.0000E-04
7.1153E-03 8.0000E-04
7.1153E-03 8.0000E-04
7.1153E-03 8.0000E-04
7.1153E-03 8.0000E-04
7.1153E-03 8.0000E-04
7.1153E-03 8.0000E-04
7.1153E-03 8.0000E-04
7.1153E-03 8.0000E-04
7.1153E-03 8.0000E-04
7.1153E-03 8.0000E-04
7.1153E-03 8.0000E-04
7.1153E-03 8.0000E-04
7.1153E-03 8.0000E-04
7.1153E-03 8.0000E-04
7.1153E-03 8.0000E-04
7.1153E-03 8.0000E-04
7.1153E-03 8.0000E-04
7.1153E-03 8.0000E-04
7.1153E-03 8.0000E-04
7.1153E-03 8.0000E-04
7.1153E-03 8.0000E-04
7.1153E-03 8.0000E-04
7.1153E-03 8.0000E-04
7.1153E-03 8.0000E-04
7.1153E-03 8.0000E-04
7.1153E-03 8.0000E-04
7.1153E-03 8.0000E-04
7.1153E-03 8.0000E-04
7.1153E-03 8.0000E-04
7.1153E-03 8.0000E-04
7.1153E-03 8.0000E-04
7.1153E-03 8.0000E-04
7.1153E-03 8.0000E-04
7.1153E-03 8.0000E-04
7.1153E-03 8.0000E-04
7.1153E-03 8.0000E-04
7.1153E-03 8.0000E-04
7.1153E-03 8.0000E-04
7.1153E-03 8.0000E-04
7.1153E-03 8.0000E-04
7.1153E-03 8.0000E-04
7.1153E-03 8.0000E-04
7.1153E-03 8.0000E-04
7.1153E-03 8.0000E-04
7.1153E-03 8.0000E-04
7.1153E-03 8.0000E-04
7.1153E-03 8.0000E-04
7.1153E-03 8.0000E-04
7.1153E-03 8.0000E-04
7.1153E-03 8.0000E-04
7.1153E-03 8.0000E-04
7.1153E-03 8.0000E-04
7.1153E-03 8.0000E-04
7.1153E-03 8.0000E-04
7.1153E-03 8.0000E-04
7.1153E-03 8.0000E-04
7.1153E-03 8.0000E-04
7.1153E-03 8.0000E-04
7.1153E-03 8.0000E-04
7.1153E-03 8.0000E-04
7.1153E-03 8.0000E-04
7.1153E-03 8.0000E-04
7.1153E-03 8.0000E-04
7.1153E-03 8.0000E-04
7.1153E-03 8.0000E-04
7.1153E-03 8.0000E-04
7.1153E-03 8.0000E-04
7.1153E-03 8.0000E-04
7.1153E-03 8.0000E-04
7.1153E-03 8.0000E-04
7.1153E-03 8.0000E-04
7.1153E-03 8.0000E-04
7.1153E-03 8.0000E-04
7.1153E-03 8.0000E-04
7.1153E-03 8.0000E-04
7.1153E-03 8.0000E-04
7.1153E-03 8.0000E-04
7.1153E-03 8.0000E-04
7.1153E-03 8.0000E-04
7.1153E-03 8.0000E-04
7.1153E-03 8.0000E-04
7.1153E-03 8.0000E-04
7.1153E-03 8.0000E-04
7.1153E-03 8.0000E-04
7.1153E-03 8.0000E-04
7.1153E-03 8.0000E-04
7.1153E-03 8.0000E-04
7.1153E-03 8.0000E-04
7.1153E-03 8.0000E-04
7.1153E-03 8.0000E-04
7.1153E-03 8.0000E-04
7.1153E-03 8.0000E-04
7.1153E-03 8.0000E-04
7.1153E-03 8.0000E-04
7.1153E-03 8.0000E-04
7.1153E-03 8.0000E-04
7.1153E-03 8.0000E-04
7.1153E-03 8.0000E-04
7.1153E-03 8.0000E-04
7.1153E-03 8.0000E-04
7.1153E-03 8.0000E-04
7.1153E-03 8.0000E-04
7.1153E-03 8.0000E-04
7.1153E-03 8.0000E-04
7.1153E-03 8.0000E-04
7.1153E-03 8.0000E-04
7.1153E-03 8.0000E-04
7.1153E-03 8.0000E-04
7.1153E-03 8.0000E-04
7.1153E-03 8.0000E-04
7.1153E-03 8.0000E-04
7.1153E-03 8.0000E-04
7.1153E-03 8.0000E-04
7.1153E-03 8.0000E-04
7.1153E-03 8.0000E-04
7.1153E-03 8.0000E-04
7.1153E-03 8.0000E-04
7.1153E-03 8.0000E-04
7.1153E-03 8.0000E-04
7.1153E-03 8.0000E-04
7.1153E-03 8.0000E-04
7.1153E-03 8.0000E-04
7.1153E-03 8.0000E-04
7.1153E-03 8.0000E-04
7.1153E-03 8.0000E-04
7.1153E-03 8.0000E-04
7.1153E-03 8.0000E-04
7.1153E-03 8.0000E-04
7.1153E-03 8.0000E-04
7.1153E-03 8.0000E-04
7.1153E-03 8.0000E-04
7.1153E-03 8.0000E-04
7.1153E-03 8.0000E-04
7.1153E-03 8.0000E-04
7.1153E-03 8.0000E-04
7.1153E-03 8.0000E-04
7.1153E-03 8.0000E-04
7.1153E-03 8.0000E-04
7.1153E-03 8.0000E-04
7.1153E-03 8.0000E-04
7.1153E-03 8.0000E-04
5.8102E-03 8.0000E-04
5.1472E-03 8.0000E-04
3.8077E-03 8.0000E-04
7.1153E-03 8.0000E-04
7.1153E-03 8.0000E-04
7.1153E-03 8.0000E-04
7.1153E-03 8.0000E-04
7.1153E-03 8.0000E-04
7.1153E-03 8.0000E-04
7.1153E-03 8.0000E-04
7.1153E-03 8.0000E-04
7.1153E-03 8.0000E-04
7.1153E-03 8.0000E-04
7.1153E-03 8.0000E-04
7.1153E-03 8.0000E-04
3.3091E-03 8.0000E-04
7.1153E-03 8.0000E-04
7.1153E-03 8.0000E-04
7.1153E-03 8.0000E-04
7.1153E-03 8.0000E-04
7.1153E-03 8.0000E-04
7.1153E-03 8.0000E-04
7.1153E-03 8.0000E-04
7.1153E-03 8.0000E-04
7.1153E-03 8.0000E-04
7.1153E-03 8.0000E-04
7.1153E-03 8.0000E-04
7.1153E-03 8.0000E-04
7.1153E-03 8.0000E-04
7.1153E-03 8.0000E-04
7.1153E-03 8.0000E-04
7.1153E-03 8.0000E-04
5.2095E-03 8.0000E-04
4.9395E-03 8.0000E-04
4.8481E-03 8.0000E-04
3.6228E-03 8.0000E-04
7.1153E-03 8.0000E-04
7.1153E-03 8.0000E-04
7.1153E-03 8.0000E-04
7.1153E-03 8.0000E-04
7.1153E-03 8.0000E-04
7.1153E-03 8.0000E-04
7.1153E-03 8.0000E-04
7.1153E-03 8.0000E-04
7.1153E-03 8.0000E-04
7.1153E-03 8.0000E-04
7.1153E-03 8.0000E-04
6.3208E-03 8.0000E-04
2.0627E-03 8.0000E-04
2.7365E-03 8.0000E-04
7.1153E-03 8.0000E-04
7.1153E-03 8.0000E-04
7.1153E-03 8.0000E-04
7.1153E-03 8.0000E-04
7.1153E-03 8.0000E-04
7.1153E-03 8.0000E-04
7.1153E-03 8.0000E-04
7.1153E-03 8.0000E-04
5.6524E-03 8.0000E-04
6.2887E-03 8.0000E-04
6.4123E-03 8.0000E-04
2.4206E-03 8.0000E-04
4.8793E-03 8.0000E-04
7.1153E-03 8.0000E-04
7.1153E-03 8.0000E-04
7.1153E-03 8.0000E-04
7.1153E-03 8.0000E-04
7.1153E-03 8.0000E-04
7.1153E-03 8.0000E-04
7.0074E-03 8.0000E-04
6.5155E-03 8.0000E-04
2.7608E-03 8.0000E-04
4.2176E-03 8.0000E-04
5.2593E-03 8.0000E-04
6.1379E-03 8.0000E-04
7.1153E-03 8.0000E-04
7.1153E-03 8.0000E-04
7.1153E-03 8.0000E-04
7.1153E-03 8.0000E-04
7.1153E-03 8.0000E-04
7.1153E-03 8.0000E-04
7.1153E-03 8.0000E-04
7.1153E-03 8.0000E-04
7.1153E-03 8.0000E-04
3.5797E-03 8.0000E-04
7.1153E-03 8.0000E-04
3.7856E-03 8.0000E-04
1.1628E-03 8.0000E-04
4.8379E-03 8.0000E-04
7.1153E-03 8.0000E-04
7.1153E-03 8.0000E-04
7.1153E-03 8.0000E-04
7.1153E-03 8.0000E-04
7.1153E-03 8.0000E-04
7.1153E-03 8.0000E-04
7.1153E-03 8.0000E-04
5.1667E-03 8.0000E-04
6.2435E-03 8.0000E-04
7.1153E-03 8.0000E-04
2.7724E-03 8.0000E-04
3.4698E-03 8.0000E-04
7.1153E-03 8.0000E-04
7.1153E-03 8.0000E-04
7.1153E-03 8.0000E-04
7.1153E-03 8.0000E-04
7.1153E-03 8.0000E-04
7.1153E-03 8.0000E-04
7.1153E-03 8.0000E-04
7.1153E-03 8.0000E-04
7.1153E-03 8.0000E-04
7.1153E-03 8.0000E-04
4.1891E-03 8.0000E-04
7.1153E-03 8.0000E-04
7.1153E-03 8.0000E-04
2.2126E-03 8.0000E-04
3.7457E-03 8.0000E-04
7.1153E-03 8.0000E-04
7.1153E-03 8.0000E-04
7.1153E-03 8.0000E-04
6.8672E-03 8.0000E-04
4.4306E-03 8.0000E-04
4.7773E-03 8.0000E-04
3.9331E-03 8.0000E-04
4.1463E-03 8.0000E-04
5.8493E-03 8.0000E-04
7.1153E-03 8.0000E-04
7.1153E-03 8.0000E-04
7.1153E-03 8.0000E-04
7.1153E-03 8.0000E-04
7.1153E-03 8.0000E-04
7.1153E-03 8.0000E-04
7.1153E-03 8.0000E-04
6.8626E-03 8.0000E-04
7.1153E-03 8.0000E-04
6.3410E-03 8.0000E-04
4.1797E-03 8.0000E-04
1.3692E-03 8.0000E-04
6.7951E-03 8.0000E-04
7.1153E-03 8.0000E-04
7.1153E-03 8.0000E-04
7.1153E-03 8.0000E-04
7.1153E-03 8.0000E-04
5.3920E-03 8.0000E-04
4.6149E-03 8.0000E-04
4.2237E-03 8.0000E-04
7.1153E-03 8.0000E-04
3.6600E-03 8.0000E-04
4.6725E-03 8.0000E-04
6.7666E-03 8.0000E-04
7.1153E-03 8.0000E-04
7.1153E-03 8.0000E-04
7.1153E-03 8.0000E-04
7.1153E-03 8.0000E-04
5.6658E-03 8.0000E-04
7.1153E-03 8.0000E-04
4.4227E-03 8.0000E-04
3.7457E-03 8.0000E-04
2.1453E-03 8.0000E-04
6.1752E-03 8.0000E-04
7.1153E-03 8.0000E-04
6.3156E-03 8.0000E-04
3.5650E-03 8.0000E-04
3.4755E-03 8.0000E-04
5.2619E-03 8.0000E-04
3.2075E-03 8.0000E-04
4.6983E-03 8.0000E-04
2.6191E-03 8.0000E-04
7.1153E-03 8.0000E-04
7.1153E-03 8.0000E-04
7.1153E-03 8.0000E-04
2.6142E-03 8.0000E-04
2.5017E-03 8.0000E-04
3.9719E-03 8.0000E-04
4.6126E-03 8.0000E-04
1.3441E-03 8.0000E-04
3.8420E-03 8.0000E-04
2.5956E-03 8.0000E-04
3.6282E-03 8.0000E-04
5.8641E-03 8.0000E-04
2.4049E-03 8.0000E-04
1.2934E-03 8.0000E-04
5.0164E-03 8.0000E-04
3.9567E-03 8.0000E-04
1.9037E-03 8.0000E-04
6.6619E-03 8.0000E-04
3.6524E-03 8.0000E-04
4.1826E-03 8.0000E-04
7.1153E-03 8.0000E-04
3.2199E-03 8.0000E-04
4.5678E-03 8.0000E-04
3.9707E-03 8.0000E-04
7.1153E-03 8.0000E-04
1.0397E-03 8.0000E-04
3.6557E-03 8.0000E-04
4.6675E-03 8.0000E-04
5.8120E-03 8.0000E-04
4.2274E-03 8.0000E-04
6.6306E-03 8.0000E-04
1.8648E-03 8.0000E-04
4.9962E-03 8.0000E-04
2.3786E-03 8.0000E-04
4.6943E-03 8.0000E-04
5.1369E-03 8.0000E-04
5.3021E-03 8.0000E-04
1.5946E-03 8.0000E-04
3.5224E-03 8.0000E-04
2.8032E-03 8.0000E-04
4.9146E-03 8.0000E-04
3.6168E-03 8.0000E-04
3.4108E-03 8.0000E-04
2.3802E-03 8.0000E-04
5.5485E-03 8.0000E-04
2.5800E-03 8.0000E-04
2.6590E-03 8.0000E-04
4.9895E-03 8.0000E-04
5.4470E-03 8.0000E-04
1.3601E-03 8.0000E-04
6.8373E-03 8.0000E-04
3.7896E-03 8.0000E-04
2.7701E-03 8.0000E-04
6.9882E-03 8.0000E-04
3.7215E-03 8.0000E-04
7.1153E-03 8.0000E-04
7.1153E-03 8.0000E-04
2.0420E-03 8.0000E-04
2.6651E-03 8.0000E-04
5.9872E-03 8.0000E-04
7.1153E-03 8.0000E-04
7.1153E-03 8.0000E-04
2.6237E-03 8.0000E-04
2.2889E-03 8.0000E-04
2.9092E-03 8.0000E-04
3.6854E-03 8.0000E-04
5.6734E-03 8.0000E-04
3.5577E-03 8.0000E-04
2.0498E-03 8.0000E-04
3.3080E-03 8.0000E-04
3.3866E-03 8.0000E-04
2.9271E-03 8.0000E-04
5.1709E-03 8.0000E-04
1.7253E-03 8.0000E-04
1.4157E-03 8.0000E-04
4.9983E-03 8.0000E-04
4.3016E-03 8.0000E-04
9.0331E-04 8.0000E-04
1.5497E-03 8.0000E-04
2.0960E-03 8.0000E-04
6.1471E-03 8.0000E-04
1.6043E-03 8.0000E-04
2.2058E-03 8.0000E-04
3.5690E-03 8.0000E-04
5.7922E-03 8.0000E-04
7.1153E-03 8.0000E-04
1.8749E-03 8.0000E-04
5.1769E-03 8.0000E-04
4.1303E-03 8.0000E-04
1.1851E-03 8.0000E-04
4.5641E-03 8.0000E-04
3.9352E-03 8.0000E-04
7.1153E-03 8.0000E-04
1.6367E-03 8.0000E-04
2.6569E-03 8.0000E-04
1.4505E-03 8.0000E-04
3.8390E-03 8.0000E-04
3.6194E-03 8.0000E-04
1.7867E-03 8.0000E-04
1.8251E-03 8.0000E-04
1.6877E-03 8.0000E-04
3.2873E-03 8.0000E-04
1.3266E-03 8.0000E-04
1.8187E-03 8.0000E-04
1.6884E-03 8.0000E-04
3.4855E-03 8.0000E-04
1.2036E-03 8.0000E-04
1.3344E-03 8.0000E-04
1.4530E-03 8.0000E-04
2.9771E-03 8.0000E-04
1.3076E-03 8.0000E-04
1.0265E-03 8.0000E-04
2.4299E-03 8.0000E-04
2.8876E-03 8.0000E-04
7.0878E-04 8.0000E-04
1.7418E-03 8.0000E-04
1.2177E-03 8.0000E-04
3.8938E-03 8.0000E-04
1.8966E-03 8.0000E-04
8.7530E-04 8.0000E-04
2.2658E-03 8.0000E-04
3.7873E-03 8.0000E-04
1.2411E-03 8.0000E-04
1.3135E-03 8.0000E-04
2.2373E-03 8.0000E-04
3.5083E-03 8.0000E-04
6.4042E-03 8.0000E-04
7.7229E-04 8.0000E-04
2.2051E-03 8.0000E-04
1.7344E-03 8.0000E-04
4.2953E-03 8.0000E-04
5.7613E-03 8.0000E-04
1.4939E-03 8.0000E-04
8.1656E-04 8.0000E-04
3.8704E-03 8.0000E-04
4.5623E-03 8.0000E-04
1.3418E-03 8.0000E-04
3.3114E-03 8.0000E-04
2.3774E-03 8.0000E-04
7.1153E-03 8.0000E-04
2.0177E-03 8.0000E-04
3.4389E-03 8.0000E-04
1.1666E-03 8.0000E-04
2.7137E-03 8.0000E-04
2.1283E-03 8.0000E-04
2.1341E-03 8.0000E-04
4.8798E-03 8.0000E-04
1.6837E-03 8.0000E-04
4.0496E-03 8.0000E-04
2.7623E-03 8.0000E-04
4.7284E-03 8.0000E-04
5.9952E-04 8.0000E-04
3.3240E-03 8.0000E-04
3.0404E-03 8.0000E-04
3.9512E-03 8.0000E-04
3.5632E-03 8.0000E-04
4.3904E-03 8.0000E-04
2.3810E-03 8.0000E-04
3.0556E-03 8.0000E-04
1.6142E-03 8.0000E-04
2.5625E-03 8.0000E-04
3.3290E-03 8.0000E-04
3.5271E-03 8.0000E-04
2.8846E-03 8.0000E-04
4.5374E-03 8.0000E-04
2.5375E-03 8.0000E-04
5.7898E-03 8.0000E-04
1.6392E-03 8.0000E-04
2.6869E-03 8.0000E-04
2.5873E-03 8.0000E-04
5.6734E-03 8.0000E-04
2.0328E-03 8.0000E-04
2.3148E-03 8.0000E-04
2.7979E-03 8.0000E-04
5.8940E-03 8.0000E-04
2.3905E-03 8.0000E-04
1.6988E-03 8.0000E-04
1.9763E-03 8.0000E-04
3.9919E-03 8.0000E-04
3.3477E-03 8.0000E-04
9.0312E-04 8.0000E-04
5.2999E-04 8.0000E-04
1.0432E-03 8.0000E-04
3.0119E-03 8.0000E-04
1.4231E-03 8.0000E-04
1.0091E-03 8.0000E-04
1.7223E-03 8.0000E-04
1.8502E-03 8.0000E-04
1.6515E-03 8.0000E-04
1.7763E-03 8.0000E-04
1.1702E-03 8.0000E-04
1.7265E-03 8.0000E-04
2.8795E-03 8.0000E-04
1.6207E-03 8.0000E-04
1.7362E-03 8.0000E-04
2.3920E-03 8.0000E-04
2.8779E-03 8.0000E-04
1.5684E-03 8.0000E-04
2.8918E-03 8.0000E-04
1.8136E-03 8.0000E-04
2.2765E-03 8.0000E-04
3.2878E-03 8.0000E-04
2.4725E-03 8.0000E-04
1.3551E-03 8.0000E-04
4.0508E-03 8.0000E-04
1.5475E-03 8.0000E-04
9.6340E-04 8.0000E-04
3.5813E-03 8.0000E-04
3.0939E-03 8.0000E-04
6.3214E-04 8.0000E-04
2.6466E-03 8.0000E-04
1.5648E-03 8.0000E-04
3.5265E-03 8.0000E-04
3.9781E-03 8.0000E-04
2.2779E-03 8.0000E-04
1.0016E-03 8.0000E-04
1.4308E-03 8.0000E-04
2.2946E-03 8.0000E-04
1.8875E-03 8.0000E-04
4.2239E-03 8.0000E-04
1.9288E-03 8.0000E-04
5.7795E-04 8.0000E-04
1.7918E-03 8.0000E-04
1.7395E-03 8.0000E-04
1.0793E-03 8.0000E-04
5.0217E-03 8.0000E-04
1.4503E-03 8.0000E-04
9.4802E-04 8.0000E-04
1.2073E-03 8.0000E-04
2.9179E-03 8.0000E-04
2.4900E-03 8.0000E-04
1.9545E-03 8.0000E-04
1.9111E-03 8.0000E-04
1.4675E-03 8.0000E-04
1.4357E-03 8.0000E-04
1.7834E-03 8.0000E-04
1.2977E-03 8.0000E-04
1.7365E-03 8.0000E-04
1.8743E-03 8.0000E-04
1.0616E-03 8.0000E-04
1.1645E-03 8.0000E-04
2.1286E-03 8.0000E-04
1.3995E-03 8.0000E-04
2.3815E-03 8.0000E-04
7.4915E-04 8.0000E-04
1.0885E-03 8.0000E-04
1.8219E-03 8.0000E-04
2.5318E-03 8.0000E-04
8.1704E-04 8.0000E-04
1.2386E-03 8.0000E-04
1.3190E-03 8.0000E-04
2.0808E-03 8.0000E-04
2.1399E-03 8.0000E-04
1.9276E-03 8.0000E-04
1.0917E-03 8.0000E-04
2.8106E-03 8.0000E-04
1.0434E-03 8.0000E-04
2.2118E-03 8.0000E-04
1.9225E-03 8.0000E-04
2.2273E-03 8.0000E-04
7.3435E-04 8.0000E-04
3.6014E-03 8.0000E-04
1.4488E-03 8.0000E-04
7.4350E-04 8.0000E-04
3.4862E-03 8.0000E-04
1.0337E-03 8.0000E-04
2.1690E-03 8.0000E-04
1.6475E-03 8.0000E-04
1.8037E-03 8.0000E-04
4.9505E-04 8.0000E-04
2.2127E-03 8.0000E-04
1.3589E-03 8.0000E-04
1.1171E-03 8.0000E-04
2.5808E-03 8.0000E-04
1.2189E-03 8.0000E-04
1.8277E-03 8.0000E-04
2.2001E-03 8.0000E-04
1.8419E-03 8.0000E-04
4.6770E-04 8.0000E-04
1.9934E-03 8.0000E-04
1.1028E-03 8.0000E-04
1.5738E-03 8.0000E-04
8.1069E-04 8.0000E-04
2.0112E-03 8.0000E-04
4.1146E-04 8.0000E-04
1.5404E-03 8.0000E-04
1.9470E-03 8.0000E-04
4.1748E-04 8.0000E-04
1.0360E-03 8.0000E-04
1.1588E-03 8.0000E-04
2.2340E-03 8.0000E-04
3.9771E-03 8.0000E-04
1.3415E-03 8.0000E-04
1.5819E-04 8.0000E-04
6.6467E-04 8.0000E-04
1.7706E-03 8.0000E-04
2.3244E-03 8.0000E-04
7.4047E-04 8.0000E-04
1.6046E-03 8.0000E-04
7.3145E-04 8.0000E-04
7.5654E-04 8.0000E-04
1.9491E-03 8.0000E-04
8.9641E-04 8.0000E-04
2.0402E-04 8.0000E-04
1.7257E-03 8.0000E-04
6.5231E-04 8.0000E-04
1.4078E-03 8.0000E-04
1.4798E-03 8.0000E-04
1.2154E-03 8.0000E-04
4.2663E-04 8.0000E-04
1.2294E-03 8.0000E-04
1.1189E-03 8.0000E-04
5.6721E-04 8.0000E-04
8.3985E-04 8.0000E-04
7.6866E-04 8.0000E-04
1.8320E-03 8.0000E-04
1.4431E-03 8.0000E-04
2.8834E-04 8.0000E-04
8.8115E-04 8.0000E-04
1.0476E-03 8.0000E-04
8.2064E-04 8.0000E-04
1.4501E-03 8.0000E-04
7.3561E-04 8.0000E-04
1.9653E-03 8.0000E-04
7.3487E-04 8.0000E-04
2.7626E-04 8.0000E-04
6.0230E-04 8.0000E-04
1.3416E-03 8.0000E-04
8.9040E-04 8.0000E-04
1.3489E-03 8.0000E-04
1.0641E-03 8.0000E-04
1.9184E-03 8.0000E-04
9.2576E-04 8.0000E-04
4.4634E-04 8.0000E-04
6.4071E-04 8.0000E-04
1.3054E-03 8.0000E-04
9.9750E-04 8.0000E-04
1.6234E-03 8.0000E-04
1.4463E-03 8.0000E-04
1.1577E-03 8.0000E-04
2.0450E-03 8.0000E-04
6.5097E-04 8.0000E-04
5.7115E-04 8.0000E-04
8.0708E-04 8.0000E-04
2.4667E-03 8.0000E-04
3.1623E-04 8.0000E-04
9.3878E-04 8.0000E-04
1.2982E-03 8.0000E-04
2.4715E-03 8.0000E-04
2.8081E-03 8.0000E-04
2.0590E-04 8.0000E-04
1.0200E-03 8.0000E-04
1.4022E-03 8.0000E-04
1.1827E-03 8.0000E-04
2.6045E-03 8.0000E-04
1.0055E-03 8.0000E-04
8.7897E-04 8.0000E-04
1.8287E-03 8.0000E-04
2.7060E-03 8.0000E-04
8.5202E-04 8.0000E-04
6.4975E-04 8.0000E-04
8.2849E-04 8.0000E-04
1.8774E-03 8.0000E-04
1.8210E-03 8.0000E-04
2.0179E-03 8.0000E-04
2.8248E-03 8.0000E-04
3.0253E-03 8.0000E-04
7.5972E-04 8.0000E-04
4.9381E-03 8.0000E-04
2.3226E-03 8.0000E-04
1.0591E-03 8.0000E-04
2.7967E-03 8.0000E-04
4.7688E-03 8.0000E-04
5.1257E-03 8.0000E-04
1.6436E-03 8.0000E-04
2.0373E-03 8.0000E-04
1.9799E-03 8.0000E-04
7.1153E-03 8.0000E-04
7.8410E-04 8.0000E-04
3.2896E-03 8.0000E-04
1.2606E-03 8.0000E-04
7.1153E-03 8.0000E-04
3.1292E-03 8.0000E-04
5.3777E-03 8.0000E-04
2.2185E-03 8.0000E-04
3.6080E-03 8.0000E-04
2.5189E-03 8.0000E-04
7.1153E-03 8.0000E-04
1.2706E-03 8.0000E-04
4.0752E-03 8.0000E-04
1.3321E-03 8.0000E-04
3.8054E-03 8.0000E-04
7.1153E-03 8.0000E-04
3.6007E-03 8.0000E-04
1.1483E-03 8.0000E-04
4.4787E-03 8.0000E-04
1.6402E-03 8.0000E-04
7.1153E-03 8.0000E-04
2.4683E-03 8.0000E-04
1.9909E-03 8.0000E-04
3.0978E-03 8.0000E-04
7.1153E-03 8.0000E-04
2.3067E-03 8.0000E-04
5.3368E-03 8.0000E-04
2.8791E-03 8.0000E-04
2.7451E-03 8.0000E-04
5.4243E-03 8.0000E-04
1.9587E-03 8.0000E-04
6.5704E-03 8.0000E-04
3.1044E-03 8.0000E-04
3.2350E-03 8.0000E-04
5.7485E-03 8.0000E-04
7.1153E-03 8.0000E-04
2.5659E-03 8.0000E-04
3.2820E-03 8.0000E-04
2.6091E-03 8.0000E-04
2.8639E-03 8.0000E-04
4.6092E-03 8.0000E-04
1.7409E-03 8.0000E-04
1.8288E-03 8.0000E-04
5.0362E-03 8.0000E-04
3.1382E-03 8.0000E-04
1.8104E-03 8.0000E-04
1.8270E-03 8.0000E-04
1.3223E-03 8.0000E-04
3.7038E-03 8.0000E-04
2.0317E-03 8.0000E-04
7.8581E-04 8.0000E-04
1.3816E-03 8.0000E-04
1.5827E-03 8.0000E-04
2.7427E-03 8.0000E-04
1.4170E-03 8.0000E-04
1.3453E-03 8.0000E-04
1.3979E-03 8.0000E-04
2.1870E-03 8.0000E-04
1.2226E-03 8.0000E-04
1.2960E-03 8.0000E-04
2.1179E-03 8.0000E-04
3.1746E-03 8.0000E-04
1.0142E-03 8.0000E-04
1.1677E-03 8.0000E-04
1.7861E-03 8.0000E-04
4.0655E-03 8.0000E-04
1.6082E-03 8.0000E-04
8.3444E-04 8.0000E-04
2.0383E-03 8.0000E-04
2.6238E-03 8.0000E-04
2.4340E-03 8.0000E-04
1.6429E-03 8.0000E-04
1.9824E-03 8.0000E-04
3.0012E-03 8.0000E-04
2.3248E-03 8.0000E-04
1.7928E-03 8.0000E-04
2.0750E-03 8.0000E-04
2.3068E-03 8.0000E-04
2.2009E-03 8.0000E-04
2.5674E-03 8.0000E-04
1.6155E-03 8.0000E-04
1.4540E-03 8.0000E-04
3.0367E-03 8.0000E-04
1.0429E-03 8.0000E-04
2.0078E-03 8.0000E-04
1.7024E-03 8.0000E-04
4.7811E-03 8.0000E-04
1.0784E-03 8.0000E-04
1.9879E-03 8.0000E-04
1.8119E-03 8.0000E-04
3.8624E-03 8.0000E-04
2.3098E-03 8.0000E-04
1.4959E-03 8.0000E-04
1.7227E-03 8.0000E-04
3.4693E-03 8.0000E-04
1.9033E-03 8.0000E-04
3.5081E-03 8.0000E-04
1.7449E-03 8.0000E-04
2.8760E-03 8.0000E-04
1.9125E-03 8.0000E-04
2.6674E-03 8.0000E-04
1.8513E-03 8.0000E-04
2.2352E-03 8.0000E-04
2.9854E-03 8.0000E-04
1.0252E-03 8.0000E-04
8.3966E-04 8.0000E-04
2.1689E-03 8.0000E-04
3.5375E-03 8.0000E-04
6.9853E-04 8.0000E-04
1.4448E-03 8.0000E-04
1.8294E-03 8.0000E-04
2.3730E-03 8.0000E-04
2.1084E-03 8.0000E-04
1.3358E-03 8.0000E-04
1.5648E-03 8.0000E-04
1.4936E-03 8.0000E-04
1.3129E-03 8.0000E-04
1.1628E-03 8.0000E-04
1.3220E-03 8.0000E-04
1.2971E-03 8.0000E-04
1.2561E-03 8.0000E-04
1.0859E-03 8.0000E-04
1.1373E-03 8.0000E-04
1.5351E-03 8.0000E-04
9.5442E-04 8.0000E-04
1.0879E-03 8.0000E-04
1.3571E-03 8.0000E-04
1.4255E-03 8.0000E-04
7.9844E-04 8.0000E-04
2.2729E-03 8.0000E-04
1.1014E-03 8.0000E-04
1.2826E-03 8.0000E-04
1.9397E-03 8.0000E-04
1.2354E-03 8.0000E-04
1.7571E-03 8.0000E-04
2.6581E-03 8.0000E-04
6.0865E-04 8.0000E-04
1.8102E-03 8.0000E-04
1.7175E-03 8.0000E-04
6.0750E-03 8.0000E-04
1.6762E-03 8.0000E-04
1.5981E-03 8.0000E-04
3.0248E-03 8.0000E-04
3.1356E-03 8.0000E-04
4.1118E-03 8.0000E-04
1.8223E-03 8.0000E-04
5.2307E-04 8.0000E-04
6.9962E-03 8.0000E-04
2.4053E-03 8.0000E-04
1.9575E-03 8.0000E-04
7.1153E-03 8.0000E-04
4.4382E-03 8.0000E-04
2.2012E-03 8.0000E-04
7.1153E-03 8.0000E-04
1.9579E-03 8.0000E-04
1.8287E-03 8.0000E-04
2.4884E-03 8.0000E-04
1.9543E-03 8.0000E-04
5.1010E-03 8.0000E-04
2.3608E-03 8.0000E-04
3.3843E-03 8.0000E-04
2.8605E-03 8.0000E-04
3.0831E-03 8.0000E-04
1.3741E-03 8.0000E-04
2.1123E-03 8.0000E-04
1.9712E-03 8.0000E-04
2.6848E-03 8.0000E-04
2.2894E-03 8.0000E-04
1.6283E-03 8.0000E-04
1.0822E-03 8.0000E-04
2.5109E-03 8.0000E-04
2.6668E-03 8.0000E-04
1.2233E-03 8.0000E-04
1.8197E-03 8.0000E-04
3.6884E-03 8.0000E-04
9.7762E-04 8.0000E-04
1.7229E-03 8.0000E-04
1.7553E-03 8.0000E-04
2.4794E-03 8.0000E-04
1.9016E-03 8.0000E-04
2.1831E-03 8.0000E-04
1.3200E-03 8.0000E-04
1.8047E-03 8.0000E-04
1.9630E-03 8.0000E-04
1.9531E-03 8.0000E-04
1.6455E-03 8.0000E-04
1.2156E-03 8.0000E-04
1.9608E-03 8.0000E-04
1.1822E-03 8.0000E-04
8.5945E-04 8.0000E-04
1.9265E-03 8.0000E-04
1.8852E-03 8.0000E-04
2.9627E-04 8.0000E-04
8.8942E-04 8.0000E-04
9.8566E-04 8.0000E-04
2.7991E-03 8.0000E-04
3.9769E-04 8.0000E-04
4.2068E-04 8.0000E-04
8.8233E-04 8.0000E-04
2.3737E-03 8.0000E-04
6.9550E-04 8.0000E-04
6.5089E-04 8.0000E-04
7.9251E-04 8.0000E-04
1.6890E-03 8.0000E-04
9.8752E-04 8.0000E-04
6.6291E-04 8.0000E-04
8.4118E-04 8.0000E-04
1.5561E-03 8.0000E-04
6.1504E-04 8.0000E-04
6.5860E-04 8.0000E-04
7.3754E-04 8.0000E-04
1.5087E-03 8.0000E-04
1.0724E-03 8.0000E-04
5.0802E-04 8.0000E-04
8.0187E-04 8.0000E-04
1.3480E-03 8.0000E-04
6.0613E-04 8.0000E-04
9.3428E-04 8.0000E-04
8.1359E-04 8.0000E-04
1.7713E-03 8.0000E-04
6.9894E-04 8.0000E-04
2.9044E-04 8.0000E-04
6.8164E-04 8.0000E-04
1.2674E-03 8.0000E-04
5.7990E-04 8.0000E-04
6.5257E-04 8.0000E-04
7.5291E-04 8.0000E-04
1.3699E-03 8.0000E-04
1.8557E-03 8.0000E-04
3.2387E-04 8.0000E-04
4.7690E-04 8.0000E-04
7.1361E-04 8.0000E-04
9.2244E-04 8.0000E-04
2.2617E-03 8.0000E-04
1.2502E-03 8.0000E-04
3.2910E-04 8.0000E-04
6.4304E-04 8.0000E-04
1.0929E-03 8.0000E-04
6.7275E-04 8.0000E-04
1.6681E-03 8.0000E-04
8.3355E-04 8.0000E-04
1.6505E-03 8.0000E-04
5.1312E-04 8.0000E-04
2.4964E-04 8.0000E-04
6.0701E-04 8.0000E-04
1.4655E-03 8.0000E-04
6.2448E-04 8.0000E-04
6.4654E-04 8.0000E-04
9.5949E-04 8.0000E-04
9.9479E-04 8.0000E-04
1.4753E-03 8.0000E-04
5.1357E-04 8.0000E-04
3.8524E-04 8.0000E-04
6.2905E-04 8.0000E-04
1.5238E-03 8.0000E-04
5.3918E-04 8.0000E-04
4.9494E-04 8.0000E-04
7.1838E-04 8.0000E-04
1.0674E-03 8.0000E-04
2.2623E-03 8.0000E-04
3.8951E-04 8.0000E-04
1.0337E-04 8.0000E-04
5.1173E-04 8.0000E-04
1.1536E-03 8.0000E-04
2.0945E-03 8.0000E-04
3.7584E-04 8.0000E-04
5.8270E-04 8.0000E-04
5.9760E-04 8.0000E-04
1.8756E-03 8.0000E-04
3.8625E-04 8.0000E-04
2.2603E-04 8.0000E-04
7.2736E-04 8.0000E-04
1.2668E-03 8.0000E-04
1.8557E-03 8.0000E-04
4.9722E-04 8.0000E-04
1.3037E-03 8.0000E-04
4.4024E-04 8.0000E-04
7.0776E-04 8.0000E-04
1.3605E-03 8.0000E-04
1.0835E-03 8.0000E-04
1.4946E-04 8.0000E-04
1.5044E-03 8.0000E-04
6.5192E-04 8.0000E-04
3.4318E-04 8.0000E-04
1.4407E-03 8.0000E-04
7.0447E-04 8.0000E-04
2.0305E-03 8.0000E-04
1.5954E-04 8.0000E-04
1.8912E-04 8.0000E-04
5.3536E-04 8.0000E-04
1.1371E-03 8.0000E-04
1.3315E-03 8.0000E-04
9.5178E-04 8.0000E-04
1.3332E-03 8.0000E-04
1.1042E-03 8.0000E-04
7.9463E-04 8.0000E-04
8.7578E-04 8.0000E-04
6.1374E-04 8.0000E-04
3.0947E-04 8.0000E-04
1.8173E-03 8.0000E-04
6.7049E-04 8.0000E-04
2.4597E-04 8.0000E-04
1.3024E-03 8.0000E-04
1.6878E-03 8.0000E-04
2.6762E-04 8.0000E-04
8.6875E-04 8.0000E-04
5.5893E-04 8.0000E-04
2.3311E-03 8.0000E-04
4.2451E-04 8.0000E-04
4.3264E-04 8.0000E-04
1.0687E-03 8.0000E-04
1.4525E-03 8.0000E-04
1.4798E-03 8.0000E-04
6.8963E-04 8.0000E-04
9.3240E-04 8.0000E-04
8.8009E-04 8.0000E-04
1.2006E-03 8.0000E-04
1.7069E-03 8.0000E-04
1.2626E-03 8.0000E-04
1.7419E-04 8.0000E-04
2.1842E-03 8.0000E-04
1.0120E-03 8.0000E-04
8.1660E-04 8.0000E-04
1.6447E-03 8.0000E-04
6.1495E-04 8.0000E-04
2.9002E-03 8.0000E-04
6.6262E-04 8.0000E-04
2.6135E-04 8.0000E-04
1.7351E-03 8.0000E-04
1.7942E-03 8.0000E-04
8.8307E-04 8.0000E-04
2.3631E-03 8.0000E-04
1.2798E-03 8.0000E-04
1.8390E-03 8.0000E-04
2.0836E-03 8.0000E-04
6.9582E-04 8.0000E-04
3.7285E-04 8.0000E-04
2.1620E-03 8.0000E-04
1.1418E-03 8.0000E-04
8.5948E-04 8.0000E-04
1.3752E-03 8.0000E-04
8.6944E-04 8.0000E-04
2.0590E-03 8.0000E-04
4.2315E-04 8.0000E-04
2.7381E-04 8.0000E-04
7.5287E-04 8.0000E-04
1.6758E-03 8.0000E-04
7.5347E-04 8.0000E-04
1.9843E-03 8.0000E-04
5.8609E-04 8.0000E-04
7.8982E-04 8.0000E-04
1.2929E-03 8.0000E-04
1.0214E-03 8.0000E-04
5.8493E-04 8.0000E-04
1.2011E-03 8.0000E-04
1.1441E-03 8.0000E-04
1.7238E-04 8.0000E-04
6.8683E-04 8.0000E-04
9.0215E-04 8.0000E-04
2.1478E-03 8.0000E-04
1.6169E-03 8.0000E-04
4.7201E-04 8.0000E-04
1.0949E-03 8.0000E-04
1.2681E-03 8.0000E-04
8.5641E-04 8.0000E-04
1.0882E-03 8.0000E-04
4.7919E-04 8.0000E-04
1.0206E-03 8.0000E-04
8.6460E-04 8.0000E-04
2.5016E-04 8.0000E-04
6.4386E-04 8.0000E-04
1.2774E-03 8.0000E-04
6.3573E-04 8.0000E-04
1.0155E-03 8.0000E-04
5.2399E-04 8.0000E-04
1.2340E-03 8.0000E-04
8.8329E-04 8.0000E-04
8.4731E-04 8.0000E-04
6.1955E-04 8.0000E-04
1.6498E-03 8.0000E-04
1.2513E-03 8.0000E-04
1.1799E-03 8.0000E-04
1.7253E-03 8.0000E-04
2.2262E-03 8.0000E-04
2.3052E-03 8.0000E-04
4.3634E-03 8.0000E-04
1.6916E-03 8.0000E-04
1.9850E-03 8.0000E-04
3.1989E-03 8.0000E-04
2.4700E-03 8.0000E-04
5.4070E-03 8.0000E-04
2.6212E-03 8.0000E-04
5.7922E-03 8.0000E-04
2.2419E-03 8.0000E-04
4.7644E-03 8.0000E-04
1.5627E-03 8.0000E-04
5.6797E-03 8.0000E-04
1.5250E-03 8.0000E-04
1.1530E-03 8.0000E-04
1.6967E-03 8.0000E-04
2.2922E-03 8.0000E-04
1.1837E-03 8.0000E-04
7.6025E-04 8.0000E-04
1.4793E-03 8.0000E-04
2.0936E-03 8.0000E-04
1.3056E-03 8.0000E-04
1.0285E-03 8.0000E-04
7.6578E-04 8.0000E-04
1.6339E-03 8.0000E-04
1.3354E-03 8.0000E-04
3.0049E-04 8.0000E-04
4.8154E-04 8.0000E-04
6.5913E-04 8.0000E-04
1.7093E-03 8.0000E-04
9.4280E-04 8.0000E-04
5.8739E-04 8.0000E-04
9.4414E-04 8.0000E-04
1.3951E-03 8.0000E-04
7.0724E-04 8.0000E-04
8.0216E-04 8.0000E-04
7.3386E-04 8.0000E-04
1.4750E-03 8.0000E-04
9.1233E-04 8.0000E-04
6.7338E-04 8.0000E-04
1.0452E-03 8.0000E-04
1.5980E-03 8.0000E-04
8.9003E-04 8.0000E-04
9.1080E-04 8.0000E-04
1.0009E-03 8.0000E-04
1.8571E-03 8.0000E-04
1.0940E-03 8.0000E-04
6.6835E-04 8.0000E-04
1.0465E-03 8.0000E-04
1.6921E-03 8.0000E-04
7.2549E-04 8.0000E-04
9.1393E-04 8.0000E-04
7.9519E-04 8.0000E-04
1.7712E-03 8.0000E-04
1.1933E-03 8.0000E-04
3.7301E-04 8.0000E-04
9.4572E-04 8.0000E-04
1.2388E-03 8.0000E-04
5.8110E-04 8.0000E-04
8.4913E-04 8.0000E-04
7.2889E-04 8.0000E-04
1.6503E-03 8.0000E-04
1.2018E-03 8.0000E-04
4.3131E-04 8.0000E-04
4.0332E-04 8.0000E-04
9.7250E-04 8.0000E-04
8.5432E-04 8.0000E-04
1.2761E-03 8.0000E-04
7.9206E-04 8.0000E-04
1.7054E-03 8.0000E-04
4.1701E-04 8.0000E-04
2.1251E-04 8.0000E-04
6.7819E-04 8.0000E-04
1.4092E-03 8.0000E-04
9.9456E-04 8.0000E-04
7.9240E-04 8.0000E-04
1.3212E-03 8.0000E-04
1.4100E-03 8.0000E-04
1.9995E-03 8.0000E-04
5.7863E-04 8.0000E-04
2.2143E-03 8.0000E-04
5.8886E-04 8.0000E-04
2.0533E-03 8.0000E-04
3.0886E-03 8.0000E-04
5.7895E-04 8.0000E-04
2.9158E-03 8.0000E-04
1.1261E-03 8.0000E-04
4.0675E-03 8.0000E-04
6.2575E-04 8.0000E-04
1.2297E-03 8.0000E-04
1.9419E-03 8.0000E-04
4.2440E-03 8.0000E-04
1.9793E-03 8.0000E-04
1.7425E-03 8.0000E-04
5.5055E-04 8.0000E-04
1.8783E-03 8.0000E-04
1.7405E-03 8.0000E-04
9.9310E-04 8.0000E-04
1.2827E-03 8.0000E-04
1.1069E-03 8.0000E-04
1.2886E-03 8.0000E-04
9.4609E-04 8.0000E-04
8.6931E-04 8.0000E-04
1.3435E-03 8.0000E-04
1.0646E-03 8.0000E-04
1.6461E-03 8.0000E-04
1.3474E-03 8.0000E-04
9.4946E-04 8.0000E-04
7.0353E-04 8.0000E-04
9.6030E-04 8.0000E-04
1.4981E-03 8.0000E-04
7.8701E-04 8.0000E-04
4.7404E-04 8.0000E-04
7.1570E-04 8.0000E-04
1.2964E-03 8.0000E-04
7.3727E-04 8.0000E-04
3.5909E-04 8.0000E-04
6.0732E-04 8.0000E-04
9.1610E-04 8.0000E-04
7.9742E-04 8.0000E-04
5.0938E-04 8.0000E-04
5.8362E-04 8.0000E-04
6.5089E-04 8.0000E-04
3.6954E-04 8.0000E-04
4.1662E-04 8.0000E-04
5.0389E-04 8.0000E-04
8.0096E-04 8.0000E-04
6.8953E-04 8.0000E-04
1.7882E-04 8.0000E-04
2.4853E-04 8.0000E-04
3.4618E-04 8.0000E-04
9.2349E-04 8.0000E-04
2.5846E-04 8.0000E-04
2.1027E-04 8.0000E-04
4.1716E-04 8.0000E-04
6.6823E-04 8.0000E-04
3.6067E-04 8.0000E-04
3.8281E-04 8.0000E-04
3.4418E-04 8.0000E-04
7.6258E-04 8.0000E-04
4.6193E-04 8.0000E-04
3.2725E-04 8.0000E-04
5.2814E-04 8.0000E-04
8.1295E-04 8.0000E-04
2.3757E-04 8.0000E-04
3.2355E-04 8.0000E-04
3.4764E-04 8.0000E-04
9.3410E-04 8.0000E-04
6.3637E-04 8.0000E-04
2.9907E-04 8.0000E-04
6.1092E-04 8.0000E-04
7.7702E-04 8.0000E-04
2.2629E-04 8.0000E-04
5.2166E-04 8.0000E-04
4.3497E-04 8.0000E-04
1.1792E-03 8.0000E-04
1.3631E-03 8.0000E-04
1.4622E-04 8.0000E-04
2.7623E-04 8.0000E-04
5.8762E-04 8.0000E-04
1.4787E-03 8.0000E-04
7.7414E-04 8.0000E-04
4.2387E-04 8.0000E-04
7.8181E-04 8.0000E-04
1.0923E-03 8.0000E-04
5.1498E-04 8.0000E-04
4.6049E-04 8.0000E-04
8.6529E-04 8.0000E-04
1.1590E-03 8.0000E-04
1.1869E-03 8.0000E-04
5.8532E-04 8.0000E-04
8.1242E-04 8.0000E-04
8.6173E-04 8.0000E-04
1.2008E-03 8.0000E-04
5.9272E-04 8.0000E-04
1.2722E-03 8.0000E-04
4.8894E-04 8.0000E-04
1.9520E-03 8.0000E-04
5.4997E-04 8.0000E-04
1.3159E-03 8.0000E-04
1.2534E-03 8.0000E-04
1.9337E-03 8.0000E-04
4.4156E-04 8.0000E-04
1.5955E-03 8.0000E-04
7.4231E-04 8.0000E-04
1.6564E-03 8.0000E-04
1.3120E-03 8.0000E-04
5.9176E-04 8.0000E-04
1.1552E-03 8.0000E-04
1.2012E-03 8.0000E-04
3.2407E-04 8.0000E-04
9.4813E-04 8.0000E-04
6.4643E-04 8.0000E-04
1.2945E-03 8.0000E-04
1.3120E-03 8.0000E-04
5.0936E-04 8.0000E-04
4.1672E-04 8.0000E-04
7.5055E-04 8.0000E-04
4.1812E-04 8.0000E-04
3.1265E-04 8.0000E-04
8.1442E-04 8.0000E-04
9.9505E-04 8.0000E-04
8.1681E-05 8.0000E-04
1.5162E-04 8.0000E-04
5.3138E-04 8.0000E-04
6.3243E-04 8.0000E-04
7.6889E-04 8.0000E-04
6.0850E-04 8.0000E-04
2.9094E-04 8.0000E-04
3.7474E-04 8.0000E-04
4.2208E-04 8.0000E-04
4.4013E-04 8.0000E-04
2.9308E-04 8.0000E-04
3.9665E-04 8.0000E-04
5.2704E-04 8.0000E-04
3.9312E-04 8.0000E-04
1.8655E-04 8.0000E-04
3.7904E-04 8.0000E-04
3.5729E-04 8.0000E-04
5.5817E-04 8.0000E-04
5.8912E-04 8.0000E-04
3.4915E-04 8.0000E-04
1.6073E-04 8.0000E-04
4.6428E-04 8.0000E-04
5.6632E-04 8.0000E-04
2.6487E-04 8.0000E-04
7.1174E-04 8.0000E-04
4.6366E-04 8.0000E-04
3.5523E-04 8.0000E-04
7.9229E-04 8.0000E-04
4.8816E-04 8.0000E-04
1.2887E-04 8.0000E-04
8.5044E-04 8.0000E-04
5.5477E-04 8.0000E-04
3.6693E-04 8.0000E-04
1.0477E-03 8.0000E-04
4.6825E-04 8.0000E-04
7.0501E-04 8.0000E-04
1.4775E-03 8.0000E-04
5.2819E-04 8.0000E-04
1.7108E-04 8.0000E-04
9.0126E-04 8.0000E-04
1.0295E-03 8.0000E-04
9.0739E-04 8.0000E-04
9.7263E-04 8.0000E-04
6.7382E-04 8.0000E-04
1.7789E-03 8.0000E-04
9.9085E-04 8.0000E-04
3.9754E-04 8.0000E-04
1.3783E-03 8.0000E-04
1.9231E-03 8.0000E-04
2.6271E-03 8.0000E-04
7.2427E-04 8.0000E-04
2.1218E-03 8.0000E-04
5.1229E-04 8.0000E-04
1.7146E-03 8.0000E-04
2.6979E-03 8.0000E-04
2.6790E-03 8.0000E-04
2.8180E-04 8.0000E-04
4.3141E-03 8.0000E-04
2.3751E-03 8.0000E-04
2.5732E-03 8.0000E-04
3.2240E-03 8.0000E-04
3.5041E-03 8.0000E-04
1.4428E-03 8.0000E-04
2.5627E-03 8.0000E-04
9.1029E-04 8.0000E-04
6.1369E-04 8.0000E-04
2.2219E-03 8.0000E-04
2.2878E-03 8.0000E-04
3.1081E-03 8.0000E-04
3.5472E-04 8.0000E-04
1.5850E-03 8.0000E-04
9.4627E-04 8.0000E-04
2.7167E-03 8.0000E-04
2.2859E-03 8.0000E-04
8.5342E-04 8.0000E-04
1.1007E-03 8.0000E-04
3.0749E-03 8.0000E-04
1.6501E-03 8.0000E-04
3.2383E-04 8.0000E-04
2.2421E-03 8.0000E-04
8.1568E-04 8.0000E-04
1.5579E-03 8.0000E-04
3.2251E-03 8.0000E-04
6.4159E-04 8.0000E-04
7.9351E-04 8.0000E-04
1.9912E-03 8.0000E-04
2.1099E-03 8.0000E-04
4.0049E-04 8.0000E-04
2.2229E-03 8.0000E-04
7.4461E-04 8.0000E-04
1.3175E-03 8.0000E-04
2.5977E-03 8.0000E-04
6.3216E-04 8.0000E-04
3.9160E-04 8.0000E-04
2.4635E-03 8.0000E-04
8.4537E-04 8.0000E-04
7.0179E-04 8.0000E-04
1.7028E-03 8.0000E-04
1.3499E-03 8.0000E-04
1.1042E-03 8.0000E-04
2.1638E-03 8.0000E-04
7.3618E-04 8.0000E-04
5.2858E-04 8.0000E-04
9.5926E-04 8.0000E-04
2.4633E-03 8.0000E-04
4.6481E-04 8.0000E-04
5.8762E-04 8.0000E-04
8.7301E-04 8.0000E-04
1.3623E-03 8.0000E-04
1.4749E-03 8.0000E-04
3.2563E-04 8.0000E-04
9.9262E-04 8.0000E-04
1.0533E-03 8.0000E-04
9.9220E-04 8.0000E-04
6.6077E-04 8.0000E-04
1.6972E-03 8.0000E-04
4.5654E-04 8.0000E-04
1.3199E-03 8.0000E-04
1.1830E-03 8.0000E-04
2.9387E-04 8.0000E-04
1.3274E-03 8.0000E-04
9.0705E-04 8.0000E-04
1.5263E-03 8.0000E-04
1.4649E-03 8.0000E-04
1.3787E-03 8.0000E-04
6.3736E-04 8.0000E-04
1.4839E-03 8.0000E-04
1.1064E-03 8.0000E-04
1.3332E-03 8.0000E-04
2.6939E-03 8.0000E-04
3.0281E-03 8.0000E-04
9.4268E-04 8.0000E-04
4.2489E-03 8.0000E-04
1.0940E-03 8.0000E-04
2.8732E-03 8.0000E-04
6.9362E-03 8.0000E-04
2.2987E-03 8.0000E-04
1.9079E-03 8.0000E-04
1.8131E-03 8.0000E-04
3.8817E-03 8.0000E-04
1.5176E-03 8.0000E-04
2.0581E-03 8.0000E-04
2.3653E-03 8.0000E-04
2.0075E-03 8.0000E-04
1.4191E-03 8.0000E-04
2.4785E-03 8.0000E-04
9.5074E-04 8.0000E-04
1.2847E-03 8.0000E-04
2.1566E-03 8.0000E-04
1.6320E-03 8.0000E-04
1.4472E-03 8.0000E-04
1.2206E-03 8.0000E-04
1.0896E-03 8.0000E-04
1.3865E-03 8.0000E-04
1.0490E-03 8.0000E-04
5.5486E-04 8.0000E-04
1.3653E-03 8.0000E-04
1.2946E-03 8.0000E-04
9.3800E-04 8.0000E-04
1.2429E-03 8.0000E-04
1.1977E-03 8.0000E-04
1.0079E-03 8.0000E-04
1.2354E-03 8.0000E-04
9.3690E-04 8.0000E-04
6.6698E-04 8.0000E-04
1.2455E-03 8.0000E-04
1.3579E-03 8.0000E-04
4.2606E-04 8.0000E-04
1.0859E-03 8.0000E-04
8.5677E-04 8.0000E-04
1.7665E-03 8.0000E-04
8.9207E-04 8.0000E-04
5.5945E-04 8.0000E-04
9.0987E-04 8.0000E-04
1.3740E-03 8.0000E-04
4.7055E-04 8.0000E-04
8.1576E-04 8.0000E-04
7.6838E-04 8.0000E-04
2.0797E-03 8.0000E-04
5.6070E-04 8.0000E-04
2.3972E-04 8.0000E-04
7.6872E-04 8.0000E-04
1.5294E-03 8.0000E-04
5.0432E-04 8.0000E-04
5.0215E-04 8.0000E-04
8.3248E-04 8.0000E-04
1.0178E-03 8.0000E-04
2.3917E-03 8.0000E-04
7.4793E-04 8.0000E-04
1.8227E-04 8.0000E-04
4.4492E-04 8.0000E-04
1.3123E-03 8.0000E-04
6.1608E-04 8.0000E-04
6.1496E-04 8.0000E-04
7.9105E-04 8.0000E-04
9.8248E-04 8.0000E-04
1.9022E-03 8.0000E-04
5.2164E-04 8.0000E-04
1.5025E-04 8.0000E-04
3.6023E-04 8.0000E-04
1.1568E-03 8.0000E-04
1.4235E-03 8.0000E-04
5.9642E-04 8.0000E-04
7.5242E-04 8.0000E-04
6.0907E-04 8.0000E-04
9.2566E-04 8.0000E-04
1.0072E-03 8.0000E-04
5.4088E-04 8.0000E-04
4.0324E-04 8.0000E-04
9.0973E-04 8.0000E-04
1.1048E-03 8.0000E-04
3.2132E-04 8.0000E-04
7.0059E-04 8.0000E-04
6.1177E-04 8.0000E-04
6.1947E-04 8.0000E-04
1.0470E-03 8.0000E-04
4.7954E-04 8.0000E-04
1.7826E-04 8.0000E-04
9.0752E-04 8.0000E-04
7.1930E-04 8.0000E-04
3.1459E-04 8.0000E-04
8.1467E-04 8.0000E-04
5.8379E-04 8.0000E-04
1.3039E-03 8.0000E-04
5.0440E-04 8.0000E-04
1.2356E-04 8.0000E-04
3.9252E-04 8.0000E-04
7.2737E-04 8.0000E-04
8.2378E-04 8.0000E-04
8.0405E-04 8.0000E-04
6.6770E-04 8.0000E-04
5.3254E-04 8.0000E-04
7.5789E-04 8.0000E-04
5.0164E-04 8.0000E-04
2.6213E-04 8.0000E-04
5.0524E-04 8.0000E-04
8.3641E-04 8.0000E-04
6.8943E-04 8.0000E-04
7.1467E-04 8.0000E-04
6.0375E-04 8.0000E-04
7.7665E-04 8.0000E-04
5.1403E-04 8.0000E-04
3.2562E-04 8.0000E-04
5.9079E-04 8.0000E-04
6.7809E-04 8.0000E-04
8.4515E-04 8.0000E-04
4.4686E-04 8.0000E-04
7.4847E-04 8.0000E-04
4.2051E-04 8.0000E-04
5.2875E-04 8.0000E-04
4.4004E-04 8.0000E-04
5.7764E-04 8.0000E-04
7.0087E-04 8.0000E-04
5.8854E-04 8.0000E-04
2.9688E-04 8.0000E-04
5.2212E-04 8.0000E-04
5.4034E-04 8.0000E-04
3.9017E-04 8.0000E-04
5.0712E-04 8.0000E-04
5.5883E-04 8.0000E-04
5.5642E-04 8.0000E-04
5.3399E-04 8.0000E-04
7.1045E-04 8.0000E-04
2.3977E-04 8.0000E-04
4.7689E-04 8.0000E-04
5.8719E-04 8.0000E-04
1.0202E-03 8.0000E-04
3.2235E-04 8.0000E-04
3.3121E-04 8.0000E-04
4.7215E-04 8.0000E-04
1.1800E-03 8.0000E-04
1.3835E-04 8.0000E-04
1.1292E-04 8.0000E-04
4.7048E-04 8.0000E-04
7.6985E-04 8.0000E-04
6.8706E-04 8.0000E-04
3.9767E-04 8.0000E-04
4.8213E-04 8.0000E-04
6.6133E-04 8.0000E-04
3.3400E-04 8.0000E-04
3.5147E-04 8.0000E-04
3.5807E-04 8.0000E-04
7.5557E-04 8.0000E-04
4.3719E-04 8.0000E-04
3.5547E-04 8.0000E-04
4.9956E-04 8.0000E-04
7.2398E-04 8.0000E-04
3.6148E-04 8.0000E-04
3.1076E-04 8.0000E-04
4.2564E-04 8.0000E-04
9.2533E-04 8.0000E-04
3.2001E-04 8.0000E-04
1.5515E-04 8.0000E-04
3.6565E-04 8.0000E-04
7.7880E-04 8.0000E-04
3.8535E-04 8.0000E-04
3.5555E-04 8.0000E-04
5.1639E-04 8.0000E-04
8.3104E-04 8.0000E-04
1.4024E-03 8.0000E-04
1.6288E-04 8.0000E-04
2.8256E-04 8.0000E-04
4.7769E-04 8.0000E-04
9.8675E-04 8.0000E-04
1.7791E-03 8.0000E-04
1.2935E-03 8.0000E-04
2.0367E-04 8.0000E-04
5.5156E-04 8.0000E-04
8.9385E-04 8.0000E-04
1.0139E-03 8.0000E-04
2.9397E-03 8.0000E-04
1.2647E-03 8.0000E-04
5.8386E-04 8.0000E-04
7.6648E-04 8.0000E-04
1.8277E-03 8.0000E-04
1.2793E-03 8.0000E-04
2.9791E-03 8.0000E-04
1.3171E-03 8.0000E-04
3.9021E-03 8.0000E-04
1.3432E-03 8.0000E-04
2.4636E-03 8.0000E-04
1.3993E-03 8.0000E-04
1.8614E-03 8.0000E-04
1.9734E-03 8.0000E-04
1.4741E-03 8.0000E-04
1.4665E-03 8.0000E-04
1.7516E-03 8.0000E-04
1.1622E-03 8.0000E-04
9.0196E-04 8.0000E-04
1.0237E-03 8.0000E-04
8.6160E-04 8.0000E-04
1.8490E-03 8.0000E-04
2.3309E-03 8.0000E-04
3.8833E-03 8.0000E-04
3.5093E-04 8.0000E-04
8.1697E-04 8.0000E-04
1.9955E-03 8.0000E-04
3.3385E-03 8.0000E-04
5.3575E-04 8.0000E-04
1.2583E-03 8.0000E-04
1.1022E-03 8.0000E-04
2.5718E-03 8.0000E-04
2.0357E-03 8.0000E-04
8.9854E-04 8.0000E-04
1.9348E-03 8.0000E-04
3.7934E-03 8.0000E-04
2.1614E-03 8.0000E-04
1.2316E-03 8.0000E-04
8.1776E-04 8.0000E-04
4.1293E-03 8.0000E-04
7.5225E-04 8.0000E-04
1.8455E-03 8.0000E-04
2.3218E-03 8.0000E-04
3.1460E-03 8.0000E-04
1.0469E-03 8.0000E-04
2.3813E-03 8.0000E-04
8.0562E-04 8.0000E-04
1.1777E-03 8.0000E-04
1.4184E-03 8.0000E-04
3.3328E-03 8.0000E-04
6.9901E-04 8.0000E-04
1.8531E-03 8.0000E-04
9.8313E-04 8.0000E-04
2.4737E-03 8.0000E-04
1.4395E-03 8.0000E-04
1.6191E-03 8.0000E-04
6.3301E-04 8.0000E-04
1.8009E-03 8.0000E-04
1.8229E-03 8.0000E-04
1.8974E-03 8.0000E-04
1.4855E-03 8.0000E-04
1.9047E-03 8.0000E-04
1.1924E-03 8.0000E-04
2.1266E-03 8.0000E-04
7.8655E-04 8.0000E-04
1.1421E-03 8.0000E-04
1.4964E-03 8.0000E-04
2.4951E-03 8.0000E-04
1.3310E-03 8.0000E-04
2.0500E-03 8.0000E-04
9.1612E-04 8.0000E-04
1.4244E-03 8.0000E-04
1.0414E-03 8.0000E-04
1.6753E-03 8.0000E-04
7.1861E-04 8.0000E-04
2.1329E-03 8.0000E-04
7.5225E-04 8.0000E-04
8.4037E-04 8.0000E-04
2.0763E-03 8.0000E-04
2.1850E-03 8.0000E-04
6.5718E-04 8.0000E-04
8.3092E-04 8.0000E-04
9.0831E-04 8.0000E-04
2.2590E-03 8.0000E-04
2.1083E-03 8.0000E-04
7.4299E-04 8.0000E-04
1.0112E-03 8.0000E-04
1.4560E-03 8.0000E-04
1.1598E-03 8.0000E-04
1.3880E-03 8.0000E-04
1.4034E-03 8.0000E-04
1.3896E-03 8.0000E-04
1.4186E-03 8.0000E-04
1.5918E-03 8.0000E-04
5.8000E-04 8.0000E-04
1.1487E-03 8.0000E-04
1.3512E-03 8.0000E-04
2.4086E-03 8.0000E-04
5.2219E-04 8.0000E-04
8.8769E-04 8.0000E-04
8.0629E-04 8.0000E-04
3.0278E-03 8.0000E-04
1.0615E-03 8.0000E-04
1.0166E-03 8.0000E-04
9.0413E-04 8.0000E-04
2.3350E-03 8.0000E-04
1.1742E-03 8.0000E-04
7.9060E-04 8.0000E-04
1.0774E-03 8.0000E-04
1.1281E-03 8.0000E-04
9.1664E-04 8.0000E-04
9.5049E-04 8.0000E-04
7.4884E-04 8.0000E-04
1.1454E-03 8.0000E-04
9.2544E-04 8.0000E-04
4.9806E-04 8.0000E-04
5.3907E-04 8.0000E-04
9.2598E-04 8.0000E-04
6.9859E-04 8.0000E-04
1.2295E-03 8.0000E-04
9.1522E-04 8.0000E-04
9.1636E-04 8.0000E-04
3.7876E-04 8.0000E-04
9.1087E-04 8.0000E-04
7.2883E-04 8.0000E-04
7.3441E-04 8.0000E-04
1.1301E-03 8.0000E-04
6.9971E-04 8.0000E-04
6.6089E-04 8.0000E-04
9.0394E-04 8.0000E-04
6.1885E-04 8.0000E-04
6.3071E-04 8.0000E-04
1.2951E-03 8.0000E-04
8.6281E-04 8.0000E-04
2.4026E-04 8.0000E-04
1.3745E-03 8.0000E-04
8.3689E-04 8.0000E-04
9.5398E-04 8.0000E-04
6.0393E-04 8.0000E-04
1.0413E-03 8.0000E-04
5.3899E-04 8.0000E-04
1.1208E-03 8.0000E-04
7.8405E-04 8.0000E-04
2.8674E-04 8.0000E-04
1.1320E-03 8.0000E-04
1.7473E-03 8.0000E-04
1.5966E-04 8.0000E-04
5.5806E-04 8.0000E-04
4.3947E-04 8.0000E-04
1.5409E-03 8.0000E-04
5.3459E-04 8.0000E-04
3.8695E-04 8.0000E-04
1.0155E-03 8.0000E-04
5.5184E-04 8.0000E-04
6.5816E-04 8.0000E-04
1.1636E-03 8.0000E-04
2.4126E-04 8.0000E-04
7.9750E-04 8.0000E-04
9.8610E-04 8.0000E-04
1.2653E-04 8.0000E-04
7.9836E-04 8.0000E-04
3.0939E-04 8.0000E-04
1.0456E-03 8.0000E-04
8.1830E-04 8.0000E-04
5.8075E-04 8.0000E-04
2.7093E-04 8.0000E-04
7.4371E-04 8.0000E-04
4.8955E-04 8.0000E-04
2.0468E-04 8.0000E-04
9.2555E-04 8.0000E-04
5.3468E-04 8.0000E-04
1.6587E-04 8.0000E-04
7.8089E-04 8.0000E-04
4.0691E-04 8.0000E-04
5.3129E-04 8.0000E-04
1.0478E-03 8.0000E-04
3.5181E-04 8.0000E-04
1.8163E-04 8.0000E-04
6.5996E-04 8.0000E-04
3.3829E-04 8.0000E-04
2.3648E-04 8.0000E-04
8.7482E-04 8.0000E-04
4.2432E-04 8.0000E-04
1.3434E-04 8.0000E-04
8.5680E-04 8.0000E-04
2.4063E-04 8.0000E-04
2.7749E-04 8.0000E-04
7.5749E-04 8.0000E-04
5.1263E-04 8.0000E-04
2.3539E-04 8.0000E-04
5.9930E-04 8.0000E-04
2.3935E-04 8.0000E-04
4.3556E-04 8.0000E-04
1.0309E-03 8.0000E-04
3.4488E-04 8.0000E-04
1.2925E-04 8.0000E-04
3.1950E-04 8.0000E-04
5.6364E-04 8.0000E-04
2.5815E-04 8.0000E-04
6.5070E-04 8.0000E-04
3.7384E-04 8.0000E-04
1.2224E-03 8.0000E-04
6.2114E-04 8.0000E-04
1.7873E-04 8.0000E-04
4.9805E-04 8.0000E-04
4.7785E-04 8.0000E-04
1.2386E-03 8.0000E-04
1.3503E-03 8.0000E-04
6.5268E-04 8.0000E-04
2.5654E-04 8.0000E-04
2.1916E-03 8.0000E-04
9.8817E-04 8.0000E-04
3.2671E-04 8.0000E-04
1.1519E-03 8.0000E-04
1.8415E-03 8.0000E-04
3.1681E-03 8.0000E-04
5.0709E-04 8.0000E-04
1.1385E-03 8.0000E-04
1.4329E-03 8.0000E-04
3.7486E-03 8.0000E-04
4.7733E-04 8.0000E-04
2.7986E-03 8.0000E-04
8.8941E-04 8.0000E-04
2.1345E-03 8.0000E-04
4.0890E-03 8.0000E-04
8.0041E-04 8.0000E-04
2.0541E-03 8.0000E-04
5.9069E-03 8.0000E-04
2.5924E-03 8.0000E-04
4.8667E-04 8.0000E-04
5.0567E-03 8.0000E-04
1.8643E-03 8.0000E-04
1.1428E-03 8.0000E-04
6.4654E-03 8.0000E-04
1.9357E-03 8.0000E-04
8.2748E-04 8.0000E-04
4.6363E-03 8.0000E-04
2.3708E-03 8.0000E-04
1.8833E-03 8.0000E-04
5.6121E-03 8.0000E-04
1.9401E-03 8.0000E-04
7.1763E-04 8.0000E-04
3.1121E-03 8.0000E-04
2.7604E-03 8.0000E-04
7.5561E-04 8.0000E-04
9.8597E-04 8.0000E-04
1.2835E-03 8.0000E-04
1.5755E-03 8.0000E-04
2.1299E-03 8.0000E-04
6.3700E-04 8.0000E-04
7.3379E-04 8.0000E-04
8.4111E-04 8.0000E-04
2.6610E-03 8.0000E-04
7.8132E-04 8.0000E-04
7.8524E-04 8.0000E-04
1.0158E-03 8.0000E-04
1.8726E-03 8.0000E-04
5.4162E-04 8.0000E-04
1.0076E-03 8.0000E-04
7.3715E-04 8.0000E-04
2.1294E-03 8.0000E-04
1.3780E-03 8.0000E-04
1.0108E-03 8.0000E-04
1.1834E-03 8.0000E-04
1.5750E-03 8.0000E-04
1.5275E-03 8.0000E-04
1.2461E-03 8.0000E-04
1.8443E-03 8.0000E-04
2.0921E-03 8.0000E-04
3.4703E-03 8.0000E-04
2.1166E-03 8.0000E-04
4.9471E-03 8.0000E-04
1.2657E-03 8.0000E-04
1.5900E-03 8.0000E-04
5.1906E-03 8.0000E-04
4.9113E-03 8.0000E-04
1.0415E-03 8.0000E-04
3.5012E-03 8.0000E-04
1.3669E-03 8.0000E-04
1.4313E-03 8.0000E-04
2.4263E-03 8.0000E-04
1.3838E-03 8.0000E-04
1.0032E-03 8.0000E-04
1.2032E-03 8.0000E-04
1.0191E-03 8.0000E-04
1.0333E-03 8.0000E-04
1.4312E-03 8.0000E-04
7.2729E-04 8.0000E-04
6.0700E-04 8.0000E-04
1.2686E-03 8.0000E-04
1.0885E-03 8.0000E-04
4.3874E-04 8.0000E-04
1.0810E-03 8.0000E-04
1.0474E-03 8.0000E-04
1.4890E-03 8.0000E-04
1.5454E-03 8.0000E-04
9.0661E-04 8.0000E-04
4.1738E-04 8.0000E-04
9.7464E-04 8.0000E-04
1.3364E-03 8.0000E-04
3.8703E-04 8.0000E-04
8.1369E-04 8.0000E-04
6.9523E-04 8.0000E-04
1.9291E-03 8.0000E-04
3.6273E-04 8.0000E-04
2.6092E-04 8.0000E-04
6.5229E-04 8.0000E-04
1.2571E-03 8.0000E-04
5.9117E-04 8.0000E-04
3.9895E-04 8.0000E-04
5.8688E-04 8.0000E-04
1.0287E-03 8.0000E-04
6.5654E-04 8.0000E-04
4.5835E-04 8.0000E-04
6.2166E-04 8.0000E-04
1.1549E-03 8.0000E-04
8.4151E-04 8.0000E-04
8.6550E-04 8.0000E-04
1.0526E-03 8.0000E-04
1.5627E-03 8.0000E-04
7.6461E-04 8.0000E-04
9.4437E-04 8.0000E-04
8.2195E-04 8.0000E-04
1.7326E-03 8.0000E-04
9.6223E-04 8.0000E-04
5.0525E-04 8.0000E-04
8.6298E-04 8.0000E-04
1.3092E-03 8.0000E-04
8.3700E-04 8.0000E-04
6.1287E-04 8.0000E-04
9.9562E-04 8.0000E-04
1.1752E-03 8.0000E-04
9.9015E-04 8.0000E-04
6.1397E-04 8.0000E-04
6.9127E-04 8.0000E-04
1.1092E-03 8.0000E-04
9.8403E-04 8.0000E-04
8.0516E-04 8.0000E-04
8.1849E-04 8.0000E-04
1.2029E-03 8.0000E-04
7.1287E-04 8.0000E-04
1.0768E-03 8.0000E-04
7.5065E-04 8.0000E-04
4.2808E-04 8.0000E-04
1.5751E-03 8.0000E-04
8.0530E-04 8.0000E-04
1.1324E-04 8.0000E-04
7.8998E-04 8.0000E-04
8.2895E-04 8.0000E-04
1.0323E-03 8.0000E-04
1.2904E-03 8.0000E-04
7.5497E-04 8.0000E-04
1.8576E-04 8.0000E-04
4.7570E-04 8.0000E-04
1.0454E-03 8.0000E-04
1.2603E-04 8.0000E-04
4.8020E-04 8.0000E-04
4.8342E-04 8.0000E-04
1.2462E-03 8.0000E-04
5.8695E-04 8.0000E-04
3.1134E-04 8.0000E-04
3.0254E-04 8.0000E-04
7.1162E-04 8.0000E-04
4.0258E-04 8.0000E-04
7.2122E-04 8.0000E-04
4.8222E-04 8.0000E-04
2.6705E-04 8.0000E-04
5.8114E-04 8.0000E-04
4.5454E-04 8.0000E-04
1.6125E-04 8.0000E-04
4.9768E-04 8.0000E-04
3.3261E-04 8.0000E-04
1.0100E-03 8.0000E-04
1.5148E-04 8.0000E-04
7.3011E-05 8.0000E-04
2.3254E-04 8.0000E-04
6.1144E-04 8.0000E-04
2.1220E-04 8.0000E-04
3.1540E-04 8.0000E-04
3.3801E-04 8.0000E-04
5.4264E-04 8.0000E-04
5.1154E-04 8.0000E-04
1.5339E-04 8.0000E-04
1.2515E-04 8.0000E-04
2.3289E-04 8.0000E-04
5.9241E-04 8.0000E-04
1.9205E-04 8.0000E-04
1.8118E-04 8.0000E-04
2.9574E-04 8.0000E-04
4.2331E-04 8.0000E-04
8.6123E-04 8.0000E-04
1.3886E-04 8.0000E-04
6.8651E-05 8.0000E-04
1.9277E-04 8.0000E-04
4.2212E-04 8.0000E-04
9.3393E-04 8.0000E-04
7.8806E-05 8.0000E-04
1.3859E-04 8.0000E-04
2.4036E-04 8.0000E-04
5.3966E-04 8.0000E-04
5.6274E-04 8.0000E-04
1.6614E-04 8.0000E-04
3.4842E-04 8.0000E-04
3.2929E-04 8.0000E-04
1.8931E-04 8.0000E-04
5.4041E-04 8.0000E-04
2.2668E-04 8.0000E-04
2.3339E-04 8.0000E-04
8.8454E-04 8.0000E-04
1.5685E-04 8.0000E-04
7.3844E-05 8.0000E-04
3.5504E-04 8.0000E-04
7.7396E-04 8.0000E-04
6.3469E-05 8.0000E-04
1.9421E-04 8.0000E-04
4.2532E-04 8.0000E-04
4.5025E-04 8.0000E-04
5.4226E-04 8.0000E-04
2.9037E-04 8.0000E-04
1.6517E-04 8.0000E-04
2.8412E-04 8.0000E-04
4.9523E-04 8.0000E-04
1.9274E-04 8.0000E-04
3.4630E-04 8.0000E-04
2.8914E-04 8.0000E-04
7.7709E-04 8.0000E-04
7.2650E-05 8.0000E-04
4.8284E-05 8.0000E-04
1.8692E-04 8.0000E-04
3.9125E-04 8.0000E-04
9.5027E-04 8.0000E-04
5.3983E-05 8.0000E-04
6.0217E-05 8.0000E-04
2.1519E-04 8.0000E-04
4.4788E-04 8.0000E-04
3.6743E-04 8.0000E-04
2.2817E-04 8.0000E-04
2.9293E-04 8.0000E-04
4.2720E-04 8.0000E-04
2.0300E-04 8.0000E-04
2.0371E-04 8.0000E-04
1.9987E-04 8.0000E-04
4.5445E-04 8.0000E-04
2.4906E-04 8.0000E-04
1.7016E-04 8.0000E-04
2.4558E-04 8.0000E-04
4.2877E-04 8.0000E-04
2.2710E-04 8.0000E-04
3.2767E-04 8.0000E-04
2.8564E-04 8.0000E-04
4.0352E-04 8.0000E-04
3.4272E-04 8.0000E-04
3.9337E-04 8.0000E-04
8.5532E-05 8.0000E-04
9.9555E-05 8.0000E-04
2.9688E-04 8.0000E-04
4.8300E-04 8.0000E-04
1.0718E-04 8.0000E-04
2.1231E-04 8.0000E-04
2.1185E-04 8.0000E-04
5.1068E-04 8.0000E-04
7.5405E-05 8.0000E-04
5.1372E-05 8.0000E-04
1.7022E-04 8.0000E-04
3.0890E-04 8.0000E-04
6.3995E-04 8.0000E-04
2.9053E-05 8.0000E-04
4.3100E-05 8.0000E-04
1.5097E-04 8.0000E-04
3.9204E-04 8.0000E-04
2.2640E-04 8.0000E-04
1.9262E-04 8.0000E-04
2.4952E-04 8.0000E-04
3.6690E-04 8.0000E-04
4.1181E-04 8.0000E-04
1.0423E-04 8.0000E-04
1.5155E-04 8.0000E-04
1.6416E-04 8.0000E-04
2.5152E-04 8.0000E-04
5.6385E-04 8.0000E-04
1.9438E-04 8.0000E-04
3.2062E-05 8.0000E-04
2.8461E-04 8.0000E-04
1.9255E-03 8.0000E-04
1.0755E-03 8.0000E-04
2.7069E-03 8.0000E-04
1.3394E-03 8.0000E-04
3.8319E-04 8.0000E-04
7.2525E-04 8.0000E-04
9.1424E-04 8.0000E-04
1.2358E-03 8.0000E-04
2.5524E-04 8.0000E-04
1.8458E-04 8.0000E-04
6.7648E-04 8.0000E-04
9.1940E-04 8.0000E-04
1.2943E-03 8.0000E-04
1.7666E-04 8.0000E-04
2.6345E-04 8.0000E-04
4.5044E-04 8.0000E-04
5.6094E-04 8.0000E-04
6.2276E-04 8.0000E-04
3.8636E-04 8.0000E-04
4.7983E-04 8.0000E-04
5.8281E-04 8.0000E-04
5.7769E-04 8.0000E-04
4.9171E-04 8.0000E-04
2.2116E-04 8.0000E-04
2.0094E-04 8.0000E-04
7.1107E-04 8.0000E-04
3.8228E-04 8.0000E-04
2.1099E-04 8.0000E-04
5.0556E-04 8.0000E-04
7.5014E-04 8.0000E-04
8.9569E-05 8.0000E-04
1.3412E-04 8.0000E-04
2.6548E-04 8.0000E-04
4.9430E-04 8.0000E-04
8.3512E-04 8.0000E-04
1.6127E-04 8.0000E-04
2.2310E-04 8.0000E-04
3.3926E-04 8.0000E-04
6.4962E-04 8.0000E-04
2.6270E-04 8.0000E-04
2.9635E-04 8.0000E-04
3.8066E-04 8.0000E-04
7.3530E-04 8.0000E-04
1.6465E-04 8.0000E-04
1.3629E-04 8.0000E-04
2.6443E-04 8.0000E-04
5.4964E-04 8.0000E-04
1.7389E-04 8.0000E-04
1.9818E-04 8.0000E-04
2.2803E-04 8.0000E-04
6.0186E-04 8.0000E-04
9.8744E-05 8.0000E-04
7.3284E-05 8.0000E-04
1.8322E-04 8.0000E-04
4.2298E-04 8.0000E-04
2.7028E-04 8.0000E-04
1.9651E-04 8.0000E-04
2.7463E-04 8.0000E-04
3.0231E-04 8.0000E-04
2.5903E-04 8.0000E-04
3.0986E-04 8.0000E-04
1.7428E-04 8.0000E-04
1.7374E-04 8.0000E-04
6.1672E-04 8.0000E-04
1.6772E-04 8.0000E-04
8.0843E-05 8.0000E-04
2.4314E-04 8.0000E-04
5.2011E-04 8.0000E-04
5.6503E-05 8.0000E-04
1.2641E-04 8.0000E-04
1.4660E-04 8.0000E-04
2.7278E-04 8.0000E-04
6.0213E-04 8.0000E-04
1.3028E-04 8.0000E-04
7.0963E-05 8.0000E-04
1.9928E-04 8.0000E-04
3.2799E-04 8.0000E-04
1.8258E-04 8.0000E-04
2.6362E-04 8.0000E-04
2.0942E-04 8.0000E-04
2.0313E-04 8.0000E-04
2.4546E-04 8.0000E-04
2.4939E-04 8.0000E-04
1.4488E-04 8.0000E-04
9.7361E-05 8.0000E-04
2.0814E-04 8.0000E-04
3.4691E-04 8.0000E-04
5.6978E-05 8.0000E-04
6.8829E-05 8.0000E-04
1.3893E-04 8.0000E-04
3.0527E-04 8.0000E-04
2.6667E-04 8.0000E-04
3.0113E-05 8.0000E-04
7.1443E-05 8.0000E-04
1.2587E-04 8.0000E-04
