Energy     Target
1.2562E-04 6.6667E-07
1.0364E-04 6.6667E-07
8.6654E-05 6.6667E-07
7.9604E-05 6.6667E-07
6.9710E-05 6.6667E-07
6.4256E-05 6.6667E-07
5.9587E-05 6.6667E-07
5.6045E-05 6.6667E-07
5.3328E-05 6.6667E-07
5.1000E-05 6.6667E-07
4.8285E-05 6.6667E-07
4.6600E-05 6.6667E-07
4.4326E-05 6.6667E-07
4.2680E-05 6.6667E-07
4.0908E-05 6.6667E-07
3.9409E-05 6.6667E-07
3.7771E-05 6.6667E-07
3.6688E-05 6.6667E-07
3.4991E-05 6.6667E-07
3.4016E-05 6.6667E-07
3.2593E-05 6.6667E-07
3.1713E-05 6.6667E-07
3.0355E-05 6.6667E-07
2.9514E-05 6.6667E-07
2.8233E-05 6.6667E-07
2.7607E-05 6.6667E-07
2.6455E-05 6.6667E-07
2.4851E-05 6.6667E-07
2.3612E-05 6.6667E-07
2.4549E-05 6.6667E-07
2.3082E-05 6.6667E-07
2.2746E-05 6.6667E-07
2.1750E-05 6.6667E-07
2.1371E-05 6.6667E-07
2.0431E-05 6.6667E-07
2.0018E-05 6.6667E-07
1.9344E-05 6.6667E-07
1.8892E-05 6.6667E-07
1.8064E-05 6.6667E-07
1.7806E-05 6.6667E-07
1.7104E-05 6.6667E-07
1.6766E-05 6.6667E-07
1.6099E-05 6.6667E-07
1.5885E-05 6.6667E-07
1.5118E-05 6.6667E-07
1.5094E-05 6.6667E-07
1.4366E-05 6.6667E-07
1.4157E-05 6.6667E-07
1.3814E-05 6.6667E-07
1.3375E-05 6.6667E-07
1.3022E-05 6.6667E-07
1.2700E-05 6.6667E-07
1.2381E-05 6.6667E-07
1.2162E-05 6.6667E-07
1.1697E-05 6.6667E-07
1.1677E-05 6.6667E-07
1.1279E-05 6.6667E-07
1.1025E-05 6.6667E-07
1.0802E-05 6.6667E-07
1.0461E-05 6.6667E-07
1.0244E-05 6.6667E-07
1.0093E-05 6.6667E-07
9.7209E-06 6.6667E-07
9.6268E-06 6.6667E-07
9.6042E-06 6.6667E-07
9.0125E-06 6.6667E-07
9.3943E-06 6.6667E-07
8.5104E-06 6.6667E-07
9.1553E-06 6.6667E-07
8.2582E-06 6.6667E-07
8.5873E-06 6.6667E-07
8.1298E-06 6.6667E-07
8.0674E-06 6.6667E-07
7.8553E-06 6.6667E-07
7.6883E-06 6.6667E-07
7.5684E-06 6.6667E-07
7.5461E-06 6.6667E-07
7.1400E-06 6.6667E-07
7.4484E-06 6.6667E-07
6.9014E-06 6.6667E-07
7.0936E-06 6.6667E-07
6.7121E-06 6.6667E-07
6.8308E-06 6.6667E-07
6.4617E-06 6.6667E-07
6.6746E-06 6.6667E-07
6.1694E-06 6.6667E-07
6.5483E-06 6.6667E-07
5.9704E-06 6.6667E-07
6.2826E-06 6.6667E-07
5.8806E-06 6.6667E-07
5.9617E-06 6.6667E-07
5.7031E-06 6.6667E-07
5.8334E-06 6.6667E-07
5.4961E-06 6.6667E-07
5.6643E-06 6.6667E-07
5.3112E-06 6.6667E-07
5.5096E-06 6.6667E-07
5.1815E-06 6.6667E-07
5.3100E-06 6.6667E-07
5.0936E-06 6.6667E-07
5.0529E-06 6.6667E-07
4.9478E-06 6.6667E-07
4.9391E-06 6.6667E-07
9.3149E-06 6.6667E-07
5.0289E-06 6.6667E-07
4.6683E-06 6.6667E-07
4.8455E-06 6.6667E-07
4.6471E-06 6.6667E-07
4.5202E-06 6.6667E-07
4.6756E-06 6.6667E-07
4.3294E-06 6.6667E-07
4.4805E-06 6.6667E-07
4.2372E-06 6.6667E-07
4.3059E-06 6.6667E-07
4.1653E-06 6.6667E-07
4.1371E-06 6.6667E-07
4.0702E-06 6.6667E-07
4.0402E-06 6.6667E-07
3.9210E-06 6.6667E-07
3.9432E-06 6.6667E-07
3.7826E-06 6.6667E-07
3.9013E-06 6.6667E-07
3.6603E-06 6.6667E-07
3.7731E-06 6.6667E-07
3.5948E-06 6.6667E-07
3.6194E-06 6.6667E-07
3.5061E-06 6.6667E-07
3.5576E-06 6.6667E-07
3.4238E-06 6.6667E-07
3.4860E-06 6.6667E-07
3.3385E-06 6.6667E-07
3.3836E-06 6.6667E-07
3.2741E-06 6.6667E-07
3.2695E-06 6.6667E-07
3.1712E-06 6.6667E-07
3.2869E-06 6.6667E-07
3.0893E-06 6.6667E-07
3.1876E-06 6.6667E-07
3.0426E-06 6.6667E-07
3.0896E-06 6.6667E-07
2.9777E-06 6.6667E-07
3.0289E-06 6.6667E-07
2.8825E-06 6.6667E-07
2.9797E-06 6.6667E-07
2.8245E-06 6.6667E-07
2.8844E-06 6.6667E-07
2.7590E-06 6.6667E-07
2.8357E-06 6.6667E-07
2.6996E-06 6.6667E-07
2.7865E-06 6.6667E-07
2.6413E-06 6.6667E-07
2.7329E-06 6.6667E-07
2.5888E-06 6.6667E-07
2.6393E-06 6.6667E-07
2.5480E-06 6.6667E-07
2.5806E-06 6.6667E-07
2.5004E-06 6.6667E-07
2.5722E-06 6.6667E-07
2.4393E-06 6.6667E-07
2.5370E-06 6.6667E-07
2.3847E-06 6.6667E-07
2.4820E-06 6.6667E-07
2.3487E-06 6.6667E-07
2.4189E-06 6.6667E-07
2.3084E-06 6.6667E-07
2.3530E-06 6.6667E-07
2.2690E-06 6.6667E-07
2.3120E-06 6.6667E-07
2.2452E-06 6.6667E-07
2.2627E-06 6.6667E-07
2.2000E-06 6.6667E-07
2.2129E-06 6.6667E-07
2.1385E-06 6.6667E-07
2.1983E-06 6.6667E-07
2.1017E-06 6.6667E-07
2.1674E-06 6.6667E-07
2.0929E-06 6.6667E-07
2.1300E-06 6.6667E-07
2.0812E-06 6.6667E-07
2.0960E-06 6.6667E-07
2.0148E-06 6.6667E-07
2.0431E-06 6.6667E-07
1.9855E-06 6.6667E-07
2.0176E-06 6.6667E-07
1.9987E-06 6.6667E-07
1.9982E-06 6.6667E-07
1.9985E-06 6.6667E-07
1.9842E-06 6.6667E-07
1.9834E-06 6.6667E-07
1.9583E-06 6.6667E-07
1.9359E-06 6.6667E-07
1.9168E-06 6.6667E-07
1.9023E-06 6.6667E-07
1.8748E-06 6.6667E-07
1.8625E-06 6.6667E-07
1.8435E-06 6.6667E-07
1.8265E-06 6.6667E-07
1.8064E-06 6.6667E-07
1.7979E-06 6.6667E-07
1.7703E-06 6.6667E-07
1.7550E-06 6.6667E-07
1.7455E-06 6.6667E-07
1.7530E-06 6.6667E-07
1.7261E-06 6.6667E-07
1.7456E-06 6.6667E-07
1.7021E-06 6.6667E-07
1.7166E-06 6.6667E-07
1.6825E-06 6.6667E-07
1.7021E-06 6.6667E-07
1.6739E-06 6.6667E-07
1.6651E-06 6.6667E-07
1.6578E-06 6.6667E-07
1.6686E-06 6.6667E-07
1.6348E-06 6.6667E-07
1.6677E-06 6.6667E-07
1.6063E-06 6.6667E-07
1.6410E-06 6.6667E-07
1.5976E-06 6.6667E-07
1.6123E-06 6.6667E-07
1.5953E-06 6.6667E-07
1.6030E-06 6.6667E-07
1.5789E-06 6.6667E-07
1.5924E-06 6.6667E-07
1.5744E-06 6.6667E-07
1.5753E-06 6.6667E-07
1.5734E-06 6.6667E-07
1.5774E-06 6.6667E-07
1.5571E-06 6.6667E-07
1.5539E-06 6.6667E-07
1.5406E-06 6.6667E-07
1.5423E-06 6.6667E-07
1.5314E-06 6.6667E-07
1.5117E-06 6.6667E-07
1.5209E-06 6.6667E-07
1.5421E-06 6.6667E-07
1.4962E-06 6.6667E-07
1.5126E-06 6.6667E-07
1.4838E-06 6.6667E-07
1.5124E-06 6.6667E-07
1.4910E-06 6.6667E-07
1.5105E-06 6.6667E-07
1.4891E-06 6.6667E-07
1.5030E-06 6.6667E-07
1.4711E-06 6.6667E-07
1.5077E-06 6.6667E-07
1.4527E-06 6.6667E-07
1.4764E-06 6.6667E-07
1.4467E-06 6.6667E-07
1.4535E-06 6.6667E-07
1.4263E-06 6.6667E-07
1.4243E-06 6.6667E-07
1.4082E-06 6.6667E-07
1.4235E-06 6.6667E-07
1.3981E-06 6.6667E-07
1.4124E-06 6.6667E-07
1.3979E-06 6.6667E-07
1.3937E-06 6.6667E-07
1.3906E-06 6.6667E-07
1.3777E-06 6.6667E-07
1.3709E-06 6.6667E-07
1.3813E-06 6.6667E-07
1.3645E-06 6.6667E-07
1.3790E-06 6.6667E-07
1.3666E-06 6.6667E-07
1.3662E-06 6.6667E-07
1.3541E-06 6.6667E-07
1.3591E-06 6.6667E-07
1.3419E-06 6.6667E-07
1.3480E-06 6.6667E-07
1.3354E-06 6.6667E-07
1.3542E-06 6.6667E-07
1.3292E-06 6.6667E-07
1.3323E-06 6.6667E-07
1.3188E-06 6.6667E-07
1.3288E-06 6.6667E-07
1.3165E-06 6.6667E-07
1.3150E-06 6.6667E-07
1.3140E-06 6.6667E-07
1.3163E-06 6.6667E-07
1.3001E-06 6.6667E-07
1.3183E-06 6.6667E-07
1.2983E-06 6.6667E-07
1.3089E-06 6.6667E-07
1.3018E-06 6.6667E-07
1.2991E-06 6.6667E-07
1.3008E-06 6.6667E-07
1.2761E-06 6.6667E-07
1.2888E-06 6.6667E-07
1.2993E-06 6.6667E-07
1.2805E-06 6.6667E-07
1.3007E-06 6.6667E-07
1.2781E-06 6.6667E-07
1.2995E-06 6.6667E-07
1.2704E-06 6.6667E-07
1.2886E-06 6.6667E-07
1.2665E-06 6.6667E-07
1.2781E-06 6.6667E-07
1.2572E-06 6.6667E-07
1.2819E-06 6.6667E-07
1.2564E-06 6.6667E-07
1.2764E-06 6.6667E-07
1.2570E-06 6.6667E-07
1.2704E-06 6.6667E-07
1.2494E-06 6.6667E-07
1.2558E-06 6.6667E-07
1.2424E-06 6.6667E-07
1.2658E-06 6.6667E-07
1.2447E-06 6.6667E-07
1.2447E-06 6.6667E-07
1.2417E-06 6.6667E-07
1.2449E-06 6.6667E-07
1.2393E-06 6.6667E-07
1.2504E-06 6.6667E-07
1.2383E-06 6.6667E-07
1.2525E-06 6.6667E-07
1.2369E-06 6.6667E-07
1.2384E-06 6.6667E-07
1.2372E-06 6.6667E-07
1.2362E-06 6.6667E-07
1.2340E-06 6.6667E-07
1.2534E-06 6.6667E-07
1.2289E-06 6.6667E-07
1.2453E-06 6.6667E-07
1.2275E-06 6.6667E-07
1.2262E-06 6.6667E-07
1.2269E-06 6.6667E-07
1.2390E-06 6.6667E-07
1.2289E-06 6.6667E-07
1.2350E-06 6.6667E-07
1.2267E-06 6.6667E-07
1.2357E-06 6.6667E-07
1.2267E-06 6.6667E-07
1.2161E-06 6.6667E-07
1.2205E-06 6.6667E-07
1.2354E-06 6.6667E-07
1.2209E-06 6.6667E-07
1.2297E-06 6.6667E-07
1.2297E-06 6.6667E-07
4.7188E-05 6.6667E-07
8.8248E-07 6.6667E-07
1.4949E-06 6.6667E-07
1.7508E-07 6.6667E-07
1.7508E-07 6.6667E-07
