RMS Grad   Target
3.8966E-04 2.0000E-04
3.2393E-04 2.0000E-04
2.7954E-04 2.0000E-04
2.4872E-04 2.0000E-04
2.2660E-04 2.0000E-04
2.0961E-04 2.0000E-04
1.9618E-04 2.0000E-04
1.8544E-04 2.0000E-04
1.7622E-04 2.0000E-04
1.6798E-04 2.0000E-04
1.6059E-04 2.0000E-04
1.5407E-04 2.0000E-04
1.4777E-04 2.0000E-04
1.4230E-04 2.0000E-04
1.3692E-04 2.0000E-04
1.3201E-04 2.0000E-04
1.2735E-04 2.0000E-04
1.2297E-04 2.0000E-04
1.1854E-04 2.0000E-04
1.1471E-04 2.0000E-04
1.1065E-04 2.0000E-04
1.0707E-04 2.0000E-04
1.0332E-04 2.0000E-04
9.9991E-05 2.0000E-04
9.6569E-05 2.0000E-04
9.3537E-05 2.0000E-04
9.0261E-05 2.0000E-04
8.7306E-05 2.0000E-04
8.4296E-05 2.0000E-04
8.1727E-05 2.0000E-04
7.8909E-05 2.0000E-04
7.6609E-05 2.0000E-04
7.3974E-05 2.0000E-04
7.1794E-05 2.0000E-04
6.9311E-05 2.0000E-04
6.7421E-05 2.0000E-04
6.5062E-05 2.0000E-04
6.3253E-05 2.0000E-04
6.1067E-05 2.0000E-04
5.9586E-05 2.0000E-04
5.7503E-05 2.0000E-04
5.6469E-05 2.0000E-04
5.4497E-05 2.0000E-04
5.3775E-05 2.0000E-04
5.1942E-05 2.0000E-04
5.1285E-05 2.0000E-04
4.9552E-05 2.0000E-04
4.9093E-05 2.0000E-04
4.7552E-05 2.0000E-04
4.7426E-05 2.0000E-04
4.5975E-05 2.0000E-04
4.6252E-05 2.0000E-04
4.4888E-05 2.0000E-04
4.5095E-05 2.0000E-04
4.3874E-05 2.0000E-04
4.4246E-05 2.0000E-04
4.3080E-05 2.0000E-04
4.2955E-05 2.0000E-04
4.1844E-05 2.0000E-04
4.2172E-05 2.0000E-04
4.1156E-05 2.0000E-04
4.1484E-05 2.0000E-04
4.0567E-05 2.0000E-04
4.1120E-05 2.0000E-04
4.0225E-05 2.0000E-04
4.0094E-05 2.0000E-04
3.9212E-05 2.0000E-04
3.9054E-05 2.0000E-04
3.8037E-05 2.0000E-04
3.7986E-05 2.0000E-04
3.7248E-05 2.0000E-04
3.7097E-05 2.0000E-04
3.6310E-05 2.0000E-04
3.6630E-05 2.0000E-04
3.5986E-05 2.0000E-04
3.6445E-05 2.0000E-04
3.5741E-05 2.0000E-04
3.5919E-05 2.0000E-04
3.5025E-05 2.0000E-04
3.5058E-05 2.0000E-04
3.4469E-05 2.0000E-04
3.5039E-05 2.0000E-04
3.4319E-05 2.0000E-04
3.4392E-05 2.0000E-04
3.3737E-05 2.0000E-04
3.3864E-05 2.0000E-04
3.3043E-05 2.0000E-04
3.2954E-05 2.0000E-04
3.2377E-05 2.0000E-04
3.2718E-05 2.0000E-04
3.2119E-05 2.0000E-04
3.2968E-05 2.0000E-04
3.2248E-05 2.0000E-04
3.2740E-05 2.0000E-04
3.2057E-05 2.0000E-04
3.2879E-05 2.0000E-04
3.2095E-05 2.0000E-04
3.2347E-05 2.0000E-04
3.1791E-05 2.0000E-04
3.2017E-05 2.0000E-04
3.1433E-05 2.0000E-04
3.2528E-05 2.0000E-04
3.1939E-05 2.0000E-04
3.2995E-05 2.0000E-04
3.2335E-05 2.0000E-04
3.2342E-05 2.0000E-04
3.2021E-05 2.0000E-04
3.1511E-05 2.0000E-04
3.1065E-05 2.0000E-04
3.0339E-05 2.0000E-04
3.0068E-05 2.0000E-04
2.9323E-05 2.0000E-04
2.9695E-05 2.0000E-04
2.8967E-05 2.0000E-04
2.9461E-05 2.0000E-04
2.8787E-05 2.0000E-04
2.9448E-05 2.0000E-04
2.8888E-05 2.0000E-04
2.9215E-05 2.0000E-04
2.8685E-05 2.0000E-04
2.9116E-05 2.0000E-04
2.8530E-05 2.0000E-04
2.8653E-05 2.0000E-04
2.8193E-05 2.0000E-04
2.8567E-05 2.0000E-04
2.8065E-05 2.0000E-04
2.9081E-05 2.0000E-04
2.8491E-05 2.0000E-04
2.9305E-05 2.0000E-04
2.8732E-05 2.0000E-04
2.9382E-05 2.0000E-04
2.8855E-05 2.0000E-04
2.9374E-05 2.0000E-04
2.8918E-05 2.0000E-04
2.9812E-05 2.0000E-04
2.9134E-05 2.0000E-04
2.9373E-05 2.0000E-04
2.8951E-05 2.0000E-04
2.9294E-05 2.0000E-04
2.8809E-05 2.0000E-04
2.9201E-05 2.0000E-04
2.8658E-05 2.0000E-04
2.9059E-05 2.0000E-04
2.8582E-05 2.0000E-04
2.8751E-05 2.0000E-04
2.8248E-05 2.0000E-04
2.9011E-05 2.0000E-04
2.8471E-05 2.0000E-04
2.8900E-05 2.0000E-04
2.8382E-05 2.0000E-04
2.8633E-05 2.0000E-04
2.8214E-05 2.0000E-04
2.8580E-05 2.0000E-04
2.8056E-05 2.0000E-04
2.8817E-05 2.0000E-04
2.8320E-05 2.0000E-04
2.8618E-05 2.0000E-04
2.8234E-05 2.0000E-04
2.8421E-05 2.0000E-04
2.7856E-05 2.0000E-04
2.8079E-05 2.0000E-04
2.7544E-05 2.0000E-04
2.7714E-05 2.0000E-04
2.7243E-05 2.0000E-04
2.7456E-05 2.0000E-04
2.7026E-05 2.0000E-04
2.7275E-05 2.0000E-04
2.6908E-05 2.0000E-04
2.6967E-05 2.0000E-04
2.6630E-05 2.0000E-04
2.7165E-05 2.0000E-04
2.6647E-05 2.0000E-04
2.7045E-05 2.0000E-04
2.6494E-05 2.0000E-04
2.6779E-05 2.0000E-04
2.6281E-05 2.0000E-04
2.6461E-05 2.0000E-04
2.6120E-05 2.0000E-04
2.6124E-05 2.0000E-04
2.5837E-05 2.0000E-04
2.6278E-05 2.0000E-04
2.5566E-05 2.0000E-04
2.6083E-05 2.0000E-04
2.5541E-05 2.0000E-04
2.5793E-05 2.0000E-04
2.5286E-05 2.0000E-04
2.5221E-05 2.0000E-04
2.4712E-05 2.0000E-04
2.4502E-05 2.0000E-04
2.4313E-05 2.0000E-04
2.3851E-05 2.0000E-04
2.3806E-05 2.0000E-04
2.3322E-05 2.0000E-04
2.3456E-05 2.0000E-04
2.2982E-05 2.0000E-04
2.3095E-05 2.0000E-04
2.2756E-05 2.0000E-04
2.3115E-05 2.0000E-04
2.2730E-05 2.0000E-04
2.3108E-05 2.0000E-04
2.2704E-05 2.0000E-04
2.3245E-05 2.0000E-04
2.2929E-05 2.0000E-04
2.3306E-05 2.0000E-04
2.2959E-05 2.0000E-04
2.3333E-05 2.0000E-04
2.3025E-05 2.0000E-04
2.3512E-05 2.0000E-04
2.3156E-05 2.0000E-04
2.3609E-05 2.0000E-04
2.3205E-05 2.0000E-04
2.3588E-05 2.0000E-04
2.3296E-05 2.0000E-04
2.3659E-05 2.0000E-04
2.3329E-05 2.0000E-04
2.3649E-05 2.0000E-04
2.3187E-05 2.0000E-04
2.3643E-05 2.0000E-04
2.3291E-05 2.0000E-04
2.3575E-05 2.0000E-04
2.3335E-05 2.0000E-04
2.3854E-05 2.0000E-04
2.3424E-05 2.0000E-04
2.3758E-05 2.0000E-04
2.3421E-05 2.0000E-04
2.3784E-05 2.0000E-04
2.3473E-05 2.0000E-04
2.3527E-05 2.0000E-04
2.3253E-05 2.0000E-04
2.3564E-05 2.0000E-04
2.3272E-05 2.0000E-04
2.3557E-05 2.0000E-04
2.3286E-05 2.0000E-04
2.3668E-05 2.0000E-04
2.3451E-05 2.0000E-04
2.3964E-05 2.0000E-04
2.3513E-05 2.0000E-04
2.3765E-05 2.0000E-04
2.3475E-05 2.0000E-04
2.3674E-05 2.0000E-04
2.3397E-05 2.0000E-04
2.3419E-05 2.0000E-04
2.3186E-05 2.0000E-04
2.3123E-05 2.0000E-04
2.2861E-05 2.0000E-04
2.2630E-05 2.0000E-04
2.2361E-05 2.0000E-04
2.2366E-05 2.0000E-04
2.2153E-05 2.0000E-04
2.2485E-05 2.0000E-04
2.2126E-05 2.0000E-04
2.2548E-05 2.0000E-04
2.2269E-05 2.0000E-04
2.2719E-05 2.0000E-04
2.2436E-05 2.0000E-04
2.2743E-05 2.0000E-04
2.2576E-05 2.0000E-04
2.3098E-05 2.0000E-04
2.2832E-05 2.0000E-04
2.3364E-05 2.0000E-04
2.3032E-05 2.0000E-04
2.3481E-05 2.0000E-04
2.3258E-05 2.0000E-04
2.3586E-05 2.0000E-04
2.3414E-05 2.0000E-04
2.3968E-05 2.0000E-04
2.3655E-05 2.0000E-04
2.4037E-05 2.0000E-04
2.3781E-05 2.0000E-04
2.4196E-05 2.0000E-04
2.3988E-05 2.0000E-04
2.4224E-05 2.0000E-04
2.4020E-05 2.0000E-04
2.4604E-05 2.0000E-04
2.4350E-05 2.0000E-04
2.4674E-05 2.0000E-04
2.4484E-05 2.0000E-04
2.4943E-05 2.0000E-04
2.4755E-05 2.0000E-04
2.5174E-05 2.0000E-04
2.4874E-05 2.0000E-04
2.5268E-05 2.0000E-04
2.5029E-05 2.0000E-04
2.5357E-05 2.0000E-04
2.5180E-05 2.0000E-04
2.5528E-05 2.0000E-04
2.5365E-05 2.0000E-04
2.6004E-05 2.0000E-04
2.5768E-05 2.0000E-04
2.5988E-05 2.0000E-04
2.5810E-05 2.0000E-04
2.6143E-05 2.0000E-04
2.5966E-05 2.0000E-04
2.6314E-05 2.0000E-04
2.6094E-05 2.0000E-04
2.6321E-05 2.0000E-04
2.6147E-05 2.0000E-04
2.6522E-05 2.0000E-04
2.6257E-05 2.0000E-04
2.6490E-05 2.0000E-04
2.6348E-05 2.0000E-04
2.6733E-05 2.0000E-04
2.6560E-05 2.0000E-04
2.6796E-05 2.0000E-04
2.6606E-05 2.0000E-04
2.7090E-05 2.0000E-04
2.6885E-05 2.0000E-04
2.7092E-05 2.0000E-04
2.6961E-05 2.0000E-04
2.7511E-05 2.0000E-04
2.7303E-05 2.0000E-04
2.7723E-05 2.0000E-04
2.7539E-05 2.0000E-04
2.7858E-05 2.0000E-04
2.7713E-05 2.0000E-04
2.8014E-05 2.0000E-04
2.7831E-05 2.0000E-04
2.8339E-05 2.0000E-04
2.8162E-05 2.0000E-04
2.8536E-05 2.0000E-04
2.8379E-05 2.0000E-04
2.8622E-05 2.0000E-04
2.8432E-05 2.0000E-04
2.8749E-05 2.0000E-04
2.8561E-05 2.0000E-04
2.9014E-05 2.0000E-04
2.8848E-05 2.0000E-04
2.9107E-05 2.0000E-04
2.8974E-05 2.0000E-04
2.9365E-05 2.0000E-04
2.9198E-05 2.0000E-04
2.9478E-05 2.0000E-04
2.9319E-05 2.0000E-04
2.9817E-05 2.0000E-04
2.9607E-05 2.0000E-04
2.9832E-05 2.0000E-04
2.9678E-05 2.0000E-04
3.0041E-05 2.0000E-04
3.0041E-05 2.0000E-04
2.9333E-05 2.0000E-04
1.7158E-05 2.0000E-04
8.5964E-06 2.0000E-04
9.1587E-06 2.0000E-04
9.1587E-06 2.0000E-04
