553.8
108.6
109.5
105.7
135.1
126.5
123.9
124.1
126.4
124.2
127.4
127.3
125.7
126.9
118.8
128.1
126.9
126.9
128.2
125.6
128.2
125.9
119.7
127.6
125.7
126.2
127.2
111.2
108.1
107.3
109.5
103.5
110.5
109.6
104.8
102.8
110.2
109.6
104.3
110.9
108.4
109.2
109.1
108.9
109.6
108.7
108.8
109.2
109.7
108.8
108.1
109.9
108.8
103.8
111.6
105.5
105.4
110.8
110.2
110.5
111.2
112.8
111.2
106.9
111.2
114.2
111.8
112.8
106.2
111.8
115.2
110.4
112.2
104.8
96.4
112.4
112.6
110.9
111.5
113.9
111.5
112.2
114.1
112.1
111.9
110.7
105.7
112.9
110.2
110.0
109.4
105.5
106.5
111.6
111.5
112.7
111.2
111.0
112.6
111.3
112.8
113.6
113.0
110.2
109.3
108.9
110.2
103.9
103.4
110.5
109.9
108.3
110.7
108.8
109.1
109.3
108.9
102.6
110.3
109.5
109.5
108.6
108.6
109.0
110.1
109.8
109.3
108.4
110.2
110.2
102.3
102.3
108.0
102.4
102.4
110.2
107.7
107.4
109.0
107.8
104.4
109.4
110.5
107.2
109.2
107.7
110.9
108.9
108.3
111.0
111.4
101.2
108.5
110.2
110.0
108.8
110.4
109.7
109.2
109.7
109.6
108.5
108.2
103.7
109.8
109.2
108.6
108.3
108.2
108.5
108.3
109.7
110.8
109.9
107.7
102.8
108.9
109.1
107.6
108.5
107.7
108.9
110.1
109.5
109.9
108.0
109.4
108.2
109.5
108.9
109.0
108.1
110.4
107.3
101.0
107.9
107.3
109.4
110.4
109.6
108.2
102.6
110.3
109.2
110.2
107.7
106.9
108.3
109.8
110.6
112.0
110.1
110.5
126.1
110.1
110.6
108.3
107.7
109.6
109.5
109.2
107.7
109.9
108.4
109.5
108.3
111.4
108.4
109.1
109.6
110.0
108.4
107.6
106.1
108.9
107.9
101.2
108.9
110.0
107.5
106.6
107.9
110.7
109.0
108.8
109.3
108.1
101.4
107.9
108.9
108.9
109.3
102.5
109.3
108.2
109.0
110.6
107.9
109.2
102.9
108.9
109.4
103.5
108.9
109.2
108.0
107.6
110.5
109.0
108.2
109.3
108.3
108.4
108.8
108.5
109.9
109.8
108.7
109.2
108.0
108.2
109.4
111.1
108.8
109.4
108.1
102.7
108.3
109.5
109.8
107.7
108.4
111.1
108.7
110.7
109.2
102.8
110.3
100.2
107.6
109.7
109.5
111.0
109.2
108.1
107.5
110.2
110.6
109.6
108.6
107.4
110.2
109.0
100.4
109.4
100.0
108.7
108.1
107.6
101.1
103.6
108.3
107.2
108.2
109.8
109.5
109.6
108.4
102.5
108.7
109.0
108.0
107.5
108.3
109.0
109.5
108.8
109.0
551.4
114.5
106.8
134.6
111.1
110.9
109.8
110.4
110.1
109.5
107.8
109.1
109.3
108.1
103.6
110.1
128.2
125.6
109.4
108.0
