Energy     Target
8.5587E-04 6.6667E-07
1.8515E-03 6.6667E-07
1.2692E-03 6.6667E-07
2.4463E-03 6.6667E-07
1.0835E-03 6.6667E-07
6.1195E-04 6.6667E-07
2.5179E-04 6.6667E-07
1.8257E-04 6.6667E-07
5.3132E-04 6.6667E-07
2.3140E-04 6.6667E-07
4.9295E-04 6.6667E-07
2.0776E-04 6.6667E-07
1.6084E-04 6.6667E-07
2.5906E-04 6.6667E-07
1.8718E-04 6.6667E-07
2.0085E-04 6.6667E-07
1.5395E-04 6.6667E-07
1.5625E-04 6.6667E-07
1.2291E-04 6.6667E-07
1.6765E-04 6.6667E-07
1.0087E-04 6.6667E-07
1.2800E-04 6.6667E-07
1.1822E-04 6.6667E-07
1.2595E-04 6.6667E-07
1.2565E-04 6.6667E-07
7.4031E-05 6.6667E-07
1.0104E-04 6.6667E-07
8.6031E-05 6.6667E-07
1.0151E-04 6.6667E-07
5.8671E-05 6.6667E-07
9.6034E-05 6.6667E-07
3.2324E-05 6.6667E-07
1.1645E-04 6.6667E-07
5.1440E-05 6.6667E-07
6.0779E-05 6.6667E-07
8.9062E-05 6.6667E-07
3.0085E-05 6.6667E-07
1.2044E-04 6.6667E-07
4.0226E-05 6.6667E-07
6.0869E-05 6.6667E-07
6.1043E-05 6.6667E-07
7.9326E-05 6.6667E-07
5.4251E-05 6.6667E-07
5.0385E-05 6.6667E-07
4.5013E-05 6.6667E-07
5.8787E-05 6.6667E-07
5.9629E-05 6.6667E-07
3.9222E-05 6.6667E-07
3.8748E-05 6.6667E-07
6.5450E-05 6.6667E-07
3.4636E-05 6.6667E-07
4.1962E-05 6.6667E-07
3.8360E-05 6.6667E-07
5.2388E-05 6.6667E-07
3.6925E-05 6.6667E-07
3.4105E-05 6.6667E-07
3.2672E-05 6.6667E-07
4.2063E-05 6.6667E-07
3.3679E-05 6.6667E-07
3.1211E-05 6.6667E-07
3.1467E-05 6.6667E-07
4.2385E-05 6.6667E-07
2.7651E-05 6.6667E-07
2.6800E-05 6.6667E-07
2.7384E-05 6.6667E-07
3.3333E-05 6.6667E-07
2.6234E-05 6.6667E-07
2.3175E-05 6.6667E-07
2.5428E-05 6.6667E-07
2.8175E-05 6.6667E-07
2.8224E-05 6.6667E-07
2.0745E-05 6.6667E-07
2.0575E-05 6.6667E-07
2.4014E-05 6.6667E-07
2.5226E-05 6.6667E-07
1.6422E-05 6.6667E-07
2.6300E-05 6.6667E-07
2.6300E-05 6.6667E-07
8.0879E-05 6.6667E-07
2.0925E-05 6.6667E-07
1.2236E-05 6.6667E-07
1.5683E-05 6.6667E-07
2.2652E-05 6.6667E-07
2.0721E-06 6.6667E-07
3.3641E-05 6.6667E-07
1.0804E-05 6.6667E-07
1.5891E-05 6.6667E-07
1.1590E-05 6.6667E-07
1.6492E-05 6.6667E-07
1.5528E-05 6.6667E-07
1.2331E-05 6.6667E-07
1.4993E-05 6.6667E-07
1.9608E-05 6.6667E-07
1.2168E-05 6.6667E-07
1.4650E-05 6.6667E-07
1.2019E-05 6.6667E-07
1.3985E-05 6.6667E-07
1.6450E-05 6.6667E-07
1.1443E-05 6.6667E-07
1.6813E-05 6.6667E-07
1.4755E-05 6.6667E-07
1.4648E-05 6.6667E-07
1.2109E-05 6.6667E-07
1.2709E-05 6.6667E-07
1.3546E-05 6.6667E-07
1.3239E-05 6.6667E-07
1.3745E-05 6.6667E-07
1.0773E-05 6.6667E-07
1.4550E-05 6.6667E-07
1.2266E-05 6.6667E-07
1.1820E-05 6.6667E-07
1.1531E-05 6.6667E-07
1.2132E-05 6.6667E-07
1.0525E-05 6.6667E-07
1.0031E-05 6.6667E-07
7.6165E-06 6.6667E-07
1.1909E-05 6.6667E-07
1.1881E-05 6.6667E-07
8.2349E-06 6.6667E-07
1.0561E-05 6.6667E-07
1.1783E-05 6.6667E-07
7.7825E-06 6.6667E-07
7.1866E-06 6.6667E-07
1.1544E-05 6.6667E-07
7.9255E-06 6.6667E-07
8.3133E-06 6.6667E-07
1.0347E-05 6.6667E-07
7.6786E-06 6.6667E-07
7.0958E-06 6.6667E-07
1.0781E-05 6.6667E-07
7.5986E-06 6.6667E-07
6.8503E-06 6.6667E-07
1.0146E-05 6.6667E-07
5.3129E-06 6.6667E-07
1.1997E-05 6.6667E-07
6.8462E-06 6.6667E-07
9.9257E-06 6.6667E-07
7.9450E-06 6.6667E-07
6.8827E-06 6.6667E-07
8.5475E-06 6.6667E-07
6.2857E-06 6.6667E-07
8.8570E-06 6.6667E-07
9.2357E-06 6.6667E-07
7.9609E-06 6.6667E-07
8.5390E-06 6.6667E-07
9.0105E-06 6.6667E-07
6.9476E-06 6.6667E-07
9.0773E-06 6.6667E-07
9.7774E-06 6.6667E-07
6.7810E-06 6.6667E-07
1.0393E-05 6.6667E-07
9.7432E-06 6.6667E-07
1.1814E-05 6.6667E-07
9.6190E-06 6.6667E-07
1.0620E-05 6.6667E-07
1.2048E-05 6.6667E-07
1.4011E-05 6.6667E-07
1.2607E-05 6.6667E-07
1.3722E-05 6.6667E-07
1.5384E-05 6.6667E-07
1.0595E-05 6.6667E-07
1.7712E-05 6.6667E-07
1.6372E-05 6.6667E-07
1.7473E-05 6.6667E-07
1.2952E-05 6.6667E-07
2.4150E-05 6.6667E-07
2.6647E-05 6.6667E-07
3.0881E-05 6.6667E-07
2.7919E-05 6.6667E-07
3.1870E-05 6.6667E-07
2.7294E-05 6.6667E-07
1.7358E-05 6.6667E-07
4.2391E-05 6.6667E-07
2.5040E-05 6.6667E-07
4.1578E-05 6.6667E-07
4.7523E-05 6.6667E-07
5.8127E-05 6.6667E-07
4.6846E-05 6.6667E-07
4.8245E-05 6.6667E-07
4.4343E-05 6.6667E-07
7.9801E-06 6.6667E-07
6.2591E-05 6.6667E-07
2.9905E-05 6.6667E-07
3.1687E-05 6.6667E-07
5.9192E-05 6.6667E-07
1.3717E-05 6.6667E-07
6.0490E-05 6.6667E-07
2.7239E-05 6.6667E-07
3.4063E-05 6.6667E-07
4.3355E-05 6.6667E-07
4.7335E-05 6.6667E-07
3.2838E-05 6.6667E-07
3.9774E-05 6.6667E-07
3.1391E-05 6.6667E-07
3.4110E-05 6.6667E-07
3.5720E-05 6.6667E-07
2.3663E-05 6.6667E-07
3.4625E-05 6.6667E-07
2.0124E-05 6.6667E-07
3.6145E-05 6.6667E-07
1.8410E-05 6.6667E-07
2.6107E-05 6.6667E-07
3.1949E-05 6.6667E-07
3.2444E-05 6.6667E-07
2.2000E-05 6.6667E-07
2.6862E-05 6.6667E-07
2.1343E-05 6.6667E-07
2.6099E-05 6.6667E-07
2.7787E-05 6.6667E-07
1.9275E-05 6.6667E-07
2.0861E-05 6.6667E-07
3.3135E-05 6.6667E-07
1.9992E-05 6.6667E-07
2.1167E-05 6.6667E-07
2.9428E-05 6.6667E-07
2.2258E-05 6.6667E-07
3.3578E-05 6.6667E-07
2.9907E-05 6.6667E-07
2.4088E-05 6.6667E-07
3.1686E-05 6.6667E-07
2.6108E-05 6.6667E-07
3.1068E-05 6.6667E-07
3.9415E-05 6.6667E-07
2.7567E-05 6.6667E-07
3.2822E-05 6.6667E-07
3.8475E-05 6.6667E-07
3.6863E-05 6.6667E-07
2.6479E-05 6.6667E-07
4.1797E-05 6.6667E-07
3.8942E-05 6.6667E-07
3.1074E-05 6.6667E-07
5.1556E-05 6.6667E-07
3.1231E-05 6.6667E-07
3.0160E-05 6.6667E-07
3.7733E-05 6.6667E-07
2.3029E-05 6.6667E-07
2.5230E-05 6.6667E-07
5.8074E-05 6.6667E-07
2.7098E-05 6.6667E-07
2.9765E-05 6.6667E-07
4.3814E-05 6.6667E-07
2.2537E-05 6.6667E-07
2.7449E-05 6.6667E-07
3.9810E-05 6.6667E-07
2.3345E-05 6.6667E-07
2.0842E-05 6.6667E-07
3.0757E-05 6.6667E-07
1.8391E-05 6.6667E-07
2.2946E-05 6.6667E-07
3.1033E-05 6.6667E-07
1.9580E-05 6.6667E-07
1.6567E-05 6.6667E-07
3.1923E-05 6.6667E-07
1.7803E-05 6.6667E-07
1.9185E-05 6.6667E-07
2.9915E-05 6.6667E-07
1.6558E-05 6.6667E-07
1.8460E-05 6.6667E-07
2.5224E-05 6.6667E-07
1.5381E-05 6.6667E-07
1.7091E-05 6.6667E-07
2.2756E-05 6.6667E-07
1.6161E-05 6.6667E-07
1.2203E-05 6.6667E-07
1.9293E-05 6.6667E-07
1.2693E-05 6.6667E-07
1.5205E-05 6.6667E-07
2.1160E-05 6.6667E-07
1.3836E-05 6.6667E-07
1.1267E-05 6.6667E-07
2.0046E-05 6.6667E-07
1.2976E-05 6.6667E-07
1.6613E-05 6.6667E-07
1.3215E-05 6.6667E-07
1.5779E-05 6.6667E-07
1.2099E-05 6.6667E-07
1.5722E-05 6.6667E-07
1.3022E-05 6.6667E-07
1.3998E-05 6.6667E-07
1.1942E-05 6.6667E-07
1.0306E-05 6.6667E-07
1.5393E-05 6.6667E-07
1.8452E-05 6.6667E-07
9.4607E-06 6.6667E-07
1.5097E-05 6.6667E-07
7.3883E-06 6.6667E-07
1.5453E-05 6.6667E-07
7.5987E-06 6.6667E-07
9.4808E-06 6.6667E-07
1.1711E-05 6.6667E-07
1.5632E-05 6.6667E-07
1.2906E-05 6.6667E-07
1.1307E-05 6.6667E-07
1.4430E-05 6.6667E-07
1.4762E-05 6.6667E-07
1.3695E-05 6.6667E-07
1.4745E-05 6.6667E-07
1.2383E-05 6.6667E-07
1.6613E-05 6.6667E-07
1.6077E-05 6.6667E-07
1.4468E-05 6.6667E-07
1.3071E-05 6.6667E-07
1.4131E-05 6.6667E-07
1.5148E-05 6.6667E-07
1.5323E-05 6.6667E-07
1.5512E-05 6.6667E-07
1.6408E-05 6.6667E-07
1.5773E-05 6.6667E-07
1.8470E-05 6.6667E-07
1.4072E-05 6.6667E-07
1.5400E-05 6.6667E-07
1.7747E-05 6.6667E-07
1.0568E-05 6.6667E-07
1.5632E-05 6.6667E-07
1.6632E-05 6.6667E-07
1.4405E-05 6.6667E-07
1.6644E-05 6.6667E-07
1.6152E-05 6.6667E-07
1.4740E-05 6.6667E-07
1.5052E-05 6.6667E-07
1.7527E-05 6.6667E-07
1.6509E-05 6.6667E-07
1.4612E-05 6.6667E-07
1.2892E-05 6.6667E-07
1.6805E-05 6.6667E-07
1.4236E-05 6.6667E-07
1.4503E-05 6.6667E-07
1.4275E-05 6.6667E-07
1.0231E-05 6.6667E-07
1.5553E-05 6.6667E-07
1.3893E-05 6.6667E-07
1.9681E-05 6.6667E-07
1.5823E-05 6.6667E-07
1.7108E-05 6.6667E-07
1.3462E-05 6.6667E-07
2.1899E-05 6.6667E-07
1.5461E-06 6.6667E-07
2.0594E-05 6.6667E-07
2.0594E-05 6.6667E-07
1.0979E-03 6.6667E-07
1.9319E-05 6.6667E-07
2.0212E-05 6.6667E-07
2.2488E-05 6.6667E-07
2.5574E-05 6.6667E-07
2.2332E-05 6.6667E-07
2.7762E-05 6.6667E-07
3.0070E-05 6.6667E-07
3.5652E-05 6.6667E-07
2.7244E-05 6.6667E-07
1.6154E-05 6.6667E-07
4.0181E-05 6.6667E-07
4.3961E-05 6.6667E-07
3.9004E-05 6.6667E-07
5.9368E-05 6.6667E-07
6.2167E-05 6.6667E-07
6.4979E-05 6.6667E-07
1.6136E-05 6.6667E-07
7.7908E-05 6.6667E-07
7.1040E-05 6.6667E-07
1.2621E-04 6.6667E-07
5.9099E-05 6.6667E-07
1.1630E-04 6.6667E-07
1.0152E-04 6.6667E-07
1.0009E-04 6.6667E-07
1.5187E-04 6.6667E-07
1.5150E-04 6.6667E-07
1.3911E-04 6.6667E-07
8.6070E-05 6.6667E-07
1.2221E-04 6.6667E-07
1.0248E-04 6.6667E-07
1.2716E-04 6.6667E-07
1.3714E-04 6.6667E-07
1.9366E-04 6.6667E-07
8.8865E-05 6.6667E-07
1.1750E-04 6.6667E-07
2.1361E-05 6.6667E-07
1.6831E-04 6.6667E-07
6.3890E-05 6.6667E-07
4.7488E-05 6.6667E-07
7.4740E-05 6.6667E-07
6.8448E-05 6.6667E-07
1.0618E-04 6.6667E-07
5.6568E-05 6.6667E-07
6.8001E-05 6.6667E-07
8.8602E-05 6.6667E-07
4.4765E-05 6.6667E-07
4.9824E-05 6.6667E-07
6.7626E-05 6.6667E-07
4.5575E-05 6.6667E-07
5.0886E-05 6.6667E-07
5.9978E-05 6.6667E-07
3.3268E-05 6.6667E-07
4.1181E-05 6.6667E-07
4.0482E-05 6.6667E-07
4.7242E-05 6.6667E-07
3.6367E-05 6.6667E-07
2.9479E-05 6.6667E-07
3.6249E-05 6.6667E-07
3.5031E-05 6.6667E-07
2.5723E-05 6.6667E-07
2.5788E-05 6.6667E-07
2.7668E-05 6.6667E-07
3.2846E-05 6.6667E-07
2.4202E-05 6.6667E-07
2.2483E-05 6.6667E-07
2.7467E-05 6.6667E-07
2.8041E-05 6.6667E-07
3.0086E-05 6.6667E-07
2.1538E-05 6.6667E-07
2.6900E-05 6.6667E-07
2.5796E-05 6.6667E-07
2.6941E-05 6.6667E-07
2.1810E-05 6.6667E-07
2.1769E-05 6.6667E-07
2.2548E-05 6.6667E-07
2.4846E-05 6.6667E-07
2.5729E-05 6.6667E-07
2.1049E-05 6.6667E-07
2.1151E-05 6.6667E-07
2.5089E-05 6.6667E-07
1.7117E-05 6.6667E-07
1.8541E-05 6.6667E-07
2.1374E-05 6.6667E-07
1.7748E-05 6.6667E-07
1.3266E-05 6.6667E-07
1.6435E-05 6.6667E-07
1.2680E-05 6.6667E-07
1.7249E-05 6.6667E-07
1.4353E-05 6.6667E-07
1.7923E-05 6.6667E-07
1.1253E-05 6.6667E-07
1.2635E-05 6.6667E-07
1.0597E-05 6.6667E-07
1.8803E-05 6.6667E-07
1.1355E-05 6.6667E-07
1.1678E-05 6.6667E-07
1.1763E-05 6.6667E-07
1.8039E-05 6.6667E-07
1.1060E-05 6.6667E-07
9.9482E-06 6.6667E-07
1.0178E-05 6.6667E-07
1.4171E-05 6.6667E-07
1.5931E-05 6.6667E-07
1.1245E-05 6.6667E-07
1.1738E-05 6.6667E-07
1.5161E-05 6.6667E-07
1.4896E-05 6.6667E-07
8.3614E-06 6.6667E-07
1.3601E-05 6.6667E-07
1.3080E-05 6.6667E-07
1.4724E-05 6.6667E-07
1.4215E-05 6.6667E-07
1.1369E-05 6.6667E-07
1.5931E-05 6.6667E-07
1.7201E-05 6.6667E-07
1.5901E-05 6.6667E-07
1.4982E-05 6.6667E-07
1.7175E-05 6.6667E-07
1.7442E-05 6.6667E-07
2.1123E-05 6.6667E-07
1.7960E-05 6.6667E-07
2.2419E-05 6.6667E-07
2.5199E-05 6.6667E-07
2.2151E-05 6.6667E-07
2.3761E-05 6.6667E-07
3.5081E-05 6.6667E-07
2.7114E-05 6.6667E-07
2.9548E-05 6.6667E-07
4.3635E-05 6.6667E-07
3.7394E-05 6.6667E-07
3.7061E-05 6.6667E-07
4.9954E-05 6.6667E-07
3.6096E-05 6.6667E-07
6.7682E-05 6.6667E-07
7.3727E-05 6.6667E-07
7.1809E-05 6.6667E-07
1.0643E-04 6.6667E-07
1.1590E-04 6.6667E-07
1.0049E-04 6.6667E-07
2.6771E-05 6.6667E-07
1.1566E-04 6.6667E-07
1.0517E-04 6.6667E-07
1.7219E-04 6.6667E-07
1.4151E-04 6.6667E-07
1.5197E-04 6.6667E-07
1.2655E-04 6.6667E-07
2.0413E-05 6.6667E-07
2.2207E-04 6.6667E-07
1.0349E-04 6.6667E-07
1.7991E-04 6.6667E-07
1.8450E-04 6.6667E-07
2.3802E-04 6.6667E-07
1.9600E-04 6.6667E-07
1.6231E-04 6.6667E-07
1.7068E-04 6.6667E-07
2.0802E-04 6.6667E-07
1.6220E-04 6.6667E-07
2.8568E-04 6.6667E-07
2.0582E-04 6.6667E-07
1.9308E-04 6.6667E-07
2.8686E-04 6.6667E-07
2.0206E-04 6.6667E-07
1.0966E-04 6.6667E-07
1.5587E-04 6.6667E-07
1.6292E-04 6.6667E-07
2.6444E-04 6.6667E-07
1.3628E-04 6.6667E-07
1.8295E-04 6.6667E-07
1.9354E-04 6.6667E-07
1.4699E-04 6.6667E-07
2.0135E-04 6.6667E-07
2.0455E-04 6.6667E-07
1.8637E-04 6.6667E-07
1.6065E-04 6.6667E-07
2.4428E-04 6.6667E-07
1.5328E-04 6.6667E-07
2.1446E-04 6.6667E-07
1.7456E-04 6.6667E-07
1.9172E-04 6.6667E-07
1.6389E-04 6.6667E-07
2.7351E-04 6.6667E-07
8.7871E-05 6.6667E-07
1.4798E-04 6.6667E-07
1.5317E-04 6.6667E-07
2.5719E-04 6.6667E-07
1.6097E-04 6.6667E-07
1.5005E-04 6.6667E-07
2.0776E-04 6.6667E-07
1.3899E-04 6.6667E-07
1.9127E-04 6.6667E-07
1.5583E-04 6.6667E-07
1.4233E-04 6.6667E-07
1.5553E-04 6.6667E-07
1.2743E-04 6.6667E-07
1.3242E-04 6.6667E-07
1.4359E-04 6.6667E-07
1.0827E-04 6.6667E-07
1.3539E-04 6.6667E-07
1.1098E-04 6.6667E-07
1.2099E-04 6.6667E-07
1.0918E-04 6.6667E-07
1.2523E-04 6.6667E-07
1.3485E-04 6.6667E-07
1.1878E-04 6.6667E-07
1.0290E-04 6.6667E-07
1.2671E-04 6.6667E-07
1.1194E-04 6.6667E-07
1.2860E-04 6.6667E-07
1.3518E-04 6.6667E-07
1.1939E-04 6.6667E-07
1.4934E-04 6.6667E-07
1.4065E-04 6.6667E-07
1.4696E-04 6.6667E-07
1.4301E-04 6.6667E-07
1.7290E-04 6.6667E-07
1.6040E-04 6.6667E-07
1.5493E-04 6.6667E-07
1.3863E-04 6.6667E-07
1.5185E-04 6.6667E-07
1.5397E-04 6.6667E-07
1.5007E-04 6.6667E-07
1.5039E-04 6.6667E-07
1.9258E-04 6.6667E-07
1.6643E-04 6.6667E-07
1.5993E-04 6.6667E-07
1.4821E-04 6.6667E-07
1.2572E-04 6.6667E-07
1.6126E-04 6.6667E-07
1.5699E-04 6.6667E-07
1.4231E-04 6.6667E-07
1.1724E-04 6.6667E-07
1.7327E-04 6.6667E-07
1.1710E-04 6.6667E-07
1.0653E-04 6.6667E-07
1.1902E-04 6.6667E-07
1.1005E-04 6.6667E-07
1.0563E-04 6.6667E-07
9.0706E-05 6.6667E-07
9.0544E-05 6.6667E-07
1.0595E-04 6.6667E-07
8.9896E-05 6.6667E-07
8.3880E-05 6.6667E-07
8.2177E-05 6.6667E-07
8.3316E-05 6.6667E-07
6.8954E-05 6.6667E-07
7.4081E-05 6.6667E-07
6.4017E-05 6.6667E-07
6.5537E-05 6.6667E-07
6.4949E-05 6.6667E-07
4.6811E-05 6.6667E-07
5.8511E-05 6.6667E-07
5.8239E-05 6.6667E-07
6.7089E-05 6.6667E-07
4.0158E-05 6.6667E-07
7.6267E-05 6.6667E-07
2.9635E-05 6.6667E-07
6.6937E-05 6.6667E-07
4.7203E-05 6.6667E-07
4.9649E-05 6.6667E-07
8.3408E-05 6.6667E-07
4.8974E-05 6.6667E-07
8.9261E-05 6.6667E-07
7.0929E-05 6.6667E-07
7.3148E-05 6.6667E-07
7.1762E-05 6.6667E-07
1.0163E-04 6.6667E-07
8.9255E-05 6.6667E-07
8.2172E-05 6.6667E-07
1.0503E-04 6.6667E-07
1.3598E-04 6.6667E-07
1.4345E-04 6.6667E-07
1.2150E-04 6.6667E-07
1.5831E-04 6.6667E-07
1.8025E-04 6.6667E-07
2.0584E-04 6.6667E-07
1.2064E-04 6.6667E-07
2.3975E-04 6.6667E-07
2.6564E-04 6.6667E-07
3.8716E-04 6.6667E-07
2.9500E-04 6.6667E-07
4.5114E-04 6.6667E-07
3.4795E-04 6.6667E-07
3.4795E-04 6.6667E-07
8.6757E-04 6.6667E-07
4.5147E-04 6.6667E-07
1.5549E-04 6.6667E-07
2.5980E-04 6.6667E-07
3.3147E-04 6.6667E-07
4.3845E-04 6.6667E-07
4.0812E-04 6.6667E-07
2.8136E-04 6.6667E-07
2.5602E-04 6.6667E-07
2.9193E-04 6.6667E-07
4.5577E-04 6.6667E-07
3.1439E-04 6.6667E-07
2.9343E-04 6.6667E-07
2.4251E-04 6.6667E-07
2.7008E-04 6.6667E-07
2.4641E-04 6.6667E-07
1.7267E-04 6.6667E-07
1.6829E-04 6.6667E-07
1.5522E-04 6.6667E-07
1.4951E-04 6.6667E-07
1.0492E-04 6.6667E-07
7.9464E-05 6.6667E-07
7.7005E-05 6.6667E-07
9.1046E-05 6.6667E-07
7.4407E-05 6.6667E-07
4.8934E-05 6.6667E-07
6.5924E-05 6.6667E-07
3.1984E-05 6.6667E-07
7.9357E-05 6.6667E-07
3.2264E-05 6.6667E-07
4.9976E-05 6.6667E-07
5.3327E-05 6.6667E-07
5.6015E-05 6.6667E-07
4.3155E-05 6.6667E-07
5.4989E-05 6.6667E-07
3.2300E-05 6.6667E-07
3.4433E-05 6.6667E-07
5.1580E-05 6.6667E-07
2.7036E-05 6.6667E-07
4.3175E-05 6.6667E-07
2.3351E-05 6.6667E-07
4.1924E-05 6.6667E-07
2.3596E-05 6.6667E-07
3.0240E-05 6.6667E-07
2.4544E-05 6.6667E-07
2.8657E-05 6.6667E-07
1.9478E-05 6.6667E-07
2.2660E-05 6.6667E-07
1.5717E-05 6.6667E-07
1.8410E-05 6.6667E-07
2.2594E-05 6.6667E-07
1.5891E-05 6.6667E-07
2.5094E-05 6.6667E-07
1.9217E-05 6.6667E-07
1.6814E-05 6.6667E-07
1.8642E-05 6.6667E-07
1.4758E-05 6.6667E-07
1.6743E-05 6.6667E-07
1.7720E-05 6.6667E-07
1.5658E-05 6.6667E-07
1.8060E-05 6.6667E-07
1.6812E-05 6.6667E-07
1.8676E-05 6.6667E-07
1.5699E-05 6.6667E-07
1.4913E-05 6.6667E-07
1.6838E-05 6.6667E-07
1.9328E-05 6.6667E-07
1.8117E-05 6.6667E-07
1.9257E-05 6.6667E-07
2.9568E-05 6.6667E-07
2.1406E-05 6.6667E-07
2.1046E-05 6.6667E-07
2.0950E-05 6.6667E-07
1.5183E-05 6.6667E-07
1.3849E-05 6.6667E-07
3.2683E-05 6.6667E-07
2.2239E-05 6.6667E-07
3.1176E-05 6.6667E-07
2.6969E-05 6.6667E-07
2.6241E-05 6.6667E-07
2.3538E-05 6.6667E-07
1.7290E-05 6.6667E-07
2.3859E-05 6.6667E-07
2.3887E-05 6.6667E-07
2.1196E-05 6.6667E-07
2.7474E-05 6.6667E-07
2.2166E-05 6.6667E-07
3.9654E-05 6.6667E-07
1.5718E-05 6.6667E-07
2.3724E-05 6.6667E-07
1.7892E-05 6.6667E-07
3.4442E-05 6.6667E-07
2.4974E-05 6.6667E-07
2.1373E-05 6.6667E-07
3.1803E-05 6.6667E-07
3.4142E-05 6.6667E-07
2.0340E-05 6.6667E-07
2.4616E-05 6.6667E-07
2.0512E-05 6.6667E-07
3.3318E-05 6.6667E-07
2.8840E-05 6.6667E-07
3.1407E-05 6.6667E-07
2.5021E-05 6.6667E-07
2.4543E-05 6.6667E-07
2.2768E-05 6.6667E-07
2.3218E-05 6.6667E-07
2.8983E-05 6.6667E-07
2.5066E-05 6.6667E-07
3.2219E-05 6.6667E-07
3.1327E-05 6.6667E-07
2.6077E-05 6.6667E-07
2.0381E-05 6.6667E-07
3.1705E-05 6.6667E-07
1.8427E-05 6.6667E-07
2.5894E-05 6.6667E-07
2.0992E-05 6.6667E-07
1.8247E-05 6.6667E-07
2.6797E-05 6.6667E-07
2.6841E-05 6.6667E-07
1.9737E-05 6.6667E-07
2.2988E-05 6.6667E-07
2.2982E-05 6.6667E-07
2.2281E-05 6.6667E-07
2.6945E-05 6.6667E-07
1.9649E-05 6.6667E-07
2.0147E-05 6.6667E-07
2.1289E-05 6.6667E-07
1.4822E-05 6.6667E-07
1.3509E-05 6.6667E-07
1.9135E-05 6.6667E-07
1.5252E-05 6.6667E-07
1.7831E-05 6.6667E-07
1.8870E-05 6.6667E-07
1.6872E-05 6.6667E-07
1.3412E-05 6.6667E-07
1.5676E-05 6.6667E-07
1.5352E-05 6.6667E-07
1.7387E-05 6.6667E-07
1.9870E-05 6.6667E-07
1.4638E-05 6.6667E-07
1.7171E-05 6.6667E-07
1.8693E-05 6.6667E-07
1.2898E-05 6.6667E-07
1.8497E-05 6.6667E-07
2.1790E-05 6.6667E-07
1.6525E-05 6.6667E-07
1.5380E-05 6.6667E-07
2.1441E-05 6.6667E-07
1.4159E-05 6.6667E-07
1.6234E-05 6.6667E-07
2.4955E-05 6.6667E-07
1.6052E-05 6.6667E-07
1.4637E-05 6.6667E-07
2.2969E-05 6.6667E-07
1.5008E-05 6.6667E-07
2.0387E-05 6.6667E-07
1.8728E-05 6.6667E-07
2.1114E-05 6.6667E-07
1.4651E-05 6.6667E-07
1.9000E-05 6.6667E-07
1.3656E-05 6.6667E-07
2.2856E-05 6.6667E-07
1.9425E-05 6.6667E-07
1.7285E-05 6.6667E-07
2.1754E-05 6.6667E-07
2.9051E-05 6.6667E-07
1.7956E-05 6.6667E-07
2.3220E-05 6.6667E-07
2.2627E-05 6.6667E-07
2.7783E-05 6.6667E-07
3.0445E-05 6.6667E-07
2.2878E-05 6.6667E-07
2.9020E-05 6.6667E-07
2.9324E-05 6.6667E-07
2.9981E-05 6.6667E-07
2.6665E-05 6.6667E-07
3.2615E-05 6.6667E-07
3.2092E-05 6.6667E-07
3.5518E-05 6.6667E-07
3.3468E-05 6.6667E-07
3.5824E-05 6.6667E-07
5.3452E-05 6.6667E-07
4.9684E-05 6.6667E-07
4.7327E-05 6.6667E-07
5.8057E-05 6.6667E-07
6.3229E-05 6.6667E-07
8.4962E-05 6.6667E-07
9.5360E-05 6.6667E-07
8.4552E-05 6.6667E-07
8.5782E-05 6.6667E-07
1.3065E-04 6.6667E-07
1.1419E-04 6.6667E-07
1.4240E-04 6.6667E-07
1.4684E-04 6.6667E-07
1.5343E-04 6.6667E-07
1.1873E-04 6.6667E-07
7.6928E-05 6.6667E-07
7.8325E-05 6.6667E-07
1.3519E-04 6.6667E-07
9.8469E-05 6.6667E-07
1.0266E-04 6.6667E-07
9.3853E-05 6.6667E-07
1.0632E-04 6.6667E-07
9.2523E-05 6.6667E-07
9.5616E-05 6.6667E-07
7.2382E-05 6.6667E-07
7.8153E-05 6.6667E-07
6.3287E-05 6.6667E-07
5.2003E-05 6.6667E-07
5.8053E-05 6.6667E-07
5.5806E-05 6.6667E-07
5.1810E-05 6.6667E-07
3.7009E-05 6.6667E-07
4.5184E-05 6.6667E-07
3.1571E-05 6.6667E-07
3.5931E-05 6.6667E-07
3.5825E-05 6.6667E-07
2.6103E-05 6.6667E-07
3.5860E-05 6.6667E-07
3.3699E-05 6.6667E-07
2.5426E-05 6.6667E-07
2.8838E-05 6.6667E-07
3.2038E-05 6.6667E-07
3.0955E-05 6.6667E-07
3.1367E-05 6.6667E-07
2.5110E-05 6.6667E-07
3.3423E-05 6.6667E-07
2.9604E-05 6.6667E-07
3.0115E-05 6.6667E-07
2.6750E-05 6.6667E-07
3.5372E-05 6.6667E-07
3.0728E-05 6.6667E-07
2.3933E-05 6.6667E-07
2.8982E-05 6.6667E-07
2.0581E-05 6.6667E-07
2.5647E-05 6.6667E-07
4.1320E-05 6.6667E-07
2.4685E-05 6.6667E-07
2.7109E-05 6.6667E-07
3.8919E-05 6.6667E-07
2.4900E-05 6.6667E-07
2.5948E-05 6.6667E-07
4.9173E-05 6.6667E-07
2.5943E-05 6.6667E-07
2.3321E-05 6.6667E-07
4.1218E-05 6.6667E-07
2.9697E-05 6.6667E-07
3.3724E-05 6.6667E-07
4.9718E-05 6.6667E-07
3.7761E-05 6.6667E-07
3.5988E-05 6.6667E-07
6.2137E-05 6.6667E-07
4.8423E-05 6.6667E-07
3.7847E-05 6.6667E-07
6.2729E-05 6.6667E-07
4.7840E-05 6.6667E-07
6.0345E-05 6.6667E-07
6.6421E-05 6.6667E-07
6.9428E-05 6.6667E-07
1.0328E-04 6.6667E-07
6.0684E-05 6.6667E-07
1.2613E-05 6.6667E-07
1.0214E-04 6.6667E-07
5.5516E-05 6.6667E-07
1.1764E-04 6.6667E-07
6.8573E-05 6.6667E-07
8.2140E-05 6.6667E-07
8.7962E-05 6.6667E-07
4.4832E-05 6.6667E-07
6.6359E-05 6.6667E-07
8.1898E-05 6.6667E-07
5.6914E-05 6.6667E-07
8.2854E-05 6.6667E-07
6.6399E-05 6.6667E-07
7.8409E-05 6.6667E-07
5.6667E-05 6.6667E-07
7.2159E-05 6.6667E-07
2.7121E-05 6.6667E-07
1.0182E-04 6.6667E-07
4.0236E-05 6.6667E-07
2.8423E-05 6.6667E-07
5.4837E-05 6.6667E-07
5.3182E-05 6.6667E-07
4.8850E-05 6.6667E-07
8.2032E-05 6.6667E-07
5.2654E-05 6.6667E-07
5.4695E-05 6.6667E-07
5.4891E-05 6.6667E-07
4.8548E-05 6.6667E-07
7.0500E-05 6.6667E-07
7.0202E-05 6.6667E-07
4.9890E-05 6.6667E-07
5.8657E-05 6.6667E-07
5.2134E-05 6.6667E-07
6.9345E-05 6.6667E-07
5.5423E-05 6.6667E-07
5.3923E-05 6.6667E-07
6.9784E-05 6.6667E-07
8.4822E-05 6.6667E-07
9.5470E-05 6.6667E-07
1.0455E-04 6.6667E-07
1.1773E-04 6.6667E-07
1.2682E-04 6.6667E-07
1.1785E-04 6.6667E-07
7.8441E-05 6.6667E-07
2.2432E-04 6.6667E-07
1.3092E-04 6.6667E-07
1.9353E-04 6.6667E-07
2.4617E-04 6.6667E-07
3.0451E-04 6.6667E-07
2.2264E-04 6.6667E-07
1.3205E-05 6.6667E-07
3.1235E-04 6.6667E-07
1.4468E-04 6.6667E-07
3.3762E-04 6.6667E-07
1.9268E-04 6.6667E-07
2.4021E-04 6.6667E-07
2.5388E-04 6.6667E-07
1.8352E-04 6.6667E-07
1.7831E-04 6.6667E-07
2.7462E-04 6.6667E-07
1.3678E-04 6.6667E-07
1.8012E-04 6.6667E-07
2.8399E-04 6.6667E-07
1.8501E-04 6.6667E-07
2.0342E-04 6.6667E-07
2.3451E-04 6.6667E-07
1.9201E-04 6.6667E-07
2.2408E-04 6.6667E-07
2.0025E-04 6.6667E-07
1.7504E-04 6.6667E-07
1.7522E-04 6.6667E-07
1.9224E-04 6.6667E-07
1.7048E-04 6.6667E-07
1.4882E-04 6.6667E-07
1.8862E-04 6.6667E-07
1.0015E-04 6.6667E-07
1.5565E-04 6.6667E-07
1.0178E-04 6.6667E-07
9.0481E-05 6.6667E-07
1.2328E-04 6.6667E-07
1.3132E-04 6.6667E-07
1.1417E-04 6.6667E-07
9.7821E-05 6.6667E-07
1.0610E-04 6.6667E-07
1.0263E-04 6.6667E-07
9.8825E-05 6.6667E-07
9.5876E-05 6.6667E-07
1.0021E-04 6.6667E-07
8.7538E-05 6.6667E-07
8.5366E-05 6.6667E-07
8.8776E-05 6.6667E-07
8.4269E-05 6.6667E-07
7.3314E-05 6.6667E-07
6.0656E-05 6.6667E-07
7.0109E-05 6.6667E-07
5.7492E-05 6.6667E-07
4.6545E-05 6.6667E-07
7.1524E-05 6.6667E-07
3.8376E-05 6.6667E-07
3.6981E-05 6.6667E-07
3.7216E-05 6.6667E-07
2.6383E-05 6.6667E-07
3.3981E-05 6.6667E-07
3.2991E-05 6.6667E-07
1.7112E-05 6.6667E-07
2.0716E-05 6.6667E-07
1.8976E-05 6.6667E-07
1.9175E-05 6.6667E-07
1.9545E-05 6.6667E-07
1.2347E-05 6.6667E-07
1.7523E-05 6.6667E-07
1.5285E-05 6.6667E-07
1.6980E-05 6.6667E-07
1.0199E-05 6.6667E-07
1.2494E-05 6.6667E-07
1.2375E-05 6.6667E-07
1.7295E-05 6.6667E-07
1.1438E-05 6.6667E-07
1.2263E-05 6.6667E-07
1.0937E-05 6.6667E-07
1.5689E-05 6.6667E-07
1.1815E-05 6.6667E-07
1.0817E-05 6.6667E-07
1.2575E-05 6.6667E-07
1.5109E-05 6.6667E-07
1.1850E-05 6.6667E-07
1.1094E-05 6.6667E-07
1.1650E-05 6.6667E-07
1.3563E-05 6.6667E-07
1.0986E-05 6.6667E-07
1.0305E-05 6.6667E-07
8.1244E-06 6.6667E-07
9.0363E-06 6.6667E-07
1.0957E-05 6.6667E-07
1.0234E-05 6.6667E-07
7.7898E-06 6.6667E-07
7.6350E-06 6.6667E-07
6.6505E-06 6.6667E-07
8.6489E-06 6.6667E-07
5.7789E-06 6.6667E-07
5.1719E-06 6.6667E-07
5.4052E-06 6.6667E-07
7.5558E-06 6.6667E-07
3.2919E-06 6.6667E-07
4.9229E-06 6.6667E-07
4.8123E-06 6.6667E-07
4.7753E-06 6.6667E-07
6.1352E-06 6.6667E-07
2.4394E-06 6.6667E-07
5.3235E-06 6.6667E-07
2.5880E-06 6.6667E-07
5.6725E-06 6.6667E-07
2.5613E-06 6.6667E-07
5.3304E-06 6.6667E-07
4.7864E-06 6.6667E-07
2.6836E-06 6.6667E-07
4.3594E-06 6.6667E-07
5.3132E-06 6.6667E-07
1.8055E-06 6.6667E-07
3.7232E-06 6.6667E-07
4.4332E-06 6.6667E-07
2.5917E-06 6.6667E-07
3.9803E-06 6.6667E-07
4.0433E-06 6.6667E-07
2.4170E-06 6.6667E-07
3.0313E-06 6.6667E-07
2.3688E-06 6.6667E-07
2.9339E-06 6.6667E-07
3.8762E-06 6.6667E-07
2.1066E-06 6.6667E-07
3.1103E-06 6.6667E-07
3.5205E-06 6.6667E-07
1.6313E-06 6.6667E-07
2.8197E-06 6.6667E-07
2.1204E-06 6.6667E-07
2.4706E-06 6.6667E-07
2.9402E-06 6.6667E-07
1.5863E-06 6.6667E-07
2.8566E-06 6.6667E-07
2.7152E-06 6.6667E-07
1.6675E-06 6.6667E-07
2.1636E-06 6.6667E-07
3.0847E-06 6.6667E-07
1.2534E-06 6.6667E-07
1.9226E-06 6.6667E-07
2.9189E-06 6.6667E-07
1.3961E-06 6.6667E-07
2.5914E-06 6.6667E-07
1.2010E-06 6.6667E-07
2.8029E-06 6.6667E-07
2.4658E-06 6.6667E-07
6.9656E-07 6.6667E-07
2.0352E-06 6.6667E-07
2.4874E-06 6.6667E-07
1.4341E-06 6.6667E-07
2.6092E-06 6.6667E-07
1.2022E-06 6.6667E-07
1.3630E-06 6.6667E-07
2.6233E-06 6.6667E-07
1.3702E-06 6.6667E-07
1.4861E-06 6.6667E-07
2.6780E-06 6.6667E-07
1.2210E-06 6.6667E-07
1.3450E-06 6.6667E-07
2.3846E-06 6.6667E-07
1.6404E-06 6.6667E-07
1.6394E-06 6.6667E-07
2.4928E-06 6.6667E-07
1.2409E-06 6.6667E-07
2.2038E-06 6.6667E-07
1.5816E-06 6.6667E-07
1.5889E-06 6.6667E-07
2.0586E-06 6.6667E-07
1.1814E-06 6.6667E-07
1.9457E-06 6.6667E-07
2.1161E-06 6.6667E-07
1.0260E-06 6.6667E-07
2.3396E-06 6.6667E-07
1.4733E-06 6.6667E-07
1.6220E-06 6.6667E-07
1.2952E-06 6.6667E-07
2.0402E-06 6.6667E-07
7.4464E-07 6.6667E-07
2.2488E-06 6.6667E-07
1.1003E-06 6.6667E-07
1.0461E-06 6.6667E-07
1.5885E-06 6.6667E-07
1.3363E-06 6.6667E-07
1.4715E-06 6.6667E-07
1.7900E-06 6.6667E-07
9.8632E-07 6.6667E-07
1.9299E-06 6.6667E-07
1.8892E-06 6.6667E-07
1.1271E-06 6.6667E-07
1.7966E-06 6.6667E-07
1.8065E-06 6.6667E-07
8.8567E-07 6.6667E-07
1.8069E-06 6.6667E-07
2.1518E-06 6.6667E-07
4.8084E-07 6.6667E-07
1.5379E-06 6.6667E-07
1.9911E-06 6.6667E-07
7.1099E-07 6.6667E-07
1.9567E-06 6.6667E-07
9.9202E-07 6.6667E-07
2.0697E-06 6.6667E-07
2.0293E-06 6.6667E-07
6.1836E-07 6.6667E-07
1.8650E-06 6.6667E-07
1.8922E-06 6.6667E-07
8.8666E-07 6.6667E-07
2.2575E-06 6.6667E-07
1.2229E-06 6.6667E-07
1.7436E-06 6.6667E-07
8.5587E-04 6.6667E-07
1.8515E-03 6.6667E-07
1.2692E-03 6.6667E-07
2.4463E-03 6.6667E-07
1.0835E-03 6.6667E-07
6.1195E-04 6.6667E-07
2.5179E-04 6.6667E-07
1.8257E-04 6.6667E-07
5.3132E-04 6.6667E-07
2.3140E-04 6.6667E-07
4.9295E-04 6.6667E-07
2.0776E-04 6.6667E-07
1.6084E-04 6.6667E-07
2.5906E-04 6.6667E-07
1.8718E-04 6.6667E-07
2.0085E-04 6.6667E-07
1.5395E-04 6.6667E-07
1.5625E-04 6.6667E-07
1.2291E-04 6.6667E-07
1.6765E-04 6.6667E-07
1.0087E-04 6.6667E-07
1.2800E-04 6.6667E-07
1.1822E-04 6.6667E-07
1.2595E-04 6.6667E-07
1.2565E-04 6.6667E-07
7.4031E-05 6.6667E-07
1.0104E-04 6.6667E-07
8.6032E-05 6.6667E-07
1.0151E-04 6.6667E-07
5.8671E-05 6.6667E-07
9.6034E-05 6.6667E-07
3.2325E-05 6.6667E-07
1.1645E-04 6.6667E-07
5.1440E-05 6.6667E-07
6.0779E-05 6.6667E-07
8.9062E-05 6.6667E-07
3.0089E-05 6.6667E-07
1.2043E-04 6.6667E-07
4.0227E-05 6.6667E-07
6.0868E-05 6.6667E-07
6.1042E-05 6.6667E-07
7.9326E-05 6.6667E-07
5.4251E-05 6.6667E-07
5.0384E-05 6.6667E-07
4.5012E-05 6.6667E-07
5.8789E-05 6.6667E-07
5.9626E-05 6.6667E-07
3.9223E-05 6.6667E-07
3.8750E-05 6.6667E-07
6.5449E-05 6.6667E-07
3.4638E-05 6.6667E-07
4.1962E-05 6.6667E-07
3.8359E-05 6.6667E-07
5.2386E-05 6.6667E-07
3.6927E-05 6.6667E-07
3.4106E-05 6.6667E-07
3.2671E-05 6.6667E-07
4.2062E-05 6.6667E-07
3.3679E-05 6.6667E-07
3.1209E-05 6.6667E-07
3.1469E-05 6.6667E-07
4.2386E-05 6.6667E-07
2.7650E-05 6.6667E-07
2.6802E-05 6.6667E-07
2.7382E-05 6.6667E-07
3.3332E-05 6.6667E-07
2.6236E-05 6.6667E-07
2.3172E-05 6.6667E-07
2.5431E-05 6.6667E-07
2.8177E-05 6.6667E-07
2.8221E-05 6.6667E-07
2.0745E-05 6.6667E-07
2.0581E-05 6.6667E-07
2.4003E-05 6.6667E-07
2.5228E-05 6.6667E-07
1.6427E-05 6.6667E-07
2.6288E-05 6.6667E-07
9.8186E-06 6.6667E-07
2.1490E-05 6.6667E-07
1.4145E-05 6.6667E-07
1.3577E-05 6.6667E-07
2.2211E-05 6.6667E-07
1.4574E-05 6.6667E-07
2.1473E-05 6.6667E-07
1.4263E-05 6.6667E-07
1.5433E-05 6.6667E-07
1.2757E-05 6.6667E-07
1.7218E-05 6.6667E-07
1.4799E-05 6.6667E-07
1.2651E-05 6.6667E-07
1.4500E-05 6.6667E-07
1.9712E-05 6.6667E-07
1.2585E-05 6.6667E-07
1.3189E-05 6.6667E-07
1.2927E-05 6.6667E-07
1.5493E-05 6.6667E-07
1.6047E-05 6.6667E-07
1.1821E-05 6.6667E-07
1.4855E-05 6.6667E-07
1.7043E-05 6.6667E-07
1.3521E-05 6.6667E-07
1.1255E-05 6.6667E-07
1.0970E-05 6.6667E-07
1.2542E-05 6.6667E-07
1.5399E-05 6.6667E-07
1.4665E-05 6.6667E-07
1.2616E-05 6.6667E-07
1.1612E-05 6.6667E-07
1.3056E-05 6.6667E-07
1.1121E-05 6.6667E-07
1.1004E-05 6.6667E-07
1.1154E-05 6.6667E-07
1.2061E-05 6.6667E-07
8.6502E-06 6.6667E-07
7.1786E-06 6.6667E-07
1.4305E-05 6.6667E-07
9.9875E-06 6.6667E-07
7.9160E-06 6.6667E-07
1.2124E-05 6.6667E-07
6.9411E-06 6.6667E-07
7.5757E-06 6.6667E-07
1.1498E-05 6.6667E-07
6.7916E-06 6.6667E-07
6.1282E-06 6.6667E-07
1.3459E-05 6.6667E-07
6.4782E-06 6.6667E-07
6.6012E-06 6.6667E-07
1.1672E-05 6.6667E-07
8.4259E-06 6.6667E-07
6.2559E-06 6.6667E-07
1.1148E-05 6.6667E-07
6.4494E-06 6.6667E-07
7.5600E-06 6.6667E-07
1.1518E-05 6.6667E-07
6.2945E-06 6.6667E-07
6.2473E-06 6.6667E-07
1.1455E-05 6.6667E-07
7.0628E-06 6.6667E-07
5.5577E-06 6.6667E-07
1.0681E-05 6.6667E-07
6.4665E-06 6.6667E-07
5.6307E-06 6.6667E-07
1.1196E-05 6.6667E-07
6.9452E-06 6.6667E-07
6.4034E-06 6.6667E-07
1.2710E-05 6.6667E-07
6.7766E-06 6.6667E-07
5.6486E-06 6.6667E-07
1.1608E-05 6.6667E-07
5.4237E-06 6.6667E-07
1.0222E-05 6.6667E-07
1.3335E-05 6.6667E-07
7.5584E-06 6.6667E-07
1.0852E-05 6.6667E-07
5.6245E-06 6.6667E-07
1.3551E-05 6.6667E-07
8.1170E-06 6.6667E-07
8.2361E-06 6.6667E-07
1.6138E-05 6.6667E-07
2.9841E-06 6.6667E-07
2.3468E-05 6.6667E-07
9.3914E-06 6.6667E-07
1.0957E-05 6.6667E-07
2.0567E-05 6.6667E-07
1.7669E-05 6.6667E-07
1.9817E-05 6.6667E-07
2.0237E-05 6.6667E-07
1.8622E-05 6.6667E-07
2.4245E-05 6.6667E-07
3.4871E-05 6.6667E-07
1.9133E-05 6.6667E-07
2.5186E-05 6.6667E-07
2.9299E-05 6.6667E-07
4.4682E-05 6.6667E-07
3.7615E-05 6.6667E-07
4.2946E-05 6.6667E-07
4.6082E-05 6.6667E-07
9.0265E-06 6.6667E-07
6.5814E-05 6.6667E-07
2.9157E-05 6.6667E-07
4.5504E-05 6.6667E-07
5.6814E-05 6.6667E-07
1.4517E-05 6.6667E-07
7.8372E-05 6.6667E-07
2.6276E-05 6.6667E-07
4.4839E-05 6.6667E-07
4.0517E-05 6.6667E-07
5.0207E-05 6.6667E-07
3.5863E-05 6.6667E-07
3.4758E-05 6.6667E-07
3.5780E-05 6.6667E-07
4.2383E-05 6.6667E-07
3.2956E-05 6.6667E-07
2.6411E-05 6.6667E-07
3.6169E-05 6.6667E-07
3.5335E-05 6.6667E-07
3.4646E-05 6.6667E-07
2.2322E-05 6.6667E-07
2.8188E-05 6.6667E-07
2.1556E-05 6.6667E-07
3.8660E-05 6.6667E-07
2.2964E-05 6.6667E-07
2.2771E-05 6.6667E-07
3.2683E-05 6.6667E-07
2.9717E-05 6.6667E-07
2.7160E-05 6.6667E-07
2.0580E-05 6.6667E-07
2.2518E-05 6.6667E-07
3.0173E-05 6.6667E-07
2.4994E-05 6.6667E-07
1.8708E-05 6.6667E-07
2.7745E-05 6.6667E-07
2.0431E-05 6.6667E-07
2.5354E-05 6.6667E-07
2.6716E-05 6.6667E-07
2.0040E-05 6.6667E-07
3.0007E-05 6.6667E-07
3.3555E-05 6.6667E-07
3.1638E-05 6.6667E-07
2.7516E-05 6.6667E-07
3.1701E-05 6.6667E-07
2.9032E-05 6.6667E-07
2.9809E-05 6.6667E-07
3.4772E-05 6.6667E-07
2.1139E-05 6.6667E-07
3.4609E-05 6.6667E-07
3.5777E-05 6.6667E-07
2.8855E-05 6.6667E-07
3.8911E-05 6.6667E-07
4.0878E-05 6.6667E-07
3.9420E-05 6.6667E-07
3.6175E-05 6.6667E-07
4.3175E-05 6.6667E-07
4.1575E-05 6.6667E-07
3.6729E-05 6.6667E-07
3.6787E-05 6.6667E-07
2.9088E-05 6.6667E-07
3.2493E-05 6.6667E-07
3.4878E-05 6.6667E-07
2.7405E-05 6.6667E-07
4.1947E-05 6.6667E-07
3.2485E-05 6.6667E-07
3.0819E-05 6.6667E-07
2.9264E-05 6.6667E-07
2.9841E-05 6.6667E-07
2.6038E-05 6.6667E-07
2.8181E-05 6.6667E-07
2.6610E-05 6.6667E-07
2.2572E-05 6.6667E-07
2.4663E-05 6.6667E-07
2.7216E-05 6.6667E-07
1.9196E-05 6.6667E-07
1.5446E-05 6.6667E-07
2.1586E-05 6.6667E-07
2.3080E-05 6.6667E-07
2.1543E-05 6.6667E-07
1.9742E-05 6.6667E-07
2.2870E-05 6.6667E-07
2.2470E-05 6.6667E-07
1.7773E-05 6.6667E-07
1.6685E-05 6.6667E-07
2.3387E-05 6.6667E-07
1.4102E-05 6.6667E-07
1.4698E-05 6.6667E-07
1.8761E-05 6.6667E-07
1.3833E-05 6.6667E-07
1.7967E-05 6.6667E-07
1.7556E-05 6.6667E-07
1.3798E-05 6.6667E-07
1.5901E-05 6.6667E-07
1.3257E-05 6.6667E-07
1.5971E-05 6.6667E-07
1.2257E-05 6.6667E-07
9.8709E-06 6.6667E-07
1.5035E-05 6.6667E-07
1.4806E-05 6.6667E-07
1.4838E-05 6.6667E-07
1.4193E-05 6.6667E-07
1.4289E-05 6.6667E-07
1.7479E-05 6.6667E-07
1.3469E-05 6.6667E-07
1.3240E-05 6.6667E-07
1.2966E-05 6.6667E-07
1.8520E-05 6.6667E-07
1.6065E-05 6.6667E-07
1.2535E-05 6.6667E-07
1.1779E-05 6.6667E-07
1.0181E-05 6.6667E-07
1.2315E-05 6.6667E-07
1.2659E-05 6.6667E-07
1.4569E-05 6.6667E-07
1.2539E-05 6.6667E-07
1.4457E-05 6.6667E-07
1.2362E-05 6.6667E-07
1.2315E-05 6.6667E-07
1.3480E-05 6.6667E-07
1.8595E-05 6.6667E-07
1.1318E-05 6.6667E-07
9.3780E-06 6.6667E-07
1.2659E-05 6.6667E-07
1.7737E-05 6.6667E-07
1.3396E-05 6.6667E-07
1.5541E-05 6.6667E-07
1.6670E-05 6.6667E-07
1.7709E-05 6.6667E-07
1.4373E-05 6.6667E-07
1.7274E-05 6.6667E-07
1.6520E-05 6.6667E-07
1.0935E-05 6.6667E-07
1.5405E-05 6.6667E-07
1.3214E-05 6.6667E-07
1.8054E-05 6.6667E-07
1.7208E-05 6.6667E-07
1.6917E-05 6.6667E-07
1.3832E-05 6.6667E-07
2.0699E-05 6.6667E-07
1.2148E-05 6.6667E-07
1.4928E-05 6.6667E-07
1.3067E-05 6.6667E-07
1.1536E-05 6.6667E-07
8.0206E-06 6.6667E-07
1.9097E-05 6.6667E-07
1.3410E-05 6.6667E-07
1.8288E-05 6.6667E-07
1.8230E-05 6.6667E-07
8.9197E-06 6.6667E-07
1.9621E-05 6.6667E-07
1.6082E-05 6.6667E-07
1.7395E-05 6.6667E-07
1.8164E-05 6.6667E-07
1.1154E-05 6.6667E-07
1.6120E-05 6.6667E-07
1.0727E-05 6.6667E-07
1.6714E-05 6.6667E-07
1.2496E-05 6.6667E-07
2.0828E-05 6.6667E-07
1.1027E-05 6.6667E-07
2.1597E-05 6.6667E-07
1.1403E-05 6.6667E-07
1.4418E-05 6.6667E-07
1.7780E-05 6.6667E-07
2.0456E-05 6.6667E-07
2.2507E-05 6.6667E-07
2.5901E-05 6.6667E-07
2.2268E-05 6.6667E-07
2.4549E-05 6.6667E-07
2.3693E-05 6.6667E-07
1.3319E-05 6.6667E-07
2.3796E-05 6.6667E-07
3.0640E-05 6.6667E-07
4.1494E-05 6.6667E-07
4.4161E-05 6.6667E-07
5.3653E-05 6.6667E-07
4.6218E-05 6.6667E-07
6.0712E-05 6.6667E-07
3.4450E-05 6.6667E-07
2.1578E-05 6.6667E-07
9.4520E-05 6.6667E-07
4.8365E-05 6.6667E-07
6.1171E-05 6.6667E-07
1.1008E-04 6.6667E-07
1.0708E-05 6.6667E-07
1.6878E-04 6.6667E-07
6.5752E-05 6.6667E-07
8.7196E-05 6.6667E-07
9.6449E-05 6.6667E-07
1.3868E-04 6.6667E-07
1.9922E-04 6.6667E-07
1.4322E-04 6.6667E-07
1.4685E-04 6.6667E-07
3.6836E-05 6.6667E-07
1.0337E-04 6.6667E-07
9.8371E-05 6.6667E-07
1.6543E-04 6.6667E-07
9.9113E-05 6.6667E-07
1.1961E-04 6.6667E-07
1.1200E-04 6.6667E-07
9.5086E-05 6.6667E-07
7.6854E-05 6.6667E-07
1.3272E-04 6.6667E-07
6.2659E-05 6.6667E-07
6.7526E-05 6.6667E-07
6.4995E-05 6.6667E-07
8.4505E-05 6.6667E-07
8.4019E-05 6.6667E-07
5.0097E-05 6.6667E-07
8.8577E-05 6.6667E-07
4.6948E-05 6.6667E-07
6.8871E-05 6.6667E-07
3.9033E-05 6.6667E-07
4.8536E-05 6.6667E-07
4.6474E-05 6.6667E-07
5.6574E-05 6.6667E-07
3.8695E-05 6.6667E-07
4.1610E-05 6.6667E-07
2.6969E-05 6.6667E-07
4.5929E-05 6.6667E-07
3.1537E-05 6.6667E-07
2.5564E-05 6.6667E-07
3.1854E-05 6.6667E-07
3.7525E-05 6.6667E-07
2.9232E-05 6.6667E-07
3.0075E-05 6.6667E-07
2.5587E-05 6.6667E-07
2.7793E-05 6.6667E-07
3.1769E-05 6.6667E-07
2.4256E-05 6.6667E-07
1.8924E-05 6.6667E-07
3.4195E-05 6.6667E-07
1.9933E-05 6.6667E-07
1.9657E-05 6.6667E-07
2.6213E-05 6.6667E-07
1.8930E-05 6.6667E-07
2.4624E-05 6.6667E-07
2.7667E-05 6.6667E-07
2.5034E-05 6.6667E-07
2.3182E-05 6.6667E-07
2.4969E-05 6.6667E-07
2.2257E-05 6.6667E-07
2.4050E-05 6.6667E-07
1.5604E-05 6.6667E-07
1.9795E-05 6.6667E-07
2.3554E-05 6.6667E-07
1.4729E-05 6.6667E-07
2.0902E-05 6.6667E-07
1.8520E-05 6.6667E-07
1.9017E-05 6.6667E-07
1.2664E-05 6.6667E-07
2.0616E-05 6.6667E-07
1.3452E-05 6.6667E-07
1.5142E-05 6.6667E-07
1.3068E-05 6.6667E-07
1.2269E-05 6.6667E-07
1.7483E-05 6.6667E-07
1.5352E-05 6.6667E-07
1.0906E-05 6.6667E-07
1.2723E-05 6.6667E-07
1.1805E-05 6.6667E-07
1.2304E-05 6.6667E-07
1.6635E-05 6.6667E-07
1.1290E-05 6.6667E-07
1.1115E-05 6.6667E-07
1.7011E-05 6.6667E-07
9.9907E-06 6.6667E-07
1.0486E-05 6.6667E-07
1.3639E-05 6.6667E-07
1.0217E-05 6.6667E-07
1.5335E-05 6.6667E-07
1.6381E-05 6.6667E-07
1.0061E-05 6.6667E-07
1.5091E-05 6.6667E-07
1.2222E-05 6.6667E-07
1.3985E-05 6.6667E-07
1.8020E-05 6.6667E-07
1.1464E-05 6.6667E-07
1.9246E-05 6.6667E-07
1.8040E-05 6.6667E-07
1.9071E-05 6.6667E-07
1.7017E-05 6.6667E-07
1.8883E-05 6.6667E-07
2.4313E-05 6.6667E-07
2.2883E-05 6.6667E-07
2.5148E-05 6.6667E-07
2.6682E-05 6.6667E-07
3.4629E-05 6.6667E-07
3.4629E-05 6.6667E-07
8.5211E-04 6.6667E-07
2.9366E-05 6.6667E-07
1.4869E-05 6.6667E-07
4.2724E-05 6.6667E-07
4.0498E-05 6.6667E-07
6.9565E-05 6.6667E-07
4.8263E-05 6.6667E-07
7.1132E-05 6.6667E-07
8.9529E-05 6.6667E-07
4.7602E-05 6.6667E-07
6.7975E-07 6.6667E-07
1.3170E-04 6.6667E-07
7.0761E-05 6.6667E-07
1.3622E-04 6.6667E-07
1.2626E-04 6.6667E-07
1.0287E-04 6.6667E-07
1.9633E-04 6.6667E-07
2.1397E-04 6.6667E-07
1.3045E-04 6.6667E-07
2.2158E-04 6.6667E-07
1.9583E-05 6.6667E-07
2.0122E-04 6.6667E-07
8.0757E-05 6.6667E-07
2.0730E-04 6.6667E-07
1.0122E-04 6.6667E-07
1.8174E-04 6.6667E-07
2.3612E-04 6.6667E-07
1.7332E-04 6.6667E-07
2.0498E-04 6.6667E-07
1.4008E-04 6.6667E-07
1.7491E-04 6.6667E-07
2.0408E-04 6.6667E-07
2.1981E-04 6.6667E-07
1.9701E-04 6.6667E-07
1.7078E-04 6.6667E-07
2.2338E-04 6.6667E-07
1.5833E-04 6.6667E-07
1.8713E-04 6.6667E-07
1.5598E-04 6.6667E-07
2.3174E-04 6.6667E-07
1.7128E-04 6.6667E-07
1.6593E-04 6.6667E-07
2.1008E-04 6.6667E-07
1.6277E-04 6.6667E-07
1.9947E-04 6.6667E-07
1.9265E-04 6.6667E-07
1.4692E-04 6.6667E-07
1.4296E-04 6.6667E-07
1.7156E-04 6.6667E-07
2.1088E-04 6.6667E-07
1.5270E-04 6.6667E-07
2.2945E-04 6.6667E-07
1.7010E-04 6.6667E-07
1.6163E-04 6.6667E-07
2.1081E-04 6.6667E-07
2.6584E-04 6.6667E-07
1.7259E-04 6.6667E-07
1.9419E-04 6.6667E-07
1.7380E-04 6.6667E-07
2.0342E-04 6.6667E-07
1.9260E-04 6.6667E-07
1.3613E-04 6.6667E-07
1.5613E-04 6.6667E-07
1.8198E-04 6.6667E-07
1.3444E-04 6.6667E-07
9.8633E-05 6.6667E-07
2.0258E-04 6.6667E-07
9.5733E-05 6.6667E-07
1.1930E-04 6.6667E-07
1.4099E-04 6.6667E-07
8.1890E-05 6.6667E-07
1.2337E-04 6.6667E-07
1.2821E-04 6.6667E-07
1.1055E-04 6.6667E-07
1.0263E-04 6.6667E-07
1.0650E-04 6.6667E-07
1.2172E-04 6.6667E-07
1.1016E-04 6.6667E-07
1.0958E-04 6.6667E-07
8.7469E-05 6.6667E-07
1.2992E-04 6.6667E-07
7.6833E-05 6.6667E-07
1.0020E-04 6.6667E-07
1.0806E-04 6.6667E-07
1.5316E-04 6.6667E-07
9.2970E-05 6.6667E-07
1.0273E-04 6.6667E-07
1.0965E-04 6.6667E-07
1.3387E-04 6.6667E-07
1.4000E-04 6.6667E-07
1.0144E-04 6.6667E-07
1.1027E-04 6.6667E-07
1.7742E-04 6.6667E-07
1.2156E-04 6.6667E-07
1.4990E-04 6.6667E-07
1.4633E-04 6.6667E-07
1.5166E-04 6.6667E-07
1.2968E-04 6.6667E-07
1.1666E-04 6.6667E-07
1.3914E-04 6.6667E-07
9.1207E-05 6.6667E-07
1.2620E-04 6.6667E-07
1.1296E-04 6.6667E-07
1.2507E-04 6.6667E-07
1.4028E-04 6.6667E-07
1.4959E-04 6.6667E-07
1.3067E-04 6.6667E-07
1.2307E-04 6.6667E-07
1.2749E-04 6.6667E-07
1.3640E-04 6.6667E-07
1.1098E-04 6.6667E-07
1.2378E-04 6.6667E-07
1.1496E-04 6.6667E-07
1.3572E-04 6.6667E-07
1.1178E-04 6.6667E-07
8.6417E-05 6.6667E-07
1.0987E-04 6.6667E-07
1.0190E-04 6.6667E-07
1.0469E-04 6.6667E-07
8.6919E-05 6.6667E-07
1.0502E-04 6.6667E-07
8.3071E-05 6.6667E-07
7.4302E-05 6.6667E-07
8.5173E-05 6.6667E-07
6.8422E-05 6.6667E-07
6.7532E-05 6.6667E-07
6.9147E-05 6.6667E-07
5.7860E-05 6.6667E-07
8.2195E-05 6.6667E-07
7.0044E-05 6.6667E-07
6.3072E-05 6.6667E-07
6.1310E-05 6.6667E-07
6.0155E-05 6.6667E-07
6.3090E-05 6.6667E-07
4.9461E-05 6.6667E-07
6.5332E-05 6.6667E-07
4.6118E-05 6.6667E-07
6.7568E-05 6.6667E-07
5.3417E-05 6.6667E-07
4.3849E-05 6.6667E-07
7.4632E-05 6.6667E-07
8.4308E-05 6.6667E-07
6.2789E-05 6.6667E-07
8.0963E-05 6.6667E-07
5.9655E-05 6.6667E-07
7.8086E-05 6.6667E-07
1.2785E-04 6.6667E-07
6.7669E-05 6.6667E-07
1.6700E-04 6.6667E-07
3.7096E-05 6.6667E-07
1.7437E-04 6.6667E-07
9.4970E-05 6.6667E-07
1.0531E-04 6.6667E-07
1.5008E-04 6.6667E-07
2.5095E-04 6.6667E-07
1.5753E-04 6.6667E-07
1.7976E-04 6.6667E-07
2.7532E-04 6.6667E-07
2.5287E-04 6.6667E-07
3.2441E-04 6.6667E-07
4.0807E-04 6.6667E-07
3.3444E-04 6.6667E-07
8.9012E-05 6.6667E-07
6.6556E-04 6.6667E-07
2.7643E-04 6.6667E-07
5.3151E-04 6.6667E-07
4.9442E-04 6.6667E-07
4.7260E-04 6.6667E-07
2.4465E-04 6.6667E-07
3.6059E-04 6.6667E-07
2.8115E-04 6.6667E-07
3.6412E-04 6.6667E-07
2.0751E-04 6.6667E-07
3.7114E-04 6.6667E-07
1.7977E-04 6.6667E-07
1.9975E-04 6.6667E-07
2.2149E-04 6.6667E-07
2.1150E-04 6.6667E-07
1.3442E-04 6.6667E-07
1.4271E-04 6.6667E-07
1.1433E-04 6.6667E-07
1.5097E-04 6.6667E-07
9.1967E-05 6.6667E-07
6.9442E-05 6.6667E-07
1.0823E-04 6.6667E-07
6.0920E-05 6.6667E-07
6.9712E-05 6.6667E-07
7.7319E-05 6.6667E-07
5.4288E-05 6.6667E-07
6.6446E-05 6.6667E-07
5.7092E-05 6.6667E-07
4.9794E-05 6.6667E-07
4.4357E-05 6.6667E-07
5.1517E-05 6.6667E-07
4.7138E-05 6.6667E-07
3.9208E-05 6.6667E-07
4.5387E-05 6.6667E-07
3.7678E-05 6.6667E-07
4.1731E-05 6.6667E-07
3.6093E-05 6.6667E-07
2.7020E-05 6.6667E-07
3.3810E-05 6.6667E-07
3.5730E-05 6.6667E-07
2.9697E-05 6.6667E-07
2.1864E-05 6.6667E-07
2.7748E-05 6.6667E-07
2.4071E-05 6.6667E-07
1.8220E-05 6.6667E-07
2.6357E-05 6.6667E-07
1.8004E-05 6.6667E-07
1.7873E-05 6.6667E-07
2.3800E-05 6.6667E-07
1.7040E-05 6.6667E-07
1.1865E-05 6.6667E-07
2.6491E-05 6.6667E-07
1.3659E-05 6.6667E-07
1.6064E-05 6.6667E-07
2.2699E-05 6.6667E-07
1.2277E-05 6.6667E-07
2.0878E-05 6.6667E-07
1.6686E-05 6.6667E-07
1.7391E-05 6.6667E-07
1.5910E-05 6.6667E-07
1.5655E-05 6.6667E-07
1.5655E-05 6.6667E-07
1.2226E-03 6.6667E-07
2.3114E-05 6.6667E-07
6.0279E-06 6.6667E-07
4.3001E-06 6.6667E-07
7.6688E-06 6.6667E-07
5.5296E-06 6.6667E-07
1.0112E-05 6.6667E-07
1.0201E-05 6.6667E-07
9.7254E-06 6.6667E-07
9.8536E-06 6.6667E-07
9.2885E-06 6.6667E-07
1.4476E-05 6.6667E-07
1.1987E-05 6.6667E-07
1.0116E-05 6.6667E-07
1.0855E-05 6.6667E-07
1.0311E-05 6.6667E-07
1.1166E-05 6.6667E-07
1.1664E-05 6.6667E-07
8.5673E-06 6.6667E-07
1.4229E-05 6.6667E-07
1.0272E-05 6.6667E-07
1.1408E-05 6.6667E-07
1.5424E-05 6.6667E-07
1.1506E-05 6.6667E-07
1.3573E-05 6.6667E-07
1.4418E-05 6.6667E-07
1.2376E-05 6.6667E-07
1.3257E-05 6.6667E-07
1.7871E-05 6.6667E-07
1.1675E-05 6.6667E-07
1.2359E-05 6.6667E-07
1.5328E-05 6.6667E-07
1.7046E-05 6.6667E-07
1.3187E-05 6.6667E-07
1.3293E-05 6.6667E-07
1.6659E-05 6.6667E-07
1.8367E-05 6.6667E-07
1.8275E-05 6.6667E-07
1.4391E-05 6.6667E-07
1.6248E-05 6.6667E-07
2.3757E-05 6.6667E-07
2.3079E-05 6.6667E-07
2.4103E-05 6.6667E-07
2.1403E-05 6.6667E-07
2.2860E-05 6.6667E-07
2.5968E-05 6.6667E-07
2.4138E-05 6.6667E-07
2.9276E-05 6.6667E-07
2.5775E-05 6.6667E-07
4.8527E-05 6.6667E-07
2.3751E-05 6.6667E-07
2.6303E-05 6.6667E-07
4.2453E-05 6.6667E-07
3.3361E-05 6.6667E-07
4.3794E-05 6.6667E-07
3.7156E-05 6.6667E-07
1.4174E-05 6.6667E-07
4.0782E-05 6.6667E-07
3.2887E-05 6.6667E-07
4.6055E-05 6.6667E-07
2.4195E-05 6.6667E-07
4.3622E-05 6.6667E-07
2.8891E-05 6.6667E-07
2.5668E-05 6.6667E-07
3.2619E-05 6.6667E-07
3.9359E-05 6.6667E-07
3.3299E-05 6.6667E-07
2.4697E-05 6.6667E-07
2.6315E-05 6.6667E-07
2.9888E-05 6.6667E-07
2.0311E-05 6.6667E-07
2.5298E-05 6.6667E-07
1.9799E-05 6.6667E-07
1.9183E-05 6.6667E-07
2.3953E-05 6.6667E-07
2.4232E-05 6.6667E-07
1.9802E-05 6.6667E-07
1.7589E-05 6.6667E-07
1.7686E-05 6.6667E-07
1.6403E-05 6.6667E-07
1.5381E-05 6.6667E-07
1.2939E-05 6.6667E-07
1.6885E-05 6.6667E-07
1.4950E-05 6.6667E-07
1.4506E-05 6.6667E-07
1.5959E-05 6.6667E-07
1.7156E-05 6.6667E-07
1.3559E-05 6.6667E-07
1.2204E-05 6.6667E-07
1.5712E-05 6.6667E-07
9.1570E-06 6.6667E-07
1.4753E-05 6.6667E-07
9.7447E-06 6.6667E-07
8.8005E-06 6.6667E-07
1.1830E-05 6.6667E-07
1.8786E-05 6.6667E-07
1.4546E-05 6.6667E-07
1.1806E-05 6.6667E-07
2.1403E-05 6.6667E-07
1.2770E-05 6.6667E-07
1.2819E-05 6.6667E-07
1.6678E-05 6.6667E-07
1.1928E-05 6.6667E-07
1.7390E-05 6.6667E-07
2.4475E-05 6.6667E-07
1.3099E-05 6.6667E-07
2.5091E-05 6.6667E-07
2.0356E-05 6.6667E-07
2.8002E-05 6.6667E-07
2.2738E-05 6.6667E-07
1.8646E-05 6.6667E-07
2.4288E-05 6.6667E-07
2.6772E-05 6.6667E-07
3.3550E-05 6.6667E-07
2.7304E-05 6.6667E-07
2.9941E-05 6.6667E-07
3.5693E-05 6.6667E-07
3.5789E-05 6.6667E-07
3.6177E-05 6.6667E-07
4.9843E-05 6.6667E-07
4.5437E-05 6.6667E-07
4.6646E-05 6.6667E-07
5.7388E-05 6.6667E-07
4.4811E-05 6.6667E-07
6.4724E-05 6.6667E-07
8.8892E-05 6.6667E-07
6.3285E-05 6.6667E-07
7.6915E-05 6.6667E-07
8.1821E-05 6.6667E-07
8.2936E-05 6.6667E-07
8.2722E-05 6.6667E-07
9.6880E-05 6.6667E-07
7.9345E-05 6.6667E-07
1.2033E-04 6.6667E-07
1.1214E-04 6.6667E-07
1.0219E-04 6.6667E-07
3.8293E-05 6.6667E-07
1.3956E-04 6.6667E-07
9.4401E-05 6.6667E-07
1.0703E-04 6.6667E-07
9.3000E-05 6.6667E-07
1.3951E-04 6.6667E-07
7.9679E-05 6.6667E-07
8.6041E-05 6.6667E-07
1.0954E-04 6.6667E-07
1.1746E-04 6.6667E-07
7.8027E-05 6.6667E-07
9.2680E-05 6.6667E-07
7.4324E-05 6.6667E-07
7.4817E-05 6.6667E-07
6.7230E-05 6.6667E-07
5.6001E-05 6.6667E-07
6.6095E-05 6.6667E-07
5.8976E-05 6.6667E-07
4.4956E-05 6.6667E-07
4.4358E-05 6.6667E-07
4.4242E-05 6.6667E-07
5.0631E-05 6.6667E-07
4.0628E-05 6.6667E-07
4.3466E-05 6.6667E-07
4.1689E-05 6.6667E-07
4.3674E-05 6.6667E-07
4.2389E-05 6.6667E-07
3.4042E-05 6.6667E-07
3.3097E-05 6.6667E-07
3.6946E-05 6.6667E-07
2.9943E-05 6.6667E-07
2.9244E-05 6.6667E-07
4.0470E-05 6.6667E-07
2.8418E-05 6.6667E-07
2.7019E-05 6.6667E-07
4.0909E-05 6.6667E-07
2.5162E-05 6.6667E-07
2.9370E-05 6.6667E-07
3.2228E-05 6.6667E-07
3.3067E-05 6.6667E-07
2.2758E-05 6.6667E-07
4.3927E-05 6.6667E-07
2.1224E-05 6.6667E-07
3.0221E-05 6.6667E-07
3.1267E-05 6.6667E-07
2.3515E-05 6.6667E-07
5.1109E-05 6.6667E-07
3.8569E-05 6.6667E-07
3.7204E-05 6.6667E-07
2.7890E-05 6.6667E-07
2.5432E-05 6.6667E-07
4.0789E-05 6.6667E-07
3.7232E-05 6.6667E-07
5.0672E-05 6.6667E-07
4.7329E-05 6.6667E-07
4.2370E-05 6.6667E-07
4.5288E-05 6.6667E-07
4.5484E-05 6.6667E-07
5.7935E-05 6.6667E-07
6.3395E-05 6.6667E-07
5.1114E-05 6.6667E-07
7.8555E-05 6.6667E-07
7.3552E-05 6.6667E-07
6.0131E-05 6.6667E-07
5.1355E-05 6.6667E-07
6.2435E-05 6.6667E-07
7.6879E-05 6.6667E-07
7.5390E-05 6.6667E-07
8.6830E-05 6.6667E-07
7.7781E-05 6.6667E-07
6.5387E-05 6.6667E-07
8.5183E-05 6.6667E-07
6.7188E-05 6.6667E-07
8.1390E-05 6.6667E-07
7.1341E-05 6.6667E-07
7.0107E-05 6.6667E-07
7.5583E-05 6.6667E-07
4.7155E-05 6.6667E-07
7.1496E-05 6.6667E-07
7.4781E-05 6.6667E-07
6.1716E-05 6.6667E-07
7.2874E-05 6.6667E-07
6.8948E-05 6.6667E-07
5.2992E-05 6.6667E-07
6.9150E-05 6.6667E-07
6.0143E-05 6.6667E-07
6.1988E-05 6.6667E-07
6.4349E-05 6.6667E-07
4.7672E-05 6.6667E-07
6.6520E-05 6.6667E-07
5.5978E-05 6.6667E-07
5.0589E-05 6.6667E-07
5.9165E-05 6.6667E-07
6.7788E-05 6.6667E-07
7.1243E-05 6.6667E-07
5.9250E-05 6.6667E-07
6.7106E-05 6.6667E-07
6.4141E-05 6.6667E-07
8.0088E-05 6.6667E-07
8.8397E-05 6.6667E-07
5.7468E-05 6.6667E-07
6.4644E-05 6.6667E-07
9.2113E-05 6.6667E-07
1.0172E-04 6.6667E-07
1.1064E-04 6.6667E-07
1.4671E-04 6.6667E-07
1.5381E-04 6.6667E-07
1.5611E-04 6.6667E-07
1.9333E-04 6.6667E-07
8.6990E-05 6.6667E-07
1.5882E-04 6.6667E-07
2.0475E-04 6.6667E-07
1.2976E-04 6.6667E-07
3.6484E-04 6.6667E-07
1.7568E-04 6.6667E-07
2.5637E-04 6.6667E-07
2.3900E-04 6.6667E-07
1.8912E-04 6.6667E-07
1.2198E-04 6.6667E-07
2.9703E-04 6.6667E-07
1.3388E-04 6.6667E-07
1.6549E-04 6.6667E-07
1.9039E-04 6.6667E-07
2.4338E-04 6.6667E-07
1.6975E-04 6.6667E-07
2.8350E-04 6.6667E-07
1.7356E-04 6.6667E-07
2.1842E-04 6.6667E-07
2.1378E-04 6.6667E-07
2.5202E-04 6.6667E-07
2.2441E-04 6.6667E-07
1.6268E-04 6.6667E-07
1.9419E-04 6.6667E-07
2.4581E-04 6.6667E-07
1.8838E-04 6.6667E-07
1.9215E-04 6.6667E-07
2.2099E-04 6.6667E-07
1.7253E-04 6.6667E-07
1.3920E-04 6.6667E-07
1.6740E-04 6.6667E-07
1.0432E-04 6.6667E-07
1.4227E-04 6.6667E-07
1.1279E-04 6.6667E-07
1.0135E-04 6.6667E-07
1.3144E-04 6.6667E-07
1.5665E-04 6.6667E-07
7.8574E-05 6.6667E-07
1.0364E-04 6.6667E-07
7.1501E-05 6.6667E-07
9.1618E-05 6.6667E-07
1.1668E-04 6.6667E-07
5.7751E-05 6.6667E-07
1.0651E-04 6.6667E-07
5.7020E-05 6.6667E-07
9.2406E-05 6.6667E-07
5.6730E-05 6.6667E-07
6.3408E-05 6.6667E-07
7.1083E-05 6.6667E-07
8.2212E-05 6.6667E-07
4.9972E-05 6.6667E-07
5.8220E-05 6.6667E-07
3.5637E-05 6.6667E-07
5.5672E-05 6.6667E-07
4.6347E-05 6.6667E-07
2.9542E-05 6.6667E-07
4.4467E-05 6.6667E-07
4.3305E-05 6.6667E-07
2.2626E-05 6.6667E-07
2.5575E-05 6.6667E-07
2.0224E-05 6.6667E-07
2.2266E-05 6.6667E-07
2.3915E-05 6.6667E-07
1.6363E-05 6.6667E-07
1.1501E-05 6.6667E-07
2.3962E-05 6.6667E-07
1.0807E-05 6.6667E-07
1.2208E-05 6.6667E-07
1.9891E-05 6.6667E-07
1.0682E-05 6.6667E-07
1.6841E-05 6.6667E-07
1.2653E-05 6.6667E-07
1.5750E-05 6.6667E-07
9.7169E-06 6.6667E-07
1.1983E-05 6.6667E-07
1.2616E-05 6.6667E-07
1.6005E-05 6.6667E-07
9.6892E-06 6.6667E-07
8.0662E-06 6.6667E-07
1.3740E-05 6.6667E-07
1.3822E-05 6.6667E-07
9.8634E-06 6.6667E-07
1.0507E-05 6.6667E-07
1.0958E-05 6.6667E-07
1.1098E-05 6.6667E-07
1.1303E-05 6.6667E-07
7.4042E-06 6.6667E-07
1.0180E-05 6.6667E-07
6.6252E-06 6.6667E-07
1.2977E-05 6.6667E-07
6.2039E-06 6.6667E-07
7.7262E-06 6.6667E-07
6.6069E-06 6.6667E-07
8.6032E-06 6.6667E-07
5.5962E-06 6.6667E-07
4.9439E-06 6.6667E-07
5.6310E-06 6.6667E-07
6.6607E-06 6.6667E-07
3.7898E-06 6.6667E-07
4.9893E-06 6.6667E-07
3.6650E-06 6.6667E-07
3.9744E-06 6.6667E-07
5.0307E-06 6.6667E-07
3.3166E-06 6.6667E-07
5.9559E-06 6.6667E-07
3.7362E-06 6.6667E-07
4.1468E-06 6.6667E-07
5.7222E-06 6.6667E-07
3.5808E-06 6.6667E-07
5.8059E-06 6.6667E-07
1.8816E-06 6.6667E-07
5.7418E-06 6.6667E-07
2.2261E-06 6.6667E-07
3.7559E-06 6.6667E-07
4.3030E-06 6.6667E-07
3.3423E-06 6.6667E-07
5.0535E-06 6.6667E-07
4.6615E-06 6.6667E-07
2.9210E-06 6.6667E-07
4.1453E-06 6.6667E-07
5.0771E-06 6.6667E-07
1.2303E-06 6.6667E-07
3.7811E-06 6.6667E-07
5.2605E-06 6.6667E-07
1.1903E-06 6.6667E-07
4.0935E-06 6.6667E-07
3.6771E-06 6.6667E-07
2.0504E-06 6.6667E-07
3.3375E-06 6.6667E-07
3.5341E-06 6.6667E-07
1.3094E-06 6.6667E-07
2.0045E-06 6.6667E-07
3.0681E-06 6.6667E-07
1.5740E-06 6.6667E-07
2.9221E-06 6.6667E-07
1.9057E-06 6.6667E-07
2.6222E-06 6.6667E-07
3.1250E-06 6.6667E-07
1.7204E-06 6.6667E-07
2.0156E-06 6.6667E-07
3.7658E-06 6.6667E-07
9.4949E-07 6.6667E-07
3.1406E-06 6.6667E-07
3.1245E-06 6.6667E-07
1.4306E-06 6.6667E-07
2.8704E-06 6.6667E-07
3.4463E-06 6.6667E-07
9.7930E-07 6.6667E-07
2.7030E-06 6.6667E-07
2.4748E-06 6.6667E-07
1.2258E-06 6.6667E-07
2.8271E-06 6.6667E-07
1.9776E-06 6.6667E-07
2.2604E-06 6.6667E-07
2.6496E-06 6.6667E-07
1.3479E-06 6.6667E-07
2.5042E-06 6.6667E-07
2.7160E-06 6.6667E-07
1.1052E-06 6.6667E-07
3.3176E-06 6.6667E-07
1.6393E-06 6.6667E-07
1.7876E-06 6.6667E-07
2.8737E-06 6.6667E-07
1.7427E-06 6.6667E-07
1.5507E-06 6.6667E-07
2.1989E-06 6.6667E-07
1.8483E-06 6.6667E-07
1.9696E-06 6.6667E-07
2.1750E-06 6.6667E-07
1.9177E-06 6.6667E-07
1.6044E-06 6.6667E-07
2.6128E-06 6.6667E-07
9.2167E-07 6.6667E-07
3.1153E-06 6.6667E-07
1.1654E-06 6.6667E-07
1.5171E-06 6.6667E-07
2.2529E-06 6.6667E-07
1.3082E-06 6.6667E-07
2.2199E-06 6.6667E-07
1.4549E-06 6.6667E-07
1.8612E-06 6.6667E-07
1.5225E-06 6.6667E-07
2.4232E-06 6.6667E-07
1.3426E-06 6.6667E-07
1.8621E-06 6.6667E-07
2.5325E-06 6.6667E-07
1.3742E-06 6.6667E-07
1.3742E-06 6.6667E-07
7.9692E-04 6.6667E-07
1.8405E-06 6.6667E-07
1.9124E-06 6.6667E-07
1.8146E-06 6.6667E-07
1.8082E-06 6.6667E-07
1.9341E-06 6.6667E-07
2.1576E-06 6.6667E-07
1.4581E-06 6.6667E-07
1.8028E-06 6.6667E-07
2.1527E-06 6.6667E-07
1.0902E-06 6.6667E-07
2.1066E-06 6.6667E-07
2.0847E-06 6.6667E-07
1.3527E-06 6.6667E-07
1.3014E-06 6.6667E-07
2.3094E-06 6.6667E-07
1.2223E-06 6.6667E-07
1.9615E-06 6.6667E-07
9.7470E-07 6.6667E-07
2.1829E-06 6.6667E-07
1.6289E-06 6.6667E-07
1.3936E-06 6.6667E-07
1.2297E-06 6.6667E-07
2.1142E-06 6.6667E-07
1.1190E-06 6.6667E-07
1.8058E-06 6.6667E-07
1.4859E-06 6.6667E-07
1.7425E-06 6.6667E-07
1.7475E-06 6.6667E-07
8.5673E-07 6.6667E-07
1.7559E-06 6.6667E-07
2.0944E-06 6.6667E-07
4.6703E-07 6.6667E-07
1.3241E-06 6.6667E-07
2.0411E-06 6.6667E-07
5.0768E-07 6.6667E-07
2.1868E-06 6.6667E-07
6.3757E-07 6.6667E-07
1.0106E-06 6.6667E-07
2.0311E-06 6.6667E-07
1.2472E-06 6.6667E-07
1.4118E-06 6.6667E-07
1.4701E-06 6.6667E-07
6.4042E-07 6.6667E-07
1.8391E-06 6.6667E-07
1.1122E-06 6.6667E-07
1.4428E-06 6.6667E-07
1.2080E-06 6.6667E-07
1.6607E-06 6.6667E-07
8.7510E-07 6.6667E-07
1.3167E-06 6.6667E-07
1.0401E-06 6.6667E-07
1.2171E-06 6.6667E-07
1.0185E-06 6.6667E-07
1.0035E-06 6.6667E-07
1.0125E-06 6.6667E-07
1.2183E-06 6.6667E-07
6.9874E-07 6.6667E-07
1.1076E-06 6.6667E-07
6.8646E-07 6.6667E-07
1.2219E-06 6.6667E-07
7.0016E-07 6.6667E-07
8.6911E-07 6.6667E-07
9.6606E-07 6.6667E-07
1.1327E-06 6.6667E-07
4.4620E-07 6.6667E-07
1.0093E-06 6.6667E-07
8.6144E-07 6.6667E-07
6.7493E-07 6.6667E-07
7.2364E-07 6.6667E-07
9.5352E-07 6.6667E-07
4.8002E-07 6.6667E-07
8.0668E-07 6.6667E-07
8.9383E-07 6.6667E-07
4.5307E-07 6.6667E-07
9.5976E-07 6.6667E-07
6.0238E-07 6.6667E-07
7.4774E-07 6.6667E-07
8.2372E-07 6.6667E-07
3.7688E-07 6.6667E-07
6.8783E-07 6.6667E-07
7.5249E-07 6.6667E-07
3.8198E-07 6.6667E-07
7.2996E-07 6.6667E-07
3.9153E-07 6.6667E-07
6.7204E-07 6.6667E-07
8.3703E-07 6.6667E-07
4.1176E-07 6.6667E-07
5.6465E-07 6.6667E-07
8.4386E-07 6.6667E-07
2.4435E-07 6.6667E-07
9.4391E-07 6.6667E-07
4.3290E-07 6.6667E-07
5.8795E-07 6.6667E-07
