RMS Step   Target
2.8264E-04 8.0000E-04
1.1004E-03 8.0000E-04
1.0756E-03 8.0000E-04
3.3077E-03 8.0000E-04
1.8730E-03 8.0000E-04
6.3921E-04 8.0000E-04
4.9093E-04 8.0000E-04
4.4371E-04 8.0000E-04
1.7403E-03 8.0000E-04
2.4136E-03 8.0000E-04
4.5702E-04 8.0000E-04
5.2099E-04 8.0000E-04
7.3718E-04 8.0000E-04
1.4424E-03 8.0000E-04
2.2632E-03 8.0000E-04
3.0434E-04 8.0000E-04
5.3340E-04 8.0000E-04
8.9787E-04 8.0000E-04
1.1790E-03 8.0000E-04
1.3503E-03 8.0000E-04
8.1761E-04 8.0000E-04
1.2122E-03 8.0000E-04
1.3890E-03 8.0000E-04
7.8945E-04 8.0000E-04
9.4077E-04 8.0000E-04
7.0108E-04 8.0000E-04
1.0272E-03 8.0000E-04
1.7968E-03 8.0000E-04
6.7122E-04 8.0000E-04
3.2017E-04 8.0000E-04
9.6795E-04 8.0000E-04
1.8802E-03 8.0000E-04
3.3472E-04 8.0000E-04
4.1032E-04 8.0000E-04
8.5571E-04 8.0000E-04
1.2840E-03 8.0000E-04
3.0129E-03 8.0000E-04
6.4904E-04 8.0000E-04
2.0414E-04 8.0000E-04
7.2032E-04 8.0000E-04
1.5763E-03 8.0000E-04
1.1840E-03 8.0000E-04
9.1611E-04 8.0000E-04
9.6890E-04 8.0000E-04
1.4635E-03 8.0000E-04
4.6447E-04 8.0000E-04
7.3100E-04 8.0000E-04
6.8848E-04 8.0000E-04
1.8536E-03 8.0000E-04
5.8245E-04 8.0000E-04
4.0288E-04 8.0000E-04
8.0350E-04 8.0000E-04
1.3817E-03 8.0000E-04
8.2552E-04 8.0000E-04
6.6906E-04 8.0000E-04
7.6325E-04 8.0000E-04
1.3531E-03 8.0000E-04
6.3289E-04 8.0000E-04
5.5744E-04 8.0000E-04
6.4637E-04 8.0000E-04
1.4803E-03 8.0000E-04
5.8751E-04 8.0000E-04
6.0112E-04 8.0000E-04
6.5708E-04 8.0000E-04
1.3903E-03 8.0000E-04
6.2548E-04 8.0000E-04
6.1285E-04 8.0000E-04
5.7645E-04 8.0000E-04
9.5519E-04 8.0000E-04
7.0653E-04 8.0000E-04
1.1607E-03 8.0000E-04
4.4044E-04 8.0000E-04
4.4384E-04 8.0000E-04
1.1467E-03 8.0000E-04
6.6485E-04 8.0000E-04
3.0182E-04 8.0000E-04
9.4250E-04 8.0000E-04
9.4250E-04 8.0000E-04
1.1177E-03 8.0000E-04
8.9665E-05 8.0000E-04
3.0282E-04 8.0000E-04
5.4107E-04 8.0000E-04
1.0073E-03 8.0000E-04
1.8455E-03 8.0000E-04
4.1036E-04 8.0000E-04
9.2213E-05 8.0000E-04
4.5362E-04 8.0000E-04
1.0035E-03 8.0000E-04
3.1981E-04 8.0000E-04
7.7578E-04 8.0000E-04
5.7353E-04 8.0000E-04
1.4194E-03 8.0000E-04
4.5718E-04 8.0000E-04
2.4922E-04 8.0000E-04
3.9203E-04 8.0000E-04
8.0514E-04 8.0000E-04
4.2194E-04 8.0000E-04
9.7597E-04 8.0000E-04
5.9816E-04 8.0000E-04
1.0984E-03 8.0000E-04
1.0548E-03 8.0000E-04
2.8444E-04 8.0000E-04
2.3112E-04 8.0000E-04
4.9540E-04 8.0000E-04
1.0199E-03 8.0000E-04
6.8563E-04 8.0000E-04
9.2822E-04 8.0000E-04
7.3544E-04 8.0000E-04
9.4627E-04 8.0000E-04
4.5536E-04 8.0000E-04
3.2999E-04 8.0000E-04
5.2536E-04 8.0000E-04
7.9735E-04 8.0000E-04
8.1904E-04 8.0000E-04
9.8879E-04 8.0000E-04
7.7052E-04 8.0000E-04
5.3085E-04 8.0000E-04
4.9309E-04 8.0000E-04
3.9229E-04 8.0000E-04
4.5706E-04 8.0000E-04
9.3173E-04 8.0000E-04
9.8584E-04 8.0000E-04
2.9419E-04 8.0000E-04
9.0589E-04 8.0000E-04
4.5946E-04 8.0000E-04
5.9851E-04 8.0000E-04
5.5227E-04 8.0000E-04
6.6250E-04 8.0000E-04
3.0793E-04 8.0000E-04
1.1914E-03 8.0000E-04
7.0783E-04 8.0000E-04
4.2350E-04 8.0000E-04
6.2444E-04 8.0000E-04
5.0476E-04 8.0000E-04
6.5424E-04 8.0000E-04
7.0000E-04 8.0000E-04
5.7436E-04 8.0000E-04
7.3154E-04 8.0000E-04
7.6181E-04 8.0000E-04
1.0953E-03 8.0000E-04
5.6847E-04 8.0000E-04
4.5545E-04 8.0000E-04
4.0470E-04 8.0000E-04
7.1094E-04 8.0000E-04
6.8266E-04 8.0000E-04
1.6086E-03 8.0000E-04
1.3454E-03 8.0000E-04
9.0746E-04 8.0000E-04
3.6564E-04 8.0000E-04
5.5020E-04 8.0000E-04
5.6725E-04 8.0000E-04
6.1860E-04 8.0000E-04
1.4303E-03 8.0000E-04
1.9631E-03 8.0000E-04
1.3100E-03 8.0000E-04
1.4184E-03 8.0000E-04
1.4314E-03 8.0000E-04
1.1922E-03 8.0000E-04
8.2326E-04 8.0000E-04
7.5041E-04 8.0000E-04
2.0222E-03 8.0000E-04
7.9965E-04 8.0000E-04
4.4136E-03 8.0000E-04
1.1804E-03 8.0000E-04
9.5937E-04 8.0000E-04
2.8389E-03 8.0000E-04
3.2407E-03 8.0000E-04
2.5215E-03 8.0000E-04
1.5236E-03 8.0000E-04
2.6071E-03 8.0000E-04
8.9717E-04 8.0000E-04
5.6167E-03 8.0000E-04
1.8254E-03 8.0000E-04
9.1298E-04 8.0000E-04
3.7359E-03 8.0000E-04
3.1970E-03 8.0000E-04
3.1133E-03 8.0000E-04
1.4574E-03 8.0000E-04
1.6178E-03 8.0000E-04
8.4445E-04 8.0000E-04
5.5523E-03 8.0000E-04
3.8032E-03 8.0000E-04
3.6542E-04 8.0000E-04
1.3690E-03 8.0000E-04
3.4591E-03 8.0000E-04
1.8883E-03 8.0000E-04
9.4231E-04 8.0000E-04
4.8433E-04 8.0000E-04
5.6115E-04 8.0000E-04
1.4035E-03 8.0000E-04
9.7095E-04 8.0000E-04
5.1552E-04 8.0000E-04
1.2429E-03 8.0000E-04
9.2652E-04 8.0000E-04
5.3772E-04 8.0000E-04
1.5090E-03 8.0000E-04
6.7210E-04 8.0000E-04
7.7988E-04 8.0000E-04
1.4866E-03 8.0000E-04
2.1412E-04 8.0000E-04
2.2687E-04 8.0000E-04
5.6549E-04 8.0000E-04
1.1293E-03 8.0000E-04
1.1661E-03 8.0000E-04
5.7382E-04 8.0000E-04
7.4587E-04 8.0000E-04
8.2661E-04 8.0000E-04
5.7954E-04 8.0000E-04
1.2027E-03 8.0000E-04
5.2830E-04 8.0000E-04
4.6049E-04 8.0000E-04
1.1110E-03 8.0000E-04
1.2479E-03 8.0000E-04
3.4964E-04 8.0000E-04
8.7632E-04 8.0000E-04
8.2499E-04 8.0000E-04
2.0235E-03 8.0000E-04
7.6583E-04 8.0000E-04
7.7349E-04 8.0000E-04
7.4090E-04 8.0000E-04
1.6623E-03 8.0000E-04
7.4913E-04 8.0000E-04
1.8394E-03 8.0000E-04
1.0985E-03 8.0000E-04
1.7660E-03 8.0000E-04
2.1114E-03 8.0000E-04
1.2132E-03 8.0000E-04
5.9039E-04 8.0000E-04
1.4255E-03 8.0000E-04
9.5376E-04 8.0000E-04
1.4484E-03 8.0000E-04
3.8161E-03 8.0000E-04
1.4764E-03 8.0000E-04
5.6140E-04 8.0000E-04
2.0296E-03 8.0000E-04
1.1381E-03 8.0000E-04
7.0669E-04 8.0000E-04
3.3092E-03 8.0000E-04
1.1534E-03 8.0000E-04
3.5715E-04 8.0000E-04
1.8160E-03 8.0000E-04
5.8275E-04 8.0000E-04
8.0686E-04 8.0000E-04
1.6616E-03 8.0000E-04
1.0066E-03 8.0000E-04
3.5112E-04 8.0000E-04
1.3685E-03 8.0000E-04
6.5731E-04 8.0000E-04
7.1759E-04 8.0000E-04
1.5974E-03 8.0000E-04
4.9299E-04 8.0000E-04
2.6647E-04 8.0000E-04
8.9699E-04 8.0000E-04
5.6664E-04 8.0000E-04
6.6025E-04 8.0000E-04
1.5528E-03 8.0000E-04
7.3417E-04 8.0000E-04
3.1535E-04 8.0000E-04
7.0991E-04 8.0000E-04
4.1659E-04 8.0000E-04
5.7066E-04 8.0000E-04
1.3569E-03 8.0000E-04
1.0048E-03 8.0000E-04
3.7265E-04 8.0000E-04
6.1783E-04 8.0000E-04
6.6256E-04 8.0000E-04
6.4531E-04 8.0000E-04
1.7563E-03 8.0000E-04
4.4754E-04 8.0000E-04
1.4431E-04 8.0000E-04
7.7881E-04 8.0000E-04
6.0582E-04 8.0000E-04
9.8238E-04 8.0000E-04
1.1877E-03 8.0000E-04
5.3032E-04 8.0000E-04
1.7903E-04 8.0000E-04
8.6983E-04 8.0000E-04
8.3219E-04 8.0000E-04
3.8254E-04 8.0000E-04
8.3135E-04 8.0000E-04
4.4663E-04 8.0000E-04
1.8329E-03 8.0000E-04
3.5337E-04 8.0000E-04
1.7442E-04 8.0000E-04
5.6150E-04 8.0000E-04
1.7387E-03 8.0000E-04
4.1724E-04 8.0000E-04
7.3050E-04 8.0000E-04
3.7614E-04 8.0000E-04
1.0308E-03 8.0000E-04
1.5829E-03 8.0000E-04
3.1241E-04 8.0000E-04
2.8230E-04 8.0000E-04
9.3943E-04 8.0000E-04
1.1113E-03 8.0000E-04
4.6921E-04 8.0000E-04
1.1000E-03 8.0000E-04
4.5809E-04 8.0000E-04
1.4501E-03 8.0000E-04
6.6075E-04 8.0000E-04
9.4013E-04 8.0000E-04
3.0854E-04 8.0000E-04
1.6790E-03 8.0000E-04
3.4902E-04 8.0000E-04
9.7360E-04 8.0000E-04
1.4870E-03 8.0000E-04
1.3824E-03 8.0000E-04
5.4129E-04 8.0000E-04
1.5801E-03 8.0000E-04
3.7682E-04 8.0000E-04
9.7963E-04 8.0000E-04
1.0076E-03 8.0000E-04
1.8354E-03 8.0000E-04
3.5426E-04 8.0000E-04
9.5914E-04 8.0000E-04
1.0793E-03 8.0000E-04
1.5306E-03 8.0000E-04
7.1260E-04 8.0000E-04
5.6041E-04 8.0000E-04
9.5952E-04 8.0000E-04
7.1836E-04 8.0000E-04
1.6053E-03 8.0000E-04
6.5134E-04 8.0000E-04
9.8116E-04 8.0000E-04
7.4211E-04 8.0000E-04
2.2631E-03 8.0000E-04
5.9889E-04 8.0000E-04
3.8449E-04 8.0000E-04
5.5110E-04 8.0000E-04
8.7356E-04 8.0000E-04
1.3921E-03 8.0000E-04
7.2497E-04 8.0000E-04
9.0091E-04 8.0000E-04
1.2795E-03 8.0000E-04
2.5681E-03 8.0000E-04
4.0447E-04 8.0000E-04
2.2182E-03 8.0000E-04
1.2632E-03 8.0000E-04
1.2632E-03 8.0000E-04
2.7287E-04 8.0000E-04
1.0750E-03 8.0000E-04
1.7945E-03 8.0000E-04
1.4006E-03 8.0000E-04
9.6801E-04 8.0000E-04
1.9719E-03 8.0000E-04
1.3351E-03 8.0000E-04
1.7238E-03 8.0000E-04
2.7498E-03 8.0000E-04
7.7229E-04 8.0000E-04
2.0954E-03 8.0000E-04
4.5336E-04 8.0000E-04
1.7333E-03 8.0000E-04
1.8208E-03 8.0000E-04
2.4946E-03 8.0000E-04
3.4764E-03 8.0000E-04
8.5485E-04 8.0000E-04
3.1839E-03 8.0000E-04
1.1352E-03 8.0000E-04
1.1939E-03 8.0000E-04
4.3274E-03 8.0000E-04
5.2804E-03 8.0000E-04
2.0103E-03 8.0000E-04
2.3086E-03 8.0000E-04
2.7897E-03 8.0000E-04
3.3638E-03 8.0000E-04
1.8934E-03 8.0000E-04
4.7411E-03 8.0000E-04
1.8423E-03 8.0000E-04
1.2097E-03 8.0000E-04
2.2555E-03 8.0000E-04
1.9123E-03 8.0000E-04
2.8769E-03 8.0000E-04
1.4292E-03 8.0000E-04
8.1514E-04 8.0000E-04
1.8564E-03 8.0000E-04
2.3537E-03 8.0000E-04
5.2124E-04 8.0000E-04
3.8582E-04 8.0000E-04
2.1303E-03 8.0000E-04
1.5275E-03 8.0000E-04
5.9090E-04 8.0000E-04
1.9012E-03 8.0000E-04
1.2587E-03 8.0000E-04
7.7097E-04 8.0000E-04
1.3742E-03 8.0000E-04
9.2633E-04 8.0000E-04
2.7991E-04 8.0000E-04
6.6565E-04 8.0000E-04
5.9403E-04 8.0000E-04
1.6385E-03 8.0000E-04
6.0710E-04 8.0000E-04
3.0622E-04 8.0000E-04
1.0477E-03 8.0000E-04
9.5048E-04 8.0000E-04
7.5115E-04 8.0000E-04
7.0361E-04 8.0000E-04
4.5859E-04 8.0000E-04
1.0169E-03 8.0000E-04
6.3844E-04 8.0000E-04
3.8037E-04 8.0000E-04
7.9336E-04 8.0000E-04
9.6155E-04 8.0000E-04
5.6011E-04 8.0000E-04
4.2038E-04 8.0000E-04
5.2181E-04 8.0000E-04
6.0203E-04 8.0000E-04
7.3499E-04 8.0000E-04
1.0961E-03 8.0000E-04
5.3019E-04 8.0000E-04
6.2810E-04 8.0000E-04
1.1896E-03 8.0000E-04
6.1662E-04 8.0000E-04
5.8061E-04 8.0000E-04
6.3289E-04 8.0000E-04
9.0034E-04 8.0000E-04
6.1984E-04 8.0000E-04
9.3792E-04 8.0000E-04
9.5166E-04 8.0000E-04
5.6713E-04 8.0000E-04
9.2358E-04 8.0000E-04
4.0461E-04 8.0000E-04
4.0922E-04 8.0000E-04
6.7439E-04 8.0000E-04
9.2440E-04 8.0000E-04
3.4714E-04 8.0000E-04
8.1020E-04 8.0000E-04
4.1683E-04 8.0000E-04
8.6233E-04 8.0000E-04
9.3963E-04 8.0000E-04
2.6140E-04 8.0000E-04
2.9042E-04 8.0000E-04
4.6183E-04 8.0000E-04
1.0389E-03 8.0000E-04
4.1886E-04 8.0000E-04
4.1761E-04 8.0000E-04
6.5721E-04 8.0000E-04
8.3730E-04 8.0000E-04
6.1313E-04 8.0000E-04
2.7086E-04 8.0000E-04
4.5126E-04 8.0000E-04
4.8228E-04 8.0000E-04
7.5403E-04 8.0000E-04
9.0803E-04 8.0000E-04
5.6314E-04 8.0000E-04
4.5575E-04 8.0000E-04
1.0846E-03 8.0000E-04
5.0388E-04 8.0000E-04
2.0753E-04 8.0000E-04
6.6058E-04 8.0000E-04
8.3186E-04 8.0000E-04
7.3354E-04 8.0000E-04
9.2314E-04 8.0000E-04
8.8797E-04 8.0000E-04
1.3462E-03 8.0000E-04
8.5946E-04 8.0000E-04
5.1544E-04 8.0000E-04
1.0124E-03 8.0000E-04
7.8108E-04 8.0000E-04
1.1008E-03 8.0000E-04
1.1638E-03 8.0000E-04
1.6847E-03 8.0000E-04
5.4495E-04 8.0000E-04
1.7465E-03 8.0000E-04
9.0101E-04 8.0000E-04
1.7521E-03 8.0000E-04
2.5207E-03 8.0000E-04
9.3929E-04 8.0000E-04
4.3002E-04 8.0000E-04
2.6163E-03 8.0000E-04
7.2764E-04 8.0000E-04
2.4223E-03 8.0000E-04
2.3084E-03 8.0000E-04
4.0372E-03 8.0000E-04
5.2780E-04 8.0000E-04
3.1451E-03 8.0000E-04
3.4136E-03 8.0000E-04
2.6168E-03 8.0000E-04
3.4869E-03 8.0000E-04
8.6423E-04 8.0000E-04
3.5331E-03 8.0000E-04
1.3229E-03 8.0000E-04
1.1710E-03 8.0000E-04
4.2140E-03 8.0000E-04
2.4231E-03 8.0000E-04
1.1603E-03 8.0000E-04
4.9750E-03 8.0000E-04
2.8730E-03 8.0000E-04
1.2938E-03 8.0000E-04
1.6434E-03 8.0000E-04
3.2418E-03 8.0000E-04
1.0318E-03 8.0000E-04
3.0008E-03 8.0000E-04
2.6027E-03 8.0000E-04
8.2163E-04 8.0000E-04
4.7633E-03 8.0000E-04
1.1797E-03 8.0000E-04
9.6169E-04 8.0000E-04
4.6432E-03 8.0000E-04
1.0258E-03 8.0000E-04
1.6727E-03 8.0000E-04
5.5119E-03 8.0000E-04
1.0127E-03 8.0000E-04
1.3881E-03 8.0000E-04
1.1887E-03 8.0000E-04
1.7826E-03 8.0000E-04
4.2111E-03 8.0000E-04
2.2210E-03 8.0000E-04
3.7534E-04 8.0000E-04
2.2506E-03 8.0000E-04
1.1954E-03 8.0000E-04
3.7517E-03 8.0000E-04
3.0340E-03 8.0000E-04
1.7965E-03 8.0000E-04
2.2828E-03 8.0000E-04
1.8951E-03 8.0000E-04
3.6892E-03 8.0000E-04
5.3644E-04 8.0000E-04
1.2816E-03 8.0000E-04
2.3812E-03 8.0000E-04
4.4437E-03 8.0000E-04
2.5721E-03 8.0000E-04
1.5583E-03 8.0000E-04
1.8328E-03 8.0000E-04
1.6437E-03 8.0000E-04
3.6405E-03 8.0000E-04
1.4622E-03 8.0000E-04
1.0176E-03 8.0000E-04
2.0713E-03 8.0000E-04
1.4658E-03 8.0000E-04
2.7263E-03 8.0000E-04
1.4849E-03 8.0000E-04
9.0204E-04 8.0000E-04
1.3745E-03 8.0000E-04
1.4766E-03 8.0000E-04
1.1231E-03 8.0000E-04
1.3868E-03 8.0000E-04
1.8404E-03 8.0000E-04
1.4954E-03 8.0000E-04
2.5135E-03 8.0000E-04
7.8347E-04 8.0000E-04
1.3277E-03 8.0000E-04
1.4646E-03 8.0000E-04
2.8419E-03 8.0000E-04
2.3955E-03 8.0000E-04
7.0688E-04 8.0000E-04
1.0608E-03 8.0000E-04
1.6773E-03 8.0000E-04
1.3806E-03 8.0000E-04
1.9121E-03 8.0000E-04
2.5741E-03 8.0000E-04
2.7159E-03 8.0000E-04
2.0359E-03 8.0000E-04
1.8331E-03 8.0000E-04
1.8092E-03 8.0000E-04
2.4318E-03 8.0000E-04
2.6417E-03 8.0000E-04
1.8990E-03 8.0000E-04
3.7299E-03 8.0000E-04
1.2031E-03 8.0000E-04
2.6692E-03 8.0000E-04
2.1071E-03 8.0000E-04
2.4678E-03 8.0000E-04
2.4788E-03 8.0000E-04
3.5144E-03 8.0000E-04
1.1755E-03 8.0000E-04
2.4611E-03 8.0000E-04
2.1235E-03 8.0000E-04
2.0467E-03 8.0000E-04
2.1402E-03 8.0000E-04
1.1897E-03 8.0000E-04
4.6702E-03 8.0000E-04
1.4761E-03 8.0000E-04
1.9786E-03 8.0000E-04
1.4598E-03 8.0000E-04
2.9793E-03 8.0000E-04
1.8852E-03 8.0000E-04
1.4488E-03 8.0000E-04
1.0595E-03 8.0000E-04
8.5233E-04 8.0000E-04
1.4787E-03 8.0000E-04
1.3137E-03 8.0000E-04
1.0400E-03 8.0000E-04
1.3143E-03 8.0000E-04
1.1204E-03 8.0000E-04
8.1958E-04 8.0000E-04
1.2070E-03 8.0000E-04
1.0202E-03 8.0000E-04
6.5771E-04 8.0000E-04
1.0926E-03 8.0000E-04
7.3497E-04 8.0000E-04
8.3956E-04 8.0000E-04
1.8214E-03 8.0000E-04
5.7916E-04 8.0000E-04
3.0698E-04 8.0000E-04
1.2204E-03 8.0000E-04
1.6578E-03 8.0000E-04
2.7963E-04 8.0000E-04
6.7136E-04 8.0000E-04
9.2702E-04 8.0000E-04
1.5976E-03 8.0000E-04
1.7866E-03 8.0000E-04
1.2243E-03 8.0000E-04
9.1086E-04 8.0000E-04
1.3520E-03 8.0000E-04
2.2334E-03 8.0000E-04
1.3888E-03 8.0000E-04
8.7825E-04 8.0000E-04
1.7678E-03 8.0000E-04
2.3113E-03 8.0000E-04
2.6246E-03 8.0000E-04
1.5781E-03 8.0000E-04
2.0451E-03 8.0000E-04
2.6409E-03 8.0000E-04
3.1397E-03 8.0000E-04
1.8199E-03 8.0000E-04
5.5447E-03 8.0000E-04
2.1144E-03 8.0000E-04
1.3024E-03 8.0000E-04
5.0776E-03 8.0000E-04
3.8755E-03 8.0000E-04
2.1960E-03 8.0000E-04
7.0661E-03 8.0000E-04
7.0661E-03 8.0000E-04
1.2370E-09 8.0000E-04
2.8264E-04 8.0000E-04
2.0548E-04 8.0000E-04
4.8425E-04 8.0000E-04
7.9497E-04 8.0000E-04
1.6403E-03 8.0000E-04
2.0869E-03 8.0000E-04
4.9775E-04 8.0000E-04
8.1127E-04 8.0000E-04
1.3726E-03 8.0000E-04
2.6552E-03 8.0000E-04
2.1565E-03 8.0000E-04
1.0716E-03 8.0000E-04
1.0777E-03 8.0000E-04
1.9167E-03 8.0000E-04
1.6348E-03 8.0000E-04
5.7986E-04 8.0000E-04
6.9447E-04 8.0000E-04
9.8183E-04 8.0000E-04
1.5521E-03 8.0000E-04
4.7393E-04 8.0000E-04
1.0731E-03 8.0000E-04
6.2098E-04 8.0000E-04
8.0501E-04 8.0000E-04
8.1814E-04 8.0000E-04
4.5667E-04 8.0000E-04
6.0840E-04 8.0000E-04
1.2360E-03 8.0000E-04
2.1703E-04 8.0000E-04
3.0259E-04 8.0000E-04
8.2314E-04 8.0000E-04
9.7374E-04 8.0000E-04
1.3698E-03 8.0000E-04
4.4478E-04 8.0000E-04
8.6751E-04 8.0000E-04
6.2330E-04 8.0000E-04
3.7088E-04 8.0000E-04
1.0168E-03 8.0000E-04
6.4860E-04 8.0000E-04
9.7986E-04 8.0000E-04
1.2176E-03 8.0000E-04
2.3138E-04 8.0000E-04
2.1233E-04 8.0000E-04
5.7574E-04 8.0000E-04
8.1077E-04 8.0000E-04
9.7900E-04 8.0000E-04
2.7449E-04 8.0000E-04
6.0644E-04 8.0000E-04
4.4540E-04 8.0000E-04
3.9769E-04 8.0000E-04
6.5152E-04 8.0000E-04
4.2092E-04 8.0000E-04
9.6684E-04 8.0000E-04
6.1690E-04 8.0000E-04
1.4077E-04 8.0000E-04
5.5820E-04 8.0000E-04
3.6740E-04 8.0000E-04
1.2941E-03 8.0000E-04
2.8401E-04 8.0000E-04
3.5305E-04 8.0000E-04
6.5085E-04 8.0000E-04
1.2645E-03 8.0000E-04
3.3156E-04 8.0000E-04
9.1176E-04 8.0000E-04
2.1869E-04 8.0000E-04
6.0409E-04 8.0000E-04
9.4721E-04 8.0000E-04
9.4511E-04 8.0000E-04
5.5317E-04 8.0000E-04
1.1574E-03 8.0000E-04
7.8002E-04 8.0000E-04
4.4332E-04 8.0000E-04
1.8095E-03 8.0000E-04
4.0058E-04 8.0000E-04
2.9311E-04 8.0000E-04
1.3893E-03 8.0000E-04
1.1669E-03 8.0000E-04
1.4713E-03 8.0000E-04
1.1693E-03 8.0000E-04
8.0704E-04 8.0000E-04
4.9693E-04 8.0000E-04
1.8978E-03 8.0000E-04
4.6853E-04 8.0000E-04
7.4681E-04 8.0000E-04
1.2977E-03 8.0000E-04
1.1368E-03 8.0000E-04
2.2578E-03 8.0000E-04
5.7355E-04 8.0000E-04
1.7333E-04 8.0000E-04
1.4282E-03 8.0000E-04
8.3496E-04 8.0000E-04
1.4922E-03 8.0000E-04
1.0289E-03 8.0000E-04
7.0099E-04 8.0000E-04
1.6372E-03 8.0000E-04
1.8854E-03 8.0000E-04
3.3775E-04 8.0000E-04
2.0626E-03 8.0000E-04
6.8673E-04 8.0000E-04
1.3606E-03 8.0000E-04
1.4676E-03 8.0000E-04
2.2112E-03 8.0000E-04
4.2017E-04 8.0000E-04
2.2485E-03 8.0000E-04
4.0933E-04 8.0000E-04
6.9306E-04 8.0000E-04
1.6948E-03 8.0000E-04
1.0761E-03 8.0000E-04
1.1836E-03 8.0000E-04
2.2103E-03 8.0000E-04
9.4196E-04 8.0000E-04
4.5899E-04 8.0000E-04
2.7215E-03 8.0000E-04
7.0164E-04 8.0000E-04
1.1230E-03 8.0000E-04
8.5281E-04 8.0000E-04
9.0373E-04 8.0000E-04
9.4245E-04 8.0000E-04
1.3854E-03 8.0000E-04
6.8498E-04 8.0000E-04
7.1687E-04 8.0000E-04
1.2558E-03 8.0000E-04
8.8940E-04 8.0000E-04
1.1419E-03 8.0000E-04
8.4195E-04 8.0000E-04
8.5847E-04 8.0000E-04
7.4700E-04 8.0000E-04
1.2780E-03 8.0000E-04
5.1987E-04 8.0000E-04
5.9933E-04 8.0000E-04
5.0676E-04 8.0000E-04
1.0638E-03 8.0000E-04
1.5233E-03 8.0000E-04
2.9313E-04 8.0000E-04
2.3068E-04 8.0000E-04
7.0863E-04 8.0000E-04
9.3481E-04 8.0000E-04
5.2726E-04 8.0000E-04
8.2624E-04 8.0000E-04
6.4611E-04 8.0000E-04
4.8304E-04 8.0000E-04
6.3117E-04 8.0000E-04
6.3173E-04 8.0000E-04
5.6429E-04 8.0000E-04
1.2801E-03 8.0000E-04
8.1579E-04 8.0000E-04
3.8725E-04 8.0000E-04
8.3608E-04 8.0000E-04
5.7426E-04 8.0000E-04
5.9000E-04 8.0000E-04
1.2794E-03 8.0000E-04
1.1859E-03 8.0000E-04
1.5268E-04 8.0000E-04
1.0877E-03 8.0000E-04
5.9616E-04 8.0000E-04
1.3506E-03 8.0000E-04
1.4617E-03 8.0000E-04
5.8812E-04 8.0000E-04
1.9305E-04 8.0000E-04
1.0266E-03 8.0000E-04
1.3686E-03 8.0000E-04
4.5855E-04 8.0000E-04
9.5054E-04 8.0000E-04
7.6810E-04 8.0000E-04
2.1035E-03 8.0000E-04
9.3395E-04 8.0000E-04
2.9503E-04 8.0000E-04
9.9634E-04 8.0000E-04
1.5173E-03 8.0000E-04
1.2875E-03 8.0000E-04
1.6889E-03 8.0000E-04
1.1576E-03 8.0000E-04
1.4599E-03 8.0000E-04
1.6554E-03 8.0000E-04
9.2888E-04 8.0000E-04
1.6000E-03 8.0000E-04
1.2751E-03 8.0000E-04
3.3222E-03 8.0000E-04
5.1146E-04 8.0000E-04
1.3956E-03 8.0000E-04
1.6804E-03 8.0000E-04
3.5291E-03 8.0000E-04
3.2553E-03 8.0000E-04
7.8066E-04 8.0000E-04
4.1263E-03 8.0000E-04
1.4009E-03 8.0000E-04
4.9427E-03 8.0000E-04
3.9060E-03 8.0000E-04
3.3840E-03 8.0000E-04
1.9363E-03 8.0000E-04
6.1861E-03 8.0000E-04
1.4591E-03 8.0000E-04
2.1697E-03 8.0000E-04
3.8605E-03 8.0000E-04
1.6731E-03 8.0000E-04
1.0358E-03 8.0000E-04
3.9744E-03 8.0000E-04
5.2300E-03 8.0000E-04
1.5444E-03 8.0000E-04
1.6095E-03 8.0000E-04
1.6921E-03 8.0000E-04
1.3673E-03 8.0000E-04
1.8540E-03 8.0000E-04
9.1317E-04 8.0000E-04
1.0829E-03 8.0000E-04
8.6264E-04 8.0000E-04
1.1674E-03 8.0000E-04
9.6080E-04 8.0000E-04
6.5569E-04 8.0000E-04
8.3142E-04 8.0000E-04
1.4595E-03 8.0000E-04
8.1062E-04 8.0000E-04
4.3140E-04 8.0000E-04
7.3204E-04 8.0000E-04
9.5385E-04 8.0000E-04
3.4432E-04 8.0000E-04
4.7953E-04 8.0000E-04
5.7076E-04 8.0000E-04
1.2236E-03 8.0000E-04
5.7498E-04 8.0000E-04
6.2770E-04 8.0000E-04
6.9234E-04 8.0000E-04
1.0417E-03 8.0000E-04
5.8683E-04 8.0000E-04
7.4547E-04 8.0000E-04
6.7046E-04 8.0000E-04
8.5295E-04 8.0000E-04
1.0581E-03 8.0000E-04
4.9409E-04 8.0000E-04
4.6870E-04 8.0000E-04
1.0620E-03 8.0000E-04
1.1401E-03 8.0000E-04
4.2759E-04 8.0000E-04
1.1709E-03 8.0000E-04
5.5439E-04 8.0000E-04
6.0208E-04 8.0000E-04
1.4114E-03 8.0000E-04
9.8131E-04 8.0000E-04
3.3797E-04 8.0000E-04
1.5594E-03 8.0000E-04
5.7003E-04 8.0000E-04
8.7850E-04 8.0000E-04
2.7563E-03 8.0000E-04
9.6120E-04 8.0000E-04
7.5376E-04 8.0000E-04
1.0135E-03 8.0000E-04
1.0411E-03 8.0000E-04
1.6213E-03 8.0000E-04
3.0202E-03 8.0000E-04
1.0198E-03 8.0000E-04
5.1453E-04 8.0000E-04
2.0301E-03 8.0000E-04
1.0995E-03 8.0000E-04
4.2011E-03 8.0000E-04
1.4375E-03 8.0000E-04
6.1733E-04 8.0000E-04
1.9752E-03 8.0000E-04
1.4962E-03 8.0000E-04
2.5667E-03 8.0000E-04
1.0958E-03 8.0000E-04
5.2558E-04 8.0000E-04
3.8761E-03 8.0000E-04
1.6182E-03 8.0000E-04
6.9604E-04 8.0000E-04
3.2629E-03 8.0000E-04
1.8161E-03 8.0000E-04
7.2753E-04 8.0000E-04
2.3684E-03 8.0000E-04
8.7058E-04 8.0000E-04
1.3262E-03 8.0000E-04
2.0730E-03 8.0000E-04
4.2051E-04 8.0000E-04
1.1253E-03 8.0000E-04
2.1263E-03 8.0000E-04
7.7796E-04 8.0000E-04
7.2817E-04 8.0000E-04
1.0898E-03 8.0000E-04
2.0250E-03 8.0000E-04
3.1907E-04 8.0000E-04
9.4249E-04 8.0000E-04
9.6148E-04 8.0000E-04
1.0447E-03 8.0000E-04
1.4703E-03 8.0000E-04
6.0344E-04 8.0000E-04
1.6743E-03 8.0000E-04
1.5126E-03 8.0000E-04
2.9663E-04 8.0000E-04
7.6811E-04 8.0000E-04
7.9571E-04 8.0000E-04
2.4400E-03 8.0000E-04
8.4250E-04 8.0000E-04
8.1858E-04 8.0000E-04
1.1889E-03 8.0000E-04
2.8285E-03 8.0000E-04
6.8726E-04 8.0000E-04
1.7625E-03 8.0000E-04
6.8205E-04 8.0000E-04
1.7521E-03 8.0000E-04
2.2252E-03 8.0000E-04
2.3672E-03 8.0000E-04
2.3397E-03 8.0000E-04
2.4837E-03 8.0000E-04
2.0112E-03 8.0000E-04
5.4101E-03 8.0000E-04
1.9714E-03 8.0000E-04
1.8654E-03 8.0000E-04
2.0998E-03 8.0000E-04
2.4966E-03 8.0000E-04
3.6083E-03 8.0000E-04
4.0407E-03 8.0000E-04
1.5532E-03 8.0000E-04
7.0661E-03 8.0000E-04
2.9737E-03 8.0000E-04
8.1956E-04 8.0000E-04
5.4097E-03 8.0000E-04
1.9130E-03 8.0000E-04
1.9741E-03 8.0000E-04
4.6701E-03 8.0000E-04
1.5521E-03 8.0000E-04
1.6855E-03 8.0000E-04
1.8365E-03 8.0000E-04
2.2268E-03 8.0000E-04
1.0975E-03 8.0000E-04
2.1878E-03 8.0000E-04
2.5343E-03 8.0000E-04
1.5801E-03 8.0000E-04
2.1836E-03 8.0000E-04
1.9181E-03 8.0000E-04
1.8196E-03 8.0000E-04
1.7017E-03 8.0000E-04
1.4659E-03 8.0000E-04
1.4122E-03 8.0000E-04
2.2090E-03 8.0000E-04
1.4853E-03 8.0000E-04
8.7782E-04 8.0000E-04
1.6175E-03 8.0000E-04
2.1754E-03 8.0000E-04
9.1944E-04 8.0000E-04
7.0414E-04 8.0000E-04
2.0436E-03 8.0000E-04
1.7578E-03 8.0000E-04
1.0021E-03 8.0000E-04
1.1986E-03 8.0000E-04
1.4414E-03 8.0000E-04
1.1023E-03 8.0000E-04
1.2057E-03 8.0000E-04
1.6007E-03 8.0000E-04
1.1149E-03 8.0000E-04
1.2898E-03 8.0000E-04
1.2503E-03 8.0000E-04
9.7358E-04 8.0000E-04
8.7801E-04 8.0000E-04
1.4910E-03 8.0000E-04
9.9062E-04 8.0000E-04
5.8869E-04 8.0000E-04
1.4291E-03 8.0000E-04
9.6371E-04 8.0000E-04
4.2889E-04 8.0000E-04
1.2193E-03 8.0000E-04
1.1800E-03 8.0000E-04
1.8486E-04 8.0000E-04
6.2209E-04 8.0000E-04
4.6128E-04 8.0000E-04
1.4489E-03 8.0000E-04
4.0944E-04 8.0000E-04
1.7395E-04 8.0000E-04
3.3593E-04 8.0000E-04
8.0505E-04 8.0000E-04
3.1348E-04 8.0000E-04
5.8497E-04 8.0000E-04
3.3649E-04 8.0000E-04
5.5748E-04 8.0000E-04
6.6443E-04 8.0000E-04
2.0605E-04 8.0000E-04
1.2642E-04 8.0000E-04
3.5204E-04 8.0000E-04
6.8438E-04 8.0000E-04
4.7662E-04 8.0000E-04
3.5810E-04 8.0000E-04
4.3341E-04 8.0000E-04
7.1431E-04 8.0000E-04
3.6451E-04 8.0000E-04
2.6936E-04 8.0000E-04
3.5003E-04 8.0000E-04
6.9888E-04 8.0000E-04
5.0513E-04 8.0000E-04
5.9831E-04 8.0000E-04
4.5271E-04 8.0000E-04
4.6691E-04 8.0000E-04
5.5160E-04 8.0000E-04
7.4023E-04 8.0000E-04
1.6817E-04 8.0000E-04
2.6451E-04 8.0000E-04
4.4166E-04 8.0000E-04
8.4653E-04 8.0000E-04
3.7781E-04 8.0000E-04
2.9184E-04 8.0000E-04
3.4364E-04 8.0000E-04
6.2695E-04 8.0000E-04
1.7142E-04 8.0000E-04
1.9328E-04 8.0000E-04
3.0217E-04 8.0000E-04
6.2245E-04 8.0000E-04
2.8026E-04 8.0000E-04
1.3397E-04 8.0000E-04
2.2795E-04 8.0000E-04
4.4287E-04 8.0000E-04
2.7829E-04 8.0000E-04
2.6881E-04 8.0000E-04
2.7422E-04 8.0000E-04
3.5702E-04 8.0000E-04
1.8992E-04 8.0000E-04
2.4762E-04 8.0000E-04
2.5516E-04 8.0000E-04
3.3134E-04 8.0000E-04
4.7429E-04 8.0000E-04
2.7489E-04 8.0000E-04
1.3223E-04 8.0000E-04
3.6757E-04 8.0000E-04
4.8161E-04 8.0000E-04
7.6791E-05 8.0000E-04
2.2020E-04 8.0000E-04
2.8027E-04 8.0000E-04
5.8619E-04 8.0000E-04
2.2829E-04 8.0000E-04
9.0177E-05 8.0000E-04
2.0734E-04 8.0000E-04
4.1810E-04 8.0000E-04
2.0175E-04 8.0000E-04
2.3057E-04 8.0000E-04
2.6109E-04 8.0000E-04
4.8350E-04 8.0000E-04
2.5688E-04 8.0000E-04
1.0591E-04 8.0000E-04
1.7140E-04 8.0000E-04
2.7531E-04 8.0000E-04
2.5779E-04 8.0000E-04
3.2248E-04 8.0000E-04
2.8495E-04 8.0000E-04
2.3924E-04 8.0000E-04
3.3182E-04 8.0000E-04
1.8498E-04 8.0000E-04
1.0999E-04 8.0000E-04
3.5418E-04 8.0000E-04
3.7858E-04 8.0000E-04
9.4815E-05 8.0000E-04
2.2827E-04 8.0000E-04
2.4798E-04 8.0000E-04
5.4753E-04 8.0000E-04
1.7668E-04 8.0000E-04
6.6907E-05 8.0000E-04
2.4177E-04 8.0000E-04
5.0048E-04 8.0000E-04
9.3541E-05 8.0000E-04
1.3532E-04 8.0000E-04
2.5899E-04 8.0000E-04
3.9032E-04 8.0000E-04
5.8625E-04 8.0000E-04
4.1745E-05 8.0000E-04
5.3581E-05 8.0000E-04
1.6074E-04 8.0000E-04
5.0695E-04 8.0000E-04
1.8662E-04 8.0000E-04
1.6460E-04 8.0000E-04
2.5510E-04 8.0000E-04
4.1329E-04 8.0000E-04
6.0575E-04 8.0000E-04
5.7126E-05 8.0000E-04
6.2717E-05 8.0000E-04
1.3824E-04 8.0000E-04
5.7615E-04 8.0000E-04
3.1509E-04 8.0000E-04
1.7384E-04 8.0000E-04
3.4584E-04 8.0000E-04
3.4908E-04 8.0000E-04
1.8640E-04 8.0000E-04
2.2713E-04 8.0000E-04
1.9862E-04 8.0000E-04
3.6800E-04 8.0000E-04
4.2419E-04 8.0000E-04
2.6033E-04 8.0000E-04
1.4115E-04 8.0000E-04
2.4353E-04 8.0000E-04
4.4703E-04 8.0000E-04
9.4208E-05 8.0000E-04
1.2148E-04 8.0000E-04
1.8774E-04 8.0000E-04
4.4623E-04 8.0000E-04
3.6743E-04 8.0000E-04
1.4064E-04 8.0000E-04
2.1020E-04 8.0000E-04
2.7962E-04 8.0000E-04
2.5777E-04 8.0000E-04
4.9410E-04 8.0000E-04
2.7534E-04 8.0000E-04
2.1780E-04 8.0000E-04
4.6124E-04 8.0000E-04
3.0858E-04 8.0000E-04
6.1852E-05 8.0000E-04
2.8229E-04 8.0000E-04
3.9269E-04 8.0000E-04
1.4003E-04 8.0000E-04
3.2691E-04 8.0000E-04
2.9187E-04 8.0000E-04
5.5599E-04 8.0000E-04
3.7001E-04 8.0000E-04
8.6010E-05 8.0000E-04
2.3782E-04 8.0000E-04
3.2977E-04 8.0000E-04
3.1440E-04 8.0000E-04
4.4242E-04 8.0000E-04
4.0688E-04 8.0000E-04
4.6588E-04 8.0000E-04
3.0876E-04 8.0000E-04
9.4551E-05 8.0000E-04
2.8264E-04 8.0000E-04
1.1004E-03 8.0000E-04
1.0756E-03 8.0000E-04
3.3077E-03 8.0000E-04
1.8730E-03 8.0000E-04
6.3921E-04 8.0000E-04
4.9093E-04 8.0000E-04
4.4371E-04 8.0000E-04
1.7403E-03 8.0000E-04
2.4136E-03 8.0000E-04
4.5702E-04 8.0000E-04
5.2099E-04 8.0000E-04
7.3718E-04 8.0000E-04
1.4424E-03 8.0000E-04
2.2632E-03 8.0000E-04
3.0434E-04 8.0000E-04
5.3340E-04 8.0000E-04
8.9787E-04 8.0000E-04
1.1790E-03 8.0000E-04
1.3503E-03 8.0000E-04
8.1761E-04 8.0000E-04
1.2122E-03 8.0000E-04
1.3890E-03 8.0000E-04
7.8945E-04 8.0000E-04
9.4077E-04 8.0000E-04
7.0108E-04 8.0000E-04
1.0273E-03 8.0000E-04
1.7968E-03 8.0000E-04
6.7122E-04 8.0000E-04
3.2018E-04 8.0000E-04
9.6795E-04 8.0000E-04
1.8802E-03 8.0000E-04
3.3472E-04 8.0000E-04
4.1032E-04 8.0000E-04
8.5571E-04 8.0000E-04
1.2840E-03 8.0000E-04
3.0129E-03 8.0000E-04
6.4902E-04 8.0000E-04
2.0415E-04 8.0000E-04
7.2031E-04 8.0000E-04
1.5764E-03 8.0000E-04
1.1840E-03 8.0000E-04
9.1609E-04 8.0000E-04
9.6888E-04 8.0000E-04
1.4636E-03 8.0000E-04
4.6448E-04 8.0000E-04
7.3094E-04 8.0000E-04
6.8848E-04 8.0000E-04
1.8534E-03 8.0000E-04
5.8261E-04 8.0000E-04
4.0298E-04 8.0000E-04
8.0353E-04 8.0000E-04
1.3817E-03 8.0000E-04
8.2547E-04 8.0000E-04
6.6907E-04 8.0000E-04
7.6323E-04 8.0000E-04
1.3532E-03 8.0000E-04
6.3279E-04 8.0000E-04
5.5745E-04 8.0000E-04
6.4636E-04 8.0000E-04
1.4804E-03 8.0000E-04
5.8762E-04 8.0000E-04
6.0105E-04 8.0000E-04
6.5710E-04 8.0000E-04
1.3902E-03 8.0000E-04
6.2537E-04 8.0000E-04
6.1298E-04 8.0000E-04
5.7641E-04 8.0000E-04
9.5530E-04 8.0000E-04
7.0671E-04 8.0000E-04
1.1605E-03 8.0000E-04
4.4037E-04 8.0000E-04
4.4404E-04 8.0000E-04
1.1465E-03 8.0000E-04
6.6447E-04 8.0000E-04
3.0220E-04 8.0000E-04
9.4201E-04 8.0000E-04
1.1184E-03 8.0000E-04
8.3775E-05 8.0000E-04
2.9387E-04 8.0000E-04
5.7609E-04 8.0000E-04
8.8665E-04 8.0000E-04
1.0680E-03 8.0000E-04
5.5100E-04 8.0000E-04
4.3584E-04 8.0000E-04
4.9712E-04 8.0000E-04
1.0353E-03 8.0000E-04
2.3724E-04 8.0000E-04
5.2070E-04 8.0000E-04
5.3774E-04 8.0000E-04
1.3241E-03 8.0000E-04
5.0524E-04 8.0000E-04
3.8490E-04 8.0000E-04
4.5340E-04 8.0000E-04
8.8502E-04 8.0000E-04
4.6444E-04 8.0000E-04
7.2461E-04 8.0000E-04
6.4453E-04 8.0000E-04
8.9073E-04 8.0000E-04
9.2705E-04 8.0000E-04
9.5295E-04 8.0000E-04
1.5593E-04 8.0000E-04
2.8659E-04 8.0000E-04
6.6601E-04 8.0000E-04
9.9407E-04 8.0000E-04
9.3033E-04 8.0000E-04
1.0455E-03 8.0000E-04
6.5969E-04 8.0000E-04
3.8890E-04 8.0000E-04
3.7899E-04 8.0000E-04
5.9134E-04 8.0000E-04
5.3813E-04 8.0000E-04
1.1100E-03 8.0000E-04
6.9116E-04 8.0000E-04
4.9102E-04 8.0000E-04
9.2629E-04 8.0000E-04
5.0601E-04 8.0000E-04
1.5929E-04 8.0000E-04
5.0549E-04 8.0000E-04
7.7057E-04 8.0000E-04
4.3873E-04 8.0000E-04
1.4274E-03 8.0000E-04
3.9049E-04 8.0000E-04
4.7031E-04 8.0000E-04
5.9364E-04 8.0000E-04
4.4891E-04 8.0000E-04
2.3205E-04 8.0000E-04
1.0255E-03 8.0000E-04
7.2399E-04 8.0000E-04
5.0275E-04 8.0000E-04
1.2459E-03 8.0000E-04
6.6129E-04 8.0000E-04
2.6274E-04 8.0000E-04
6.4826E-04 8.0000E-04
4.3953E-04 8.0000E-04
6.1662E-04 8.0000E-04
1.5072E-03 8.0000E-04
9.8350E-04 8.0000E-04
1.7027E-04 8.0000E-04
6.7231E-04 8.0000E-04
3.9016E-04 8.0000E-04
5.8167E-04 8.0000E-04
1.6649E-03 8.0000E-04
9.2557E-04 8.0000E-04
1.3994E-04 8.0000E-04
1.3105E-03 8.0000E-04
5.6425E-04 8.0000E-04
2.9824E-04 8.0000E-04
8.9776E-04 8.0000E-04
7.1469E-04 8.0000E-04
1.6584E-03 8.0000E-04
5.3036E-04 8.0000E-04
3.4273E-04 8.0000E-04
9.6561E-04 8.0000E-04
2.0193E-03 8.0000E-04
3.6982E-04 8.0000E-04
6.4395E-04 8.0000E-04
1.1601E-03 8.0000E-04
1.2519E-03 8.0000E-04
4.9492E-03 8.0000E-04
2.6644E-03 8.0000E-04
5.1678E-04 8.0000E-04
8.2907E-04 8.0000E-04
3.1472E-03 8.0000E-04
3.0387E-03 8.0000E-04
3.0642E-04 8.0000E-04
1.5536E-03 8.0000E-04
1.1091E-03 8.0000E-04
5.8489E-03 8.0000E-04
7.0933E-04 8.0000E-04
2.4322E-03 8.0000E-04
1.3789E-03 8.0000E-04
3.4818E-03 8.0000E-04
2.7489E-03 8.0000E-04
2.1444E-03 8.0000E-04
2.7380E-03 8.0000E-04
1.2528E-03 8.0000E-04
7.0661E-03 8.0000E-04
3.8609E-03 8.0000E-04
4.5700E-04 8.0000E-04
2.2919E-03 8.0000E-04
2.6241E-03 8.0000E-04
3.1182E-03 8.0000E-04
6.7295E-04 8.0000E-04
6.6413E-04 8.0000E-04
8.1846E-04 8.0000E-04
2.9976E-03 8.0000E-04
6.4614E-04 8.0000E-04
5.9874E-04 8.0000E-04
6.3981E-04 8.0000E-04
2.1811E-03 8.0000E-04
1.1497E-03 8.0000E-04
1.0761E-03 8.0000E-04
5.4867E-04 8.0000E-04
1.2164E-03 8.0000E-04
1.7391E-03 8.0000E-04
3.1405E-04 8.0000E-04
2.7994E-04 8.0000E-04
4.7779E-04 8.0000E-04
1.1234E-03 8.0000E-04
4.8200E-04 8.0000E-04
4.2058E-04 8.0000E-04
8.5140E-04 8.0000E-04
9.2470E-04 8.0000E-04
1.9218E-03 8.0000E-04
1.8769E-04 8.0000E-04
6.4104E-04 8.0000E-04
7.0581E-04 8.0000E-04
1.0950E-03 8.0000E-04
1.0037E-03 8.0000E-04
5.2004E-04 8.0000E-04
7.2751E-04 8.0000E-04
1.0646E-03 8.0000E-04
5.5222E-04 8.0000E-04
8.2996E-04 8.0000E-04
6.1688E-04 8.0000E-04
1.2189E-03 8.0000E-04
1.3520E-03 8.0000E-04
1.1020E-03 8.0000E-04
8.0417E-04 8.0000E-04
1.1141E-03 8.0000E-04
1.2569E-03 8.0000E-04
9.3535E-04 8.0000E-04
9.6393E-04 8.0000E-04
2.3396E-03 8.0000E-04
4.7401E-04 8.0000E-04
1.1027E-03 8.0000E-04
1.1028E-03 8.0000E-04
2.1276E-03 8.0000E-04
1.5668E-03 8.0000E-04
1.0381E-03 8.0000E-04
8.3158E-04 8.0000E-04
1.7441E-03 8.0000E-04
1.1368E-03 8.0000E-04
1.7776E-03 8.0000E-04
1.2017E-03 8.0000E-04
2.1655E-03 8.0000E-04
6.6595E-04 8.0000E-04
1.5302E-03 8.0000E-04
4.2123E-04 8.0000E-04
1.1593E-03 8.0000E-04
1.5777E-03 8.0000E-04
8.8392E-04 8.0000E-04
7.4938E-04 8.0000E-04
9.7480E-04 8.0000E-04
9.9945E-04 8.0000E-04
5.1429E-04 8.0000E-04
5.4647E-04 8.0000E-04
8.1472E-04 8.0000E-04
1.1090E-03 8.0000E-04
8.5001E-04 8.0000E-04
3.6793E-04 8.0000E-04
1.4702E-03 8.0000E-04
7.8161E-04 8.0000E-04
5.7938E-04 8.0000E-04
9.0262E-04 8.0000E-04
9.1783E-04 8.0000E-04
7.5463E-04 8.0000E-04
8.4599E-04 8.0000E-04
5.1803E-04 8.0000E-04
3.0106E-04 8.0000E-04
9.7053E-04 8.0000E-04
7.4845E-04 8.0000E-04
1.8065E-04 8.0000E-04
7.6896E-04 8.0000E-04
3.8044E-04 8.0000E-04
1.3610E-03 8.0000E-04
4.5439E-04 8.0000E-04
2.4769E-04 8.0000E-04
7.0501E-04 8.0000E-04
1.0366E-03 8.0000E-04
2.1307E-04 8.0000E-04
6.0899E-04 8.0000E-04
3.2533E-04 8.0000E-04
1.2304E-03 8.0000E-04
8.6502E-04 8.0000E-04
2.6642E-04 8.0000E-04
6.8346E-04 8.0000E-04
7.9489E-04 8.0000E-04
9.0566E-04 8.0000E-04
6.7007E-04 8.0000E-04
7.5142E-04 8.0000E-04
5.3359E-04 8.0000E-04
1.0354E-03 8.0000E-04
9.9795E-04 8.0000E-04
2.7733E-04 8.0000E-04
1.0830E-03 8.0000E-04
4.5728E-04 8.0000E-04
7.6029E-04 8.0000E-04
9.4371E-04 8.0000E-04
9.7744E-04 8.0000E-04
1.1952E-03 8.0000E-04
2.8545E-04 8.0000E-04
3.8127E-04 8.0000E-04
7.4486E-04 8.0000E-04
1.7471E-03 8.0000E-04
3.1248E-04 8.0000E-04
9.2271E-04 8.0000E-04
4.4624E-04 8.0000E-04
1.1108E-03 8.0000E-04
1.3514E-03 8.0000E-04
4.5961E-04 8.0000E-04
7.8621E-04 8.0000E-04
1.2488E-03 8.0000E-04
1.0270E-03 8.0000E-04
6.5456E-04 8.0000E-04
1.7644E-03 8.0000E-04
3.8969E-04 8.0000E-04
1.0675E-03 8.0000E-04
5.6024E-04 8.0000E-04
1.2902E-03 8.0000E-04
1.2669E-03 8.0000E-04
1.0871E-03 8.0000E-04
9.5287E-04 8.0000E-04
6.7991E-04 8.0000E-04
1.0024E-03 8.0000E-04
1.7017E-03 8.0000E-04
3.6561E-04 8.0000E-04
1.4802E-03 8.0000E-04
4.4944E-04 8.0000E-04
6.5287E-04 8.0000E-04
1.9334E-03 8.0000E-04
5.5777E-04 8.0000E-04
1.6165E-03 8.0000E-04
7.1009E-04 8.0000E-04
1.5987E-04 8.0000E-04
1.4300E-03 8.0000E-04
7.1932E-04 8.0000E-04
1.0282E-03 8.0000E-04
1.3551E-03 8.0000E-04
1.0881E-03 8.0000E-04
5.1352E-04 8.0000E-04
2.4537E-03 8.0000E-04
8.6148E-04 8.0000E-04
2.7806E-04 8.0000E-04
1.1532E-03 8.0000E-04
2.3359E-03 8.0000E-04
4.7257E-04 8.0000E-04
3.5094E-04 8.0000E-04
1.3286E-03 8.0000E-04
7.9909E-04 8.0000E-04
1.9366E-03 8.0000E-04
7.5915E-04 8.0000E-04
1.5275E-03 8.0000E-04
1.2869E-03 8.0000E-04
1.5358E-03 8.0000E-04
7.2691E-04 8.0000E-04
2.8904E-03 8.0000E-04
8.8951E-04 8.0000E-04
7.7600E-04 8.0000E-04
2.4909E-03 8.0000E-04
4.5478E-03 8.0000E-04
8.7084E-04 8.0000E-04
1.8299E-03 8.0000E-04
2.2365E-03 8.0000E-04
4.4074E-03 8.0000E-04
2.3299E-03 8.0000E-04
9.9870E-04 8.0000E-04
2.2671E-03 8.0000E-04
2.5127E-03 8.0000E-04
2.2628E-03 8.0000E-04
6.7727E-03 8.0000E-04
3.3949E-03 8.0000E-04
1.9537E-03 8.0000E-04
1.0650E-03 8.0000E-04
2.3466E-03 8.0000E-04
3.0851E-03 8.0000E-04
4.1720E-03 8.0000E-04
4.4627E-03 8.0000E-04
9.9694E-04 8.0000E-04
1.8424E-03 8.0000E-04
1.3070E-03 8.0000E-04
7.6634E-04 8.0000E-04
2.9188E-03 8.0000E-04
3.3280E-03 8.0000E-04
4.1683E-04 8.0000E-04
9.7228E-04 8.0000E-04
1.3170E-03 8.0000E-04
2.1923E-03 8.0000E-04
8.5722E-04 8.0000E-04
3.6839E-04 8.0000E-04
1.7531E-03 8.0000E-04
1.3751E-03 8.0000E-04
9.9997E-04 8.0000E-04
1.8570E-03 8.0000E-04
5.8030E-04 8.0000E-04
1.2654E-03 8.0000E-04
1.7191E-03 8.0000E-04
3.2187E-04 8.0000E-04
2.5975E-04 8.0000E-04
5.8790E-04 8.0000E-04
9.9081E-04 8.0000E-04
9.9145E-04 8.0000E-04
6.0498E-04 8.0000E-04
8.9731E-04 8.0000E-04
1.1002E-03 8.0000E-04
4.2770E-04 8.0000E-04
3.2562E-04 8.0000E-04
5.9037E-04 8.0000E-04
7.8446E-04 8.0000E-04
1.1115E-03 8.0000E-04
3.9308E-04 8.0000E-04
5.4109E-04 8.0000E-04
6.3679E-04 8.0000E-04
5.9738E-04 8.0000E-04
9.2486E-04 8.0000E-04
6.3653E-04 8.0000E-04
1.6078E-04 8.0000E-04
1.0018E-03 8.0000E-04
6.3675E-04 8.0000E-04
2.9758E-04 8.0000E-04
6.0161E-04 8.0000E-04
7.7530E-04 8.0000E-04
8.6954E-04 8.0000E-04
6.6999E-04 8.0000E-04
4.8778E-04 8.0000E-04
6.1326E-04 8.0000E-04
7.5892E-04 8.0000E-04
6.9737E-04 8.0000E-04
6.8269E-04 8.0000E-04
1.1283E-03 8.0000E-04
3.5582E-04 8.0000E-04
6.0164E-04 8.0000E-04
3.9125E-04 8.0000E-04
7.8472E-04 8.0000E-04
8.5546E-04 8.0000E-04
3.2194E-04 8.0000E-04
3.1505E-04 8.0000E-04
5.5935E-04 8.0000E-04
9.1534E-04 8.0000E-04
2.1174E-04 8.0000E-04
4.1398E-04 8.0000E-04
5.2499E-04 8.0000E-04
9.2474E-04 8.0000E-04
9.0322E-04 8.0000E-04
2.1397E-04 8.0000E-04
5.7463E-04 8.0000E-04
4.0440E-04 8.0000E-04
5.5778E-04 8.0000E-04
1.2718E-03 8.0000E-04
4.8923E-04 8.0000E-04
2.3239E-04 8.0000E-04
7.4486E-04 8.0000E-04
6.2673E-04 8.0000E-04
1.1178E-04 8.0000E-04
5.7524E-04 8.0000E-04
4.8243E-04 8.0000E-04
1.5905E-03 8.0000E-04
4.6577E-04 8.0000E-04
2.3678E-04 8.0000E-04
4.6989E-04 8.0000E-04
1.3716E-03 8.0000E-04
2.2731E-04 8.0000E-04
1.1031E-03 8.0000E-04
4.8747E-04 8.0000E-04
1.5232E-03 8.0000E-04
1.5169E-03 8.0000E-04
6.3066E-04 8.0000E-04
3.5720E-04 8.0000E-04
1.1315E-03 8.0000E-04
1.0862E-03 8.0000E-04
1.6162E-03 8.0000E-04
1.2701E-03 8.0000E-04
1.7296E-03 8.0000E-04
2.6945E-03 8.0000E-04
2.6945E-03 8.0000E-04
1.9270E-03 8.0000E-04
5.6520E-04 8.0000E-04
4.1203E-03 8.0000E-04
1.7695E-03 8.0000E-04
5.6235E-04 8.0000E-04
2.5532E-03 8.0000E-04
4.4398E-03 8.0000E-04
5.2580E-04 8.0000E-04
2.4679E-03 8.0000E-04
1.1167E-03 8.0000E-04
7.0661E-03 8.0000E-04
4.3911E-03 8.0000E-04
1.3345E-03 8.0000E-04
7.0661E-03 8.0000E-04
1.9878E-03 8.0000E-04
1.7054E-03 8.0000E-04
7.0661E-03 8.0000E-04
1.2087E-03 8.0000E-04
1.9808E-03 8.0000E-04
3.8076E-03 8.0000E-04
2.9689E-03 8.0000E-04
3.5176E-03 8.0000E-04
4.6259E-03 8.0000E-04
1.6983E-03 8.0000E-04
1.7483E-03 8.0000E-04
2.7127E-03 8.0000E-04
2.1834E-03 8.0000E-04
3.1198E-03 8.0000E-04
5.8736E-04 8.0000E-04
1.6982E-03 8.0000E-04
1.5359E-03 8.0000E-04
3.9137E-03 8.0000E-04
1.5329E-03 8.0000E-04
1.9184E-03 8.0000E-04
3.0513E-03 8.0000E-04
1.8023E-03 8.0000E-04
3.5661E-03 8.0000E-04
9.9468E-04 8.0000E-04
1.0735E-03 8.0000E-04
2.5548E-03 8.0000E-04
2.5856E-03 8.0000E-04
1.0934E-03 8.0000E-04
3.0518E-03 8.0000E-04
1.7213E-03 8.0000E-04
3.0596E-03 8.0000E-04
2.5594E-03 8.0000E-04
2.9426E-03 8.0000E-04
1.2365E-03 8.0000E-04
1.1990E-03 8.0000E-04
3.2052E-03 8.0000E-04
5.1066E-03 8.0000E-04
5.3483E-04 8.0000E-04
1.9847E-03 8.0000E-04
1.6140E-03 8.0000E-04
5.7813E-03 8.0000E-04
1.1170E-03 8.0000E-04
1.5420E-03 8.0000E-04
1.5699E-03 8.0000E-04
2.7565E-03 8.0000E-04
1.0916E-03 8.0000E-04
1.9830E-03 8.0000E-04
1.0461E-03 8.0000E-04
1.6396E-03 8.0000E-04
2.5814E-03 8.0000E-04
1.3912E-03 8.0000E-04
3.1621E-04 8.0000E-04
1.9990E-03 8.0000E-04
1.6216E-03 8.0000E-04
1.2329E-03 8.0000E-04
1.3312E-03 8.0000E-04
1.9129E-03 8.0000E-04
1.7004E-03 8.0000E-04
9.8820E-04 8.0000E-04
1.0544E-03 8.0000E-04
9.0138E-04 8.0000E-04
1.9852E-03 8.0000E-04
1.1365E-03 8.0000E-04
1.4091E-03 8.0000E-04
1.4386E-03 8.0000E-04
3.2034E-03 8.0000E-04
3.9222E-04 8.0000E-04
3.9640E-04 8.0000E-04
1.0537E-03 8.0000E-04
2.9036E-03 8.0000E-04
1.5795E-03 8.0000E-04
1.3155E-03 8.0000E-04
1.7882E-03 8.0000E-04
2.8828E-03 8.0000E-04
1.5498E-03 8.0000E-04
2.7353E-03 8.0000E-04
1.2442E-03 8.0000E-04
1.8112E-03 8.0000E-04
2.4946E-03 8.0000E-04
1.9511E-03 8.0000E-04
2.5799E-03 8.0000E-04
2.6814E-03 8.0000E-04
2.6598E-03 8.0000E-04
2.5352E-03 8.0000E-04
1.5766E-03 8.0000E-04
1.8389E-03 8.0000E-04
2.7433E-03 8.0000E-04
1.1659E-03 8.0000E-04
1.7590E-03 8.0000E-04
1.4589E-03 8.0000E-04
4.7484E-03 8.0000E-04
1.8765E-03 8.0000E-04
1.3139E-03 8.0000E-04
1.4297E-03 8.0000E-04
4.2758E-03 8.0000E-04
8.5871E-04 8.0000E-04
1.0097E-03 8.0000E-04
1.3379E-03 8.0000E-04
3.3055E-03 8.0000E-04
7.9983E-04 8.0000E-04
1.1544E-03 8.0000E-04
1.0484E-03 8.0000E-04
2.4730E-03 8.0000E-04
7.5836E-04 8.0000E-04
9.4694E-04 8.0000E-04
1.0761E-03 8.0000E-04
1.9888E-03 8.0000E-04
1.3508E-03 8.0000E-04
6.1661E-04 8.0000E-04
9.8478E-04 8.0000E-04
1.2815E-03 8.0000E-04
6.3322E-04 8.0000E-04
1.2094E-03 8.0000E-04
9.9714E-04 8.0000E-04
1.4166E-03 8.0000E-04
1.2692E-03 8.0000E-04
6.0755E-04 8.0000E-04
7.2621E-04 8.0000E-04
1.3463E-03 8.0000E-04
8.8998E-04 8.0000E-04
7.1768E-04 8.0000E-04
1.3163E-03 8.0000E-04
1.8463E-03 8.0000E-04
3.0060E-04 8.0000E-04
4.8224E-04 8.0000E-04
6.3735E-04 8.0000E-04
1.7303E-03 8.0000E-04
1.8721E-03 8.0000E-04
8.0384E-04 8.0000E-04
2.4370E-03 8.0000E-04
1.6099E-03 8.0000E-04
8.6800E-04 8.0000E-04
2.2508E-03 8.0000E-04
1.0866E-03 8.0000E-04
3.4262E-03 8.0000E-04
3.5033E-03 8.0000E-04
1.4192E-03 8.0000E-04
7.4030E-04 8.0000E-04
3.8264E-03 8.0000E-04
1.3945E-03 8.0000E-04
3.2607E-03 8.0000E-04
4.6558E-03 8.0000E-04
1.4186E-03 8.0000E-04
4.0166E-03 8.0000E-04
2.8004E-03 8.0000E-04
3.5986E-03 8.0000E-04
2.8793E-03 8.0000E-04
5.0127E-03 8.0000E-04
5.2801E-03 8.0000E-04
3.1075E-03 8.0000E-04
1.9326E-03 8.0000E-04
3.3590E-03 8.0000E-04
2.9650E-03 8.0000E-04
4.4927E-03 8.0000E-04
2.8860E-03 8.0000E-04
2.0008E-03 8.0000E-04
1.8143E-03 8.0000E-04
2.0576E-03 8.0000E-04
2.3105E-03 8.0000E-04
9.5076E-04 8.0000E-04
7.6139E-04 8.0000E-04
1.1039E-03 8.0000E-04
1.9125E-03 8.0000E-04
1.7401E-03 8.0000E-04
5.1328E-04 8.0000E-04
1.0188E-03 8.0000E-04
8.2062E-04 8.0000E-04
1.6128E-03 8.0000E-04
1.2311E-03 8.0000E-04
2.6347E-04 8.0000E-04
8.3994E-04 8.0000E-04
8.1660E-04 8.0000E-04
7.0918E-04 8.0000E-04
9.5048E-04 8.0000E-04
7.9460E-04 8.0000E-04
9.0103E-04 8.0000E-04
8.2936E-04 8.0000E-04
4.4049E-04 8.0000E-04
4.5472E-04 8.0000E-04
8.3353E-04 8.0000E-04
9.5539E-04 8.0000E-04
5.8581E-04 8.0000E-04
7.9339E-04 8.0000E-04
8.2375E-04 8.0000E-04
6.0768E-04 8.0000E-04
6.3966E-04 8.0000E-04
4.9743E-04 8.0000E-04
6.3432E-04 8.0000E-04
1.0083E-03 8.0000E-04
5.8881E-04 8.0000E-04
2.6539E-04 8.0000E-04
7.7903E-04 8.0000E-04
5.6826E-04 8.0000E-04
3.1379E-04 8.0000E-04
7.4660E-04 8.0000E-04
6.2105E-04 8.0000E-04
2.4859E-04 8.0000E-04
9.6746E-04 8.0000E-04
2.8221E-04 8.0000E-04
4.7459E-04 8.0000E-04
1.2636E-03 8.0000E-04
7.4423E-04 8.0000E-04
2.9381E-04 8.0000E-04
5.9435E-04 8.0000E-04
3.0276E-04 8.0000E-04
8.2722E-04 8.0000E-04
1.1583E-03 8.0000E-04
1.9371E-04 8.0000E-04
7.4952E-04 8.0000E-04
5.1180E-04 8.0000E-04
5.1180E-04 8.0000E-04
7.1011E-10 8.0000E-04
1.0782E-09 8.0000E-04
7.0661E-05 8.0000E-04
2.4141E-05 8.0000E-04
7.9046E-05 8.0000E-04
9.6674E-05 8.0000E-04
2.2625E-04 8.0000E-04
3.2803E-04 8.0000E-04
1.1638E-04 8.0000E-04
2.4708E-04 8.0000E-04
2.4749E-04 8.0000E-04
5.3852E-04 8.0000E-04
4.1797E-04 8.0000E-04
2.0975E-04 8.0000E-04
3.0224E-04 8.0000E-04
4.3571E-04 8.0000E-04
2.9055E-04 8.0000E-04
4.4790E-04 8.0000E-04
3.7424E-04 8.0000E-04
6.5152E-04 8.0000E-04
4.8227E-04 8.0000E-04
3.3146E-04 8.0000E-04
4.7545E-04 8.0000E-04
7.1250E-04 8.0000E-04
4.2922E-04 8.0000E-04
5.1930E-04 8.0000E-04
5.5952E-04 8.0000E-04
1.2219E-03 8.0000E-04
4.0620E-04 8.0000E-04
2.0140E-04 8.0000E-04
5.5564E-04 8.0000E-04
1.0158E-03 8.0000E-04
9.2853E-04 8.0000E-04
3.3988E-04 8.0000E-04
5.7752E-04 8.0000E-04
7.8529E-04 8.0000E-04
1.0387E-03 8.0000E-04
1.0733E-03 8.0000E-04
6.7072E-04 8.0000E-04
9.3636E-04 8.0000E-04
1.3401E-03 8.0000E-04
7.3260E-04 8.0000E-04
1.2448E-03 8.0000E-04
6.7172E-04 8.0000E-04
2.6167E-03 8.0000E-04
3.3656E-04 8.0000E-04
8.4988E-04 8.0000E-04
1.6394E-03 8.0000E-04
4.4777E-03 8.0000E-04
1.0797E-03 8.0000E-04
1.2772E-03 8.0000E-04
8.4749E-04 8.0000E-04
2.2321E-03 8.0000E-04
1.6665E-03 8.0000E-04
1.4524E-03 8.0000E-04
7.7148E-04 8.0000E-04
3.1994E-03 8.0000E-04
8.2147E-04 8.0000E-04
7.6217E-04 8.0000E-04
2.0265E-03 8.0000E-04
2.8996E-03 8.0000E-04
4.0232E-04 8.0000E-04
2.2561E-04 8.0000E-04
2.1248E-03 8.0000E-04
5.7909E-04 8.0000E-04
1.7087E-03 8.0000E-04
2.0495E-03 8.0000E-04
2.7171E-04 8.0000E-04
1.2997E-03 8.0000E-04
9.8325E-04 8.0000E-04
1.8276E-03 8.0000E-04
2.7363E-04 8.0000E-04
8.0343E-04 8.0000E-04
5.8914E-04 8.0000E-04
1.8490E-03 8.0000E-04
5.0279E-04 8.0000E-04
8.3717E-04 8.0000E-04
4.6075E-04 8.0000E-04
1.8188E-03 8.0000E-04
2.6624E-04 8.0000E-04
6.7052E-04 8.0000E-04
5.4731E-04 8.0000E-04
1.1422E-03 8.0000E-04
4.9437E-04 8.0000E-04
9.8302E-04 8.0000E-04
3.8186E-04 8.0000E-04
8.3381E-04 8.0000E-04
4.6537E-04 8.0000E-04
3.8593E-04 8.0000E-04
7.7558E-04 8.0000E-04
8.0920E-04 8.0000E-04
4.8892E-04 8.0000E-04
2.9488E-04 8.0000E-04
9.2804E-04 8.0000E-04
4.4134E-04 8.0000E-04
9.0130E-04 8.0000E-04
6.5263E-04 8.0000E-04
2.6163E-04 8.0000E-04
8.2693E-04 8.0000E-04
9.7673E-04 8.0000E-04
1.5588E-04 8.0000E-04
6.6918E-04 8.0000E-04
5.3871E-04 8.0000E-04
1.7837E-03 8.0000E-04
5.6747E-04 8.0000E-04
1.2455E-04 8.0000E-04
8.8344E-04 8.0000E-04
1.1974E-03 8.0000E-04
1.2102E-03 8.0000E-04
1.1385E-03 8.0000E-04
1.0947E-03 8.0000E-04
1.1246E-03 8.0000E-04
1.8188E-03 8.0000E-04
1.1177E-03 8.0000E-04
1.0913E-03 8.0000E-04
8.4703E-04 8.0000E-04
1.8530E-03 8.0000E-04
1.6302E-03 8.0000E-04
1.9747E-03 8.0000E-04
2.7693E-03 8.0000E-04
3.4261E-03 8.0000E-04
6.7588E-04 8.0000E-04
2.3895E-03 8.0000E-04
1.1550E-03 8.0000E-04
3.7465E-03 8.0000E-04
4.7314E-03 8.0000E-04
2.6302E-03 8.0000E-04
1.3761E-03 8.0000E-04
6.2098E-03 8.0000E-04
1.2347E-03 8.0000E-04
3.1991E-03 8.0000E-04
1.9604E-03 8.0000E-04
4.7833E-03 8.0000E-04
1.4520E-03 8.0000E-04
2.0190E-03 8.0000E-04
4.2383E-03 8.0000E-04
2.6091E-03 8.0000E-04
1.9625E-03 8.0000E-04
1.6024E-03 8.0000E-04
1.0312E-03 8.0000E-04
3.1248E-03 8.0000E-04
1.8839E-03 8.0000E-04
1.6249E-03 8.0000E-04
1.4488E-03 8.0000E-04
1.7364E-03 8.0000E-04
2.0845E-03 8.0000E-04
5.7707E-04 8.0000E-04
7.7656E-04 8.0000E-04
1.1137E-03 8.0000E-04
1.2823E-03 8.0000E-04
8.4061E-04 8.0000E-04
8.3810E-04 8.0000E-04
9.8428E-04 8.0000E-04
1.1554E-03 8.0000E-04
4.9770E-04 8.0000E-04
5.4132E-04 8.0000E-04
9.3386E-04 8.0000E-04
9.1787E-04 8.0000E-04
6.5953E-04 8.0000E-04
9.1345E-04 8.0000E-04
7.7117E-04 8.0000E-04
8.2263E-04 8.0000E-04
1.2038E-03 8.0000E-04
5.9257E-04 8.0000E-04
7.7280E-04 8.0000E-04
7.8603E-04 8.0000E-04
1.0683E-03 8.0000E-04
4.8065E-04 8.0000E-04
1.0913E-03 8.0000E-04
8.1101E-04 8.0000E-04
5.0485E-04 8.0000E-04
1.1737E-03 8.0000E-04
9.1648E-04 8.0000E-04
6.4731E-04 8.0000E-04
1.5773E-03 8.0000E-04
5.9535E-04 8.0000E-04
3.0145E-04 8.0000E-04
1.0785E-03 8.0000E-04
1.6219E-03 8.0000E-04
3.3767E-04 8.0000E-04
8.0572E-04 8.0000E-04
7.7933E-04 8.0000E-04
1.8245E-03 8.0000E-04
2.7144E-03 8.0000E-04
1.0418E-03 8.0000E-04
9.3423E-04 8.0000E-04
5.0782E-04 8.0000E-04
1.3440E-03 8.0000E-04
1.3908E-03 8.0000E-04
2.3362E-03 8.0000E-04
1.4451E-03 8.0000E-04
4.9457E-04 8.0000E-04
2.1493E-03 8.0000E-04
8.0932E-04 8.0000E-04
2.0289E-03 8.0000E-04
1.8487E-03 8.0000E-04
6.9273E-04 8.0000E-04
1.9760E-03 8.0000E-04
1.4020E-03 8.0000E-04
2.2254E-03 8.0000E-04
8.4498E-04 8.0000E-04
1.6900E-03 8.0000E-04
1.8105E-03 8.0000E-04
1.1826E-03 8.0000E-04
1.4358E-03 8.0000E-04
2.4438E-03 8.0000E-04
1.0920E-03 8.0000E-04
1.9338E-03 8.0000E-04
8.6524E-04 8.0000E-04
1.0949E-03 8.0000E-04
1.3858E-03 8.0000E-04
1.2040E-03 8.0000E-04
9.8547E-04 8.0000E-04
2.3420E-03 8.0000E-04
6.4065E-04 8.0000E-04
8.9454E-04 8.0000E-04
1.1403E-03 8.0000E-04
2.1017E-03 8.0000E-04
6.7170E-04 8.0000E-04
6.3658E-04 8.0000E-04
1.1694E-03 8.0000E-04
1.6728E-03 8.0000E-04
5.3630E-04 8.0000E-04
1.3074E-03 8.0000E-04
7.1078E-04 8.0000E-04
2.5838E-03 8.0000E-04
7.9173E-04 8.0000E-04
6.2550E-04 8.0000E-04
9.5214E-04 8.0000E-04
1.6565E-03 8.0000E-04
1.6556E-03 8.0000E-04
9.9603E-04 8.0000E-04
1.7780E-03 8.0000E-04
1.3942E-03 8.0000E-04
1.9044E-03 8.0000E-04
2.0564E-03 8.0000E-04
2.5703E-03 8.0000E-04
1.2075E-03 8.0000E-04
9.8707E-04 8.0000E-04
2.6336E-03 8.0000E-04
4.8848E-03 8.0000E-04
1.9371E-03 8.0000E-04
2.6085E-03 8.0000E-04
3.7361E-03 8.0000E-04
3.6172E-03 8.0000E-04
1.6691E-03 8.0000E-04
7.0661E-03 8.0000E-04
4.0278E-03 8.0000E-04
1.1646E-03 8.0000E-04
7.0661E-03 8.0000E-04
2.0173E-03 8.0000E-04
2.2484E-03 8.0000E-04
2.4240E-03 8.0000E-04
2.6691E-03 8.0000E-04
2.7326E-03 8.0000E-04
4.4911E-03 8.0000E-04
3.2285E-03 8.0000E-04
1.2205E-03 8.0000E-04
2.7228E-03 8.0000E-04
2.6726E-03 8.0000E-04
2.4948E-03 8.0000E-04
1.8744E-03 8.0000E-04
1.2085E-03 8.0000E-04
1.4619E-03 8.0000E-04
3.1017E-03 8.0000E-04
1.0293E-03 8.0000E-04
2.0822E-03 8.0000E-04
1.2908E-03 8.0000E-04
2.2018E-03 8.0000E-04
2.6475E-03 8.0000E-04
1.4632E-03 8.0000E-04
1.3488E-03 8.0000E-04
2.3197E-03 8.0000E-04
1.4888E-03 8.0000E-04
5.7700E-04 8.0000E-04
1.5766E-03 8.0000E-04
2.1743E-03 8.0000E-04
4.9925E-04 8.0000E-04
9.2676E-04 8.0000E-04
9.9242E-04 8.0000E-04
2.7018E-03 8.0000E-04
1.1952E-03 8.0000E-04
6.0384E-04 8.0000E-04
8.9559E-04 8.0000E-04
2.0212E-03 8.0000E-04
4.4594E-04 8.0000E-04
1.4399E-03 8.0000E-04
6.8647E-04 8.0000E-04
1.6828E-03 8.0000E-04
1.9032E-03 8.0000E-04
3.4373E-04 8.0000E-04
3.7742E-04 8.0000E-04
7.4463E-04 8.0000E-04
1.5221E-03 8.0000E-04
1.2559E-03 8.0000E-04
6.1144E-04 8.0000E-04
1.0568E-03 8.0000E-04
1.1116E-03 8.0000E-04
3.5056E-04 8.0000E-04
5.7753E-04 8.0000E-04
4.7621E-04 8.0000E-04
1.2516E-03 8.0000E-04
9.2317E-04 8.0000E-04
2.3262E-04 8.0000E-04
4.2755E-04 8.0000E-04
6.2411E-04 8.0000E-04
4.0931E-04 8.0000E-04
9.4945E-04 8.0000E-04
3.2460E-04 8.0000E-04
1.6503E-04 8.0000E-04
5.7673E-04 8.0000E-04
6.3770E-04 8.0000E-04
2.1860E-04 8.0000E-04
6.0561E-04 8.0000E-04
3.3501E-04 8.0000E-04
6.7861E-04 8.0000E-04
7.1260E-04 8.0000E-04
2.7571E-04 8.0000E-04
1.5946E-04 8.0000E-04
4.0578E-04 8.0000E-04
8.4705E-04 8.0000E-04
3.8253E-04 8.0000E-04
3.0724E-04 8.0000E-04
4.2521E-04 8.0000E-04
7.4113E-04 8.0000E-04
5.2575E-04 8.0000E-04
2.6512E-04 8.0000E-04
4.0429E-04 8.0000E-04
5.5706E-04 8.0000E-04
3.8792E-04 8.0000E-04
6.0826E-04 8.0000E-04
3.5750E-04 8.0000E-04
5.2545E-04 8.0000E-04
8.4853E-04 8.0000E-04
1.3312E-04 8.0000E-04
9.9011E-05 8.0000E-04
3.3140E-04 8.0000E-04
6.5566E-04 8.0000E-04
3.0646E-04 8.0000E-04
3.6090E-04 8.0000E-04
3.6239E-04 8.0000E-04
5.7204E-04 8.0000E-04
1.8110E-04 8.0000E-04
1.2576E-04 8.0000E-04
2.1507E-04 8.0000E-04
4.8040E-04 8.0000E-04
1.6144E-04 8.0000E-04
2.3413E-04 8.0000E-04
2.7416E-04 8.0000E-04
4.8934E-04 8.0000E-04
4.9101E-04 8.0000E-04
8.9601E-05 8.0000E-04
1.6153E-04 8.0000E-04
2.2614E-04 8.0000E-04
5.2980E-04 8.0000E-04
6.5615E-04 8.0000E-04
5.9436E-05 8.0000E-04
1.0179E-04 8.0000E-04
2.0923E-04 8.0000E-04
4.8564E-04 8.0000E-04
4.3218E-04 8.0000E-04
2.4484E-04 8.0000E-04
3.8489E-04 8.0000E-04
3.5665E-04 8.0000E-04
2.2241E-04 8.0000E-04
4.1293E-04 8.0000E-04
3.4471E-04 8.0000E-04
1.3923E-04 8.0000E-04
3.6493E-04 8.0000E-04
2.7770E-04 8.0000E-04
3.6136E-04 8.0000E-04
5.3852E-04 8.0000E-04
2.5937E-04 8.0000E-04
4.9761E-05 8.0000E-04
1.9367E-04 8.0000E-04
3.6596E-04 8.0000E-04
1.2847E-04 8.0000E-04
2.7610E-04 8.0000E-04
2.5802E-04 8.0000E-04
5.1035E-04 8.0000E-04
2.7407E-04 8.0000E-04
6.7588E-05 8.0000E-04
1.7893E-04 8.0000E-04
2.9854E-04 8.0000E-04
2.1662E-04 8.0000E-04
5.1907E-04 8.0000E-04
2.7956E-04 8.0000E-04
2.8262E-04 8.0000E-04
5.3284E-04 8.0000E-04
2.1635E-04 8.0000E-04
3.8109E-05 8.0000E-04
2.5341E-04 8.0000E-04
4.4484E-04 8.0000E-04
2.3839E-04 8.0000E-04
3.9043E-04 8.0000E-04
2.6267E-04 8.0000E-04
4.9788E-04 8.0000E-04
2.8292E-04 8.0000E-04
5.2855E-05 8.0000E-04
1.8562E-04 8.0000E-04
3.8875E-04 8.0000E-04
2.3362E-04 8.0000E-04
5.4133E-04 8.0000E-04
3.0943E-04 8.0000E-04
5.0238E-04 8.0000E-04
4.7543E-04 8.0000E-04
1.0183E-04 8.0000E-04
6.3953E-05 8.0000E-04
2.2105E-04 8.0000E-04
6.7127E-04 8.0000E-04
1.6926E-04 8.0000E-04
2.1373E-04 8.0000E-04
3.0901E-04 8.0000E-04
4.3736E-04 8.0000E-04
5.4585E-04 8.0000E-04
9.0502E-05 8.0000E-04
1.2146E-04 8.0000E-04
1.9618E-04 8.0000E-04
5.3022E-04 8.0000E-04
4.2906E-04 8.0000E-04
2.1132E-04 8.0000E-04
2.1094E-04 8.0000E-04
2.7409E-04 8.0000E-04
2.8843E-04 8.0000E-04
2.6675E-04 8.0000E-04
2.9918E-04 8.0000E-04
2.5721E-04 8.0000E-04
3.9411E-04 8.0000E-04
4.0447E-04 8.0000E-04
2.5582E-04 8.0000E-04
2.3916E-04 8.0000E-04
3.0373E-04 8.0000E-04
3.0373E-04 8.0000E-04
4.4493E-04 8.0000E-04
3.9981E-04 8.0000E-04
2.9320E-04 8.0000E-04
3.6274E-04 8.0000E-04
3.4291E-04 8.0000E-04
4.0255E-04 8.0000E-04
2.5649E-04 8.0000E-04
4.0399E-04 8.0000E-04
1.7782E-04 8.0000E-04
4.4637E-04 8.0000E-04
3.9186E-04 8.0000E-04
3.7618E-04 8.0000E-04
4.7990E-04 8.0000E-04
3.6934E-04 8.0000E-04
1.0060E-04 8.0000E-04
1.8484E-04 8.0000E-04
3.1040E-04 8.0000E-04
6.3780E-04 8.0000E-04
3.1860E-04 8.0000E-04
2.0664E-04 8.0000E-04
2.9983E-04 8.0000E-04
5.4562E-04 8.0000E-04
1.3654E-04 8.0000E-04
1.5751E-04 8.0000E-04
2.3925E-04 8.0000E-04
4.5472E-04 8.0000E-04
4.5483E-04 8.0000E-04
2.4048E-04 8.0000E-04
2.9983E-04 8.0000E-04
3.0561E-04 8.0000E-04
1.6072E-04 8.0000E-04
3.9563E-04 8.0000E-04
3.1907E-04 8.0000E-04
7.9284E-05 8.0000E-04
4.3148E-04 8.0000E-04
1.6406E-04 8.0000E-04
4.7816E-04 8.0000E-04
6.0888E-04 8.0000E-04
5.7568E-05 8.0000E-04
5.0184E-05 8.0000E-04
1.8974E-04 8.0000E-04
3.1357E-04 8.0000E-04
6.3573E-04 8.0000E-04
1.3301E-04 8.0000E-04
8.6600E-05 8.0000E-04
2.6070E-04 8.0000E-04
5.0187E-04 8.0000E-04
1.8013E-04 8.0000E-04
2.9122E-04 8.0000E-04
2.4830E-04 8.0000E-04
6.5515E-04 8.0000E-04
4.2051E-05 8.0000E-04
4.9437E-05 8.0000E-04
1.5921E-04 8.0000E-04
3.9432E-04 8.0000E-04
2.0674E-04 8.0000E-04
2.0143E-04 8.0000E-04
1.8774E-04 8.0000E-04
3.6132E-04 8.0000E-04
1.4734E-04 8.0000E-04
1.4623E-04 8.0000E-04
1.6845E-04 8.0000E-04
3.0839E-04 8.0000E-04
1.4953E-04 8.0000E-04
3.0366E-04 8.0000E-04
1.3581E-04 8.0000E-04
2.3553E-04 8.0000E-04
2.7522E-04 8.0000E-04
2.0367E-04 8.0000E-04
5.0487E-05 8.0000E-04
2.4063E-04 8.0000E-04
2.5750E-04 8.0000E-04
1.4331E-04 8.0000E-04
2.1180E-04 8.0000E-04
2.0119E-04 8.0000E-04
3.3607E-04 8.0000E-04
1.7705E-04 8.0000E-04
4.3147E-05 8.0000E-04
1.4037E-04 8.0000E-04
2.6811E-04 8.0000E-04
1.0421E-04 8.0000E-04
1.5981E-04 8.0000E-04
1.4926E-04 8.0000E-04
3.0519E-04 8.0000E-04
1.5969E-04 8.0000E-04
4.6091E-05 8.0000E-04
1.0650E-04 8.0000E-04
2.1343E-04 8.0000E-04
1.3951E-04 8.0000E-04
2.3269E-04 8.0000E-04
1.4677E-04 8.0000E-04
3.1374E-04 8.0000E-04
1.8604E-04 8.0000E-04
3.7781E-05 8.0000E-04
