RMS Grad   Target
1.3678E-03 3.0000E-04
1.0038E-03 3.0000E-04
1.1286E-03 3.0000E-04
1.6640E-03 3.0000E-04
1.2062E-03 3.0000E-04
1.0794E-03 3.0000E-04
1.4546E-03 3.0000E-04
3.3912E-04 3.0000E-04
2.5816E-04 3.0000E-04
3.4154E-04 3.0000E-04
4.7211E-04 3.0000E-04
6.0733E-04 3.0000E-04
5.0903E-04 3.0000E-04
2.8834E-04 3.0000E-04
2.5116E-04 3.0000E-04
2.5819E-04 3.0000E-04
2.5184E-04 3.0000E-04
4.5996E-04 3.0000E-04
1.1938E-04 3.0000E-04
8.4077E-05 3.0000E-04
1.0316E-04 3.0000E-04
1.4789E-04 3.0000E-04
1.0213E-04 3.0000E-04
7.7887E-05 3.0000E-04
8.7489E-05 3.0000E-04
9.1603E-05 3.0000E-04
9.1603E-05 3.0000E-04
