RMS Step   Target
2.2222E-03 1.2000E-03
6.2874E-03 1.2000E-03
6.7982E-03 1.2000E-03
5.8231E-03 1.2000E-03
1.1198E-02 1.2000E-03
5.7214E-03 1.2000E-03
2.5910E-03 1.2000E-03
4.2783E-04 1.2000E-03
1.5495E-03 1.2000E-03
2.1405E-03 1.2000E-03
5.7971E-03 1.2000E-03
3.9822E-03 1.2000E-03
1.3022E-03 1.2000E-03
1.2257E-03 1.2000E-03
1.1927E-03 1.2000E-03
3.1265E-03 1.2000E-03
2.2691E-03 1.2000E-03
7.2338E-04 1.2000E-03
1.9531E-04 1.2000E-03
5.5147E-04 1.2000E-03
7.7596E-04 1.2000E-03
1.0470E-03 1.2000E-03
5.7272E-04 1.2000E-03
6.5244E-04 1.2000E-03
5.1365E-04 1.2000E-03
5.1365E-04 1.2000E-03
