RMS Step   Target
2.2222E-03 1.2000E-03
3.3601E-03 1.2000E-03
6.2827E-03 1.2000E-03
1.1029E-02 1.2000E-03
2.0954E-02 1.2000E-03
3.6589E-02 1.2000E-03
9.2735E-02 1.2000E-03
9.1053E-02 1.2000E-03
1.0262E-01 1.2000E-03
1.3643E-01 1.2000E-03
5.6996E-02 1.2000E-03
6.9575E-03 1.2000E-03
2.8799E-02 1.2000E-03
1.3397E-01 1.2000E-03
1.3420E-01 1.2000E-03
1.4354E-01 1.2000E-03
1.3939E-01 1.2000E-03
6.2548E-02 1.2000E-03
1.4110E-01 1.2000E-03
1.4175E-01 1.2000E-03
1.4178E-01 1.2000E-03
1.4200E-01 1.2000E-03
2.5577E-02 1.2000E-03
1.8621E-01 1.2000E-03
1.8024E-01 1.2000E-03
2.3389E-02 1.2000E-03
1.9128E-02 1.2000E-03
1.0567E-01 1.2000E-03
9.1493E-02 1.2000E-03
4.7242E-03 1.2000E-03
1.1279E-01 1.2000E-03
6.4089E-05 1.2000E-03
5.6479E-05 1.2000E-03
2.1100E-04 1.2000E-03
1.1142E-03 1.2000E-03
7.4830E-03 1.2000E-03
1.9056E-02 1.2000E-03
4.9153E-02 1.2000E-03
8.5230E-02 1.2000E-03
8.1877E-02 1.2000E-03
3.7856E-03 1.2000E-03
5.9073E-03 1.2000E-03
1.7181E-02 1.2000E-03
8.1473E-03 1.2000E-03
1.2893E-01 1.2000E-03
1.2421E-02 1.2000E-03
1.4455E-01 1.2000E-03
1.4119E-01 1.2000E-03
1.0411E-01 1.2000E-03
1.2600E-01 1.2000E-03
3.4266E-02 1.2000E-03
1.1789E-01 1.2000E-03
1.1721E-01 1.2000E-03
7.1804E-02 1.2000E-03
1.2060E-01 1.2000E-03
1.1775E-01 1.2000E-03
1.3026E-01 1.2000E-03
