RMS Grad   Target
1.2678E-03 3.0000E-04
1.2737E-03 3.0000E-04
1.2956E-03 3.0000E-04
1.3780E-03 3.0000E-04
1.6219E-03 3.0000E-04
2.5602E-03 3.0000E-04
6.1887E-03 3.0000E-04
4.5230E-02 3.0000E-04
2.1582E-01 3.0000E-04
4.4883E-02 3.0000E-04
2.5589E-02 3.0000E-04
1.1116E-02 3.0000E-04
1.0900E-02 3.0000E-04
9.3664E-03 3.0000E-04
1.0310E-02 3.0000E-04
2.1644E-02 3.0000E-04
4.2641E-02 3.0000E-04
2.2794E-02 3.0000E-04
2.1762E-02 3.0000E-04
3.6589E-02 3.0000E-04
5.5422E-02 3.0000E-04
7.4738E-02 3.0000E-04
5.9400E-02 3.0000E-04
5.5787E-02 3.0000E-04
1.4040E-01 3.0000E-04
5.5494E-02 3.0000E-04
5.3358E-02 3.0000E-04
5.1405E-02 3.0000E-04
8.4906E-02 3.0000E-04
5.2455E-02 3.0000E-04
5.0291E-02 3.0000E-04
3.1653E-02 3.0000E-04
3.1654E-02 3.0000E-04
3.1654E-02 3.0000E-04
3.1649E-02 3.0000E-04
3.1627E-02 3.0000E-04
3.1577E-02 3.0000E-04
3.2186E-02 3.0000E-04
3.7389E-02 3.0000E-04
5.3126E-02 3.0000E-04
3.7577E-02 3.0000E-04
3.7786E-02 3.0000E-04
3.8104E-02 3.0000E-04
3.9126E-02 3.0000E-04
3.8285E-02 3.0000E-04
3.3124E-02 3.0000E-04
3.1304E-02 3.0000E-04
5.4597E-02 3.0000E-04
1.0770E-01 3.0000E-04
5.1736E-02 3.0000E-04
3.3402E-02 3.0000E-04
3.3918E-02 3.0000E-04
5.8593E-02 3.0000E-04
9.8583E-02 3.0000E-04
1.2530E-01 3.0000E-04
1.2366E-01 3.0000E-04
6.0052E-02 3.0000E-04
7.1404E-02 3.0000E-04
