Max Step   Target
3.3016E-03 1.8000E-02
1.8544E-01 1.8000E-02
6.6761E-02 1.8000E-02
5.1737E-02 1.8000E-02
1.4749E-01 1.8000E-02
4.3895E-02 1.8000E-02
1.6072E-02 1.8000E-02
0.0000E+00 1.8000E-02
1.8504E-03 1.8000E-02
1.3411E-02 1.8000E-02
1.9164E-02 1.8000E-02
1.3163E-02 1.8000E-02
1.2569E-02 1.8000E-02
1.1232E-02 1.8000E-02
6.5197E-03 1.8000E-02
8.7700E-03 1.8000E-02
4.2754E-02 1.8000E-02
5.1118E-02 1.8000E-02
1.3130E-02 1.8000E-02
4.7753E-03 1.8000E-02
1.7740E-02 1.8000E-02
1.1915E-02 1.8000E-02
2.7373E-02 1.8000E-02
8.2787E-03 1.8000E-02
7.4257E-03 1.8000E-02
1.3118E-02 1.8000E-02
1.6125E-02 1.8000E-02
2.1975E-03 1.8000E-02
2.7045E-03 1.8000E-02
8.2382E-03 1.8000E-02
8.4876E-03 1.8000E-02
4.9066E-03 1.8000E-02
6.1839E-03 1.8000E-02
