0.000000000000000000e+00 0.000000000000000000e+00
1.600800000000000001e-01 1.817879140293000295e-01
4.217600000000000238e-01 1.250038716085000168e-01
5.682300000000000129e-01 3.452036823074999816e-01
7.059400000000000119e-01 5.161970610170000251e-01
9.001799999999999802e-01 6.050325061325999565e-01
1.065569999999999906e+00 1.036902836949900042e+00
1.233249999999999957e+00 1.778183046454800076e+00
1.403669999999999973e+00 3.334326174819000066e+00
1.574370000000000047e+00 5.860151932782399875e+00
1.748960000000000070e+00 9.421827504842800849e+00
1.927030000000000021e+00 1.275244742325510039e+01
2.111060000000000159e+00 1.465217695498109940e+01
2.302599999999999980e+00 1.476337851513100041e+01
2.483620000000000161e+00 1.409881040236350103e+01
2.682549999999999990e+00 1.398647562371050057e+01
2.870779999999999887e+00 1.456753201496750094e+01
3.047689999999999788e+00 1.467010846391240086e+01
3.209270000000000067e+00 1.402172562803100142e+01
3.362420000000000186e+00 1.316576237569329955e+01
3.546209999999999862e+00 1.261996552689359952e+01
3.824500000000000011e+00 1.197523887220070016e+01
3.969710000000000072e+00 1.194776627717710049e+01
4.087130000000000152e+00 1.199008491937900089e+01
