Max Step   Target
3.2660E-03 1.8000E-02
1.8663E-01 1.8000E-02
5.2185E-02 1.8000E-02
5.2666E-02 1.8000E-02
1.3532E-01 1.8000E-02
4.6163E-02 1.8000E-02
1.7690E-02 1.8000E-02
0.0000E+00 1.8000E-02
2.2910E-03 1.8000E-02
5.9958E-03 1.8000E-02
3.9892E-03 1.8000E-02
7.1662E-03 1.8000E-02
5.4907E-02 1.8000E-02
1.4184E-02 1.8000E-02
6.2635E-03 1.8000E-02
8.0303E-03 1.8000E-02
1.7918E-02 1.8000E-02
1.8708E-02 1.8000E-02
1.4997E-02 1.8000E-02
1.1048E-02 1.8000E-02
2.0550E-02 1.8000E-02
2.8362E-02 1.8000E-02
6.9450E-03 1.8000E-02
5.8472E-03 1.8000E-02
6.6782E-03 1.8000E-02
1.1235E-02 1.8000E-02
1.9245E-02 1.8000E-02
6.2323E-03 1.8000E-02
5.4198E-03 1.8000E-02
9.0561E-03 1.8000E-02
9.2045E-03 1.8000E-02
9.2045E-03 1.8000E-02
4.9927E-03 1.8000E-02
3.5491E-03 1.8000E-02
1.1430E-03 1.8000E-02
