RMS Step   Target
5.7717E-05 1.2000E-02
3.5180E-03 1.2000E-02
9.6177E-04 1.2000E-02
1.0985E-03 1.2000E-02
2.5713E-03 1.2000E-02
1.0571E-03 1.2000E-02
4.2690E-04 1.2000E-02
0.0000E+00 1.2000E-02
8.1487E-05 1.2000E-02
2.4366E-04 1.2000E-02
1.9379E-04 1.2000E-02
2.8858E-04 1.2000E-02
2.1458E-03 1.2000E-02
7.0422E-04 1.2000E-02
2.9504E-04 1.2000E-02
4.1418E-04 1.2000E-02
1.0006E-03 1.2000E-02
1.2743E-03 1.2000E-02
9.4471E-04 1.2000E-02
9.1519E-04 1.2000E-02
1.1804E-03 1.2000E-02
1.5625E-03 1.2000E-02
3.2555E-04 1.2000E-02
2.5701E-04 1.2000E-02
2.7617E-04 1.2000E-02
6.0626E-04 1.2000E-02
1.4031E-03 1.2000E-02
5.0088E-04 1.2000E-02
3.9985E-04 1.2000E-02
6.6460E-04 1.2000E-02
6.7408E-04 1.2000E-02
6.7408E-04 1.2000E-02
2.8858E-04 1.2000E-02
1.8361E-04 1.2000E-02
3.7957E-05 1.2000E-02
