RMS Grad   Target
1.0573E-03 3.0000E-03
1.0315E-03 3.0000E-03
7.8416E-04 3.0000E-03
5.3622E-04 3.0000E-03
4.0711E-04 3.0000E-03
6.1289E-04 3.0000E-03
4.1436E-04 3.0000E-03
2.7185E-04 3.0000E-03
2.8345E-04 3.0000E-03
2.2824E-04 3.0000E-03
1.6696E-04 3.0000E-03
1.3616E-04 3.0000E-03
1.1706E-04 3.0000E-03
3.5043E-04 3.0000E-03
2.5977E-04 3.0000E-03
1.3539E-04 3.0000E-03
8.4614E-05 3.0000E-03
1.2387E-04 3.0000E-03
2.4681E-04 3.0000E-03
1.2199E-04 3.0000E-03
1.0451E-04 3.0000E-03
1.4314E-04 3.0000E-03
3.2465E-04 3.0000E-03
9.4531E-05 3.0000E-03
6.0781E-05 3.0000E-03
7.4471E-05 3.0000E-03
9.8446E-05 3.0000E-03
2.1960E-04 3.0000E-03
8.4583E-05 3.0000E-03
6.0320E-05 3.0000E-03
7.4315E-05 3.0000E-03
8.4407E-05 3.0000E-03
8.4407E-05 3.0000E-03
2.7100E-04 3.0000E-03
4.6497E-05 3.0000E-03
3.8261E-05 3.0000E-03
