RMS Grad   Target
3.7255E-04 2.0000E-04
2.9884E-04 2.0000E-04
2.4609E-04 2.0000E-04
2.0945E-04 2.0000E-04
1.8383E-04 2.0000E-04
1.6559E-04 2.0000E-04
1.5176E-04 2.0000E-04
1.4132E-04 2.0000E-04
1.3317E-04 2.0000E-04
1.2662E-04 2.0000E-04
1.2084E-04 2.0000E-04
1.1584E-04 2.0000E-04
1.1153E-04 2.0000E-04
1.0756E-04 2.0000E-04
1.0382E-04 2.0000E-04
1.0065E-04 2.0000E-04
9.7364E-05 2.0000E-04
9.4362E-05 2.0000E-04
9.1741E-05 2.0000E-04
8.8879E-05 2.0000E-04
8.6574E-05 2.0000E-04
8.4150E-05 2.0000E-04
8.1767E-05 2.0000E-04
7.9715E-05 2.0000E-04
7.7695E-05 2.0000E-04
7.5423E-05 2.0000E-04
7.3633E-05 2.0000E-04
7.1893E-05 2.0000E-04
6.9953E-05 2.0000E-04
6.8278E-05 2.0000E-04
6.6480E-05 2.0000E-04
6.5503E-05 2.0000E-04
6.3707E-05 2.0000E-04
6.2978E-05 2.0000E-04
6.1370E-05 2.0000E-04
6.0717E-05 2.0000E-04
5.9250E-05 2.0000E-04
5.9142E-05 2.0000E-04
5.7803E-05 2.0000E-04
5.8212E-05 2.0000E-04
5.6955E-05 2.0000E-04
5.6748E-05 2.0000E-04
5.5582E-05 2.0000E-04
5.5868E-05 2.0000E-04
5.4869E-05 2.0000E-04
5.5046E-05 2.0000E-04
5.4062E-05 2.0000E-04
5.4368E-05 2.0000E-04
5.3394E-05 2.0000E-04
5.3230E-05 2.0000E-04
5.2428E-05 2.0000E-04
5.3172E-05 2.0000E-04
5.2388E-05 2.0000E-04
5.3249E-05 2.0000E-04
5.2515E-05 2.0000E-04
5.1917E-05 2.0000E-04
5.1183E-05 2.0000E-04
5.1690E-05 2.0000E-04
5.0818E-05 2.0000E-04
5.1545E-05 2.0000E-04
5.0700E-05 2.0000E-04
5.0863E-05 2.0000E-04
5.0151E-05 2.0000E-04
5.0149E-05 2.0000E-04
4.9364E-05 2.0000E-04
4.8813E-05 2.0000E-04
4.8218E-05 2.0000E-04
4.8505E-05 2.0000E-04
4.7822E-05 2.0000E-04
4.9229E-05 2.0000E-04
4.8384E-05 2.0000E-04
4.8313E-05 2.0000E-04
4.7601E-05 2.0000E-04
4.8464E-05 2.0000E-04
4.7754E-05 2.0000E-04
4.8064E-05 2.0000E-04
4.7414E-05 2.0000E-04
4.7653E-05 2.0000E-04
4.6885E-05 2.0000E-04
4.7244E-05 2.0000E-04
4.6513E-05 2.0000E-04
4.7083E-05 2.0000E-04
4.6477E-05 2.0000E-04
4.6638E-05 2.0000E-04
4.6022E-05 2.0000E-04
4.6128E-05 2.0000E-04
4.5499E-05 2.0000E-04
4.6213E-05 2.0000E-04
4.5233E-05 2.0000E-04
4.6340E-05 2.0000E-04
4.5618E-05 2.0000E-04
4.6592E-05 2.0000E-04
4.5850E-05 2.0000E-04
4.6422E-05 2.0000E-04
4.5797E-05 2.0000E-04
4.6991E-05 2.0000E-04
4.6140E-05 2.0000E-04
4.7133E-05 2.0000E-04
4.6438E-05 2.0000E-04
4.7181E-05 2.0000E-04
4.6554E-05 2.0000E-04
4.7281E-05 2.0000E-04
4.6468E-05 2.0000E-04
4.7209E-05 2.0000E-04
4.6463E-05 2.0000E-04
4.7875E-05 2.0000E-04
4.7157E-05 2.0000E-04
4.8462E-05 2.0000E-04
4.7622E-05 2.0000E-04
4.8249E-05 2.0000E-04
4.7535E-05 2.0000E-04
4.8323E-05 2.0000E-04
4.7623E-05 2.0000E-04
4.8642E-05 2.0000E-04
4.7971E-05 2.0000E-04
4.8972E-05 2.0000E-04
4.8044E-05 2.0000E-04
4.8340E-05 2.0000E-04
4.7696E-05 2.0000E-04
4.8306E-05 2.0000E-04
4.7656E-05 2.0000E-04
4.8418E-05 2.0000E-04
4.7783E-05 2.0000E-04
4.8901E-05 2.0000E-04
4.7960E-05 2.0000E-04
4.8841E-05 2.0000E-04
4.8059E-05 2.0000E-04
4.8461E-05 2.0000E-04
4.7982E-05 2.0000E-04
4.8585E-05 2.0000E-04
4.7867E-05 2.0000E-04
4.8020E-05 2.0000E-04
4.7272E-05 2.0000E-04
4.7921E-05 2.0000E-04
4.7078E-05 2.0000E-04
4.7742E-05 2.0000E-04
4.7116E-05 2.0000E-04
4.7992E-05 2.0000E-04
4.7313E-05 2.0000E-04
4.8160E-05 2.0000E-04
4.7317E-05 2.0000E-04
4.8101E-05 2.0000E-04
4.7384E-05 2.0000E-04
4.8337E-05 2.0000E-04
4.7569E-05 2.0000E-04
4.8065E-05 2.0000E-04
4.7363E-05 2.0000E-04
4.8271E-05 2.0000E-04
4.7459E-05 2.0000E-04
4.8101E-05 2.0000E-04
4.7409E-05 2.0000E-04
4.7885E-05 2.0000E-04
4.7210E-05 2.0000E-04
4.7695E-05 2.0000E-04
4.7027E-05 2.0000E-04
4.7422E-05 2.0000E-04
4.6632E-05 2.0000E-04
4.7336E-05 2.0000E-04
4.6666E-05 2.0000E-04
4.7371E-05 2.0000E-04
4.6638E-05 2.0000E-04
4.6868E-05 2.0000E-04
4.6071E-05 2.0000E-04
4.6318E-05 2.0000E-04
4.5586E-05 2.0000E-04
4.6061E-05 2.0000E-04
4.5323E-05 2.0000E-04
4.5748E-05 2.0000E-04
4.4989E-05 2.0000E-04
4.4974E-05 2.0000E-04
4.4214E-05 2.0000E-04
4.4471E-05 2.0000E-04
4.3722E-05 2.0000E-04
4.3887E-05 2.0000E-04
4.3174E-05 2.0000E-04
4.3546E-05 2.0000E-04
4.2825E-05 2.0000E-04
4.2946E-05 2.0000E-04
4.2183E-05 2.0000E-04
4.2211E-05 2.0000E-04
4.1577E-05 2.0000E-04
4.1606E-05 2.0000E-04
4.0910E-05 2.0000E-04
4.0820E-05 2.0000E-04
4.0111E-05 2.0000E-04
4.0177E-05 2.0000E-04
3.9481E-05 2.0000E-04
3.9516E-05 2.0000E-04
3.8836E-05 2.0000E-04
3.9094E-05 2.0000E-04
3.8350E-05 2.0000E-04
3.8645E-05 2.0000E-04
3.7835E-05 2.0000E-04
3.7940E-05 2.0000E-04
3.7154E-05 2.0000E-04
3.7159E-05 2.0000E-04
3.6357E-05 2.0000E-04
3.6281E-05 2.0000E-04
3.5518E-05 2.0000E-04
3.5342E-05 2.0000E-04
3.4576E-05 2.0000E-04
3.4421E-05 2.0000E-04
3.3619E-05 2.0000E-04
3.3437E-05 2.0000E-04
3.2638E-05 2.0000E-04
3.2350E-05 2.0000E-04
3.1610E-05 2.0000E-04
3.1246E-05 2.0000E-04
3.0482E-05 2.0000E-04
3.0028E-05 2.0000E-04
2.9258E-05 2.0000E-04
2.8725E-05 2.0000E-04
2.8010E-05 2.0000E-04
2.7425E-05 2.0000E-04
2.6832E-05 2.0000E-04
2.6187E-05 2.0000E-04
2.5837E-05 2.0000E-04
2.5212E-05 2.0000E-04
2.5177E-05 2.0000E-04
2.4553E-05 2.0000E-04
2.4661E-05 2.0000E-04
2.4068E-05 2.0000E-04
2.4061E-05 2.0000E-04
2.3469E-05 2.0000E-04
2.3414E-05 2.0000E-04
2.2833E-05 2.0000E-04
2.2942E-05 2.0000E-04
2.2369E-05 2.0000E-04
2.2498E-05 2.0000E-04
2.1892E-05 2.0000E-04
2.1970E-05 2.0000E-04
2.1393E-05 2.0000E-04
2.1350E-05 2.0000E-04
2.0747E-05 2.0000E-04
2.0924E-05 2.0000E-04
2.0383E-05 2.0000E-04
2.0550E-05 2.0000E-04
1.9998E-05 2.0000E-04
2.0132E-05 2.0000E-04
1.9613E-05 2.0000E-04
1.9648E-05 2.0000E-04
1.9087E-05 2.0000E-04
1.9186E-05 2.0000E-04
1.8692E-05 2.0000E-04
1.8612E-05 2.0000E-04
1.8075E-05 2.0000E-04
1.8108E-05 2.0000E-04
1.7582E-05 2.0000E-04
1.7873E-05 2.0000E-04
1.7359E-05 2.0000E-04
1.7557E-05 2.0000E-04
1.7078E-05 2.0000E-04
1.7333E-05 2.0000E-04
1.6824E-05 2.0000E-04
1.7001E-05 2.0000E-04
1.6483E-05 2.0000E-04
1.6597E-05 2.0000E-04
1.6101E-05 2.0000E-04
1.6195E-05 2.0000E-04
1.5695E-05 2.0000E-04
1.5105E-05 2.0000E-04
1.5153E-05 2.0000E-04
1.4963E-05 2.0000E-04
1.4993E-05 2.0000E-04
1.4917E-05 2.0000E-04
1.4926E-05 2.0000E-04
1.4928E-05 2.0000E-04
1.4888E-05 2.0000E-04
1.4865E-05 2.0000E-04
1.4901E-05 2.0000E-04
1.4901E-05 2.0000E-04
1.4899E-05 2.0000E-04
1.4897E-05 2.0000E-04
1.4896E-05 2.0000E-04
1.4879E-05 2.0000E-04
1.4999E-05 2.0000E-04
9.9538E-06 2.0000E-04
