506.3
109.4
108.2
107.3
107.5
136.5
126.3
124.1
122.6
124.7
123.2
122.7
124.6
125.5
120.7
123.9
124.8
126.0
124.7
118.0
122.9
108.1
107.1
134.8
106.4
108.3
140.9
107.9
108.5
109.8
109.6
108.8
110.0
109.1
110.6
109.2
107.5
107.8
106.8
108.3
103.5
109.1
110.4
108.6
109.3
108.1
109.1
109.1
108.0
109.1
112.0
109.8
107.4
101.4
103.0
109.8
109.8
108.1
108.9
102.8
112.3
108.7
109.9
111.2
113.5
109.2
107.6
107.8
109.6
109.9
109.0
107.9
108.1
108.2
107.3
109.6
101.4
107.9
109.1
108.4
108.1
107.9
106.9
109.8
107.4
107.6
107.9
108.8
109.8
107.0
107.5
109.0
109.4
110.0
109.4
108.5
108.3
107.9
108.7
110.1
110.5
109.6
95.5
107.0
108.8
109.4
107.7
107.7
107.3
106.6
108.4
108.2
108.3
106.0
108.2
108.7
107.0
107.7
110.2
106.3
106.5
107.7
106.3
108.4
106.9
107.9
107.6
107.4
108.4
107.8
107.1
107.7
106.2
107.3
107.1
107.6
110.0
108.0
108.0
107.1
107.2
108.2
100.8
108.5
106.9
107.2
107.6
106.1
105.8
105.5
107.0
106.3
107.0
109.1
106.5
107.0
108.3
107.3
108.3
108.3
107.2
108.5
105.8
106.0
107.4
108.2
105.1
109.2
107.2
107.2
108.5
107.0
107.5
101.5
108.6
106.7
107.3
107.7
106.5
105.1
107.4
109.1
107.3
107.4
107.4
107.4
101.6
107.0
107.7
107.3
107.5
106.9
105.2
107.4
107.0
107.2
107.7
107.5
107.0
108.0
108.1
106.5
106.4
105.8
106.5
107.7
107.6
108.4
105.7
106.8
108.1
106.8
107.3
105.9
108.2
105.8
106.2
107.4
134.8
106.6
106.5
106.3
106.8
106.9
109.1
107.8
106.2
107.8
107.2
106.6
104.8
107.6
100.1
106.7
107.0
106.4
108.1
107.3
106.9
106.3
107.4
107.7
106.1
106.0
106.9
106.3
106.3
101.7
107.1
108.2
106.1
106.5
107.0
106.1
107.3
106.6
106.8
106.4
106.9
106.4
107.7
100.3
107.3
101.2
105.7
107.1
105.9
107.7
108.8
105.6
106.4
108.1
107.0
107.1
107.5
106.2
106.5
107.2
106.6
105.9
107.8
106.0
108.0
123.3
122.9
107.1
107.1
106.7
106.4
107.6
108.2
107.0
109.3
106.5
106.0
106.2
107.3
106.1
106.6
106.7
107.4
107.1
107.5
107.4
106.7
123.6
123.2
105.2
106.3
107.6
105.8
105.4
105.6
105.2
108.1
107.2
107.0
107.3
107.1
107.7
106.3
107.4
121.5
124.0
107.0
