Energy     Target
1.7791E-02 6.6667E-07
1.5612E-01 6.6667E-07
2.4179E-01 6.6667E-07
2.1427E-01 6.6667E-07
1.4736E-01 6.6667E-07
1.0542E-01 6.6667E-07
8.1593E-02 6.6667E-07
6.8087E-02 6.6667E-07
6.0490E-02 6.6667E-07
5.6203E-02 6.6667E-07
5.2719E-02 6.6667E-07
5.1254E-02 6.6667E-07
4.8772E-02 6.6667E-07
4.7291E-02 6.6667E-07
4.5907E-02 6.6667E-07
4.2909E-02 6.6667E-07
4.2245E-02 6.6667E-07
3.9846E-02 6.6667E-07
3.8545E-02 6.6667E-07
3.6532E-02 6.6667E-07
3.4681E-02 6.6667E-07
3.3273E-02 6.6667E-07
3.1210E-02 6.6667E-07
2.9728E-02 6.6667E-07
2.8267E-02 6.6667E-07
2.6568E-02 6.6667E-07
2.4877E-02 6.6667E-07
2.3909E-02 6.6667E-07
2.2426E-02 6.6667E-07
2.1375E-02 6.6667E-07
2.0450E-02 6.6667E-07
1.9372E-02 6.6667E-07
1.8635E-02 6.6667E-07
1.7743E-02 6.6667E-07
1.7159E-02 6.6667E-07
1.6162E-02 6.6667E-07
1.5933E-02 6.6667E-07
1.5213E-02 6.6667E-07
1.4908E-02 6.6667E-07
1.4421E-02 6.6667E-07
1.4031E-02 6.6667E-07
1.3924E-02 6.6667E-07
1.3736E-02 6.6667E-07
1.3537E-02 6.6667E-07
1.3588E-02 6.6667E-07
1.3465E-02 6.6667E-07
1.3540E-02 6.6667E-07
1.3318E-02 6.6667E-07
1.3739E-02 6.6667E-07
1.3357E-02 6.6667E-07
1.3849E-02 6.6667E-07
1.3466E-02 6.6667E-07
1.3696E-02 6.6667E-07
1.3344E-02 6.6667E-07
1.3542E-02 6.6667E-07
1.3106E-02 6.6667E-07
1.3598E-02 6.6667E-07
1.2728E-02 6.6667E-07
1.3581E-02 6.6667E-07
1.2061E-02 6.6667E-07
1.3153E-02 6.6667E-07
1.1927E-02 6.6667E-07
1.2724E-02 6.6667E-07
1.1760E-02 6.6667E-07
1.1973E-02 6.6667E-07
1.1344E-02 6.6667E-07
1.1272E-02 6.6667E-07
1.0778E-02 6.6667E-07
1.0671E-02 6.6667E-07
1.0303E-02 6.6667E-07
1.0102E-02 6.6667E-07
9.8928E-03 6.6667E-07
9.5846E-03 6.6667E-07
9.4965E-03 6.6667E-07
9.2602E-03 6.6667E-07
9.1155E-03 6.6667E-07
8.9951E-03 6.6667E-07
8.8423E-03 6.6667E-07
8.6471E-03 6.6667E-07
8.6768E-03 6.6667E-07
8.3848E-03 6.6667E-07
8.4646E-03 6.6667E-07
8.1022E-03 6.6667E-07
8.2977E-03 6.6667E-07
7.6265E-03 6.6667E-07
8.2823E-03 6.6667E-07
6.9418E-03 6.6667E-07
7.9355E-03 6.6667E-07
6.7743E-03 6.6667E-07
7.6993E-03 6.6667E-07
6.7320E-03 6.6667E-07
7.7867E-03 6.6667E-07
7.0335E-03 6.6667E-07
8.5258E-03 6.6667E-07
7.5607E-03 6.6667E-07
9.3600E-03 6.6667E-07
8.9459E-03 6.6667E-07
9.9089E-03 6.6667E-07
9.6449E-03 6.6667E-07
9.7289E-03 6.6667E-07
9.5723E-03 6.6667E-07
9.0199E-03 6.6667E-07
8.6946E-03 6.6667E-07
7.8025E-03 6.6667E-07
7.5590E-03 6.6667E-07
6.5481E-03 6.6667E-07
6.4468E-03 6.6667E-07
5.5973E-03 6.6667E-07
5.7851E-03 6.6667E-07
4.9115E-03 6.6667E-07
5.8262E-03 6.6667E-07
4.8892E-03 6.6667E-07
6.1860E-03 6.6667E-07
5.2720E-03 6.6667E-07
6.6564E-03 6.6667E-07
5.7990E-03 6.6667E-07
7.0612E-03 6.6667E-07
6.2531E-03 6.6667E-07
7.1430E-03 6.6667E-07
6.5435E-03 6.6667E-07
7.0275E-03 6.6667E-07
6.4117E-03 6.6667E-07
6.7065E-03 6.6667E-07
6.3805E-03 6.6667E-07
6.1974E-03 6.6667E-07
6.3335E-03 6.6667E-07
5.5197E-03 6.6667E-07
6.0187E-03 6.6667E-07
5.1477E-03 6.6667E-07
5.3952E-03 6.6667E-07
4.9880E-03 6.6667E-07
5.1035E-03 6.6667E-07
4.5477E-03 6.6667E-07
4.9443E-03 6.6667E-07
4.4418E-03 6.6667E-07
4.9087E-03 6.6667E-07
4.3853E-03 6.6667E-07
5.0497E-03 6.6667E-07
4.4564E-03 6.6667E-07
5.4872E-03 6.6667E-07
4.3906E-03 6.6667E-07
5.9354E-03 6.6667E-07
4.6994E-03 6.6667E-07
5.9614E-03 6.6667E-07
4.8571E-03 6.6667E-07
5.6736E-03 6.6667E-07
4.8478E-03 6.6667E-07
5.2265E-03 6.6667E-07
4.7857E-03 6.6667E-07
4.7365E-03 6.6667E-07
4.5168E-03 6.6667E-07
4.2385E-03 6.6667E-07
4.0831E-03 6.6667E-07
3.9283E-03 6.6667E-07
3.5785E-03 6.6667E-07
3.9185E-03 6.6667E-07
3.1926E-03 6.6667E-07
3.8962E-03 6.6667E-07
3.5546E-03 6.6667E-07
4.1122E-03 6.6667E-07
4.2532E-03 6.6667E-07
4.6405E-03 6.6667E-07
4.1098E-03 6.6667E-07
4.7320E-03 6.6667E-07
3.9471E-03 6.6667E-07
4.7034E-03 6.6667E-07
4.5040E-03 6.6667E-07
4.7417E-03 6.6667E-07
4.5210E-03 6.6667E-07
3.7177E-03 6.6667E-07
3.6990E-03 6.6667E-07
2.7242E-03 6.6667E-07
3.1410E-03 6.6667E-07
2.3293E-03 6.6667E-07
3.2400E-03 6.6667E-07
3.0225E-03 6.6667E-07
3.9516E-03 6.6667E-07
3.6326E-03 6.6667E-07
3.4756E-03 6.6667E-07
2.9921E-03 6.6667E-07
3.1323E-03 6.6667E-07
3.2592E-03 6.6667E-07
2.9508E-03 6.6667E-07
3.1723E-03 6.6667E-07
2.5054E-03 6.6667E-07
2.8015E-03 6.6667E-07
2.2216E-03 6.6667E-07
2.4483E-03 6.6667E-07
2.1724E-03 6.6667E-07
2.7637E-03 6.6667E-07
2.4414E-03 6.6667E-07
3.4657E-03 6.6667E-07
2.6594E-03 6.6667E-07
4.0457E-03 6.6667E-07
2.5148E-03 6.6667E-07
4.1105E-03 6.6667E-07
2.3088E-03 6.6667E-07
3.5507E-03 6.6667E-07
2.1694E-03 6.6667E-07
3.7980E-03 6.6667E-07
2.4193E-03 6.6667E-07
3.2226E-03 6.6667E-07
2.2825E-03 6.6667E-07
2.7614E-03 6.6667E-07
2.1534E-03 6.6667E-07
2.6509E-03 6.6667E-07
2.0959E-03 6.6667E-07
2.8951E-03 6.6667E-07
2.3795E-03 6.6667E-07
2.4926E-03 6.6667E-07
2.6702E-03 6.6667E-07
2.4791E-03 6.6667E-07
2.5996E-03 6.6667E-07
2.5668E-03 6.6667E-07
2.5699E-03 6.6667E-07
2.0923E-03 6.6667E-07
2.1474E-03 6.6667E-07
2.0719E-03 6.6667E-07
2.5213E-03 6.6667E-07
1.9907E-03 6.6667E-07
2.8491E-03 6.6667E-07
1.8022E-03 6.6667E-07
2.5839E-03 6.6667E-07
1.8579E-03 6.6667E-07
2.9954E-03 6.6667E-07
2.4273E-03 6.6667E-07
3.3024E-03 6.6667E-07
2.1809E-03 6.6667E-07
2.7598E-03 6.6667E-07
1.9572E-03 6.6667E-07
2.3187E-03 6.6667E-07
1.5073E-03 6.6667E-07
2.3026E-03 6.6667E-07
1.8290E-03 6.6667E-07
2.4466E-03 6.6667E-07
1.9240E-03 6.6667E-07
2.4091E-03 6.6667E-07
1.9040E-03 6.6667E-07
2.4755E-03 6.6667E-07
1.8379E-03 6.6667E-07
2.5316E-03 6.6667E-07
1.9114E-03 6.6667E-07
2.0030E-03 6.6667E-07
1.9335E-03 6.6667E-07
1.9183E-03 6.6667E-07
1.5933E-03 6.6667E-07
1.5852E-03 6.6667E-07
1.8357E-03 6.6667E-07
1.8799E-03 6.6667E-07
2.0375E-03 6.6667E-07
1.9393E-03 6.6667E-07
2.2317E-03 6.6667E-07
1.4589E-03 6.6667E-07
1.8594E-03 6.6667E-07
1.9085E-03 6.6667E-07
1.6827E-03 6.6667E-07
1.9936E-03 6.6667E-07
1.8208E-03 6.6667E-07
1.6533E-03 6.6667E-07
1.5439E-03 6.6667E-07
1.4479E-03 6.6667E-07
1.4144E-03 6.6667E-07
1.7765E-03 6.6667E-07
1.8214E-03 6.6667E-07
2.2796E-03 6.6667E-07
1.3201E-03 6.6667E-07
1.6078E-03 6.6667E-07
1.3224E-03 6.6667E-07
1.2993E-03 6.6667E-07
1.7494E-03 6.6667E-07
1.5176E-03 6.6667E-07
1.6974E-03 6.6667E-07
1.6527E-03 6.6667E-07
1.5681E-03 6.6667E-07
1.1130E-03 6.6667E-07
1.3681E-03 6.6667E-07
1.2066E-03 6.6667E-07
1.3572E-03 6.6667E-07
1.3916E-03 6.6667E-07
1.0712E-03 6.6667E-07
1.1362E-03 6.6667E-07
1.4801E-03 6.6667E-07
1.4300E-03 6.6667E-07
1.2216E-03 6.6667E-07
1.5128E-03 6.6667E-07
1.5013E-03 6.6667E-07
1.2421E-03 6.6667E-07
1.2101E-03 6.6667E-07
9.8755E-04 6.6667E-07
1.0621E-03 6.6667E-07
1.5221E-03 6.6667E-07
1.2215E-03 6.6667E-07
1.1942E-03 6.6667E-07
9.7302E-04 6.6667E-07
1.0588E-03 6.6667E-07
1.2121E-03 6.6667E-07
1.3473E-03 6.6667E-07
1.3185E-03 6.6667E-07
1.3413E-03 6.6667E-07
1.2745E-03 6.6667E-07
1.4919E-03 6.6667E-07
1.0677E-03 6.6667E-07
9.4526E-04 6.6667E-07
1.1043E-03 6.6667E-07
1.2464E-03 6.6667E-07
1.1784E-03 6.6667E-07
1.1241E-03 6.6667E-07
1.0869E-03 6.6667E-07
9.2522E-04 6.6667E-07
9.2596E-04 6.6667E-07
1.0730E-03 6.6667E-07
1.0366E-03 6.6667E-07
9.5852E-04 6.6667E-07
8.9543E-04 6.6667E-07
7.6927E-04 6.6667E-07
9.9037E-04 6.6667E-07
9.5726E-04 6.6667E-07
8.6483E-04 6.6667E-07
1.1095E-03 6.6667E-07
1.4188E-03 6.6667E-07
1.2980E-03 6.6667E-07
1.0422E-03 6.6667E-07
8.6913E-04 6.6667E-07
8.2905E-04 6.6667E-07
1.0342E-03 6.6667E-07
1.0896E-03 6.6667E-07
1.2670E-03 6.6667E-07
1.3296E-03 6.6667E-07
1.2121E-03 6.6667E-07
1.0630E-03 6.6667E-07
9.6105E-04 6.6667E-07
7.5568E-04 6.6667E-07
8.5463E-04 6.6667E-07
8.8882E-04 6.6667E-07
7.6242E-04 6.6667E-07
1.0214E-03 6.6667E-07
5.7583E-04 6.6667E-07
1.0121E-03 6.6667E-07
5.9293E-04 6.6667E-07
6.5053E-04 6.6667E-07
7.6479E-04 6.6667E-07
8.1854E-04 6.6667E-07
6.2706E-04 6.6667E-07
6.3790E-04 6.6667E-07
5.4836E-04 6.6667E-07
6.8655E-04 6.6667E-07
5.8657E-04 6.6667E-07
5.7672E-04 6.6667E-07
5.8746E-04 6.6667E-07
6.7826E-04 6.6667E-07
5.3552E-04 6.6667E-07
5.1217E-04 6.6667E-07
7.2585E-04 6.6667E-07
5.4382E-04 6.6667E-07
5.2876E-04 6.6667E-07
6.7258E-04 6.6667E-07
5.2103E-04 6.6667E-07
6.6594E-04 6.6667E-07
6.7276E-04 6.6667E-07
5.9584E-04 6.6667E-07
6.5133E-04 6.6667E-07
7.8763E-04 6.6667E-07
7.2828E-04 6.6667E-07
5.9020E-04 6.6667E-07
7.2661E-04 6.6667E-07
5.6493E-04 6.6667E-07
7.6236E-04 6.6667E-07
5.8704E-04 6.6667E-07
2.7456E-04 6.6667E-07
6.5135E-04 6.6667E-07
7.3296E-04 6.6667E-07
6.2343E-04 6.6667E-07
6.0052E-04 6.6667E-07
6.1020E-04 6.6667E-07
8.5462E-04 6.6667E-07
5.9202E-04 6.6667E-07
8.2850E-04 6.6667E-07
6.7328E-04 6.6667E-07
7.2430E-04 6.6667E-07
7.1229E-04 6.6667E-07
5.2070E-04 6.6667E-07
8.3368E-04 6.6667E-07
6.2927E-04 6.6667E-07
7.6877E-04 6.6667E-07
8.6217E-04 6.6667E-07
1.0775E-03 6.6667E-07
9.1594E-04 6.6667E-07
9.3608E-04 6.6667E-07
6.4942E-04 6.6667E-07
1.0213E-03 6.6667E-07
1.0114E-03 6.6667E-07
9.2822E-04 6.6667E-07
1.0357E-03 6.6667E-07
1.1292E-03 6.6667E-07
7.1800E-04 6.6667E-07
9.2019E-04 6.6667E-07
9.8807E-04 6.6667E-07
1.0348E-03 6.6667E-07
8.6155E-04 6.6667E-07
8.8961E-04 6.6667E-07
7.3351E-04 6.6667E-07
6.6907E-04 6.6667E-07
6.6056E-04 6.6667E-07
6.7920E-04 6.6667E-07
6.5963E-04 6.6667E-07
5.0312E-04 6.6667E-07
5.0078E-04 6.6667E-07
6.8852E-04 6.6667E-07
4.6639E-04 6.6667E-07
5.7013E-04 6.6667E-07
5.9989E-04 6.6667E-07
4.5663E-04 6.6667E-07
4.5048E-04 6.6667E-07
5.9628E-04 6.6667E-07
4.5922E-04 6.6667E-07
5.3783E-04 6.6667E-07
7.8208E-04 6.6667E-07
4.9156E-04 6.6667E-07
4.3203E-04 6.6667E-07
7.9063E-04 6.6667E-07
4.5005E-04 6.6667E-07
5.6046E-04 6.6667E-07
7.3171E-04 6.6667E-07
3.5569E-04 6.6667E-07
3.9360E-04 6.6667E-07
6.0249E-04 6.6667E-07
4.4267E-04 6.6667E-07
5.6916E-04 6.6667E-07
5.9433E-04 6.6667E-07
5.3006E-04 6.6667E-07
4.3083E-04 6.6667E-07
5.1325E-04 6.6667E-07
5.0642E-04 6.6667E-07
4.9663E-04 6.6667E-07
5.5486E-04 6.6667E-07
4.7299E-04 6.6667E-07
4.7184E-04 6.6667E-07
4.5728E-04 6.6667E-07
4.3267E-04 6.6667E-07
4.2165E-04 6.6667E-07
5.9034E-04 6.6667E-07
4.3347E-04 6.6667E-07
5.7554E-04 6.6667E-07
5.5293E-04 6.6667E-07
4.3501E-04 6.6667E-07
4.6633E-04 6.6667E-07
6.0525E-04 6.6667E-07
4.6141E-04 6.6667E-07
4.5691E-04 6.6667E-07
5.2053E-04 6.6667E-07
5.3110E-04 6.6667E-07
3.7372E-04 6.6667E-07
3.9369E-04 6.6667E-07
3.8593E-04 6.6667E-07
4.6386E-04 6.6667E-07
4.1868E-04 6.6667E-07
2.9793E-04 6.6667E-07
2.9637E-04 6.6667E-07
3.8589E-04 6.6667E-07
2.4438E-04 6.6667E-07
2.9460E-04 6.6667E-07
3.9908E-04 6.6667E-07
2.8712E-04 6.6667E-07
1.6241E-04 6.6667E-07
2.9886E-04 6.6667E-07
1.9990E-04 6.6667E-07
2.6963E-04 6.6667E-07
1.8840E-04 6.6667E-07
2.7628E-04 6.6667E-07
1.1659E-04 6.6667E-07
2.2260E-04 6.6667E-07
1.4269E-04 6.6667E-07
2.4874E-04 6.6667E-07
1.7020E-04 6.6667E-07
1.6608E-04 6.6667E-07
2.8001E-04 6.6667E-07
2.6925E-04 6.6667E-07
2.0104E-04 6.6667E-07
2.4771E-04 6.6667E-07
1.9153E-04 6.6667E-07
3.0002E-04 6.6667E-07
2.4583E-04 6.6667E-07
3.4866E-04 6.6667E-07
1.5205E-04 6.6667E-07
2.3141E-04 6.6667E-07
2.5125E-04 6.6667E-07
2.5563E-04 6.6667E-07
2.9608E-04 6.6667E-07
2.4555E-04 6.6667E-07
2.9354E-04 6.6667E-07
2.9884E-04 6.6667E-07
2.4593E-04 6.6667E-07
2.2103E-04 6.6667E-07
3.3667E-04 6.6667E-07
2.3401E-04 6.6667E-07
1.9880E-04 6.6667E-07
3.2626E-04 6.6667E-07
1.7875E-04 6.6667E-07
2.4143E-04 6.6667E-07
3.0926E-04 6.6667E-07
1.7899E-04 6.6667E-07
1.9945E-04 6.6667E-07
3.7481E-04 6.6667E-07
2.7327E-04 6.6667E-07
3.1650E-04 6.6667E-07
3.1596E-04 6.6667E-07
2.9140E-04 6.6667E-07
3.8392E-04 6.6667E-07
3.9108E-04 6.6667E-07
4.0365E-04 6.6667E-07
2.4517E-04 6.6667E-07
4.1849E-04 6.6667E-07
4.9815E-04 6.6667E-07
4.7781E-04 6.6667E-07
6.6211E-04 6.6667E-07
6.4606E-04 6.6667E-07
7.1631E-04 6.6667E-07
5.8661E-04 6.6667E-07
7.7331E-04 6.6667E-07
5.0205E-04 6.6667E-07
6.6463E-04 6.6667E-07
6.1416E-04 6.6667E-07
8.1250E-04 6.6667E-07
7.6606E-04 6.6667E-07
6.9646E-04 6.6667E-07
7.4848E-04 6.6667E-07
7.0065E-04 6.6667E-07
6.3163E-04 6.6667E-07
6.0364E-04 6.6667E-07
4.9868E-04 6.6667E-07
6.9392E-04 6.6667E-07
4.4878E-04 6.6667E-07
5.2551E-04 6.6667E-07
4.5414E-04 6.6667E-07
3.0309E-04 6.6667E-07
4.2416E-04 6.6667E-07
5.9342E-04 6.6667E-07
5.0777E-04 6.6667E-07
3.3248E-04 6.6667E-07
5.7089E-04 6.6667E-07
3.3268E-04 6.6667E-07
4.4480E-04 6.6667E-07
4.3158E-04 6.6667E-07
5.8078E-04 6.6667E-07
4.5470E-04 6.6667E-07
4.3444E-04 6.6667E-07
5.0479E-04 6.6667E-07
5.9380E-04 6.6667E-07
4.9282E-04 6.6667E-07
4.3041E-04 6.6667E-07
4.3148E-04 6.6667E-07
4.7886E-04 6.6667E-07
6.3864E-04 6.6667E-07
3.8180E-04 6.6667E-07
4.3028E-04 6.6667E-07
5.6952E-04 6.6667E-07
3.3731E-04 6.6667E-07
3.3939E-04 6.6667E-07
6.1979E-04 6.6667E-07
2.8074E-04 6.6667E-07
2.8099E-04 6.6667E-07
5.7335E-04 6.6667E-07
2.7589E-04 6.6667E-07
3.0749E-04 6.6667E-07
4.0343E-04 6.6667E-07
2.9586E-04 6.6667E-07
2.4806E-04 6.6667E-07
4.1716E-04 6.6667E-07
2.8048E-04 6.6667E-07
3.2386E-04 6.6667E-07
2.7878E-04 6.6667E-07
2.6415E-04 6.6667E-07
2.9031E-04 6.6667E-07
2.9660E-04 6.6667E-07
3.6575E-04 6.6667E-07
2.2907E-04 6.6667E-07
2.3701E-04 6.6667E-07
3.9706E-04 6.6667E-07
2.2670E-04 6.6667E-07
2.6995E-04 6.6667E-07
3.7074E-04 6.6667E-07
2.6579E-04 6.6667E-07
2.2213E-04 6.6667E-07
4.2630E-04 6.6667E-07
1.8876E-04 6.6667E-07
2.8980E-04 6.6667E-07
2.6265E-04 6.6667E-07
2.3569E-04 6.6667E-07
3.7765E-04 6.6667E-07
1.3651E-04 6.6667E-07
3.6959E-04 6.6667E-07
1.4861E-04 6.6667E-07
1.9615E-04 6.6667E-07
2.3209E-04 6.6667E-07
2.5420E-04 6.6667E-07
2.1846E-04 6.6667E-07
1.5696E-04 6.6667E-07
2.0265E-04 6.6667E-07
2.5706E-04 6.6667E-07
1.3832E-04 6.6667E-07
2.2105E-04 6.6667E-07
2.0745E-04 6.6667E-07
2.7189E-04 6.6667E-07
2.2710E-04 6.6667E-07
1.9921E-04 6.6667E-07
1.8970E-04 6.6667E-07
2.2145E-04 6.6667E-07
2.2000E-04 6.6667E-07
1.7915E-04 6.6667E-07
2.2144E-04 6.6667E-07
2.8126E-04 6.6667E-07
2.4384E-04 6.6667E-07
2.5999E-04 6.6667E-07
2.3956E-04 6.6667E-07
2.5807E-04 6.6667E-07
2.3301E-04 6.6667E-07
2.9403E-04 6.6667E-07
2.7774E-04 6.6667E-07
2.4699E-04 6.6667E-07
1.9642E-04 6.6667E-07
2.1380E-04 6.6667E-07
2.6528E-04 6.6667E-07
2.5670E-04 6.6667E-07
2.6824E-04 6.6667E-07
2.2286E-04 6.6667E-07
2.6151E-04 6.6667E-07
2.7424E-04 6.6667E-07
2.9208E-04 6.6667E-07
2.3366E-04 6.6667E-07
2.6740E-04 6.6667E-07
1.1531E-04 6.6667E-07
3.1615E-04 6.6667E-07
1.7435E-04 6.6667E-07
1.8791E-04 6.6667E-07
2.0616E-04 6.6667E-07
2.2456E-04 6.6667E-07
2.3404E-04 6.6667E-07
1.5368E-04 6.6667E-07
2.2441E-04 6.6667E-07
1.4929E-04 6.6667E-07
1.9343E-04 6.6667E-07
1.3820E-04 6.6667E-07
1.3109E-04 6.6667E-07
2.1421E-04 6.6667E-07
2.0065E-04 6.6667E-07
1.4637E-04 6.6667E-07
1.6932E-04 6.6667E-07
1.4024E-04 6.6667E-07
2.3081E-04 6.6667E-07
1.5575E-04 6.6667E-07
1.2435E-04 6.6667E-07
1.7500E-04 6.6667E-07
1.4944E-04 6.6667E-07
1.9870E-04 6.6667E-07
1.6358E-04 6.6667E-07
1.9443E-04 6.6667E-07
1.7874E-04 6.6667E-07
1.8203E-04 6.6667E-07
2.0093E-04 6.6667E-07
1.8665E-04 6.6667E-07
2.3525E-04 6.6667E-07
1.8519E-04 6.6667E-07
1.8316E-04 6.6667E-07
2.1168E-04 6.6667E-07
1.5721E-04 6.6667E-07
1.8652E-04 6.6667E-07
2.0314E-04 6.6667E-07
1.5158E-04 6.6667E-07
1.2623E-04 6.6667E-07
1.8825E-04 6.6667E-07
1.1871E-04 6.6667E-07
1.3522E-04 6.6667E-07
1.7316E-04 6.6667E-07
1.2632E-04 6.6667E-07
1.6173E-04 6.6667E-07
1.6831E-04 6.6667E-07
1.6258E-04 6.6667E-07
1.3970E-04 6.6667E-07
1.6890E-04 6.6667E-07
1.8321E-04 6.6667E-07
1.7065E-04 6.6667E-07
1.4932E-04 6.6667E-07
1.8617E-04 6.6667E-07
1.7477E-04 6.6667E-07
1.9092E-04 6.6667E-07
1.5968E-04 6.6667E-07
2.0061E-04 6.6667E-07
2.4084E-04 6.6667E-07
2.0411E-04 6.6667E-07
2.1545E-04 6.6667E-07
3.1379E-04 6.6667E-07
2.3775E-04 6.6667E-07
2.4604E-04 6.6667E-07
3.0020E-04 6.6667E-07
1.7869E-04 6.6667E-07
2.2338E-04 6.6667E-07
3.3013E-04 6.6667E-07
2.5292E-04 6.6667E-07
3.5091E-04 6.6667E-07
2.8793E-04 6.6667E-07
2.9350E-04 6.6667E-07
2.6481E-04 6.6667E-07
3.1217E-04 6.6667E-07
2.1521E-04 6.6667E-07
2.4242E-04 6.6667E-07
2.0457E-04 6.6667E-07
1.8592E-04 6.6667E-07
1.9621E-04 6.6667E-07
2.0000E-04 6.6667E-07
1.7959E-04 6.6667E-07
1.6043E-04 6.6667E-07
1.4580E-04 6.6667E-07
1.4717E-04 6.6667E-07
1.3240E-04 6.6667E-07
1.1805E-04 6.6667E-07
1.1987E-04 6.6667E-07
1.3710E-04 6.6667E-07
1.1892E-04 6.6667E-07
9.6879E-05 6.6667E-07
1.1049E-04 6.6667E-07
9.3974E-05 6.6667E-07
1.3178E-04 6.6667E-07
1.2603E-04 6.6667E-07
1.2501E-04 6.6667E-07
9.5274E-05 6.6667E-07
1.2735E-04 6.6667E-07
8.8592E-05 6.6667E-07
1.0102E-04 6.6667E-07
9.3433E-05 6.6667E-07
7.7957E-05 6.6667E-07
6.0044E-05 6.6667E-07
1.4461E-04 6.6667E-07
5.0400E-05 6.6667E-07
7.9382E-05 6.6667E-07
7.8047E-05 6.6667E-07
9.3316E-05 6.6667E-07
6.7915E-05 6.6667E-07
7.3380E-05 6.6667E-07
7.0711E-05 6.6667E-07
8.0494E-05 6.6667E-07
8.6681E-05 6.6667E-07
6.4304E-05 6.6667E-07
5.4581E-05 6.6667E-07
1.0995E-04 6.6667E-07
4.6290E-05 6.6667E-07
7.9387E-05 6.6667E-07
7.5815E-05 6.6667E-07
7.1014E-05 6.6667E-07
6.1721E-05 6.6667E-07
1.0344E-04 6.6667E-07
6.8361E-05 6.6667E-07
7.0605E-05 6.6667E-07
9.8627E-05 6.6667E-07
9.0500E-05 6.6667E-07
8.9064E-05 6.6667E-07
7.4432E-05 6.6667E-07
7.2959E-05 6.6667E-07
9.7750E-05 6.6667E-07
1.1311E-04 6.6667E-07
7.6634E-05 6.6667E-07
9.2912E-05 6.6667E-07
1.0374E-04 6.6667E-07
1.1362E-04 6.6667E-07
1.0649E-04 6.6667E-07
8.6546E-05 6.6667E-07
1.5119E-04 6.6667E-07
9.7721E-05 6.6667E-07
1.2835E-04 6.6667E-07
8.6320E-05 6.6667E-07
1.0445E-04 6.6667E-07
1.5999E-04 6.6667E-07
1.6139E-04 6.6667E-07
1.0328E-04 6.6667E-07
1.5246E-04 6.6667E-07
1.0989E-04 6.6667E-07
1.3195E-04 6.6667E-07
1.1577E-04 6.6667E-07
1.2423E-04 6.6667E-07
9.1545E-05 6.6667E-07
1.8126E-04 6.6667E-07
2.1102E-04 6.6667E-07
1.1245E-04 6.6667E-07
2.3228E-04 6.6667E-07
9.2916E-05 6.6667E-07
1.2345E-04 6.6667E-07
1.8567E-04 6.6667E-07
1.7788E-04 6.6667E-07
2.4133E-04 6.6667E-07
1.2515E-04 6.6667E-07
2.0328E-04 6.6667E-07
1.8779E-04 6.6667E-07
2.2193E-04 6.6667E-07
1.6528E-04 6.6667E-07
1.3387E-04 6.6667E-07
1.7260E-04 6.6667E-07
2.3355E-04 6.6667E-07
1.7746E-04 6.6667E-07
1.7982E-04 6.6667E-07
1.6986E-04 6.6667E-07
1.9334E-04 6.6667E-07
1.7040E-04 6.6667E-07
1.7525E-04 6.6667E-07
1.4948E-04 6.6667E-07
1.5216E-04 6.6667E-07
1.3457E-04 6.6667E-07
1.2542E-04 6.6667E-07
1.5240E-04 6.6667E-07
9.8876E-05 6.6667E-07
1.1620E-04 6.6667E-07
1.4293E-04 6.6667E-07
9.7397E-05 6.6667E-07
1.5362E-04 6.6667E-07
1.0496E-04 6.6667E-07
1.1104E-04 6.6667E-07
9.6532E-05 6.6667E-07
9.3998E-05 6.6667E-07
1.3630E-04 6.6667E-07
7.6789E-05 6.6667E-07
1.0226E-04 6.6667E-07
7.5871E-05 6.6667E-07
8.4943E-05 6.6667E-07
8.3638E-05 6.6667E-07
1.0913E-04 6.6667E-07
8.0715E-05 6.6667E-07
7.6032E-05 6.6667E-07
7.3340E-05 6.6667E-07
1.0140E-04 6.6667E-07
6.3464E-05 6.6667E-07
6.9177E-05 6.6667E-07
8.1109E-05 6.6667E-07
9.0322E-05 6.6667E-07
7.3566E-05 6.6667E-07
8.3380E-05 6.6667E-07
6.9197E-05 6.6667E-07
1.0842E-04 6.6667E-07
4.8261E-05 6.6667E-07
7.2420E-05 6.6667E-07
5.4241E-05 6.6667E-07
6.7293E-05 6.6667E-07
7.2727E-05 6.6667E-07
9.0205E-05 6.6667E-07
6.6784E-05 6.6667E-07
6.9091E-05 6.6667E-07
7.0434E-05 6.6667E-07
7.8815E-05 6.6667E-07
8.1013E-05 6.6667E-07
5.5853E-05 6.6667E-07
5.5901E-05 6.6667E-07
7.7390E-05 6.6667E-07
5.8190E-05 6.6667E-07
3.9001E-05 6.6667E-07
6.8163E-05 6.6667E-07
4.1214E-05 6.6667E-07
4.4699E-05 6.6667E-07
6.6277E-05 6.6667E-07
3.7954E-05 6.6667E-07
5.7516E-05 6.6667E-07
4.6496E-05 6.6667E-07
4.8974E-05 6.6667E-07
4.2124E-05 6.6667E-07
4.4745E-05 6.6667E-07
4.5504E-05 6.6667E-07
4.3916E-05 6.6667E-07
4.5969E-05 6.6667E-07
4.3020E-05 6.6667E-07
5.1867E-05 6.6667E-07
4.9960E-05 6.6667E-07
4.6543E-05 6.6667E-07
4.6132E-05 6.6667E-07
5.5818E-05 6.6667E-07
5.3142E-05 6.6667E-07
5.2466E-05 6.6667E-07
5.4779E-05 6.6667E-07
4.3418E-05 6.6667E-07
5.4197E-05 6.6667E-07
4.9609E-05 6.6667E-07
5.0752E-05 6.6667E-07
5.4301E-05 6.6667E-07
6.3147E-05 6.6667E-07
5.0427E-05 6.6667E-07
6.1129E-05 6.6667E-07
6.3669E-05 6.6667E-07
5.9170E-05 6.6667E-07
7.9395E-05 6.6667E-07
6.1283E-05 6.6667E-07
8.5464E-05 6.6667E-07
7.4492E-05 6.6667E-07
7.0749E-05 6.6667E-07
6.0794E-05 6.6667E-07
8.4617E-05 6.6667E-07
9.7700E-05 6.6667E-07
8.9539E-05 6.6667E-07
7.7635E-05 6.6667E-07
1.0071E-04 6.6667E-07
7.2445E-05 6.6667E-07
9.6185E-05 6.6667E-07
9.9451E-05 6.6667E-07
7.0899E-05 6.6667E-07
3.6846E-05 6.6667E-07
1.3093E-04 6.6667E-07
3.9082E-05 6.6667E-07
7.1775E-05 6.6667E-07
6.8929E-05 6.6667E-07
6.8101E-05 6.6667E-07
7.1874E-05 6.6667E-07
6.5735E-05 6.6667E-07
6.1432E-05 6.6667E-07
5.1474E-05 6.6667E-07
5.7034E-05 6.6667E-07
4.9107E-05 6.6667E-07
4.4396E-05 6.6667E-07
4.3321E-05 6.6667E-07
4.3603E-05 6.6667E-07
3.5853E-05 6.6667E-07
3.5850E-05 6.6667E-07
3.6576E-05 6.6667E-07
3.7783E-05 6.6667E-07
3.4092E-05 6.6667E-07
2.7449E-05 6.6667E-07
2.6886E-05 6.6667E-07
3.2126E-05 6.6667E-07
2.5122E-05 6.6667E-07
2.5352E-05 6.6667E-07
3.3517E-05 6.6667E-07
2.2339E-05 6.6667E-07
3.3942E-05 6.6667E-07
2.7626E-05 6.6667E-07
2.1029E-05 6.6667E-07
2.8769E-05 6.6667E-07
1.8195E-05 6.6667E-07
2.7791E-05 6.6667E-07
2.3961E-05 6.6667E-07
1.9078E-05 6.6667E-07
2.8961E-05 6.6667E-07
3.3737E-05 6.6667E-07
1.8189E-05 6.6667E-07
2.6884E-05 6.6667E-07
1.8899E-05 6.6667E-07
2.2493E-05 6.6667E-07
3.2650E-05 6.6667E-07
1.6304E-05 6.6667E-07
3.1149E-05 6.6667E-07
3.2689E-06 6.6667E-07
4.0827E-05 6.6667E-07
1.3072E-05 6.6667E-07
2.3082E-05 6.6667E-07
2.9181E-05 6.6667E-07
1.1936E-05 6.6667E-07
3.6362E-05 6.6667E-07
1.3545E-05 6.6667E-07
2.1218E-05 6.6667E-07
2.5421E-05 6.6667E-07
3.0565E-05 6.6667E-07
2.1875E-05 6.6667E-07
2.4942E-05 6.6667E-07
2.0366E-05 6.6667E-07
2.1083E-05 6.6667E-07
3.3666E-05 6.6667E-07
1.6504E-05 6.6667E-07
1.6466E-05 6.6667E-07
4.4497E-05 6.6667E-07
1.6472E-05 6.6667E-07
2.1226E-05 6.6667E-07
4.0586E-05 6.6667E-07
2.6711E-05 6.6667E-07
1.6550E-05 6.6667E-07
3.4088E-05 6.6667E-07
2.2437E-05 6.6667E-07
2.9547E-05 6.6667E-07
2.7994E-05 6.6667E-07
3.0721E-05 6.6667E-07
2.6574E-05 6.6667E-07
3.3196E-05 6.6667E-07
3.0474E-05 6.6667E-07
3.3214E-05 6.6667E-07
3.6342E-05 6.6667E-07
3.6683E-05 6.6667E-07
3.3460E-05 6.6667E-07
4.1229E-05 6.6667E-07
2.9718E-05 6.6667E-07
3.4433E-05 6.6667E-07
4.3661E-05 6.6667E-07
2.9651E-05 6.6667E-07
2.8716E-05 6.6667E-07
4.8431E-05 6.6667E-07
3.2275E-05 6.6667E-07
4.2605E-05 6.6667E-07
4.4665E-05 6.6667E-07
2.9366E-05 6.6667E-07
3.4577E-05 6.6667E-07
4.7736E-05 6.6667E-07
2.7364E-05 6.6667E-07
3.0641E-05 6.6667E-07
3.7240E-05 6.6667E-07
2.5130E-05 6.6667E-07
3.4518E-05 6.6667E-07
4.2413E-05 6.6667E-07
3.0197E-05 6.6667E-07
2.8995E-05 6.6667E-07
3.6779E-05 6.6667E-07
2.7250E-05 6.6667E-07
2.4667E-05 6.6667E-07
3.3911E-05 6.6667E-07
2.7308E-05 6.6667E-07
3.8453E-05 6.6667E-07
2.8911E-05 6.6667E-07
2.7304E-05 6.6667E-07
3.5019E-05 6.6667E-07
2.6921E-05 6.6667E-07
3.2640E-05 6.6667E-07
3.3765E-05 6.6667E-07
2.7764E-05 6.6667E-07
3.1373E-05 6.6667E-07
2.8684E-05 6.6667E-07
2.9381E-05 6.6667E-07
2.4947E-05 6.6667E-07
3.1533E-05 6.6667E-07
3.5720E-05 6.6667E-07
3.5944E-05 6.6667E-07
3.0760E-05 6.6667E-07
4.2610E-05 6.6667E-07
2.9388E-05 6.6667E-07
2.8469E-05 6.6667E-07
4.4029E-05 6.6667E-07
2.7587E-05 6.6667E-07
4.4482E-05 6.6667E-07
3.5243E-05 6.6667E-07
3.2786E-05 6.6667E-07
3.9546E-05 6.6667E-07
2.9638E-05 6.6667E-07
3.4433E-05 6.6667E-07
3.9161E-05 6.6667E-07
3.2754E-05 6.6667E-07
3.6698E-05 6.6667E-07
3.8744E-05 6.6667E-07
3.2185E-05 6.6667E-07
2.8362E-05 6.6667E-07
4.0095E-05 6.6667E-07
3.5955E-05 6.6667E-07
3.9011E-05 6.6667E-07
3.8283E-05 6.6667E-07
3.7201E-05 6.6667E-07
3.9644E-05 6.6667E-07
4.4002E-05 6.6667E-07
3.8361E-05 6.6667E-07
3.9070E-05 6.6667E-07
4.7223E-05 6.6667E-07
4.1602E-05 6.6667E-07
4.6565E-05 6.6667E-07
4.9374E-05 6.6667E-07
6.0448E-05 6.6667E-07
5.1774E-05 6.6667E-07
5.1958E-05 6.6667E-07
5.9052E-05 6.6667E-07
5.1461E-05 6.6667E-07
6.1008E-05 6.6667E-07
9.5983E-05 6.6667E-07
5.7748E-05 6.6667E-07
8.6438E-05 6.6667E-07
7.4554E-05 6.6667E-07
8.5562E-05 6.6667E-07
5.8259E-05 6.6667E-07
7.2188E-05 6.6667E-07
9.6565E-05 6.6667E-07
1.0041E-04 6.6667E-07
1.2853E-04 6.6667E-07
1.1551E-04 6.6667E-07
1.0627E-04 6.6667E-07
6.2634E-05 6.6667E-07
1.2453E-04 6.6667E-07
9.2547E-05 6.6667E-07
9.2452E-05 6.6667E-07
9.8392E-05 6.6667E-07
1.0897E-04 6.6667E-07
9.0211E-05 6.6667E-07
7.3907E-05 6.6667E-07
9.9303E-05 6.6667E-07
1.1378E-04 6.6667E-07
7.8348E-05 6.6667E-07
5.8634E-05 6.6667E-07
1.1759E-04 6.6667E-07
5.6937E-05 6.6667E-07
7.5328E-05 6.6667E-07
6.7248E-05 6.6667E-07
4.0806E-05 6.6667E-07
6.7422E-05 6.6667E-07
7.5242E-05 6.6667E-07
5.9882E-05 6.6667E-07
8.3368E-05 6.6667E-07
7.2981E-05 6.6667E-07
6.9118E-05 6.6667E-07
5.6798E-05 6.6667E-07
6.5458E-05 6.6667E-07
4.2887E-05 6.6667E-07
4.6596E-05 6.6667E-07
3.7791E-05 6.6667E-07
2.2689E-05 6.6667E-07
4.3634E-05 6.6667E-07
4.4881E-05 6.6667E-07
2.9214E-05 6.6667E-07
4.2395E-05 6.6667E-07
3.2492E-05 6.6667E-07
2.5813E-05 6.6667E-07
3.3841E-05 6.6667E-07
1.4235E-05 6.6667E-07
2.9438E-05 6.6667E-07
2.0284E-05 6.6667E-07
1.6860E-05 6.6667E-07
2.4160E-05 6.6667E-07
2.4758E-05 6.6667E-07
1.5669E-05 6.6667E-07
1.9687E-05 6.6667E-07
1.7458E-05 6.6667E-07
2.0566E-05 6.6667E-07
1.9229E-05 6.6667E-07
1.5975E-05 6.6667E-07
1.8660E-05 6.6667E-07
1.9898E-05 6.6667E-07
1.9301E-05 6.6667E-07
1.9368E-05 6.6667E-07
2.1948E-05 6.6667E-07
1.8678E-05 6.6667E-07
2.0704E-05 6.6667E-07
1.7916E-05 6.6667E-07
2.2055E-05 6.6667E-07
1.2513E-05 6.6667E-07
2.8895E-05 6.6667E-07
1.5910E-05 6.6667E-07
1.8880E-05 6.6667E-07
2.6899E-05 6.6667E-07
2.7282E-05 6.6667E-07
2.2083E-05 6.6667E-07
2.5579E-05 6.6667E-07
1.9047E-05 6.6667E-07
2.7011E-05 6.6667E-07
2.6304E-05 6.6667E-07
2.3873E-05 6.6667E-07
1.5094E-05 6.6667E-07
2.8639E-05 6.6667E-07
1.3878E-05 6.6667E-07
1.9616E-05 6.6667E-07
2.2682E-05 6.6667E-07
1.8410E-05 6.6667E-07
2.5010E-05 6.6667E-07
3.0734E-05 6.6667E-07
1.7441E-05 6.6667E-07
2.7274E-05 6.6667E-07
1.6747E-05 6.6667E-07
2.0242E-05 6.6667E-07
2.8308E-05 6.6667E-07
1.5700E-05 6.6667E-07
2.1065E-05 6.6667E-07
4.2064E-05 6.6667E-07
1.4946E-05 6.6667E-07
2.5878E-05 6.6667E-07
2.0165E-05 6.6667E-07
3.0624E-05 6.6667E-07
2.7813E-05 6.6667E-07
2.1039E-05 6.6667E-07
2.6382E-05 6.6667E-07
3.1007E-05 6.6667E-07
3.3901E-05 6.6667E-07
2.6903E-05 6.6667E-07
3.9860E-05 6.6667E-07
3.2969E-05 6.6667E-07
2.9183E-05 6.6667E-07
3.6861E-05 6.6667E-07
3.5486E-05 6.6667E-07
4.7476E-05 6.6667E-07
5.9863E-05 6.6667E-07
4.3005E-05 6.6667E-07
5.3162E-05 6.6667E-07
6.4678E-05 6.6667E-07
5.9694E-05 6.6667E-07
7.2399E-05 6.6667E-07
7.7133E-05 6.6667E-07
8.5152E-05 6.6667E-07
9.9520E-05 6.6667E-07
8.6160E-05 6.6667E-07
1.0730E-04 6.6667E-07
9.7733E-05 6.6667E-07
1.0771E-04 6.6667E-07
9.8179E-05 6.6667E-07
1.2119E-04 6.6667E-07
1.7066E-04 6.6667E-07
1.4746E-04 6.6667E-07
1.2206E-04 6.6667E-07
2.0019E-04 6.6667E-07
9.3309E-05 6.6667E-07
1.6140E-04 6.6667E-07
1.6997E-04 6.6667E-07
1.3629E-04 6.6667E-07
1.8983E-04 6.6667E-07
1.3379E-04 6.6667E-07
1.5430E-04 6.6667E-07
1.3994E-04 6.6667E-07
1.1517E-04 6.6667E-07
1.3729E-04 6.6667E-07
1.5917E-04 6.6667E-07
1.2074E-04 6.6667E-07
1.2824E-04 6.6667E-07
1.4313E-04 6.6667E-07
1.3103E-04 6.6667E-07
1.0841E-04 6.6667E-07
1.2507E-04 6.6667E-07
9.9385E-05 6.6667E-07
1.1782E-04 6.6667E-07
1.2611E-04 6.6667E-07
9.4690E-05 6.6667E-07
1.0629E-04 6.6667E-07
1.4232E-04 6.6667E-07
1.0408E-04 6.6667E-07
1.2277E-04 6.6667E-07
1.3244E-04 6.6667E-07
1.0493E-04 6.6667E-07
9.5438E-05 6.6667E-07
1.4365E-04 6.6667E-07
6.7583E-05 6.6667E-07
9.0149E-05 6.6667E-07
6.7726E-05 6.6667E-07
1.1587E-04 6.6667E-07
5.9177E-05 6.6667E-07
5.5991E-05 6.6667E-07
5.7158E-05 6.6667E-07
8.2041E-05 6.6667E-07
5.6871E-05 6.6667E-07
4.8311E-05 6.6667E-07
4.7434E-05 6.6667E-07
5.2787E-05 6.6667E-07
5.2262E-05 6.6667E-07
3.5469E-05 6.6667E-07
6.2461E-05 6.6667E-07
4.9052E-05 6.6667E-07
4.6514E-05 6.6667E-07
5.3415E-05 6.6667E-07
4.7516E-05 6.6667E-07
5.8420E-05 6.6667E-07
6.0058E-05 6.6667E-07
5.1126E-05 6.6667E-07
4.9551E-05 6.6667E-07
6.5336E-05 6.6667E-07
5.5888E-05 6.6667E-07
6.6247E-05 6.6667E-07
6.6452E-05 6.6667E-07
6.2223E-05 6.6667E-07
6.2375E-05 6.6667E-07
7.4027E-05 6.6667E-07
6.6238E-05 6.6667E-07
6.5286E-05 6.6667E-07
6.3044E-05 6.6667E-07
7.5690E-05 6.6667E-07
8.3835E-05 6.6667E-07
8.6584E-05 6.6667E-07
7.3811E-05 6.6667E-07
8.5538E-05 6.6667E-07
8.5473E-05 6.6667E-07
7.7593E-05 6.6667E-07
3.9179E-05 6.6667E-07
8.0207E-05 6.6667E-07
6.0778E-05 6.6667E-07
1.1736E-04 6.6667E-07
9.0437E-05 6.6667E-07
1.0170E-04 6.6667E-07
8.9811E-05 6.6667E-07
8.8039E-05 6.6667E-07
8.8017E-05 6.6667E-07
9.5792E-05 6.6667E-07
8.5822E-05 6.6667E-07
7.5786E-05 6.6667E-07
9.0849E-05 6.6667E-07
1.0165E-04 6.6667E-07
8.6119E-05 6.6667E-07
7.0045E-05 6.6667E-07
8.4930E-05 6.6667E-07
6.2699E-05 6.6667E-07
8.3919E-05 6.6667E-07
7.2916E-05 6.6667E-07
8.1486E-05 6.6667E-07
9.2847E-05 6.6667E-07
9.2655E-05 6.6667E-07
8.9669E-05 6.6667E-07
8.4962E-05 6.6667E-07
8.2857E-05 6.6667E-07
8.0167E-05 6.6667E-07
6.3892E-05 6.6667E-07
6.2177E-05 6.6667E-07
7.2570E-05 6.6667E-07
1.1448E-04 6.6667E-07
6.4643E-05 6.6667E-07
6.2613E-05 6.6667E-07
9.5231E-05 6.6667E-07
5.9433E-05 6.6667E-07
9.7199E-05 6.6667E-07
6.6992E-05 6.6667E-07
8.4456E-05 6.6667E-07
6.0618E-05 6.6667E-07
6.9021E-05 6.6667E-07
3.9102E-05 6.6667E-07
9.1520E-05 6.6667E-07
4.8706E-05 6.6667E-07
4.9811E-05 6.6667E-07
5.7734E-05 6.6667E-07
6.9978E-05 6.6667E-07
6.3976E-05 6.6667E-07
4.8307E-05 6.6667E-07
6.7399E-05 6.6667E-07
5.9208E-05 6.6667E-07
4.9527E-05 6.6667E-07
4.8711E-05 6.6667E-07
5.1162E-05 6.6667E-07
5.5587E-05 6.6667E-07
4.8470E-05 6.6667E-07
4.4662E-05 6.6667E-07
4.6059E-05 6.6667E-07
5.3761E-05 6.6667E-07
4.0009E-05 6.6667E-07
3.5386E-05 6.6667E-07
5.1540E-05 6.6667E-07
3.0989E-05 6.6667E-07
3.2620E-05 6.6667E-07
4.1448E-05 6.6667E-07
2.7191E-05 6.6667E-07
4.2756E-05 6.6667E-07
2.7625E-05 6.6667E-07
3.2476E-05 6.6667E-07
2.4173E-05 6.6667E-07
2.8562E-05 6.6667E-07
2.5310E-05 6.6667E-07
3.7876E-05 6.6667E-07
2.0768E-05 6.6667E-07
2.4883E-05 6.6667E-07
2.7153E-05 6.6667E-07
3.4268E-05 6.6667E-07
2.8832E-05 6.6667E-07
2.4562E-05 6.6667E-07
2.5032E-05 6.6667E-07
3.4862E-05 6.6667E-07
2.9822E-05 6.6667E-07
2.6400E-05 6.6667E-07
3.1427E-05 6.6667E-07
3.2145E-05 6.6667E-07
2.9633E-05 6.6667E-07
2.7842E-05 6.6667E-07
3.1545E-05 6.6667E-07
2.4133E-05 6.6667E-07
2.8090E-05 6.6667E-07
2.6971E-05 6.6667E-07
2.2750E-05 6.6667E-07
2.3599E-05 6.6667E-07
2.9897E-05 6.6667E-07
1.8935E-05 6.6667E-07
2.2071E-05 6.6667E-07
1.3550E-05 6.6667E-07
3.0791E-05 6.6667E-07
1.4900E-05 6.6667E-07
1.6906E-05 6.6667E-07
2.3732E-05 6.6667E-07
2.3857E-05 6.6667E-07
2.0526E-05 6.6667E-07
2.0642E-05 6.6667E-07
1.6983E-05 6.6667E-07
2.6297E-05 6.6667E-07
1.9532E-05 6.6667E-07
2.0043E-05 6.6667E-07
1.7990E-05 6.6667E-07
2.1702E-05 6.6667E-07
2.3871E-05 6.6667E-07
2.2828E-05 6.6667E-07
2.6492E-05 6.6667E-07
2.3626E-05 6.6667E-07
3.4935E-05 6.6667E-07
2.9797E-05 6.6667E-07
2.9647E-05 6.6667E-07
3.2456E-05 6.6667E-07
3.4933E-05 6.6667E-07
3.7912E-05 6.6667E-07
4.0767E-05 6.6667E-07
3.5834E-05 6.6667E-07
4.3413E-05 6.6667E-07
3.9955E-05 6.6667E-07
3.5525E-05 6.6667E-07
3.5261E-05 6.6667E-07
3.9820E-05 6.6667E-07
3.9007E-05 6.6667E-07
3.3881E-05 6.6667E-07
3.2372E-05 6.6667E-07
3.0223E-05 6.6667E-07
3.1818E-05 6.6667E-07
3.3650E-05 6.6667E-07
2.7857E-05 6.6667E-07
3.0065E-05 6.6667E-07
2.5076E-05 6.6667E-07
3.2312E-05 6.6667E-07
3.1196E-05 6.6667E-07
2.7652E-05 6.6667E-07
2.3694E-05 6.6667E-07
2.7703E-05 6.6667E-07
1.9440E-05 6.6667E-07
2.8917E-05 6.6667E-07
2.3419E-05 6.6667E-07
2.3876E-05 6.6667E-07
2.7337E-05 6.6667E-07
3.7581E-05 6.6667E-07
2.2609E-05 6.6667E-07
3.1681E-05 6.6667E-07
2.7584E-05 6.6667E-07
3.6424E-05 6.6667E-07
4.6553E-05 6.6667E-07
3.4671E-05 6.6667E-07
5.3037E-05 6.6667E-07
6.5134E-05 6.6667E-07
5.1951E-05 6.6667E-07
7.1124E-05 6.6667E-07
6.6224E-05 6.6667E-07
7.8176E-05 6.6667E-07
1.2238E-04 6.6667E-07
9.3986E-05 6.6667E-07
1.4034E-04 6.6667E-07
1.5432E-04 6.6667E-07
1.7997E-04 6.6667E-07
1.9203E-04 6.6667E-07
7.4479E-05 6.6667E-07
1.6263E-04 6.6667E-07
1.9551E-04 6.6667E-07
1.6982E-04 6.6667E-07
1.8520E-04 6.6667E-07
1.3134E-04 6.6667E-07
1.7105E-04 6.6667E-07
1.3815E-04 6.6667E-07
1.5958E-04 6.6667E-07
1.2612E-04 6.6667E-07
1.1126E-04 6.6667E-07
9.4303E-05 6.6667E-07
9.1005E-05 6.6667E-07
7.5331E-05 6.6667E-07
8.2596E-05 6.6667E-07
9.3681E-05 6.6667E-07
7.5362E-05 6.6667E-07
8.1568E-05 6.6667E-07
8.0997E-05 6.6667E-07
6.5648E-05 6.6667E-07
6.2416E-05 6.6667E-07
6.5265E-05 6.6667E-07
6.1296E-05 6.6667E-07
4.2431E-05 6.6667E-07
7.1436E-05 6.6667E-07
3.4556E-05 6.6667E-07
4.0888E-05 6.6667E-07
5.9190E-05 6.6667E-07
5.2337E-05 6.6667E-07
3.5635E-05 6.6667E-07
4.1870E-05 6.6667E-07
3.0977E-05 6.6667E-07
4.2541E-05 6.6667E-07
3.8312E-05 6.6667E-07
2.8759E-05 6.6667E-07
1.9324E-05 6.6667E-07
4.0319E-05 6.6667E-07
2.1490E-05 6.6667E-07
1.8777E-05 6.6667E-07
2.3611E-05 6.6667E-07
2.2090E-05 6.6667E-07
1.7152E-05 6.6667E-07
3.2741E-05 6.6667E-07
1.6501E-05 6.6667E-07
2.0945E-05 6.6667E-07
2.1769E-05 6.6667E-07
2.5846E-05 6.6667E-07
1.8702E-05 6.6667E-07
2.2716E-05 6.6667E-07
1.8911E-05 6.6667E-07
1.9275E-05 6.6667E-07
2.8777E-05 6.6667E-07
1.5783E-05 6.6667E-07
1.4622E-05 6.6667E-07
3.3033E-05 6.6667E-07
1.3409E-05 6.6667E-07
1.8465E-05 6.6667E-07
3.4226E-05 6.6667E-07
2.0320E-05 6.6667E-07
1.5203E-05 6.6667E-07
3.2297E-05 6.6667E-07
1.6837E-05 6.6667E-07
2.6038E-05 6.6667E-07
2.3206E-05 6.6667E-07
3.1770E-05 6.6667E-07
1.6454E-05 6.6667E-07
1.8727E-05 6.6667E-07
2.3887E-05 6.6667E-07
2.7299E-05 6.6667E-07
2.5401E-05 6.6667E-07
2.4908E-05 6.6667E-07
2.6381E-05 6.6667E-07
2.8859E-05 6.6667E-07
2.5481E-05 6.6667E-07
2.6628E-05 6.6667E-07
3.2686E-05 6.6667E-07
1.7740E-05 6.6667E-07
2.2259E-05 6.6667E-07
2.5667E-05 6.6667E-07
1.8745E-05 6.6667E-07
3.0742E-05 6.6667E-07
2.9144E-05 6.6667E-07
3.7269E-05 6.6667E-07
3.6625E-05 6.6667E-07
2.8174E-05 6.6667E-07
4.3715E-05 6.6667E-07
4.3606E-05 6.6667E-07
2.8018E-05 6.6667E-07
3.3521E-05 6.6667E-07
3.0793E-05 6.6667E-07
4.3559E-05 6.6667E-07
4.8324E-05 6.6667E-07
5.8611E-05 6.6667E-07
7.3719E-05 6.6667E-07
5.8086E-05 6.6667E-07
5.2804E-05 6.6667E-07
4.2259E-05 6.6667E-07
6.3909E-05 6.6667E-07
6.0643E-05 6.6667E-07
4.5749E-05 6.6667E-07
1.0935E-04 6.6667E-07
6.2251E-05 6.6667E-07
8.2967E-05 6.6667E-07
5.2639E-05 6.6667E-07
6.7783E-05 6.6667E-07
9.4702E-05 6.6667E-07
9.1813E-05 6.6667E-07
6.6630E-05 6.6667E-07
5.5072E-05 6.6667E-07
1.0676E-04 6.6667E-07
5.2081E-05 6.6667E-07
5.7362E-05 6.6667E-07
8.4297E-05 6.6667E-07
5.1263E-05 6.6667E-07
6.1007E-05 6.6667E-07
7.2534E-05 6.6667E-07
6.2945E-05 6.6667E-07
3.8305E-05 6.6667E-07
7.4240E-05 6.6667E-07
4.8031E-05 6.6667E-07
4.2957E-05 6.6667E-07
5.2672E-05 6.6667E-07
3.5119E-05 6.6667E-07
6.2741E-05 6.6667E-07
5.0608E-05 6.6667E-07
3.4046E-05 6.6667E-07
3.5538E-05 6.6667E-07
4.6172E-05 6.6667E-07
3.9385E-05 6.6667E-07
3.2189E-05 6.6667E-07
3.1475E-05 6.6667E-07
2.8230E-05 6.6667E-07
3.9911E-05 6.6667E-07
3.1852E-05 6.6667E-07
2.9171E-05 6.6667E-07
3.2326E-05 6.6667E-07
3.0212E-05 6.6667E-07
3.2343E-05 6.6667E-07
3.2463E-05 6.6667E-07
2.5512E-05 6.6667E-07
3.5525E-05 6.6667E-07
3.4422E-05 6.6667E-07
3.1138E-05 6.6667E-07
2.2256E-05 6.6667E-07
2.9803E-05 6.6667E-07
2.5213E-05 6.6667E-07
2.0842E-05 6.6667E-07
3.0904E-05 6.6667E-07
2.2513E-05 6.6667E-07
2.5210E-05 6.6667E-07
2.9039E-05 6.6667E-07
2.3402E-05 6.6667E-07
2.1980E-05 6.6667E-07
4.0891E-05 6.6667E-07
2.3777E-05 6.6667E-07
2.5185E-05 6.6667E-07
4.7299E-05 6.6667E-07
2.5848E-05 6.6667E-07
2.9434E-05 6.6667E-07
4.9982E-05 6.6667E-07
3.5234E-05 6.6667E-07
2.8805E-05 6.6667E-07
6.9229E-05 6.6667E-07
4.9124E-05 6.6667E-07
6.3795E-05 6.6667E-07
9.6528E-05 6.6667E-07
6.4409E-05 6.6667E-07
2.3250E-05 6.6667E-07
1.2598E-04 6.6667E-07
9.0564E-05 6.6667E-07
1.3504E-04 6.6667E-07
1.0429E-04 6.6667E-07
1.9251E-04 6.6667E-07
2.0893E-04 6.6667E-07
2.8926E-04 6.6667E-07
4.5104E-05 6.6667E-07
2.9657E-04 6.6667E-07
1.9374E-04 6.6667E-07
2.7485E-04 6.6667E-07
3.1976E-04 6.6667E-07
2.2787E-04 6.6667E-07
5.3009E-04 6.6667E-07
2.1883E-04 6.6667E-07
2.0405E-04 6.6667E-07
3.1761E-04 6.6667E-07
2.2413E-04 6.6667E-07
3.0150E-04 6.6667E-07
2.2214E-04 6.6667E-07
2.8726E-04 6.6667E-07
2.1307E-04 6.6667E-07
1.9726E-04 6.6667E-07
1.4759E-04 6.6667E-07
2.1907E-04 6.6667E-07
1.5692E-04 6.6667E-07
1.5129E-04 6.6667E-07
1.6062E-04 6.6667E-07
1.2730E-04 6.6667E-07
1.8037E-04 6.6667E-07
1.4964E-04 6.6667E-07
1.3167E-04 6.6667E-07
1.5053E-04 6.6667E-07
1.7201E-04 6.6667E-07
1.5308E-04 6.6667E-07
1.3041E-04 6.6667E-07
1.8482E-04 6.6667E-07
6.1893E-05 6.6667E-07
2.2454E-04 6.6667E-07
1.1017E-04 6.6667E-07
1.2420E-04 6.6667E-07
1.4516E-04 6.6667E-07
1.8578E-04 6.6667E-07
1.1815E-04 6.6667E-07
1.3254E-04 6.6667E-07
1.0588E-04 6.6667E-07
1.3458E-04 6.6667E-07
1.4989E-04 6.6667E-07
9.2134E-05 6.6667E-07
1.5778E-04 6.6667E-07
1.5560E-04 6.6667E-07
1.1927E-04 6.6667E-07
9.8444E-05 6.6667E-07
1.3059E-04 6.6667E-07
1.2922E-04 6.6667E-07
9.1974E-05 6.6667E-07
1.1487E-04 6.6667E-07
1.0582E-04 6.6667E-07
9.2632E-05 6.6667E-07
9.6921E-05 6.6667E-07
6.6682E-05 6.6667E-07
1.1736E-04 6.6667E-07
6.8994E-05 6.6667E-07
7.8168E-05 6.6667E-07
5.4095E-05 6.6667E-07
5.4693E-05 6.6667E-07
4.2762E-05 6.6667E-07
7.6735E-05 6.6667E-07
3.4836E-05 6.6667E-07
3.8609E-05 6.6667E-07
3.8205E-05 6.6667E-07
4.8338E-05 6.6667E-07
2.3395E-05 6.6667E-07
2.8502E-05 6.6667E-07
2.3848E-05 6.6667E-07
2.6662E-05 6.6667E-07
1.8857E-05 6.6667E-07
1.7457E-05 6.6667E-07
1.8260E-05 6.6667E-07
2.4275E-05 6.6667E-07
1.2608E-05 6.6667E-07
1.6233E-05 6.6667E-07
1.5494E-05 6.6667E-07
1.9205E-05 6.6667E-07
1.5590E-05 6.6667E-07
1.3632E-05 6.6667E-07
1.3104E-05 6.6667E-07
1.4563E-05 6.6667E-07
1.4489E-05 6.6667E-07
1.0635E-05 6.6667E-07
1.5854E-05 6.6667E-07
1.4987E-05 6.6667E-07
1.2834E-05 6.6667E-07
1.1520E-05 6.6667E-07
1.1074E-05 6.6667E-07
1.1245E-05 6.6667E-07
1.1936E-05 6.6667E-07
9.4927E-06 6.6667E-07
1.1261E-05 6.6667E-07
1.3048E-05 6.6667E-07
8.0794E-06 6.6667E-07
6.5285E-06 6.6667E-07
1.2473E-05 6.6667E-07
7.0121E-06 6.6667E-07
8.9404E-06 6.6667E-07
1.0111E-05 6.6667E-07
7.1690E-06 6.6667E-07
6.1069E-06 6.6667E-07
1.1357E-05 6.6667E-07
6.0431E-06 6.6667E-07
6.2243E-06 6.6667E-07
9.7225E-06 6.6667E-07
5.5699E-06 6.6667E-07
1.0319E-05 6.6667E-07
7.1793E-06 6.6667E-07
8.4492E-06 6.6667E-07
7.2511E-06 6.6667E-07
6.2885E-06 6.6667E-07
7.0693E-06 6.6667E-07
9.1984E-06 6.6667E-07
6.3730E-06 6.6667E-07
7.4611E-06 6.6667E-07
5.4659E-06 6.6667E-07
1.0011E-05 6.6667E-07
6.5983E-06 6.6667E-07
6.5620E-06 6.6667E-07
8.8408E-06 6.6667E-07
1.0321E-05 6.6667E-07
7.4746E-06 6.6667E-07
1.0095E-05 6.6667E-07
7.1193E-06 6.6667E-07
7.9620E-06 6.6667E-07
1.3334E-05 6.6667E-07
6.4847E-06 6.6667E-07
1.0813E-05 6.6667E-07
8.4591E-06 6.6667E-07
1.5236E-05 6.6667E-07
5.3938E-06 6.6667E-07
9.1998E-06 6.6667E-07
4.3428E-06 6.6667E-07
1.3119E-05 6.6667E-07
6.8378E-06 6.6667E-07
6.3728E-06 6.6667E-07
6.9836E-06 6.6667E-07
9.5269E-06 6.6667E-07
9.4059E-06 6.6667E-07
8.3827E-06 6.6667E-07
8.4744E-06 6.6667E-07
8.4044E-06 6.6667E-07
9.8050E-06 6.6667E-07
7.5443E-06 6.6667E-07
1.2751E-05 6.6667E-07
9.8602E-06 6.6667E-07
1.0471E-05 6.6667E-07
9.9154E-06 6.6667E-07
1.1140E-05 6.6667E-07
1.4424E-05 6.6667E-07
1.3535E-05 6.6667E-07
1.3343E-05 6.6667E-07
1.0578E-05 6.6667E-07
1.6007E-05 6.6667E-07
1.5474E-05 6.6667E-07
1.9348E-05 6.6667E-07
1.8055E-05 6.6667E-07
2.9628E-05 6.6667E-07
2.9311E-05 6.6667E-07
1.8646E-05 6.6667E-07
2.8369E-05 6.6667E-07
1.0635E-05 6.6667E-07
3.2425E-05 6.6667E-07
1.8132E-05 6.6667E-07
2.5308E-05 6.6667E-07
3.8802E-05 6.6667E-07
2.2922E-05 6.6667E-07
3.6489E-05 6.6667E-07
1.3799E-05 6.6667E-07
2.7101E-05 6.6667E-07
1.7209E-05 6.6667E-07
4.0105E-05 6.6667E-07
2.1238E-05 6.6667E-07
2.1013E-05 6.6667E-07
2.9665E-05 6.6667E-07
2.1917E-05 6.6667E-07
3.4381E-05 6.6667E-07
1.9607E-05 6.6667E-07
2.1588E-05 6.6667E-07
1.9699E-05 6.6667E-07
3.6505E-05 6.6667E-07
1.6563E-05 6.6667E-07
1.8627E-05 6.6667E-07
2.3110E-05 6.6667E-07
2.4410E-05 6.6667E-07
1.8066E-05 6.6667E-07
1.7600E-05 6.6667E-07
1.4511E-05 6.6667E-07
1.8454E-05 6.6667E-07
1.3526E-05 6.6667E-07
1.1489E-05 6.6667E-07
1.3157E-05 6.6667E-07
1.1446E-05 6.6667E-07
9.1894E-06 6.6667E-07
8.9111E-06 6.6667E-07
9.8557E-06 6.6667E-07
7.6717E-06 6.6667E-07
1.1438E-05 6.6667E-07
5.3219E-06 6.6667E-07
8.3372E-06 6.6667E-07
9.6644E-06 6.6667E-07
1.1421E-05 6.6667E-07
7.9294E-06 6.6667E-07
1.0097E-05 6.6667E-07
9.0549E-06 6.6667E-07
1.0883E-05 6.6667E-07
1.2098E-05 6.6667E-07
7.9454E-06 6.6667E-07
8.2512E-06 6.6667E-07
1.3208E-05 6.6667E-07
7.9565E-06 6.6667E-07
7.1613E-06 6.6667E-07
1.4875E-05 6.6667E-07
8.2579E-06 6.6667E-07
1.0661E-05 6.6667E-07
1.3184E-05 6.6667E-07
1.0398E-05 6.6667E-07
8.9401E-06 6.6667E-07
1.5977E-05 6.6667E-07
9.6258E-06 6.6667E-07
8.8558E-06 6.6667E-07
1.9259E-05 6.6667E-07
1.0046E-05 6.6667E-07
1.3324E-05 6.6667E-07
2.2614E-05 6.6667E-07
2.6688E-05 6.6667E-07
1.1985E-05 6.6667E-07
3.4728E-05 6.6667E-07
1.1402E-05 6.6667E-07
3.3340E-05 6.6667E-07
2.6204E-05 6.6667E-07
3.0971E-05 6.6667E-07
4.2110E-05 6.6667E-07
3.0141E-05 6.6667E-07
4.2761E-05 6.6667E-07
3.6764E-05 6.6667E-07
3.7410E-05 6.6667E-07
4.2859E-05 6.6667E-07
4.0486E-05 6.6667E-07
3.5148E-05 6.6667E-07
3.4343E-05 6.6667E-07
2.6564E-05 6.6667E-07
3.0562E-05 6.6667E-07
2.1215E-05 6.6667E-07
2.5245E-05 6.6667E-07
1.3549E-05 6.6667E-07
3.7515E-05 6.6667E-07
1.3524E-05 6.6667E-07
1.4832E-05 6.6667E-07
1.6290E-05 6.6667E-07
2.0185E-05 6.6667E-07
1.5509E-05 6.6667E-07
1.0893E-05 6.6667E-07
1.5909E-05 6.6667E-07
1.5397E-05 6.6667E-07
8.9162E-06 6.6667E-07
1.3486E-05 6.6667E-07
1.0271E-05 6.6667E-07
1.0801E-05 6.6667E-07
1.3465E-05 6.6667E-07
8.0422E-06 6.6667E-07
1.1638E-05 6.6667E-07
8.0743E-06 6.6667E-07
1.0839E-05 6.6667E-07
6.8989E-06 6.6667E-07
9.7192E-06 6.6667E-07
6.9806E-06 6.6667E-07
1.2192E-05 6.6667E-07
7.3795E-06 6.6667E-07
7.2414E-06 6.6667E-07
1.0163E-05 6.6667E-07
1.0781E-05 6.6667E-07
7.7524E-06 6.6667E-07
8.6488E-06 6.6667E-07
6.3522E-06 6.6667E-07
8.0676E-06 6.6667E-07
7.0681E-06 6.6667E-07
7.8175E-06 6.6667E-07
3.9795E-06 6.6667E-07
9.6659E-06 6.6667E-07
2.5509E-06 6.6667E-07
7.6588E-06 6.6667E-07
4.9551E-06 6.6667E-07
5.0639E-06 6.6667E-07
7.1766E-06 6.6667E-07
3.4670E-06 6.6667E-07
1.2388E-05 6.6667E-07
3.8151E-06 6.6667E-07
4.7789E-06 6.6667E-07
5.7731E-06 6.6667E-07
7.5876E-06 6.6667E-07
5.4271E-06 6.6667E-07
5.2561E-06 6.6667E-07
4.8905E-06 6.6667E-07
6.6291E-06 6.6667E-07
7.1646E-06 6.6667E-07
5.8170E-06 6.6667E-07
5.6655E-06 6.6667E-07
8.3306E-06 6.6667E-07
6.6858E-06 6.6667E-07
1.0265E-05 6.6667E-07
1.0515E-05 6.6667E-07
1.0712E-05 6.6667E-07
1.4532E-05 6.6667E-07
1.5850E-05 6.6667E-07
2.2710E-05 6.6667E-07
3.4979E-05 6.6667E-07
4.2714E-05 6.6667E-07
4.7151E-05 6.6667E-07
1.3344E-05 6.6667E-07
1.5568E-04 6.6667E-07
8.5332E-05 6.6667E-07
1.1071E-04 6.6667E-07
1.1987E-04 6.6667E-07
1.7379E-04 6.6667E-07
1.2091E-04 6.6667E-07
1.0871E-04 6.6667E-07
1.5859E-04 6.6667E-07
1.1794E-04 6.6667E-07
8.3820E-05 6.6667E-07
8.7099E-05 6.6667E-07
1.1553E-04 6.6667E-07
9.4951E-05 6.6667E-07
1.2785E-04 6.6667E-07
9.2231E-05 6.6667E-07
9.8878E-05 6.6667E-07
7.6445E-05 6.6667E-07
7.2748E-05 6.6667E-07
6.5845E-05 6.6667E-07
6.0572E-05 6.6667E-07
7.2335E-05 6.6667E-07
3.5204E-05 6.6667E-07
4.1291E-05 6.6667E-07
4.4837E-05 6.6667E-07
3.1229E-05 6.6667E-07
5.3600E-05 6.6667E-07
2.7012E-05 6.6667E-07
3.3223E-05 6.6667E-07
1.7502E-05 6.6667E-07
2.5656E-05 6.6667E-07
1.5255E-05 6.6667E-07
3.7094E-05 6.6667E-07
1.5811E-05 6.6667E-07
1.8970E-05 6.6667E-07
2.7482E-05 6.6667E-07
9.8132E-06 6.6667E-07
2.8740E-05 6.6667E-07
9.8389E-06 6.6667E-07
1.6073E-05 6.6667E-07
1.6300E-05 6.6667E-07
2.1301E-05 6.6667E-07
1.2382E-05 6.6667E-07
1.3372E-05 6.6667E-07
1.3077E-05 6.6667E-07
1.5424E-05 6.6667E-07
1.4433E-05 6.6667E-07
9.1548E-06 6.6667E-07
9.5832E-06 6.6667E-07
1.2517E-05 6.6667E-07
8.8055E-06 6.6667E-07
9.6471E-06 6.6667E-07
7.2453E-06 6.6667E-07
8.7185E-06 6.6667E-07
7.0421E-06 6.6667E-07
9.7584E-06 6.6667E-07
7.1919E-06 6.6667E-07
6.3799E-06 6.6667E-07
7.4560E-06 6.6667E-07
9.5134E-06 6.6667E-07
6.7616E-06 6.6667E-07
7.6964E-06 6.6667E-07
5.1474E-06 6.6667E-07
7.5185E-06 6.6667E-07
6.5376E-06 6.6667E-07
4.5865E-06 6.6667E-07
9.3438E-06 6.6667E-07
5.7773E-06 6.6667E-07
7.2545E-06 6.6667E-07
4.2564E-06 6.6667E-07
5.0554E-06 6.6667E-07
2.7329E-06 6.6667E-07
9.9259E-06 6.6667E-07
3.9406E-06 6.6667E-07
5.5004E-06 6.6667E-07
7.5085E-06 6.6667E-07
5.0381E-06 6.6667E-07
6.9220E-06 6.6667E-07
3.7422E-06 6.6667E-07
4.9383E-06 6.6667E-07
5.2140E-06 6.6667E-07
8.4796E-06 6.6667E-07
4.5869E-06 6.6667E-07
5.3481E-06 6.6667E-07
6.3020E-06 6.6667E-07
7.5034E-06 6.6667E-07
6.0988E-06 6.6667E-07
7.3212E-06 6.6667E-07
5.2716E-06 6.6667E-07
6.5699E-06 6.6667E-07
8.6178E-06 6.6667E-07
6.9464E-06 6.6667E-07
3.5879E-06 6.6667E-07
1.0619E-05 6.6667E-07
3.7860E-06 6.6667E-07
5.5288E-06 6.6667E-07
7.4309E-06 6.6667E-07
6.6443E-06 6.6667E-07
1.0596E-05 6.6667E-07
4.1583E-06 6.6667E-07
1.0963E-05 6.6667E-07
5.2858E-06 6.6667E-07
7.7135E-06 6.6667E-07
8.1500E-06 6.6667E-07
1.2185E-05 6.6667E-07
9.5255E-06 6.6667E-07
1.0370E-05 6.6667E-07
9.9704E-06 6.6667E-07
1.3809E-05 6.6667E-07
1.3397E-05 6.6667E-07
1.1745E-05 6.6667E-07
1.2917E-05 6.6667E-07
1.7532E-05 6.6667E-07
1.8614E-05 6.6667E-07
1.7208E-05 6.6667E-07
1.2858E-05 6.6667E-07
2.5096E-05 6.6667E-07
1.7916E-05 6.6667E-07
1.8330E-05 6.6667E-07
2.4456E-05 6.6667E-07
3.6234E-05 6.6667E-07
3.6012E-05 6.6667E-07
2.7470E-05 6.6667E-07
4.8525E-05 6.6667E-07
3.6758E-05 6.6667E-07
4.1091E-05 6.6667E-07
4.7288E-05 6.6667E-07
3.5652E-05 6.6667E-07
3.9364E-05 6.6667E-07
8.0860E-05 6.6667E-07
4.8800E-05 6.6667E-07
8.7795E-05 6.6667E-07
6.5936E-05 6.6667E-07
5.7238E-05 6.6667E-07
7.9973E-05 6.6667E-07
5.7432E-05 6.6667E-07
6.6001E-05 6.6667E-07
9.1239E-05 6.6667E-07
7.0844E-05 6.6667E-07
1.2389E-04 6.6667E-07
5.5618E-05 6.6667E-07
1.0543E-04 6.6667E-07
7.8419E-05 6.6667E-07
8.7824E-05 6.6667E-07
6.0481E-05 6.6667E-07
1.4656E-04 6.6667E-07
9.6096E-05 6.6667E-07
1.0155E-04 6.6667E-07
1.1132E-04 6.6667E-07
1.3239E-04 6.6667E-07
1.1259E-04 6.6667E-07
1.1061E-04 6.6667E-07
1.0540E-04 6.6667E-07
1.2778E-04 6.6667E-07
1.0506E-04 6.6667E-07
9.3852E-05 6.6667E-07
1.0928E-04 6.6667E-07
1.0404E-04 6.6667E-07
8.3066E-05 6.6667E-07
1.1161E-04 6.6667E-07
9.8136E-05 6.6667E-07
1.1848E-04 6.6667E-07
1.3000E-04 6.6667E-07
9.6021E-05 6.6667E-07
9.1884E-05 6.6667E-07
1.7334E-04 6.6667E-07
1.1077E-04 6.6667E-07
9.0236E-05 6.6667E-07
2.1644E-04 6.6667E-07
8.9748E-05 6.6667E-07
1.2176E-04 6.6667E-07
1.4911E-04 6.6667E-07
1.3351E-04 6.6667E-07
1.0111E-04 6.6667E-07
1.7269E-04 6.6667E-07
1.8129E-04 6.6667E-07
5.9260E-05 6.6667E-07
1.8260E-04 6.6667E-07
5.9712E-05 6.6667E-07
9.1145E-05 6.6667E-07
1.1169E-04 6.6667E-07
1.2709E-04 6.6667E-07
7.2252E-05 6.6667E-07
6.2586E-05 6.6667E-07
7.0679E-05 6.6667E-07
8.2769E-05 6.6667E-07
5.2228E-05 6.6667E-07
5.8438E-05 6.6667E-07
4.9225E-05 6.6667E-07
7.0689E-05 6.6667E-07
4.0737E-05 6.6667E-07
4.1604E-05 6.6667E-07
5.8998E-05 6.6667E-07
5.7457E-05 6.6667E-07
4.1765E-05 6.6667E-07
4.7005E-05 6.6667E-07
3.5360E-05 6.6667E-07
6.0155E-05 6.6667E-07
2.0846E-05 6.6667E-07
6.2378E-05 6.6667E-07
2.8359E-05 6.6667E-07
5.2154E-05 6.6667E-07
5.5517E-05 6.6667E-07
6.7381E-05 6.6667E-07
6.3042E-05 6.6667E-07
8.4013E-05 6.6667E-07
6.9342E-05 6.6667E-07
6.5152E-05 6.6667E-07
1.0088E-04 6.6667E-07
5.4918E-05 6.6667E-07
8.5362E-05 6.6667E-07
1.3294E-04 6.6667E-07
8.4340E-05 6.6667E-07
1.0436E-04 6.6667E-07
1.0819E-04 6.6667E-07
9.9101E-05 6.6667E-07
8.0527E-05 6.6667E-07
8.6802E-05 6.6667E-07
5.4897E-05 6.6667E-07
7.3264E-05 6.6667E-07
6.3393E-05 6.6667E-07
5.2628E-05 6.6667E-07
4.0687E-05 6.6667E-07
7.4183E-05 6.6667E-07
3.2594E-05 6.6667E-07
4.4153E-05 6.6667E-07
5.1788E-05 6.6667E-07
5.6498E-05 6.6667E-07
3.7692E-05 6.6667E-07
4.1048E-05 6.6667E-07
3.2009E-05 6.6667E-07
5.0555E-05 6.6667E-07
4.2682E-05 6.6667E-07
3.6593E-05 6.6667E-07
3.1962E-05 6.6667E-07
4.6913E-05 6.6667E-07
3.3031E-05 6.6667E-07
4.5198E-05 6.6667E-07
4.8364E-05 6.6667E-07
3.5654E-05 6.6667E-07
6.9920E-05 6.6667E-07
5.5387E-05 6.6667E-07
6.2962E-05 6.6667E-07
5.1575E-05 6.6667E-07
5.0360E-05 6.6667E-07
8.6341E-05 6.6667E-07
7.9803E-05 6.6667E-07
7.5385E-05 6.6667E-07
8.3807E-05 6.6667E-07
9.8794E-05 6.6667E-07
1.0880E-04 6.6667E-07
7.2272E-05 6.6667E-07
8.3566E-05 6.6667E-07
7.9688E-05 6.6667E-07
1.6355E-04 6.6667E-07
1.0749E-04 6.6667E-07
1.0804E-04 6.6667E-07
7.9152E-05 6.6667E-07
7.7050E-05 6.6667E-07
8.1746E-05 6.6667E-07
6.8536E-05 6.6667E-07
1.1760E-04 6.6667E-07
7.2033E-05 6.6667E-07
9.2338E-05 6.6667E-07
8.9873E-05 6.6667E-07
6.5451E-05 6.6667E-07
5.5023E-05 6.6667E-07
9.4156E-05 6.6667E-07
5.0339E-05 6.6667E-07
4.9048E-05 6.6667E-07
7.8963E-05 6.6667E-07
3.6058E-05 6.6667E-07
5.8995E-05 6.6667E-07
6.1259E-05 6.6667E-07
4.2303E-05 6.6667E-07
4.6394E-05 6.6667E-07
5.7477E-05 6.6667E-07
4.8811E-05 6.6667E-07
4.0496E-05 6.6667E-07
4.9872E-05 6.6667E-07
3.9618E-05 6.6667E-07
5.7722E-05 6.6667E-07
4.5416E-05 6.6667E-07
4.4407E-05 6.6667E-07
5.2562E-05 6.6667E-07
4.1533E-05 6.6667E-07
4.6114E-05 6.6667E-07
5.8376E-05 6.6667E-07
4.2288E-05 6.6667E-07
6.1327E-05 6.6667E-07
5.1961E-05 6.6667E-07
5.2578E-05 6.6667E-07
4.9398E-05 6.6667E-07
4.9934E-05 6.6667E-07
5.2911E-05 6.6667E-07
4.5501E-05 6.6667E-07
5.2897E-05 6.6667E-07
4.4690E-05 6.6667E-07
5.6088E-05 6.6667E-07
3.7516E-05 6.6667E-07
3.6091E-05 6.6667E-07
4.7054E-05 6.6667E-07
4.9441E-05 6.6667E-07
3.1797E-05 6.6667E-07
3.7868E-05 6.6667E-07
3.6747E-05 6.6667E-07
4.6719E-05 6.6667E-07
3.9912E-05 6.6667E-07
3.5999E-05 6.6667E-07
3.5767E-05 6.6667E-07
6.5887E-05 6.6667E-07
3.6184E-05 6.6667E-07
4.5324E-05 6.6667E-07
8.0487E-05 6.6667E-07
4.3647E-05 6.6667E-07
6.8258E-05 6.6667E-07
6.7847E-05 6.6667E-07
8.4510E-05 6.6667E-07
4.8369E-05 6.6667E-07
9.1438E-05 6.6667E-07
4.7912E-05 6.6667E-07
1.0955E-04 6.6667E-07
6.7255E-05 6.6667E-07
6.3092E-05 6.6667E-07
7.0407E-05 6.6667E-07
1.0441E-04 6.6667E-07
7.8847E-05 6.6667E-07
7.3458E-05 6.6667E-07
8.0365E-05 6.6667E-07
9.1627E-05 6.6667E-07
8.9176E-05 6.6667E-07
6.3369E-05 6.6667E-07
9.5230E-05 6.6667E-07
8.8477E-05 6.6667E-07
8.3566E-05 6.6667E-07
9.2697E-05 6.6667E-07
7.8119E-05 6.6667E-07
1.0029E-04 6.6667E-07
1.0641E-04 6.6667E-07
7.6609E-05 6.6667E-07
1.2713E-04 6.6667E-07
1.5897E-04 6.6667E-07
1.5066E-04 6.6667E-07
1.6901E-04 6.6667E-07
2.6599E-04 6.6667E-07
2.4602E-04 6.6667E-07
9.4781E-05 6.6667E-07
2.6779E-04 6.6667E-07
2.2558E-04 6.6667E-07
2.0777E-04 6.6667E-07
3.5202E-04 6.6667E-07
9.4392E-05 6.6667E-07
2.6099E-04 6.6667E-07
1.7119E-04 6.6667E-07
1.2336E-04 6.6667E-07
1.4529E-04 6.6667E-07
1.4902E-04 6.6667E-07
1.4828E-04 6.6667E-07
1.1972E-04 6.6667E-07
1.0308E-04 6.6667E-07
9.6821E-05 6.6667E-07
9.8865E-05 6.6667E-07
9.8425E-05 6.6667E-07
5.2535E-05 6.6667E-07
9.1287E-05 6.6667E-07
4.5236E-05 6.6667E-07
6.7280E-05 6.6667E-07
5.7829E-05 6.6667E-07
4.1280E-05 6.6667E-07
5.6131E-05 6.6667E-07
5.7764E-05 6.6667E-07
5.0847E-05 6.6667E-07
4.1211E-05 6.6667E-07
4.5071E-05 6.6667E-07
4.0740E-05 6.6667E-07
3.0031E-05 6.6667E-07
4.3027E-05 6.6667E-07
2.1370E-05 6.6667E-07
3.3741E-05 6.6667E-07
2.6648E-05 6.6667E-07
2.4510E-05 6.6667E-07
4.1814E-05 6.6667E-07
3.0539E-05 6.6667E-07
2.2730E-05 6.6667E-07
2.0861E-05 6.6667E-07
2.2662E-05 6.6667E-07
2.0638E-05 6.6667E-07
3.0418E-05 6.6667E-07
1.3368E-05 6.6667E-07
2.0156E-05 6.6667E-07
2.1604E-05 6.6667E-07
2.5739E-05 6.6667E-07
1.6843E-05 6.6667E-07
1.7715E-05 6.6667E-07
1.5521E-05 6.6667E-07
1.7701E-05 6.6667E-07
1.8245E-05 6.6667E-07
1.2407E-05 6.6667E-07
1.7064E-05 6.6667E-07
1.5542E-05 6.6667E-07
1.3774E-05 6.6667E-07
1.0767E-05 6.6667E-07
1.4494E-05 6.6667E-07
1.0817E-05 6.6667E-07
1.3936E-05 6.6667E-07
9.7546E-06 6.6667E-07
9.9097E-06 6.6667E-07
1.2941E-05 6.6667E-07
1.5379E-05 6.6667E-07
8.9811E-06 6.6667E-07
1.1529E-05 6.6667E-07
6.6141E-06 6.6667E-07
1.1068E-05 6.6667E-07
9.8129E-06 6.6667E-07
6.8291E-06 6.6667E-07
1.3648E-05 6.6667E-07
6.9339E-06 6.6667E-07
9.3156E-06 6.6667E-07
5.8073E-06 6.6667E-07
7.2492E-06 6.6667E-07
5.5366E-06 6.6667E-07
1.1994E-05 6.6667E-07
5.4242E-06 6.6667E-07
6.1550E-06 6.6667E-07
8.5157E-06 6.6667E-07
6.3355E-06 6.6667E-07
9.9231E-06 6.6667E-07
4.9852E-06 6.6667E-07
6.3322E-06 6.6667E-07
4.8555E-06 6.6667E-07
1.0677E-05 6.6667E-07
4.9267E-06 6.6667E-07
5.8101E-06 6.6667E-07
7.9884E-06 6.6667E-07
5.5960E-06 6.6667E-07
6.7384E-06 6.6667E-07
4.3356E-06 6.6667E-07
5.5391E-06 6.6667E-07
4.3431E-06 6.6667E-07
7.1458E-06 6.6667E-07
4.2870E-06 6.6667E-07
3.9794E-06 6.6667E-07
6.8438E-06 6.6667E-07
7.1724E-07 6.6667E-07
9.6614E-06 6.6667E-07
2.8021E-06 6.6667E-07
4.3450E-06 6.6667E-07
5.4066E-06 6.6667E-07
5.2380E-06 6.6667E-07
4.1608E-06 6.6667E-07
4.7734E-06 6.6667E-07
3.7092E-06 6.6667E-07
6.0447E-06 6.6667E-07
4.8746E-06 6.6667E-07
4.3111E-06 6.6667E-07
3.1274E-06 6.6667E-07
4.5745E-06 6.6667E-07
2.4790E-06 6.6667E-07
3.5663E-06 6.6667E-07
3.2722E-06 6.6667E-07
3.2051E-06 6.6667E-07
4.9751E-06 6.6667E-07
3.4465E-06 6.6667E-07
3.3550E-06 6.6667E-07
2.6539E-06 6.6667E-07
2.8376E-06 6.6667E-07
1.6570E-06 6.6667E-07
5.5657E-06 6.6667E-07
1.9354E-06 6.6667E-07
2.7049E-06 6.6667E-07
3.6436E-06 6.6667E-07
3.3452E-06 6.6667E-07
3.1904E-06 6.6667E-07
2.4623E-06 6.6667E-07
2.3991E-06 6.6667E-07
1.9039E-06 6.6667E-07
4.1829E-06 6.6667E-07
1.5759E-06 6.6667E-07
2.3668E-06 6.6667E-07
3.1521E-06 6.6667E-07
3.4416E-06 6.6667E-07
2.3943E-06 6.6667E-07
2.6695E-06 6.6667E-07
2.1668E-06 6.6667E-07
2.3262E-06 6.6667E-07
3.0639E-06 6.6667E-07
2.3139E-06 6.6667E-07
1.3795E-06 6.6667E-07
3.9242E-06 6.6667E-07
9.9220E-07 6.6667E-07
1.6652E-06 6.6667E-07
1.6678E-06 6.6667E-07
1.7855E-06 6.6667E-07
2.4079E-06 6.6667E-07
1.3421E-06 6.6667E-07
4.4603E-06 6.6667E-07
1.1899E-06 6.6667E-07
1.3546E-06 6.6667E-07
1.7684E-06 6.6667E-07
2.2991E-06 6.6667E-07
1.6601E-06 6.6667E-07
1.3931E-06 6.6667E-07
1.4342E-06 6.6667E-07
1.3398E-06 6.6667E-07
1.8746E-06 6.6667E-07
5.1451E-07 6.6667E-07
1.6721E-06 6.6667E-07
1.1026E-06 6.6667E-07
1.3478E-06 6.6667E-07
1.7606E-06 6.6667E-07
6.4683E-07 6.6667E-07
2.0940E-06 6.6667E-07
8.4873E-07 6.6667E-07
1.1650E-06 6.6667E-07
1.6969E-06 6.6667E-07
1.3416E-06 6.6667E-07
1.3861E-06 6.6667E-07
8.3722E-07 6.6667E-07
1.0256E-06 6.6667E-07
7.0714E-07 6.6667E-07
1.8492E-06 6.6667E-07
7.2386E-07 6.6667E-07
1.0144E-06 6.6667E-07
1.4242E-06 6.6667E-07
1.4616E-06 6.6667E-07
9.5655E-07 6.6667E-07
1.1273E-06 6.6667E-07
7.7513E-07 6.6667E-07
9.0440E-07 6.6667E-07
1.8899E-06 6.6667E-07
6.0411E-07 6.6667E-07
7.3540E-07 6.6667E-07
9.7067E-07 6.6667E-07
7.6252E-07 6.6667E-07
1.3461E-06 6.6667E-07
2.2302E-07 6.6667E-07
1.6561E-06 6.6667E-07
5.1738E-07 6.6667E-07
1.9542E-03 6.6667E-07
7.0456E-03 6.6667E-07
1.9932E-03 6.6667E-07
1.9044E-03 6.6667E-07
1.0677E-03 6.6667E-07
4.6283E-04 6.6667E-07
5.6405E-04 6.6667E-07
2.7148E-04 6.6667E-07
1.7615E-04 6.6667E-07
1.0891E-04 6.6667E-07
1.7064E-04 6.6667E-07
1.5314E-04 6.6667E-07
9.7011E-05 6.6667E-07
1.3085E-04 6.6667E-07
5.7489E-05 6.6667E-07
7.9714E-05 6.6667E-07
9.4010E-05 6.6667E-07
9.7231E-05 6.6667E-07
5.2337E-05 6.6667E-07
6.8017E-05 6.6667E-07
5.5343E-05 6.6667E-07
5.9230E-05 6.6667E-07
7.4315E-05 6.6667E-07
2.6759E-05 6.6667E-07
3.4975E-05 6.6667E-07
7.0078E-05 6.6667E-07
2.9791E-05 6.6667E-07
3.5645E-05 6.6667E-07
3.8379E-05 6.6667E-07
2.5475E-05 6.6667E-07
3.1589E-05 6.6667E-07
3.4492E-05 6.6667E-07
2.1311E-05 6.6667E-07
2.9509E-05 6.6667E-07
1.8567E-05 6.6667E-07
2.4991E-05 6.6667E-07
2.8223E-05 6.6667E-07
1.6555E-05 6.6667E-07
1.1797E-05 6.6667E-07
2.9052E-05 6.6667E-07
9.1099E-06 6.6667E-07
1.8390E-05 6.6667E-07
2.6756E-06 6.6667E-07
2.3834E-05 6.6667E-07
8.7979E-06 6.6667E-07
1.0988E-05 6.6667E-07
1.4900E-05 6.6667E-07
1.3610E-05 6.6667E-07
1.7449E-05 6.6667E-07
1.0590E-05 6.6667E-07
1.0510E-05 6.6667E-07
1.1023E-05 6.6667E-07
1.2007E-05 6.6667E-07
1.0077E-05 6.6667E-07
8.9577E-06 6.6667E-07
9.3011E-06 6.6667E-07
1.2081E-05 6.6667E-07
6.1982E-06 6.6667E-07
8.4799E-06 6.6667E-07
9.3323E-06 6.6667E-07
1.1232E-05 6.6667E-07
8.7751E-06 6.6667E-07
7.4575E-06 6.6667E-07
8.8128E-06 6.6667E-07
1.0977E-05 6.6667E-07
6.5585E-06 6.6667E-07
9.4888E-06 6.6667E-07
6.0552E-06 6.6667E-07
8.1127E-06 6.6667E-07
7.8862E-06 6.6667E-07
8.9075E-06 6.6667E-07
7.4066E-06 6.6667E-07
8.6110E-06 6.6667E-07
7.0763E-06 6.6667E-07
7.8611E-06 6.6667E-07
8.0089E-06 6.6667E-07
5.7919E-06 6.6667E-07
9.1895E-06 6.6667E-07
9.6086E-07 6.6667E-07
1.2742E-05 6.6667E-07
3.9039E-06 6.6667E-07
4.4800E-06 6.6667E-07
6.4511E-06 6.6667E-07
7.7710E-06 6.6667E-07
7.5605E-06 6.6667E-07
6.6068E-06 6.6667E-07
6.1534E-06 6.6667E-07
6.6039E-06 6.6667E-07
7.3438E-06 6.6667E-07
5.8897E-06 6.6667E-07
5.6207E-06 6.6667E-07
8.8753E-06 6.6667E-07
3.8997E-06 6.6667E-07
6.0853E-06 6.6667E-07
4.4928E-06 6.6667E-07
4.5960E-06 6.6667E-07
5.5645E-06 6.6667E-07
1.3530E-06 6.6667E-07
9.3327E-06 6.6667E-07
4.1403E-06 6.6667E-07
3.7660E-06 6.6667E-07
6.8117E-06 6.6667E-07
5.6108E-06 6.6667E-07
4.6801E-06 6.6667E-07
3.7644E-06 6.6667E-07
3.3367E-06 6.6667E-07
5.0878E-06 6.6667E-07
5.5439E-06 6.6667E-07
4.8589E-06 6.6667E-07
4.0187E-06 6.6667E-07
3.5536E-06 6.6667E-07
4.6338E-06 6.6667E-07
3.6586E-06 6.6667E-07
4.2359E-06 6.6667E-07
3.4662E-06 6.6667E-07
4.0881E-06 6.6667E-07
4.4164E-06 6.6667E-07
2.5156E-06 6.6667E-07
3.5582E-06 6.6667E-07
1.7622E-06 6.6667E-07
2.7884E-06 6.6667E-07
3.4383E-06 6.6667E-07
4.8641E-06 6.6667E-07
2.5215E-06 6.6667E-07
2.6586E-06 6.6667E-07
3.2048E-06 6.6667E-07
3.4145E-06 6.6667E-07
2.4161E-06 6.6667E-07
3.4078E-06 6.6667E-07
2.3825E-06 6.6667E-07
2.1318E-06 6.6667E-07
4.0702E-06 6.6667E-07
2.1323E-06 6.6667E-07
3.3944E-06 6.6667E-07
2.3823E-06 6.6667E-07
2.7244E-06 6.6667E-07
2.0221E-06 6.6667E-07
2.4192E-06 6.6667E-07
2.5098E-06 6.6667E-07
2.2304E-06 6.6667E-07
3.5659E-06 6.6667E-07
1.8985E-06 6.6667E-07
1.8910E-06 6.6667E-07
2.3775E-06 6.6667E-07
2.0551E-06 6.6667E-07
3.7057E-06 6.6667E-07
2.2593E-06 6.6667E-07
2.4162E-06 6.6667E-07
6.1545E-07 6.6667E-07
4.3484E-06 6.6667E-07
1.7273E-06 6.6667E-07
1.5082E-06 6.6667E-07
2.4381E-06 6.6667E-07
1.0487E-06 6.6667E-07
2.9789E-06 6.6667E-07
2.8980E-06 6.6667E-07
7.0031E-07 6.6667E-07
3.3372E-06 6.6667E-07
1.5364E-06 6.6667E-07
1.5551E-06 6.6667E-07
2.9047E-06 6.6667E-07
1.1635E-06 6.6667E-07
1.6747E-06 6.6667E-07
2.1071E-06 6.6667E-07
1.3947E-06 6.6667E-07
1.3566E-06 6.6667E-07
2.4396E-06 6.6667E-07
1.2742E-06 6.6667E-07
1.1442E-06 6.6667E-07
1.4601E-06 6.6667E-07
2.2456E-06 6.6667E-07
1.1100E-06 6.6667E-07
1.2738E-06 6.6667E-07
1.0899E-06 6.6667E-07
1.7024E-06 6.6667E-07
1.7383E-06 6.6667E-07
4.3499E-07 6.6667E-07
1.6481E-06 6.6667E-07
1.7025E-06 6.6667E-07
8.4078E-08 6.6667E-07
2.0202E-06 6.6667E-07
1.8878E-06 6.6667E-07
4.7835E-07 6.6667E-07
