RMS Grad   Target
1.2856E-02 2.0000E-04
1.2611E-02 2.0000E-04
1.0807E-02 2.0000E-04
8.0288E-03 2.0000E-04
5.3803E-03 2.0000E-04
3.5685E-03 2.0000E-04
2.7294E-03 2.0000E-04
2.7253E-03 2.0000E-04
2.9714E-03 2.0000E-04
3.2419E-03 2.0000E-04
3.4829E-03 2.0000E-04
3.6360E-03 2.0000E-04
3.6324E-03 2.0000E-04
3.6812E-03 2.0000E-04
3.5670E-03 2.0000E-04
3.4259E-03 2.0000E-04
3.3701E-03 2.0000E-04
3.1611E-03 2.0000E-04
3.0529E-03 2.0000E-04
2.8351E-03 2.0000E-04
2.6333E-03 2.0000E-04
2.4600E-03 2.0000E-04
2.2333E-03 2.0000E-04
2.0664E-03 2.0000E-04
1.9093E-03 2.0000E-04
1.7221E-03 2.0000E-04
1.5644E-03 2.0000E-04
1.5062E-03 2.0000E-04
1.3452E-03 2.0000E-04
1.3062E-03 2.0000E-04
1.2142E-03 2.0000E-04
1.1720E-03 2.0000E-04
1.1472E-03 2.0000E-04
1.1258E-03 2.0000E-04
1.1994E-03 2.0000E-04
1.1842E-03 2.0000E-04
1.3448E-03 2.0000E-04
1.3226E-03 2.0000E-04
1.4682E-03 2.0000E-04
1.4400E-03 2.0000E-04
1.5386E-03 2.0000E-04
1.4967E-03 2.0000E-04
1.5655E-03 2.0000E-04
1.5143E-03 2.0000E-04
1.5774E-03 2.0000E-04
1.5237E-03 2.0000E-04
1.5815E-03 2.0000E-04
1.5271E-03 2.0000E-04
1.5696E-03 2.0000E-04
1.5138E-03 2.0000E-04
1.5398E-03 2.0000E-04
1.4803E-03 2.0000E-04
1.5265E-03 2.0000E-04
1.4568E-03 2.0000E-04
1.5102E-03 2.0000E-04
1.4331E-03 2.0000E-04
1.4209E-03 2.0000E-04
1.3424E-03 2.0000E-04
1.3088E-03 2.0000E-04
1.2341E-03 2.0000E-04
1.2369E-03 2.0000E-04
1.1616E-03 2.0000E-04
1.2581E-03 2.0000E-04
1.1855E-03 2.0000E-04
1.2939E-03 2.0000E-04
1.2207E-03 2.0000E-04
1.2809E-03 2.0000E-04
1.1969E-03 2.0000E-04
1.2222E-03 2.0000E-04
1.1322E-03 2.0000E-04
1.1506E-03 2.0000E-04
1.0628E-03 2.0000E-04
1.0736E-03 2.0000E-04
9.9592E-04 2.0000E-04
9.8778E-04 2.0000E-04
9.2680E-04 2.0000E-04
9.0570E-04 2.0000E-04
8.9680E-04 2.0000E-04
8.4900E-04 2.0000E-04
8.6264E-04 2.0000E-04
8.2479E-04 2.0000E-04
8.2543E-04 2.0000E-04
7.8663E-04 2.0000E-04
8.1517E-04 2.0000E-04
7.6733E-04 2.0000E-04
8.2626E-04 2.0000E-04
7.7804E-04 2.0000E-04
9.0011E-04 2.0000E-04
8.6117E-04 2.0000E-04
1.0917E-03 2.0000E-04
1.0469E-03 2.0000E-04
1.2433E-03 2.0000E-04
1.1829E-03 2.0000E-04
1.2291E-03 2.0000E-04
1.1573E-03 2.0000E-04
1.1459E-03 2.0000E-04
1.0482E-03 2.0000E-04
1.0212E-03 2.0000E-04
8.9695E-04 2.0000E-04
9.0491E-04 2.0000E-04
8.2338E-04 2.0000E-04
7.8237E-04 2.0000E-04
7.6361E-04 2.0000E-04
7.2658E-04 2.0000E-04
7.4957E-04 2.0000E-04
6.9587E-04 2.0000E-04
7.4269E-04 2.0000E-04
6.9167E-04 2.0000E-04
7.8910E-04 2.0000E-04
7.1719E-04 2.0000E-04
9.0789E-04 2.0000E-04
8.5824E-04 2.0000E-04
9.5599E-04 2.0000E-04
9.1125E-04 2.0000E-04
9.8673E-04 2.0000E-04
9.3351E-04 2.0000E-04
9.6426E-04 2.0000E-04
8.9930E-04 2.0000E-04
9.6820E-04 2.0000E-04
8.9695E-04 2.0000E-04
9.4793E-04 2.0000E-04
8.7037E-04 2.0000E-04
9.5267E-04 2.0000E-04
8.6599E-04 2.0000E-04
8.9511E-04 2.0000E-04
7.9409E-04 2.0000E-04
8.0458E-04 2.0000E-04
6.9333E-04 2.0000E-04
6.4429E-04 2.0000E-04
5.5068E-04 2.0000E-04
5.1306E-04 2.0000E-04
5.0158E-04 2.0000E-04
4.6791E-04 2.0000E-04
6.3848E-04 2.0000E-04
6.0094E-04 2.0000E-04
7.9969E-04 2.0000E-04
7.3135E-04 2.0000E-04
9.1210E-04 2.0000E-04
7.9927E-04 2.0000E-04
8.7012E-04 2.0000E-04
7.3728E-04 2.0000E-04
7.8377E-04 2.0000E-04
6.6989E-04 2.0000E-04
7.9214E-04 2.0000E-04
6.6416E-04 2.0000E-04
9.1724E-04 2.0000E-04
7.2005E-04 2.0000E-04
8.3088E-04 2.0000E-04
6.3093E-04 2.0000E-04
6.5659E-04 2.0000E-04
5.6396E-04 2.0000E-04
5.3205E-04 2.0000E-04
6.2059E-04 2.0000E-04
5.5247E-04 2.0000E-04
7.0231E-04 2.0000E-04
6.1063E-04 2.0000E-04
7.0105E-04 2.0000E-04
5.9194E-04 2.0000E-04
6.2450E-04 2.0000E-04
5.3326E-04 2.0000E-04
5.8462E-04 2.0000E-04
5.5518E-04 2.0000E-04
5.4477E-04 2.0000E-04
7.3452E-04 2.0000E-04
5.9223E-04 2.0000E-04
8.6253E-04 2.0000E-04
6.0773E-04 2.0000E-04
7.6998E-04 2.0000E-04
5.5451E-04 2.0000E-04
7.3571E-04 2.0000E-04
5.6064E-04 2.0000E-04
5.4697E-04 2.0000E-04
4.6561E-04 2.0000E-04
5.2466E-04 2.0000E-04
4.4975E-04 2.0000E-04
6.3177E-04 2.0000E-04
5.3039E-04 2.0000E-04
5.2720E-04 2.0000E-04
5.6816E-04 2.0000E-04
4.8764E-04 2.0000E-04
5.7754E-04 2.0000E-04
5.1458E-04 2.0000E-04
5.9448E-04 2.0000E-04
4.9512E-04 2.0000E-04
4.8193E-04 2.0000E-04
4.2295E-04 2.0000E-04
4.2358E-04 2.0000E-04
4.0371E-04 2.0000E-04
3.9850E-04 2.0000E-04
4.9318E-04 2.0000E-04
4.7266E-04 2.0000E-04
6.0061E-04 2.0000E-04
5.4013E-04 2.0000E-04
7.2008E-04 2.0000E-04
6.0277E-04 2.0000E-04
6.9051E-04 2.0000E-04
5.6159E-04 2.0000E-04
6.0936E-04 2.0000E-04
5.0087E-04 2.0000E-04
7.2627E-04 2.0000E-04
5.2773E-04 2.0000E-04
5.9857E-04 2.0000E-04
4.5966E-04 2.0000E-04
5.3066E-04 2.0000E-04
4.1851E-04 2.0000E-04
5.1909E-04 2.0000E-04
5.2591E-04 2.0000E-04
5.4159E-04 2.0000E-04
6.5218E-04 2.0000E-04
5.4166E-04 2.0000E-04
4.4897E-04 2.0000E-04
5.8529E-04 2.0000E-04
5.4575E-04 2.0000E-04
5.0516E-04 2.0000E-04
4.8047E-04 2.0000E-04
4.4051E-04 2.0000E-04
4.4854E-04 2.0000E-04
4.2456E-04 2.0000E-04
4.7068E-04 2.0000E-04
4.2933E-04 2.0000E-04
4.5809E-04 2.0000E-04
4.8508E-04 2.0000E-04
4.4838E-04 2.0000E-04
4.6491E-04 2.0000E-04
6.3586E-04 2.0000E-04
5.1409E-04 2.0000E-04
6.3380E-04 2.0000E-04
4.8269E-04 2.0000E-04
7.3474E-04 2.0000E-04
4.9810E-04 2.0000E-04
5.6481E-04 2.0000E-04
4.6995E-04 2.0000E-04
4.6147E-04 2.0000E-04
4.4160E-04 2.0000E-04
4.7288E-04 2.0000E-04
4.2069E-04 2.0000E-04
4.0982E-04 2.0000E-04
4.1375E-04 2.0000E-04
4.9623E-04 2.0000E-04
4.9036E-04 2.0000E-04
7.3129E-04 2.0000E-04
5.0531E-04 2.0000E-04
8.2023E-04 2.0000E-04
4.4759E-04 2.0000E-04
4.1902E-04 2.0000E-04
4.3480E-04 2.0000E-04
5.1684E-04 2.0000E-04
4.1568E-04 2.0000E-04
4.6671E-04 2.0000E-04
3.6437E-04 2.0000E-04
4.3898E-04 2.0000E-04
4.8790E-04 2.0000E-04
5.3277E-04 2.0000E-04
6.4689E-04 2.0000E-04
3.9361E-04 2.0000E-04
6.0620E-04 2.0000E-04
5.1111E-04 2.0000E-04
4.8368E-04 2.0000E-04
4.0599E-04 2.0000E-04
3.9060E-04 2.0000E-04
3.9292E-04 2.0000E-04
3.8792E-04 2.0000E-04
4.4773E-04 2.0000E-04
4.3906E-04 2.0000E-04
5.0647E-04 2.0000E-04
4.8618E-04 2.0000E-04
7.2400E-04 2.0000E-04
4.4797E-04 2.0000E-04
5.6157E-04 2.0000E-04
4.1726E-04 2.0000E-04
4.4693E-04 2.0000E-04
4.5081E-04 2.0000E-04
4.0228E-04 2.0000E-04
5.6530E-04 2.0000E-04
4.0207E-04 2.0000E-04
3.4539E-04 2.0000E-04
3.8662E-04 2.0000E-04
5.9289E-04 2.0000E-04
3.7614E-04 2.0000E-04
3.0007E-04 2.0000E-04
5.0115E-04 2.0000E-04
4.0427E-04 2.0000E-04
4.8329E-04 2.0000E-04
4.3865E-04 2.0000E-04
3.7954E-04 2.0000E-04
4.8089E-04 2.0000E-04
4.1474E-04 2.0000E-04
3.4830E-04 2.0000E-04
3.5909E-04 2.0000E-04
3.4461E-04 2.0000E-04
3.9729E-04 2.0000E-04
4.1787E-04 2.0000E-04
5.3560E-04 2.0000E-04
3.7089E-04 2.0000E-04
3.4601E-04 2.0000E-04
4.2181E-04 2.0000E-04
5.5191E-04 2.0000E-04
3.6714E-04 2.0000E-04
3.3791E-04 2.0000E-04
5.1546E-04 2.0000E-04
4.5545E-04 2.0000E-04
5.1515E-04 2.0000E-04
4.4544E-04 2.0000E-04
3.9540E-04 2.0000E-04
3.9101E-04 2.0000E-04
3.4825E-04 2.0000E-04
4.0140E-04 2.0000E-04
3.6118E-04 2.0000E-04
4.1897E-04 2.0000E-04
3.4565E-04 2.0000E-04
3.2951E-04 2.0000E-04
3.8738E-04 2.0000E-04
3.8838E-04 2.0000E-04
4.0407E-04 2.0000E-04
3.6250E-04 2.0000E-04
3.9475E-04 2.0000E-04
3.3073E-04 2.0000E-04
3.2302E-04 2.0000E-04
3.5440E-04 2.0000E-04
3.5464E-04 2.0000E-04
4.1029E-04 2.0000E-04
3.6758E-04 2.0000E-04
3.5458E-04 2.0000E-04
4.5502E-04 2.0000E-04
4.3598E-04 2.0000E-04
3.3813E-04 2.0000E-04
3.7355E-04 2.0000E-04
4.6716E-04 2.0000E-04
4.7576E-04 2.0000E-04
3.3218E-04 2.0000E-04
3.2539E-04 2.0000E-04
4.5499E-04 2.0000E-04
3.9165E-04 2.0000E-04
5.5284E-04 2.0000E-04
3.3273E-04 2.0000E-04
3.0054E-04 2.0000E-04
3.7080E-04 2.0000E-04
6.8354E-04 2.0000E-04
2.8859E-04 2.0000E-04
2.5440E-04 2.0000E-04
3.2314E-04 2.0000E-04
4.1853E-04 2.0000E-04
3.2346E-04 2.0000E-04
2.4855E-04 2.0000E-04
2.8474E-04 2.0000E-04
3.5682E-04 2.0000E-04
2.5473E-04 2.0000E-04
2.7235E-04 2.0000E-04
2.8767E-04 2.0000E-04
2.8302E-04 2.0000E-04
2.7327E-04 2.0000E-04
2.7232E-04 2.0000E-04
2.4463E-04 2.0000E-04
2.9155E-04 2.0000E-04
3.7213E-04 2.0000E-04
2.4924E-04 2.0000E-04
2.3845E-04 2.0000E-04
3.8406E-04 2.0000E-04
2.8857E-04 2.0000E-04
3.0754E-04 2.0000E-04
2.6739E-04 2.0000E-04
2.5975E-04 2.0000E-04
4.2638E-04 2.0000E-04
2.9577E-04 2.0000E-04
2.4210E-04 2.0000E-04
2.9474E-04 2.0000E-04
5.4278E-04 2.0000E-04
2.7087E-04 2.0000E-04
3.2070E-04 2.0000E-04
4.7045E-04 2.0000E-04
2.8047E-04 2.0000E-04
2.1200E-04 2.0000E-04
2.8104E-04 2.0000E-04
3.9041E-04 2.0000E-04
2.7459E-04 2.0000E-04
2.7613E-04 2.0000E-04
3.1773E-04 2.0000E-04
3.1906E-04 2.0000E-04
2.9568E-04 2.0000E-04
3.0362E-04 2.0000E-04
4.2869E-04 2.0000E-04
4.6345E-04 2.0000E-04
3.5515E-04 2.0000E-04
3.0240E-04 2.0000E-04
3.2815E-04 2.0000E-04
5.2965E-04 2.0000E-04
3.4353E-04 2.0000E-04
3.1891E-04 2.0000E-04
4.5535E-04 2.0000E-04
3.8076E-04 2.0000E-04
3.9569E-04 2.0000E-04
3.5541E-04 2.0000E-04
4.2538E-04 2.0000E-04
3.6669E-04 2.0000E-04
3.8214E-04 2.0000E-04
4.2316E-04 2.0000E-04
3.9775E-04 2.0000E-04
3.3041E-04 2.0000E-04
3.1534E-04 2.0000E-04
4.4495E-04 2.0000E-04
3.1624E-04 2.0000E-04
2.9934E-04 2.0000E-04
3.2781E-04 2.0000E-04
3.2940E-04 2.0000E-04
2.4550E-04 2.0000E-04
2.7728E-04 2.0000E-04
3.3188E-04 2.0000E-04
2.3200E-04 2.0000E-04
2.3920E-04 2.0000E-04
3.2177E-04 2.0000E-04
2.3885E-04 2.0000E-04
2.7051E-04 2.0000E-04
2.7901E-04 2.0000E-04
2.5393E-04 2.0000E-04
2.6083E-04 2.0000E-04
3.2803E-04 2.0000E-04
2.6588E-04 2.0000E-04
3.0039E-04 2.0000E-04
3.2326E-04 2.0000E-04
2.4543E-04 2.0000E-04
2.4989E-04 2.0000E-04
3.7365E-04 2.0000E-04
2.7961E-04 2.0000E-04
3.0127E-04 2.0000E-04
3.3188E-04 2.0000E-04
2.6668E-04 2.0000E-04
2.2972E-04 2.0000E-04
2.5997E-04 2.0000E-04
2.4935E-04 2.0000E-04
2.8001E-04 2.0000E-04
2.4146E-04 2.0000E-04
2.1382E-04 2.0000E-04
2.4774E-04 2.0000E-04
2.7363E-04 2.0000E-04
2.2755E-04 2.0000E-04
2.4158E-04 2.0000E-04
3.1460E-04 2.0000E-04
2.5580E-04 2.0000E-04
3.2645E-04 2.0000E-04
2.3361E-04 2.0000E-04
2.2194E-04 2.0000E-04
2.9805E-04 2.0000E-04
4.6771E-04 2.0000E-04
2.4551E-04 2.0000E-04
2.2150E-04 2.0000E-04
2.8651E-04 2.0000E-04
4.7562E-04 2.0000E-04
2.3171E-04 2.0000E-04
2.2004E-04 2.0000E-04
2.7147E-04 2.0000E-04
3.8962E-04 2.0000E-04
3.0968E-04 2.0000E-04
2.2055E-04 2.0000E-04
3.1897E-04 2.0000E-04
2.5115E-04 2.0000E-04
2.0264E-04 2.0000E-04
2.8072E-04 2.0000E-04
2.3489E-04 2.0000E-04
1.9617E-04 2.0000E-04
2.2724E-04 2.0000E-04
2.0789E-04 2.0000E-04
1.8418E-04 2.0000E-04
3.2946E-04 2.0000E-04
2.1746E-04 2.0000E-04
1.5164E-04 2.0000E-04
1.4202E-04 2.0000E-04
1.9544E-04 2.0000E-04
1.6214E-04 2.0000E-04
3.4847E-04 2.0000E-04
1.2973E-04 2.0000E-04
1.2433E-04 2.0000E-04
1.5946E-04 2.0000E-04
3.2823E-04 2.0000E-04
1.4521E-04 2.0000E-04
1.2261E-04 2.0000E-04
1.4961E-04 2.0000E-04
2.5177E-04 2.0000E-04
2.0144E-04 2.0000E-04
1.2614E-04 2.0000E-04
1.6136E-04 2.0000E-04
2.1752E-04 2.0000E-04
1.8180E-04 2.0000E-04
3.8323E-04 2.0000E-04
1.5165E-04 2.0000E-04
1.4935E-04 2.0000E-04
1.9255E-04 2.0000E-04
2.0474E-04 2.0000E-04
1.6424E-04 2.0000E-04
1.8168E-04 2.0000E-04
2.1568E-04 2.0000E-04
1.7452E-04 2.0000E-04
2.3380E-04 2.0000E-04
1.7955E-04 2.0000E-04
1.5945E-04 2.0000E-04
2.3714E-04 2.0000E-04
2.3391E-04 2.0000E-04
1.6330E-04 2.0000E-04
1.9488E-04 2.0000E-04
2.3368E-04 2.0000E-04
2.1398E-04 2.0000E-04
2.1222E-04 2.0000E-04
2.1682E-04 2.0000E-04
1.7919E-04 2.0000E-04
1.7029E-04 2.0000E-04
2.8701E-04 2.0000E-04
1.7357E-04 2.0000E-04
1.6772E-04 2.0000E-04
2.2434E-04 2.0000E-04
2.2877E-04 2.0000E-04
2.2416E-04 2.0000E-04
2.0698E-04 2.0000E-04
4.2396E-04 2.0000E-04
2.8767E-04 2.0000E-04
2.5445E-04 2.0000E-04
2.5337E-04 2.0000E-04
3.5073E-04 2.0000E-04
2.8897E-04 2.0000E-04
2.4830E-04 2.0000E-04
2.5534E-04 2.0000E-04
2.5044E-04 2.0000E-04
2.6759E-04 2.0000E-04
5.8359E-04 2.0000E-04
3.5028E-04 2.0000E-04
2.4985E-04 2.0000E-04
2.9273E-04 2.0000E-04
4.1218E-04 2.0000E-04
2.7397E-04 2.0000E-04
2.5879E-04 2.0000E-04
4.2559E-04 2.0000E-04
2.5507E-04 2.0000E-04
2.2881E-04 2.0000E-04
2.9396E-04 2.0000E-04
4.1762E-04 2.0000E-04
2.6139E-04 2.0000E-04
2.9086E-04 2.0000E-04
3.0064E-04 2.0000E-04
2.5581E-04 2.0000E-04
2.3166E-04 2.0000E-04
2.3814E-04 2.0000E-04
4.9720E-04 2.0000E-04
2.1761E-04 2.0000E-04
1.9181E-04 2.0000E-04
2.4972E-04 2.0000E-04
4.7437E-04 2.0000E-04
2.4993E-04 2.0000E-04
1.9038E-04 2.0000E-04
2.3760E-04 2.0000E-04
3.8675E-04 2.0000E-04
2.6109E-04 2.0000E-04
2.1660E-04 2.0000E-04
2.9675E-04 2.0000E-04
3.2829E-04 2.0000E-04
2.6084E-04 2.0000E-04
2.4991E-04 2.0000E-04
3.0167E-04 2.0000E-04
2.2755E-04 2.0000E-04
2.6659E-04 2.0000E-04
2.9540E-04 2.0000E-04
2.2703E-04 2.0000E-04
2.5164E-04 2.0000E-04
2.7521E-04 2.0000E-04
2.1307E-04 2.0000E-04
2.2784E-04 2.0000E-04
2.6925E-04 2.0000E-04
2.4589E-04 2.0000E-04
2.8434E-04 2.0000E-04
2.2734E-04 2.0000E-04
1.7600E-04 2.0000E-04
1.6140E-04 2.0000E-04
2.8876E-04 2.0000E-04
1.8198E-04 2.0000E-04
1.5834E-04 2.0000E-04
2.0653E-04 2.0000E-04
2.2916E-04 2.0000E-04
1.7758E-04 2.0000E-04
2.1157E-04 2.0000E-04
2.5426E-04 2.0000E-04
1.8504E-04 2.0000E-04
2.2010E-04 2.0000E-04
2.3573E-04 2.0000E-04
1.9302E-04 2.0000E-04
2.8846E-04 2.0000E-04
1.9392E-04 2.0000E-04
1.8548E-04 2.0000E-04
2.3706E-04 2.0000E-04
3.6519E-04 2.0000E-04
1.7599E-04 2.0000E-04
1.5427E-04 2.0000E-04
1.8820E-04 2.0000E-04
2.4815E-04 2.0000E-04
3.8754E-04 2.0000E-04
1.3952E-04 2.0000E-04
1.3837E-04 2.0000E-04
1.9028E-04 2.0000E-04
2.8259E-04 2.0000E-04
1.5827E-04 2.0000E-04
1.4076E-04 2.0000E-04
1.6203E-04 2.0000E-04
3.0656E-04 2.0000E-04
1.4532E-04 2.0000E-04
1.3167E-04 2.0000E-04
1.6310E-04 2.0000E-04
3.0267E-04 2.0000E-04
1.7111E-04 2.0000E-04
1.2781E-04 2.0000E-04
1.6839E-04 2.0000E-04
2.3242E-04 2.0000E-04
1.8262E-04 2.0000E-04
1.8562E-04 2.0000E-04
1.7580E-04 2.0000E-04
1.9968E-04 2.0000E-04
1.7468E-04 2.0000E-04
1.8723E-04 2.0000E-04
2.2953E-04 2.0000E-04
1.6138E-04 2.0000E-04
1.5923E-04 2.0000E-04
2.1125E-04 2.0000E-04
1.9403E-04 2.0000E-04
1.9590E-04 2.0000E-04
1.5412E-04 2.0000E-04
2.1204E-04 2.0000E-04
2.0790E-04 2.0000E-04
2.2419E-04 2.0000E-04
1.5725E-04 2.0000E-04
1.6976E-04 2.0000E-04
1.9345E-04 2.0000E-04
1.6180E-04 2.0000E-04
2.8157E-04 2.0000E-04
1.6774E-04 2.0000E-04
1.6667E-04 2.0000E-04
1.9338E-04 2.0000E-04
4.0332E-04 2.0000E-04
1.6572E-04 2.0000E-04
1.6778E-04 2.0000E-04
1.8253E-04 2.0000E-04
1.5051E-04 2.0000E-04
2.7362E-04 2.0000E-04
1.5435E-04 2.0000E-04
1.2941E-04 2.0000E-04
1.5756E-04 2.0000E-04
2.8599E-04 2.0000E-04
1.3602E-04 2.0000E-04
1.1384E-04 2.0000E-04
1.4056E-04 2.0000E-04
2.2546E-04 2.0000E-04
1.8369E-04 2.0000E-04
1.1408E-04 2.0000E-04
1.3328E-04 2.0000E-04
1.5557E-04 2.0000E-04
1.9974E-04 2.0000E-04
1.9711E-04 2.0000E-04
1.2987E-04 2.0000E-04
1.2476E-04 2.0000E-04
1.8604E-04 2.0000E-04
1.6459E-04 2.0000E-04
2.3151E-04 2.0000E-04
1.4385E-04 2.0000E-04
1.3418E-04 2.0000E-04
1.8939E-04 2.0000E-04
1.5703E-04 2.0000E-04
1.4724E-04 2.0000E-04
1.7283E-04 2.0000E-04
1.9312E-04 2.0000E-04
1.4442E-04 2.0000E-04
1.5540E-04 2.0000E-04
1.8194E-04 2.0000E-04
1.4601E-04 2.0000E-04
1.7510E-04 2.0000E-04
1.6680E-04 2.0000E-04
1.3620E-04 2.0000E-04
1.8727E-04 2.0000E-04
2.1671E-04 2.0000E-04
1.3256E-04 2.0000E-04
1.0278E-04 2.0000E-04
1.3073E-04 2.0000E-04
1.9464E-04 2.0000E-04
1.3669E-04 2.0000E-04
1.2252E-04 2.0000E-04
1.4192E-04 2.0000E-04
2.0658E-04 2.0000E-04
1.3475E-04 2.0000E-04
1.2996E-04 2.0000E-04
1.6463E-04 2.0000E-04
1.6455E-04 2.0000E-04
1.4428E-04 2.0000E-04
1.5362E-04 2.0000E-04
2.0867E-04 2.0000E-04
1.4696E-04 2.0000E-04
1.7006E-04 2.0000E-04
1.7693E-04 2.0000E-04
1.5579E-04 2.0000E-04
1.9882E-04 2.0000E-04
2.2602E-04 2.0000E-04
1.7291E-04 2.0000E-04
2.5434E-04 2.0000E-04
2.0892E-04 2.0000E-04
1.6697E-04 2.0000E-04
1.8714E-04 2.0000E-04
2.6141E-04 2.0000E-04
1.8935E-04 2.0000E-04
2.4192E-04 2.0000E-04
1.7786E-04 2.0000E-04
2.0523E-04 2.0000E-04
1.9712E-04 2.0000E-04
2.2052E-04 2.0000E-04
1.7019E-04 2.0000E-04
1.4977E-04 2.0000E-04
1.4280E-04 2.0000E-04
1.4892E-04 2.0000E-04
1.5753E-04 2.0000E-04
1.4144E-04 2.0000E-04
1.3455E-04 2.0000E-04
1.3314E-04 2.0000E-04
1.1711E-04 2.0000E-04
1.4895E-04 2.0000E-04
1.1425E-04 2.0000E-04
1.0791E-04 2.0000E-04
1.6215E-04 2.0000E-04
1.4815E-04 2.0000E-04
1.4338E-04 2.0000E-04
1.1573E-04 2.0000E-04
1.1753E-04 2.0000E-04
1.0842E-04 2.0000E-04
1.7350E-04 2.0000E-04
1.1065E-04 2.0000E-04
1.0031E-04 2.0000E-04
1.2979E-04 2.0000E-04
1.9024E-04 2.0000E-04
1.0070E-04 2.0000E-04
8.7935E-05 2.0000E-04
1.0266E-04 2.0000E-04
2.6795E-04 2.0000E-04
9.0024E-05 2.0000E-04
7.6223E-05 2.0000E-04
9.7153E-05 2.0000E-04
1.5753E-04 2.0000E-04
9.7963E-05 2.0000E-04
7.7378E-05 2.0000E-04
1.0484E-04 2.0000E-04
1.1970E-04 2.0000E-04
9.4576E-05 2.0000E-04
1.3105E-04 2.0000E-04
9.5603E-05 2.0000E-04
8.9669E-05 2.0000E-04
1.1900E-04 2.0000E-04
1.9499E-04 2.0000E-04
9.6373E-05 2.0000E-04
7.9362E-05 2.0000E-04
1.0102E-04 2.0000E-04
2.1130E-04 2.0000E-04
9.1513E-05 2.0000E-04
7.9420E-05 2.0000E-04
1.0140E-04 2.0000E-04
1.3893E-04 2.0000E-04
1.5736E-04 2.0000E-04
7.7731E-05 2.0000E-04
8.9776E-05 2.0000E-04
1.1010E-04 2.0000E-04
1.7265E-04 2.0000E-04
9.7347E-05 2.0000E-04
1.0598E-04 2.0000E-04
1.2484E-04 2.0000E-04
1.8436E-04 2.0000E-04
1.1186E-04 2.0000E-04
1.0104E-04 2.0000E-04
1.2119E-04 2.0000E-04
1.7630E-04 2.0000E-04
2.0481E-04 2.0000E-04
1.3181E-04 2.0000E-04
1.0107E-04 2.0000E-04
1.1058E-04 2.0000E-04
2.1589E-04 2.0000E-04
1.4152E-04 2.0000E-04
1.0514E-04 2.0000E-04
1.2866E-04 2.0000E-04
1.9897E-04 2.0000E-04
1.6748E-04 2.0000E-04
2.1919E-04 2.0000E-04
1.4784E-04 2.0000E-04
1.1899E-04 2.0000E-04
1.4749E-04 2.0000E-04
1.7586E-04 2.0000E-04
3.1686E-04 2.0000E-04
1.1767E-04 2.0000E-04
1.5749E-04 2.0000E-04
1.5403E-04 2.0000E-04
1.4206E-04 2.0000E-04
3.2206E-04 2.0000E-04
1.4123E-04 2.0000E-04
1.2457E-04 2.0000E-04
1.5250E-04 2.0000E-04
2.6182E-04 2.0000E-04
1.5278E-04 2.0000E-04
1.5908E-04 2.0000E-04
2.1576E-04 2.0000E-04
1.5072E-04 2.0000E-04
1.2423E-04 2.0000E-04
1.5858E-04 2.0000E-04
1.5811E-04 2.0000E-04
1.5262E-04 2.0000E-04
1.2757E-04 2.0000E-04
1.9090E-04 2.0000E-04
1.2587E-04 2.0000E-04
1.2075E-04 2.0000E-04
1.5434E-04 2.0000E-04
1.4329E-04 2.0000E-04
1.1732E-04 2.0000E-04
1.2517E-04 2.0000E-04
1.8227E-04 2.0000E-04
1.1338E-04 2.0000E-04
9.8568E-05 2.0000E-04
1.2235E-04 2.0000E-04
1.5551E-04 2.0000E-04
1.5072E-04 2.0000E-04
1.2937E-04 2.0000E-04
1.1586E-04 2.0000E-04
1.0508E-04 2.0000E-04
1.2239E-04 2.0000E-04
1.9863E-04 2.0000E-04
9.6143E-05 2.0000E-04
8.6380E-05 2.0000E-04
1.1778E-04 2.0000E-04
1.9641E-04 2.0000E-04
9.9904E-05 2.0000E-04
9.1054E-05 2.0000E-04
1.0199E-04 2.0000E-04
2.0398E-04 2.0000E-04
8.8852E-05 2.0000E-04
7.7323E-05 2.0000E-04
9.7682E-05 2.0000E-04
1.3215E-04 2.0000E-04
1.1361E-04 2.0000E-04
8.3221E-05 2.0000E-04
9.9330E-05 2.0000E-04
1.0359E-04 2.0000E-04
1.0338E-04 2.0000E-04
1.8291E-04 2.0000E-04
8.6291E-05 2.0000E-04
7.9062E-05 2.0000E-04
1.0177E-04 2.0000E-04
1.6203E-04 2.0000E-04
1.0052E-04 2.0000E-04
8.0290E-05 2.0000E-04
9.9451E-05 2.0000E-04
1.2832E-04 2.0000E-04
9.3281E-05 2.0000E-04
9.6891E-05 2.0000E-04
9.9321E-05 2.0000E-04
8.9185E-05 2.0000E-04
1.3262E-04 2.0000E-04
9.6104E-05 2.0000E-04
7.8193E-05 2.0000E-04
8.3857E-05 2.0000E-04
1.1374E-04 2.0000E-04
7.7219E-05 2.0000E-04
7.0131E-05 2.0000E-04
8.4934E-05 2.0000E-04
7.1703E-05 2.0000E-04
1.1472E-04 2.0000E-04
6.8069E-05 2.0000E-04
6.7701E-05 2.0000E-04
8.1690E-05 2.0000E-04
8.9044E-05 2.0000E-04
6.3793E-05 2.0000E-04
6.6943E-05 2.0000E-04
9.5012E-05 2.0000E-04
7.3768E-05 2.0000E-04
6.9133E-05 2.0000E-04
8.2698E-05 2.0000E-04
7.6640E-05 2.0000E-04
7.2876E-05 2.0000E-04
9.6405E-05 2.0000E-04
7.5338E-05 2.0000E-04
7.7893E-05 2.0000E-04
1.2958E-04 2.0000E-04
8.5492E-05 2.0000E-04
8.1035E-05 2.0000E-04
7.9692E-05 2.0000E-04
1.1890E-04 2.0000E-04
7.4918E-05 2.0000E-04
7.2284E-05 2.0000E-04
1.0345E-04 2.0000E-04
1.1005E-04 2.0000E-04
7.7494E-05 2.0000E-04
8.5141E-05 2.0000E-04
1.1361E-04 2.0000E-04
9.8714E-05 2.0000E-04
1.4983E-04 2.0000E-04
9.9016E-05 2.0000E-04
9.5063E-05 2.0000E-04
9.5980E-05 2.0000E-04
1.3156E-04 2.0000E-04
1.1440E-04 2.0000E-04
9.0598E-05 2.0000E-04
9.4600E-05 2.0000E-04
1.8235E-04 2.0000E-04
1.0216E-04 2.0000E-04
8.4589E-05 2.0000E-04
9.9417E-05 2.0000E-04
2.4861E-04 2.0000E-04
1.0007E-04 2.0000E-04
1.4464E-04 2.0000E-04
8.8306E-05 2.0000E-04
8.4631E-05 2.0000E-04
1.0355E-04 2.0000E-04
1.1231E-04 2.0000E-04
7.9596E-05 2.0000E-04
7.4665E-05 2.0000E-04
9.3978E-05 2.0000E-04
8.8329E-05 2.0000E-04
6.9986E-05 2.0000E-04
6.8725E-05 2.0000E-04
9.4568E-05 2.0000E-04
6.7598E-05 2.0000E-04
6.0932E-05 2.0000E-04
7.4401E-05 2.0000E-04
6.7685E-05 2.0000E-04
6.1413E-05 2.0000E-04
7.3706E-05 2.0000E-04
6.0874E-05 2.0000E-04
5.1564E-05 2.0000E-04
6.6962E-05 2.0000E-04
8.4532E-05 2.0000E-04
5.3466E-05 2.0000E-04
5.0068E-05 2.0000E-04
5.8412E-05 2.0000E-04
7.7680E-05 2.0000E-04
6.3781E-05 2.0000E-04
5.2411E-05 2.0000E-04
5.5946E-05 2.0000E-04
1.0607E-04 2.0000E-04
5.3259E-05 2.0000E-04
4.4719E-05 2.0000E-04
5.1875E-05 2.0000E-04
1.0652E-04 2.0000E-04
5.5042E-05 2.0000E-04
4.0126E-05 2.0000E-04
5.4405E-05 2.0000E-04
8.7792E-05 2.0000E-04
5.7744E-05 2.0000E-04
4.5791E-05 2.0000E-04
5.6128E-05 2.0000E-04
5.2997E-05 2.0000E-04
1.5324E-04 2.0000E-04
4.8142E-05 2.0000E-04
3.7408E-05 2.0000E-04
5.0159E-05 2.0000E-04
6.3836E-05 2.0000E-04
1.2448E-04 2.0000E-04
4.1129E-05 2.0000E-04
3.9735E-05 2.0000E-04
5.1323E-05 2.0000E-04
9.4669E-05 2.0000E-04
5.1386E-05 2.0000E-04
4.0793E-05 2.0000E-04
6.5920E-05 2.0000E-04
7.0608E-05 2.0000E-04
5.1284E-05 2.0000E-04
6.3860E-05 2.0000E-04
7.4627E-05 2.0000E-04
5.6769E-05 2.0000E-04
5.2209E-05 2.0000E-04
7.1213E-05 2.0000E-04
5.9560E-05 2.0000E-04
9.8378E-05 2.0000E-04
7.2694E-05 2.0000E-04
4.8266E-05 2.0000E-04
4.1777E-05 2.0000E-04
7.0197E-05 2.0000E-04
5.8388E-05 2.0000E-04
6.4499E-05 2.0000E-04
5.3016E-05 2.0000E-04
6.1302E-05 2.0000E-04
6.4116E-05 2.0000E-04
6.2420E-05 2.0000E-04
5.8735E-05 2.0000E-04
7.7210E-05 2.0000E-04
7.4956E-05 2.0000E-04
5.6470E-05 2.0000E-04
6.6909E-05 2.0000E-04
8.6199E-05 2.0000E-04
7.0113E-05 2.0000E-04
9.6114E-05 2.0000E-04
6.7656E-05 2.0000E-04
6.2061E-05 2.0000E-04
6.5174E-05 2.0000E-04
9.9163E-05 2.0000E-04
6.1905E-05 2.0000E-04
5.9699E-05 2.0000E-04
8.5073E-05 2.0000E-04
6.1950E-05 2.0000E-04
6.2428E-05 2.0000E-04
9.9994E-05 2.0000E-04
6.2309E-05 2.0000E-04
6.8706E-05 2.0000E-04
7.5381E-05 2.0000E-04
6.3782E-05 2.0000E-04
7.7567E-05 2.0000E-04
6.4224E-05 2.0000E-04
5.6507E-05 2.0000E-04
7.2847E-05 2.0000E-04
8.0802E-05 2.0000E-04
5.4422E-05 2.0000E-04
5.4087E-05 2.0000E-04
6.6112E-05 2.0000E-04
6.6743E-05 2.0000E-04
7.4143E-05 2.0000E-04
5.7057E-05 2.0000E-04
5.5919E-05 2.0000E-04
9.5968E-05 2.0000E-04
5.8890E-05 2.0000E-04
5.3571E-05 2.0000E-04
7.0419E-05 2.0000E-04
8.8673E-05 2.0000E-04
8.0793E-05 2.0000E-04
7.4910E-05 2.0000E-04
5.8396E-05 2.0000E-04
5.6431E-05 2.0000E-04
8.4844E-05 2.0000E-04
6.5712E-05 2.0000E-04
5.6338E-05 2.0000E-04
7.7414E-05 2.0000E-04
9.2589E-05 2.0000E-04
6.1424E-05 2.0000E-04
6.1403E-05 2.0000E-04
6.9434E-05 2.0000E-04
6.7606E-05 2.0000E-04
8.4365E-05 2.0000E-04
6.0048E-05 2.0000E-04
5.9572E-05 2.0000E-04
8.7908E-05 2.0000E-04
5.9436E-05 2.0000E-04
5.8385E-05 2.0000E-04
8.5856E-05 2.0000E-04
7.0619E-05 2.0000E-04
8.1524E-05 2.0000E-04
7.1463E-05 2.0000E-04
6.2825E-05 2.0000E-04
6.1854E-05 2.0000E-04
8.4485E-05 2.0000E-04
6.2453E-05 2.0000E-04
6.3098E-05 2.0000E-04
8.2233E-05 2.0000E-04
6.4732E-05 2.0000E-04
6.8291E-05 2.0000E-04
8.3435E-05 2.0000E-04
7.4278E-05 2.0000E-04
7.3630E-05 2.0000E-04
8.6494E-05 2.0000E-04
7.4571E-05 2.0000E-04
6.9908E-05 2.0000E-04
9.0250E-05 2.0000E-04
9.9508E-05 2.0000E-04
7.9855E-05 2.0000E-04
1.1305E-04 2.0000E-04
9.9486E-05 2.0000E-04
8.9245E-05 2.0000E-04
9.5443E-05 2.0000E-04
1.0559E-04 2.0000E-04
9.3258E-05 2.0000E-04
1.8577E-04 2.0000E-04
1.4001E-04 2.0000E-04
1.3956E-04 2.0000E-04
8.7568E-05 2.0000E-04
9.5003E-05 2.0000E-04
1.3084E-04 2.0000E-04
1.4061E-04 2.0000E-04
1.1585E-04 2.0000E-04
1.2004E-04 2.0000E-04
1.7418E-04 2.0000E-04
1.1982E-04 2.0000E-04
1.0837E-04 2.0000E-04
1.0911E-04 2.0000E-04
1.6802E-04 2.0000E-04
1.0408E-04 2.0000E-04
1.0629E-04 2.0000E-04
1.2247E-04 2.0000E-04
1.0583E-04 2.0000E-04
1.2972E-04 2.0000E-04
1.0548E-04 2.0000E-04
8.8213E-05 2.0000E-04
1.1155E-04 2.0000E-04
1.8785E-04 2.0000E-04
9.6432E-05 2.0000E-04
9.7126E-05 2.0000E-04
1.2446E-04 2.0000E-04
8.2959E-05 2.0000E-04
1.0431E-04 2.0000E-04
1.0486E-04 2.0000E-04
9.1659E-05 2.0000E-04
9.9785E-05 2.0000E-04
8.9272E-05 2.0000E-04
7.5016E-05 2.0000E-04
8.5332E-05 2.0000E-04
1.2939E-04 2.0000E-04
6.6520E-05 2.0000E-04
8.1691E-05 2.0000E-04
1.0844E-04 2.0000E-04
6.3907E-05 2.0000E-04
7.2505E-05 2.0000E-04
6.7921E-05 2.0000E-04
8.5031E-05 2.0000E-04
6.3670E-05 2.0000E-04
5.1496E-05 2.0000E-04
5.5689E-05 2.0000E-04
1.2024E-04 2.0000E-04
5.2278E-05 2.0000E-04
4.0172E-05 2.0000E-04
4.7885E-05 2.0000E-04
8.0009E-05 2.0000E-04
5.0313E-05 2.0000E-04
3.7708E-05 2.0000E-04
4.6197E-05 2.0000E-04
6.4110E-05 2.0000E-04
4.5047E-05 2.0000E-04
4.0407E-05 2.0000E-04
5.0899E-05 2.0000E-04
4.7587E-05 2.0000E-04
4.5868E-05 2.0000E-04
5.1826E-05 2.0000E-04
5.0495E-05 2.0000E-04
4.7926E-05 2.0000E-04
7.8263E-05 2.0000E-04
4.4445E-05 2.0000E-04
4.4013E-05 2.0000E-04
5.3480E-05 2.0000E-04
1.1625E-04 2.0000E-04
4.5782E-05 2.0000E-04
3.9819E-05 2.0000E-04
4.9260E-05 2.0000E-04
7.8361E-05 2.0000E-04
6.3359E-05 2.0000E-04
4.1624E-05 2.0000E-04
5.5872E-05 2.0000E-04
6.6663E-05 2.0000E-04
5.0923E-05 2.0000E-04
8.9055E-05 2.0000E-04
5.3651E-05 2.0000E-04
4.7109E-05 2.0000E-04
5.3882E-05 2.0000E-04
9.0678E-05 2.0000E-04
4.9263E-05 2.0000E-04
4.2051E-05 2.0000E-04
4.9402E-05 2.0000E-04
9.7722E-05 2.0000E-04
5.0830E-05 2.0000E-04
4.0157E-05 2.0000E-04
5.9283E-05 2.0000E-04
8.9482E-05 2.0000E-04
5.3658E-05 2.0000E-04
4.4170E-05 2.0000E-04
4.9861E-05 2.0000E-04
1.4095E-04 2.0000E-04
4.6664E-05 2.0000E-04
3.9191E-05 2.0000E-04
5.0832E-05 2.0000E-04
1.0883E-04 2.0000E-04
5.7614E-05 2.0000E-04
4.7488E-05 2.0000E-04
6.1933E-05 2.0000E-04
7.8737E-05 2.0000E-04
5.7996E-05 2.0000E-04
5.4746E-05 2.0000E-04
6.3807E-05 2.0000E-04
7.3157E-05 2.0000E-04
7.7538E-05 2.0000E-04
5.5321E-05 2.0000E-04
6.0990E-05 2.0000E-04
9.5665E-05 2.0000E-04
7.2020E-05 2.0000E-04
7.8362E-05 2.0000E-04
1.1277E-04 2.0000E-04
9.5317E-05 2.0000E-04
1.0468E-04 2.0000E-04
8.2981E-05 2.0000E-04
9.6554E-05 2.0000E-04
1.3312E-04 2.0000E-04
1.0161E-04 2.0000E-04
9.6924E-05 2.0000E-04
1.4077E-04 2.0000E-04
1.2908E-04 2.0000E-04
1.4089E-04 2.0000E-04
1.2787E-04 2.0000E-04
1.3518E-04 2.0000E-04
1.2609E-04 2.0000E-04
1.7941E-04 2.0000E-04
1.5237E-04 2.0000E-04
1.4192E-04 2.0000E-04
1.5109E-04 2.0000E-04
1.9618E-04 2.0000E-04
1.4411E-04 2.0000E-04
1.7351E-04 2.0000E-04
1.2448E-04 2.0000E-04
1.3460E-04 2.0000E-04
2.0285E-04 2.0000E-04
1.3353E-04 2.0000E-04
1.3802E-04 2.0000E-04
1.3507E-04 2.0000E-04
1.2879E-04 2.0000E-04
1.4314E-04 2.0000E-04
1.2637E-04 2.0000E-04
1.1294E-04 2.0000E-04
1.4822E-04 2.0000E-04
1.3871E-04 2.0000E-04
1.0405E-04 2.0000E-04
1.1666E-04 2.0000E-04
1.6087E-04 2.0000E-04
1.3161E-04 2.0000E-04
1.6586E-04 2.0000E-04
1.1493E-04 2.0000E-04
1.1034E-04 2.0000E-04
1.3367E-04 2.0000E-04
1.9056E-04 2.0000E-04
1.0812E-04 2.0000E-04
1.0719E-04 2.0000E-04
1.2635E-04 2.0000E-04
2.3869E-04 2.0000E-04
9.5607E-05 2.0000E-04
8.7590E-05 2.0000E-04
1.0349E-04 2.0000E-04
2.3155E-04 2.0000E-04
9.3684E-05 2.0000E-04
7.0663E-05 2.0000E-04
8.5098E-05 2.0000E-04
1.6453E-04 2.0000E-04
8.2937E-05 2.0000E-04
6.6467E-05 2.0000E-04
8.3754E-05 2.0000E-04
1.2235E-04 2.0000E-04
7.0788E-05 2.0000E-04
6.4539E-05 2.0000E-04
7.7427E-05 2.0000E-04
9.0721E-05 2.0000E-04
1.0065E-04 2.0000E-04
6.9902E-05 2.0000E-04
7.0697E-05 2.0000E-04
1.0338E-04 2.0000E-04
7.6145E-05 2.0000E-04
7.6827E-05 2.0000E-04
9.8304E-05 2.0000E-04
7.9590E-05 2.0000E-04
7.3989E-05 2.0000E-04
1.0111E-04 2.0000E-04
9.2007E-05 2.0000E-04
8.6136E-05 2.0000E-04
8.5639E-05 2.0000E-04
9.2830E-05 2.0000E-04
9.7965E-05 2.0000E-04
1.2187E-04 2.0000E-04
9.3229E-05 2.0000E-04
9.2602E-05 2.0000E-04
9.5525E-05 2.0000E-04
1.4532E-04 2.0000E-04
9.0413E-05 2.0000E-04
8.8864E-05 2.0000E-04
1.1160E-04 2.0000E-04
1.5926E-04 2.0000E-04
1.0590E-04 2.0000E-04
1.8174E-04 2.0000E-04
1.0288E-04 2.0000E-04
8.1245E-05 2.0000E-04
1.0159E-04 2.0000E-04
1.4176E-04 2.0000E-04
1.1051E-04 2.0000E-04
9.6319E-05 2.0000E-04
1.2147E-04 2.0000E-04
1.2013E-04 2.0000E-04
1.3301E-04 2.0000E-04
9.9624E-05 2.0000E-04
1.1206E-04 2.0000E-04
1.0337E-04 2.0000E-04
1.2320E-04 2.0000E-04
1.1083E-04 2.0000E-04
9.7942E-05 2.0000E-04
9.9058E-05 2.0000E-04
1.6367E-04 2.0000E-04
9.0184E-05 2.0000E-04
8.4834E-05 2.0000E-04
9.3235E-05 2.0000E-04
1.3672E-04 2.0000E-04
1.0254E-04 2.0000E-04
8.8371E-05 2.0000E-04
1.0553E-04 2.0000E-04
1.4674E-04 2.0000E-04
8.5680E-05 2.0000E-04
1.2930E-04 2.0000E-04
1.1438E-04 2.0000E-04
8.7095E-05 2.0000E-04
1.1919E-04 2.0000E-04
1.3755E-04 2.0000E-04
9.2719E-05 2.0000E-04
8.6998E-05 2.0000E-04
1.0207E-04 2.0000E-04
9.2567E-05 2.0000E-04
1.7873E-04 2.0000E-04
8.4813E-05 2.0000E-04
7.5255E-05 2.0000E-04
9.4354E-05 2.0000E-04
2.0459E-04 2.0000E-04
8.5894E-05 2.0000E-04
6.9488E-05 2.0000E-04
9.2071E-05 2.0000E-04
1.2733E-04 2.0000E-04
7.9340E-05 2.0000E-04
7.7174E-05 2.0000E-04
9.0857E-05 2.0000E-04
9.5296E-05 2.0000E-04
9.4705E-05 2.0000E-04
6.9731E-05 2.0000E-04
7.3995E-05 2.0000E-04
1.0218E-04 2.0000E-04
7.2813E-05 2.0000E-04
7.0872E-05 2.0000E-04
8.5717E-05 2.0000E-04
7.3405E-05 2.0000E-04
8.0276E-05 2.0000E-04
8.2152E-05 2.0000E-04
6.6600E-05 2.0000E-04
7.2993E-05 2.0000E-04
9.8557E-05 2.0000E-04
6.4937E-05 2.0000E-04
5.7024E-05 2.0000E-04
7.2786E-05 2.0000E-04
6.6222E-05 2.0000E-04
1.0937E-04 2.0000E-04
5.4086E-05 2.0000E-04
4.8810E-05 2.0000E-04
5.8919E-05 2.0000E-04
1.2718E-04 2.0000E-04
5.4408E-05 2.0000E-04
4.4320E-05 2.0000E-04
5.6635E-05 2.0000E-04
9.8832E-05 2.0000E-04
6.0428E-05 2.0000E-04
5.1717E-05 2.0000E-04
7.0412E-05 2.0000E-04
6.3059E-05 2.0000E-04
6.0915E-05 2.0000E-04
6.9142E-05 2.0000E-04
5.7082E-05 2.0000E-04
5.8541E-05 2.0000E-04
7.3070E-05 2.0000E-04
6.3767E-05 2.0000E-04
5.3790E-05 2.0000E-04
5.7693E-05 2.0000E-04
9.1791E-05 2.0000E-04
5.1455E-05 2.0000E-04
4.8359E-05 2.0000E-04
5.7166E-05 2.0000E-04
1.0176E-04 2.0000E-04
4.6591E-05 2.0000E-04
4.5970E-05 2.0000E-04
5.4491E-05 2.0000E-04
1.2068E-04 2.0000E-04
4.6677E-05 2.0000E-04
3.7668E-05 2.0000E-04
4.9150E-05 2.0000E-04
6.9351E-05 2.0000E-04
6.5247E-05 2.0000E-04
3.8615E-05 2.0000E-04
4.9646E-05 2.0000E-04
5.9363E-05 2.0000E-04
5.2247E-05 2.0000E-04
7.6291E-05 2.0000E-04
4.5236E-05 2.0000E-04
4.5313E-05 2.0000E-04
6.0115E-05 2.0000E-04
6.7885E-05 2.0000E-04
4.8893E-05 2.0000E-04
5.4503E-05 2.0000E-04
6.8583E-05 2.0000E-04
6.7037E-05 2.0000E-04
7.1490E-05 2.0000E-04
5.9930E-05 2.0000E-04
6.6540E-05 2.0000E-04
7.7533E-05 2.0000E-04
6.5173E-05 2.0000E-04
6.8985E-05 2.0000E-04
7.4446E-05 2.0000E-04
7.2155E-05 2.0000E-04
8.4869E-05 2.0000E-04
7.4333E-05 2.0000E-04
7.3599E-05 2.0000E-04
6.7329E-05 2.0000E-04
6.6347E-05 2.0000E-04
8.4599E-05 2.0000E-04
5.4952E-05 2.0000E-04
5.4711E-05 2.0000E-04
8.0140E-05 2.0000E-04
6.6254E-05 2.0000E-04
5.1823E-05 2.0000E-04
5.9644E-05 2.0000E-04
6.4999E-05 2.0000E-04
5.7300E-05 2.0000E-04
8.5805E-05 2.0000E-04
5.9873E-05 2.0000E-04
5.7768E-05 2.0000E-04
6.5877E-05 2.0000E-04
1.0463E-04 2.0000E-04
4.8238E-05 2.0000E-04
4.4653E-05 2.0000E-04
5.4865E-05 2.0000E-04
1.1427E-04 2.0000E-04
5.4949E-05 2.0000E-04
4.7760E-05 2.0000E-04
6.3570E-05 2.0000E-04
1.1030E-04 2.0000E-04
6.5972E-05 2.0000E-04
5.9600E-05 2.0000E-04
7.4266E-05 2.0000E-04
1.3903E-04 2.0000E-04
8.0008E-05 2.0000E-04
7.2911E-05 2.0000E-04
1.0209E-04 2.0000E-04
1.7297E-04 2.0000E-04
1.5332E-04 2.0000E-04
1.3947E-04 2.0000E-04
1.1802E-04 2.0000E-04
1.3797E-04 2.0000E-04
1.9311E-04 2.0000E-04
1.5239E-04 2.0000E-04
1.8721E-04 2.0000E-04
1.8839E-04 2.0000E-04
1.5254E-04 2.0000E-04
1.3417E-04 2.0000E-04
2.3112E-04 2.0000E-04
1.5776E-04 2.0000E-04
1.3500E-04 2.0000E-04
1.1828E-04 2.0000E-04
1.6372E-04 2.0000E-04
1.1670E-04 2.0000E-04
1.1241E-04 2.0000E-04
1.3349E-04 2.0000E-04
1.1262E-04 2.0000E-04
1.1625E-04 2.0000E-04
1.3791E-04 2.0000E-04
9.5850E-05 2.0000E-04
8.5595E-05 2.0000E-04
1.2303E-04 2.0000E-04
8.9453E-05 2.0000E-04
8.6322E-05 2.0000E-04
1.2850E-04 2.0000E-04
7.9235E-05 2.0000E-04
7.9166E-05 2.0000E-04
9.4057E-05 2.0000E-04
1.7937E-04 2.0000E-04
7.0514E-05 2.0000E-04
6.1410E-05 2.0000E-04
7.2951E-05 2.0000E-04
1.1683E-04 2.0000E-04
8.4868E-05 2.0000E-04
5.3624E-05 2.0000E-04
6.8897E-05 2.0000E-04
9.4612E-05 2.0000E-04
6.8755E-05 2.0000E-04
9.3088E-05 2.0000E-04
6.0382E-05 2.0000E-04
5.3102E-05 2.0000E-04
8.7065E-05 2.0000E-04
8.8569E-05 2.0000E-04
4.9230E-05 2.0000E-04
3.9520E-05 2.0000E-04
5.0916E-05 2.0000E-04
1.2322E-04 2.0000E-04
4.7888E-05 2.0000E-04
3.9177E-05 2.0000E-04
5.0111E-05 2.0000E-04
8.3001E-05 2.0000E-04
4.8179E-05 2.0000E-04
3.8476E-05 2.0000E-04
6.2092E-05 2.0000E-04
6.6460E-05 2.0000E-04
4.9380E-05 2.0000E-04
6.5744E-05 2.0000E-04
7.2777E-05 2.0000E-04
5.3527E-05 2.0000E-04
5.6611E-05 2.0000E-04
6.1188E-05 2.0000E-04
5.1342E-05 2.0000E-04
7.8252E-05 2.0000E-04
6.7960E-05 2.0000E-04
4.7315E-05 2.0000E-04
4.5070E-05 2.0000E-04
6.2773E-05 2.0000E-04
5.3928E-05 2.0000E-04
1.1141E-04 2.0000E-04
4.9096E-05 2.0000E-04
4.7803E-05 2.0000E-04
7.3188E-05 2.0000E-04
5.4790E-05 2.0000E-04
4.4667E-05 2.0000E-04
6.3581E-05 2.0000E-04
5.8662E-05 2.0000E-04
5.1978E-05 2.0000E-04
6.8336E-05 2.0000E-04
6.0267E-05 2.0000E-04
5.2752E-05 2.0000E-04
5.9867E-05 2.0000E-04
1.1005E-04 2.0000E-04
8.8235E-05 2.0000E-04
5.5287E-05 2.0000E-04
4.8558E-05 2.0000E-04
6.4811E-05 2.0000E-04
1.1038E-04 2.0000E-04
6.6950E-05 2.0000E-04
5.1197E-05 2.0000E-04
6.7979E-05 2.0000E-04
9.0030E-05 2.0000E-04
7.5952E-05 2.0000E-04
1.2013E-04 2.0000E-04
9.8156E-05 2.0000E-04
5.9742E-05 2.0000E-04
6.9416E-05 2.0000E-04
9.3543E-05 2.0000E-04
1.3424E-04 2.0000E-04
8.8020E-05 2.0000E-04
6.5543E-05 2.0000E-04
1.2934E-04 2.0000E-04
1.5424E-04 2.0000E-04
8.0995E-05 2.0000E-04
8.5922E-05 2.0000E-04
9.2186E-05 2.0000E-04
1.4355E-04 2.0000E-04
1.7428E-04 2.0000E-04
7.1700E-05 2.0000E-04
9.4316E-05 2.0000E-04
1.2740E-04 2.0000E-04
1.0747E-04 2.0000E-04
1.1728E-04 2.0000E-04
1.2282E-04 2.0000E-04
8.7209E-05 2.0000E-04
9.1213E-05 2.0000E-04
1.3370E-04 2.0000E-04
8.8914E-05 2.0000E-04
8.6355E-05 2.0000E-04
9.9094E-05 2.0000E-04
8.2343E-05 2.0000E-04
1.3787E-04 2.0000E-04
8.6061E-05 2.0000E-04
7.1154E-05 2.0000E-04
1.0321E-04 2.0000E-04
1.2007E-04 2.0000E-04
7.4697E-05 2.0000E-04
6.1715E-05 2.0000E-04
8.9231E-05 2.0000E-04
9.1911E-05 2.0000E-04
8.5410E-05 2.0000E-04
5.8500E-05 2.0000E-04
6.0573E-05 2.0000E-04
8.8504E-05 2.0000E-04
8.9392E-05 2.0000E-04
5.6688E-05 2.0000E-04
5.5785E-05 2.0000E-04
7.0782E-05 2.0000E-04
7.5937E-05 2.0000E-04
7.1022E-05 2.0000E-04
5.6602E-05 2.0000E-04
6.1807E-05 2.0000E-04
8.8759E-05 2.0000E-04
5.4535E-05 2.0000E-04
5.5006E-05 2.0000E-04
7.2835E-05 2.0000E-04
6.4702E-05 2.0000E-04
7.3146E-05 2.0000E-04
5.8679E-05 2.0000E-04
5.1822E-05 2.0000E-04
7.7950E-05 2.0000E-04
6.3912E-05 2.0000E-04
5.5530E-05 2.0000E-04
6.4331E-05 2.0000E-04
5.9385E-05 2.0000E-04
4.9134E-05 2.0000E-04
7.0511E-05 2.0000E-04
6.8036E-05 2.0000E-04
5.3992E-05 2.0000E-04
6.3472E-05 2.0000E-04
7.9786E-05 2.0000E-04
5.9004E-05 2.0000E-04
7.0430E-05 2.0000E-04
8.3437E-05 2.0000E-04
7.6199E-05 2.0000E-04
1.1177E-04 2.0000E-04
9.2702E-05 2.0000E-04
6.5932E-05 2.0000E-04
6.8293E-05 2.0000E-04
9.2239E-05 2.0000E-04
1.8080E-04 2.0000E-04
9.2255E-05 2.0000E-04
8.4879E-05 2.0000E-04
2.5284E-04 2.0000E-04
1.5713E-04 2.0000E-04
9.8157E-05 2.0000E-04
1.9160E-04 2.0000E-04
1.3656E-04 2.0000E-04
1.5705E-04 2.0000E-04
2.8223E-04 2.0000E-04
1.7027E-04 2.0000E-04
3.6663E-04 2.0000E-04
2.4306E-04 2.0000E-04
1.4571E-04 2.0000E-04
2.0389E-04 2.0000E-04
2.3012E-04 2.0000E-04
4.9349E-04 2.0000E-04
1.6930E-04 2.0000E-04
1.6851E-04 2.0000E-04
3.4825E-04 2.0000E-04
2.0367E-04 2.0000E-04
1.3365E-04 2.0000E-04
1.7467E-04 2.0000E-04
2.1715E-04 2.0000E-04
1.7672E-04 2.0000E-04
2.4496E-04 2.0000E-04
1.4791E-04 2.0000E-04
1.3384E-04 2.0000E-04
1.7070E-04 2.0000E-04
2.1788E-04 2.0000E-04
1.2484E-04 2.0000E-04
1.1809E-04 2.0000E-04
1.9120E-04 2.0000E-04
1.3750E-04 2.0000E-04
1.3619E-04 2.0000E-04
1.3357E-04 2.0000E-04
1.3734E-04 2.0000E-04
1.8771E-04 2.0000E-04
1.3860E-04 2.0000E-04
1.2490E-04 2.0000E-04
1.3658E-04 2.0000E-04
3.4548E-04 2.0000E-04
1.3086E-04 2.0000E-04
9.8014E-05 2.0000E-04
1.2484E-04 2.0000E-04
2.4420E-04 2.0000E-04
1.2295E-04 2.0000E-04
9.3870E-05 2.0000E-04
1.2942E-04 2.0000E-04
2.1792E-04 2.0000E-04
1.2907E-04 2.0000E-04
1.1247E-04 2.0000E-04
1.4068E-04 2.0000E-04
1.7613E-04 2.0000E-04
1.3981E-04 2.0000E-04
1.0681E-04 2.0000E-04
1.1528E-04 2.0000E-04
1.7569E-04 2.0000E-04
1.1108E-04 2.0000E-04
1.0299E-04 2.0000E-04
1.3313E-04 2.0000E-04
1.6164E-04 2.0000E-04
9.5462E-05 2.0000E-04
9.2683E-05 2.0000E-04
1.1108E-04 2.0000E-04
1.0935E-04 2.0000E-04
1.6966E-04 2.0000E-04
8.4006E-05 2.0000E-04
7.2012E-05 2.0000E-04
8.6295E-05 2.0000E-04
1.8320E-04 2.0000E-04
7.1095E-05 2.0000E-04
5.8428E-05 2.0000E-04
7.3444E-05 2.0000E-04
1.3100E-04 2.0000E-04
6.2177E-05 2.0000E-04
4.7285E-05 2.0000E-04
5.9215E-05 2.0000E-04
9.7966E-05 2.0000E-04
4.9265E-05 2.0000E-04
4.2919E-05 2.0000E-04
4.8821E-05 2.0000E-04
9.7943E-05 2.0000E-04
4.2109E-05 2.0000E-04
3.5975E-05 2.0000E-04
4.3708E-05 2.0000E-04
7.8749E-05 2.0000E-04
4.3188E-05 2.0000E-04
3.3347E-05 2.0000E-04
4.4193E-05 2.0000E-04
6.5087E-05 2.0000E-04
3.7727E-05 2.0000E-04
3.4443E-05 2.0000E-04
4.2940E-05 2.0000E-04
5.4452E-05 2.0000E-04
4.1401E-05 2.0000E-04
3.4969E-05 2.0000E-04
4.1178E-05 2.0000E-04
4.5332E-05 2.0000E-04
3.3663E-05 2.0000E-04
3.4454E-05 2.0000E-04
4.5380E-05 2.0000E-04
3.4753E-05 2.0000E-04
4.1793E-05 2.0000E-04
4.2088E-05 2.0000E-04
3.0703E-05 2.0000E-04
2.8715E-05 2.0000E-04
4.2541E-05 2.0000E-04
3.0939E-05 2.0000E-04
3.6453E-05 2.0000E-04
3.6117E-05 2.0000E-04
2.8488E-05 2.0000E-04
3.3402E-05 2.0000E-04
4.6173E-05 2.0000E-04
3.0431E-05 2.0000E-04
2.4908E-05 2.0000E-04
3.0756E-05 2.0000E-04
2.9809E-05 2.0000E-04
5.3282E-05 2.0000E-04
2.8693E-05 2.0000E-04
2.4426E-05 2.0000E-04
2.9469E-05 2.0000E-04
5.5986E-05 2.0000E-04
2.7545E-05 2.0000E-04
2.6158E-05 2.0000E-04
3.1885E-05 2.0000E-04
6.7600E-05 2.0000E-04
2.9290E-05 2.0000E-04
2.4325E-05 2.0000E-04
3.0809E-05 2.0000E-04
5.3374E-05 2.0000E-04
3.2022E-05 2.0000E-04
2.4788E-05 2.0000E-04
3.8044E-05 2.0000E-04
4.9990E-05 2.0000E-04
3.3773E-05 2.0000E-04
3.0273E-05 2.0000E-04
3.9076E-05 2.0000E-04
3.4857E-05 2.0000E-04
8.5433E-05 2.0000E-04
2.6371E-05 2.0000E-04
2.2930E-05 2.0000E-04
3.0154E-05 2.0000E-04
8.4350E-05 2.0000E-04
3.3462E-05 2.0000E-04
2.3127E-05 2.0000E-04
3.0498E-05 2.0000E-04
4.9446E-05 2.0000E-04
3.0117E-05 2.0000E-04
2.6076E-05 2.0000E-04
3.6555E-05 2.0000E-04
4.4425E-05 2.0000E-04
2.8135E-05 2.0000E-04
2.9166E-05 2.0000E-04
3.7622E-05 2.0000E-04
3.5556E-05 2.0000E-04
5.2520E-05 2.0000E-04
3.1599E-05 2.0000E-04
3.1002E-05 2.0000E-04
4.1993E-05 2.0000E-04
5.0480E-05 2.0000E-04
4.0688E-05 2.0000E-04
3.7265E-05 2.0000E-04
7.4140E-05 2.0000E-04
5.5283E-05 2.0000E-04
4.1083E-05 2.0000E-04
4.5117E-05 2.0000E-04
5.1783E-05 2.0000E-04
8.9646E-05 2.0000E-04
5.6925E-05 2.0000E-04
5.3791E-05 2.0000E-04
7.8190E-05 2.0000E-04
1.1556E-04 2.0000E-04
5.5507E-05 2.0000E-04
4.1490E-05 2.0000E-04
5.1393E-05 2.0000E-04
6.8617E-05 2.0000E-04
1.1988E-04 2.0000E-04
4.8334E-05 2.0000E-04
4.5689E-05 2.0000E-04
5.4104E-05 2.0000E-04
1.4493E-04 2.0000E-04
5.7154E-05 2.0000E-04
4.1851E-05 2.0000E-04
5.6011E-05 2.0000E-04
6.7022E-05 2.0000E-04
1.1083E-04 2.0000E-04
4.7670E-05 2.0000E-04
4.6177E-05 2.0000E-04
5.6289E-05 2.0000E-04
1.2796E-04 2.0000E-04
4.9512E-05 2.0000E-04
3.9034E-05 2.0000E-04
5.2943E-05 2.0000E-04
6.9531E-05 2.0000E-04
5.4475E-05 2.0000E-04
3.9983E-05 2.0000E-04
4.6449E-05 2.0000E-04
5.4253E-05 2.0000E-04
4.5268E-05 2.0000E-04
3.7833E-05 2.0000E-04
3.9884E-05 2.0000E-04
4.7943E-05 2.0000E-04
4.7132E-05 2.0000E-04
3.1007E-05 2.0000E-04
3.4525E-05 2.0000E-04
4.0827E-05 2.0000E-04
6.8061E-05 2.0000E-04
2.7274E-05 2.0000E-04
2.7133E-05 2.0000E-04
3.6794E-05 2.0000E-04
5.5625E-05 2.0000E-04
3.6575E-05 2.0000E-04
2.7386E-05 2.0000E-04
3.6148E-05 2.0000E-04
4.9922E-05 2.0000E-04
3.5283E-05 2.0000E-04
3.3059E-05 2.0000E-04
4.2449E-05 2.0000E-04
3.6035E-05 2.0000E-04
4.0397E-05 2.0000E-04
4.5405E-05 2.0000E-04
3.3927E-05 2.0000E-04
3.1612E-05 2.0000E-04
4.5794E-05 2.0000E-04
3.5177E-05 2.0000E-04
4.6120E-05 2.0000E-04
4.1628E-05 2.0000E-04
3.3290E-05 2.0000E-04
4.5491E-05 2.0000E-04
5.1537E-05 2.0000E-04
3.8314E-05 2.0000E-04
4.0085E-05 2.0000E-04
5.2630E-05 2.0000E-04
4.7692E-05 2.0000E-04
1.0446E-04 2.0000E-04
4.8539E-05 2.0000E-04
4.0859E-05 2.0000E-04
5.6767E-05 2.0000E-04
1.3733E-04 2.0000E-04
6.0404E-05 2.0000E-04
4.3914E-05 2.0000E-04
6.3940E-05 2.0000E-04
8.2322E-05 2.0000E-04
9.6862E-05 2.0000E-04
5.6178E-05 2.0000E-04
7.4187E-05 2.0000E-04
7.8546E-05 2.0000E-04
7.4676E-05 2.0000E-04
7.1983E-05 2.0000E-04
6.1834E-05 2.0000E-04
6.1313E-05 2.0000E-04
1.0074E-04 2.0000E-04
4.8368E-05 2.0000E-04
5.0526E-05 2.0000E-04
5.6496E-05 2.0000E-04
1.3150E-04 2.0000E-04
4.6299E-05 2.0000E-04
3.5873E-05 2.0000E-04
4.6003E-05 2.0000E-04
6.7991E-05 2.0000E-04
5.1279E-05 2.0000E-04
3.4445E-05 2.0000E-04
3.7621E-05 2.0000E-04
6.6121E-05 2.0000E-04
4.1014E-05 2.0000E-04
3.2981E-05 2.0000E-04
3.9757E-05 2.0000E-04
5.5150E-05 2.0000E-04
3.5495E-05 2.0000E-04
3.1557E-05 2.0000E-04
4.0119E-05 2.0000E-04
3.3143E-05 2.0000E-04
6.5156E-05 2.0000E-04
2.9477E-05 2.0000E-04
2.7854E-05 2.0000E-04
3.3182E-05 2.0000E-04
7.4354E-05 2.0000E-04
3.1662E-05 2.0000E-04
2.4012E-05 2.0000E-04
3.0166E-05 2.0000E-04
4.5790E-05 2.0000E-04
3.4839E-05 2.0000E-04
2.4413E-05 2.0000E-04
3.2096E-05 2.0000E-04
3.7888E-05 2.0000E-04
3.0151E-05 2.0000E-04
5.7239E-05 2.0000E-04
2.7514E-05 2.0000E-04
2.4926E-05 2.0000E-04
2.9796E-05 2.0000E-04
6.5956E-05 2.0000E-04
2.8499E-05 2.0000E-04
1.9884E-05 2.0000E-04
2.5467E-05 2.0000E-04
2.6524E-05 2.0000E-04
8.2958E-05 2.0000E-04
2.2983E-05 2.0000E-04
1.6129E-05 2.0000E-04
2.0996E-05 2.0000E-04
3.8761E-05 2.0000E-04
2.3790E-05 2.0000E-04
2.0686E-05 2.0000E-04
3.2129E-05 2.0000E-04
2.6293E-05 2.0000E-04
2.5390E-05 2.0000E-04
3.4626E-05 2.0000E-04
3.7705E-05 2.0000E-04
2.4391E-05 2.0000E-04
2.7368E-05 2.0000E-04
3.3112E-05 2.0000E-04
4.5872E-05 2.0000E-04
3.2486E-05 2.0000E-04
3.6343E-05 2.0000E-04
4.7388E-05 2.0000E-04
8.0061E-05 2.0000E-04
5.0505E-05 2.0000E-04
6.5930E-05 2.0000E-04
9.2613E-05 2.0000E-04
1.7455E-04 2.0000E-04
1.9425E-04 2.0000E-04
1.2309E-04 2.0000E-04
1.1322E-04 2.0000E-04
2.2370E-04 2.0000E-04
1.8753E-04 2.0000E-04
1.7649E-04 2.0000E-04
9.2807E-05 2.0000E-04
9.9677E-05 2.0000E-04
1.7684E-04 2.0000E-04
1.5507E-04 2.0000E-04
1.0886E-04 2.0000E-04
1.7134E-04 2.0000E-04
1.4748E-04 2.0000E-04
9.7523E-05 2.0000E-04
8.4848E-05 2.0000E-04
1.5360E-04 2.0000E-04
9.3529E-05 2.0000E-04
7.8221E-05 2.0000E-04
1.1484E-04 2.0000E-04
9.3955E-05 2.0000E-04
7.9044E-05 2.0000E-04
1.0492E-04 2.0000E-04
1.3372E-04 2.0000E-04
6.8923E-05 2.0000E-04
5.7743E-05 2.0000E-04
6.8069E-05 2.0000E-04
1.0120E-04 2.0000E-04
1.0959E-04 2.0000E-04
4.5481E-05 2.0000E-04
4.2891E-05 2.0000E-04
5.6655E-05 2.0000E-04
1.3698E-04 2.0000E-04
5.1567E-05 2.0000E-04
3.9404E-05 2.0000E-04
4.6376E-05 2.0000E-04
5.9096E-05 2.0000E-04
1.1133E-04 2.0000E-04
3.5869E-05 2.0000E-04
3.5116E-05 2.0000E-04
4.5028E-05 2.0000E-04
9.0245E-05 2.0000E-04
4.0281E-05 2.0000E-04
3.1277E-05 2.0000E-04
4.3113E-05 2.0000E-04
6.5354E-05 2.0000E-04
4.1247E-05 2.0000E-04
3.1302E-05 2.0000E-04
4.4719E-05 2.0000E-04
3.7125E-05 2.0000E-04
3.2496E-05 2.0000E-04
5.7464E-05 2.0000E-04
3.1723E-05 2.0000E-04
2.9428E-05 2.0000E-04
3.2521E-05 2.0000E-04
6.2269E-05 2.0000E-04
3.0947E-05 2.0000E-04
2.6416E-05 2.0000E-04
3.0104E-05 2.0000E-04
5.3559E-05 2.0000E-04
2.7574E-05 2.0000E-04
2.4054E-05 2.0000E-04
3.2219E-05 2.0000E-04
5.5829E-05 2.0000E-04
2.7394E-05 2.0000E-04
2.3233E-05 2.0000E-04
2.6536E-05 2.0000E-04
3.9393E-05 2.0000E-04
4.8421E-05 2.0000E-04
2.0329E-05 2.0000E-04
2.1420E-05 2.0000E-04
2.6308E-05 2.0000E-04
7.0855E-05 2.0000E-04
2.3712E-05 2.0000E-04
1.9932E-05 2.0000E-04
2.5431E-05 2.0000E-04
3.4042E-05 2.0000E-04
4.8218E-05 2.0000E-04
1.9523E-05 2.0000E-04
2.1515E-05 2.0000E-04
2.6754E-05 2.0000E-04
6.0729E-05 2.0000E-04
2.5180E-05 2.0000E-04
1.9833E-05 2.0000E-04
2.5903E-05 2.0000E-04
3.7499E-05 2.0000E-04
3.0017E-05 2.0000E-04
2.1477E-05 2.0000E-04
3.1370E-05 2.0000E-04
3.8221E-05 2.0000E-04
3.0424E-05 2.0000E-04
5.2463E-05 2.0000E-04
3.1477E-05 2.0000E-04
2.5702E-05 2.0000E-04
3.3716E-05 2.0000E-04
5.2608E-05 2.0000E-04
2.9019E-05 2.0000E-04
2.2577E-05 2.0000E-04
2.9171E-05 2.0000E-04
3.2403E-05 2.0000E-04
6.6142E-05 2.0000E-04
2.4457E-05 2.0000E-04
2.3085E-05 2.0000E-04
3.0879E-05 2.0000E-04
6.5895E-05 2.0000E-04
3.2775E-05 2.0000E-04
2.7441E-05 2.0000E-04
3.6792E-05 2.0000E-04
6.7417E-05 2.0000E-04
3.8977E-05 2.0000E-04
3.1212E-05 2.0000E-04
3.9547E-05 2.0000E-04
7.3019E-05 2.0000E-04
4.2999E-05 2.0000E-04
4.0254E-05 2.0000E-04
4.9200E-05 2.0000E-04
1.0585E-04 2.0000E-04
4.8608E-05 2.0000E-04
5.3531E-05 2.0000E-04
6.1390E-05 2.0000E-04
5.9938E-05 2.0000E-04
8.7682E-05 2.0000E-04
7.2867E-05 2.0000E-04
5.8173E-05 2.0000E-04
7.1827E-05 2.0000E-04
1.1334E-04 2.0000E-04
8.0453E-05 2.0000E-04
1.1729E-04 2.0000E-04
1.0114E-04 2.0000E-04
6.9386E-05 2.0000E-04
8.5646E-05 2.0000E-04
8.7496E-05 2.0000E-04
1.0123E-04 2.0000E-04
1.1325E-04 2.0000E-04
9.7231E-05 2.0000E-04
1.0859E-04 2.0000E-04
1.2171E-04 2.0000E-04
8.1264E-05 2.0000E-04
9.0740E-05 2.0000E-04
1.0924E-04 2.0000E-04
1.0394E-04 2.0000E-04
2.2085E-04 2.0000E-04
9.8874E-05 2.0000E-04
8.5659E-05 2.0000E-04
1.1889E-04 2.0000E-04
2.3372E-04 2.0000E-04
1.0644E-04 2.0000E-04
9.3494E-05 2.0000E-04
1.2113E-04 2.0000E-04
1.7229E-04 2.0000E-04
1.0921E-04 2.0000E-04
1.0444E-04 2.0000E-04
1.3715E-04 2.0000E-04
1.2767E-04 2.0000E-04
1.1291E-04 2.0000E-04
1.1819E-04 2.0000E-04
1.1083E-04 2.0000E-04
1.5795E-04 2.0000E-04
1.2013E-04 2.0000E-04
1.0413E-04 2.0000E-04
1.2824E-04 2.0000E-04
1.2862E-04 2.0000E-04
1.0510E-04 2.0000E-04
1.4565E-04 2.0000E-04
1.3414E-04 2.0000E-04
1.1351E-04 2.0000E-04
1.7790E-04 2.0000E-04
1.5822E-04 2.0000E-04
1.1926E-04 2.0000E-04
1.3911E-04 2.0000E-04
1.8063E-04 2.0000E-04
1.6270E-04 2.0000E-04
2.4141E-04 2.0000E-04
1.2350E-04 2.0000E-04
1.1600E-04 2.0000E-04
1.5028E-04 2.0000E-04
1.6947E-04 2.0000E-04
2.7112E-04 2.0000E-04
9.2924E-05 2.0000E-04
9.5158E-05 2.0000E-04
1.1995E-04 2.0000E-04
2.0291E-04 2.0000E-04
1.0180E-04 2.0000E-04
8.0809E-05 2.0000E-04
9.3726E-05 2.0000E-04
1.6774E-04 2.0000E-04
8.2745E-05 2.0000E-04
7.3703E-05 2.0000E-04
8.9397E-05 2.0000E-04
1.7130E-04 2.0000E-04
7.6654E-05 2.0000E-04
6.1877E-05 2.0000E-04
7.7407E-05 2.0000E-04
1.1938E-04 2.0000E-04
9.3515E-05 2.0000E-04
5.9585E-05 2.0000E-04
7.6313E-05 2.0000E-04
8.8025E-05 2.0000E-04
7.8323E-05 2.0000E-04
1.7436E-04 2.0000E-04
6.7101E-05 2.0000E-04
5.7295E-05 2.0000E-04
7.7265E-05 2.0000E-04
1.1913E-04 2.0000E-04
8.6819E-05 2.0000E-04
7.1351E-05 2.0000E-04
1.3536E-04 2.0000E-04
1.1384E-04 2.0000E-04
9.6777E-05 2.0000E-04
1.2894E-04 2.0000E-04
1.6054E-04 2.0000E-04
1.2025E-04 2.0000E-04
1.2181E-04 2.0000E-04
1.1081E-04 2.0000E-04
1.0862E-04 2.0000E-04
1.3716E-04 2.0000E-04
1.1989E-04 2.0000E-04
9.8632E-05 2.0000E-04
1.0671E-04 2.0000E-04
1.6604E-04 2.0000E-04
8.6888E-05 2.0000E-04
7.3562E-05 2.0000E-04
8.3167E-05 2.0000E-04
1.8591E-04 2.0000E-04
6.9260E-05 2.0000E-04
5.9550E-05 2.0000E-04
7.5110E-05 2.0000E-04
1.1528E-04 2.0000E-04
7.5624E-05 2.0000E-04
5.7890E-05 2.0000E-04
7.6950E-05 2.0000E-04
7.8522E-05 2.0000E-04
7.4013E-05 2.0000E-04
1.0232E-04 2.0000E-04
6.6164E-05 2.0000E-04
6.5393E-05 2.0000E-04
7.8410E-05 2.0000E-04
1.3946E-04 2.0000E-04
7.5004E-05 2.0000E-04
6.5307E-05 2.0000E-04
7.7982E-05 2.0000E-04
1.1238E-04 2.0000E-04
1.3463E-04 2.0000E-04
6.9831E-05 2.0000E-04
8.8891E-05 2.0000E-04
1.0555E-04 2.0000E-04
1.0728E-04 2.0000E-04
1.2615E-04 2.0000E-04
9.6568E-05 2.0000E-04
1.0733E-04 2.0000E-04
1.6685E-04 2.0000E-04
1.2272E-04 2.0000E-04
1.4060E-04 2.0000E-04
1.3206E-04 2.0000E-04
1.0205E-04 2.0000E-04
1.0666E-04 2.0000E-04
1.4742E-04 2.0000E-04
1.1003E-04 2.0000E-04
1.1345E-04 2.0000E-04
1.7152E-04 2.0000E-04
1.1728E-04 2.0000E-04
8.2994E-05 2.0000E-04
1.0321E-04 2.0000E-04
1.3125E-04 2.0000E-04
9.4611E-05 2.0000E-04
1.0465E-04 2.0000E-04
1.0534E-04 2.0000E-04
8.4085E-05 2.0000E-04
9.6695E-05 2.0000E-04
1.2626E-04 2.0000E-04
8.6665E-05 2.0000E-04
8.2748E-05 2.0000E-04
9.4024E-05 2.0000E-04
9.4157E-05 2.0000E-04
9.8802E-05 2.0000E-04
7.0088E-05 2.0000E-04
6.7977E-05 2.0000E-04
9.9819E-05 2.0000E-04
9.8348E-05 2.0000E-04
6.4076E-05 2.0000E-04
6.7295E-05 2.0000E-04
8.6107E-05 2.0000E-04
7.8415E-05 2.0000E-04
9.4273E-05 2.0000E-04
7.0643E-05 2.0000E-04
7.2875E-05 2.0000E-04
1.1138E-04 2.0000E-04
7.2202E-05 2.0000E-04
7.2033E-05 2.0000E-04
8.8264E-05 2.0000E-04
8.2273E-05 2.0000E-04
9.5591E-05 2.0000E-04
7.3435E-05 2.0000E-04
7.3186E-05 2.0000E-04
1.1506E-04 2.0000E-04
7.1184E-05 2.0000E-04
7.0298E-05 2.0000E-04
8.8222E-05 2.0000E-04
1.4531E-04 2.0000E-04
6.7555E-05 2.0000E-04
6.3503E-05 2.0000E-04
7.4499E-05 2.0000E-04
1.1113E-04 2.0000E-04
7.2475E-05 2.0000E-04
6.1253E-05 2.0000E-04
7.7406E-05 2.0000E-04
8.9161E-05 2.0000E-04
7.0615E-05 2.0000E-04
9.0128E-05 2.0000E-04
8.3065E-05 2.0000E-04
6.7250E-05 2.0000E-04
7.3034E-05 2.0000E-04
1.1822E-04 2.0000E-04
8.2125E-05 2.0000E-04
7.5640E-05 2.0000E-04
1.0176E-04 2.0000E-04
9.1917E-05 2.0000E-04
1.6696E-04 2.0000E-04
8.5527E-05 2.0000E-04
8.0086E-05 2.0000E-04
9.9804E-05 2.0000E-04
2.3042E-04 2.0000E-04
9.8023E-05 2.0000E-04
7.5115E-05 2.0000E-04
9.8114E-05 2.0000E-04
1.7710E-04 2.0000E-04
9.6988E-05 2.0000E-04
8.3403E-05 2.0000E-04
1.0320E-04 2.0000E-04
1.6369E-04 2.0000E-04
9.6297E-05 2.0000E-04
8.5023E-05 2.0000E-04
1.0379E-04 2.0000E-04
1.2099E-04 2.0000E-04
1.1490E-04 2.0000E-04
9.0890E-05 2.0000E-04
1.0179E-04 2.0000E-04
1.7268E-04 2.0000E-04
1.0204E-04 2.0000E-04
1.1288E-04 2.0000E-04
1.4550E-04 2.0000E-04
1.3281E-04 2.0000E-04
1.4088E-04 2.0000E-04
1.4306E-04 2.0000E-04
1.5142E-04 2.0000E-04
1.8455E-04 2.0000E-04
2.1734E-04 2.0000E-04
3.3497E-04 2.0000E-04
2.7079E-04 2.0000E-04
1.3574E-04 2.0000E-04
1.2534E-04 2.0000E-04
2.2953E-04 2.0000E-04
3.6973E-04 2.0000E-04
1.6910E-04 2.0000E-04
1.2385E-04 2.0000E-04
2.0105E-04 2.0000E-04
1.5231E-04 2.0000E-04
1.4464E-04 2.0000E-04
1.3609E-04 2.0000E-04
1.3231E-04 2.0000E-04
1.0631E-04 2.0000E-04
9.9475E-05 2.0000E-04
1.9117E-04 2.0000E-04
9.0395E-05 2.0000E-04
8.0509E-05 2.0000E-04
9.3732E-05 2.0000E-04
1.6753E-04 2.0000E-04
8.0068E-05 2.0000E-04
7.4654E-05 2.0000E-04
9.0464E-05 2.0000E-04
8.6774E-05 2.0000E-04
8.9691E-05 2.0000E-04
7.2519E-05 2.0000E-04
6.8011E-05 2.0000E-04
9.3978E-05 2.0000E-04
7.1883E-05 2.0000E-04
6.1196E-05 2.0000E-04
6.6247E-05 2.0000E-04
1.2027E-04 2.0000E-04
5.7586E-05 2.0000E-04
4.8501E-05 2.0000E-04
5.5573E-05 2.0000E-04
9.7308E-05 2.0000E-04
7.8254E-05 2.0000E-04
4.1624E-05 2.0000E-04
4.5862E-05 2.0000E-04
5.9644E-05 2.0000E-04
1.1055E-04 2.0000E-04
4.2906E-05 2.0000E-04
4.0893E-05 2.0000E-04
5.1513E-05 2.0000E-04
9.5079E-05 2.0000E-04
4.8305E-05 2.0000E-04
3.7068E-05 2.0000E-04
4.8544E-05 2.0000E-04
7.3126E-05 2.0000E-04
4.4420E-05 2.0000E-04
3.5872E-05 2.0000E-04
4.7519E-05 2.0000E-04
4.6201E-05 2.0000E-04
4.3935E-05 2.0000E-04
4.0566E-05 2.0000E-04
3.8375E-05 2.0000E-04
4.0791E-05 2.0000E-04
7.4331E-05 2.0000E-04
3.4359E-05 2.0000E-04
3.2276E-05 2.0000E-04
3.7867E-05 2.0000E-04
7.3223E-05 2.0000E-04
3.3525E-05 2.0000E-04
2.7568E-05 2.0000E-04
3.7117E-05 2.0000E-04
7.0988E-05 2.0000E-04
3.4803E-05 2.0000E-04
2.7421E-05 2.0000E-04
3.2642E-05 2.0000E-04
3.8207E-05 2.0000E-04
5.4461E-05 2.0000E-04
2.4121E-05 2.0000E-04
2.5588E-05 2.0000E-04
3.1434E-05 2.0000E-04
7.6272E-05 2.0000E-04
2.8083E-05 2.0000E-04
2.1903E-05 2.0000E-04
2.7667E-05 2.0000E-04
3.5618E-05 2.0000E-04
5.8812E-05 2.0000E-04
2.3111E-05 2.0000E-04
2.4713E-05 2.0000E-04
2.9235E-05 2.0000E-04
7.3387E-05 2.0000E-04
2.6782E-05 2.0000E-04
2.0741E-05 2.0000E-04
2.7002E-05 2.0000E-04
3.2023E-05 2.0000E-04
4.2550E-05 2.0000E-04
2.0370E-05 2.0000E-04
2.1365E-05 2.0000E-04
2.8980E-05 2.0000E-04
5.5133E-05 2.0000E-04
2.3878E-05 2.0000E-04
2.0222E-05 2.0000E-04
2.4610E-05 2.0000E-04
3.0008E-05 2.0000E-04
6.8823E-05 2.0000E-04
2.0179E-05 2.0000E-04
1.7657E-05 2.0000E-04
2.3618E-05 2.0000E-04
3.3310E-05 2.0000E-04
2.8826E-05 2.0000E-04
1.7450E-05 2.0000E-04
2.3772E-05 2.0000E-04
2.9996E-05 2.0000E-04
2.3190E-05 2.0000E-04
2.6144E-05 2.0000E-04
2.3762E-05 2.0000E-04
2.0583E-05 2.0000E-04
2.0874E-05 2.0000E-04
3.8950E-05 2.0000E-04
2.0382E-05 2.0000E-04
1.8511E-05 2.0000E-04
2.0768E-05 2.0000E-04
2.8943E-05 2.0000E-04
3.0579E-05 2.0000E-04
1.5009E-05 2.0000E-04
1.7033E-05 2.0000E-04
2.0507E-05 2.0000E-04
5.2543E-05 2.0000E-04
1.7006E-05 2.0000E-04
1.4196E-05 2.0000E-04
1.7919E-05 2.0000E-04
2.4936E-05 2.0000E-04
2.8516E-05 2.0000E-04
1.4338E-05 2.0000E-04
1.6677E-05 2.0000E-04
1.9649E-05 2.0000E-04
4.3678E-05 2.0000E-04
1.4953E-05 2.0000E-04
1.3827E-05 2.0000E-04
1.7694E-05 2.0000E-04
3.0040E-05 2.0000E-04
1.7846E-05 2.0000E-04
1.3439E-05 2.0000E-04
2.1505E-05 2.0000E-04
2.1845E-05 2.0000E-04
1.7729E-05 2.0000E-04
2.9598E-05 2.0000E-04
1.9620E-05 2.0000E-04
1.5968E-05 2.0000E-04
2.0423E-05 2.0000E-04
3.1075E-05 2.0000E-04
1.5410E-05 2.0000E-04
1.0637E-05 2.0000E-04
1.5155E-05 2.0000E-04
1.6096E-05 2.0000E-04
5.0043E-05 2.0000E-04
1.2829E-05 2.0000E-04
8.6492E-06 2.0000E-04
1.0859E-05 2.0000E-04
2.0774E-05 2.0000E-04
1.3245E-05 2.0000E-04
1.0716E-05 2.0000E-04
1.9987E-05 2.0000E-04
1.3027E-05 2.0000E-04
1.2770E-05 2.0000E-04
1.5035E-05 2.0000E-04
2.9725E-05 2.0000E-04
1.2297E-05 2.0000E-04
9.8896E-06 2.0000E-04
1.3361E-05 2.0000E-04
1.3665E-05 2.0000E-04
3.0849E-05 2.0000E-04
1.0436E-05 2.0000E-04
8.9597E-06 2.0000E-04
1.1300E-05 2.0000E-04
1.6742E-05 2.0000E-04
1.9713E-05 2.0000E-04
8.6619E-06 2.0000E-04
9.6691E-06 2.0000E-04
1.2065E-05 2.0000E-04
2.9048E-05 2.0000E-04
9.8871E-06 2.0000E-04
8.9002E-06 2.0000E-04
1.1105E-05 2.0000E-04
1.8930E-05 2.0000E-04
1.2556E-05 2.0000E-04
8.4660E-06 2.0000E-04
1.2545E-05 2.0000E-04
1.5383E-05 2.0000E-04
1.2171E-05 2.0000E-04
1.5630E-05 2.0000E-04
1.9014E-05 2.0000E-04
1.0498E-05 2.0000E-04
7.9079E-06 2.0000E-04
9.9836E-06 2.0000E-04
1.0895E-05 2.0000E-04
2.9029E-05 2.0000E-04
8.6732E-06 2.0000E-04
7.2179E-06 2.0000E-04
1.5265E-03 2.0000E-04
1.2793E-03 2.0000E-04
5.8631E-04 2.0000E-04
4.9068E-04 2.0000E-04
6.2305E-04 2.0000E-04
3.9480E-04 2.0000E-04
2.3684E-04 2.0000E-04
1.6634E-04 2.0000E-04
2.1227E-04 2.0000E-04
1.6849E-04 2.0000E-04
1.1057E-04 2.0000E-04
1.2859E-04 2.0000E-04
1.6256E-04 2.0000E-04
2.3211E-04 2.0000E-04
8.7263E-05 2.0000E-04
8.4828E-05 2.0000E-04
1.0617E-04 2.0000E-04
1.7917E-04 2.0000E-04
9.0978E-05 2.0000E-04
6.7213E-05 2.0000E-04
9.6372E-05 2.0000E-04
1.3132E-04 2.0000E-04
8.7377E-05 2.0000E-04
6.6003E-05 2.0000E-04
9.0586E-05 2.0000E-04
7.1145E-05 2.0000E-04
7.7028E-05 2.0000E-04
1.2175E-04 2.0000E-04
6.9909E-05 2.0000E-04
5.1368E-05 2.0000E-04
5.5008E-05 2.0000E-04
1.1298E-04 2.0000E-04
5.4599E-05 2.0000E-04
4.5319E-05 2.0000E-04
6.2803E-05 2.0000E-04
9.4836E-05 2.0000E-04
5.4933E-05 2.0000E-04
4.1656E-05 2.0000E-04
4.3425E-05 2.0000E-04
1.1658E-04 2.0000E-04
3.7845E-05 2.0000E-04
3.3602E-05 2.0000E-04
4.2349E-05 2.0000E-04
1.1522E-04 2.0000E-04
3.8829E-05 2.0000E-04
2.7985E-05 2.0000E-04
3.6744E-05 2.0000E-04
4.6581E-05 2.0000E-04
7.2486E-05 2.0000E-04
3.6032E-05 2.0000E-04
3.3023E-05 2.0000E-04
3.9431E-05 2.0000E-04
6.0179E-05 2.0000E-04
3.1511E-05 2.0000E-04
3.0612E-05 2.0000E-04
3.5092E-05 2.0000E-04
6.9879E-05 2.0000E-04
3.0428E-05 2.0000E-04
2.6280E-05 2.0000E-04
3.4173E-05 2.0000E-04
5.4640E-05 2.0000E-04
3.3420E-05 2.0000E-04
2.6586E-05 2.0000E-04
3.6867E-05 2.0000E-04
3.6005E-05 2.0000E-04
3.2708E-05 2.0000E-04
6.2844E-05 2.0000E-04
2.8468E-05 2.0000E-04
2.6194E-05 2.0000E-04
3.1059E-05 2.0000E-04
4.7690E-05 2.0000E-04
2.7734E-05 2.0000E-04
2.4834E-05 2.0000E-04
3.7126E-05 2.0000E-04
4.5029E-05 2.0000E-04
2.8520E-05 2.0000E-04
2.7419E-05 2.0000E-04
3.3756E-05 2.0000E-04
3.0866E-05 2.0000E-04
8.0364E-05 2.0000E-04
2.4421E-05 2.0000E-04
1.9446E-05 2.0000E-04
2.4723E-05 2.0000E-04
4.1377E-05 2.0000E-04
3.0605E-05 2.0000E-04
2.3166E-05 2.0000E-04
3.9580E-05 2.0000E-04
2.9088E-05 2.0000E-04
2.5240E-05 2.0000E-04
3.8727E-05 2.0000E-04
3.3337E-05 2.0000E-04
2.6560E-05 2.0000E-04
3.0339E-05 2.0000E-04
5.2947E-05 2.0000E-04
2.8013E-05 2.0000E-04
2.0516E-05 2.0000E-04
2.8246E-05 2.0000E-04
2.8137E-05 2.0000E-04
6.9551E-05 2.0000E-04
2.3204E-05 2.0000E-04
1.7935E-05 2.0000E-04
2.6220E-05 2.0000E-04
3.0382E-05 2.0000E-04
3.2539E-05 2.0000E-04
2.2532E-05 2.0000E-04
2.0343E-05 2.0000E-04
2.9963E-05 2.0000E-04
2.7369E-05 2.0000E-04
2.2652E-05 2.0000E-04
3.2581E-05 2.0000E-04
2.4344E-05 2.0000E-04
2.0601E-05 2.0000E-04
2.7743E-05 2.0000E-04
3.7264E-05 2.0000E-04
2.1884E-05 2.0000E-04
2.0607E-05 2.0000E-04
2.1105E-05 2.0000E-04
2.8062E-05 2.0000E-04
3.6476E-05 2.0000E-04
1.8587E-05 2.0000E-04
1.6782E-05 2.0000E-04
1.9524E-05 2.0000E-04
3.7024E-05 2.0000E-04
1.9961E-05 2.0000E-04
1.4701E-05 2.0000E-04
1.8954E-05 2.0000E-04
2.8211E-05 2.0000E-04
2.1403E-05 2.0000E-04
1.8521E-05 2.0000E-04
2.2372E-05 2.0000E-04
1.9091E-05 2.0000E-04
2.8520E-05 2.0000E-04
2.2508E-05 2.0000E-04
1.7221E-05 2.0000E-04
1.6746E-05 2.0000E-04
3.2939E-05 2.0000E-04
1.9474E-05 2.0000E-04
1.6086E-05 2.0000E-04
1.8379E-05 2.0000E-04
1.7150E-05 2.0000E-04
3.1208E-05 2.0000E-04
1.6752E-05 2.0000E-04
1.4290E-05 2.0000E-04
1.9865E-05 2.0000E-04
2.3505E-05 2.0000E-04
1.6266E-05 2.0000E-04
1.6197E-05 2.0000E-04
1.8308E-05 2.0000E-04
1.7544E-05 2.0000E-04
3.5958E-05 2.0000E-04
1.6329E-05 2.0000E-04
1.4849E-05 2.0000E-04
1.6974E-05 2.0000E-04
2.5038E-05 2.0000E-04
1.7654E-05 2.0000E-04
1.2906E-05 2.0000E-04
1.6900E-05 2.0000E-04
1.9911E-05 2.0000E-04
1.5417E-05 2.0000E-04
1.6173E-05 2.0000E-04
1.5510E-05 2.0000E-04
1.4496E-05 2.0000E-04
1.9262E-05 2.0000E-04
1.1782E-05 2.0000E-04
1.2871E-05 2.0000E-04
1.4655E-05 2.0000E-04
2.9071E-05 2.0000E-04
1.3396E-05 2.0000E-04
1.2675E-05 2.0000E-04
1.4714E-05 2.0000E-04
2.3729E-05 2.0000E-04
1.3064E-05 2.0000E-04
1.1008E-05 2.0000E-04
1.3217E-05 2.0000E-04
1.9849E-05 2.0000E-04
1.2683E-05 2.0000E-04
1.1023E-05 2.0000E-04
1.4607E-05 2.0000E-04
1.2549E-05 2.0000E-04
1.3787E-05 2.0000E-04
1.7218E-05 2.0000E-04
1.1619E-05 2.0000E-04
1.1891E-05 2.0000E-04
1.0132E-05 2.0000E-04
