RMS Step   Target
2.8627E-04 8.0000E-04
2.8627E-03 8.0000E-04
5.7254E-03 8.0000E-04
7.1567E-03 8.0000E-04
7.1567E-03 8.0000E-04
7.1567E-03 8.0000E-04
7.1567E-03 8.0000E-04
7.1567E-03 8.0000E-04
7.1567E-03 8.0000E-04
7.1567E-03 8.0000E-04
7.1567E-03 8.0000E-04
7.1567E-03 8.0000E-04
7.1567E-03 8.0000E-04
7.1567E-03 8.0000E-04
7.1567E-03 8.0000E-04
7.1567E-03 8.0000E-04
7.1567E-03 8.0000E-04
7.1567E-03 8.0000E-04
7.1567E-03 8.0000E-04
7.1567E-03 8.0000E-04
7.1567E-03 8.0000E-04
7.1567E-03 8.0000E-04
7.1567E-03 8.0000E-04
7.1567E-03 8.0000E-04
7.1567E-03 8.0000E-04
7.1567E-03 8.0000E-04
7.1567E-03 8.0000E-04
7.1567E-03 8.0000E-04
7.1567E-03 8.0000E-04
7.1567E-03 8.0000E-04
7.1567E-03 8.0000E-04
7.1567E-03 8.0000E-04
7.1567E-03 8.0000E-04
7.1567E-03 8.0000E-04
7.1567E-03 8.0000E-04
7.1567E-03 8.0000E-04
7.1567E-03 8.0000E-04
7.1567E-03 8.0000E-04
7.1567E-03 8.0000E-04
7.1567E-03 8.0000E-04
7.1567E-03 8.0000E-04
7.1567E-03 8.0000E-04
7.1567E-03 8.0000E-04
7.1567E-03 8.0000E-04
7.1567E-03 8.0000E-04
7.1567E-03 8.0000E-04
7.1567E-03 8.0000E-04
7.1567E-03 8.0000E-04
7.1567E-03 8.0000E-04
7.1567E-03 8.0000E-04
7.1567E-03 8.0000E-04
7.1567E-03 8.0000E-04
7.1567E-03 8.0000E-04
7.1567E-03 8.0000E-04
7.1567E-03 8.0000E-04
7.1567E-03 8.0000E-04
7.1567E-03 8.0000E-04
7.1567E-03 8.0000E-04
7.1567E-03 8.0000E-04
7.1567E-03 8.0000E-04
7.1567E-03 8.0000E-04
7.1567E-03 8.0000E-04
7.1567E-03 8.0000E-04
7.1567E-03 8.0000E-04
7.1567E-03 8.0000E-04
7.1567E-03 8.0000E-04
7.1567E-03 8.0000E-04
7.1567E-03 8.0000E-04
7.1567E-03 8.0000E-04
7.1567E-03 8.0000E-04
7.1567E-03 8.0000E-04
7.1567E-03 8.0000E-04
7.1567E-03 8.0000E-04
7.1567E-03 8.0000E-04
7.1567E-03 8.0000E-04
7.1567E-03 8.0000E-04
7.1567E-03 8.0000E-04
7.1567E-03 8.0000E-04
7.1567E-03 8.0000E-04
7.1567E-03 8.0000E-04
7.1567E-03 8.0000E-04
7.1567E-03 8.0000E-04
7.1567E-03 8.0000E-04
7.1567E-03 8.0000E-04
7.1567E-03 8.0000E-04
7.1567E-03 8.0000E-04
7.1567E-03 8.0000E-04
7.1567E-03 8.0000E-04
7.1567E-03 8.0000E-04
7.1567E-03 8.0000E-04
7.1567E-03 8.0000E-04
7.1567E-03 8.0000E-04
7.1567E-03 8.0000E-04
7.1567E-03 8.0000E-04
7.1567E-03 8.0000E-04
7.1567E-03 8.0000E-04
7.1567E-03 8.0000E-04
7.1567E-03 8.0000E-04
7.1567E-03 8.0000E-04
7.1567E-03 8.0000E-04
7.1567E-03 8.0000E-04
7.1567E-03 8.0000E-04
7.1567E-03 8.0000E-04
7.1567E-03 8.0000E-04
7.1567E-03 8.0000E-04
7.1567E-03 8.0000E-04
7.1567E-03 8.0000E-04
7.1567E-03 8.0000E-04
7.1567E-03 8.0000E-04
7.1567E-03 8.0000E-04
7.1567E-03 8.0000E-04
7.1567E-03 8.0000E-04
7.1567E-03 8.0000E-04
7.1567E-03 8.0000E-04
7.1567E-03 8.0000E-04
7.1567E-03 8.0000E-04
7.1567E-03 8.0000E-04
7.1567E-03 8.0000E-04
7.1567E-03 8.0000E-04
7.1567E-03 8.0000E-04
7.1567E-03 8.0000E-04
7.1567E-03 8.0000E-04
7.1567E-03 8.0000E-04
7.1567E-03 8.0000E-04
7.1567E-03 8.0000E-04
7.1567E-03 8.0000E-04
7.1567E-03 8.0000E-04
7.1567E-03 8.0000E-04
7.1567E-03 8.0000E-04
7.1567E-03 8.0000E-04
7.1567E-03 8.0000E-04
7.1567E-03 8.0000E-04
7.1567E-03 8.0000E-04
7.1567E-03 8.0000E-04
7.1567E-03 8.0000E-04
7.1567E-03 8.0000E-04
7.1567E-03 8.0000E-04
7.1567E-03 8.0000E-04
7.1567E-03 8.0000E-04
7.1567E-03 8.0000E-04
7.1567E-03 8.0000E-04
7.1567E-03 8.0000E-04
7.1567E-03 8.0000E-04
7.1567E-03 8.0000E-04
7.1567E-03 8.0000E-04
7.1567E-03 8.0000E-04
7.1567E-03 8.0000E-04
7.1567E-03 8.0000E-04
7.1567E-03 8.0000E-04
7.1567E-03 8.0000E-04
7.1567E-03 8.0000E-04
7.1567E-03 8.0000E-04
7.1567E-03 8.0000E-04
7.1567E-03 8.0000E-04
7.1567E-03 8.0000E-04
7.1567E-03 8.0000E-04
7.1567E-03 8.0000E-04
7.1567E-03 8.0000E-04
7.1567E-03 8.0000E-04
7.1567E-03 8.0000E-04
7.1567E-03 8.0000E-04
7.1567E-03 8.0000E-04
7.1567E-03 8.0000E-04
7.1567E-03 8.0000E-04
7.1567E-03 8.0000E-04
7.1567E-03 8.0000E-04
7.1567E-03 8.0000E-04
7.1567E-03 8.0000E-04
7.1567E-03 8.0000E-04
7.1567E-03 8.0000E-04
7.1567E-03 8.0000E-04
7.1567E-03 8.0000E-04
7.1567E-03 8.0000E-04
7.1567E-03 8.0000E-04
7.1567E-03 8.0000E-04
7.1567E-03 8.0000E-04
7.1567E-03 8.0000E-04
7.1567E-03 8.0000E-04
7.1567E-03 8.0000E-04
7.1567E-03 8.0000E-04
7.1567E-03 8.0000E-04
7.1567E-03 8.0000E-04
7.1567E-03 8.0000E-04
7.1567E-03 8.0000E-04
7.1567E-03 8.0000E-04
7.1567E-03 8.0000E-04
7.1567E-03 8.0000E-04
7.1567E-03 8.0000E-04
7.1567E-03 8.0000E-04
7.1567E-03 8.0000E-04
7.1567E-03 8.0000E-04
7.1567E-03 8.0000E-04
7.1567E-03 8.0000E-04
7.1567E-03 8.0000E-04
7.1567E-03 8.0000E-04
7.1567E-03 8.0000E-04
7.1567E-03 8.0000E-04
7.1567E-03 8.0000E-04
7.1567E-03 8.0000E-04
7.1567E-03 8.0000E-04
7.1567E-03 8.0000E-04
7.1567E-03 8.0000E-04
7.1567E-03 8.0000E-04
7.1567E-03 8.0000E-04
7.1567E-03 8.0000E-04
7.1567E-03 8.0000E-04
7.1567E-03 8.0000E-04
7.1567E-03 8.0000E-04
7.1567E-03 8.0000E-04
3.8924E-03 8.0000E-04
6.4611E-03 8.0000E-04
7.1567E-03 8.0000E-04
7.1567E-03 8.0000E-04
7.1567E-03 8.0000E-04
7.1567E-03 8.0000E-04
7.1567E-03 8.0000E-04
7.1567E-03 8.0000E-04
7.1567E-03 8.0000E-04
7.1567E-03 8.0000E-04
7.1567E-03 8.0000E-04
7.1567E-03 8.0000E-04
7.1567E-03 8.0000E-04
7.1567E-03 8.0000E-04
7.1567E-03 8.0000E-04
7.1567E-03 8.0000E-04
7.1567E-03 8.0000E-04
7.1567E-03 8.0000E-04
7.1567E-03 8.0000E-04
4.9296E-03 8.0000E-04
7.1567E-03 8.0000E-04
6.1912E-03 8.0000E-04
7.1567E-03 8.0000E-04
7.1567E-03 8.0000E-04
7.1567E-03 8.0000E-04
7.1567E-03 8.0000E-04
7.1567E-03 8.0000E-04
7.1567E-03 8.0000E-04
7.1567E-03 8.0000E-04
7.1567E-03 8.0000E-04
7.1567E-03 8.0000E-04
5.5625E-03 8.0000E-04
6.7429E-03 8.0000E-04
5.0673E-03 8.0000E-04
4.7013E-03 8.0000E-04
7.1567E-03 8.0000E-04
7.1567E-03 8.0000E-04
7.1567E-03 8.0000E-04
7.1567E-03 8.0000E-04
7.1567E-03 8.0000E-04
7.1567E-03 8.0000E-04
7.1567E-03 8.0000E-04
7.0798E-03 8.0000E-04
6.7444E-03 8.0000E-04
4.3044E-03 8.0000E-04
4.3610E-03 8.0000E-04
4.7288E-03 8.0000E-04
7.1567E-03 8.0000E-04
7.1567E-03 8.0000E-04
7.1567E-03 8.0000E-04
7.1567E-03 8.0000E-04
7.1567E-03 8.0000E-04
7.1567E-03 8.0000E-04
7.1567E-03 8.0000E-04
7.1567E-03 8.0000E-04
7.1567E-03 8.0000E-04
6.1189E-03 8.0000E-04
4.6903E-03 8.0000E-04
4.7313E-03 8.0000E-04
2.9993E-03 8.0000E-04
7.1567E-03 8.0000E-04
7.1567E-03 8.0000E-04
7.1567E-03 8.0000E-04
7.1567E-03 8.0000E-04
3.9785E-03 8.0000E-04
2.6008E-03 8.0000E-04
4.3029E-03 8.0000E-04
5.4541E-03 8.0000E-04
3.6912E-03 8.0000E-04
7.1567E-03 8.0000E-04
5.2532E-03 8.0000E-04
7.1567E-03 8.0000E-04
5.5731E-03 8.0000E-04
6.6855E-03 8.0000E-04
3.3224E-03 8.0000E-04
4.9098E-03 8.0000E-04
6.0074E-03 8.0000E-04
7.1567E-03 8.0000E-04
7.1567E-03 8.0000E-04
7.1567E-03 8.0000E-04
3.0770E-03 8.0000E-04
6.6671E-03 8.0000E-04
5.1266E-03 8.0000E-04
4.0338E-03 8.0000E-04
2.0166E-03 8.0000E-04
7.1567E-03 8.0000E-04
7.1567E-03 8.0000E-04
6.3235E-03 8.0000E-04
7.1567E-03 8.0000E-04
5.9087E-03 8.0000E-04
7.1567E-03 8.0000E-04
5.1961E-03 8.0000E-04
7.1567E-03 8.0000E-04
4.8276E-03 8.0000E-04
3.2429E-03 8.0000E-04
5.8934E-03 8.0000E-04
7.1567E-03 8.0000E-04
7.1567E-03 8.0000E-04
5.3473E-03 8.0000E-04
3.7251E-03 8.0000E-04
2.4031E-03 8.0000E-04
3.4944E-03 8.0000E-04
4.2825E-03 8.0000E-04
4.9628E-03 8.0000E-04
2.8010E-03 8.0000E-04
6.6770E-03 8.0000E-04
3.5312E-03 8.0000E-04
5.9788E-03 8.0000E-04
4.5728E-03 8.0000E-04
5.9105E-03 8.0000E-04
7.1567E-03 8.0000E-04
7.1567E-03 8.0000E-04
3.3007E-03 8.0000E-04
7.1567E-03 8.0000E-04
3.1446E-03 8.0000E-04
4.6433E-03 8.0000E-04
5.8357E-03 8.0000E-04
7.1567E-03 8.0000E-04
7.1567E-03 8.0000E-04
4.7878E-03 8.0000E-04
6.4287E-03 8.0000E-04
4.0584E-03 8.0000E-04
7.1567E-03 8.0000E-04
3.2325E-03 8.0000E-04
3.1305E-03 8.0000E-04
1.2873E-03 8.0000E-04
4.1118E-03 8.0000E-04
5.1422E-03 8.0000E-04
1.4535E-03 8.0000E-04
2.7368E-03 8.0000E-04
2.1571E-03 8.0000E-04
6.2917E-03 8.0000E-04
3.4242E-03 8.0000E-04
1.5139E-03 8.0000E-04
4.0857E-03 8.0000E-04
1.9024E-03 8.0000E-04
4.1960E-03 8.0000E-04
3.1318E-03 8.0000E-04
3.5934E-03 8.0000E-04
2.6902E-03 8.0000E-04
3.9334E-03 8.0000E-04
2.4815E-03 8.0000E-04
1.8074E-03 8.0000E-04
3.8176E-03 8.0000E-04
4.9726E-03 8.0000E-04
1.4002E-03 8.0000E-04
4.5410E-03 8.0000E-04
3.2747E-03 8.0000E-04
6.7784E-03 8.0000E-04
3.3777E-03 8.0000E-04
2.5641E-03 8.0000E-04
1.9781E-03 8.0000E-04
5.1835E-03 8.0000E-04
3.2971E-03 8.0000E-04
2.7075E-03 8.0000E-04
6.7341E-03 8.0000E-04
6.1778E-03 8.0000E-04
2.6144E-03 8.0000E-04
2.1725E-03 8.0000E-04
7.1567E-03 8.0000E-04
2.8960E-03 8.0000E-04
2.5097E-03 8.0000E-04
3.7510E-03 8.0000E-04
6.5220E-03 8.0000E-04
2.6303E-03 8.0000E-04
3.9832E-03 8.0000E-04
3.7628E-03 8.0000E-04
6.3414E-03 8.0000E-04
3.6204E-03 8.0000E-04
3.0781E-03 8.0000E-04
7.0913E-03 8.0000E-04
4.7213E-03 8.0000E-04
4.7082E-03 8.0000E-04
2.8674E-03 8.0000E-04
3.7937E-03 8.0000E-04
7.1567E-03 8.0000E-04
4.6826E-03 8.0000E-04
5.8694E-03 8.0000E-04
5.5671E-03 8.0000E-04
7.1567E-03 8.0000E-04
4.5465E-03 8.0000E-04
4.8247E-03 8.0000E-04
3.4464E-03 8.0000E-04
6.8509E-03 8.0000E-04
3.9212E-03 8.0000E-04
7.1567E-03 8.0000E-04
2.2780E-03 8.0000E-04
4.2589E-03 8.0000E-04
4.4402E-03 8.0000E-04
5.2150E-03 8.0000E-04
2.4547E-03 8.0000E-04
4.4314E-03 8.0000E-04
2.0868E-03 8.0000E-04
3.7530E-03 8.0000E-04
2.2702E-03 8.0000E-04
2.8555E-03 8.0000E-04
2.7054E-03 8.0000E-04
2.2877E-03 8.0000E-04
3.2136E-03 8.0000E-04
3.3077E-03 8.0000E-04
2.6836E-03 8.0000E-04
3.9157E-03 8.0000E-04
2.2525E-03 8.0000E-04
2.7737E-03 8.0000E-04
2.8239E-03 8.0000E-04
4.1118E-03 8.0000E-04
2.3502E-03 8.0000E-04
6.7869E-03 8.0000E-04
4.3729E-03 8.0000E-04
2.0462E-03 8.0000E-04
5.8588E-03 8.0000E-04
3.4010E-03 8.0000E-04
3.0530E-03 8.0000E-04
5.1080E-03 8.0000E-04
5.5691E-03 8.0000E-04
1.9861E-03 8.0000E-04
3.4374E-03 8.0000E-04
4.1521E-03 8.0000E-04
7.1567E-03 8.0000E-04
3.6263E-03 8.0000E-04
2.6251E-03 8.0000E-04
1.6813E-03 8.0000E-04
2.7904E-03 8.0000E-04
3.8069E-03 8.0000E-04
3.4974E-03 8.0000E-04
5.9553E-03 8.0000E-04
3.0887E-03 8.0000E-04
5.4635E-03 8.0000E-04
2.7146E-03 8.0000E-04
2.6234E-03 8.0000E-04
1.1539E-03 8.0000E-04
3.4824E-03 8.0000E-04
5.3026E-03 8.0000E-04
2.0515E-03 8.0000E-04
3.0808E-03 8.0000E-04
5.9562E-03 8.0000E-04
5.3771E-03 8.0000E-04
2.9979E-03 8.0000E-04
1.1423E-03 8.0000E-04
2.5133E-03 8.0000E-04
3.3389E-03 8.0000E-04
5.3186E-03 8.0000E-04
1.5768E-03 8.0000E-04
4.5206E-03 8.0000E-04
1.4983E-03 8.0000E-04
4.1097E-03 8.0000E-04
4.2545E-03 8.0000E-04
4.2502E-03 8.0000E-04
1.2175E-03 8.0000E-04
2.8641E-03 8.0000E-04
1.2847E-03 8.0000E-04
1.3411E-03 8.0000E-04
4.5905E-03 8.0000E-04
1.8520E-03 8.0000E-04
5.9639E-04 8.0000E-04
1.5400E-03 8.0000E-04
1.6853E-03 8.0000E-04
2.6445E-03 8.0000E-04
4.9778E-03 8.0000E-04
9.5840E-04 8.0000E-04
6.7065E-04 8.0000E-04
1.9234E-03 8.0000E-04
2.6362E-03 8.0000E-04
1.4467E-03 8.0000E-04
2.0549E-03 8.0000E-04
1.9016E-03 8.0000E-04
3.8208E-03 8.0000E-04
4.0322E-03 8.0000E-04
5.7394E-04 8.0000E-04
1.5179E-03 8.0000E-04
2.3926E-03 8.0000E-04
3.7308E-03 8.0000E-04
7.1567E-03 8.0000E-04
3.5534E-03 8.0000E-04
1.2926E-03 8.0000E-04
2.6929E-03 8.0000E-04
3.6829E-03 8.0000E-04
3.4790E-03 8.0000E-04
4.0563E-03 8.0000E-04
3.4525E-03 8.0000E-04
2.4868E-03 8.0000E-04
4.3307E-03 8.0000E-04
2.8591E-03 8.0000E-04
2.2401E-03 8.0000E-04
5.8210E-03 8.0000E-04
4.2410E-03 8.0000E-04
6.9214E-04 8.0000E-04
5.1962E-03 8.0000E-04
1.6102E-03 8.0000E-04
5.0145E-03 8.0000E-04
7.1567E-03 8.0000E-04
2.1001E-03 8.0000E-04
8.5108E-04 8.0000E-04
3.6659E-03 8.0000E-04
7.1567E-03 8.0000E-04
3.9613E-03 8.0000E-04
4.9562E-03 8.0000E-04
5.7962E-03 8.0000E-04
7.1112E-03 8.0000E-04
5.9368E-03 8.0000E-04
7.1567E-03 8.0000E-04
3.5190E-03 8.0000E-04
7.1567E-03 8.0000E-04
7.0119E-03 8.0000E-04
2.3492E-03 8.0000E-04
7.1567E-03 8.0000E-04
7.1567E-03 8.0000E-04
7.1567E-03 8.0000E-04
7.1567E-03 8.0000E-04
7.1567E-03 8.0000E-04
7.1567E-03 8.0000E-04
6.5775E-03 8.0000E-04
7.1567E-03 8.0000E-04
1.3888E-03 8.0000E-04
2.8157E-03 8.0000E-04
3.8530E-03 8.0000E-04
3.5936E-03 8.0000E-04
4.9377E-03 8.0000E-04
4.1172E-03 8.0000E-04
3.1777E-03 8.0000E-04
1.8588E-03 8.0000E-04
3.0567E-03 8.0000E-04
3.1515E-03 8.0000E-04
3.0361E-03 8.0000E-04
3.7702E-03 8.0000E-04
7.1295E-03 8.0000E-04
1.8076E-03 8.0000E-04
2.8305E-03 8.0000E-04
3.5130E-03 8.0000E-04
5.5043E-03 8.0000E-04
8.2664E-04 8.0000E-04
9.7756E-04 8.0000E-04
2.5573E-03 8.0000E-04
4.9935E-03 8.0000E-04
2.7013E-03 8.0000E-04
2.9728E-03 8.0000E-04
3.3153E-03 8.0000E-04
6.3494E-03 8.0000E-04
3.1835E-03 8.0000E-04
2.9054E-03 8.0000E-04
2.6807E-03 8.0000E-04
4.2634E-03 8.0000E-04
1.7164E-03 8.0000E-04
5.3379E-03 8.0000E-04
3.3248E-03 8.0000E-04
3.2944E-03 8.0000E-04
4.9426E-03 8.0000E-04
2.4164E-03 8.0000E-04
8.8074E-04 8.0000E-04
3.3006E-03 8.0000E-04
2.1347E-03 8.0000E-04
1.9498E-03 8.0000E-04
5.7353E-03 8.0000E-04
3.6144E-03 8.0000E-04
1.2844E-03 8.0000E-04
6.0609E-03 8.0000E-04
3.8126E-03 8.0000E-04
1.0399E-03 8.0000E-04
2.8104E-03 8.0000E-04
4.7049E-03 8.0000E-04
2.1970E-03 8.0000E-04
1.5524E-03 8.0000E-04
2.5507E-03 8.0000E-04
2.5078E-03 8.0000E-04
1.8511E-03 8.0000E-04
3.1424E-03 8.0000E-04
2.7487E-03 8.0000E-04
1.0433E-03 8.0000E-04
3.7703E-03 8.0000E-04
1.7709E-03 8.0000E-04
2.9533E-03 8.0000E-04
5.8451E-03 8.0000E-04
1.8549E-03 8.0000E-04
8.5833E-04 8.0000E-04
3.6039E-03 8.0000E-04
3.5109E-03 8.0000E-04
1.0118E-03 8.0000E-04
2.4079E-03 8.0000E-04
2.4111E-03 8.0000E-04
4.0815E-03 8.0000E-04
5.5527E-03 8.0000E-04
2.1391E-03 8.0000E-04
8.5325E-04 8.0000E-04
1.6078E-03 8.0000E-04
3.4331E-03 8.0000E-04
2.3661E-03 8.0000E-04
2.1383E-03 8.0000E-04
2.1373E-03 8.0000E-04
4.9397E-03 8.0000E-04
1.1206E-03 8.0000E-04
4.3239E-04 8.0000E-04
1.1809E-03 8.0000E-04
3.5424E-03 8.0000E-04
2.2258E-03 8.0000E-04
2.9598E-03 8.0000E-04
3.2749E-03 8.0000E-04
5.3030E-03 8.0000E-04
1.3123E-03 8.0000E-04
2.8423E-03 8.0000E-04
1.7961E-03 8.0000E-04
1.6841E-03 8.0000E-04
2.9799E-03 8.0000E-04
4.0201E-03 8.0000E-04
5.4059E-03 8.0000E-04
3.1502E-03 8.0000E-04
3.5574E-03 8.0000E-04
3.2159E-03 8.0000E-04
2.9220E-03 8.0000E-04
2.3164E-03 8.0000E-04
1.8250E-03 8.0000E-04
2.2196E-03 8.0000E-04
2.4325E-03 8.0000E-04
6.1345E-03 8.0000E-04
3.4428E-03 8.0000E-04
3.6946E-03 8.0000E-04
3.3160E-03 8.0000E-04
3.3698E-03 8.0000E-04
3.2747E-03 8.0000E-04
1.0832E-03 8.0000E-04
9.0324E-04 8.0000E-04
1.6544E-03 8.0000E-04
5.7368E-03 8.0000E-04
1.8455E-03 8.0000E-04
3.2857E-03 8.0000E-04
1.7755E-03 8.0000E-04
3.5564E-03 8.0000E-04
4.8024E-03 8.0000E-04
1.0414E-03 8.0000E-04
9.5377E-04 8.0000E-04
1.5798E-03 8.0000E-04
2.7277E-03 8.0000E-04
8.9560E-04 8.0000E-04
1.6043E-03 8.0000E-04
1.3100E-03 8.0000E-04
3.7236E-03 8.0000E-04
2.5040E-03 8.0000E-04
7.5072E-04 8.0000E-04
1.5759E-03 8.0000E-04
1.3860E-03 8.0000E-04
4.5169E-03 8.0000E-04
2.2170E-03 8.0000E-04
5.4732E-04 8.0000E-04
1.0482E-03 8.0000E-04
3.2957E-03 8.0000E-04
2.2530E-03 8.0000E-04
4.2387E-03 8.0000E-04
1.4707E-03 8.0000E-04
2.7928E-03 8.0000E-04
3.2797E-03 8.0000E-04
4.6192E-03 8.0000E-04
1.8285E-03 8.0000E-04
2.8867E-03 8.0000E-04
1.7622E-03 8.0000E-04
1.3914E-03 8.0000E-04
2.6649E-03 8.0000E-04
3.2013E-03 8.0000E-04
2.6775E-03 8.0000E-04
4.5254E-03 8.0000E-04
1.8205E-03 8.0000E-04
1.1341E-03 8.0000E-04
2.3986E-03 8.0000E-04
5.1119E-03 8.0000E-04
1.1312E-03 8.0000E-04
1.4118E-03 8.0000E-04
1.7921E-03 8.0000E-04
4.4865E-03 8.0000E-04
1.8082E-03 8.0000E-04
1.4283E-03 8.0000E-04
2.3160E-03 8.0000E-04
2.4739E-03 8.0000E-04
2.2442E-03 8.0000E-04
1.7270E-03 8.0000E-04
2.9657E-03 8.0000E-04
2.5282E-03 8.0000E-04
3.2431E-03 8.0000E-04
1.6497E-03 8.0000E-04
2.9845E-03 8.0000E-04
1.1358E-03 8.0000E-04
3.5279E-03 8.0000E-04
2.7017E-03 8.0000E-04
3.6971E-03 8.0000E-04
5.2795E-03 8.0000E-04
3.1797E-03 8.0000E-04
1.2812E-03 8.0000E-04
6.2092E-03 8.0000E-04
3.4735E-03 8.0000E-04
1.6665E-03 8.0000E-04
3.7352E-03 8.0000E-04
3.1649E-03 8.0000E-04
1.9749E-03 8.0000E-04
3.7255E-03 8.0000E-04
1.3055E-03 8.0000E-04
3.3500E-03 8.0000E-04
2.2322E-03 8.0000E-04
3.8716E-03 8.0000E-04
9.4406E-04 8.0000E-04
1.8808E-03 8.0000E-04
1.4396E-03 8.0000E-04
2.1097E-03 8.0000E-04
1.7106E-03 8.0000E-04
1.3104E-03 8.0000E-04
1.1347E-03 8.0000E-04
1.0722E-03 8.0000E-04
1.2843E-03 8.0000E-04
1.6174E-03 8.0000E-04
1.2936E-03 8.0000E-04
1.0308E-03 8.0000E-04
2.3640E-03 8.0000E-04
1.3321E-03 8.0000E-04
1.5640E-03 8.0000E-04
7.6978E-04 8.0000E-04
1.3876E-03 8.0000E-04
1.8563E-03 8.0000E-04
2.6184E-03 8.0000E-04
1.4363E-03 8.0000E-04
6.5522E-04 8.0000E-04
1.6055E-03 8.0000E-04
2.2214E-03 8.0000E-04
5.1557E-04 8.0000E-04
1.1716E-03 8.0000E-04
1.0376E-03 8.0000E-04
2.8699E-03 8.0000E-04
5.4331E-04 8.0000E-04
4.0170E-04 8.0000E-04
1.0637E-03 8.0000E-04
1.3935E-03 8.0000E-04
2.0046E-03 8.0000E-04
7.3378E-04 8.0000E-04
1.3863E-03 8.0000E-04
9.6225E-04 8.0000E-04
1.3073E-03 8.0000E-04
2.0619E-03 8.0000E-04
7.1289E-04 8.0000E-04
5.6188E-04 8.0000E-04
1.8508E-03 8.0000E-04
2.1211E-03 8.0000E-04
7.0447E-04 8.0000E-04
9.2165E-04 8.0000E-04
2.0780E-03 8.0000E-04
2.4626E-03 8.0000E-04
1.8416E-03 8.0000E-04
5.9498E-04 8.0000E-04
1.1603E-03 8.0000E-04
1.7318E-03 8.0000E-04
3.8703E-03 8.0000E-04
2.6172E-04 8.0000E-04
1.6387E-03 8.0000E-04
1.6784E-03 8.0000E-04
5.9729E-03 8.0000E-04
8.0654E-04 8.0000E-04
1.2608E-03 8.0000E-04
1.2685E-03 8.0000E-04
4.5798E-03 8.0000E-04
6.5037E-04 8.0000E-04
1.8403E-03 8.0000E-04
2.2750E-03 8.0000E-04
6.7451E-03 8.0000E-04
1.7562E-03 8.0000E-04
3.7570E-03 8.0000E-04
5.2299E-04 8.0000E-04
2.0548E-03 8.0000E-04
4.7834E-03 8.0000E-04
2.8453E-03 8.0000E-04
7.0775E-04 8.0000E-04
3.3529E-03 8.0000E-04
1.6690E-03 8.0000E-04
3.8195E-03 8.0000E-04
1.6640E-03 8.0000E-04
2.8351E-03 8.0000E-04
3.5477E-04 8.0000E-04
2.6988E-03 8.0000E-04
3.6010E-03 8.0000E-04
7.1567E-03 8.0000E-04
1.5455E-03 8.0000E-04
2.7819E-03 8.0000E-04
8.8348E-04 8.0000E-04
2.9622E-03 8.0000E-04
6.9396E-03 8.0000E-04
6.0224E-04 8.0000E-04
7.8484E-04 8.0000E-04
2.6159E-03 8.0000E-04
2.8722E-03 8.0000E-04
3.4399E-03 8.0000E-04
1.3646E-03 8.0000E-04
4.8553E-03 8.0000E-04
1.7202E-03 8.0000E-04
1.2542E-03 8.0000E-04
2.8495E-03 8.0000E-04
3.5686E-03 8.0000E-04
1.9459E-03 8.0000E-04
1.5082E-03 8.0000E-04
1.5528E-03 8.0000E-04
1.1919E-03 8.0000E-04
1.6073E-03 8.0000E-04
1.6240E-03 8.0000E-04
1.5157E-03 8.0000E-04
1.6961E-03 8.0000E-04
1.4458E-03 8.0000E-04
1.8710E-03 8.0000E-04
7.0413E-04 8.0000E-04
1.3572E-03 8.0000E-04
1.0293E-03 8.0000E-04
3.2852E-03 8.0000E-04
1.6863E-03 8.0000E-04
1.5994E-03 8.0000E-04
7.8446E-04 8.0000E-04
1.4427E-03 8.0000E-04
2.2529E-03 8.0000E-04
2.5783E-03 8.0000E-04
4.9698E-04 8.0000E-04
5.2402E-04 8.0000E-04
1.2878E-03 8.0000E-04
1.8973E-03 8.0000E-04
1.2789E-03 8.0000E-04
1.3488E-03 8.0000E-04
1.3581E-03 8.0000E-04
2.4812E-03 8.0000E-04
9.9422E-04 8.0000E-04
5.2487E-04 8.0000E-04
1.2204E-03 8.0000E-04
1.2955E-03 8.0000E-04
2.6032E-03 8.0000E-04
1.0183E-03 8.0000E-04
1.1301E-03 8.0000E-04
1.5452E-03 8.0000E-04
2.4245E-03 8.0000E-04
2.0008E-03 8.0000E-04
3.5232E-04 8.0000E-04
5.4806E-04 8.0000E-04
7.9582E-04 8.0000E-04
3.3757E-03 8.0000E-04
1.2172E-03 8.0000E-04
1.1666E-03 8.0000E-04
1.9033E-03 8.0000E-04
1.5401E-03 8.0000E-04
1.3629E-03 8.0000E-04
1.8902E-03 8.0000E-04
7.0477E-04 8.0000E-04
1.1393E-03 8.0000E-04
2.1252E-03 8.0000E-04
1.5697E-03 8.0000E-04
2.2253E-04 8.0000E-04
1.8895E-03 8.0000E-04
9.6284E-04 8.0000E-04
9.8657E-04 8.0000E-04
1.7554E-03 8.0000E-04
8.2035E-04 8.0000E-04
1.3978E-03 8.0000E-04
1.6346E-03 8.0000E-04
5.2754E-04 8.0000E-04
1.5322E-03 8.0000E-04
1.0568E-03 8.0000E-04
2.2117E-03 8.0000E-04
1.1853E-03 8.0000E-04
8.3885E-04 8.0000E-04
1.2161E-03 8.0000E-04
1.4335E-03 8.0000E-04
1.2538E-03 8.0000E-04
1.5033E-03 8.0000E-04
1.7568E-03 8.0000E-04
1.8481E-03 8.0000E-04
2.0937E-03 8.0000E-04
1.8280E-03 8.0000E-04
1.0838E-03 8.0000E-04
3.4754E-03 8.0000E-04
1.1139E-03 8.0000E-04
1.2328E-03 8.0000E-04
1.5464E-03 8.0000E-04
3.9195E-03 8.0000E-04
1.6501E-03 8.0000E-04
1.0815E-03 8.0000E-04
2.3675E-03 8.0000E-04
2.9314E-03 8.0000E-04
1.1583E-03 8.0000E-04
3.1579E-03 8.0000E-04
1.6883E-03 8.0000E-04
3.9727E-03 8.0000E-04
2.8619E-03 8.0000E-04
2.9471E-03 8.0000E-04
1.7444E-03 8.0000E-04
1.6562E-03 8.0000E-04
3.2380E-03 8.0000E-04
3.5007E-03 8.0000E-04
2.1639E-03 8.0000E-04
3.6169E-03 8.0000E-04
4.0011E-03 8.0000E-04
7.4302E-04 8.0000E-04
1.0645E-03 8.0000E-04
9.7928E-04 8.0000E-04
5.1540E-03 8.0000E-04
3.7798E-03 8.0000E-04
3.2595E-03 8.0000E-04
9.1053E-04 8.0000E-04
1.5629E-03 8.0000E-04
2.0349E-03 8.0000E-04
2.2295E-03 8.0000E-04
6.1096E-04 8.0000E-04
1.0061E-03 8.0000E-04
6.7085E-04 8.0000E-04
1.0053E-03 8.0000E-04
8.6477E-04 8.0000E-04
1.2100E-03 8.0000E-04
1.4907E-03 8.0000E-04
6.5425E-04 8.0000E-04
4.8961E-04 8.0000E-04
7.0822E-04 8.0000E-04
7.8318E-04 8.0000E-04
7.7308E-04 8.0000E-04
1.0055E-03 8.0000E-04
5.4124E-04 8.0000E-04
6.0499E-04 8.0000E-04
9.7924E-04 8.0000E-04
8.7470E-04 8.0000E-04
3.4502E-04 8.0000E-04
7.7368E-04 8.0000E-04
6.2515E-04 8.0000E-04
1.4145E-03 8.0000E-04
9.6151E-04 8.0000E-04
2.9421E-04 8.0000E-04
1.0999E-03 8.0000E-04
9.9918E-04 8.0000E-04
5.2922E-04 8.0000E-04
8.0339E-04 8.0000E-04
6.1299E-04 8.0000E-04
1.9118E-03 8.0000E-04
1.1324E-03 8.0000E-04
2.2902E-04 8.0000E-04
8.5220E-04 8.0000E-04
9.8764E-04 8.0000E-04
5.7850E-04 8.0000E-04
1.6048E-03 8.0000E-04
6.5663E-04 8.0000E-04
1.3258E-03 8.0000E-04
1.7634E-03 8.0000E-04
2.4303E-04 8.0000E-04
1.9709E-04 8.0000E-04
7.6987E-04 8.0000E-04
1.2323E-03 8.0000E-04
3.0287E-03 8.0000E-04
4.4168E-04 8.0000E-04
2.5033E-04 8.0000E-04
6.9798E-04 8.0000E-04
1.5891E-03 8.0000E-04
1.4446E-03 8.0000E-04
1.0218E-03 8.0000E-04
1.3641E-03 8.0000E-04
1.3487E-03 8.0000E-04
5.5471E-04 8.0000E-04
1.6395E-03 8.0000E-04
1.0000E-03 8.0000E-04
5.1205E-04 8.0000E-04
2.3066E-03 8.0000E-04
1.1519E-03 8.0000E-04
7.5690E-04 8.0000E-04
3.0090E-03 8.0000E-04
1.1170E-03 8.0000E-04
2.0599E-04 8.0000E-04
7.9472E-04 8.0000E-04
1.8844E-03 8.0000E-04
1.5550E-03 8.0000E-04
2.0677E-03 8.0000E-04
1.2947E-03 8.0000E-04
1.5098E-03 8.0000E-04
1.2698E-03 8.0000E-04
1.3099E-03 8.0000E-04
8.8344E-04 8.0000E-04
1.6343E-03 8.0000E-04
1.7300E-03 8.0000E-04
1.4795E-03 8.0000E-04
1.7553E-03 8.0000E-04
2.2769E-03 8.0000E-04
6.5044E-04 8.0000E-04
2.7927E-03 8.0000E-04
1.9381E-03 8.0000E-04
9.7620E-04 8.0000E-04
2.1310E-03 8.0000E-04
2.7012E-03 8.0000E-04
8.9640E-04 8.0000E-04
1.1139E-03 8.0000E-04
9.8067E-04 8.0000E-04
8.7177E-04 8.0000E-04
1.1668E-03 8.0000E-04
2.0123E-03 8.0000E-04
6.3330E-04 8.0000E-04
1.8244E-03 8.0000E-04
1.2107E-03 8.0000E-04
1.7459E-03 8.0000E-04
2.7910E-03 8.0000E-04
5.9164E-04 8.0000E-04
4.9872E-04 8.0000E-04
1.0907E-03 8.0000E-04
1.2885E-03 8.0000E-04
4.4266E-04 8.0000E-04
1.4275E-03 8.0000E-04
7.1474E-04 8.0000E-04
2.0173E-03 8.0000E-04
8.8013E-04 8.0000E-04
3.6112E-04 8.0000E-04
8.9356E-04 8.0000E-04
1.0900E-03 8.0000E-04
9.3262E-04 8.0000E-04
1.0983E-03 8.0000E-04
1.3846E-03 8.0000E-04
1.3028E-03 8.0000E-04
2.3280E-03 8.0000E-04
8.6738E-04 8.0000E-04
7.1159E-04 8.0000E-04
1.0936E-03 8.0000E-04
2.0574E-03 8.0000E-04
1.6644E-03 8.0000E-04
5.3502E-04 8.0000E-04
1.4921E-03 8.0000E-04
1.2840E-03 8.0000E-04
3.0076E-04 8.0000E-04
1.7408E-03 8.0000E-04
7.2072E-04 8.0000E-04
2.1735E-03 8.0000E-04
2.1588E-03 8.0000E-04
4.2001E-04 8.0000E-04
9.1448E-04 8.0000E-04
1.3969E-03 8.0000E-04
1.0204E-03 8.0000E-04
1.8584E-03 8.0000E-04
1.3607E-03 8.0000E-04
2.0499E-03 8.0000E-04
8.3197E-04 8.0000E-04
1.9444E-03 8.0000E-04
4.0651E-04 8.0000E-04
1.0519E-03 8.0000E-04
1.6367E-03 8.0000E-04
2.2348E-03 8.0000E-04
1.6390E-03 8.0000E-04
1.7622E-03 8.0000E-04
8.9061E-04 8.0000E-04
1.2711E-03 8.0000E-04
1.1272E-03 8.0000E-04
2.2096E-03 8.0000E-04
1.1582E-03 8.0000E-04
2.6451E-03 8.0000E-04
9.6546E-04 8.0000E-04
1.5271E-03 8.0000E-04
2.2179E-03 8.0000E-04
2.3587E-03 8.0000E-04
5.1061E-04 8.0000E-04
3.3761E-03 8.0000E-04
1.5059E-03 8.0000E-04
1.9121E-03 8.0000E-04
4.0813E-03 8.0000E-04
1.4424E-03 8.0000E-04
1.5286E-03 8.0000E-04
5.1824E-03 8.0000E-04
2.5164E-03 8.0000E-04
2.4299E-03 8.0000E-04
6.1222E-04 8.0000E-04
1.7379E-03 8.0000E-04
1.9070E-03 8.0000E-04
3.0056E-03 8.0000E-04
1.3303E-03 8.0000E-04
2.3289E-03 8.0000E-04
1.8697E-03 8.0000E-04
2.5602E-03 8.0000E-04
1.2567E-03 8.0000E-04
1.1499E-03 8.0000E-04
1.7808E-03 8.0000E-04
1.8444E-03 8.0000E-04
1.0345E-03 8.0000E-04
2.0839E-03 8.0000E-04
9.1540E-04 8.0000E-04
1.4268E-03 8.0000E-04
9.2955E-04 8.0000E-04
4.9423E-04 8.0000E-04
1.3415E-03 8.0000E-04
1.6540E-03 8.0000E-04
5.6675E-04 8.0000E-04
1.5529E-03 8.0000E-04
1.0489E-03 8.0000E-04
1.2725E-03 8.0000E-04
1.6836E-03 8.0000E-04
6.4125E-04 8.0000E-04
1.2702E-03 8.0000E-04
1.2973E-03 8.0000E-04
1.1849E-03 8.0000E-04
9.0015E-04 8.0000E-04
1.0633E-03 8.0000E-04
1.2804E-03 8.0000E-04
3.8300E-04 8.0000E-04
1.0203E-03 8.0000E-04
1.1843E-03 8.0000E-04
8.3471E-04 8.0000E-04
1.2055E-03 8.0000E-04
3.5656E-04 8.0000E-04
8.7148E-04 8.0000E-04
6.3712E-04 8.0000E-04
4.3568E-04 8.0000E-04
9.0635E-04 8.0000E-04
8.5301E-04 8.0000E-04
1.7362E-04 8.0000E-04
4.3343E-04 8.0000E-04
4.7389E-04 8.0000E-04
1.0527E-03 8.0000E-04
6.9212E-04 8.0000E-04
2.4428E-04 8.0000E-04
7.2697E-04 8.0000E-04
5.0967E-04 8.0000E-04
5.1416E-04 8.0000E-04
7.9189E-04 8.0000E-04
5.4605E-04 8.0000E-04
6.2451E-04 8.0000E-04
7.5032E-04 8.0000E-04
7.0193E-04 8.0000E-04
5.1408E-04 8.0000E-04
8.6466E-04 8.0000E-04
1.2199E-03 8.0000E-04
3.5613E-04 8.0000E-04
4.3055E-04 8.0000E-04
7.7419E-04 8.0000E-04
1.5486E-03 8.0000E-04
3.1034E-04 8.0000E-04
3.8177E-04 8.0000E-04
8.1833E-04 8.0000E-04
1.2144E-03 8.0000E-04
2.3255E-03 8.0000E-04
3.1382E-04 8.0000E-04
6.1051E-04 8.0000E-04
7.8581E-04 8.0000E-04
1.2198E-03 8.0000E-04
2.1788E-03 8.0000E-04
1.1663E-03 8.0000E-04
1.7216E-04 8.0000E-04
1.1852E-03 8.0000E-04
1.2473E-03 8.0000E-04
3.6632E-04 8.0000E-04
1.0684E-03 8.0000E-04
9.7718E-04 8.0000E-04
2.5061E-03 8.0000E-04
1.2980E-03 8.0000E-04
3.1704E-04 8.0000E-04
9.7044E-04 8.0000E-04
1.4740E-03 8.0000E-04
5.2986E-04 8.0000E-04
1.4635E-03 8.0000E-04
9.0398E-04 8.0000E-04
3.3090E-03 8.0000E-04
9.6051E-04 8.0000E-04
1.4188E-04 8.0000E-04
1.1020E-03 8.0000E-04
1.7854E-03 8.0000E-04
1.8710E-03 8.0000E-04
1.4213E-03 8.0000E-04
2.1554E-03 8.0000E-04
1.2959E-03 8.0000E-04
1.3345E-03 8.0000E-04
1.9222E-03 8.0000E-04
8.6932E-04 8.0000E-04
2.1867E-03 8.0000E-04
3.2605E-03 8.0000E-04
5.3044E-04 8.0000E-04
1.7613E-03 8.0000E-04
2.8169E-03 8.0000E-04
3.0039E-03 8.0000E-04
3.2012E-03 8.0000E-04
6.0556E-03 8.0000E-04
2.1585E-03 8.0000E-04
2.6171E-03 8.0000E-04
2.3307E-03 8.0000E-04
4.9650E-03 8.0000E-04
4.0157E-03 8.0000E-04
3.6350E-03 8.0000E-04
2.9433E-03 8.0000E-04
5.8885E-03 8.0000E-04
1.3243E-03 8.0000E-04
7.1567E-03 8.0000E-04
9.9194E-04 8.0000E-04
3.9960E-03 8.0000E-04
2.2443E-03 8.0000E-04
7.1567E-03 8.0000E-04
1.4217E-03 8.0000E-04
3.6341E-03 8.0000E-04
3.1143E-03 8.0000E-04
7.1567E-03 8.0000E-04
3.3061E-03 8.0000E-04
2.5428E-03 8.0000E-04
2.3512E-03 8.0000E-04
3.8787E-03 8.0000E-04
2.9765E-03 8.0000E-04
1.0284E-03 8.0000E-04
2.8004E-03 8.0000E-04
1.2094E-03 8.0000E-04
2.1886E-03 8.0000E-04
2.2849E-03 8.0000E-04
1.1806E-03 8.0000E-04
9.0718E-04 8.0000E-04
1.8978E-03 8.0000E-04
1.6363E-03 8.0000E-04
1.0512E-03 8.0000E-04
1.3512E-03 8.0000E-04
2.6448E-03 8.0000E-04
1.5643E-03 8.0000E-04
2.6416E-03 8.0000E-04
1.2032E-03 8.0000E-04
9.9887E-04 8.0000E-04
1.9783E-03 8.0000E-04
2.9747E-03 8.0000E-04
8.0433E-04 8.0000E-04
1.0588E-03 8.0000E-04
1.2954E-03 8.0000E-04
2.6856E-03 8.0000E-04
4.0955E-04 8.0000E-04
3.7171E-04 8.0000E-04
7.8135E-04 8.0000E-04
2.0937E-03 8.0000E-04
5.9646E-04 8.0000E-04
6.2640E-04 8.0000E-04
6.2459E-04 8.0000E-04
1.9655E-03 8.0000E-04
7.2643E-04 8.0000E-04
6.5761E-04 8.0000E-04
6.1262E-04 8.0000E-04
1.6004E-03 8.0000E-04
6.1175E-04 8.0000E-04
6.5801E-04 8.0000E-04
8.0644E-04 8.0000E-04
1.5476E-03 8.0000E-04
9.4738E-04 8.0000E-04
7.4782E-04 8.0000E-04
8.7909E-04 8.0000E-04
1.1381E-03 8.0000E-04
1.3769E-03 8.0000E-04
1.5689E-03 8.0000E-04
1.3260E-03 8.0000E-04
9.6271E-04 8.0000E-04
1.0964E-03 8.0000E-04
1.7700E-03 8.0000E-04
1.5933E-03 8.0000E-04
1.8968E-03 8.0000E-04
1.6359E-03 8.0000E-04
2.0566E-03 8.0000E-04
1.5539E-03 8.0000E-04
3.0283E-03 8.0000E-04
5.8297E-04 8.0000E-04
1.6716E-03 8.0000E-04
1.5429E-03 8.0000E-04
4.5615E-03 8.0000E-04
1.0370E-03 8.0000E-04
1.3880E-03 8.0000E-04
2.5746E-03 8.0000E-04
3.6628E-03 8.0000E-04
7.3552E-04 8.0000E-04
4.0152E-03 8.0000E-04
1.9022E-03 8.0000E-04
7.3145E-04 8.0000E-04
3.2940E-03 8.0000E-04
3.1476E-03 8.0000E-04
2.9101E-03 8.0000E-04
1.0680E-03 8.0000E-04
2.9664E-03 8.0000E-04
8.0584E-04 8.0000E-04
3.7489E-03 8.0000E-04
6.7691E-04 8.0000E-04
2.2525E-03 8.0000E-04
1.6663E-03 8.0000E-04
3.6006E-03 8.0000E-04
1.0351E-03 8.0000E-04
1.7183E-03 8.0000E-04
8.4764E-04 8.0000E-04
3.7496E-03 8.0000E-04
1.0748E-03 8.0000E-04
1.1411E-03 8.0000E-04
1.9199E-03 8.0000E-04
3.8155E-03 8.0000E-04
1.0631E-03 8.0000E-04
1.4420E-03 8.0000E-04
1.3087E-03 8.0000E-04
2.4072E-03 8.0000E-04
5.3098E-04 8.0000E-04
2.3419E-03 8.0000E-04
8.3390E-04 8.0000E-04
1.5292E-03 8.0000E-04
4.0920E-03 8.0000E-04
8.5316E-04 8.0000E-04
4.2278E-04 8.0000E-04
1.7835E-03 8.0000E-04
6.4797E-04 8.0000E-04
1.7681E-03 8.0000E-04
2.3533E-03 8.0000E-04
5.3729E-04 8.0000E-04
6.7664E-04 8.0000E-04
1.7272E-03 8.0000E-04
1.8514E-03 8.0000E-04
1.6247E-03 8.0000E-04
4.7622E-04 8.0000E-04
1.3178E-03 8.0000E-04
1.2806E-03 8.0000E-04
9.3188E-04 8.0000E-04
1.3230E-03 8.0000E-04
7.5022E-04 8.0000E-04
1.4298E-03 8.0000E-04
1.7437E-03 8.0000E-04
6.5482E-04 8.0000E-04
7.4499E-04 8.0000E-04
1.3747E-03 8.0000E-04
9.7072E-04 8.0000E-04
8.6043E-04 8.0000E-04
1.1023E-03 8.0000E-04
7.5891E-04 8.0000E-04
1.1729E-03 8.0000E-04
1.4389E-03 8.0000E-04
5.0835E-04 8.0000E-04
1.5407E-03 8.0000E-04
7.8681E-04 8.0000E-04
5.5261E-04 8.0000E-04
7.1124E-04 8.0000E-04
1.0891E-03 8.0000E-04
1.0738E-03 8.0000E-04
1.3888E-03 8.0000E-04
2.8501E-04 8.0000E-04
3.5312E-04 8.0000E-04
6.8985E-04 8.0000E-04
1.4902E-03 8.0000E-04
5.9654E-04 8.0000E-04
3.9530E-04 8.0000E-04
5.8800E-04 8.0000E-04
1.3695E-03 8.0000E-04
6.9170E-04 8.0000E-04
9.9926E-04 8.0000E-04
6.3449E-04 8.0000E-04
1.0447E-03 8.0000E-04
1.0911E-03 8.0000E-04
1.2642E-03 8.0000E-04
6.1809E-04 8.0000E-04
1.0057E-03 8.0000E-04
1.2487E-03 8.0000E-04
1.1077E-03 8.0000E-04
8.0714E-04 8.0000E-04
1.0016E-03 8.0000E-04
1.0703E-03 8.0000E-04
6.3308E-04 8.0000E-04
9.2328E-04 8.0000E-04
8.4360E-04 8.0000E-04
2.0545E-03 8.0000E-04
3.8133E-04 8.0000E-04
2.4315E-04 8.0000E-04
8.6783E-04 8.0000E-04
1.2995E-03 8.0000E-04
9.9033E-04 8.0000E-04
5.1612E-04 8.0000E-04
8.3116E-04 8.0000E-04
1.0002E-03 8.0000E-04
2.1696E-03 8.0000E-04
3.8059E-04 8.0000E-04
4.5464E-04 8.0000E-04
5.8241E-04 8.0000E-04
1.6682E-03 8.0000E-04
1.8715E-03 8.0000E-04
6.7195E-04 8.0000E-04
4.1550E-04 8.0000E-04
1.1708E-03 8.0000E-04
1.1959E-03 8.0000E-04
1.0043E-03 8.0000E-04
1.0947E-03 8.0000E-04
1.4866E-03 8.0000E-04
1.7460E-03 8.0000E-04
2.2209E-03 8.0000E-04
5.1230E-04 8.0000E-04
1.3334E-03 8.0000E-04
1.2191E-03 8.0000E-04
1.7757E-03 8.0000E-04
1.3400E-03 8.0000E-04
1.5153E-03 8.0000E-04
8.4902E-04 8.0000E-04
2.3844E-03 8.0000E-04
1.1067E-03 8.0000E-04
1.5523E-03 8.0000E-04
8.3352E-04 8.0000E-04
1.8546E-03 8.0000E-04
9.1048E-04 8.0000E-04
4.5598E-04 8.0000E-04
6.9504E-04 8.0000E-04
8.3990E-04 8.0000E-04
1.0905E-03 8.0000E-04
5.6546E-04 8.0000E-04
7.9939E-04 8.0000E-04
5.1852E-04 8.0000E-04
8.0072E-04 8.0000E-04
1.1730E-03 8.0000E-04
9.1473E-04 8.0000E-04
6.5991E-04 8.0000E-04
1.6979E-03 8.0000E-04
1.4811E-03 8.0000E-04
2.1529E-04 8.0000E-04
7.3253E-04 8.0000E-04
6.8909E-04 8.0000E-04
1.9956E-03 8.0000E-04
7.7854E-04 8.0000E-04
3.8570E-04 8.0000E-04
1.0150E-03 8.0000E-04
1.2902E-03 8.0000E-04
8.6572E-04 8.0000E-04
1.5652E-03 8.0000E-04
1.0636E-03 8.0000E-04
3.2438E-03 8.0000E-04
1.2512E-03 8.0000E-04
1.1843E-03 8.0000E-04
2.1597E-03 8.0000E-04
4.2009E-03 8.0000E-04
1.4281E-03 8.0000E-04
4.0275E-03 8.0000E-04
1.3160E-03 8.0000E-04
2.8533E-03 8.0000E-04
3.0332E-03 8.0000E-04
2.9412E-03 8.0000E-04
2.0317E-03 8.0000E-04
3.5784E-03 8.0000E-04
9.1275E-04 8.0000E-04
1.0005E-03 8.0000E-04
3.9634E-03 8.0000E-04
2.0993E-03 8.0000E-04
9.3405E-04 8.0000E-04
1.8063E-03 8.0000E-04
1.6534E-03 8.0000E-04
1.7676E-03 8.0000E-04
9.4683E-04 8.0000E-04
1.3288E-03 8.0000E-04
7.9682E-04 8.0000E-04
1.6757E-03 8.0000E-04
1.3411E-03 8.0000E-04
1.1098E-03 8.0000E-04
1.2164E-03 8.0000E-04
1.1066E-03 8.0000E-04
1.0013E-03 8.0000E-04
1.1126E-03 8.0000E-04
1.2897E-03 8.0000E-04
4.9980E-04 8.0000E-04
8.0122E-04 8.0000E-04
1.0338E-03 8.0000E-04
1.8509E-03 8.0000E-04
3.2458E-04 8.0000E-04
3.9706E-04 8.0000E-04
6.3303E-04 8.0000E-04
1.3276E-03 8.0000E-04
1.4331E-03 8.0000E-04
4.1677E-04 8.0000E-04
5.9751E-04 8.0000E-04
8.5879E-04 8.0000E-04
7.6943E-04 8.0000E-04
1.3601E-03 8.0000E-04
5.4117E-04 8.0000E-04
3.3206E-04 8.0000E-04
1.1789E-03 8.0000E-04
8.2343E-04 8.0000E-04
1.4273E-04 8.0000E-04
3.8496E-04 8.0000E-04
6.2581E-04 8.0000E-04
1.4429E-03 8.0000E-04
4.0663E-04 8.0000E-04
3.9236E-04 8.0000E-04
5.5796E-04 8.0000E-04
1.0363E-03 8.0000E-04
6.5517E-04 8.0000E-04
3.7474E-04 8.0000E-04
7.7295E-04 8.0000E-04
7.1845E-04 8.0000E-04
5.0151E-04 8.0000E-04
1.4995E-03 8.0000E-04
4.9105E-04 8.0000E-04
3.8412E-04 8.0000E-04
8.0774E-04 8.0000E-04
1.0244E-03 8.0000E-04
4.1649E-04 8.0000E-04
1.5808E-03 8.0000E-04
7.8797E-04 8.0000E-04
2.9226E-04 8.0000E-04
1.1334E-03 8.0000E-04
6.7230E-04 8.0000E-04
1.1326E-03 8.0000E-04
1.5752E-03 8.0000E-04
9.1593E-04 8.0000E-04
3.4157E-04 8.0000E-04
1.5941E-03 8.0000E-04
4.9065E-04 8.0000E-04
8.1599E-04 8.0000E-04
1.7177E-03 8.0000E-04
1.1369E-03 8.0000E-04
8.9413E-04 8.0000E-04
1.4629E-03 8.0000E-04
6.7250E-04 8.0000E-04
8.6799E-04 8.0000E-04
1.1487E-03 8.0000E-04
2.4798E-03 8.0000E-04
1.2692E-03 8.0000E-04
7.0758E-04 8.0000E-04
9.7389E-04 8.0000E-04
1.7369E-03 8.0000E-04
1.2864E-03 8.0000E-04
1.1267E-03 8.0000E-04
1.0418E-03 8.0000E-04
1.3639E-03 8.0000E-04
2.0810E-03 8.0000E-04
1.2039E-03 8.0000E-04
2.7470E-03 8.0000E-04
1.1538E-03 8.0000E-04
3.6379E-04 8.0000E-04
1.5028E-03 8.0000E-04
2.0314E-03 8.0000E-04
2.3979E-03 8.0000E-04
2.7401E-03 8.0000E-04
1.1710E-03 8.0000E-04
4.1850E-03 8.0000E-04
9.9160E-04 8.0000E-04
9.8352E-04 8.0000E-04
2.2935E-03 8.0000E-04
7.7671E-04 8.0000E-04
3.0211E-03 8.0000E-04
2.7572E-03 8.0000E-04
3.2999E-04 8.0000E-04
2.0759E-03 8.0000E-04
9.4315E-04 8.0000E-04
3.6849E-03 8.0000E-04
3.3726E-03 8.0000E-04
8.6041E-04 8.0000E-04
8.9785E-04 8.0000E-04
1.5415E-03 8.0000E-04
1.4194E-03 8.0000E-04
5.4594E-04 8.0000E-04
1.4239E-03 8.0000E-04
7.6094E-04 8.0000E-04
1.2859E-03 8.0000E-04
1.9152E-03 8.0000E-04
7.8536E-04 8.0000E-04
4.9046E-04 8.0000E-04
1.0461E-03 8.0000E-04
1.2707E-03 8.0000E-04
3.9985E-04 8.0000E-04
1.2274E-03 8.0000E-04
1.4150E-03 8.0000E-04
1.4193E-03 8.0000E-04
1.1878E-03 8.0000E-04
4.4859E-04 8.0000E-04
5.3066E-04 8.0000E-04
1.1185E-03 8.0000E-04
1.3975E-03 8.0000E-04
5.7220E-04 8.0000E-04
6.8009E-04 8.0000E-04
6.1974E-04 8.0000E-04
1.3006E-03 8.0000E-04
7.9798E-04 8.0000E-04
5.4777E-04 8.0000E-04
7.7459E-04 8.0000E-04
1.1138E-03 8.0000E-04
6.7192E-04 8.0000E-04
8.3800E-04 8.0000E-04
7.2263E-04 8.0000E-04
9.5330E-04 8.0000E-04
1.0437E-03 8.0000E-04
8.5726E-04 8.0000E-04
5.8980E-04 8.0000E-04
8.4749E-04 8.0000E-04
1.1909E-03 8.0000E-04
4.0899E-04 8.0000E-04
1.1174E-03 8.0000E-04
5.8919E-04 8.0000E-04
8.4644E-04 8.0000E-04
1.4383E-03 8.0000E-04
1.1201E-03 8.0000E-04
2.5044E-04 8.0000E-04
1.3792E-03 8.0000E-04
8.3894E-04 8.0000E-04
7.3199E-04 8.0000E-04
2.5478E-03 8.0000E-04
1.0945E-03 8.0000E-04
4.5440E-04 8.0000E-04
3.7340E-03 8.0000E-04
1.1493E-03 8.0000E-04
6.0194E-04 8.0000E-04
2.8671E-03 8.0000E-04
2.0468E-03 8.0000E-04
4.4869E-03 8.0000E-04
1.5754E-03 8.0000E-04
1.0025E-03 8.0000E-04
5.9585E-03 8.0000E-04
1.5880E-03 8.0000E-04
1.4142E-03 8.0000E-04
5.7360E-03 8.0000E-04
5.3382E-04 8.0000E-04
4.2034E-03 8.0000E-04
7.1567E-03 8.0000E-04
3.1129E-03 8.0000E-04
7.1567E-03 8.0000E-04
2.1722E-03 8.0000E-04
1.7516E-03 8.0000E-04
4.8722E-03 8.0000E-04
3.1905E-03 8.0000E-04
4.8125E-03 8.0000E-04
1.6046E-03 8.0000E-04
2.2434E-03 8.0000E-04
1.9671E-03 8.0000E-04
5.4430E-03 8.0000E-04
7.7438E-04 8.0000E-04
2.0374E-03 8.0000E-04
1.8600E-03 8.0000E-04
2.0047E-03 8.0000E-04
2.3983E-03 8.0000E-04
9.4891E-04 8.0000E-04
7.5548E-04 8.0000E-04
1.4829E-03 8.0000E-04
2.1213E-03 8.0000E-04
8.0844E-04 8.0000E-04
2.2048E-03 8.0000E-04
1.6491E-03 8.0000E-04
2.0989E-03 8.0000E-04
1.6157E-03 8.0000E-04
1.1991E-03 8.0000E-04
1.2604E-03 8.0000E-04
2.3470E-03 8.0000E-04
1.4506E-03 8.0000E-04
1.1074E-03 8.0000E-04
2.3354E-03 8.0000E-04
3.3349E-03 8.0000E-04
4.7715E-04 8.0000E-04
5.9983E-04 8.0000E-04
1.0626E-03 8.0000E-04
2.7439E-03 8.0000E-04
1.4899E-03 8.0000E-04
1.2007E-03 8.0000E-04
1.9282E-03 8.0000E-04
2.2844E-03 8.0000E-04
6.1263E-04 8.0000E-04
1.4631E-03 8.0000E-04
1.1479E-03 8.0000E-04
2.7310E-03 8.0000E-04
1.7510E-03 8.0000E-04
9.5798E-04 8.0000E-04
1.4816E-03 8.0000E-04
2.4882E-03 8.0000E-04
9.4773E-04 8.0000E-04
8.0566E-04 8.0000E-04
1.3280E-03 8.0000E-04
1.6478E-03 8.0000E-04
6.3493E-04 8.0000E-04
1.0930E-03 8.0000E-04
8.3414E-04 8.0000E-04
1.5881E-03 8.0000E-04
1.2126E-03 8.0000E-04
5.3308E-04 8.0000E-04
5.7185E-04 8.0000E-04
6.9642E-04 8.0000E-04
1.8106E-03 8.0000E-04
3.1147E-04 8.0000E-04
4.2982E-04 8.0000E-04
8.6238E-04 8.0000E-04
1.0557E-03 8.0000E-04
6.4845E-04 8.0000E-04
4.9248E-04 8.0000E-04
4.3498E-04 8.0000E-04
6.9772E-04 8.0000E-04
3.6169E-04 8.0000E-04
3.2968E-04 8.0000E-04
4.0100E-04 8.0000E-04
7.9564E-04 8.0000E-04
3.6847E-04 8.0000E-04
2.0120E-04 8.0000E-04
3.4750E-04 8.0000E-04
5.8250E-04 8.0000E-04
4.8603E-04 8.0000E-04
4.1220E-04 8.0000E-04
4.6490E-04 8.0000E-04
6.8953E-04 8.0000E-04
2.5941E-04 8.0000E-04
4.1549E-04 8.0000E-04
3.2579E-04 8.0000E-04
7.9097E-04 8.0000E-04
5.4914E-04 8.0000E-04
3.9625E-04 8.0000E-04
4.7086E-04 8.0000E-04
5.5511E-04 8.0000E-04
4.0129E-04 8.0000E-04
4.8067E-04 8.0000E-04
5.1192E-04 8.0000E-04
3.7900E-04 8.0000E-04
6.6958E-04 8.0000E-04
5.4042E-04 8.0000E-04
9.1674E-05 8.0000E-04
4.7528E-04 8.0000E-04
4.4890E-04 8.0000E-04
5.0741E-04 8.0000E-04
6.6855E-04 8.0000E-04
4.9217E-04 8.0000E-04
1.1138E-04 8.0000E-04
4.3237E-04 8.0000E-04
5.4675E-04 8.0000E-04
2.3761E-04 8.0000E-04
7.0141E-04 8.0000E-04
3.4729E-04 8.0000E-04
7.8378E-04 8.0000E-04
5.9414E-04 8.0000E-04
2.6371E-04 8.0000E-04
2.3060E-04 8.0000E-04
4.1550E-04 8.0000E-04
9.4381E-04 8.0000E-04
4.3293E-04 8.0000E-04
2.5388E-04 8.0000E-04
4.6808E-04 8.0000E-04
8.5833E-04 8.0000E-04
3.6103E-04 8.0000E-04
2.4537E-04 8.0000E-04
4.6873E-04 8.0000E-04
7.9406E-04 8.0000E-04
1.0738E-03 8.0000E-04
2.5530E-04 8.0000E-04
5.9715E-04 8.0000E-04
6.7858E-04 8.0000E-04
3.5900E-04 8.0000E-04
1.0302E-03 8.0000E-04
5.9252E-04 8.0000E-04
8.4020E-04 8.0000E-04
1.5807E-03 8.0000E-04
4.5016E-04 8.0000E-04
9.2737E-05 8.0000E-04
5.5832E-04 8.0000E-04
1.1788E-03 8.0000E-04
5.9460E-04 8.0000E-04
3.5653E-04 8.0000E-04
8.9359E-04 8.0000E-04
5.9695E-04 8.0000E-04
1.0140E-03 8.0000E-04
6.0878E-04 8.0000E-04
4.9311E-04 8.0000E-04
8.3459E-04 8.0000E-04
5.0196E-04 8.0000E-04
5.8869E-04 8.0000E-04
9.7036E-04 8.0000E-04
1.4089E-03 8.0000E-04
1.0278E-03 8.0000E-04
6.7357E-04 8.0000E-04
4.3044E-04 8.0000E-04
1.0427E-03 8.0000E-04
1.4559E-03 8.0000E-04
9.2526E-04 8.0000E-04
5.2572E-04 8.0000E-04
2.7034E-03 8.0000E-04
1.2175E-03 8.0000E-04
9.1171E-04 8.0000E-04
2.1377E-03 8.0000E-04
1.2512E-03 8.0000E-04
3.1758E-03 8.0000E-04
6.0605E-04 8.0000E-04
7.5954E-04 8.0000E-04
7.8313E-04 8.0000E-04
4.6604E-03 8.0000E-04
2.2456E-03 8.0000E-04
5.3646E-04 8.0000E-04
1.5882E-03 8.0000E-04
2.0914E-03 8.0000E-04
2.6310E-03 8.0000E-04
7.9936E-04 8.0000E-04
2.6107E-04 8.0000E-04
3.4898E-04 8.0000E-04
2.5797E-03 8.0000E-04
5.7931E-04 8.0000E-04
6.7187E-04 8.0000E-04
8.2867E-04 8.0000E-04
1.5130E-03 8.0000E-04
1.4431E-03 8.0000E-04
3.6639E-04 8.0000E-04
4.4971E-04 8.0000E-04
4.0934E-04 8.0000E-04
2.0894E-03 8.0000E-04
6.7135E-04 8.0000E-04
4.9732E-04 8.0000E-04
6.7472E-04 8.0000E-04
8.1159E-04 8.0000E-04
8.0557E-04 8.0000E-04
4.2171E-04 8.0000E-04
4.1564E-04 8.0000E-04
4.4896E-04 8.0000E-04
7.2485E-04 8.0000E-04
5.5562E-04 8.0000E-04
4.6568E-04 8.0000E-04
4.2251E-04 8.0000E-04
5.0534E-04 8.0000E-04
2.5582E-04 8.0000E-04
3.0086E-04 8.0000E-04
4.0561E-04 8.0000E-04
7.8310E-04 8.0000E-04
2.1135E-04 8.0000E-04
2.8034E-04 8.0000E-04
3.2262E-04 8.0000E-04
8.5771E-04 8.0000E-04
5.3028E-04 8.0000E-04
2.9891E-04 8.0000E-04
4.4466E-04 8.0000E-04
6.0574E-04 8.0000E-04
5.1665E-04 8.0000E-04
7.7433E-04 8.0000E-04
4.9804E-04 8.0000E-04
2.6172E-04 8.0000E-04
7.1143E-04 8.0000E-04
5.4227E-04 8.0000E-04
2.1805E-04 8.0000E-04
8.1987E-04 8.0000E-04
6.2875E-04 8.0000E-04
6.7902E-04 8.0000E-04
9.0863E-04 8.0000E-04
8.7432E-04 8.0000E-04
2.1032E-04 8.0000E-04
7.8949E-04 8.0000E-04
7.2539E-04 8.0000E-04
4.4847E-04 8.0000E-04
1.5527E-03 8.0000E-04
8.5272E-04 8.0000E-04
6.2774E-04 8.0000E-04
2.5762E-03 8.0000E-04
7.4693E-04 8.0000E-04
1.3206E-04 8.0000E-04
1.3479E-03 8.0000E-04
3.0608E-03 8.0000E-04
2.5572E-04 8.0000E-04
1.0041E-03 8.0000E-04
1.9041E-03 8.0000E-04
1.7245E-03 8.0000E-04
2.9219E-03 8.0000E-04
1.3648E-03 8.0000E-04
1.7059E-03 8.0000E-04
6.0485E-04 8.0000E-04
8.8187E-04 8.0000E-04
2.3118E-03 8.0000E-04
7.7987E-04 8.0000E-04
6.9486E-04 8.0000E-04
1.3138E-03 8.0000E-04
3.9053E-04 8.0000E-04
3.7846E-04 8.0000E-04
5.3152E-04 8.0000E-04
1.7082E-03 8.0000E-04
1.0190E-03 8.0000E-04
3.2750E-04 8.0000E-04
6.3508E-04 8.0000E-04
1.2488E-03 8.0000E-04
5.3677E-04 8.0000E-04
5.7918E-04 8.0000E-04
2.9612E-04 8.0000E-04
7.4447E-04 8.0000E-04
4.0506E-04 8.0000E-04
1.8211E-04 8.0000E-04
3.6999E-04 8.0000E-04
5.8296E-04 8.0000E-04
3.0156E-04 8.0000E-04
5.6720E-04 8.0000E-04
3.8240E-04 8.0000E-04
4.8470E-04 8.0000E-04
6.2667E-04 8.0000E-04
1.9384E-04 8.0000E-04
1.2091E-04 8.0000E-04
3.7435E-04 8.0000E-04
7.0075E-04 8.0000E-04
3.7437E-04 8.0000E-04
3.2361E-04 8.0000E-04
3.9431E-04 8.0000E-04
6.0319E-04 8.0000E-04
8.1190E-04 8.0000E-04
1.6872E-04 8.0000E-04
2.8259E-04 8.0000E-04
3.4311E-04 8.0000E-04
4.7750E-04 8.0000E-04
9.5570E-04 8.0000E-04
2.8984E-04 8.0000E-04
6.0258E-05 8.0000E-04
4.4839E-04 8.0000E-04
5.9252E-04 8.0000E-04
1.8845E-04 8.0000E-04
3.0630E-04 8.0000E-04
4.3335E-04 8.0000E-04
5.2773E-04 8.0000E-04
1.1860E-03 8.0000E-04
1.9627E-04 8.0000E-04
8.7062E-05 8.0000E-04
2.4108E-04 8.0000E-04
6.4219E-04 8.0000E-04
6.5923E-04 8.0000E-04
4.6637E-04 8.0000E-04
7.8475E-04 8.0000E-04
2.2818E-04 8.0000E-04
3.2337E-04 8.0000E-04
7.1225E-04 8.0000E-04
9.8186E-04 8.0000E-04
1.8162E-04 8.0000E-04
7.1069E-04 8.0000E-04
6.2220E-04 8.0000E-04
1.7602E-03 8.0000E-04
5.4262E-04 8.0000E-04
9.2787E-04 8.0000E-04
1.4617E-03 8.0000E-04
3.4057E-03 8.0000E-04
3.7035E-04 8.0000E-04
3.1303E-03 8.0000E-04
4.1462E-03 8.0000E-04
6.0172E-03 8.0000E-04
1.7034E-03 8.0000E-04
4.9667E-03 8.0000E-04
1.1505E-03 8.0000E-04
5.1916E-03 8.0000E-04
1.5463E-03 8.0000E-04
4.4797E-03 8.0000E-04
1.5776E-03 8.0000E-04
1.9602E-03 8.0000E-04
3.0836E-03 8.0000E-04
1.1658E-03 8.0000E-04
1.2076E-03 8.0000E-04
2.0509E-03 8.0000E-04
1.4652E-03 8.0000E-04
1.0407E-03 8.0000E-04
1.7577E-03 8.0000E-04
2.1743E-03 8.0000E-04
1.8338E-03 8.0000E-04
1.2046E-03 8.0000E-04
1.3373E-03 8.0000E-04
7.0058E-04 8.0000E-04
5.1607E-04 8.0000E-04
1.2024E-03 8.0000E-04
1.0527E-03 8.0000E-04
3.1922E-04 8.0000E-04
8.1461E-04 8.0000E-04
6.9437E-04 8.0000E-04
1.2540E-03 8.0000E-04
1.3851E-03 8.0000E-04
4.7546E-04 8.0000E-04
3.1001E-04 8.0000E-04
4.4464E-04 8.0000E-04
1.0854E-03 8.0000E-04
5.1067E-04 8.0000E-04
5.7108E-04 8.0000E-04
8.0706E-04 8.0000E-04
8.8361E-04 8.0000E-04
1.4541E-03 8.0000E-04
5.2084E-04 8.0000E-04
3.9387E-04 8.0000E-04
4.7766E-04 8.0000E-04
7.3331E-04 8.0000E-04
6.0456E-04 8.0000E-04
6.1549E-04 8.0000E-04
7.2406E-04 8.0000E-04
7.6918E-04 8.0000E-04
4.0070E-04 8.0000E-04
4.4558E-04 8.0000E-04
4.0374E-04 8.0000E-04
2.8839E-04 8.0000E-04
4.7806E-04 8.0000E-04
7.5228E-04 8.0000E-04
3.5255E-04 8.0000E-04
2.2825E-04 8.0000E-04
3.5658E-04 8.0000E-04
5.2866E-04 8.0000E-04
2.5451E-04 8.0000E-04
2.5048E-04 8.0000E-04
3.0436E-04 8.0000E-04
5.9192E-04 8.0000E-04
4.5424E-04 8.0000E-04
2.4586E-04 8.0000E-04
3.9749E-04 8.0000E-04
5.6661E-04 8.0000E-04
1.5441E-04 8.0000E-04
2.5985E-04 8.0000E-04
2.6301E-04 8.0000E-04
6.1471E-04 8.0000E-04
9.5086E-04 8.0000E-04
1.1954E-04 8.0000E-04
9.6766E-05 8.0000E-04
2.4858E-04 8.0000E-04
7.4652E-04 8.0000E-04
2.3234E-04 8.0000E-04
2.1206E-04 8.0000E-04
4.1655E-04 8.0000E-04
5.8419E-04 8.0000E-04
9.8035E-04 8.0000E-04
1.3561E-04 8.0000E-04
9.3795E-05 8.0000E-04
2.3154E-04 8.0000E-04
7.5909E-04 8.0000E-04
4.8296E-04 8.0000E-04
3.6039E-04 8.0000E-04
5.2009E-04 8.0000E-04
5.9666E-04 8.0000E-04
8.0021E-04 8.0000E-04
1.9939E-04 8.0000E-04
3.2259E-04 8.0000E-04
4.0215E-04 8.0000E-04
4.9277E-04 8.0000E-04
1.4238E-03 8.0000E-04
4.6337E-04 8.0000E-04
5.0617E-05 8.0000E-04
5.4980E-04 8.0000E-04
7.4774E-04 8.0000E-04
1.4420E-04 8.0000E-04
5.3188E-04 8.0000E-04
7.0953E-04 8.0000E-04
9.6819E-04 8.0000E-04
1.2769E-03 8.0000E-04
2.7974E-04 8.0000E-04
3.1758E-04 8.0000E-04
5.5870E-04 8.0000E-04
1.4142E-03 8.0000E-04
5.6182E-04 8.0000E-04
7.1548E-04 8.0000E-04
9.4718E-04 8.0000E-04
1.5401E-03 8.0000E-04
7.4187E-04 8.0000E-04
9.2583E-04 8.0000E-04
1.0760E-03 8.0000E-04
2.2057E-03 8.0000E-04
8.0157E-04 8.0000E-04
1.2069E-03 8.0000E-04
9.9841E-04 8.0000E-04
3.0506E-03 8.0000E-04
7.9919E-04 8.0000E-04
1.7118E-03 8.0000E-04
6.5041E-04 8.0000E-04
2.8203E-03 8.0000E-04
5.1486E-03 8.0000E-04
7.9245E-04 8.0000E-04
6.9857E-04 8.0000E-04
2.3403E-03 8.0000E-04
2.7756E-03 8.0000E-04
5.2166E-04 8.0000E-04
5.4147E-03 8.0000E-04
2.6840E-03 8.0000E-04
1.1971E-03 8.0000E-04
5.3750E-03 8.0000E-04
1.1222E-03 8.0000E-04
4.6111E-03 8.0000E-04
2.7024E-03 8.0000E-04
6.0549E-04 8.0000E-04
4.5960E-03 8.0000E-04
1.7072E-03 8.0000E-04
1.1976E-03 8.0000E-04
3.9420E-03 8.0000E-04
1.4336E-03 8.0000E-04
3.2237E-03 8.0000E-04
4.1385E-03 8.0000E-04
7.3232E-04 8.0000E-04
9.8393E-04 8.0000E-04
9.1103E-04 8.0000E-04
6.7183E-03 8.0000E-04
1.9297E-03 8.0000E-04
1.5964E-03 8.0000E-04
2.1715E-03 8.0000E-04
4.1604E-03 8.0000E-04
2.1618E-03 8.0000E-04
9.8560E-04 8.0000E-04
2.1104E-03 8.0000E-04
1.0435E-03 8.0000E-04
1.8134E-03 8.0000E-04
2.0314E-03 8.0000E-04
1.9267E-03 8.0000E-04
1.7320E-03 8.0000E-04
2.6166E-03 8.0000E-04
7.1921E-04 8.0000E-04
1.4713E-03 8.0000E-04
1.5351E-03 8.0000E-04
2.0528E-03 8.0000E-04
3.4489E-03 8.0000E-04
1.0128E-03 8.0000E-04
5.7335E-04 8.0000E-04
2.7745E-03 8.0000E-04
1.8166E-03 8.0000E-04
9.0658E-04 8.0000E-04
3.2770E-03 8.0000E-04
3.1832E-03 8.0000E-04
1.5404E-03 8.0000E-04
4.0152E-03 8.0000E-04
7.9406E-04 8.0000E-04
6.5854E-04 8.0000E-04
2.2296E-03 8.0000E-04
2.5759E-03 8.0000E-04
4.6637E-03 8.0000E-04
1.8834E-03 8.0000E-04
6.5590E-04 8.0000E-04
9.1534E-04 8.0000E-04
2.2081E-03 8.0000E-04
1.4390E-03 8.0000E-04
6.8976E-04 8.0000E-04
9.7491E-04 8.0000E-04
1.4531E-03 8.0000E-04
5.6539E-04 8.0000E-04
5.0997E-04 8.0000E-04
6.3770E-04 8.0000E-04
1.5060E-03 8.0000E-04
6.1320E-04 8.0000E-04
4.7834E-04 8.0000E-04
6.9975E-04 8.0000E-04
1.0588E-03 8.0000E-04
1.5108E-03 8.0000E-04
3.7298E-04 8.0000E-04
7.3962E-04 8.0000E-04
5.4788E-04 8.0000E-04
1.3697E-03 8.0000E-04
1.6570E-03 8.0000E-04
3.9918E-04 8.0000E-04
3.2825E-04 8.0000E-04
8.0409E-04 8.0000E-04
1.6118E-03 8.0000E-04
1.6950E-03 8.0000E-04
1.1359E-03 8.0000E-04
2.6613E-03 8.0000E-04
1.0748E-03 8.0000E-04
1.1782E-03 8.0000E-04
2.0102E-03 8.0000E-04
2.6603E-03 8.0000E-04
1.2788E-03 8.0000E-04
2.1472E-03 8.0000E-04
2.0178E-03 8.0000E-04
2.6913E-03 8.0000E-04
2.7699E-03 8.0000E-04
1.0034E-03 8.0000E-04
9.0509E-04 8.0000E-04
1.4909E-03 8.0000E-04
2.0518E-03 8.0000E-04
5.5140E-04 8.0000E-04
6.7113E-04 8.0000E-04
7.8140E-04 8.0000E-04
2.3088E-03 8.0000E-04
3.2247E-04 8.0000E-04
2.5336E-04 8.0000E-04
5.1189E-04 8.0000E-04
1.3494E-03 8.0000E-04
1.1054E-03 8.0000E-04
7.0334E-04 8.0000E-04
6.6773E-04 8.0000E-04
8.2239E-04 8.0000E-04
1.0450E-03 8.0000E-04
1.5755E-03 8.0000E-04
4.9843E-04 8.0000E-04
4.8799E-04 8.0000E-04
1.0011E-03 8.0000E-04
1.6801E-03 8.0000E-04
5.2874E-04 8.0000E-04
9.7271E-04 8.0000E-04
9.9068E-04 8.0000E-04
2.1533E-03 8.0000E-04
3.5629E-03 8.0000E-04
4.0467E-04 8.0000E-04
1.3689E-03 8.0000E-04
8.7402E-04 8.0000E-04
2.9313E-03 8.0000E-04
2.9634E-03 8.0000E-04
8.3574E-04 8.0000E-04
2.3546E-03 8.0000E-04
2.8907E-03 8.0000E-04
3.9640E-03 8.0000E-04
7.5366E-04 8.0000E-04
3.8610E-03 8.0000E-04
4.4619E-04 8.0000E-04
2.9783E-03 8.0000E-04
2.6253E-03 8.0000E-04
2.9235E-03 8.0000E-04
6.1534E-04 8.0000E-04
4.1894E-03 8.0000E-04
1.5263E-03 8.0000E-04
4.9602E-04 8.0000E-04
2.9172E-03 8.0000E-04
2.1446E-03 8.0000E-04
1.6770E-03 8.0000E-04
2.0736E-03 8.0000E-04
1.1161E-03 8.0000E-04
4.1818E-04 8.0000E-04
1.7382E-03 8.0000E-04
9.5968E-04 8.0000E-04
7.7815E-04 8.0000E-04
1.4634E-03 8.0000E-04
2.0672E-03 8.0000E-04
8.4578E-04 8.0000E-04
1.1856E-03 8.0000E-04
3.7591E-04 8.0000E-04
5.3386E-04 8.0000E-04
1.4078E-03 8.0000E-04
1.4719E-03 8.0000E-04
5.4015E-04 8.0000E-04
7.7939E-04 8.0000E-04
7.4945E-04 8.0000E-04
1.3489E-03 8.0000E-04
1.0297E-03 8.0000E-04
5.7338E-04 8.0000E-04
9.3523E-04 8.0000E-04
1.2294E-03 8.0000E-04
7.1394E-04 8.0000E-04
1.1863E-03 8.0000E-04
9.6276E-04 8.0000E-04
1.5744E-03 8.0000E-04
1.1601E-03 8.0000E-04
7.8296E-04 8.0000E-04
7.3559E-04 8.0000E-04
1.4741E-03 8.0000E-04
8.5041E-04 8.0000E-04
7.7498E-04 8.0000E-04
1.1451E-03 8.0000E-04
2.0094E-03 8.0000E-04
2.9040E-04 8.0000E-04
5.8042E-04 8.0000E-04
6.1450E-04 8.0000E-04
2.0206E-03 8.0000E-04
8.2993E-04 8.0000E-04
4.7258E-04 8.0000E-04
9.5989E-04 8.0000E-04
1.1545E-03 8.0000E-04
8.2720E-04 8.0000E-04
2.3865E-03 8.0000E-04
7.5153E-04 8.0000E-04
4.3950E-04 8.0000E-04
1.6264E-03 8.0000E-04
1.9371E-03 8.0000E-04
6.2013E-04 8.0000E-04
1.8834E-03 8.0000E-04
1.3092E-03 8.0000E-04
1.6226E-03 8.0000E-04
3.7883E-03 8.0000E-04
7.2380E-04 8.0000E-04
3.2274E-04 8.0000E-04
1.3023E-03 8.0000E-04
4.6406E-03 8.0000E-04
8.7725E-04 8.0000E-04
1.3292E-03 8.0000E-04
1.2410E-03 8.0000E-04
4.0422E-03 8.0000E-04
8.1803E-04 8.0000E-04
9.8383E-04 8.0000E-04
9.4273E-04 8.0000E-04
2.7166E-03 8.0000E-04
8.2733E-04 8.0000E-04
1.5634E-03 8.0000E-04
1.0283E-03 8.0000E-04
2.8176E-03 8.0000E-04
1.4677E-03 8.0000E-04
1.0999E-03 8.0000E-04
1.2296E-03 8.0000E-04
2.7278E-03 8.0000E-04
7.8914E-04 8.0000E-04
2.6989E-03 8.0000E-04
1.5623E-03 8.0000E-04
3.9121E-03 8.0000E-04
4.4484E-03 8.0000E-04
1.7450E-03 8.0000E-04
2.1416E-03 8.0000E-04
4.8722E-03 8.0000E-04
4.5683E-03 8.0000E-04
1.9254E-03 8.0000E-04
7.1567E-03 8.0000E-04
2.3582E-03 8.0000E-04
1.1839E-03 8.0000E-04
3.7837E-03 8.0000E-04
2.8129E-03 8.0000E-04
1.6708E-03 8.0000E-04
1.6073E-03 8.0000E-04
2.0040E-03 8.0000E-04
1.7481E-03 8.0000E-04
2.9293E-03 8.0000E-04
1.2275E-03 8.0000E-04
1.3606E-03 8.0000E-04
9.7676E-04 8.0000E-04
8.7363E-04 8.0000E-04
1.3967E-03 8.0000E-04
7.5753E-04 8.0000E-04
4.1084E-04 8.0000E-04
1.0172E-03 8.0000E-04
1.1803E-03 8.0000E-04
4.5664E-04 8.0000E-04
9.4904E-04 8.0000E-04
7.1307E-04 8.0000E-04
1.1475E-03 8.0000E-04
9.4554E-04 8.0000E-04
7.6360E-04 8.0000E-04
5.8706E-04 8.0000E-04
1.0417E-03 8.0000E-04
6.6358E-04 8.0000E-04
3.7573E-04 8.0000E-04
9.0806E-04 8.0000E-04
1.1288E-03 8.0000E-04
1.6727E-04 8.0000E-04
4.0513E-04 8.0000E-04
5.0507E-04 8.0000E-04
1.1849E-03 8.0000E-04
1.3290E-03 8.0000E-04
1.5359E-04 8.0000E-04
2.5784E-04 8.0000E-04
5.1563E-04 8.0000E-04
1.3375E-03 8.0000E-04
4.1039E-04 8.0000E-04
2.7344E-04 8.0000E-04
5.3592E-04 8.0000E-04
1.0127E-03 8.0000E-04
6.2206E-04 8.0000E-04
3.3870E-04 8.0000E-04
5.2160E-04 8.0000E-04
7.2799E-04 8.0000E-04
5.0867E-04 8.0000E-04
6.6899E-04 8.0000E-04
4.7296E-04 8.0000E-04
7.7618E-04 8.0000E-04
5.8272E-04 8.0000E-04
5.6442E-04 8.0000E-04
2.5143E-04 8.0000E-04
4.5085E-04 8.0000E-04
9.2932E-04 8.0000E-04
3.0481E-04 8.0000E-04
3.8070E-04 8.0000E-04
4.7216E-04 8.0000E-04
9.5271E-04 8.0000E-04
6.2655E-04 8.0000E-04
2.2179E-04 8.0000E-04
4.2312E-04 8.0000E-04
7.0526E-04 8.0000E-04
2.3238E-04 8.0000E-04
4.3332E-04 8.0000E-04
4.1933E-04 8.0000E-04
7.5090E-04 8.0000E-04
7.6942E-04 8.0000E-04
2.5945E-04 8.0000E-04
1.6385E-04 8.0000E-04
2.9456E-04 8.0000E-04
8.0823E-04 8.0000E-04
3.3942E-04 8.0000E-04
2.3023E-04 8.0000E-04
4.1189E-04 8.0000E-04
5.4481E-04 8.0000E-04
1.1619E-03 8.0000E-04
1.0844E-04 8.0000E-04
9.1853E-05 8.0000E-04
2.7060E-04 8.0000E-04
8.1890E-04 8.0000E-04
4.1301E-04 8.0000E-04
3.0590E-04 8.0000E-04
4.8069E-04 8.0000E-04
5.6288E-04 8.0000E-04
6.2823E-04 8.0000E-04
2.8718E-04 8.0000E-04
1.6209E-04 8.0000E-04
2.9583E-04 8.0000E-04
6.8040E-04 8.0000E-04
2.7506E-04 8.0000E-04
2.8669E-04 8.0000E-04
3.5009E-04 8.0000E-04
5.6736E-04 8.0000E-04
1.1130E-03 8.0000E-04
2.3363E-04 8.0000E-04
7.2690E-05 8.0000E-04
2.1029E-04 8.0000E-04
4.8948E-04 8.0000E-04
8.6883E-04 8.0000E-04
2.0181E-04 8.0000E-04
3.5239E-04 8.0000E-04
3.2161E-04 8.0000E-04
5.7076E-04 8.0000E-04
4.5326E-04 8.0000E-04
4.0392E-04 8.0000E-04
1.4895E-04 8.0000E-04
3.3942E-04 8.0000E-04
5.4703E-04 8.0000E-04
1.2422E-04 8.0000E-04
2.5150E-04 8.0000E-04
3.2449E-04 8.0000E-04
5.5803E-04 8.0000E-04
8.0386E-04 8.0000E-04
9.9826E-05 8.0000E-04
7.4737E-05 8.0000E-04
2.1857E-04 8.0000E-04
7.1365E-04 8.0000E-04
2.4366E-04 8.0000E-04
1.7701E-04 8.0000E-04
3.4676E-04 8.0000E-04
4.6193E-04 8.0000E-04
7.6388E-04 8.0000E-04
7.1340E-05 8.0000E-04
8.7116E-05 8.0000E-04
1.9243E-04 8.0000E-04
7.1027E-04 8.0000E-04
2.0026E-04 8.0000E-04
1.6074E-04 8.0000E-04
3.3009E-04 8.0000E-04
5.0169E-04 8.0000E-04
5.0443E-04 8.0000E-04
1.5126E-04 8.0000E-04
2.3075E-04 8.0000E-04
2.4790E-04 8.0000E-04
2.6554E-04 8.0000E-04
7.3072E-04 8.0000E-04
2.7371E-04 8.0000E-04
3.7703E-05 8.0000E-04
3.9920E-04 8.0000E-04
3.9599E-04 8.0000E-04
2.2821E-05 8.0000E-04
1.4883E-04 8.0000E-04
2.9880E-04 8.0000E-04
3.8835E-04 8.0000E-04
8.9150E-04 8.0000E-04
1.4297E-04 8.0000E-04
5.1627E-05 8.0000E-04
1.7515E-04 8.0000E-04
2.9739E-04 8.0000E-04
4.4708E-04 8.0000E-04
2.6238E-04 8.0000E-04
4.4109E-04 8.0000E-04
7.5630E-05 8.0000E-04
9.0362E-05 8.0000E-04
3.0136E-04 8.0000E-04
4.1689E-04 8.0000E-04
4.4689E-05 8.0000E-04
1.3440E-04 8.0000E-04
2.6580E-04 8.0000E-04
3.3419E-04 8.0000E-04
3.9889E-04 8.0000E-04
2.2153E-04 8.0000E-04
9.0264E-05 8.0000E-04
1.5340E-04 8.0000E-04
3.3226E-04 8.0000E-04
5.5198E-04 8.0000E-04
3.7313E-05 8.0000E-04
6.2196E-05 8.0000E-04
1.4305E-04 8.0000E-04
4.9184E-04 8.0000E-04
9.2686E-05 8.0000E-04
1.1058E-04 8.0000E-04
2.1897E-04 8.0000E-04
4.0350E-04 8.0000E-04
4.2177E-04 8.0000E-04
6.8857E-05 8.0000E-04
1.3584E-04 8.0000E-04
1.6025E-04 8.0000E-04
1.6445E-04 8.0000E-04
5.7520E-04 8.0000E-04
3.1432E-04 8.0000E-04
6.4700E-05 8.0000E-04
5.5907E-05 8.0000E-04
1.5062E-04 8.0000E-04
2.7974E-04 8.0000E-04
4.0137E-04 8.0000E-04
1.7704E-04 8.0000E-04
7.8596E-05 8.0000E-04
2.8627E-04 8.0000E-04
2.0049E-03 8.0000E-04
1.1009E-03 8.0000E-04
2.5540E-03 8.0000E-04
1.3074E-03 8.0000E-04
3.6766E-04 8.0000E-04
9.1137E-04 8.0000E-04
9.9745E-04 8.0000E-04
9.4500E-04 8.0000E-04
2.2560E-04 8.0000E-04
6.0219E-04 8.0000E-04
8.4233E-04 8.0000E-04
1.5121E-03 8.0000E-04
2.0084E-04 8.0000E-04
2.2128E-04 8.0000E-04
5.1435E-04 8.0000E-04
1.0738E-03 8.0000E-04
9.6381E-04 8.0000E-04
3.2235E-04 8.0000E-04
6.3215E-04 8.0000E-04
7.5163E-04 8.0000E-04
5.1553E-04 8.0000E-04
9.2371E-04 8.0000E-04
4.7141E-04 8.0000E-04
3.3603E-04 8.0000E-04
1.0407E-03 8.0000E-04
7.8825E-04 8.0000E-04
1.6241E-04 8.0000E-04
4.7480E-04 8.0000E-04
4.6764E-04 8.0000E-04
1.0684E-03 8.0000E-04
5.8725E-04 8.0000E-04
1.6559E-04 8.0000E-04
5.4057E-04 8.0000E-04
6.8864E-04 8.0000E-04
1.9461E-04 8.0000E-04
6.1333E-04 8.0000E-04
3.7402E-04 8.0000E-04
1.2280E-03 8.0000E-04
1.2203E-04 8.0000E-04
8.0999E-05 8.0000E-04
3.4417E-04 8.0000E-04
8.9996E-04 8.0000E-04
1.6919E-04 8.0000E-04
2.1269E-04 8.0000E-04
4.4673E-04 8.0000E-04
5.9277E-04 8.0000E-04
1.0985E-03 8.0000E-04
1.8421E-04 8.0000E-04
1.6839E-04 8.0000E-04
2.5853E-04 8.0000E-04
6.2980E-04 8.0000E-04
3.8587E-04 8.0000E-04
4.4365E-04 8.0000E-04
3.9698E-04 8.0000E-04
8.3358E-04 8.0000E-04
2.0481E-04 8.0000E-04
1.1812E-04 8.0000E-04
2.5117E-04 8.0000E-04
5.7355E-04 8.0000E-04
5.3925E-04 8.0000E-04
4.7336E-04 8.0000E-04
5.0403E-04 8.0000E-04
4.3024E-04 8.0000E-04
4.6251E-04 8.0000E-04
7.2285E-04 8.0000E-04
7.9323E-05 8.0000E-04
1.1211E-04 8.0000E-04
3.9043E-04 8.0000E-04
6.5238E-04 8.0000E-04
6.4556E-04 8.0000E-04
3.8098E-04 8.0000E-04
5.6093E-04 8.0000E-04
5.2114E-04 8.0000E-04
1.9269E-04 8.0000E-04
3.9599E-04 8.0000E-04
3.0510E-04 8.0000E-04
6.6424E-04 8.0000E-04
1.0648E-03 8.0000E-04
1.5076E-04 8.0000E-04
9.2348E-05 8.0000E-04
2.1657E-04 8.0000E-04
4.7132E-04 8.0000E-04
5.7402E-04 8.0000E-04
5.8079E-04 8.0000E-04
7.0750E-04 8.0000E-04
4.5512E-04 8.0000E-04
2.8556E-04 8.0000E-04
5.9028E-04 8.0000E-04
3.9082E-04 8.0000E-04
2.0319E-04 8.0000E-04
8.9215E-04 8.0000E-04
6.0774E-04 8.0000E-04
3.4478E-05 8.0000E-04
3.5218E-04 8.0000E-04
3.5291E-04 8.0000E-04
4.9616E-04 8.0000E-04
1.0305E-03 8.0000E-04
6.8800E-05 8.0000E-04
7.8138E-05 8.0000E-04
2.9533E-04 8.0000E-04
4.8883E-04 8.0000E-04
8.8351E-04 8.0000E-04
2.7917E-04 8.0000E-04
1.9564E-04 8.0000E-04
4.2975E-04 8.0000E-04
3.5992E-04 8.0000E-04
4.5712E-04 8.0000E-04
6.0733E-04 8.0000E-04
2.9157E-04 8.0000E-04
1.6648E-04 8.0000E-04
4.7573E-04 8.0000E-04
6.1244E-04 8.0000E-04
1.3217E-04 8.0000E-04
3.1814E-04 8.0000E-04
2.6260E-04 8.0000E-04
8.5358E-04 8.0000E-04
5.4820E-04 8.0000E-04
1.7151E-04 8.0000E-04
1.3194E-04 8.0000E-04
1.7699E-04 8.0000E-04
6.1701E-04 8.0000E-04
5.2635E-04 8.0000E-04
1.7588E-04 8.0000E-04
3.3545E-04 8.0000E-04
3.9018E-04 8.0000E-04
2.5702E-04 8.0000E-04
4.0697E-04 8.0000E-04
2.3402E-04 8.0000E-04
1.7476E-04 8.0000E-04
6.6677E-04 8.0000E-04
2.1552E-04 8.0000E-04
6.0258E-05 8.0000E-04
3.6963E-04 8.0000E-04
4.7619E-04 8.0000E-04
1.0243E-04 8.0000E-04
3.1284E-04 8.0000E-04
2.9176E-04 8.0000E-04
4.5258E-04 8.0000E-04
5.5638E-04 8.0000E-04
2.7684E-04 8.0000E-04
1.1769E-04 8.0000E-04
2.5810E-04 8.0000E-04
3.7873E-04 8.0000E-04
2.1625E-04 8.0000E-04
4.1732E-04 8.0000E-04
3.2208E-04 8.0000E-04
4.6796E-04 8.0000E-04
4.5938E-04 8.0000E-04
7.4704E-05 8.0000E-04
6.0649E-05 8.0000E-04
1.8177E-04 8.0000E-04
5.5322E-04 8.0000E-04
4.2274E-04 8.0000E-04
2.0986E-04 8.0000E-04
3.6476E-04 8.0000E-04
2.6989E-04 8.0000E-04
3.6500E-04 8.0000E-04
3.3880E-04 8.0000E-04
2.0368E-04 8.0000E-04
2.3626E-04 8.0000E-04
4.0939E-04 8.0000E-04
1.6736E-04 8.0000E-04
2.3079E-04 8.0000E-04
2.6111E-04 8.0000E-04
5.1473E-04 8.0000E-04
7.1212E-05 8.0000E-04
9.5201E-05 8.0000E-04
2.0976E-04 8.0000E-04
4.6500E-04 8.0000E-04
3.7262E-04 8.0000E-04
1.2479E-04 8.0000E-04
2.2646E-04 8.0000E-04
2.9576E-04 8.0000E-04
2.4643E-04 8.0000E-04
2.9648E-04 8.0000E-04
2.1131E-04 8.0000E-04
1.5643E-04 8.0000E-04
2.9504E-04 8.0000E-04
2.8174E-04 8.0000E-04
4.9664E-05 8.0000E-04
2.2046E-04 8.0000E-04
1.0956E-04 8.0000E-04
