RMS Grad   Target
3.1728E-03 2.0000E-04
2.8394E-03 2.0000E-04
7.1128E-04 2.0000E-04
4.8800E-04 2.0000E-04
4.2679E-04 2.0000E-04
5.1383E-04 2.0000E-04
2.5458E-04 2.0000E-04
1.9915E-04 2.0000E-04
2.1355E-04 2.0000E-04
3.6844E-04 2.0000E-04
1.7801E-04 2.0000E-04
1.5500E-04 2.0000E-04
1.8732E-04 2.0000E-04
3.4528E-04 2.0000E-04
1.5714E-04 2.0000E-04
1.1455E-04 2.0000E-04
1.4171E-04 2.0000E-04
1.8859E-04 2.0000E-04
3.2201E-04 2.0000E-04
1.0403E-04 2.0000E-04
9.3770E-05 2.0000E-04
1.1439E-04 2.0000E-04
1.7185E-04 2.0000E-04
1.2006E-04 2.0000E-04
7.1810E-05 2.0000E-04
8.8116E-05 2.0000E-04
1.1316E-04 2.0000E-04
8.1401E-05 2.0000E-04
1.4021E-04 2.0000E-04
5.7687E-05 2.0000E-04
5.3166E-05 2.0000E-04
6.7658E-05 2.0000E-04
1.3053E-04 2.0000E-04
7.1750E-05 2.0000E-04
5.4611E-05 2.0000E-04
6.3489E-05 2.0000E-04
1.1641E-04 2.0000E-04
4.8364E-05 2.0000E-04
4.5413E-05 2.0000E-04
6.2703E-05 2.0000E-04
7.5817E-05 2.0000E-04
1.1990E-04 2.0000E-04
3.8934E-05 2.0000E-04
3.1144E-05 2.0000E-04
4.3698E-05 2.0000E-04
6.5360E-05 2.0000E-04
6.9002E-05 2.0000E-04
5.3883E-05 2.0000E-04
5.0868E-05 2.0000E-04
7.5071E-05 2.0000E-04
2.2801E-04 2.0000E-04
3.1014E-04 2.0000E-04
3.3490E-04 2.0000E-04
4.1819E-04 2.0000E-04
4.2283E-04 2.0000E-04
6.2250E-04 2.0000E-04
3.3126E-04 2.0000E-04
3.1376E-04 2.0000E-04
1.8323E-04 2.0000E-04
2.0834E-04 2.0000E-04
2.4473E-04 2.0000E-04
3.3995E-04 2.0000E-04
1.2252E-04 2.0000E-04
1.2732E-04 2.0000E-04
1.1776E-04 2.0000E-04
1.2955E-04 2.0000E-04
1.2165E-04 2.0000E-04
9.0393E-05 2.0000E-04
7.5724E-05 2.0000E-04
1.1590E-04 2.0000E-04
5.8393E-05 2.0000E-04
5.0660E-05 2.0000E-04
6.2279E-05 2.0000E-04
7.9491E-05 2.0000E-04
7.6343E-05 2.0000E-04
3.8782E-05 2.0000E-04
3.9144E-05 2.0000E-04
4.8158E-05 2.0000E-04
6.7332E-05 2.0000E-04
4.2670E-05 2.0000E-04
3.2931E-05 2.0000E-04
3.9500E-05 2.0000E-04
4.6816E-05 2.0000E-04
3.5038E-05 2.0000E-04
4.2622E-05 2.0000E-04
5.7721E-05 2.0000E-04
4.2676E-05 2.0000E-04
4.5776E-05 2.0000E-04
5.4987E-05 2.0000E-04
3.8707E-05 2.0000E-04
3.3976E-05 2.0000E-04
4.2829E-05 2.0000E-04
3.5170E-05 2.0000E-04
4.4740E-05 2.0000E-04
4.5198E-05 2.0000E-04
2.9947E-05 2.0000E-04
2.5424E-05 2.0000E-04
2.9268E-05 2.0000E-04
3.5108E-05 2.0000E-04
3.0774E-05 2.0000E-04
2.4997E-05 2.0000E-04
2.8458E-05 2.0000E-04
3.0468E-05 2.0000E-04
2.1735E-05 2.0000E-04
2.0318E-05 2.0000E-04
2.6144E-05 2.0000E-04
2.1655E-05 2.0000E-04
2.9109E-05 2.0000E-04
1.9654E-05 2.0000E-04
1.8594E-05 2.0000E-04
3.0068E-05 2.0000E-04
2.0015E-05 2.0000E-04
1.7244E-05 2.0000E-04
2.0906E-05 2.0000E-04
3.1686E-05 2.0000E-04
1.7339E-05 2.0000E-04
1.5357E-05 2.0000E-04
1.8796E-05 2.0000E-04
1.9484E-05 2.0000E-04
3.6440E-05 2.0000E-04
1.8519E-05 2.0000E-04
1.4954E-05 2.0000E-04
1.5200E-05 2.0000E-04
4.0217E-05 2.0000E-04
1.5296E-05 2.0000E-04
1.2355E-05 2.0000E-04
