Max Step   Target
4.2572E-03 1.8000E-02
1.4541E-01 1.8000E-02
3.9065E-02 1.8000E-02
7.2405E-02 1.8000E-02
8.1732E-02 1.8000E-02
6.5608E-02 1.8000E-02
0.0000E+00 1.8000E-02
1.8175E-03 1.8000E-02
4.9866E-03 1.8000E-02
7.4755E-03 1.8000E-02
1.6812E-02 1.8000E-02
1.7167E-02 1.8000E-02
1.9366E-02 1.8000E-02
5.8892E-02 1.8000E-02
2.2455E-03 1.8000E-02
2.7755E-03 1.8000E-02
2.6630E-02 1.8000E-02
1.3804E-02 1.8000E-02
2.6315E-02 1.8000E-02
3.9453E-03 1.8000E-02
1.7739E-03 1.8000E-02
4.2528E-03 1.8000E-02
4.0313E-03 1.8000E-02
8.7066E-03 1.8000E-02
1.6763E-02 1.8000E-02
6.4588E-03 1.8000E-02
3.3633E-03 1.8000E-02
5.4072E-03 1.8000E-02
1.1727E-02 1.8000E-02
1.5153E-02 1.8000E-02
1.0136E-02 1.8000E-02
6.9479E-03 1.8000E-02
