RMS Grad   Target
6.8545E-04 3.0000E-03
6.5666E-04 3.0000E-03
4.1781E-04 3.0000E-03
3.1415E-04 3.0000E-03
2.2036E-04 3.0000E-03
2.4038E-04 3.0000E-03
2.1830E-04 3.0000E-03
1.9320E-04 3.0000E-03
1.6361E-04 3.0000E-03
1.4115E-04 3.0000E-03
1.1974E-04 3.0000E-03
1.6074E-04 3.0000E-03
1.8740E-04 3.0000E-03
1.6186E-04 3.0000E-03
4.2387E-04 3.0000E-03
1.1236E-04 3.0000E-03
1.0822E-04 3.0000E-03
1.6208E-04 3.0000E-03
1.4466E-04 3.0000E-03
8.3335E-05 3.0000E-03
6.2947E-05 3.0000E-03
4.7169E-05 3.0000E-03
4.9784E-05 3.0000E-03
5.7669E-05 3.0000E-03
6.8061E-05 3.0000E-03
1.4341E-04 3.0000E-03
5.5099E-05 3.0000E-03
4.1841E-05 3.0000E-03
5.2887E-05 3.0000E-03
7.9108E-05 3.0000E-03
6.4910E-05 3.0000E-03
5.1386E-05 3.0000E-03
6.4552E-05 3.0000E-03
