RMS Step   Target
5.6923E-05 1.2000E-02
1.9505E-03 1.2000E-02
5.9233E-04 1.2000E-02
9.4500E-04 1.2000E-02
1.0186E-03 1.2000E-02
9.2919E-04 1.2000E-02
0.0000E+00 1.2000E-02
8.8036E-05 1.2000E-02
2.2704E-04 1.2000E-02
3.4642E-04 1.2000E-02
7.8038E-04 1.2000E-02
8.9212E-04 1.2000E-02
1.0366E-03 1.2000E-02
3.4013E-03 1.2000E-02
2.8461E-04 1.2000E-02
9.1106E-05 1.2000E-02
8.2266E-04 1.2000E-02
4.5574E-04 1.2000E-02
8.6368E-04 1.2000E-02
1.9359E-04 1.2000E-02
9.6373E-05 1.2000E-02
2.2567E-04 1.2000E-02
2.5333E-04 1.2000E-02
5.4367E-04 1.2000E-02
1.0925E-03 1.2000E-02
4.2959E-04 1.2000E-02
1.9161E-04 1.2000E-02
3.5078E-04 1.2000E-02
6.9595E-04 1.2000E-02
8.8973E-04 1.2000E-02
6.0299E-04 1.2000E-02
4.6259E-04 1.2000E-02
