Max Step   Target
1.2512E-02 1.2000E-03
1.1216E-01 1.2000E-03
3.1577E-02 1.2000E-03
5.2415E-02 1.2000E-03
4.6977E-02 1.2000E-03
2.6635E-02 1.2000E-03
1.0642E-02 1.2000E-03
1.9289E-02 1.2000E-03
3.2390E-02 1.2000E-03
1.4349E-02 1.2000E-03
8.9680E-03 1.2000E-03
2.2605E-02 1.2000E-03
4.0050E-02 1.2000E-03
3.2292E-02 1.2000E-03
1.5168E-02 1.2000E-03
2.0432E-02 1.2000E-03
2.5815E-02 1.2000E-03
1.1005E-02 1.2000E-03
1.6728E-02 1.2000E-03
1.2190E-02 1.2000E-03
2.9704E-02 1.2000E-03
1.8184E-02 1.2000E-03
9.5263E-03 1.2000E-03
1.5276E-02 1.2000E-03
2.1640E-02 1.2000E-03
8.0946E-03 1.2000E-03
9.2957E-03 1.2000E-03
8.1537E-03 1.2000E-03
1.3544E-02 1.2000E-03
2.3533E-03 1.2000E-03
2.5326E-03 1.2000E-03
5.9082E-03 1.2000E-03
1.1643E-02 1.2000E-03
2.8309E-03 1.2000E-03
2.6154E-03 1.2000E-03
4.8324E-03 1.2000E-03
4.8354E-03 1.2000E-03
8.2029E-03 1.2000E-03
2.1133E-03 1.2000E-03
1.8677E-03 1.2000E-03
3.9809E-03 1.2000E-03
8.8514E-03 1.2000E-03
3.2993E-03 1.2000E-03
3.3503E-03 1.2000E-03
7.1934E-03 1.2000E-03
1.0168E-02 1.2000E-03
1.2121E-02 1.2000E-03
2.3581E-03 1.2000E-03
9.3972E-04 1.2000E-03
3.3981E-03 1.2000E-03
9.2781E-03 1.2000E-03
5.4147E-03 1.2000E-03
4.6841E-03 1.2000E-03
6.3971E-03 1.2000E-03
8.1107E-03 1.2000E-03
1.4659E-02 1.2000E-03
1.3306E-03 1.2000E-03
1.6463E-03 1.2000E-03
3.1065E-03 1.2000E-03
1.0992E-02 1.2000E-03
2.0145E-02 1.2000E-03
1.2037E-03 1.2000E-03
3.4523E-03 1.2000E-03
5.2804E-03 1.2000E-03
1.1524E-02 1.2000E-03
1.6344E-02 1.2000E-03
1.0031E-03 1.2000E-03
1.6606E-03 1.2000E-03
4.0351E-03 1.2000E-03
1.2703E-02 1.2000E-03
1.5592E-02 1.2000E-03
1.4755E-03 1.2000E-03
4.3541E-03 1.2000E-03
6.3344E-03 1.2000E-03
1.7508E-02 1.2000E-03
1.0550E-02 1.2000E-03
4.4477E-03 1.2000E-03
7.7570E-03 1.2000E-03
1.0087E-02 1.2000E-03
5.2145E-03 1.2000E-03
8.2937E-03 1.2000E-03
6.5464E-03 1.2000E-03
1.2276E-02 1.2000E-03
8.9356E-03 1.2000E-03
7.9425E-04 1.2000E-03
1.0746E-03 1.2000E-03
4.5186E-03 1.2000E-03
1.8844E-02 1.2000E-03
1.3459E-02 1.2000E-03
7.3012E-03 1.2000E-03
7.6594E-03 1.2000E-03
6.4005E-03 1.2000E-03
1.4549E-02 1.2000E-03
3.7828E-03 1.2000E-03
2.2523E-03 1.2000E-03
4.5785E-03 1.2000E-03
1.3536E-02 1.2000E-03
8.7918E-03 1.2000E-03
1.4206E-02 1.2000E-03
5.2586E-03 1.2000E-03
1.5670E-02 1.2000E-03
6.5611E-03 1.2000E-03
3.8433E-03 1.2000E-03
1.1167E-03 1.2000E-03
7.9843E-03 1.2000E-03
1.6127E-02 1.2000E-03
8.6557E-03 1.2000E-03
1.0160E-02 1.2000E-03
6.8983E-03 1.2000E-03
7.2834E-03 1.2000E-03
5.6416E-03 1.2000E-03
7.1777E-03 1.2000E-03
8.7142E-03 1.2000E-03
1.1301E-02 1.2000E-03
9.8308E-03 1.2000E-03
5.6978E-03 1.2000E-03
6.7885E-03 1.2000E-03
3.5202E-03 1.2000E-03
7.1925E-03 1.2000E-03
7.1114E-03 1.2000E-03
1.0014E-02 1.2000E-03
6.3341E-03 1.2000E-03
5.6450E-03 1.2000E-03
4.0574E-03 1.2000E-03
7.7137E-03 1.2000E-03
3.2289E-03 1.2000E-03
2.7771E-03 1.2000E-03
8.8980E-03 1.2000E-03
1.1452E-02 1.2000E-03
1.6154E-03 1.2000E-03
7.5125E-03 1.2000E-03
2.4264E-03 1.2000E-03
1.4893E-02 1.2000E-03
3.4810E-03 1.2000E-03
8.3425E-04 1.2000E-03
9.0760E-04 1.2000E-03
2.1058E-03 1.2000E-03
2.2761E-03 1.2000E-03
4.0921E-03 1.2000E-03
6.3899E-03 1.2000E-03
7.3195E-03 1.2000E-03
5.4793E-03 1.2000E-03
2.6610E-03 1.2000E-03
3.4676E-03 1.2000E-03
6.6377E-04 1.2000E-03
