RMS Grad   Target
3.2339E-03 2.0000E-04
2.8900E-03 2.0000E-04
7.3461E-04 2.0000E-04
5.0968E-04 2.0000E-04
4.4742E-04 2.0000E-04
5.1745E-04 2.0000E-04
2.5732E-04 2.0000E-04
1.8144E-04 2.0000E-04
1.7418E-04 2.0000E-04
2.9763E-04 2.0000E-04
1.2072E-04 2.0000E-04
1.0866E-04 2.0000E-04
1.3074E-04 2.0000E-04
2.1915E-04 2.0000E-04
1.1156E-04 2.0000E-04
8.8163E-05 2.0000E-04
1.2089E-04 2.0000E-04
1.8214E-04 2.0000E-04
1.0828E-04 2.0000E-04
9.0010E-05 2.0000E-04
1.0597E-04 2.0000E-04
1.3723E-04 2.0000E-04
1.0751E-04 2.0000E-04
8.7013E-05 2.0000E-04
9.1196E-05 2.0000E-04
1.4031E-04 2.0000E-04
7.0070E-05 2.0000E-04
5.6189E-05 2.0000E-04
6.0610E-05 2.0000E-04
1.0606E-04 2.0000E-04
4.9381E-05 2.0000E-04
4.9660E-05 2.0000E-04
6.1136E-05 2.0000E-04
1.3604E-04 2.0000E-04
4.9587E-05 2.0000E-04
3.4773E-05 2.0000E-04
4.2013E-05 2.0000E-04
4.8102E-05 2.0000E-04
6.7951E-05 2.0000E-04
3.4635E-05 2.0000E-04
3.9289E-05 2.0000E-04
3.9052E-05 2.0000E-04
8.9891E-05 2.0000E-04
3.7524E-05 2.0000E-04
3.5019E-05 2.0000E-04
4.7586E-05 2.0000E-04
5.6814E-05 2.0000E-04
5.7917E-05 2.0000E-04
2.4655E-05 2.0000E-04
2.7553E-05 2.0000E-04
3.6672E-05 2.0000E-04
7.1643E-05 2.0000E-04
2.9781E-05 2.0000E-04
2.3510E-05 2.0000E-04
3.1475E-05 2.0000E-04
3.8407E-05 2.0000E-04
6.3727E-05 2.0000E-04
2.6205E-05 2.0000E-04
2.7178E-05 2.0000E-04
3.4920E-05 2.0000E-04
4.6165E-05 2.0000E-04
6.4520E-05 2.0000E-04
2.3779E-05 2.0000E-04
2.2883E-05 2.0000E-04
2.8824E-05 2.0000E-04
3.9286E-05 2.0000E-04
5.9101E-05 2.0000E-04
2.5111E-05 2.0000E-04
2.4937E-05 2.0000E-04
2.9476E-05 2.0000E-04
4.4796E-05 2.0000E-04
3.7021E-05 2.0000E-04
2.0676E-05 2.0000E-04
2.5526E-05 2.0000E-04
3.1955E-05 2.0000E-04
5.0134E-05 2.0000E-04
3.0893E-05 2.0000E-04
2.5723E-05 2.0000E-04
3.0290E-05 2.0000E-04
3.6557E-05 2.0000E-04
2.3281E-05 2.0000E-04
2.3364E-05 2.0000E-04
2.8440E-05 2.0000E-04
3.1811E-05 2.0000E-04
4.1333E-05 2.0000E-04
2.1249E-05 2.0000E-04
2.2430E-05 2.0000E-04
2.7959E-05 2.0000E-04
3.5099E-05 2.0000E-04
4.2193E-05 2.0000E-04
2.2612E-05 2.0000E-04
2.2827E-05 2.0000E-04
2.6893E-05 2.0000E-04
3.6050E-05 2.0000E-04
2.3480E-05 2.0000E-04
2.2608E-05 2.0000E-04
2.9047E-05 2.0000E-04
3.6302E-05 2.0000E-04
2.2858E-05 2.0000E-04
2.1566E-05 2.0000E-04
2.7097E-05 2.0000E-04
3.2150E-05 2.0000E-04
3.1570E-05 2.0000E-04
2.0094E-05 2.0000E-04
2.1483E-05 2.0000E-04
2.5748E-05 2.0000E-04
3.4420E-05 2.0000E-04
2.1924E-05 2.0000E-04
2.3516E-05 2.0000E-04
2.5609E-05 2.0000E-04
2.9810E-05 2.0000E-04
1.9378E-05 2.0000E-04
2.1245E-05 2.0000E-04
2.5421E-05 2.0000E-04
2.3742E-05 2.0000E-04
2.1588E-05 2.0000E-04
1.9779E-05 2.0000E-04
2.4222E-05 2.0000E-04
2.0809E-05 2.0000E-04
1.7836E-05 2.0000E-04
2.0056E-05 2.0000E-04
2.5336E-05 2.0000E-04
2.0953E-05 2.0000E-04
2.0977E-05 2.0000E-04
2.0459E-05 2.0000E-04
2.1011E-05 2.0000E-04
1.6783E-05 2.0000E-04
1.8908E-05 2.0000E-04
2.4376E-05 2.0000E-04
2.6413E-05 2.0000E-04
1.5080E-05 2.0000E-04
1.9925E-05 2.0000E-04
1.9296E-05 2.0000E-04
2.0806E-05 2.0000E-04
4.0343E-05 2.0000E-04
1.5485E-05 2.0000E-04
1.1222E-05 2.0000E-04
1.5483E-05 2.0000E-04
1.8228E-05 2.0000E-04
2.0520E-05 2.0000E-04
1.3520E-05 2.0000E-04
1.3921E-05 2.0000E-04
1.9740E-05 2.0000E-04
1.4840E-05 2.0000E-04
1.3880E-05 2.0000E-04
1.1500E-05 2.0000E-04
