RMS Grad   Target
1.3085E-03 3.0000E-04
9.6669E-04 3.0000E-04
9.8182E-04 3.0000E-04
1.4826E-03 3.0000E-04
1.1748E-03 3.0000E-04
5.9525E-04 3.0000E-04
4.3738E-04 3.0000E-04
4.5437E-04 3.0000E-04
5.2665E-04 3.0000E-04
2.7796E-04 3.0000E-04
2.5295E-04 3.0000E-04
2.8858E-04 3.0000E-04
3.0250E-04 3.0000E-04
1.3969E-04 3.0000E-04
1.2593E-04 3.0000E-04
1.9558E-04 3.0000E-04
2.2087E-04 3.0000E-04
3.6084E-04 3.0000E-04
1.0454E-04 3.0000E-04
8.8617E-05 3.0000E-04
1.3786E-04 3.0000E-04
1.3786E-04 3.0000E-04
