569.4
213.8
290.7
263.8
211.1
214.5
218.5
206.3
244.9
201.9
207.3
206.1
212.1
208.6
244.3
237.0
207.8
212.9
213.6
261.3
207.5
189.5
177.4
211.5
272.3
227.6
220.1
220.3
207.9
213.1
195.0
218.9
203.4
237.7
182.0
198.3
287.5
191.8
210.7
187.4
186.7
196.1
201.3
217.3
223.3
187.7
190.5
192.3
175.5
219.3
192.0
186.8
222.7
216.3
220.1
191.5
183.9
186.7
192.2
181.7
185.2
186.3
199.1
191.8
190.7
194.6
193.5
199.3
203.8
173.2
193.2
187.9
174.3
187.9
188.4
173.5
191.0
180.7
189.0
239.7
190.3
194.4
180.6
301.1
191.5
182.6
191.7
189.0
205.0
220.0
216.6
198.6
226.0
184.6
213.8
182.7
172.1
