RMS Step   Target
1.4327E-04 8.0000E-04
5.6624E-05 8.0000E-04
2.5956E-04 8.0000E-04
2.0978E-04 8.0000E-04
7.4020E-04 8.0000E-04
5.1622E-04 8.0000E-04
1.9586E-04 8.0000E-04
5.4269E-04 8.0000E-04
5.8990E-04 8.0000E-04
5.4516E-04 8.0000E-04
9.7341E-04 8.0000E-04
5.3655E-04 8.0000E-04
2.1645E-04 8.0000E-04
8.1466E-04 8.0000E-04
7.5396E-04 8.0000E-04
5.9605E-04 8.0000E-04
1.6137E-03 8.0000E-04
8.0331E-04 8.0000E-04
3.1873E-04 8.0000E-04
1.3585E-03 8.0000E-04
8.4080E-04 8.0000E-04
1.0176E-03 8.0000E-04
1.7186E-03 8.0000E-04
6.6112E-04 8.0000E-04
7.1436E-04 8.0000E-04
1.8116E-03 8.0000E-04
1.2587E-03 8.0000E-04
7.2624E-04 8.0000E-04
1.8279E-03 8.0000E-04
7.6471E-04 8.0000E-04
2.2204E-03 8.0000E-04
5.0024E-04 8.0000E-04
1.2714E-03 8.0000E-04
1.8793E-03 8.0000E-04
1.7867E-03 8.0000E-04
4.0731E-04 8.0000E-04
1.8695E-03 8.0000E-04
5.4964E-04 8.0000E-04
8.3733E-04 8.0000E-04
2.1435E-03 8.0000E-04
1.8394E-03 8.0000E-04
2.3639E-04 8.0000E-04
9.8025E-04 8.0000E-04
5.7436E-04 8.0000E-04
2.8095E-03 8.0000E-04
7.7461E-04 8.0000E-04
6.8161E-04 8.0000E-04
1.9147E-03 8.0000E-04
7.9943E-04 8.0000E-04
1.2379E-03 8.0000E-04
1.1339E-03 8.0000E-04
1.0233E-03 8.0000E-04
1.0484E-03 8.0000E-04
1.7634E-03 8.0000E-04
6.8645E-04 8.0000E-04
2.2973E-04 8.0000E-04
1.0722E-03 8.0000E-04
1.1929E-03 8.0000E-04
8.7872E-04 8.0000E-04
1.0590E-03 8.0000E-04
4.9150E-04 8.0000E-04
1.6261E-03 8.0000E-04
6.1359E-04 8.0000E-04
3.3335E-04 8.0000E-04
1.0585E-03 8.0000E-04
1.3152E-03 8.0000E-04
5.9917E-04 8.0000E-04
1.0691E-03 8.0000E-04
3.5750E-04 8.0000E-04
5.7369E-04 8.0000E-04
7.8136E-04 8.0000E-04
6.0315E-04 8.0000E-04
2.4175E-04 8.0000E-04
8.9802E-04 8.0000E-04
8.3075E-04 8.0000E-04
1.3945E-04 8.0000E-04
2.6184E-04 8.0000E-04
3.4933E-04 8.0000E-04
7.7508E-04 8.0000E-04
4.4960E-04 8.0000E-04
1.2028E-04 8.0000E-04
4.9812E-04 8.0000E-04
4.6801E-04 8.0000E-04
3.2631E-04 8.0000E-04
4.4755E-04 8.0000E-04
2.6111E-04 8.0000E-04
7.4896E-04 8.0000E-04
4.1507E-04 8.0000E-04
9.9570E-05 8.0000E-04
3.4886E-04 8.0000E-04
4.1434E-04 8.0000E-04
2.6895E-04 8.0000E-04
4.7101E-04 8.0000E-04
3.1081E-04 8.0000E-04
6.9551E-04 8.0000E-04
3.3168E-04 8.0000E-04
1.1110E-04 8.0000E-04
2.2107E-04 8.0000E-04
4.7022E-04 8.0000E-04
2.9948E-04 8.0000E-04
6.5909E-04 8.0000E-04
2.8083E-04 8.0000E-04
6.0692E-04 8.0000E-04
3.8373E-04 8.0000E-04
9.1128E-05 8.0000E-04
1.5454E-04 8.0000E-04
2.7647E-04 8.0000E-04
7.1506E-04 8.0000E-04
5.0918E-04 8.0000E-04
4.1145E-05 8.0000E-04
2.0239E-04 8.0000E-04
3.1493E-04 8.0000E-04
6.0678E-04 8.0000E-04
3.7548E-04 8.0000E-04
2.6420E-04 8.0000E-04
2.8798E-04 8.0000E-04
2.9449E-04 8.0000E-04
2.1150E-04 8.0000E-04
3.1115E-04 8.0000E-04
2.7331E-04 8.0000E-04
4.2683E-04 8.0000E-04
4.0386E-04 8.0000E-04
4.1915E-04 8.0000E-04
1.2756E-04 8.0000E-04
2.8773E-04 8.0000E-04
3.8078E-04 8.0000E-04
2.1327E-04 8.0000E-04
3.3879E-04 8.0000E-04
3.0585E-04 8.0000E-04
5.6048E-04 8.0000E-04
3.0630E-04 8.0000E-04
1.0089E-04 8.0000E-04
3.0767E-04 8.0000E-04
3.5691E-04 8.0000E-04
3.4715E-04 8.0000E-04
5.6962E-04 8.0000E-04
3.7466E-04 8.0000E-04
3.9513E-04 8.0000E-04
8.2737E-04 8.0000E-04
1.1944E-04 8.0000E-04
1.4759E-04 8.0000E-04
3.9546E-04 8.0000E-04
7.6453E-04 8.0000E-04
5.7450E-04 8.0000E-04
2.3323E-04 8.0000E-04
3.7287E-04 8.0000E-04
3.8687E-04 8.0000E-04
2.6029E-04 8.0000E-04
6.6284E-04 8.0000E-04
5.3988E-04 8.0000E-04
6.1930E-04 8.0000E-04
1.1166E-03 8.0000E-04
6.6182E-04 8.0000E-04
1.5779E-04 8.0000E-04
8.3259E-04 8.0000E-04
7.1466E-04 8.0000E-04
7.5648E-04 8.0000E-04
1.6285E-03 8.0000E-04
1.3734E-03 8.0000E-04
3.3504E-04 8.0000E-04
1.4071E-03 8.0000E-04
2.5368E-04 8.0000E-04
9.1329E-04 8.0000E-04
2.4064E-03 8.0000E-04
2.5237E-03 8.0000E-04
2.5715E-04 8.0000E-04
4.2982E-03 8.0000E-04
1.1395E-03 8.0000E-04
1.1879E-03 8.0000E-04
5.9989E-03 8.0000E-04
2.5351E-03 8.0000E-04
1.0794E-03 8.0000E-04
4.5893E-03 8.0000E-04
7.0667E-04 8.0000E-04
1.6257E-03 8.0000E-04
3.0912E-03 8.0000E-04
1.5614E-03 8.0000E-04
4.6670E-04 8.0000E-04
3.3770E-03 8.0000E-04
2.3223E-03 8.0000E-04
5.4320E-04 8.0000E-04
1.1518E-03 8.0000E-04
1.6087E-03 8.0000E-04
1.1355E-03 8.0000E-04
3.6538E-04 8.0000E-04
5.0711E-04 8.0000E-04
6.9305E-04 8.0000E-04
1.5324E-03 8.0000E-04
3.8752E-04 8.0000E-04
1.4854E-04 8.0000E-04
3.9898E-04 8.0000E-04
6.8519E-04 8.0000E-04
1.1604E-03 8.0000E-04
1.7217E-04 8.0000E-04
1.5366E-04 8.0000E-04
3.2913E-04 8.0000E-04
7.2720E-04 8.0000E-04
2.9915E-04 8.0000E-04
2.7415E-04 8.0000E-04
3.6125E-04 8.0000E-04
6.3308E-04 8.0000E-04
7.6001E-04 8.0000E-04
1.5132E-04 8.0000E-04
3.0100E-04 8.0000E-04
3.2439E-04 8.0000E-04
8.3584E-04 8.0000E-04
7.0513E-04 8.0000E-04
2.3948E-04 8.0000E-04
3.0542E-04 8.0000E-04
3.9833E-04 8.0000E-04
7.1945E-04 8.0000E-04
4.0341E-04 8.0000E-04
4.0867E-04 8.0000E-04
3.8834E-04 8.0000E-04
5.6196E-04 8.0000E-04
2.6248E-04 8.0000E-04
3.3988E-04 8.0000E-04
4.2523E-04 8.0000E-04
7.4539E-04 8.0000E-04
6.5366E-04 8.0000E-04
1.1584E-04 8.0000E-04
2.4047E-04 8.0000E-04
3.6833E-04 8.0000E-04
1.0797E-03 8.0000E-04
3.8091E-04 8.0000E-04
3.8670E-04 8.0000E-04
5.4280E-04 8.0000E-04
8.3133E-04 8.0000E-04
2.6842E-04 8.0000E-04
2.4153E-04 8.0000E-04
3.9352E-04 8.0000E-04
1.0219E-03 8.0000E-04
5.2413E-04 8.0000E-04
2.5092E-04 8.0000E-04
5.6424E-04 8.0000E-04
8.9469E-04 8.0000E-04
4.6174E-04 8.0000E-04
4.7311E-04 8.0000E-04
4.5246E-04 8.0000E-04
1.1291E-03 8.0000E-04
1.0264E-03 8.0000E-04
2.6007E-04 8.0000E-04
9.6742E-04 8.0000E-04
6.1550E-04 8.0000E-04
1.1194E-03 8.0000E-04
2.2952E-03 8.0000E-04
4.4686E-04 8.0000E-04
4.2505E-04 8.0000E-04
1.1188E-03 8.0000E-04
1.2459E-03 8.0000E-04
7.8503E-04 8.0000E-04
2.7501E-03 8.0000E-04
9.4932E-04 8.0000E-04
2.5824E-03 8.0000E-04
8.7583E-04 8.0000E-04
1.0570E-03 8.0000E-04
1.0105E-03 8.0000E-04
6.4427E-04 8.0000E-04
8.6930E-04 8.0000E-04
1.2326E-03 8.0000E-04
1.0063E-03 8.0000E-04
4.2121E-04 8.0000E-04
8.9352E-04 8.0000E-04
4.0816E-04 8.0000E-04
3.9697E-04 8.0000E-04
8.0313E-04 8.0000E-04
3.7281E-04 8.0000E-04
2.8209E-04 8.0000E-04
7.6857E-04 8.0000E-04
6.5155E-04 8.0000E-04
4.6408E-04 8.0000E-04
2.8519E-04 8.0000E-04
1.0392E-03 8.0000E-04
3.9979E-04 8.0000E-04
4.3523E-04 8.0000E-04
2.5682E-04 8.0000E-04
3.8145E-04 8.0000E-04
4.7191E-04 8.0000E-04
2.5063E-04 8.0000E-04
1.7503E-04 8.0000E-04
3.9495E-04 8.0000E-04
5.0710E-04 8.0000E-04
1.0970E-04 8.0000E-04
2.4961E-04 8.0000E-04
2.1560E-04 8.0000E-04
5.1253E-04 8.0000E-04
2.0131E-04 8.0000E-04
8.9808E-05 8.0000E-04
2.0177E-04 8.0000E-04
3.5096E-04 8.0000E-04
1.9050E-04 8.0000E-04
2.4455E-04 8.0000E-04
1.7080E-04 8.0000E-04
4.5714E-04 8.0000E-04
2.7693E-04 8.0000E-04
8.4171E-05 8.0000E-04
1.9101E-04 8.0000E-04
2.4354E-04 8.0000E-04
3.2157E-04 8.0000E-04
4.1027E-04 8.0000E-04
2.4855E-04 8.0000E-04
9.8543E-05 8.0000E-04
2.7319E-04 8.0000E-04
2.6480E-04 8.0000E-04
1.3567E-04 8.0000E-04
3.0573E-04 8.0000E-04
2.4983E-04 8.0000E-04
3.9443E-04 8.0000E-04
3.9562E-04 8.0000E-04
1.7759E-04 8.0000E-04
1.2163E-04 8.0000E-04
1.7453E-04 8.0000E-04
4.6367E-04 8.0000E-04
2.9226E-04 8.0000E-04
1.6720E-04 8.0000E-04
2.7646E-04 8.0000E-04
4.2356E-04 8.0000E-04
5.5675E-05 8.0000E-04
9.1276E-05 8.0000E-04
1.4980E-04 8.0000E-04
4.3484E-04 8.0000E-04
3.1072E-04 8.0000E-04
1.1538E-04 8.0000E-04
2.2096E-04 8.0000E-04
3.1850E-04 8.0000E-04
2.0033E-04 8.0000E-04
2.2992E-04 8.0000E-04
2.0975E-04 8.0000E-04
5.0934E-04 8.0000E-04
1.6907E-04 8.0000E-04
1.0841E-04 8.0000E-04
2.1676E-04 8.0000E-04
3.5836E-04 8.0000E-04
1.6017E-04 8.0000E-04
2.3437E-04 8.0000E-04
1.7301E-04 8.0000E-04
4.8324E-04 8.0000E-04
2.0416E-04 8.0000E-04
3.9805E-05 8.0000E-04
1.1848E-04 8.0000E-04
1.1848E-04 8.0000E-04
2.4984E-04 8.0000E-04
2.4703E-04 8.0000E-04
2.6866E-04 8.0000E-04
1.7563E-04 8.0000E-04
1.5188E-04 8.0000E-04
2.5658E-04 8.0000E-04
1.4307E-04 8.0000E-04
7.8248E-05 8.0000E-04
1.9612E-04 8.0000E-04
3.1957E-04 8.0000E-04
1.0980E-04 8.0000E-04
1.2366E-04 8.0000E-04
1.6400E-04 8.0000E-04
2.5108E-04 8.0000E-04
3.3876E-04 8.0000E-04
2.9735E-05 8.0000E-04
6.4729E-05 8.0000E-04
1.3614E-04 8.0000E-04
