RMS Grad   Target
4.1512E-05 2.0000E-04
4.8681E-05 2.0000E-04
3.1721E-05 2.0000E-04
2.5976E-05 2.0000E-04
2.8887E-05 2.0000E-04
2.9920E-05 2.0000E-04
5.9672E-05 2.0000E-04
3.0303E-05 2.0000E-04
2.3680E-05 2.0000E-04
2.8740E-05 2.0000E-04
5.3440E-05 2.0000E-04
3.5021E-05 2.0000E-04
2.3735E-05 2.0000E-04
3.1393E-05 2.0000E-04
3.7005E-05 2.0000E-04
3.0490E-05 2.0000E-04
4.9663E-05 2.0000E-04
3.0336E-05 2.0000E-04
2.7180E-05 2.0000E-04
4.2428E-05 2.0000E-04
3.4248E-05 2.0000E-04
2.6197E-05 2.0000E-04
3.1810E-05 2.0000E-04
5.6158E-05 2.0000E-04
3.1813E-05 2.0000E-04
2.4974E-05 2.0000E-04
2.9307E-05 2.0000E-04
4.0397E-05 2.0000E-04
5.5222E-05 2.0000E-04
2.6266E-05 2.0000E-04
2.5256E-05 2.0000E-04
3.0013E-05 2.0000E-04
5.3666E-05 2.0000E-04
3.1643E-05 2.0000E-04
2.4635E-05 2.0000E-04
3.1925E-05 2.0000E-04
4.2297E-05 2.0000E-04
3.1145E-05 2.0000E-04
4.0192E-05 2.0000E-04
3.7225E-05 2.0000E-04
3.0985E-05 2.0000E-04
3.9347E-05 2.0000E-04
5.4797E-05 2.0000E-04
3.0660E-05 2.0000E-04
2.5094E-05 2.0000E-04
3.1011E-05 2.0000E-04
4.0000E-05 2.0000E-04
9.0468E-05 2.0000E-04
2.8233E-05 2.0000E-04
2.3613E-05 2.0000E-04
3.1329E-05 2.0000E-04
5.2822E-05 2.0000E-04
3.1579E-05 2.0000E-04
2.4009E-05 2.0000E-04
3.4832E-05 2.0000E-04
3.6307E-05 2.0000E-04
2.7732E-05 2.0000E-04
3.9155E-05 2.0000E-04
3.7063E-05 2.0000E-04
2.9829E-05 2.0000E-04
4.0592E-05 2.0000E-04
3.5539E-05 2.0000E-04
2.5538E-05 2.0000E-04
2.1587E-05 2.0000E-04
2.9957E-05 2.0000E-04
3.3043E-05 2.0000E-04
2.4441E-05 2.0000E-04
2.2860E-05 2.0000E-04
3.0853E-05 2.0000E-04
2.9652E-05 2.0000E-04
2.4754E-05 2.0000E-04
2.5633E-05 2.0000E-04
2.8096E-05 2.0000E-04
2.4748E-05 2.0000E-04
3.9787E-05 2.0000E-04
2.5196E-05 2.0000E-04
2.7238E-05 2.0000E-04
3.5423E-05 2.0000E-04
2.9472E-05 2.0000E-04
2.5650E-05 2.0000E-04
3.1428E-05 2.0000E-04
2.9145E-05 2.0000E-04
2.6504E-05 2.0000E-04
3.3749E-05 2.0000E-04
2.6807E-05 2.0000E-04
2.7476E-05 2.0000E-04
3.2479E-05 2.0000E-04
4.5783E-05 2.0000E-04
2.5607E-05 2.0000E-04
2.4257E-05 2.0000E-04
2.7059E-05 2.0000E-04
4.2769E-05 2.0000E-04
2.5132E-05 2.0000E-04
2.1767E-05 2.0000E-04
2.6598E-05 2.0000E-04
4.5580E-05 2.0000E-04
2.5874E-05 2.0000E-04
2.1894E-05 2.0000E-04
2.2673E-05 2.0000E-04
3.3165E-05 2.0000E-04
2.9142E-05 2.0000E-04
1.8769E-05 2.0000E-04
1.8665E-05 2.0000E-04
2.4041E-05 2.0000E-04
2.0726E-05 2.0000E-04
2.5559E-05 2.0000E-04
1.8591E-05 2.0000E-04
1.8045E-05 2.0000E-04
2.5646E-05 2.0000E-04
2.3896E-05 2.0000E-04
1.7097E-05 2.0000E-04
1.8917E-05 2.0000E-04
2.5605E-05 2.0000E-04
1.9960E-05 2.0000E-04
2.1293E-05 2.0000E-04
2.2112E-05 2.0000E-04
1.9979E-05 2.0000E-04
3.0488E-05 2.0000E-04
2.3698E-05 2.0000E-04
1.8840E-05 2.0000E-04
1.8188E-05 2.0000E-04
3.0051E-05 2.0000E-04
2.1929E-05 2.0000E-04
1.8193E-05 2.0000E-04
2.0494E-05 2.0000E-04
1.8636E-05 2.0000E-04
2.8997E-05 2.0000E-04
1.9577E-05 2.0000E-04
1.6581E-05 2.0000E-04
1.8721E-05 2.0000E-04
3.1437E-05 2.0000E-04
1.8568E-05 2.0000E-04
1.6454E-05 2.0000E-04
1.9319E-05 2.0000E-04
2.8544E-05 2.0000E-04
1.8586E-05 2.0000E-04
1.6711E-05 2.0000E-04
1.9635E-05 2.0000E-04
2.7330E-05 2.0000E-04
1.6615E-05 2.0000E-04
1.5945E-05 2.0000E-04
2.0221E-05 2.0000E-04
2.0660E-05 2.0000E-04
1.9081E-05 2.0000E-04
1.7624E-05 2.0000E-04
1.8536E-05 2.0000E-04
2.3996E-05 2.0000E-04
1.8243E-05 2.0000E-04
1.8695E-05 2.0000E-04
2.5799E-05 2.0000E-04
2.2578E-05 2.0000E-04
1.6746E-05 2.0000E-04
2.0897E-05 2.0000E-04
2.4519E-05 2.0000E-04
2.0718E-05 2.0000E-04
2.5630E-05 2.0000E-04
2.4637E-05 2.0000E-04
2.1596E-05 2.0000E-04
2.3726E-05 2.0000E-04
2.8902E-05 2.0000E-04
1.9758E-05 2.0000E-04
1.8773E-05 2.0000E-04
2.2678E-05 2.0000E-04
2.0649E-05 2.0000E-04
3.5932E-05 2.0000E-04
1.8795E-05 2.0000E-04
1.8454E-05 2.0000E-04
2.1546E-05 2.0000E-04
4.3728E-05 2.0000E-04
2.1484E-05 2.0000E-04
2.5511E-05 2.0000E-04
2.7032E-05 2.0000E-04
1.9124E-05 2.0000E-04
2.0805E-05 2.0000E-04
2.2303E-05 2.0000E-04
1.8283E-05 2.0000E-04
2.7110E-05 2.0000E-04
2.4029E-05 2.0000E-04
1.6903E-05 2.0000E-04
1.8990E-05 2.0000E-04
2.3495E-05 2.0000E-04
2.3949E-05 2.0000E-04
1.9082E-05 2.0000E-04
1.9180E-05 2.0000E-04
2.2512E-05 2.0000E-04
1.9101E-05 2.0000E-04
1.8568E-05 2.0000E-04
1.8163E-05 2.0000E-04
1.8253E-05 2.0000E-04
2.2635E-05 2.0000E-04
2.2917E-05 2.0000E-04
1.6646E-05 2.0000E-04
1.7138E-05 2.0000E-04
2.3630E-05 2.0000E-04
1.8968E-05 2.0000E-04
2.0615E-05 2.0000E-04
2.5437E-05 2.0000E-04
2.1630E-05 2.0000E-04
2.1045E-05 2.0000E-04
2.2159E-05 2.0000E-04
1.7914E-05 2.0000E-04
2.3633E-05 2.0000E-04
2.3045E-05 2.0000E-04
1.8014E-05 2.0000E-04
2.3174E-05 2.0000E-04
2.4386E-05 2.0000E-04
2.0938E-05 2.0000E-04
2.8522E-05 2.0000E-04
3.6195E-05 2.0000E-04
2.1576E-05 2.0000E-04
2.2326E-05 2.0000E-04
3.0520E-05 2.0000E-04
2.3667E-05 2.0000E-04
2.3224E-05 2.0000E-04
2.4705E-05 2.0000E-04
2.5218E-05 2.0000E-04
2.6758E-05 2.0000E-04
2.0783E-05 2.0000E-04
2.2038E-05 2.0000E-04
2.7966E-05 2.0000E-04
2.1330E-05 2.0000E-04
2.4347E-05 2.0000E-04
3.2509E-05 2.0000E-04
2.4713E-05 2.0000E-04
3.6344E-05 2.0000E-04
3.8382E-05 2.0000E-04
2.4413E-05 2.0000E-04
1.9501E-05 2.0000E-04
2.8660E-05 2.0000E-04
2.8190E-05 2.0000E-04
2.8633E-05 2.0000E-04
2.8251E-05 2.0000E-04
2.4967E-05 2.0000E-04
2.6764E-05 2.0000E-04
4.0332E-05 2.0000E-04
2.6920E-05 2.0000E-04
2.6593E-05 2.0000E-04
3.8340E-05 2.0000E-04
3.7571E-05 2.0000E-04
3.9485E-05 2.0000E-04
3.2022E-05 2.0000E-04
2.7545E-05 2.0000E-04
2.7727E-05 2.0000E-04
4.5370E-05 2.0000E-04
3.2580E-05 2.0000E-04
2.9317E-05 2.0000E-04
3.8866E-05 2.0000E-04
3.6501E-05 2.0000E-04
3.1075E-05 2.0000E-04
4.4089E-05 2.0000E-04
4.4796E-05 2.0000E-04
3.9769E-05 2.0000E-04
3.7076E-05 2.0000E-04
4.1744E-05 2.0000E-04
3.8931E-05 2.0000E-04
4.1193E-05 2.0000E-04
3.6698E-05 2.0000E-04
4.1168E-05 2.0000E-04
4.1009E-05 2.0000E-04
4.3486E-05 2.0000E-04
4.1963E-05 2.0000E-04
4.1961E-05 2.0000E-04
3.3196E-05 2.0000E-04
3.7448E-05 2.0000E-04
4.6709E-05 2.0000E-04
3.2477E-05 2.0000E-04
3.2679E-05 2.0000E-04
4.3930E-05 2.0000E-04
3.3074E-05 2.0000E-04
3.6311E-05 2.0000E-04
3.4260E-05 2.0000E-04
3.0263E-05 2.0000E-04
3.8466E-05 2.0000E-04
3.8620E-05 2.0000E-04
2.9207E-05 2.0000E-04
3.3273E-05 2.0000E-04
3.1909E-05 2.0000E-04
2.8012E-05 2.0000E-04
3.5742E-05 2.0000E-04
2.9659E-05 2.0000E-04
2.7486E-05 2.0000E-04
4.1829E-05 2.0000E-04
3.1187E-05 2.0000E-04
2.4425E-05 2.0000E-04
2.5292E-05 2.0000E-04
4.9964E-05 2.0000E-04
3.0283E-05 2.0000E-04
2.3363E-05 2.0000E-04
2.7582E-05 2.0000E-04
3.8457E-05 2.0000E-04
4.8619E-05 2.0000E-04
2.3471E-05 2.0000E-04
1.9991E-05 2.0000E-04
2.4507E-05 2.0000E-04
4.6410E-05 2.0000E-04
2.6108E-05 2.0000E-04
2.1353E-05 2.0000E-04
2.7370E-05 2.0000E-04
4.3515E-05 2.0000E-04
2.7412E-05 2.0000E-04
2.3193E-05 2.0000E-04
2.4513E-05 2.0000E-04
3.3620E-05 2.0000E-04
3.1406E-05 2.0000E-04
2.2147E-05 2.0000E-04
2.2071E-05 2.0000E-04
3.0951E-05 2.0000E-04
2.4154E-05 2.0000E-04
2.7904E-05 2.0000E-04
3.1417E-05 2.0000E-04
2.2250E-05 2.0000E-04
2.1431E-05 2.0000E-04
2.9742E-05 2.0000E-04
2.5694E-05 2.0000E-04
3.4587E-05 2.0000E-04
3.0751E-05 2.0000E-04
2.4008E-05 2.0000E-04
2.2325E-05 2.0000E-04
3.5275E-05 2.0000E-04
2.4940E-05 2.0000E-04
2.3211E-05 2.0000E-04
3.0496E-05 2.0000E-04
2.4970E-05 2.0000E-04
3.2698E-05 2.0000E-04
3.0220E-05 2.0000E-04
2.4293E-05 2.0000E-04
2.4469E-05 2.0000E-04
2.8256E-05 2.0000E-04
2.7123E-05 2.0000E-04
3.5524E-05 2.0000E-04
2.5824E-05 2.0000E-04
2.3826E-05 2.0000E-04
2.6796E-05 2.0000E-04
4.6263E-05 2.0000E-04
2.2821E-05 2.0000E-04
2.2821E-05 2.0000E-04
1.9937E-05 2.0000E-04
2.6965E-05 2.0000E-04
3.9639E-05 2.0000E-04
2.5234E-05 2.0000E-04
2.2710E-05 2.0000E-04
2.7439E-05 2.0000E-04
2.6770E-05 2.0000E-04
2.6464E-05 2.0000E-04
2.4051E-05 2.0000E-04
2.6619E-05 2.0000E-04
3.8853E-05 2.0000E-04
2.3268E-05 2.0000E-04
2.2277E-05 2.0000E-04
2.4720E-05 2.0000E-04
3.4110E-05 2.0000E-04
2.4187E-05 2.0000E-04
2.2722E-05 2.0000E-04
2.7257E-05 2.0000E-04
2.5574E-05 2.0000E-04
2.3729E-05 2.0000E-04
3.4194E-05 2.0000E-04
3.0094E-05 2.0000E-04
2.4080E-05 2.0000E-04
2.8085E-05 2.0000E-04
3.9044E-05 2.0000E-04
2.7102E-05 2.0000E-04
2.4553E-05 2.0000E-04
2.6982E-05 2.0000E-04
2.5784E-05 2.0000E-04
4.8048E-05 2.0000E-04
2.2641E-05 2.0000E-04
2.0023E-05 2.0000E-04
2.2742E-05 2.0000E-04
3.8421E-05 2.0000E-04
2.4461E-05 2.0000E-04
2.0689E-05 2.0000E-04
2.0810E-05 2.0000E-04
2.9088E-05 2.0000E-04
2.8343E-05 2.0000E-04
1.9895E-05 2.0000E-04
1.8425E-05 2.0000E-04
2.5774E-05 2.0000E-04
1.9703E-05 2.0000E-04
1.9801E-05 2.0000E-04
2.2821E-05 2.0000E-04
1.7753E-05 2.0000E-04
1.9969E-05 2.0000E-04
2.7022E-05 2.0000E-04
2.1390E-05 2.0000E-04
1.8449E-05 2.0000E-04
2.0458E-05 2.0000E-04
1.7876E-05 2.0000E-04
2.2168E-05 2.0000E-04
1.7173E-05 2.0000E-04
1.6130E-05 2.0000E-04
2.3696E-05 2.0000E-04
2.1061E-05 2.0000E-04
1.6376E-05 2.0000E-04
1.6708E-05 2.0000E-04
2.3363E-05 2.0000E-04
1.7319E-05 2.0000E-04
1.8225E-05 2.0000E-04
2.1646E-05 2.0000E-04
1.6954E-05 2.0000E-04
1.8646E-05 2.0000E-04
2.5857E-05 2.0000E-04
1.7543E-05 2.0000E-04
1.6513E-05 2.0000E-04
1.9040E-05 2.0000E-04
1.6310E-05 2.0000E-04
2.8644E-05 2.0000E-04
1.6648E-05 2.0000E-04
1.4870E-05 2.0000E-04
1.6124E-05 2.0000E-04
3.6129E-05 2.0000E-04
1.5192E-05 2.0000E-04
1.2897E-05 2.0000E-04
1.6882E-05 2.0000E-04
2.5112E-05 2.0000E-04
1.7905E-05 2.0000E-04
1.3182E-05 2.0000E-04
1.6593E-05 2.0000E-04
1.7609E-05 2.0000E-04
1.8814E-05 2.0000E-04
2.3165E-05 2.0000E-04
1.4715E-05 2.0000E-04
1.2585E-05 2.0000E-04
1.4268E-05 2.0000E-04
3.1133E-05 2.0000E-04
1.3219E-05 2.0000E-04
1.1380E-05 2.0000E-04
1.3726E-05 2.0000E-04
2.7681E-05 2.0000E-04
1.3814E-05 2.0000E-04
1.0944E-05 2.0000E-04
1.3780E-05 2.0000E-04
2.2810E-05 2.0000E-04
1.3426E-05 2.0000E-04
1.1281E-05 2.0000E-04
1.5396E-05 2.0000E-04
1.9896E-05 2.0000E-04
1.2923E-05 2.0000E-04
1.1842E-05 2.0000E-04
1.5397E-05 2.0000E-04
1.4469E-05 2.0000E-04
2.4558E-05 2.0000E-04
1.3057E-05 2.0000E-04
1.2853E-05 2.0000E-04
1.5117E-05 2.0000E-04
3.1805E-05 2.0000E-04
1.3031E-05 2.0000E-04
1.1917E-05 2.0000E-04
1.5485E-05 2.0000E-04
2.5042E-05 2.0000E-04
1.8197E-05 2.0000E-04
1.3728E-05 2.0000E-04
1.8869E-05 2.0000E-04
2.1783E-05 2.0000E-04
1.9351E-05 2.0000E-04
2.8486E-05 2.0000E-04
2.1159E-05 2.0000E-04
1.9186E-05 2.0000E-04
2.2075E-05 2.0000E-04
4.0200E-05 2.0000E-04
2.2022E-05 2.0000E-04
1.8086E-05 2.0000E-04
2.2934E-05 2.0000E-04
3.6028E-05 2.0000E-04
2.6884E-05 2.0000E-04
2.2057E-05 2.0000E-04
2.9232E-05 2.0000E-04
3.2971E-05 2.0000E-04
2.3613E-05 2.0000E-04
2.6758E-05 2.0000E-04
3.6097E-05 2.0000E-04
3.0076E-05 2.0000E-04
4.8853E-05 2.0000E-04
3.5488E-05 2.0000E-04
3.2174E-05 2.0000E-04
3.1929E-05 2.0000E-04
5.0121E-05 2.0000E-04
4.9393E-05 2.0000E-04
4.2550E-05 2.0000E-04
4.5265E-05 2.0000E-04
7.8096E-05 2.0000E-04
5.3025E-05 2.0000E-04
3.5816E-05 2.0000E-04
4.3157E-05 2.0000E-04
6.0640E-05 2.0000E-04
8.7587E-05 2.0000E-04
4.7463E-05 2.0000E-04
5.6093E-05 2.0000E-04
6.5535E-05 2.0000E-04
6.0837E-05 2.0000E-04
6.1714E-05 2.0000E-04
7.6628E-05 2.0000E-04
6.0786E-05 2.0000E-04
5.7863E-05 2.0000E-04
1.1057E-04 2.0000E-04
1.1775E-04 2.0000E-04
7.4321E-05 2.0000E-04
5.0772E-05 2.0000E-04
5.8772E-05 2.0000E-04
8.5038E-05 2.0000E-04
7.0591E-05 2.0000E-04
6.0255E-05 2.0000E-04
7.0955E-05 2.0000E-04
8.1906E-05 2.0000E-04
5.7379E-05 2.0000E-04
5.5710E-05 2.0000E-04
6.6297E-05 2.0000E-04
5.3900E-05 2.0000E-04
7.0918E-05 2.0000E-04
6.7058E-05 2.0000E-04
4.5568E-05 2.0000E-04
5.0626E-05 2.0000E-04
5.6924E-05 2.0000E-04
4.9908E-05 2.0000E-04
7.3647E-05 2.0000E-04
4.3387E-05 2.0000E-04
4.0757E-05 2.0000E-04
4.4650E-05 2.0000E-04
6.0834E-05 2.0000E-04
3.5768E-05 2.0000E-04
3.6989E-05 2.0000E-04
4.4330E-05 2.0000E-04
6.0194E-05 2.0000E-04
3.3470E-05 2.0000E-04
3.3436E-05 2.0000E-04
3.8982E-05 2.0000E-04
6.6859E-05 2.0000E-04
3.1609E-05 2.0000E-04
3.0399E-05 2.0000E-04
3.6670E-05 2.0000E-04
5.9245E-05 2.0000E-04
3.4399E-05 2.0000E-04
2.7247E-05 2.0000E-04
3.3585E-05 2.0000E-04
4.9117E-05 2.0000E-04
3.3536E-05 2.0000E-04
3.0979E-05 2.0000E-04
3.2686E-05 2.0000E-04
3.1620E-05 2.0000E-04
5.3398E-05 2.0000E-04
2.8547E-05 2.0000E-04
2.5511E-05 2.0000E-04
3.1936E-05 2.0000E-04
6.4557E-05 2.0000E-04
2.8510E-05 2.0000E-04
2.4329E-05 2.0000E-04
2.5544E-05 2.0000E-04
4.3135E-05 2.0000E-04
3.2457E-05 2.0000E-04
2.2993E-05 2.0000E-04
2.5630E-05 2.0000E-04
4.0296E-05 2.0000E-04
2.6907E-05 2.0000E-04
2.3062E-05 2.0000E-04
2.6541E-05 2.0000E-04
2.5939E-05 2.0000E-04
6.2884E-05 2.0000E-04
2.3591E-05 2.0000E-04
1.9073E-05 2.0000E-04
2.3827E-05 2.0000E-04
3.5547E-05 2.0000E-04
2.2979E-05 2.0000E-04
1.8743E-05 2.0000E-04
2.5803E-05 2.0000E-04
3.1664E-05 2.0000E-04
2.1176E-05 2.0000E-04
2.1300E-05 2.0000E-04
2.7458E-05 2.0000E-04
2.2747E-05 2.0000E-04
3.5377E-05 2.0000E-04
2.4338E-05 2.0000E-04
2.0704E-05 2.0000E-04
2.4861E-05 2.0000E-04
3.6302E-05 2.0000E-04
2.0879E-05 2.0000E-04
1.7837E-05 2.0000E-04
1.8775E-05 2.0000E-04
4.2520E-05 2.0000E-04
1.9095E-05 2.0000E-04
1.6511E-05 2.0000E-04
1.9593E-05 2.0000E-04
3.1146E-05 2.0000E-04
2.0648E-05 2.0000E-04
1.7537E-05 2.0000E-04
1.7697E-05 2.0000E-04
2.0703E-05 2.0000E-04
2.7218E-05 2.0000E-04
1.6038E-05 2.0000E-04
1.4387E-05 2.0000E-04
1.7985E-05 2.0000E-04
1.9716E-05 2.0000E-04
1.9705E-05 2.0000E-04
1.5729E-05 2.0000E-04
1.8810E-05 2.0000E-04
1.8901E-05 2.0000E-04
1.5648E-05 2.0000E-04
1.8581E-05 2.0000E-04
2.0592E-05 2.0000E-04
1.6843E-05 2.0000E-04
2.1753E-05 2.0000E-04
1.8546E-05 2.0000E-04
1.6209E-05 2.0000E-04
2.1351E-05 2.0000E-04
3.1178E-05 2.0000E-04
1.5088E-05 2.0000E-04
1.2105E-05 2.0000E-04
1.5290E-05 2.0000E-04
2.5940E-05 2.0000E-04
1.4909E-05 2.0000E-04
1.3369E-05 2.0000E-04
1.8047E-05 2.0000E-04
2.5733E-05 2.0000E-04
1.4213E-05 2.0000E-04
1.4455E-05 2.0000E-04
1.6612E-05 2.0000E-04
2.4320E-05 2.0000E-04
1.8991E-05 2.0000E-04
1.4463E-05 2.0000E-04
1.5696E-05 2.0000E-04
2.1121E-05 2.0000E-04
1.6201E-05 2.0000E-04
2.1601E-05 2.0000E-04
1.9589E-05 2.0000E-04
1.6686E-05 2.0000E-04
2.3338E-05 2.0000E-04
2.8590E-05 2.0000E-04
1.8891E-05 2.0000E-04
1.6679E-05 2.0000E-04
2.1745E-05 2.0000E-04
2.9354E-05 2.0000E-04
2.6955E-05 2.0000E-04
2.4564E-05 2.0000E-04
3.4053E-05 2.0000E-04
5.1874E-05 2.0000E-04
3.8733E-05 2.0000E-04
3.9316E-05 2.0000E-04
4.3485E-05 2.0000E-04
9.5413E-05 2.0000E-04
7.9158E-05 2.0000E-04
1.0960E-04 2.0000E-04
1.1637E-04 2.0000E-04
1.1615E-04 2.0000E-04
1.9564E-04 2.0000E-04
1.7180E-04 2.0000E-04
9.1798E-05 2.0000E-04
7.9870E-05 2.0000E-04
2.0877E-04 2.0000E-04
2.0035E-04 2.0000E-04
1.2373E-04 2.0000E-04
1.0742E-04 2.0000E-04
2.2223E-04 2.0000E-04
1.4075E-04 2.0000E-04
1.2948E-04 2.0000E-04
1.4590E-04 2.0000E-04
1.1302E-04 2.0000E-04
1.8942E-04 2.0000E-04
1.1889E-04 2.0000E-04
1.2997E-04 2.0000E-04
1.3381E-04 2.0000E-04
1.6838E-04 2.0000E-04
1.1457E-04 2.0000E-04
1.2048E-04 2.0000E-04
1.5644E-04 2.0000E-04
1.2304E-04 2.0000E-04
1.7789E-04 2.0000E-04
1.5929E-04 2.0000E-04
1.2955E-04 2.0000E-04
2.3020E-04 2.0000E-04
1.5310E-04 2.0000E-04
1.1427E-04 2.0000E-04
1.3293E-04 2.0000E-04
1.8488E-04 2.0000E-04
1.4773E-04 2.0000E-04
2.9975E-04 2.0000E-04
1.3442E-04 2.0000E-04
1.1974E-04 2.0000E-04
1.2925E-04 2.0000E-04
3.1603E-04 2.0000E-04
1.2836E-04 2.0000E-04
1.1009E-04 2.0000E-04
1.2820E-04 2.0000E-04
2.2427E-04 2.0000E-04
1.1669E-04 2.0000E-04
1.0467E-04 2.0000E-04
1.3117E-04 2.0000E-04
2.5231E-04 2.0000E-04
1.1558E-04 2.0000E-04
1.0693E-04 2.0000E-04
1.2218E-04 2.0000E-04
1.2000E-04 2.0000E-04
1.4242E-04 2.0000E-04
8.9379E-05 2.0000E-04
8.5745E-05 2.0000E-04
1.0660E-04 2.0000E-04
1.8476E-04 2.0000E-04
7.3555E-05 2.0000E-04
6.0372E-05 2.0000E-04
7.1886E-05 2.0000E-04
1.3944E-04 2.0000E-04
7.1814E-05 2.0000E-04
5.9135E-05 2.0000E-04
5.9135E-05 2.0000E-04
5.9384E-05 2.0000E-04
8.7367E-05 2.0000E-04
5.4730E-05 2.0000E-04
4.3991E-05 2.0000E-04
4.8348E-05 2.0000E-04
7.5812E-05 2.0000E-04
7.7563E-05 2.0000E-04
4.9165E-05 2.0000E-04
4.1866E-05 2.0000E-04
5.5670E-05 2.0000E-04
5.0745E-05 2.0000E-04
6.3871E-05 2.0000E-04
4.5551E-05 2.0000E-04
4.7238E-05 2.0000E-04
6.7819E-05 2.0000E-04
4.4025E-05 2.0000E-04
4.4224E-05 2.0000E-04
5.7772E-05 2.0000E-04
5.9793E-05 2.0000E-04
4.5185E-05 2.0000E-04
4.4854E-05 2.0000E-04
6.3232E-05 2.0000E-04
5.1165E-05 2.0000E-04
4.8609E-05 2.0000E-04
5.4841E-05 2.0000E-04
5.1014E-05 2.0000E-04
4.6269E-05 2.0000E-04
6.1016E-05 2.0000E-04
5.1343E-05 2.0000E-04
4.2571E-05 2.0000E-04
5.4398E-05 2.0000E-04
5.4289E-05 2.0000E-04
4.1294E-05 2.0000E-04
4.4272E-05 2.0000E-04
5.5029E-05 2.0000E-04
3.9535E-05 2.0000E-04
3.7238E-05 2.0000E-04
4.8570E-05 2.0000E-04
4.3354E-05 2.0000E-04
7.9069E-05 2.0000E-04
3.9814E-05 2.0000E-04
3.4742E-05 2.0000E-04
4.2886E-05 2.0000E-04
4.9259E-05 2.0000E-04
3.4531E-05 2.0000E-04
3.3832E-05 2.0000E-04
4.7967E-05 2.0000E-04
3.3632E-05 2.0000E-04
3.1508E-05 2.0000E-04
4.9439E-05 2.0000E-04
3.3119E-05 2.0000E-04
2.8548E-05 2.0000E-04
3.2354E-05 2.0000E-04
4.2008E-05 2.0000E-04
2.3981E-05 2.0000E-04
2.2209E-05 2.0000E-04
2.7728E-05 2.0000E-04
3.8493E-05 2.0000E-04
2.2790E-05 2.0000E-04
2.0562E-05 2.0000E-04
2.2880E-05 2.0000E-04
3.7462E-05 2.0000E-04
2.3152E-05 2.0000E-04
1.9534E-05 2.0000E-04
2.0433E-05 2.0000E-04
4.2770E-05 2.0000E-04
2.1095E-05 2.0000E-04
1.5995E-05 2.0000E-04
1.7919E-05 2.0000E-04
2.9917E-05 2.0000E-04
1.9811E-05 2.0000E-04
1.5774E-05 2.0000E-04
1.8405E-05 2.0000E-04
2.4315E-05 2.0000E-04
1.7911E-05 2.0000E-04
1.8418E-05 2.0000E-04
1.9037E-05 2.0000E-04
1.6859E-05 2.0000E-04
2.2650E-05 2.0000E-04
2.2547E-05 2.0000E-04
1.5843E-05 2.0000E-04
1.2037E-05 2.0000E-04
1.9415E-05 2.0000E-04
1.4883E-05 2.0000E-04
1.2664E-05 2.0000E-04
1.7834E-05 2.0000E-04
1.3835E-05 2.0000E-04
1.2283E-05 2.0000E-04
1.7724E-05 2.0000E-04
1.4444E-05 2.0000E-04
1.1805E-05 2.0000E-04
1.6405E-05 2.0000E-04
1.6097E-05 2.0000E-04
1.2951E-05 2.0000E-04
1.3406E-05 2.0000E-04
1.3191E-05 2.0000E-04
1.3406E-05 2.0000E-04
1.5234E-05 2.0000E-04
1.9528E-05 2.0000E-04
1.0365E-05 2.0000E-04
1.0258E-05 2.0000E-04
1.2539E-05 2.0000E-04
1.7087E-05 2.0000E-04
1.1262E-05 2.0000E-04
1.0512E-05 2.0000E-04
1.3932E-05 2.0000E-04
2.0630E-05 2.0000E-04
1.1372E-05 2.0000E-04
1.0864E-05 2.0000E-04
1.1810E-05 2.0000E-04
1.7039E-05 2.0000E-04
1.2919E-05 2.0000E-04
9.6431E-06 2.0000E-04
9.9437E-06 2.0000E-04
1.3905E-05 2.0000E-04
9.8228E-06 2.0000E-04
9.2535E-06 2.0000E-04
1.0837E-05 2.0000E-04
1.0177E-05 2.0000E-04
1.5617E-05 2.0000E-04
1.0505E-05 2.0000E-04
9.3631E-06 2.0000E-04
1.0140E-05 2.0000E-04
2.2881E-05 2.0000E-04
9.4936E-06 2.0000E-04
