Max Step   Target
7.5371E-04 1.2000E-03
1.0351E-03 1.2000E-03
1.2489E-03 1.2000E-03
1.3464E-03 1.2000E-03
1.3718E-03 1.2000E-03
1.3406E-03 1.2000E-03
1.2921E-03 1.2000E-03
1.2122E-03 1.2000E-03
1.1596E-03 1.2000E-03
1.1518E-03 1.2000E-03
1.1864E-03 1.2000E-03
1.1815E-03 1.2000E-03
1.1716E-03 1.2000E-03
1.0679E-03 1.2000E-03
1.0668E-03 1.2000E-03
1.0636E-03 1.2000E-03
1.0517E-03 1.2000E-03
1.0244E-03 1.2000E-03
9.9472E-04 1.2000E-03
9.8312E-04 1.2000E-03
9.4265E-04 1.2000E-03
9.6086E-04 1.2000E-03
9.9283E-04 1.2000E-03
1.0145E-03 1.2000E-03
1.0363E-03 1.2000E-03
1.0651E-03 1.2000E-03
1.0831E-03 1.2000E-03
1.1066E-03 1.2000E-03
1.1282E-03 1.2000E-03
1.1477E-03 1.2000E-03
1.1713E-03 1.2000E-03
1.1906E-03 1.2000E-03
1.2085E-03 1.2000E-03
1.2316E-03 1.2000E-03
1.2454E-03 1.2000E-03
1.2700E-03 1.2000E-03
1.2837E-03 1.2000E-03
1.3056E-03 1.2000E-03
1.3185E-03 1.2000E-03
1.3447E-03 1.2000E-03
1.3510E-03 1.2000E-03
1.3955E-03 1.2000E-03
1.3857E-03 1.2000E-03
1.4512E-03 1.2000E-03
1.4251E-03 1.2000E-03
1.4612E-03 1.2000E-03
1.4572E-03 1.2000E-03
1.4889E-03 1.2000E-03
1.4961E-03 1.2000E-03
1.5188E-03 1.2000E-03
1.5296E-03 1.2000E-03
1.5484E-03 1.2000E-03
1.5621E-03 1.2000E-03
1.5789E-03 1.2000E-03
1.5927E-03 1.2000E-03
1.6156E-03 1.2000E-03
1.6217E-03 1.2000E-03
1.6608E-03 1.2000E-03
1.6498E-03 1.2000E-03
1.7020E-03 1.2000E-03
1.6769E-03 1.2000E-03
1.7324E-03 1.2000E-03
1.7099E-03 1.2000E-03
1.7373E-03 1.2000E-03
1.7392E-03 1.2000E-03
1.7774E-03 1.2000E-03
1.7735E-03 1.2000E-03
1.7977E-03 1.2000E-03
1.8015E-03 1.2000E-03
1.8310E-03 1.2000E-03
1.8278E-03 1.2000E-03
1.8562E-03 1.2000E-03
1.8557E-03 1.2000E-03
1.8805E-03 1.2000E-03
1.8806E-03 1.2000E-03
1.9128E-03 1.2000E-03
1.9030E-03 1.2000E-03
1.9382E-03 1.2000E-03
1.9333E-03 1.2000E-03
1.9564E-03 1.2000E-03
1.9568E-03 1.2000E-03
1.9795E-03 1.2000E-03
1.9819E-03 1.2000E-03
2.0053E-03 1.2000E-03
2.0022E-03 1.2000E-03
2.0333E-03 1.2000E-03
2.0229E-03 1.2000E-03
2.0468E-03 1.2000E-03
2.0527E-03 1.2000E-03
2.0650E-03 1.2000E-03
2.0731E-03 1.2000E-03
2.0817E-03 1.2000E-03
2.0924E-03 1.2000E-03
2.0974E-03 1.2000E-03
2.1062E-03 1.2000E-03
2.1180E-03 1.2000E-03
2.1203E-03 1.2000E-03
2.1205E-03 1.2000E-03
2.1361E-03 1.2000E-03
2.1338E-03 1.2000E-03
2.1490E-03 1.2000E-03
2.1520E-03 1.2000E-03
2.1608E-03 1.2000E-03
2.1674E-03 1.2000E-03
2.1720E-03 1.2000E-03
2.1757E-03 1.2000E-03
2.1818E-03 1.2000E-03
2.1815E-03 1.2000E-03
2.1915E-03 1.2000E-03
2.1889E-03 1.2000E-03
2.1999E-03 1.2000E-03
2.1993E-03 1.2000E-03
2.2061E-03 1.2000E-03
2.2106E-03 1.2000E-03
2.2133E-03 1.2000E-03
2.2122E-03 1.2000E-03
2.2198E-03 1.2000E-03
2.2159E-03 1.2000E-03
2.2253E-03 1.2000E-03
2.2236E-03 1.2000E-03
2.2296E-03 1.2000E-03
2.2312E-03 1.2000E-03
2.2337E-03 1.2000E-03
2.2342E-03 1.2000E-03
2.2378E-03 1.2000E-03
2.2366E-03 1.2000E-03
2.2419E-03 1.2000E-03
2.2383E-03 1.2000E-03
2.2445E-03 1.2000E-03
2.2426E-03 1.2000E-03
2.2466E-03 1.2000E-03
2.2458E-03 1.2000E-03
2.2486E-03 1.2000E-03
2.2464E-03 1.2000E-03
2.2503E-03 1.2000E-03
2.2477E-03 1.2000E-03
2.2514E-03 1.2000E-03
2.2482E-03 1.2000E-03
2.2521E-03 1.2000E-03
2.2504E-03 1.2000E-03
2.2524E-03 1.2000E-03
2.2511E-03 1.2000E-03
2.2529E-03 1.2000E-03
2.2493E-03 1.2000E-03
2.2532E-03 1.2000E-03
2.2457E-03 1.2000E-03
2.2527E-03 1.2000E-03
2.2469E-03 1.2000E-03
2.2516E-03 1.2000E-03
2.2477E-03 1.2000E-03
2.2501E-03 1.2000E-03
2.2453E-03 1.2000E-03
2.2489E-03 1.2000E-03
2.2411E-03 1.2000E-03
2.2470E-03 1.2000E-03
2.2383E-03 1.2000E-03
2.2449E-03 1.2000E-03
2.2420E-03 1.2000E-03
2.2414E-03 1.2000E-03
2.2393E-03 1.2000E-03
2.2391E-03 1.2000E-03
2.2360E-03 1.2000E-03
2.2362E-03 1.2000E-03
2.2338E-03 1.2000E-03
2.2322E-03 1.2000E-03
2.2321E-03 1.2000E-03
2.2261E-03 1.2000E-03
2.2289E-03 1.2000E-03
2.2202E-03 1.2000E-03
2.2247E-03 1.2000E-03
2.2152E-03 1.2000E-03
2.2212E-03 1.2000E-03
2.2051E-03 1.2000E-03
2.2164E-03 1.2000E-03
2.2111E-03 1.2000E-03
2.2084E-03 1.2000E-03
2.2078E-03 1.2000E-03
2.2027E-03 1.2000E-03
2.2014E-03 1.2000E-03
2.1980E-03 1.2000E-03
2.1918E-03 1.2000E-03
2.1933E-03 1.2000E-03
2.1763E-03 1.2000E-03
2.1875E-03 1.2000E-03
2.1780E-03 1.2000E-03
2.1790E-03 1.2000E-03
2.1774E-03 1.2000E-03
2.1718E-03 1.2000E-03
2.1692E-03 1.2000E-03
2.1638E-03 1.2000E-03
2.1587E-03 1.2000E-03
2.1547E-03 1.2000E-03
2.1506E-03 1.2000E-03
2.1448E-03 1.2000E-03
2.1438E-03 1.2000E-03
2.1371E-03 1.2000E-03
2.1316E-03 1.2000E-03
2.1287E-03 1.2000E-03
2.1196E-03 1.2000E-03
2.1189E-03 1.2000E-03
2.1142E-03 1.2000E-03
2.1091E-03 1.2000E-03
2.1043E-03 1.2000E-03
2.0990E-03 1.2000E-03
2.0922E-03 1.2000E-03
2.0896E-03 1.2000E-03
2.0796E-03 1.2000E-03
2.0799E-03 1.2000E-03
2.0606E-03 1.2000E-03
2.0687E-03 1.2000E-03
2.0609E-03 1.2000E-03
2.0554E-03 1.2000E-03
2.0506E-03 1.2000E-03
2.0430E-03 1.2000E-03
2.0358E-03 1.2000E-03
2.0306E-03 1.2000E-03
2.0202E-03 1.2000E-03
2.0179E-03 1.2000E-03
2.0051E-03 1.2000E-03
2.0062E-03 1.2000E-03
1.9875E-03 1.2000E-03
1.9945E-03 1.2000E-03
1.9717E-03 1.2000E-03
1.9827E-03 1.2000E-03
1.9634E-03 1.2000E-03
1.9687E-03 1.2000E-03
1.9474E-03 1.2000E-03
1.9576E-03 1.2000E-03
1.9323E-03 1.2000E-03
1.9442E-03 1.2000E-03
1.9312E-03 1.2000E-03
1.9305E-03 1.2000E-03
1.9198E-03 1.2000E-03
1.9176E-03 1.2000E-03
1.9062E-03 1.2000E-03
1.9020E-03 1.2000E-03
1.8928E-03 1.2000E-03
1.8870E-03 1.2000E-03
1.8906E-03 1.2000E-03
1.8738E-03 1.2000E-03
1.8659E-03 1.2000E-03
1.8593E-03 1.2000E-03
1.8549E-03 1.2000E-03
1.8439E-03 1.2000E-03
1.8379E-03 1.2000E-03
1.8292E-03 1.2000E-03
1.8261E-03 1.2000E-03
1.8119E-03 1.2000E-03
1.8097E-03 1.2000E-03
1.7973E-03 1.2000E-03
1.7931E-03 1.2000E-03
1.7819E-03 1.2000E-03
1.7795E-03 1.2000E-03
1.7659E-03 1.2000E-03
1.7645E-03 1.2000E-03
1.7499E-03 1.2000E-03
1.7510E-03 1.2000E-03
1.7355E-03 1.2000E-03
1.7302E-03 1.2000E-03
1.7212E-03 1.2000E-03
1.7211E-03 1.2000E-03
1.7070E-03 1.2000E-03
1.7016E-03 1.2000E-03
1.6912E-03 1.2000E-03
1.6945E-03 1.2000E-03
1.6785E-03 1.2000E-03
1.6739E-03 1.2000E-03
1.6634E-03 1.2000E-03
1.6616E-03 1.2000E-03
1.6501E-03 1.2000E-03
1.6453E-03 1.2000E-03
1.6361E-03 1.2000E-03
1.6315E-03 1.2000E-03
1.6225E-03 1.2000E-03
1.6205E-03 1.2000E-03
1.6097E-03 1.2000E-03
1.6039E-03 1.2000E-03
1.5967E-03 1.2000E-03
1.5868E-03 1.2000E-03
1.5856E-03 1.2000E-03
1.5722E-03 1.2000E-03
1.5731E-03 1.2000E-03
1.5662E-03 1.2000E-03
1.5597E-03 1.2000E-03
1.5565E-03 1.2000E-03
1.5460E-03 1.2000E-03
1.5451E-03 1.2000E-03
1.5313E-03 1.2000E-03
1.5318E-03 1.2000E-03
1.5172E-03 1.2000E-03
1.5214E-03 1.2000E-03
1.5057E-03 1.2000E-03
1.4993E-03 1.2000E-03
1.4910E-03 1.2000E-03
1.4868E-03 1.2000E-03
1.4787E-03 1.2000E-03
1.4707E-03 1.2000E-03
1.4654E-03 1.2000E-03
1.4598E-03 1.2000E-03
1.4480E-03 1.2000E-03
1.4475E-03 1.2000E-03
1.4338E-03 1.2000E-03
1.4300E-03 1.2000E-03
1.4194E-03 1.2000E-03
1.4174E-03 1.2000E-03
1.4054E-03 1.2000E-03
1.4007E-03 1.2000E-03
1.3919E-03 1.2000E-03
1.3889E-03 1.2000E-03
1.3787E-03 1.2000E-03
1.3713E-03 1.2000E-03
1.3636E-03 1.2000E-03
1.3630E-03 1.2000E-03
1.3498E-03 1.2000E-03
1.3449E-03 1.2000E-03
1.3361E-03 1.2000E-03
1.3340E-03 1.2000E-03
1.3241E-03 1.2000E-03
1.3177E-03 1.2000E-03
1.3091E-03 1.2000E-03
1.3116E-03 1.2000E-03
1.2965E-03 1.2000E-03
1.2935E-03 1.2000E-03
1.2826E-03 1.2000E-03
1.2817E-03 1.2000E-03
1.2689E-03 1.2000E-03
1.2679E-03 1.2000E-03
1.2545E-03 1.2000E-03
1.2540E-03 1.2000E-03
1.2406E-03 1.2000E-03
1.2373E-03 1.2000E-03
1.2277E-03 1.2000E-03
1.2239E-03 1.2000E-03
1.2128E-03 1.2000E-03
1.2108E-03 1.2000E-03
1.1978E-03 1.2000E-03
1.1967E-03 1.2000E-03
1.1823E-03 1.2000E-03
1.1831E-03 1.2000E-03
1.1683E-03 1.2000E-03
1.1650E-03 1.2000E-03
1.1531E-03 1.2000E-03
1.1524E-03 1.2000E-03
1.1388E-03 1.2000E-03
1.1363E-03 1.2000E-03
1.1236E-03 1.2000E-03
1.1209E-03 1.2000E-03
1.1209E-03 1.2000E-03
1.1097E-03 1.2000E-03
1.1013E-03 1.2000E-03
1.1038E-03 1.2000E-03
1.0964E-03 1.2000E-03
1.1025E-03 1.2000E-03
1.0810E-03 1.2000E-03
1.0835E-03 1.2000E-03
1.0667E-03 1.2000E-03
1.0567E-03 1.2000E-03
1.0567E-03 1.2000E-03
9.6665E-04 1.2000E-03
1.0438E-03 1.2000E-03
1.0417E-03 1.2000E-03
1.0365E-03 1.2000E-03
1.0150E-03 1.2000E-03
1.0147E-03 1.2000E-03
9.9416E-04 1.2000E-03
1.0053E-03 1.2000E-03
9.5031E-04 1.2000E-03
9.8797E-04 1.2000E-03
9.8797E-04 1.2000E-03
