532.3
108.6
106.4
109.4
107.7
107.0
106.0
108.1
105.5
100.4
108.7
108.1
101.4
107.7
109.2
109.1
107.9
107.7
106.8
102.9
107.9
107.5
100.5
107.5
107.4
106.0
107.7
107.9
108.4
107.6
106.9
111.0
108.1
107.2
107.5
108.1
109.2
105.9
107.8
107.1
108.1
107.8
107.9
107.6
109.7
108.1
106.4
108.1
107.7
106.3
107.5
106.6
108.1
107.1
109.4
108.9
107.6
107.5
108.8
109.0
108.1
110.3
105.7
111.9
103.1
107.3
109.6
108.7
110.2
109.6
108.3
105.9
102.2
108.4
108.1
108.6
108.0
107.6
102.1
108.3
108.1
101.7
108.4
108.9
107.4
107.2
106.9
111.1
108.1
101.8
107.1
109.0
108.1
109.0
107.5
107.3
109.1
106.8
102.7
108.7
108.9
107.3
100.7
101.7
109.8
107.1
107.7
107.7
105.9
107.0
109.8
103.1
108.3
108.4
107.4
107.7
100.3
105.7
106.9
107.9
107.1
99.9
107.5
106.4
108.1
105.3
99.9
105.4
105.1
106.1
105.6
105.2
106.5
108.3
107.8
106.4
106.3
106.2
104.5
107.3
105.4
106.0
108.1
107.2
106.9
105.2
99.8
104.6
107.1
105.5
105.4
104.9
107.5
107.3
107.7
106.8
101.1
105.8
107.2
105.5
107.6
107.2
108.1
107.3
105.6
102.1
106.2
106.2
108.0
108.3
106.1
107.2
107.0
106.4
107.5
106.4
105.0
106.2
108.1
108.7
102.2
105.0
106.5
106.7
106.9
108.8
99.1
105.1
105.9
105.7
106.9
105.9
107.1
107.4
107.2
107.2
108.7
106.7
107.3
107.0
107.4
109.0
108.4
107.4
107.1
106.1
106.8
105.7
107.6
107.3
107.1
108.1
106.3
108.4
107.3
107.2
107.8
106.2
136.8
105.7
104.9
107.8
108.0
105.8
106.4
106.1
107.1
105.2
105.6
99.4
106.4
106.4
107.1
105.4
106.8
105.9
106.4
106.6
105.8
106.0
107.3
107.0
108.5
107.5
107.0
106.5
104.6
106.0
106.3
105.6
107.4
101.0
105.7
106.6
105.2
100.5
109.3
106.5
106.5
106.5
108.1
107.2
106.7
105.6
108.7
105.3
107.2
107.5
107.3
106.4
106.4
107.8
106.1
106.3
108.5
106.9
106.7
108.5
107.0
104.6
107.8
106.4
106.0
109.4
105.4
108.4
105.5
105.4
107.3
106.8
106.5
107.3
106.9
106.6
105.5
106.2
107.4
106.2
107.2
101.0
108.2
106.2
106.3
107.1
106.1
106.8
107.3
104.3
105.2
106.3
106.4
106.5
105.7
104.9
106.2
107.5
106.8
105.8
108.0
108.0
106.8
105.3
106.2
108.4
105.4
106.5
109.2
106.5
109.0
106.8
106.7
109.6
102.3
109.7
109.6
107.6
101.9
108.9
107.4
102.8
109.0
109.2
100.6
112.1
109.8
109.8
110.0
109.9
556.2
121.5
139.4
120.7
109.0
111.8
112.7
114.5
109.4
112.9
112.6
105.5
110.8
112.4
111.4
115.7
111.7
99.7
111.1
112.2
