Max Step   Target
7.7610E-03 1.8000E-03
3.1606E-03 1.8000E-03
8.4109E-03 1.8000E-03
5.5788E-03 1.8000E-03
2.5000E-02 1.8000E-03
2.5000E-02 1.8000E-03
3.1461E-03 1.8000E-03
3.6434E-03 1.8000E-03
3.0354E-03 1.8000E-03
7.8649E-03 1.8000E-03
3.9052E-03 1.8000E-03
3.0746E-03 1.8000E-03
5.7670E-03 1.8000E-03
8.1712E-03 1.8000E-03
9.4982E-03 1.8000E-03
1.2829E-02 1.8000E-03
1.0613E-02 1.8000E-03
4.1328E-03 1.8000E-03
8.0290E-03 1.8000E-03
5.1897E-03 1.8000E-03
3.8359E-03 1.8000E-03
3.8079E-03 1.8000E-03
3.8569E-03 1.8000E-03
5.2436E-03 1.8000E-03
2.7971E-03 1.8000E-03
2.2332E-03 1.8000E-03
1.0704E-03 1.8000E-03
1.8699E-03 1.8000E-03
3.9337E-03 1.8000E-03
8.0197E-04 1.8000E-03
8.0197E-04 1.8000E-03
