RMS Grad   Target
1.3898E-03 3.0000E-04
1.3290E-03 3.0000E-04
7.7851E-04 3.0000E-04
4.8721E-04 3.0000E-04
5.2008E-04 3.0000E-04
7.8593E-04 3.0000E-04
8.6587E-04 3.0000E-04
3.7307E-04 3.0000E-04
2.2139E-04 3.0000E-04
2.5353E-04 3.0000E-04
3.7315E-04 3.0000E-04
3.5190E-04 3.0000E-04
2.6025E-04 3.0000E-04
2.5125E-04 3.0000E-04
3.6149E-04 3.0000E-04
2.9907E-04 3.0000E-04
3.2713E-04 3.0000E-04
4.2289E-04 3.0000E-04
2.8378E-04 3.0000E-04
2.0586E-04 3.0000E-04
2.8476E-04 3.0000E-04
1.6585E-04 3.0000E-04
1.2365E-04 3.0000E-04
1.5344E-04 3.0000E-04
1.3331E-04 3.0000E-04
1.1771E-04 3.0000E-04
9.9534E-05 3.0000E-04
7.8517E-05 3.0000E-04
7.2720E-05 3.0000E-04
9.2980E-05 3.0000E-04
5.4981E-05 3.0000E-04
5.4981E-05 3.0000E-04
