RMS Grad   Target
3.4098E-04 2.0000E-04
2.9723E-04 2.0000E-04
2.5768E-04 2.0000E-04
2.2071E-04 2.0000E-04
1.8587E-04 2.0000E-04
1.5288E-04 2.0000E-04
1.2161E-04 2.0000E-04
9.2150E-05 2.0000E-04
6.4781E-05 2.0000E-04
4.0134E-05 2.0000E-04
1.9891E-05 2.0000E-04
1.1171E-05 2.0000E-04
1.6309E-05 2.0000E-04
1.9935E-05 2.0000E-04
2.0869E-05 2.0000E-04
2.0867E-05 2.0000E-04
2.1578E-05 2.0000E-04
2.1163E-05 2.0000E-04
2.0128E-05 2.0000E-04
1.8915E-05 2.0000E-04
1.8257E-05 2.0000E-04
1.7003E-05 2.0000E-04
1.6229E-05 2.0000E-04
1.5319E-05 2.0000E-04
1.4561E-05 2.0000E-04
1.3734E-05 2.0000E-04
1.3190E-05 2.0000E-04
1.2481E-05 2.0000E-04
1.1966E-05 2.0000E-04
1.1402E-05 2.0000E-04
1.0999E-05 2.0000E-04
1.0508E-05 2.0000E-04
1.0190E-05 2.0000E-04
9.8076E-06 2.0000E-04
9.5590E-06 2.0000E-04
9.2140E-06 2.0000E-04
9.1131E-06 2.0000E-04
8.8222E-06 2.0000E-04
8.7479E-06 2.0000E-04
8.5465E-06 2.0000E-04
8.5958E-06 2.0000E-04
8.4206E-06 2.0000E-04
8.6134E-06 2.0000E-04
8.4804E-06 2.0000E-04
8.6508E-06 2.0000E-04
8.5632E-06 2.0000E-04
8.9136E-06 2.0000E-04
8.8590E-06 2.0000E-04
8.9707E-06 2.0000E-04
8.9172E-06 2.0000E-04
9.1456E-06 2.0000E-04
9.1114E-06 2.0000E-04
9.2645E-06 2.0000E-04
9.2608E-06 2.0000E-04
9.4776E-06 2.0000E-04
9.4601E-06 2.0000E-04
9.6405E-06 2.0000E-04
9.6408E-06 2.0000E-04
9.8732E-06 2.0000E-04
9.9029E-06 2.0000E-04
1.0104E-05 2.0000E-04
1.0108E-05 2.0000E-04
1.0380E-05 2.0000E-04
1.0401E-05 2.0000E-04
1.0644E-05 2.0000E-04
1.0671E-05 2.0000E-04
1.0818E-05 2.0000E-04
1.0856E-05 2.0000E-04
1.1037E-05 2.0000E-04
1.1049E-05 2.0000E-04
1.1148E-05 2.0000E-04
1.1198E-05 2.0000E-04
1.1374E-05 2.0000E-04
1.1334E-05 2.0000E-04
1.1536E-05 2.0000E-04
1.1574E-05 2.0000E-04
1.1637E-05 2.0000E-04
1.1642E-05 2.0000E-04
1.1768E-05 2.0000E-04
1.1728E-05 2.0000E-04
1.2089E-05 2.0000E-04
1.2087E-05 2.0000E-04
1.2402E-05 2.0000E-04
1.2360E-05 2.0000E-04
1.2581E-05 2.0000E-04
1.2531E-05 2.0000E-04
1.2644E-05 2.0000E-04
1.2602E-05 2.0000E-04
1.2763E-05 2.0000E-04
1.2719E-05 2.0000E-04
1.2971E-05 2.0000E-04
1.2920E-05 2.0000E-04
1.3207E-05 2.0000E-04
1.3157E-05 2.0000E-04
1.3337E-05 2.0000E-04
1.3299E-05 2.0000E-04
1.3540E-05 2.0000E-04
1.3491E-05 2.0000E-04
1.3729E-05 2.0000E-04
1.3679E-05 2.0000E-04
1.3888E-05 2.0000E-04
1.3838E-05 2.0000E-04
1.4043E-05 2.0000E-04
1.3994E-05 2.0000E-04
1.4098E-05 2.0000E-04
1.4052E-05 2.0000E-04
1.4259E-05 2.0000E-04
1.4193E-05 2.0000E-04
1.4317E-05 2.0000E-04
1.4303E-05 2.0000E-04
1.4559E-05 2.0000E-04
1.4473E-05 2.0000E-04
1.4630E-05 2.0000E-04
1.4598E-05 2.0000E-04
1.4769E-05 2.0000E-04
1.4703E-05 2.0000E-04
1.4900E-05 2.0000E-04
1.4852E-05 2.0000E-04
1.5078E-05 2.0000E-04
1.5027E-05 2.0000E-04
1.5177E-05 2.0000E-04
1.5123E-05 2.0000E-04
1.5136E-05 2.0000E-04
1.5123E-05 2.0000E-04
1.5205E-05 2.0000E-04
1.5086E-05 2.0000E-04
1.5210E-05 2.0000E-04
1.5216E-05 2.0000E-04
1.5258E-05 2.0000E-04
1.5237E-05 2.0000E-04
1.5284E-05 2.0000E-04
1.5247E-05 2.0000E-04
1.5417E-05 2.0000E-04
1.5346E-05 2.0000E-04
1.5698E-05 2.0000E-04
1.5639E-05 2.0000E-04
1.5936E-05 2.0000E-04
1.5833E-05 2.0000E-04
1.5943E-05 2.0000E-04
1.5894E-05 2.0000E-04
1.5998E-05 2.0000E-04
1.5947E-05 2.0000E-04
1.6117E-05 2.0000E-04
1.6069E-05 2.0000E-04
1.6376E-05 2.0000E-04
1.6304E-05 2.0000E-04
1.6477E-05 2.0000E-04
1.6416E-05 2.0000E-04
1.6578E-05 2.0000E-04
1.6529E-05 2.0000E-04
1.6708E-05 2.0000E-04
1.6660E-05 2.0000E-04
1.6825E-05 2.0000E-04
1.6779E-05 2.0000E-04
1.6952E-05 2.0000E-04
1.6890E-05 2.0000E-04
1.7025E-05 2.0000E-04
1.6980E-05 2.0000E-04
1.7159E-05 2.0000E-04
1.7101E-05 2.0000E-04
1.7213E-05 2.0000E-04
1.7200E-05 2.0000E-04
1.7425E-05 2.0000E-04
1.7355E-05 2.0000E-04
1.7513E-05 2.0000E-04
1.7488E-05 2.0000E-04
1.7681E-05 2.0000E-04
1.7619E-05 2.0000E-04
1.7779E-05 2.0000E-04
1.7758E-05 2.0000E-04
1.7984E-05 2.0000E-04
1.7931E-05 2.0000E-04
1.8091E-05 2.0000E-04
1.8064E-05 2.0000E-04
1.8150E-05 2.0000E-04
1.8130E-05 2.0000E-04
1.8275E-05 2.0000E-04
1.8184E-05 2.0000E-04
1.8291E-05 2.0000E-04
1.8306E-05 2.0000E-04
1.8379E-05 2.0000E-04
1.8365E-05 2.0000E-04
1.8464E-05 2.0000E-04
1.8448E-05 2.0000E-04
1.8707E-05 2.0000E-04
1.8606E-05 2.0000E-04
1.8765E-05 2.0000E-04
1.8693E-05 2.0000E-04
1.8810E-05 2.0000E-04
1.8771E-05 2.0000E-04
1.8805E-05 2.0000E-04
1.8803E-05 2.0000E-04
1.8807E-05 2.0000E-04
1.8773E-05 2.0000E-04
1.8754E-05 2.0000E-04
1.8734E-05 2.0000E-04
1.8666E-05 2.0000E-04
1.8737E-05 2.0000E-04
1.8679E-05 2.0000E-04
1.8797E-05 2.0000E-04
1.8751E-05 2.0000E-04
1.8912E-05 2.0000E-04
1.8867E-05 2.0000E-04
1.9002E-05 2.0000E-04
1.8948E-05 2.0000E-04
1.9087E-05 2.0000E-04
1.9046E-05 2.0000E-04
1.9177E-05 2.0000E-04
1.9150E-05 2.0000E-04
1.9297E-05 2.0000E-04
1.9249E-05 2.0000E-04
1.9355E-05 2.0000E-04
1.9321E-05 2.0000E-04
1.9444E-05 2.0000E-04
1.9397E-05 2.0000E-04
1.9548E-05 2.0000E-04
1.9528E-05 2.0000E-04
1.9654E-05 2.0000E-04
1.9613E-05 2.0000E-04
1.9761E-05 2.0000E-04
1.9724E-05 2.0000E-04
1.9863E-05 2.0000E-04
1.9845E-05 2.0000E-04
1.9997E-05 2.0000E-04
1.9959E-05 2.0000E-04
2.0098E-05 2.0000E-04
2.0083E-05 2.0000E-04
2.0165E-05 2.0000E-04
2.0134E-05 2.0000E-04
2.0232E-05 2.0000E-04
2.0205E-05 2.0000E-04
2.0318E-05 2.0000E-04
2.0257E-05 2.0000E-04
2.0346E-05 2.0000E-04
2.0343E-05 2.0000E-04
2.0425E-05 2.0000E-04
2.0395E-05 2.0000E-04
2.0569E-05 2.0000E-04
2.0527E-05 2.0000E-04
2.0663E-05 2.0000E-04
2.0630E-05 2.0000E-04
2.0775E-05 2.0000E-04
2.0737E-05 2.0000E-04
2.0802E-05 2.0000E-04
2.0792E-05 2.0000E-04
2.0834E-05 2.0000E-04
2.0794E-05 2.0000E-04
2.0853E-05 2.0000E-04
2.0823E-05 2.0000E-04
2.0903E-05 2.0000E-04
2.0872E-05 2.0000E-04
2.0962E-05 2.0000E-04
2.0937E-05 2.0000E-04
2.1082E-05 2.0000E-04
2.1033E-05 2.0000E-04
2.1140E-05 2.0000E-04
2.1112E-05 2.0000E-04
2.1202E-05 2.0000E-04
2.1184E-05 2.0000E-04
2.1289E-05 2.0000E-04
2.1262E-05 2.0000E-04
2.1346E-05 2.0000E-04
2.1328E-05 2.0000E-04
2.1401E-05 2.0000E-04
2.1359E-05 2.0000E-04
2.1466E-05 2.0000E-04
2.1428E-05 2.0000E-04
2.1523E-05 2.0000E-04
2.1507E-05 2.0000E-04
2.1587E-05 2.0000E-04
2.1569E-05 2.0000E-04
2.1670E-05 2.0000E-04
2.1630E-05 2.0000E-04
2.1733E-05 2.0000E-04
2.1710E-05 2.0000E-04
2.1854E-05 2.0000E-04
2.1821E-05 2.0000E-04
2.1932E-05 2.0000E-04
2.1912E-05 2.0000E-04
2.1995E-05 2.0000E-04
2.1954E-05 2.0000E-04
2.2051E-05 2.0000E-04
2.2029E-05 2.0000E-04
2.2145E-05 2.0000E-04
2.2104E-05 2.0000E-04
2.2187E-05 2.0000E-04
2.2180E-05 2.0000E-04
2.2291E-05 2.0000E-04
2.2245E-05 2.0000E-04
2.2403E-05 2.0000E-04
2.2379E-05 2.0000E-04
2.2546E-05 2.0000E-04
2.2508E-05 2.0000E-04
2.2658E-05 2.0000E-04
2.2626E-05 2.0000E-04
2.2713E-05 2.0000E-04
2.2694E-05 2.0000E-04
2.2797E-05 2.0000E-04
2.2767E-05 2.0000E-04
2.2881E-05 2.0000E-04
2.2844E-05 2.0000E-04
2.2963E-05 2.0000E-04
2.2934E-05 2.0000E-04
2.3043E-05 2.0000E-04
2.3012E-05 2.0000E-04
2.3180E-05 2.0000E-04
2.3137E-05 2.0000E-04
2.3253E-05 2.0000E-04
2.3240E-05 2.0000E-04
2.3351E-05 2.0000E-04
2.3327E-05 2.0000E-04
2.3439E-05 2.0000E-04
2.3413E-05 2.0000E-04
2.3542E-05 2.0000E-04
2.3506E-05 2.0000E-04
2.3590E-05 2.0000E-04
2.3566E-05 2.0000E-04
2.3658E-05 2.0000E-04
2.3639E-05 2.0000E-04
2.3757E-05 2.0000E-04
2.3725E-05 2.0000E-04
2.3828E-05 2.0000E-04
2.3807E-05 2.0000E-04
2.3939E-05 2.0000E-04
2.3888E-05 2.0000E-04
2.4000E-05 2.0000E-04
2.3976E-05 2.0000E-04
2.4131E-05 2.0000E-04
2.4090E-05 2.0000E-04
2.4229E-05 2.0000E-04
2.4203E-05 2.0000E-04
2.4321E-05 2.0000E-04
2.4276E-05 2.0000E-04
2.4391E-05 2.0000E-04
2.4355E-05 2.0000E-04
2.4492E-05 2.0000E-04
2.4455E-05 2.0000E-04
2.4570E-05 2.0000E-04
2.4526E-05 2.0000E-04
2.4622E-05 2.0000E-04
2.4602E-05 2.0000E-04
2.4805E-05 2.0000E-04
2.4723E-05 2.0000E-04
2.4883E-05 2.0000E-04
2.4860E-05 2.0000E-04
2.5044E-05 2.0000E-04
2.4961E-05 2.0000E-04
2.5055E-05 2.0000E-04
2.5046E-05 2.0000E-04
2.5210E-05 2.0000E-04
2.5120E-05 2.0000E-04
2.5231E-05 2.0000E-04
2.5209E-05 2.0000E-04
2.5325E-05 2.0000E-04
2.5277E-05 2.0000E-04
2.5407E-05 2.0000E-04
2.5367E-05 2.0000E-04
2.5467E-05 2.0000E-04
2.5413E-05 2.0000E-04
2.5549E-05 2.0000E-04
2.5514E-05 2.0000E-04
2.5638E-05 2.0000E-04
2.5590E-05 2.0000E-04
2.5723E-05 2.0000E-04
2.5679E-05 2.0000E-04
2.5768E-05 2.0000E-04
2.5733E-05 2.0000E-04
2.5850E-05 2.0000E-04
2.5802E-05 2.0000E-04
2.5893E-05 2.0000E-04
2.5844E-05 2.0000E-04
2.5947E-05 2.0000E-04
2.5892E-05 2.0000E-04
2.5961E-05 2.0000E-04
2.5947E-05 2.0000E-04
2.6046E-05 2.0000E-04
2.5995E-05 2.0000E-04
2.6169E-05 2.0000E-04
2.6096E-05 2.0000E-04
2.6212E-05 2.0000E-04
2.6185E-05 2.0000E-04
2.6337E-05 2.0000E-04
2.6258E-05 2.0000E-04
2.6351E-05 2.0000E-04
2.6319E-05 2.0000E-04
2.6428E-05 2.0000E-04
2.6349E-05 2.0000E-04
2.6481E-05 2.0000E-04
2.6441E-05 2.0000E-04
2.6603E-05 2.0000E-04
2.6532E-05 2.0000E-04
2.6644E-05 2.0000E-04
2.6604E-05 2.0000E-04
2.6785E-05 2.0000E-04
2.6700E-05 2.0000E-04
2.6896E-05 2.0000E-04
2.6852E-05 2.0000E-04
2.7071E-05 2.0000E-04
2.6991E-05 2.0000E-04
2.7146E-05 2.0000E-04
2.7092E-05 2.0000E-04
2.7231E-05 2.0000E-04
2.7166E-05 2.0000E-04
2.7387E-05 2.0000E-04
2.7285E-05 2.0000E-04
2.7374E-05 2.0000E-04
2.7386E-05 2.0000E-04
2.7524E-05 2.0000E-04
2.7391E-05 2.0000E-04
2.7483E-05 2.0000E-04
2.7433E-05 2.0000E-04
2.7593E-05 2.0000E-04
2.7509E-05 2.0000E-04
2.7623E-05 2.0000E-04
2.7584E-05 2.0000E-04
2.7656E-05 2.0000E-04
2.7574E-05 2.0000E-04
2.7678E-05 2.0000E-04
2.7615E-05 2.0000E-04
2.7746E-05 2.0000E-04
2.7661E-05 2.0000E-04
2.7795E-05 2.0000E-04
2.7724E-05 2.0000E-04
2.7786E-05 2.0000E-04
2.7732E-05 2.0000E-04
2.7831E-05 2.0000E-04
2.7756E-05 2.0000E-04
2.7843E-05 2.0000E-04
2.7783E-05 2.0000E-04
2.7928E-05 2.0000E-04
2.7822E-05 2.0000E-04
2.7916E-05 2.0000E-04
2.7862E-05 2.0000E-04
2.7973E-05 2.0000E-04
2.7889E-05 2.0000E-04
2.8066E-05 2.0000E-04
2.7965E-05 2.0000E-04
2.8066E-05 2.0000E-04
2.8004E-05 2.0000E-04
2.8113E-05 2.0000E-04
2.8030E-05 2.0000E-04
2.8112E-05 2.0000E-04
2.8043E-05 2.0000E-04
2.8234E-05 2.0000E-04
2.8100E-05 2.0000E-04
2.8225E-05 2.0000E-04
2.8180E-05 2.0000E-04
2.8312E-05 2.0000E-04
2.8214E-05 2.0000E-04
2.8395E-05 2.0000E-04
2.8281E-05 2.0000E-04
2.8515E-05 2.0000E-04
2.8432E-05 2.0000E-04
2.8613E-05 2.0000E-04
2.8549E-05 2.0000E-04
2.8717E-05 2.0000E-04
2.8595E-05 2.0000E-04
2.8741E-05 2.0000E-04
2.8635E-05 2.0000E-04
2.8762E-05 2.0000E-04
2.8700E-05 2.0000E-04
2.8849E-05 2.0000E-04
2.8730E-05 2.0000E-04
2.8847E-05 2.0000E-04
2.8762E-05 2.0000E-04
2.8904E-05 2.0000E-04
2.8772E-05 2.0000E-04
2.8897E-05 2.0000E-04
2.8827E-05 2.0000E-04
2.8946E-05 2.0000E-04
2.8815E-05 2.0000E-04
2.8957E-05 2.0000E-04
2.8867E-05 2.0000E-04
2.8923E-05 2.0000E-04
2.8817E-05 2.0000E-04
2.8929E-05 2.0000E-04
2.8820E-05 2.0000E-04
2.8895E-05 2.0000E-04
2.8810E-05 2.0000E-04
2.8957E-05 2.0000E-04
2.8825E-05 2.0000E-04
2.8937E-05 2.0000E-04
2.8844E-05 2.0000E-04
2.8954E-05 2.0000E-04
2.8847E-05 2.0000E-04
2.8911E-05 2.0000E-04
2.8834E-05 2.0000E-04
2.8935E-05 2.0000E-04
2.8782E-05 2.0000E-04
2.8889E-05 2.0000E-04
2.8778E-05 2.0000E-04
2.8890E-05 2.0000E-04
2.8748E-05 2.0000E-04
2.8904E-05 2.0000E-04
2.8777E-05 2.0000E-04
2.8876E-05 2.0000E-04
2.8743E-05 2.0000E-04
2.8897E-05 2.0000E-04
2.8770E-05 2.0000E-04
2.8883E-05 2.0000E-04
2.8757E-05 2.0000E-04
2.8904E-05 2.0000E-04
2.8740E-05 2.0000E-04
2.8871E-05 2.0000E-04
2.8739E-05 2.0000E-04
2.8958E-05 2.0000E-04
2.8806E-05 2.0000E-04
2.9008E-05 2.0000E-04
2.8885E-05 2.0000E-04
2.9050E-05 2.0000E-04
2.8905E-05 2.0000E-04
2.9084E-05 2.0000E-04
2.8968E-05 2.0000E-04
2.9165E-05 2.0000E-04
2.9015E-05 2.0000E-04
2.9073E-05 2.0000E-04
2.8975E-05 2.0000E-04
2.9016E-05 2.0000E-04
2.8863E-05 2.0000E-04
2.8955E-05 2.0000E-04
2.8793E-05 2.0000E-04
2.8918E-05 2.0000E-04
2.8765E-05 2.0000E-04
2.8896E-05 2.0000E-04
2.8794E-05 2.0000E-04
2.8848E-05 2.0000E-04
2.8646E-05 2.0000E-04
2.8729E-05 2.0000E-04
2.8596E-05 2.0000E-04
2.8639E-05 2.0000E-04
2.8486E-05 2.0000E-04
2.8606E-05 2.0000E-04
2.8460E-05 2.0000E-04
2.8545E-05 2.0000E-04
2.8385E-05 2.0000E-04
2.8480E-05 2.0000E-04
2.8342E-05 2.0000E-04
2.8382E-05 2.0000E-04
2.8235E-05 2.0000E-04
2.8351E-05 2.0000E-04
2.8171E-05 2.0000E-04
2.8171E-05 2.0000E-04
2.8143E-05 2.0000E-04
1.5656E-05 2.0000E-04
8.9709E-06 2.0000E-04
