Max Step   Target
7.2753E-03 1.8000E-03
9.9073E-03 1.8000E-03
1.8856E-02 1.8000E-03
2.0443E-02 1.8000E-03
2.0806E-02 1.8000E-03
3.2894E-02 1.8000E-03
1.8707E-02 1.8000E-03
2.8762E-03 1.8000E-03
7.6279E-03 1.8000E-03
1.1642E-02 1.8000E-03
1.2000E-02 1.8000E-03
4.4580E-03 1.8000E-03
4.3181E-03 1.8000E-03
7.8308E-03 1.8000E-03
1.5091E-02 1.8000E-03
3.1918E-03 1.8000E-03
2.6834E-03 1.8000E-03
6.4089E-03 1.8000E-03
9.6847E-03 1.8000E-03
5.1706E-03 1.8000E-03
1.3405E-03 1.8000E-03
2.7023E-03 1.8000E-03
4.6310E-03 1.8000E-03
4.7360E-03 1.8000E-03
3.2421E-03 1.8000E-03
3.4820E-03 1.8000E-03
2.2480E-03 1.8000E-03
1.4829E-03 1.8000E-03
3.5236E-03 1.8000E-03
2.5616E-03 1.8000E-03
3.4532E-04 1.8000E-03
3.4532E-04 1.8000E-03
