Max Step   Target
3.2859E-04 1.2000E-03
5.0012E-04 1.2000E-03
6.0018E-04 1.2000E-03
6.3113E-04 1.2000E-03
6.3782E-04 1.2000E-03
6.3527E-04 1.2000E-03
6.7502E-04 1.2000E-03
7.2196E-04 1.2000E-03
7.6488E-04 1.2000E-03
7.9219E-04 1.2000E-03
8.1065E-04 1.2000E-03
8.2508E-04 1.2000E-03
8.2350E-04 1.2000E-03
8.4209E-04 1.2000E-03
8.1374E-04 1.2000E-03
8.4383E-04 1.2000E-03
8.1517E-04 1.2000E-03
8.1172E-04 1.2000E-03
8.1614E-04 1.2000E-03
7.9292E-04 1.2000E-03
7.9439E-04 1.2000E-03
7.8178E-04 1.2000E-03
7.6832E-04 1.2000E-03
7.6906E-04 1.2000E-03
7.5735E-04 1.2000E-03
7.3995E-04 1.2000E-03
7.4611E-04 1.2000E-03
7.2982E-04 1.2000E-03
7.1929E-04 1.2000E-03
7.2183E-04 1.2000E-03
7.0494E-04 1.2000E-03
7.0053E-04 1.2000E-03
6.9579E-04 1.2000E-03
6.8626E-04 1.2000E-03
6.7589E-04 1.2000E-03
6.7716E-04 1.2000E-03
6.6558E-04 1.2000E-03
6.5496E-04 1.2000E-03
6.6052E-04 1.2000E-03
6.4543E-04 1.2000E-03
6.4032E-04 1.2000E-03
6.4326E-04 1.2000E-03
6.2827E-04 1.2000E-03
6.2679E-04 1.2000E-03
6.2668E-04 1.2000E-03
6.1404E-04 1.2000E-03
6.1453E-04 1.2000E-03
6.0924E-04 1.2000E-03
5.9973E-04 1.2000E-03
6.0061E-04 1.2000E-03
5.9285E-04 1.2000E-03
5.9039E-04 1.2000E-03
5.8543E-04 1.2000E-03
5.9221E-04 1.2000E-03
5.7951E-04 1.2000E-03
5.7665E-04 1.2000E-03
5.9954E-04 1.2000E-03
5.7671E-04 1.2000E-03
5.8545E-04 1.2000E-03
6.0214E-04 1.2000E-03
5.8285E-04 1.2000E-03
5.9312E-04 1.2000E-03
6.0048E-04 1.2000E-03
5.8983E-04 1.2000E-03
5.9684E-04 1.2000E-03
6.0525E-04 1.2000E-03
5.9356E-04 1.2000E-03
6.0076E-04 1.2000E-03
6.0805E-04 1.2000E-03
5.7906E-04 1.2000E-03
6.0526E-04 1.2000E-03
6.2476E-04 1.2000E-03
5.9957E-04 1.2000E-03
6.1744E-04 1.2000E-03
6.0987E-04 1.2000E-03
6.0390E-04 1.2000E-03
6.1044E-04 1.2000E-03
6.1937E-04 1.2000E-03
6.1004E-04 1.2000E-03
6.1027E-04 1.2000E-03
6.1518E-04 1.2000E-03
6.0022E-04 1.2000E-03
6.1473E-04 1.2000E-03
6.2574E-04 1.2000E-03
6.1527E-04 1.2000E-03
6.0266E-04 1.2000E-03
6.1588E-04 1.2000E-03
6.1298E-04 1.2000E-03
6.1233E-04 1.2000E-03
6.2066E-04 1.2000E-03
6.1382E-04 1.2000E-03
6.0905E-04 1.2000E-03
6.1738E-04 1.2000E-03
6.1182E-04 1.2000E-03
6.1466E-04 1.2000E-03
6.1738E-04 1.2000E-03
6.1655E-04 1.2000E-03
5.9705E-04 1.2000E-03
6.1596E-04 1.2000E-03
6.1537E-04 1.2000E-03
6.1424E-04 1.2000E-03
6.1460E-04 1.2000E-03
6.1513E-04 1.2000E-03
5.9825E-04 1.2000E-03
6.1409E-04 1.2000E-03
6.0628E-04 1.2000E-03
6.1263E-04 1.2000E-03
6.0455E-04 1.2000E-03
6.1166E-04 1.2000E-03
6.0459E-04 1.2000E-03
6.0960E-04 1.2000E-03
6.0394E-04 1.2000E-03
6.0844E-04 1.2000E-03
6.0211E-04 1.2000E-03
6.0660E-04 1.2000E-03
5.9753E-04 1.2000E-03
6.0600E-04 1.2000E-03
5.9030E-04 1.2000E-03
6.0528E-04 1.2000E-03
5.9488E-04 1.2000E-03
6.0140E-04 1.2000E-03
6.0114E-04 1.2000E-03
5.9982E-04 1.2000E-03
5.9327E-04 1.2000E-03
5.9884E-04 1.2000E-03
5.9928E-04 1.2000E-03
5.9520E-04 1.2000E-03
5.9738E-04 1.2000E-03
5.9460E-04 1.2000E-03
5.8478E-04 1.2000E-03
5.9310E-04 1.2000E-03
5.8941E-04 1.2000E-03
5.9118E-04 1.2000E-03
5.8576E-04 1.2000E-03
5.8948E-04 1.2000E-03
5.8114E-04 1.2000E-03
5.8725E-04 1.2000E-03
5.8473E-04 1.2000E-03
5.8448E-04 1.2000E-03
5.8321E-04 1.2000E-03
5.8138E-04 1.2000E-03
5.8144E-04 1.2000E-03
5.7942E-04 1.2000E-03
5.8181E-04 1.2000E-03
5.7860E-04 1.2000E-03
5.6753E-04 1.2000E-03
5.7707E-04 1.2000E-03
5.6994E-04 1.2000E-03
5.7452E-04 1.2000E-03
5.6920E-04 1.2000E-03
5.7243E-04 1.2000E-03
5.6615E-04 1.2000E-03
5.6968E-04 1.2000E-03
5.6848E-04 1.2000E-03
5.6764E-04 1.2000E-03
5.6445E-04 1.2000E-03
5.6625E-04 1.2000E-03
5.5377E-04 1.2000E-03
5.6410E-04 1.2000E-03
5.6033E-04 1.2000E-03
5.6146E-04 1.2000E-03
5.5512E-04 1.2000E-03
5.5967E-04 1.2000E-03
5.5364E-04 1.2000E-03
5.5679E-04 1.2000E-03
5.5710E-04 1.2000E-03
5.5520E-04 1.2000E-03
5.4447E-04 1.2000E-03
5.5390E-04 1.2000E-03
5.4569E-04 1.2000E-03
5.5105E-04 1.2000E-03
5.4808E-04 1.2000E-03
5.4822E-04 1.2000E-03
5.4721E-04 1.2000E-03
5.4696E-04 1.2000E-03
5.4125E-04 1.2000E-03
5.4529E-04 1.2000E-03
5.4529E-04 1.2000E-03
1.6587E-08 1.2000E-03
5.5627E-04 1.2000E-03
6.3698E-04 1.2000E-03
6.1824E-04 1.2000E-03
6.6600E-04 1.2000E-03
7.4320E-04 1.2000E-03
7.1662E-04 1.2000E-03
7.1643E-04 1.2000E-03
7.1510E-04 1.2000E-03
6.6787E-04 1.2000E-03
6.5889E-04 1.2000E-03
6.3605E-04 1.2000E-03
5.8911E-04 1.2000E-03
5.9125E-04 1.2000E-03
5.6688E-04 1.2000E-03
5.6727E-04 1.2000E-03
5.5708E-04 1.2000E-03
5.7406E-04 1.2000E-03
5.7813E-04 1.2000E-03
5.7394E-04 1.2000E-03
5.9269E-04 1.2000E-03
5.7856E-04 1.2000E-03
5.7137E-04 1.2000E-03
5.8078E-04 1.2000E-03
5.7480E-04 1.2000E-03
5.8026E-04 1.2000E-03
5.6941E-04 1.2000E-03
5.7954E-04 1.2000E-03
5.6724E-04 1.2000E-03
5.7645E-04 1.2000E-03
5.8809E-04 1.2000E-03
5.7247E-04 1.2000E-03
5.7731E-04 1.2000E-03
5.7413E-04 1.2000E-03
5.4550E-04 1.2000E-03
5.7215E-04 1.2000E-03
5.5825E-04 1.2000E-03
5.6778E-04 1.2000E-03
5.5530E-04 1.2000E-03
5.6571E-04 1.2000E-03
5.5629E-04 1.2000E-03
5.5860E-04 1.2000E-03
5.7438E-04 1.2000E-03
5.5647E-04 1.2000E-03
5.5158E-04 1.2000E-03
5.5457E-04 1.2000E-03
5.4932E-04 1.2000E-03
5.4875E-04 1.2000E-03
5.4701E-04 1.2000E-03
5.4553E-04 1.2000E-03
5.3294E-04 1.2000E-03
5.4307E-04 1.2000E-03
5.2156E-04 1.2000E-03
5.3834E-04 1.2000E-03
5.3553E-04 1.2000E-03
5.3150E-04 1.2000E-03
5.3405E-04 1.2000E-03
5.2823E-04 1.2000E-03
5.3223E-04 1.2000E-03
5.2597E-04 1.2000E-03
5.1824E-04 1.2000E-03
5.2375E-04 1.2000E-03
5.0545E-04 1.2000E-03
5.1954E-04 1.2000E-03
5.0821E-04 1.2000E-03
5.1450E-04 1.2000E-03
5.0025E-04 1.2000E-03
5.1046E-04 1.2000E-03
5.0795E-04 1.2000E-03
5.0490E-04 1.2000E-03
5.0285E-04 1.2000E-03
5.0046E-04 1.2000E-03
4.9809E-04 1.2000E-03
4.9650E-04 1.2000E-03
4.9195E-04 1.2000E-03
4.9259E-04 1.2000E-03
4.9732E-04 1.2000E-03
4.8743E-04 1.2000E-03
4.8497E-04 1.2000E-03
4.8527E-04 1.2000E-03
4.7388E-04 1.2000E-03
4.8082E-04 1.2000E-03
4.7745E-04 1.2000E-03
4.7710E-04 1.2000E-03
4.6922E-04 1.2000E-03
4.7322E-04 1.2000E-03
4.7128E-04 1.2000E-03
4.7012E-04 1.2000E-03
4.6165E-04 1.2000E-03
4.6669E-04 1.2000E-03
4.6031E-04 1.2000E-03
4.6224E-04 1.2000E-03
4.5854E-04 1.2000E-03
4.5754E-04 1.2000E-03
4.6071E-04 1.2000E-03
4.5510E-04 1.2000E-03
4.4957E-04 1.2000E-03
4.5268E-04 1.2000E-03
4.4510E-04 1.2000E-03
4.4919E-04 1.2000E-03
4.5120E-04 1.2000E-03
4.4463E-04 1.2000E-03
4.4520E-04 1.2000E-03
4.4297E-04 1.2000E-03
4.3562E-04 1.2000E-03
4.4063E-04 1.2000E-03
4.3614E-04 1.2000E-03
4.3744E-04 1.2000E-03
4.4104E-04 1.2000E-03
4.3496E-04 1.2000E-03
4.4474E-04 1.2000E-03
4.3617E-04 1.2000E-03
4.4553E-04 1.2000E-03
4.3601E-04 1.2000E-03
4.4652E-04 1.2000E-03
4.3906E-04 1.2000E-03
4.3871E-04 1.2000E-03
4.4089E-04 1.2000E-03
4.3734E-04 1.2000E-03
4.4181E-04 1.2000E-03
4.4935E-04 1.2000E-03
4.4295E-04 1.2000E-03
4.4807E-04 1.2000E-03
4.4507E-04 1.2000E-03
4.4347E-04 1.2000E-03
4.4669E-04 1.2000E-03
4.3494E-04 1.2000E-03
4.4804E-04 1.2000E-03
4.4481E-04 1.2000E-03
4.4934E-04 1.2000E-03
4.4991E-04 1.2000E-03
4.4942E-04 1.2000E-03
4.5125E-04 1.2000E-03
4.5041E-04 1.2000E-03
4.4444E-04 1.2000E-03
4.5118E-04 1.2000E-03
4.5502E-04 1.2000E-03
4.5156E-04 1.2000E-03
4.5664E-04 1.2000E-03
4.5217E-04 1.2000E-03
4.5343E-04 1.2000E-03
4.5300E-04 1.2000E-03
4.5672E-04 1.2000E-03
4.5270E-04 1.2000E-03
4.6016E-04 1.2000E-03
4.5258E-04 1.2000E-03
4.6042E-04 1.2000E-03
4.5190E-04 1.2000E-03
4.6104E-04 1.2000E-03
4.5398E-04 1.2000E-03
4.4784E-04 1.2000E-03
4.5481E-04 1.2000E-03
4.5044E-04 1.2000E-03
4.5461E-04 1.2000E-03
4.5447E-04 1.2000E-03
4.5384E-04 1.2000E-03
4.5733E-04 1.2000E-03
4.5290E-04 1.2000E-03
4.6043E-04 1.2000E-03
4.5390E-04 1.2000E-03
4.5530E-04 1.2000E-03
4.5426E-04 1.2000E-03
4.4982E-04 1.2000E-03
4.5465E-04 1.2000E-03
4.5242E-04 1.2000E-03
4.5451E-04 1.2000E-03
4.5489E-04 1.2000E-03
4.5391E-04 1.2000E-03
4.5486E-04 1.2000E-03
4.5419E-04 1.2000E-03
4.5165E-04 1.2000E-03
4.5442E-04 1.2000E-03
4.5202E-04 1.2000E-03
4.5420E-04 1.2000E-03
4.5379E-04 1.2000E-03
4.5307E-04 1.2000E-03
4.5498E-04 1.2000E-03
4.5349E-04 1.2000E-03
4.4989E-04 1.2000E-03
4.5401E-04 1.2000E-03
4.4620E-04 1.2000E-03
4.5336E-04 1.2000E-03
4.5133E-04 1.2000E-03
4.5310E-04 1.2000E-03
4.5277E-04 1.2000E-03
4.5264E-04 1.2000E-03
4.5272E-04 1.2000E-03
4.5253E-04 1.2000E-03
4.5273E-04 1.2000E-03
4.5249E-04 1.2000E-03
4.5242E-04 1.2000E-03
4.5220E-04 1.2000E-03
4.5394E-04 1.2000E-03
4.5199E-04 1.2000E-03
4.5665E-04 1.2000E-03
4.5118E-04 1.2000E-03
4.5759E-04 1.2000E-03
4.5098E-04 1.2000E-03
4.5918E-04 1.2000E-03
4.5115E-04 1.2000E-03
4.5572E-04 1.2000E-03
4.5212E-04 1.2000E-03
4.5081E-04 1.2000E-03
4.5227E-04 1.2000E-03
4.5423E-04 1.2000E-03
4.5210E-04 1.2000E-03
4.5090E-04 1.2000E-03
4.5241E-04 1.2000E-03
4.5326E-04 1.2000E-03
4.5151E-04 1.2000E-03
4.5672E-04 1.2000E-03
4.5163E-04 1.2000E-03
4.5723E-04 1.2000E-03
4.5188E-04 1.2000E-03
4.5400E-04 1.2000E-03
4.5252E-04 1.2000E-03
4.4731E-04 1.2000E-03
4.5335E-04 1.2000E-03
4.4948E-04 1.2000E-03
4.5262E-04 1.2000E-03
4.5322E-04 1.2000E-03
4.5230E-04 1.2000E-03
4.5169E-04 1.2000E-03
4.5278E-04 1.2000E-03
4.4798E-04 1.2000E-03
4.5351E-04 1.2000E-03
4.5009E-04 1.2000E-03
4.5235E-04 1.2000E-03
4.5348E-04 1.2000E-03
4.5199E-04 1.2000E-03
4.5262E-04 1.2000E-03
4.5231E-04 1.2000E-03
4.4800E-04 1.2000E-03
4.5299E-04 1.2000E-03
4.4811E-04 1.2000E-03
4.5272E-04 1.2000E-03
4.5225E-04 1.2000E-03
4.5197E-04 1.2000E-03
4.5402E-04 1.2000E-03
4.5207E-04 1.2000E-03
4.5248E-04 1.2000E-03
4.5248E-04 1.2000E-03
4.5069E-04 1.2000E-03
4.5246E-04 1.2000E-03
4.5266E-04 1.2000E-03
4.5222E-04 1.2000E-03
4.5602E-04 1.2000E-03
4.5190E-04 1.2000E-03
4.5905E-04 1.2000E-03
4.5165E-04 1.2000E-03
4.5639E-04 1.2000E-03
4.5229E-04 1.2000E-03
4.5341E-04 1.2000E-03
4.5277E-04 1.2000E-03
4.5507E-04 1.2000E-03
4.5257E-04 1.2000E-03
4.5762E-04 1.2000E-03
4.5275E-04 1.2000E-03
4.5486E-04 1.2000E-03
4.5332E-04 1.2000E-03
4.5223E-04 1.2000E-03
4.5376E-04 1.2000E-03
4.5270E-04 1.2000E-03
4.5335E-04 1.2000E-03
4.5783E-04 1.2000E-03
4.5289E-04 1.2000E-03
4.5857E-04 1.2000E-03
4.5352E-04 1.2000E-03
4.5261E-04 1.2000E-03
4.5462E-04 1.2000E-03
4.5051E-04 1.2000E-03
4.5506E-04 1.2000E-03
4.5004E-04 1.2000E-03
4.5462E-04 1.2000E-03
4.5403E-04 1.2000E-03
4.5432E-04 1.2000E-03
4.5382E-04 1.2000E-03
4.5495E-04 1.2000E-03
4.5152E-04 1.2000E-03
4.5539E-04 1.2000E-03
4.5173E-04 1.2000E-03
4.5478E-04 1.2000E-03
4.5487E-04 1.2000E-03
4.5462E-04 1.2000E-03
4.5395E-04 1.2000E-03
4.5585E-04 1.2000E-03
4.5306E-04 1.2000E-03
4.5695E-04 1.2000E-03
4.5366E-04 1.2000E-03
4.5517E-04 1.2000E-03
4.5538E-04 1.2000E-03
4.5222E-04 1.2000E-03
4.5498E-04 1.2000E-03
4.5478E-04 1.2000E-03
4.5447E-04 1.2000E-03
4.5586E-04 1.2000E-03
4.5330E-04 1.2000E-03
4.5551E-04 1.2000E-03
4.5418E-04 1.2000E-03
4.5456E-04 1.2000E-03
4.6145E-04 1.2000E-03
4.5441E-04 1.2000E-03
4.6023E-04 1.2000E-03
4.5389E-04 1.2000E-03
4.5552E-04 1.2000E-03
4.5615E-04 1.2000E-03
4.5130E-04 1.2000E-03
4.5574E-04 1.2000E-03
4.5698E-04 1.2000E-03
4.5480E-04 1.2000E-03
4.6189E-04 1.2000E-03
4.5517E-04 1.2000E-03
4.5896E-04 1.2000E-03
4.5581E-04 1.2000E-03
4.5373E-04 1.2000E-03
4.5623E-04 1.2000E-03
4.5464E-04 1.2000E-03
4.5598E-04 1.2000E-03
4.5910E-04 1.2000E-03
4.5581E-04 1.2000E-03
4.5878E-04 1.2000E-03
4.5640E-04 1.2000E-03
4.5512E-04 1.2000E-03
4.5701E-04 1.2000E-03
4.5317E-04 1.2000E-03
4.5745E-04 1.2000E-03
4.5745E-04 1.2000E-03
4.5382E-04 1.2000E-03
4.5422E-04 1.2000E-03
4.5686E-04 1.2000E-03
4.5763E-04 1.2000E-03
4.5951E-04 1.2000E-03
4.5530E-04 1.2000E-03
4.6043E-04 1.2000E-03
4.5594E-04 1.2000E-03
4.5648E-04 1.2000E-03
4.5783E-04 1.2000E-03
4.5319E-04 1.2000E-03
4.5738E-04 1.2000E-03
4.5762E-04 1.2000E-03
4.5658E-04 1.2000E-03
4.6077E-04 1.2000E-03
4.5689E-04 1.2000E-03
4.5626E-04 1.2000E-03
4.5821E-04 1.2000E-03
4.5179E-04 1.2000E-03
4.5907E-04 1.2000E-03
4.5410E-04 1.2000E-03
4.5772E-04 1.2000E-03
4.6260E-04 1.2000E-03
4.5723E-04 1.2000E-03
4.6537E-04 1.2000E-03
4.5708E-04 1.2000E-03
4.6132E-04 1.2000E-03
4.5837E-04 1.2000E-03
4.5610E-04 1.2000E-03
4.5896E-04 1.2000E-03
4.5768E-04 1.2000E-03
4.5880E-04 1.2000E-03
4.6188E-04 1.2000E-03
4.5832E-04 1.2000E-03
4.6373E-04 1.2000E-03
4.5883E-04 1.2000E-03
4.6007E-04 1.2000E-03
4.5970E-04 1.2000E-03
4.5512E-04 1.2000E-03
4.5995E-04 1.2000E-03
4.5968E-04 1.2000E-03
4.5974E-04 1.2000E-03
4.6308E-04 1.2000E-03
4.5958E-04 1.2000E-03
4.6323E-04 1.2000E-03
4.6024E-04 1.2000E-03
4.6115E-04 1.2000E-03
4.6067E-04 1.2000E-03
4.5904E-04 1.2000E-03
4.6086E-04 1.2000E-03
4.6171E-04 1.2000E-03
4.6100E-04 1.2000E-03
4.6178E-04 1.2000E-03
4.6125E-04 1.2000E-03
4.6083E-04 1.2000E-03
4.6185E-04 1.2000E-03
4.5997E-04 1.2000E-03
4.6220E-04 1.2000E-03
4.5970E-04 1.2000E-03
4.6227E-04 1.2000E-03
4.5941E-04 1.2000E-03
4.6239E-04 1.2000E-03
4.5984E-04 1.2000E-03
4.6264E-04 1.2000E-03
4.6081E-04 1.2000E-03
4.6260E-04 1.2000E-03
4.6344E-04 1.2000E-03
4.6258E-04 1.2000E-03
4.6375E-04 1.2000E-03
4.6307E-04 1.2000E-03
4.6156E-04 1.2000E-03
4.6354E-04 1.2000E-03
4.6065E-04 1.2000E-03
4.6366E-04 1.2000E-03
4.6353E-04 1.2000E-03
4.6350E-04 1.2000E-03
4.6693E-04 1.2000E-03
4.6369E-04 1.2000E-03
4.6593E-04 1.2000E-03
4.6411E-04 1.2000E-03
4.6455E-04 1.2000E-03
4.6458E-04 1.2000E-03
4.6412E-04 1.2000E-03
4.6478E-04 1.2000E-03
4.6501E-04 1.2000E-03
4.6481E-04 1.2000E-03
4.6740E-04 1.2000E-03
4.6469E-04 1.2000E-03
4.6874E-04 1.2000E-03
4.6528E-04 1.2000E-03
4.6555E-04 1.2000E-03
4.6602E-04 1.2000E-03
4.6295E-04 1.2000E-03
4.6632E-04 1.2000E-03
4.6513E-04 1.2000E-03
4.6604E-04 1.2000E-03
4.6997E-04 1.2000E-03
4.6605E-04 1.2000E-03
4.6901E-04 1.2000E-03
4.6630E-04 1.2000E-03
4.6680E-04 1.2000E-03
4.6738E-04 1.2000E-03
4.6448E-04 1.2000E-03
4.6751E-04 1.2000E-03
4.6581E-04 1.2000E-03
4.6722E-04 1.2000E-03
4.6873E-04 1.2000E-03
4.6725E-04 1.2000E-03
4.6986E-04 1.2000E-03
4.6770E-04 1.2000E-03
4.6742E-04 1.2000E-03
4.6861E-04 1.2000E-03
4.6243E-04 1.2000E-03
4.6869E-04 1.2000E-03
4.6626E-04 1.2000E-03
4.6871E-04 1.2000E-03
4.6890E-04 1.2000E-03
4.6885E-04 1.2000E-03
4.6893E-04 1.2000E-03
4.6921E-04 1.2000E-03
4.6821E-04 1.2000E-03
4.6973E-04 1.2000E-03
4.6846E-04 1.2000E-03
4.6984E-04 1.2000E-03
4.7003E-04 1.2000E-03
4.6978E-04 1.2000E-03
4.7272E-04 1.2000E-03
4.7007E-04 1.2000E-03
4.7150E-04 1.2000E-03
4.7049E-04 1.2000E-03
4.7020E-04 1.2000E-03
4.7090E-04 1.2000E-03
4.7074E-04 1.2000E-03
4.7121E-04 1.2000E-03
4.7079E-04 1.2000E-03
4.7136E-04 1.2000E-03
4.7287E-04 1.2000E-03
4.7154E-04 1.2000E-03
4.7322E-04 1.2000E-03
4.7188E-04 1.2000E-03
4.7317E-04 1.2000E-03
4.7221E-04 1.2000E-03
4.7328E-04 1.2000E-03
4.7266E-04 1.2000E-03
4.7283E-04 1.2000E-03
4.7292E-04 1.2000E-03
4.7371E-04 1.2000E-03
4.7312E-04 1.2000E-03
4.7488E-04 1.2000E-03
4.7352E-04 1.2000E-03
4.7349E-04 1.2000E-03
4.7392E-04 1.2000E-03
4.7356E-04 1.2000E-03
4.7424E-04 1.2000E-03
4.7356E-04 1.2000E-03
4.7461E-04 1.2000E-03
4.7434E-04 1.2000E-03
4.7476E-04 1.2000E-03
4.7657E-04 1.2000E-03
4.7497E-04 1.2000E-03
4.7642E-04 1.2000E-03
4.7549E-04 1.2000E-03
4.7484E-04 1.2000E-03
4.7600E-04 1.2000E-03
4.7432E-04 1.2000E-03
4.7647E-04 1.2000E-03
4.7550E-04 1.2000E-03
4.7656E-04 1.2000E-03
4.7743E-04 1.2000E-03
4.7674E-04 1.2000E-03
4.7771E-04 1.2000E-03
4.7735E-04 1.2000E-03
4.7541E-04 1.2000E-03
4.7790E-04 1.2000E-03
4.7707E-04 1.2000E-03
4.7801E-04 1.2000E-03
4.7801E-04 1.2000E-03
1.4608E-08 1.2000E-03
1.2316E-03 1.2000E-03
5.1852E-04 1.2000E-03
1.6560E-04 1.2000E-03
