RMS Grad   Target
3.8141E-04 2.0000E-04
3.4528E-04 2.0000E-04
3.1792E-04 2.0000E-04
2.9660E-04 2.0000E-04
2.7967E-04 2.0000E-04
2.6584E-04 2.0000E-04
2.5429E-04 2.0000E-04
2.4446E-04 2.0000E-04
2.3597E-04 2.0000E-04
2.2853E-04 2.0000E-04
2.2196E-04 2.0000E-04
2.1603E-04 2.0000E-04
2.1061E-04 2.0000E-04
2.0557E-04 2.0000E-04
2.0096E-04 2.0000E-04
1.9666E-04 2.0000E-04
1.9266E-04 2.0000E-04
1.8885E-04 2.0000E-04
1.8528E-04 2.0000E-04
1.8193E-04 2.0000E-04
1.7864E-04 2.0000E-04
1.7559E-04 2.0000E-04
1.7263E-04 2.0000E-04
1.6979E-04 2.0000E-04
1.6707E-04 2.0000E-04
1.6443E-04 2.0000E-04
1.6193E-04 2.0000E-04
1.5947E-04 2.0000E-04
1.5711E-04 2.0000E-04
1.5483E-04 2.0000E-04
1.5260E-04 2.0000E-04
1.5045E-04 2.0000E-04
1.4837E-04 2.0000E-04
1.4633E-04 2.0000E-04
1.4436E-04 2.0000E-04
1.4245E-04 2.0000E-04
1.4057E-04 2.0000E-04
1.3873E-04 2.0000E-04
1.3699E-04 2.0000E-04
1.3522E-04 2.0000E-04
1.3354E-04 2.0000E-04
1.3190E-04 2.0000E-04
1.3025E-04 2.0000E-04
1.2869E-04 2.0000E-04
1.2714E-04 2.0000E-04
1.2559E-04 2.0000E-04
1.2414E-04 2.0000E-04
1.2266E-04 2.0000E-04
1.2122E-04 2.0000E-04
1.1986E-04 2.0000E-04
1.1846E-04 2.0000E-04
1.1711E-04 2.0000E-04
1.1583E-04 2.0000E-04
1.1447E-04 2.0000E-04
1.1327E-04 2.0000E-04
1.1205E-04 2.0000E-04
1.1076E-04 2.0000E-04
1.0976E-04 2.0000E-04
1.0851E-04 2.0000E-04
1.0738E-04 2.0000E-04
1.0646E-04 2.0000E-04
1.0522E-04 2.0000E-04
1.0436E-04 2.0000E-04
1.0332E-04 2.0000E-04
1.0220E-04 2.0000E-04
1.0150E-04 2.0000E-04
1.0025E-04 2.0000E-04
9.9547E-05 2.0000E-04
9.8449E-05 2.0000E-04
9.7518E-05 2.0000E-04
9.7052E-05 2.0000E-04
9.6055E-05 2.0000E-04
9.5719E-05 2.0000E-04
9.4762E-05 2.0000E-04
9.4065E-05 2.0000E-04
9.3309E-05 2.0000E-04
9.2387E-05 2.0000E-04
9.1716E-05 2.0000E-04
9.0883E-05 2.0000E-04
9.0112E-05 2.0000E-04
8.9715E-05 2.0000E-04
8.8942E-05 2.0000E-04
8.8609E-05 2.0000E-04
8.7884E-05 2.0000E-04
8.7362E-05 2.0000E-04
8.6723E-05 2.0000E-04
8.6002E-05 2.0000E-04
8.5329E-05 2.0000E-04
8.5196E-05 2.0000E-04
8.4404E-05 2.0000E-04
8.4148E-05 2.0000E-04
8.3507E-05 2.0000E-04
8.2801E-05 2.0000E-04
8.2280E-05 2.0000E-04
8.1573E-05 2.0000E-04
8.1015E-05 2.0000E-04
8.0527E-05 2.0000E-04
7.9930E-05 2.0000E-04
8.0002E-05 2.0000E-04
7.9403E-05 2.0000E-04
7.9104E-05 2.0000E-04
7.8573E-05 2.0000E-04
7.8015E-05 2.0000E-04
7.7498E-05 2.0000E-04
7.7102E-05 2.0000E-04
7.6561E-05 2.0000E-04
7.6351E-05 2.0000E-04
7.5826E-05 2.0000E-04
7.5597E-05 2.0000E-04
7.5075E-05 2.0000E-04
7.4917E-05 2.0000E-04
7.4416E-05 2.0000E-04
7.4011E-05 2.0000E-04
7.3536E-05 2.0000E-04
7.3075E-05 2.0000E-04
7.2620E-05 2.0000E-04
7.2385E-05 2.0000E-04
7.1879E-05 2.0000E-04
7.1644E-05 2.0000E-04
7.1141E-05 2.0000E-04
7.1119E-05 2.0000E-04
7.0622E-05 2.0000E-04
7.0389E-05 2.0000E-04
6.9995E-05 2.0000E-04
6.9360E-05 2.0000E-04
6.8911E-05 2.0000E-04
6.8617E-05 2.0000E-04
6.8197E-05 2.0000E-04
6.8045E-05 2.0000E-04
6.7645E-05 2.0000E-04
6.7502E-05 2.0000E-04
6.7087E-05 2.0000E-04
6.7357E-05 2.0000E-04
6.6954E-05 2.0000E-04
6.6804E-05 2.0000E-04
6.6422E-05 2.0000E-04
6.6129E-05 2.0000E-04
6.5699E-05 2.0000E-04
6.5768E-05 2.0000E-04
6.5319E-05 2.0000E-04
6.5180E-05 2.0000E-04
6.4840E-05 2.0000E-04
6.4742E-05 2.0000E-04
6.4345E-05 2.0000E-04
6.4357E-05 2.0000E-04
6.3962E-05 2.0000E-04
6.3980E-05 2.0000E-04
6.3573E-05 2.0000E-04
6.3617E-05 2.0000E-04
6.3196E-05 2.0000E-04
6.3331E-05 2.0000E-04
6.2893E-05 2.0000E-04
6.2961E-05 2.0000E-04
6.2564E-05 2.0000E-04
6.2716E-05 2.0000E-04
6.2306E-05 2.0000E-04
6.2498E-05 2.0000E-04
6.2127E-05 2.0000E-04
6.2153E-05 2.0000E-04
6.1757E-05 2.0000E-04
6.1893E-05 2.0000E-04
6.1488E-05 2.0000E-04
6.1659E-05 2.0000E-04
6.1258E-05 2.0000E-04
6.1430E-05 2.0000E-04
6.1052E-05 2.0000E-04
6.0958E-05 2.0000E-04
6.0601E-05 2.0000E-04
6.0506E-05 2.0000E-04
6.0096E-05 2.0000E-04
6.0116E-05 2.0000E-04
5.9752E-05 2.0000E-04
5.9877E-05 2.0000E-04
5.9483E-05 2.0000E-04
5.9644E-05 2.0000E-04
5.9310E-05 2.0000E-04
5.9278E-05 2.0000E-04
5.8879E-05 2.0000E-04
5.8879E-05 2.0000E-04
5.8654E-05 2.0000E-04
3.7510E-05 2.0000E-04
3.2765E-05 2.0000E-04
3.2852E-05 2.0000E-04
3.3032E-05 2.0000E-04
3.3473E-05 2.0000E-04
3.3591E-05 2.0000E-04
3.3706E-05 2.0000E-04
3.3623E-05 2.0000E-04
3.3418E-05 2.0000E-04
3.3326E-05 2.0000E-04
3.3053E-05 2.0000E-04
3.2936E-05 2.0000E-04
3.2597E-05 2.0000E-04
3.2625E-05 2.0000E-04
3.2337E-05 2.0000E-04
3.2283E-05 2.0000E-04
3.2225E-05 2.0000E-04
3.1999E-05 2.0000E-04
3.1782E-05 2.0000E-04
3.1901E-05 2.0000E-04
3.1779E-05 2.0000E-04
3.1545E-05 2.0000E-04
3.1474E-05 2.0000E-04
3.1069E-05 2.0000E-04
3.0989E-05 2.0000E-04
3.0779E-05 2.0000E-04
3.0618E-05 2.0000E-04
3.0367E-05 2.0000E-04
3.0263E-05 2.0000E-04
2.9978E-05 2.0000E-04
2.9800E-05 2.0000E-04
2.9986E-05 2.0000E-04
2.9815E-05 2.0000E-04
2.9730E-05 2.0000E-04
2.9634E-05 2.0000E-04
2.9275E-05 2.0000E-04
2.9153E-05 2.0000E-04
2.8946E-05 2.0000E-04
2.8767E-05 2.0000E-04
2.8610E-05 2.0000E-04
2.8456E-05 2.0000E-04
2.8354E-05 2.0000E-04
2.8188E-05 2.0000E-04
2.8286E-05 2.0000E-04
2.8133E-05 2.0000E-04
2.7907E-05 2.0000E-04
2.7768E-05 2.0000E-04
2.7634E-05 2.0000E-04
2.7452E-05 2.0000E-04
2.7575E-05 2.0000E-04
2.7413E-05 2.0000E-04
2.7018E-05 2.0000E-04
2.6881E-05 2.0000E-04
2.6232E-05 2.0000E-04
2.6273E-05 2.0000E-04
2.5459E-05 2.0000E-04
2.5417E-05 2.0000E-04
2.4918E-05 2.0000E-04
2.4712E-05 2.0000E-04
2.4613E-05 2.0000E-04
2.4482E-05 2.0000E-04
2.4144E-05 2.0000E-04
2.4043E-05 2.0000E-04
2.3565E-05 2.0000E-04
2.3454E-05 2.0000E-04
2.3509E-05 2.0000E-04
2.3292E-05 2.0000E-04
2.3161E-05 2.0000E-04
2.3002E-05 2.0000E-04
2.3071E-05 2.0000E-04
2.2865E-05 2.0000E-04
2.3181E-05 2.0000E-04
2.2995E-05 2.0000E-04
2.3402E-05 2.0000E-04
2.3182E-05 2.0000E-04
2.3348E-05 2.0000E-04
2.3141E-05 2.0000E-04
2.3299E-05 2.0000E-04
2.3123E-05 2.0000E-04
2.3350E-05 2.0000E-04
2.3168E-05 2.0000E-04
2.3469E-05 2.0000E-04
2.3295E-05 2.0000E-04
2.3861E-05 2.0000E-04
2.3586E-05 2.0000E-04
2.3969E-05 2.0000E-04
2.3743E-05 2.0000E-04
2.3966E-05 2.0000E-04
2.3757E-05 2.0000E-04
2.3767E-05 2.0000E-04
2.3613E-05 2.0000E-04
2.3742E-05 2.0000E-04
2.3552E-05 2.0000E-04
2.3847E-05 2.0000E-04
2.3664E-05 2.0000E-04
2.3907E-05 2.0000E-04
2.3699E-05 2.0000E-04
2.3857E-05 2.0000E-04
2.3629E-05 2.0000E-04
2.3944E-05 2.0000E-04
2.3738E-05 2.0000E-04
2.4048E-05 2.0000E-04
2.3797E-05 2.0000E-04
2.3994E-05 2.0000E-04
2.3894E-05 2.0000E-04
2.3637E-05 2.0000E-04
2.3505E-05 2.0000E-04
2.3419E-05 2.0000E-04
2.3283E-05 2.0000E-04
2.3502E-05 2.0000E-04
2.3282E-05 2.0000E-04
2.3480E-05 2.0000E-04
2.3328E-05 2.0000E-04
2.3548E-05 2.0000E-04
2.3396E-05 2.0000E-04
2.3721E-05 2.0000E-04
2.3602E-05 2.0000E-04
2.4302E-05 2.0000E-04
2.4149E-05 2.0000E-04
2.4225E-05 2.0000E-04
2.4104E-05 2.0000E-04
2.4089E-05 2.0000E-04
2.3994E-05 2.0000E-04
2.3687E-05 2.0000E-04
2.3636E-05 2.0000E-04
2.3602E-05 2.0000E-04
2.3476E-05 2.0000E-04
2.3149E-05 2.0000E-04
2.3154E-05 2.0000E-04
2.2921E-05 2.0000E-04
2.2832E-05 2.0000E-04
2.2731E-05 2.0000E-04
2.2635E-05 2.0000E-04
2.2465E-05 2.0000E-04
2.2350E-05 2.0000E-04
2.2280E-05 2.0000E-04
2.2139E-05 2.0000E-04
2.1809E-05 2.0000E-04
2.1738E-05 2.0000E-04
2.1239E-05 2.0000E-04
2.1105E-05 2.0000E-04
2.0850E-05 2.0000E-04
2.0692E-05 2.0000E-04
2.0640E-05 2.0000E-04
2.0438E-05 2.0000E-04
2.0416E-05 2.0000E-04
2.0277E-05 2.0000E-04
2.0117E-05 2.0000E-04
2.0023E-05 2.0000E-04
1.9614E-05 2.0000E-04
1.9476E-05 2.0000E-04
1.9255E-05 2.0000E-04
1.9111E-05 2.0000E-04
1.8930E-05 2.0000E-04
1.8804E-05 2.0000E-04
1.8595E-05 2.0000E-04
1.8518E-05 2.0000E-04
1.8244E-05 2.0000E-04
1.8127E-05 2.0000E-04
1.7944E-05 2.0000E-04
1.7807E-05 2.0000E-04
1.8187E-05 2.0000E-04
1.8018E-05 2.0000E-04
1.7999E-05 2.0000E-04
1.7865E-05 2.0000E-04
1.7878E-05 2.0000E-04
1.7743E-05 2.0000E-04
1.7992E-05 2.0000E-04
1.7819E-05 2.0000E-04
1.8425E-05 2.0000E-04
1.8181E-05 2.0000E-04
1.8613E-05 2.0000E-04
1.8366E-05 2.0000E-04
1.8549E-05 2.0000E-04
1.8422E-05 2.0000E-04
1.8375E-05 2.0000E-04
1.8301E-05 2.0000E-04
1.8268E-05 2.0000E-04
1.8153E-05 2.0000E-04
1.8470E-05 2.0000E-04
1.8286E-05 2.0000E-04
1.8338E-05 2.0000E-04
1.8190E-05 2.0000E-04
1.8270E-05 2.0000E-04
1.8147E-05 2.0000E-04
1.8259E-05 2.0000E-04
1.8123E-05 2.0000E-04
1.8349E-05 2.0000E-04
1.8206E-05 2.0000E-04
1.8476E-05 2.0000E-04
1.8359E-05 2.0000E-04
1.8501E-05 2.0000E-04
1.8337E-05 2.0000E-04
1.8432E-05 2.0000E-04
1.8310E-05 2.0000E-04
1.8500E-05 2.0000E-04
1.8334E-05 2.0000E-04
1.8582E-05 2.0000E-04
1.8458E-05 2.0000E-04
1.8698E-05 2.0000E-04
1.8560E-05 2.0000E-04
1.8777E-05 2.0000E-04
1.8645E-05 2.0000E-04
1.8878E-05 2.0000E-04
1.8726E-05 2.0000E-04
1.8815E-05 2.0000E-04
1.8662E-05 2.0000E-04
1.8919E-05 2.0000E-04
1.8803E-05 2.0000E-04
1.8966E-05 2.0000E-04
1.8828E-05 2.0000E-04
1.9131E-05 2.0000E-04
1.8981E-05 2.0000E-04
1.9438E-05 2.0000E-04
1.9269E-05 2.0000E-04
1.9664E-05 2.0000E-04
1.9475E-05 2.0000E-04
1.9773E-05 2.0000E-04
1.9632E-05 2.0000E-04
1.9975E-05 2.0000E-04
1.9813E-05 2.0000E-04
2.0336E-05 2.0000E-04
2.0105E-05 2.0000E-04
2.0519E-05 2.0000E-04
2.0318E-05 2.0000E-04
2.0567E-05 2.0000E-04
2.0460E-05 2.0000E-04
2.0534E-05 2.0000E-04
2.0446E-05 2.0000E-04
2.0727E-05 2.0000E-04
2.0531E-05 2.0000E-04
2.0872E-05 2.0000E-04
2.0722E-05 2.0000E-04
2.0872E-05 2.0000E-04
2.0727E-05 2.0000E-04
2.0953E-05 2.0000E-04
2.0793E-05 2.0000E-04
2.1064E-05 2.0000E-04
2.0906E-05 2.0000E-04
2.1265E-05 2.0000E-04
2.1110E-05 2.0000E-04
2.1495E-05 2.0000E-04
2.1330E-05 2.0000E-04
2.1607E-05 2.0000E-04
2.1474E-05 2.0000E-04
2.1748E-05 2.0000E-04
2.1568E-05 2.0000E-04
2.1985E-05 2.0000E-04
2.1804E-05 2.0000E-04
2.2033E-05 2.0000E-04
2.1916E-05 2.0000E-04
2.2163E-05 2.0000E-04
2.2015E-05 2.0000E-04
2.2357E-05 2.0000E-04
2.2209E-05 2.0000E-04
2.2580E-05 2.0000E-04
2.2403E-05 2.0000E-04
2.2632E-05 2.0000E-04
2.2455E-05 2.0000E-04
2.2791E-05 2.0000E-04
2.2643E-05 2.0000E-04
2.2880E-05 2.0000E-04
2.2720E-05 2.0000E-04
2.3071E-05 2.0000E-04
2.2900E-05 2.0000E-04
2.3201E-05 2.0000E-04
2.3026E-05 2.0000E-04
2.3441E-05 2.0000E-04
2.3246E-05 2.0000E-04
2.3537E-05 2.0000E-04
2.3376E-05 2.0000E-04
2.3656E-05 2.0000E-04
2.3492E-05 2.0000E-04
2.3915E-05 2.0000E-04
2.3697E-05 2.0000E-04
2.4002E-05 2.0000E-04
2.3816E-05 2.0000E-04
2.4041E-05 2.0000E-04
2.3905E-05 2.0000E-04
2.4051E-05 2.0000E-04
2.3929E-05 2.0000E-04
2.4401E-05 2.0000E-04
2.4117E-05 2.0000E-04
2.4383E-05 2.0000E-04
2.4224E-05 2.0000E-04
2.4296E-05 2.0000E-04
2.4216E-05 2.0000E-04
2.4179E-05 2.0000E-04
2.4072E-05 2.0000E-04
2.4025E-05 2.0000E-04
2.3816E-05 2.0000E-04
2.3722E-05 2.0000E-04
2.3464E-05 2.0000E-04
2.3212E-05 2.0000E-04
2.3286E-05 2.0000E-04
2.3124E-05 2.0000E-04
2.3110E-05 2.0000E-04
2.2964E-05 2.0000E-04
2.2831E-05 2.0000E-04
2.2833E-05 2.0000E-04
2.2599E-05 2.0000E-04
2.2885E-05 2.0000E-04
2.2671E-05 2.0000E-04
2.2853E-05 2.0000E-04
2.2718E-05 2.0000E-04
2.2823E-05 2.0000E-04
2.2674E-05 2.0000E-04
2.2874E-05 2.0000E-04
2.2739E-05 2.0000E-04
2.3006E-05 2.0000E-04
2.2870E-05 2.0000E-04
2.3279E-05 2.0000E-04
2.3075E-05 2.0000E-04
2.3345E-05 2.0000E-04
2.3180E-05 2.0000E-04
2.3476E-05 2.0000E-04
2.3302E-05 2.0000E-04
2.3602E-05 2.0000E-04
2.3414E-05 2.0000E-04
2.3800E-05 2.0000E-04
2.3630E-05 2.0000E-04
2.3880E-05 2.0000E-04
2.3710E-05 2.0000E-04
2.3992E-05 2.0000E-04
2.3833E-05 2.0000E-04
2.3833E-05 2.0000E-04
2.1752E-05 2.0000E-04
2.5064E-05 2.0000E-04
2.4364E-05 2.0000E-04
2.4272E-05 2.0000E-04
2.4074E-05 2.0000E-04
2.3971E-05 2.0000E-04
2.3824E-05 2.0000E-04
2.3728E-05 2.0000E-04
2.3677E-05 2.0000E-04
2.3489E-05 2.0000E-04
2.3690E-05 2.0000E-04
2.3515E-05 2.0000E-04
2.3861E-05 2.0000E-04
2.3662E-05 2.0000E-04
2.3878E-05 2.0000E-04
2.3727E-05 2.0000E-04
2.3895E-05 2.0000E-04
2.3687E-05 2.0000E-04
2.3831E-05 2.0000E-04
2.3684E-05 2.0000E-04
2.3753E-05 2.0000E-04
2.3608E-05 2.0000E-04
2.3824E-05 2.0000E-04
2.3644E-05 2.0000E-04
2.3853E-05 2.0000E-04
2.3695E-05 2.0000E-04
2.3795E-05 2.0000E-04
2.3640E-05 2.0000E-04
2.3804E-05 2.0000E-04
2.3624E-05 2.0000E-04
2.3937E-05 2.0000E-04
2.3736E-05 2.0000E-04
2.3975E-05 2.0000E-04
2.3816E-05 2.0000E-04
2.3960E-05 2.0000E-04
2.3830E-05 2.0000E-04
2.3951E-05 2.0000E-04
2.3822E-05 2.0000E-04
2.4028E-05 2.0000E-04
2.3842E-05 2.0000E-04
2.4085E-05 2.0000E-04
2.3904E-05 2.0000E-04
2.4084E-05 2.0000E-04
2.3935E-05 2.0000E-04
2.4071E-05 2.0000E-04
2.3928E-05 2.0000E-04
2.4224E-05 2.0000E-04
2.4073E-05 2.0000E-04
2.4354E-05 2.0000E-04
2.4168E-05 2.0000E-04
2.4389E-05 2.0000E-04
2.4243E-05 2.0000E-04
2.4316E-05 2.0000E-04
2.4118E-05 2.0000E-04
2.4372E-05 2.0000E-04
2.4168E-05 2.0000E-04
2.4395E-05 2.0000E-04
2.4227E-05 2.0000E-04
2.4365E-05 2.0000E-04
2.4232E-05 2.0000E-04
2.4300E-05 2.0000E-04
2.4123E-05 2.0000E-04
2.4289E-05 2.0000E-04
2.4083E-05 2.0000E-04
2.4265E-05 2.0000E-04
2.4137E-05 2.0000E-04
2.4333E-05 2.0000E-04
2.4153E-05 2.0000E-04
2.4366E-05 2.0000E-04
2.4219E-05 2.0000E-04
2.4357E-05 2.0000E-04
2.4207E-05 2.0000E-04
2.4323E-05 2.0000E-04
2.4164E-05 2.0000E-04
2.4355E-05 2.0000E-04
2.4198E-05 2.0000E-04
2.4424E-05 2.0000E-04
2.4244E-05 2.0000E-04
2.4438E-05 2.0000E-04
2.4262E-05 2.0000E-04
2.4402E-05 2.0000E-04
2.4256E-05 2.0000E-04
2.4472E-05 2.0000E-04
2.4302E-05 2.0000E-04
2.4582E-05 2.0000E-04
2.4395E-05 2.0000E-04
2.4550E-05 2.0000E-04
2.4411E-05 2.0000E-04
2.4540E-05 2.0000E-04
2.4352E-05 2.0000E-04
2.4501E-05 2.0000E-04
2.4353E-05 2.0000E-04
2.4511E-05 2.0000E-04
2.4346E-05 2.0000E-04
2.4522E-05 2.0000E-04
2.4380E-05 2.0000E-04
2.4626E-05 2.0000E-04
2.4417E-05 2.0000E-04
2.4570E-05 2.0000E-04
2.4419E-05 2.0000E-04
2.4547E-05 2.0000E-04
2.4387E-05 2.0000E-04
2.4521E-05 2.0000E-04
2.4360E-05 2.0000E-04
2.4515E-05 2.0000E-04
2.4338E-05 2.0000E-04
2.4509E-05 2.0000E-04
2.4343E-05 2.0000E-04
2.4500E-05 2.0000E-04
2.4345E-05 2.0000E-04
2.4484E-05 2.0000E-04
2.4334E-05 2.0000E-04
2.4440E-05 2.0000E-04
2.4281E-05 2.0000E-04
2.4478E-05 2.0000E-04
2.4289E-05 2.0000E-04
2.4404E-05 2.0000E-04
2.4277E-05 2.0000E-04
2.4440E-05 2.0000E-04
2.4264E-05 2.0000E-04
2.4401E-05 2.0000E-04
2.4246E-05 2.0000E-04
2.4373E-05 2.0000E-04
2.4225E-05 2.0000E-04
2.4287E-05 2.0000E-04
2.4148E-05 2.0000E-04
2.4293E-05 2.0000E-04
2.4146E-05 2.0000E-04
2.4339E-05 2.0000E-04
2.4179E-05 2.0000E-04
2.4362E-05 2.0000E-04
2.4186E-05 2.0000E-04
2.4300E-05 2.0000E-04
2.4145E-05 2.0000E-04
2.4302E-05 2.0000E-04
2.4145E-05 2.0000E-04
2.4311E-05 2.0000E-04
2.4166E-05 2.0000E-04
2.4341E-05 2.0000E-04
2.4167E-05 2.0000E-04
2.4298E-05 2.0000E-04
2.4137E-05 2.0000E-04
2.4257E-05 2.0000E-04
2.4113E-05 2.0000E-04
2.4245E-05 2.0000E-04
2.4083E-05 2.0000E-04
2.4238E-05 2.0000E-04
2.4083E-05 2.0000E-04
2.4233E-05 2.0000E-04
2.4075E-05 2.0000E-04
2.4192E-05 2.0000E-04
2.4064E-05 2.0000E-04
2.4176E-05 2.0000E-04
2.4006E-05 2.0000E-04
2.4137E-05 2.0000E-04
2.3988E-05 2.0000E-04
2.4138E-05 2.0000E-04
2.3975E-05 2.0000E-04
2.4068E-05 2.0000E-04
2.3925E-05 2.0000E-04
2.4017E-05 2.0000E-04
2.3876E-05 2.0000E-04
2.3998E-05 2.0000E-04
2.3822E-05 2.0000E-04
2.3897E-05 2.0000E-04
2.3763E-05 2.0000E-04
2.3863E-05 2.0000E-04
2.3722E-05 2.0000E-04
2.3804E-05 2.0000E-04
2.3655E-05 2.0000E-04
2.3794E-05 2.0000E-04
2.3624E-05 2.0000E-04
2.3713E-05 2.0000E-04
2.3582E-05 2.0000E-04
2.3670E-05 2.0000E-04
2.3520E-05 2.0000E-04
2.3520E-05 2.0000E-04
2.3348E-05 2.0000E-04
2.2281E-05 2.0000E-04
6.7715E-06 2.0000E-04
6.2682E-06 2.0000E-04
