RMS Step   Target
2.2222E-03 1.2000E-03
2.2497E-03 1.2000E-03
2.1829E-02 1.2000E-03
6.9075E-03 1.2000E-03
4.6767E-03 1.2000E-03
1.1092E-03 1.2000E-03
6.0352E-03 1.2000E-03
4.0586E-03 1.2000E-03
1.0302E-03 1.2000E-03
1.2139E-03 1.2000E-03
2.3148E-03 1.2000E-03
3.5135E-03 1.2000E-03
7.2784E-03 1.2000E-03
9.0315E-03 1.2000E-03
3.1266E-03 1.2000E-03
9.2048E-04 1.2000E-03
2.0976E-03 1.2000E-03
3.3512E-03 1.2000E-03
1.5201E-03 1.2000E-03
1.3160E-03 1.2000E-03
9.4284E-04 1.2000E-03
1.8965E-03 1.2000E-03
2.3964E-03 1.2000E-03
6.5400E-04 1.2000E-03
6.8821E-04 1.2000E-03
6.9526E-04 1.2000E-03
1.6190E-03 1.2000E-03
7.5760E-04 1.2000E-03
3.6706E-04 1.2000E-03
3.6706E-04 1.2000E-03
