RMS Step   Target
5.7591E-05 1.2000E-02
3.1589E-03 1.2000E-02
8.3087E-04 1.2000E-02
1.0548E-03 1.2000E-02
2.2284E-03 1.2000E-02
9.1493E-04 1.2000E-02
0.0000E+00 1.2000E-02
5.7293E-05 1.2000E-02
3.8327E-04 1.2000E-02
4.5911E-04 1.2000E-02
4.5774E-04 1.2000E-02
3.3192E-04 1.2000E-02
2.3446E-04 1.2000E-02
2.8796E-04 1.2000E-02
7.9209E-05 1.2000E-02
2.6518E-04 1.2000E-02
6.4978E-04 1.2000E-02
1.0732E-03 1.2000E-02
3.0473E-03 1.2000E-02
9.6725E-04 1.2000E-02
1.3672E-04 1.2000E-02
3.1493E-04 1.2000E-02
2.6478E-04 1.2000E-02
