553.3
172.8
191.1
173.2
190.4
174.8
175.4
151.6
159.4
158.1
159.3
158.3
158.6
151.3
159.2
158.6
158.9
159.0
159.4
144.7
159.9
150.8
158.5
151.3
159.6
159.7
159.7
126.5
126.1
152.3
153.6
159.3
125.3
125.7
124.6
159.2
126.5
126.0
125.3
158.9
160.0
124.7
127.1
127.8
125.6
126.3
160.5
126.8
118.8
126.8
125.5
126.3
119.8
126.3
124.9
124.6
125.2
125.6
119.7
126.0
128.0
123.7
109.5
126.0
125.9
125.7
125.7
123.7
125.0
124.0
125.0
126.2
126.1
127.3
125.6
159.4
120.1
110.2
109.7
135.4
125.2
127.1
108.2
109.4
111.1
125.4
125.4
102.4
127.8
126.1
107.9
118.8
122.8
108.5
125.8
126.6
108.7
125.7
107.8
124.6
108.3
109.4
