RMS Grad   Target
3.1628E-03 2.0000E-04
2.8244E-03 2.0000E-04
7.1977E-04 2.0000E-04
5.0346E-04 2.0000E-04
4.4110E-04 2.0000E-04
5.2874E-04 2.0000E-04
2.5571E-04 2.0000E-04
2.0295E-04 2.0000E-04
2.1481E-04 2.0000E-04
4.0229E-04 2.0000E-04
1.5706E-04 2.0000E-04
1.3960E-04 2.0000E-04
1.7506E-04 2.0000E-04
2.1036E-04 2.0000E-04
2.9468E-04 2.0000E-04
1.0380E-04 2.0000E-04
1.0665E-04 2.0000E-04
1.3976E-04 2.0000E-04
2.6495E-04 2.0000E-04
1.2112E-04 2.0000E-04
9.1731E-05 2.0000E-04
1.1747E-04 2.0000E-04
1.7096E-04 2.0000E-04
1.0682E-04 2.0000E-04
7.3591E-05 2.0000E-04
1.1817E-04 2.0000E-04
8.1997E-05 2.0000E-04
6.5994E-05 2.0000E-04
8.3445E-05 2.0000E-04
8.8033E-05 2.0000E-04
6.4470E-05 2.0000E-04
7.4003E-05 2.0000E-04
9.6932E-05 2.0000E-04
7.5037E-05 2.0000E-04
1.1828E-04 2.0000E-04
5.2802E-05 2.0000E-04
4.3148E-05 2.0000E-04
4.9617E-05 2.0000E-04
9.7062E-05 2.0000E-04
4.9619E-05 2.0000E-04
4.1564E-05 2.0000E-04
4.1227E-05 2.0000E-04
1.1813E-04 2.0000E-04
4.4791E-05 2.0000E-04
4.0645E-05 2.0000E-04
5.1537E-05 2.0000E-04
6.2085E-05 2.0000E-04
1.0638E-04 2.0000E-04
3.6175E-05 2.0000E-04
3.7925E-05 2.0000E-04
5.4617E-05 2.0000E-04
9.5440E-05 2.0000E-04
2.2859E-04 2.0000E-04
2.9677E-04 2.0000E-04
2.7557E-04 2.0000E-04
3.0478E-04 2.0000E-04
3.6189E-04 2.0000E-04
6.5819E-04 2.0000E-04
3.1769E-04 2.0000E-04
2.0210E-04 2.0000E-04
2.8981E-04 2.0000E-04
1.7543E-04 2.0000E-04
1.2947E-04 2.0000E-04
1.6943E-04 2.0000E-04
1.6715E-04 2.0000E-04
9.9039E-05 2.0000E-04
1.0207E-04 2.0000E-04
1.1635E-04 2.0000E-04
7.9635E-05 2.0000E-04
1.0975E-04 2.0000E-04
7.3668E-05 2.0000E-04
6.8345E-05 2.0000E-04
1.0816E-04 2.0000E-04
1.2418E-04 2.0000E-04
5.6669E-05 2.0000E-04
4.4663E-05 2.0000E-04
5.4101E-05 2.0000E-04
1.1937E-04 2.0000E-04
4.9464E-05 2.0000E-04
4.1508E-05 2.0000E-04
5.1862E-05 2.0000E-04
8.8367E-05 2.0000E-04
4.5864E-05 2.0000E-04
3.8474E-05 2.0000E-04
4.1785E-05 2.0000E-04
9.2556E-05 2.0000E-04
3.7067E-05 2.0000E-04
3.4585E-05 2.0000E-04
4.0428E-05 2.0000E-04
1.1783E-04 2.0000E-04
3.5441E-05 2.0000E-04
2.4486E-05 2.0000E-04
3.3412E-05 2.0000E-04
4.1532E-05 2.0000E-04
5.2269E-05 2.0000E-04
2.9747E-05 2.0000E-04
3.4235E-05 2.0000E-04
3.9216E-05 2.0000E-04
6.5963E-05 2.0000E-04
2.3477E-05 2.0000E-04
2.3166E-05 2.0000E-04
3.1354E-05 2.0000E-04
4.5740E-05 2.0000E-04
3.3871E-05 2.0000E-04
2.0515E-05 2.0000E-04
2.3664E-05 2.0000E-04
3.0540E-05 2.0000E-04
3.3244E-05 2.0000E-04
4.0455E-05 2.0000E-04
2.0786E-05 2.0000E-04
1.9763E-05 2.0000E-04
2.4545E-05 2.0000E-04
4.4220E-05 2.0000E-04
2.2392E-05 2.0000E-04
1.8595E-05 2.0000E-04
2.2615E-05 2.0000E-04
3.6491E-05 2.0000E-04
2.1097E-05 2.0000E-04
1.8736E-05 2.0000E-04
2.1596E-05 2.0000E-04
3.1519E-05 2.0000E-04
2.0081E-05 2.0000E-04
1.7176E-05 2.0000E-04
2.2165E-05 2.0000E-04
2.7889E-05 2.0000E-04
1.7461E-05 2.0000E-04
1.7230E-05 2.0000E-04
1.9307E-05 2.0000E-04
1.9776E-05 2.0000E-04
2.3968E-05 2.0000E-04
1.6836E-05 2.0000E-04
1.7365E-05 2.0000E-04
2.1528E-05 2.0000E-04
2.4445E-05 2.0000E-04
1.6533E-05 2.0000E-04
1.4918E-05 2.0000E-04
1.6577E-05 2.0000E-04
2.1047E-05 2.0000E-04
1.5938E-05 2.0000E-04
1.5211E-05 2.0000E-04
1.8058E-05 2.0000E-04
1.8764E-05 2.0000E-04
1.3832E-05 2.0000E-04
1.5144E-05 2.0000E-04
1.7577E-05 2.0000E-04
1.3251E-05 2.0000E-04
1.5921E-05 2.0000E-04
1.3441E-05 2.0000E-04
1.3358E-05 2.0000E-04
2.0836E-05 2.0000E-04
1.2253E-05 2.0000E-04
1.0892E-05 2.0000E-04
1.2964E-05 2.0000E-04
2.1307E-05 2.0000E-04
1.1296E-05 2.0000E-04
