0.000000000000000000e+00 0.000000000000000000e+00
2.396300000000000097e-01 -6.647987223250000077e-02
5.303299999999999681e-01 -4.955444848090000132e-02
7.658599999999999852e-01 4.070117500349999806e-02
9.882600000000000273e-01 8.538816167319999983e-02
1.198039999999999994e+00 2.061863424619000129e-01
1.417159999999999975e+00 3.639189499798000105e-01
1.649699999999999944e+00 5.758052076922999252e-01
1.893029999999999990e+00 8.818314951010001179e-01
2.139699999999999935e+00 1.116103132374099971e+00
2.438740000000000130e+00 1.556334895114600103e+00
2.731599999999999806e+00 4.260853818221099765e+00
3.007629999999999804e+00 8.881923718563900394e+00
3.284120000000000150e+00 1.285507106087679929e+01
3.579759999999999831e+00 1.365429200014220079e+01
3.860860000000000181e+00 1.414421030200809959e+01
4.136730000000000018e+00 1.557511970221710129e+01
4.398719999999999963e+00 1.505214315946590098e+01
4.653229999999999755e+00 1.412899760132109961e+01
4.890360000000000262e+00 1.343964909539270103e+01
5.123619999999999841e+00 1.307190340727820121e+01
5.358109999999999928e+00 1.287404555251699989e+01
5.627930000000000099e+00 1.283699353060119996e+01
5.866119999999999557e+00 1.287003175394939980e+01
