513.8
165.6
173.2
165.1
172.0
173.0
172.3
172.5
173.0
172.6
174.2
174.9
172.5
168.0
167.3
174.3
175.4
174.5
175.2
173.3
174.7
175.1
174.4
175.3
236.4
168.2
166.4
172.2
171.8
173.8
173.3
172.1
172.2
172.3
167.6
174.7
174.4
176.5
174.3
165.8
162.0
174.2
175.3
175.8
175.6
175.0
238.7
174.4
173.4
168.6
162.9
178.2
173.4
176.3
176.2
175.9
192.5
184.5
187.4
189.5
193.2
191.1
193.9
187.0
192.3
175.0
174.3
174.7
230.3
155.7
155.0
157.5
157.0
159.2
150.0
172.4
173.1
176.8
192.4
190.3
192.4
186.4
190.4
193.6
193.8
192.4
192.9
176.4
176.4
174.8
235.4
154.5
158.3
157.6
150.3
160.5
157.9
171.7
167.5
174.3
193.2
186.9
193.3
189.9
191.1
192.5
194.4
192.3
193.9
170.5
175.2
181.0
243.8
153.6
162.4
157.3
153.8
162.1
157.1
174.7
175.9
193.6
194.4
197.0
196.1
187.6
193.8
193.2
183.9
177.2
176.6
174.6
234.4
156.8
157.9
152.6
159.7
170.6
164.3
176.3
175.6
188.4
193.9
183.7
189.2
186.6
188.1
185.6
192.6
180.1
181.9
156.8
246.7
153.5
155.4
161.8
156.3
163.1
141.6
158.9
178.3
201.6
204.9
199.7
206.5
205.0
205.9
202.9
203.3
172.8
191.0
169.9
253.8
165.2
169.2
169.6
171.1
156.4
187.0
185.5
207.4
198.6
201.0
193.6
205.8
200.2
196.9
228.0
178.8
204.9
192.2
193.1
199.3
204.9
195.7
159.2
227.0
191.5
197.9
193.5
193.9
202.9
202.7
229.5
167.6
237.3
220.5
231.5
164.4
166.4
174.9
181.8
157.0
158.7
160.2
168.1
167.0
161.6
160.5
125.1
135.2
132.7
153.1
148.4
157.6
231.6
131.6
134.3
134.5
166.8
163.5
131.8
160.3
161.2
134.7
167.5
167.5
