Max Step   Target
2.2156E-03 1.2000E-03
1.9700E-02 1.2000E-03
2.8806E-02 1.2000E-03
3.2294E-02 1.2000E-03
3.3398E-02 1.2000E-03
3.3469E-02 1.2000E-03
3.3117E-02 1.2000E-03
3.3003E-02 1.2000E-03
3.3392E-02 1.2000E-03
3.3031E-02 1.2000E-03
3.2964E-02 1.2000E-03
3.3723E-02 1.2000E-03
3.5037E-02 1.2000E-03
3.5437E-02 1.2000E-03
3.6576E-02 1.2000E-03
3.6068E-02 1.2000E-03
3.6699E-02 1.2000E-03
3.5717E-02 1.2000E-03
3.5602E-02 1.2000E-03
3.4882E-02 1.2000E-03
3.4394E-02 1.2000E-03
3.3335E-02 1.2000E-03
3.2666E-02 1.2000E-03
3.2629E-02 1.2000E-03
3.2177E-02 1.2000E-03
3.3158E-02 1.2000E-03
3.1861E-02 1.2000E-03
3.3161E-02 1.2000E-03
3.1326E-02 1.2000E-03
3.3000E-02 1.2000E-03
3.0756E-02 1.2000E-03
3.1654E-02 1.2000E-03
3.0640E-02 1.2000E-03
3.1774E-02 1.2000E-03
3.2377E-02 1.2000E-03
3.3501E-02 1.2000E-03
3.4136E-02 1.2000E-03
3.5289E-02 1.2000E-03
3.6267E-02 1.2000E-03
3.6966E-02 1.2000E-03
3.8248E-02 1.2000E-03
3.8726E-02 1.2000E-03
3.9858E-02 1.2000E-03
4.0212E-02 1.2000E-03
4.1163E-02 1.2000E-03
4.1249E-02 1.2000E-03
4.1319E-02 1.2000E-03
4.1802E-02 1.2000E-03
4.0904E-02 1.2000E-03
4.1640E-02 1.2000E-03
3.9548E-02 1.2000E-03
4.0775E-02 1.2000E-03
3.8561E-02 1.2000E-03
3.9045E-02 1.2000E-03
3.6714E-02 1.2000E-03
3.6168E-02 1.2000E-03
3.4319E-02 1.2000E-03
3.1730E-02 1.2000E-03
3.1887E-02 1.2000E-03
3.2600E-02 1.2000E-03
3.2136E-02 1.2000E-03
3.2707E-02 1.2000E-03
3.1608E-02 1.2000E-03
3.2117E-02 1.2000E-03
3.2183E-02 1.2000E-03
3.1758E-02 1.2000E-03
3.2042E-02 1.2000E-03
3.1758E-02 1.2000E-03
3.1764E-02 1.2000E-03
3.2440E-02 1.2000E-03
3.2573E-02 1.2000E-03
3.3158E-02 1.2000E-03
3.2361E-02 1.2000E-03
3.2637E-02 1.2000E-03
3.1664E-02 1.2000E-03
3.2910E-02 1.2000E-03
3.4562E-02 1.2000E-03
3.5336E-02 1.2000E-03
3.7323E-02 1.2000E-03
3.7179E-02 1.2000E-03
3.9900E-02 1.2000E-03
3.8702E-02 1.2000E-03
4.1937E-02 1.2000E-03
4.0535E-02 1.2000E-03
4.3828E-02 1.2000E-03
4.3219E-02 1.2000E-03
4.5624E-02 1.2000E-03
4.6329E-02 1.2000E-03
4.7240E-02 1.2000E-03
4.7769E-02 1.2000E-03
4.8424E-02 1.2000E-03
4.8538E-02 1.2000E-03
4.9892E-02 1.2000E-03
4.9120E-02 1.2000E-03
4.9425E-02 1.2000E-03
4.8351E-02 1.2000E-03
4.8154E-02 1.2000E-03
4.6756E-02 1.2000E-03
4.6641E-02 1.2000E-03
4.4706E-02 1.2000E-03
4.5384E-02 1.2000E-03
4.2881E-02 1.2000E-03
4.4173E-02 1.2000E-03
4.1567E-02 1.2000E-03
4.2668E-02 1.2000E-03
4.0630E-02 1.2000E-03
4.0831E-02 1.2000E-03
3.9620E-02 1.2000E-03
3.9698E-02 1.2000E-03
4.1015E-02 1.2000E-03
4.1974E-02 1.2000E-03
4.3338E-02 1.2000E-03
4.4181E-02 1.2000E-03
4.5511E-02 1.2000E-03
4.6482E-02 1.2000E-03
4.7461E-02 1.2000E-03
4.8718E-02 1.2000E-03
4.8895E-02 1.2000E-03
5.1007E-02 1.2000E-03
4.9104E-02 1.2000E-03
5.1898E-02 1.2000E-03
5.1950E-02 1.2000E-03
5.2034E-02 1.2000E-03
5.5617E-02 1.2000E-03
4.9997E-02 1.2000E-03
5.6831E-02 1.2000E-03
5.0514E-02 1.2000E-03
5.5457E-02 1.2000E-03
5.3997E-02 1.2000E-03
5.5399E-02 1.2000E-03
5.6537E-02 1.2000E-03
5.5630E-02 1.2000E-03
5.4680E-02 1.2000E-03
5.3664E-02 1.2000E-03
5.2733E-02 1.2000E-03
5.3117E-02 1.2000E-03
5.2313E-02 1.2000E-03
5.4139E-02 1.2000E-03
5.1889E-02 1.2000E-03
5.4550E-02 1.2000E-03
5.5964E-02 1.2000E-03
5.7070E-02 1.2000E-03
5.9480E-02 1.2000E-03
6.0502E-02 1.2000E-03
6.1174E-02 1.2000E-03
6.1373E-02 1.2000E-03
6.1259E-02 1.2000E-03
6.1849E-02 1.2000E-03
5.8457E-02 1.2000E-03
6.2477E-02 1.2000E-03
4.8770E-02 1.2000E-03
5.6184E-02 1.2000E-03
4.2764E-02 1.2000E-03
4.0429E-02 1.2000E-03
4.0055E-02 1.2000E-03
4.4577E-02 1.2000E-03
4.8733E-02 1.2000E-03
4.7592E-02 1.2000E-03
5.0270E-02 1.2000E-03
4.7504E-02 1.2000E-03
4.9601E-02 1.2000E-03
4.7050E-02 1.2000E-03
5.0119E-02 1.2000E-03
4.8999E-02 1.2000E-03
5.2823E-02 1.2000E-03
5.1270E-02 1.2000E-03
5.2132E-02 1.2000E-03
4.8159E-02 1.2000E-03
4.8419E-02 1.2000E-03
4.4547E-02 1.2000E-03
4.5397E-02 1.2000E-03
4.6390E-02 1.2000E-03
4.5603E-02 1.2000E-03
4.1464E-02 1.2000E-03
4.6859E-02 1.2000E-03
4.3391E-02 1.2000E-03
4.8144E-02 1.2000E-03
4.7854E-02 1.2000E-03
4.9110E-02 1.2000E-03
4.7927E-02 1.2000E-03
4.8679E-02 1.2000E-03
4.7094E-02 1.2000E-03
4.7976E-02 1.2000E-03
4.8925E-02 1.2000E-03
4.9737E-02 1.2000E-03
5.0488E-02 1.2000E-03
5.1227E-02 1.2000E-03
5.1576E-02 1.2000E-03
5.2813E-02 1.2000E-03
5.4176E-02 1.2000E-03
5.8003E-02 1.2000E-03
5.9792E-02 1.2000E-03
6.3419E-02 1.2000E-03
6.4647E-02 1.2000E-03
6.2473E-02 1.2000E-03
6.3592E-02 1.2000E-03
5.5871E-02 1.2000E-03
6.3578E-02 1.2000E-03
5.5220E-02 1.2000E-03
6.6306E-02 1.2000E-03
6.4535E-02 1.2000E-03
6.7118E-02 1.2000E-03
6.6084E-02 1.2000E-03
7.1102E-02 1.2000E-03
7.0921E-02 1.2000E-03
7.3110E-02 1.2000E-03
7.3613E-02 1.2000E-03
7.4717E-02 1.2000E-03
7.5543E-02 1.2000E-03
7.4108E-02 1.2000E-03
7.6214E-02 1.2000E-03
7.4008E-02 1.2000E-03
7.4968E-02 1.2000E-03
7.0599E-02 1.2000E-03
6.7351E-02 1.2000E-03
6.3932E-02 1.2000E-03
5.7447E-02 1.2000E-03
5.0436E-02 1.2000E-03
3.4581E-02 1.2000E-03
4.7306E-02 1.2000E-03
4.2473E-02 1.2000E-03
7.2456E-02 1.2000E-03
6.2731E-02 1.2000E-03
7.6086E-02 1.2000E-03
7.2910E-02 1.2000E-03
7.3105E-02 1.2000E-03
7.3753E-02 1.2000E-03
7.3855E-02 1.2000E-03
7.3385E-02 1.2000E-03
7.3348E-02 1.2000E-03
7.0864E-02 1.2000E-03
7.0478E-02 1.2000E-03
6.3061E-02 1.2000E-03
6.4547E-02 1.2000E-03
5.3403E-02 1.2000E-03
5.6105E-02 1.2000E-03
6.8193E-02 1.2000E-03
5.8600E-02 1.2000E-03
5.6484E-02 1.2000E-03
5.6776E-02 1.2000E-03
5.7202E-02 1.2000E-03
6.3667E-02 1.2000E-03
6.2146E-02 1.2000E-03
6.2383E-02 1.2000E-03
6.3480E-02 1.2000E-03
6.4617E-02 1.2000E-03
6.3871E-02 1.2000E-03
6.6128E-02 1.2000E-03
6.3678E-02 1.2000E-03
6.6130E-02 1.2000E-03
6.3949E-02 1.2000E-03
6.4566E-02 1.2000E-03
6.2452E-02 1.2000E-03
6.3806E-02 1.2000E-03
5.9349E-02 1.2000E-03
5.6655E-02 1.2000E-03
6.2323E-02 1.2000E-03
4.8427E-02 1.2000E-03
4.0648E-02 1.2000E-03
5.5126E-02 1.2000E-03
2.9035E-02 1.2000E-03
6.1262E-02 1.2000E-03
6.3058E-02 1.2000E-03
6.4247E-02 1.2000E-03
6.3705E-02 1.2000E-03
6.2847E-02 1.2000E-03
6.2613E-02 1.2000E-03
6.1455E-02 1.2000E-03
6.0816E-02 1.2000E-03
6.3352E-02 1.2000E-03
6.0640E-02 1.2000E-03
6.6602E-02 1.2000E-03
6.5062E-02 1.2000E-03
8.0591E-02 1.2000E-03
8.0322E-02 1.2000E-03
3.1411E-02 1.2000E-03
2.8882E-02 1.2000E-03
2.9913E-02 1.2000E-03
6.9101E-02 1.2000E-03
7.2554E-02 1.2000E-03
7.5347E-02 1.2000E-03
7.3131E-02 1.2000E-03
5.9330E-02 1.2000E-03
6.1335E-02 1.2000E-03
3.3583E-02 1.2000E-03
4.6513E-02 1.2000E-03
4.2979E-02 1.2000E-03
2.0445E-02 1.2000E-03
2.5375E-02 1.2000E-03
5.2151E-02 1.2000E-03
5.5926E-02 1.2000E-03
5.5474E-02 1.2000E-03
5.5627E-02 1.2000E-03
5.6544E-02 1.2000E-03
5.5401E-02 1.2000E-03
5.6635E-02 1.2000E-03
5.4233E-02 1.2000E-03
5.4131E-02 1.2000E-03
4.5693E-02 1.2000E-03
5.8413E-02 1.2000E-03
2.9082E-02 1.2000E-03
1.7026E-02 1.2000E-03
5.6011E-02 1.2000E-03
5.7813E-02 1.2000E-03
4.0168E-02 1.2000E-03
5.0931E-02 1.2000E-03
4.2707E-02 1.2000E-03
2.3041E-02 1.2000E-03
2.6947E-02 1.2000E-03
2.1057E-02 1.2000E-03
1.7911E-02 1.2000E-03
5.5304E-02 1.2000E-03
5.5600E-02 1.2000E-03
4.7068E-02 1.2000E-03
5.3912E-02 1.2000E-03
5.6481E-02 1.2000E-03
5.7363E-02 1.2000E-03
6.0484E-02 1.2000E-03
4.4587E-02 1.2000E-03
3.2639E-02 1.2000E-03
4.4766E-02 1.2000E-03
2.4549E-02 1.2000E-03
5.5027E-02 1.2000E-03
5.7312E-02 1.2000E-03
5.7425E-02 1.2000E-03
5.8080E-02 1.2000E-03
5.8395E-02 1.2000E-03
6.3330E-02 1.2000E-03
8.0668E-02 1.2000E-03
7.3663E-02 1.2000E-03
5.7698E-02 1.2000E-03
5.1094E-02 1.2000E-03
3.2545E-02 1.2000E-03
2.7549E-02 1.2000E-03
9.1064E-02 1.2000E-03
9.1649E-02 1.2000E-03
9.2254E-02 1.2000E-03
9.8113E-02 1.2000E-03
1.0240E-01 1.2000E-03
1.1007E-01 1.2000E-03
1.1342E-01 1.2000E-03
1.1160E-01 1.2000E-03
1.1035E-01 1.2000E-03
4.1500E-02 1.2000E-03
1.8375E-02 1.2000E-03
2.0872E-02 1.2000E-03
5.2728E-02 1.2000E-03
8.6124E-02 1.2000E-03
6.4682E-02 1.2000E-03
5.0031E-02 1.2000E-03
7.4133E-02 1.2000E-03
5.4477E-02 1.2000E-03
3.4961E-02 1.2000E-03
2.6814E-02 1.2000E-03
6.6506E-02 1.2000E-03
6.2644E-02 1.2000E-03
3.9418E-02 1.2000E-03
6.2931E-02 1.2000E-03
8.8502E-02 1.2000E-03
6.7306E-02 1.2000E-03
3.8880E-02 1.2000E-03
6.2790E-02 1.2000E-03
7.1473E-02 1.2000E-03
7.1693E-02 1.2000E-03
3.0858E-02 1.2000E-03
9.2743E-02 1.2000E-03
2.7403E-02 1.2000E-03
5.8884E-02 1.2000E-03
1.0325E-01 1.2000E-03
1.0039E-01 1.2000E-03
2.9591E-02 1.2000E-03
8.6112E-02 1.2000E-03
3.1735E-02 1.2000E-03
5.6285E-02 1.2000E-03
9.3703E-02 1.2000E-03
5.0932E-02 1.2000E-03
6.4808E-02 1.2000E-03
1.0447E-01 1.2000E-03
7.1370E-02 1.2000E-03
4.4332E-02 1.2000E-03
3.5823E-02 1.2000E-03
1.0947E-01 1.2000E-03
4.0636E-02 1.2000E-03
2.2386E-02 1.2000E-03
3.0457E-02 1.2000E-03
9.4085E-02 1.2000E-03
6.9852E-02 1.2000E-03
9.6641E-03 1.2000E-03
2.9885E-02 1.2000E-03
2.3540E-02 1.2000E-03
7.5571E-02 1.2000E-03
4.3230E-02 1.2000E-03
3.5849E-02 1.2000E-03
5.5352E-02 1.2000E-03
7.8128E-02 1.2000E-03
3.3413E-02 1.2000E-03
4.6335E-02 1.2000E-03
5.1014E-02 1.2000E-03
8.3881E-02 1.2000E-03
4.7829E-02 1.2000E-03
8.2399E-02 1.2000E-03
4.8797E-02 1.2000E-03
2.3978E-02 1.2000E-03
5.3950E-02 1.2000E-03
7.9279E-02 1.2000E-03
6.3876E-02 1.2000E-03
6.0009E-02 1.2000E-03
7.5814E-02 1.2000E-03
5.3940E-02 1.2000E-03
2.7156E-02 1.2000E-03
3.0014E-02 1.2000E-03
3.3807E-02 1.2000E-03
3.7529E-02 1.2000E-03
4.4544E-02 1.2000E-03
6.0337E-02 1.2000E-03
5.1461E-02 1.2000E-03
3.2235E-02 1.2000E-03
7.2316E-02 1.2000E-03
7.0267E-02 1.2000E-03
5.3092E-02 1.2000E-03
1.9222E-02 1.2000E-03
5.6750E-02 1.2000E-03
6.6030E-02 1.2000E-03
2.8212E-02 1.2000E-03
3.7973E-02 1.2000E-03
4.0792E-02 1.2000E-03
8.1662E-02 1.2000E-03
6.5929E-02 1.2000E-03
2.4890E-02 1.2000E-03
7.4826E-02 1.2000E-03
3.2585E-02 1.2000E-03
8.1040E-02 1.2000E-03
8.6451E-02 1.2000E-03
8.3110E-02 1.2000E-03
6.7305E-02 1.2000E-03
8.8135E-02 1.2000E-03
2.3943E-02 1.2000E-03
8.7424E-02 1.2000E-03
6.6302E-02 1.2000E-03
7.6017E-02 1.2000E-03
6.7700E-02 1.2000E-03
8.6541E-02 1.2000E-03
4.7360E-02 1.2000E-03
8.7104E-02 1.2000E-03
7.2375E-02 1.2000E-03
2.1684E-02 1.2000E-03
1.0223E-01 1.2000E-03
3.5025E-02 1.2000E-03
5.0663E-02 1.2000E-03
7.0626E-02 1.2000E-03
9.7267E-02 1.2000E-03
1.4422E-02 1.2000E-03
4.7590E-02 1.2000E-03
9.0617E-02 1.2000E-03
9.3281E-02 1.2000E-03
9.2867E-02 1.2000E-03
9.4433E-02 1.2000E-03
3.0640E-02 1.2000E-03
9.4933E-02 1.2000E-03
2.8118E-02 1.2000E-03
1.9492E-02 1.2000E-03
3.0649E-02 1.2000E-03
8.3538E-02 1.2000E-03
3.2914E-02 1.2000E-03
2.7269E-02 1.2000E-03
3.3309E-02 1.2000E-03
6.7544E-02 1.2000E-03
1.6726E-02 1.2000E-03
5.5083E-02 1.2000E-03
1.9118E-02 1.2000E-03
4.6542E-02 1.2000E-03
6.7257E-02 1.2000E-03
4.5930E-02 1.2000E-03
2.2627E-02 1.2000E-03
4.4339E-02 1.2000E-03
3.4484E-02 1.2000E-03
1.2747E-02 1.2000E-03
6.1561E-02 1.2000E-03
3.3940E-02 1.2000E-03
1.5234E-02 1.2000E-03
1.0538E-02 1.2000E-03
3.6204E-02 1.2000E-03
2.8025E-02 1.2000E-03
3.2607E-02 1.2000E-03
3.6506E-02 1.2000E-03
2.8181E-02 1.2000E-03
7.0161E-02 1.2000E-03
3.9896E-02 1.2000E-03
1.7427E-02 1.2000E-03
4.8722E-02 1.2000E-03
2.5856E-02 1.2000E-03
5.2558E-02 1.2000E-03
4.6231E-02 1.2000E-03
6.0617E-02 1.2000E-03
1.9010E-02 1.2000E-03
4.7093E-02 1.2000E-03
4.5510E-02 1.2000E-03
4.2301E-02 1.2000E-03
5.8093E-02 1.2000E-03
4.3248E-02 1.2000E-03
2.5220E-02 1.2000E-03
2.6866E-02 1.2000E-03
4.6104E-02 1.2000E-03
3.2806E-02 1.2000E-03
8.3541E-02 1.2000E-03
1.5755E-02 1.2000E-03
1.9714E-02 1.2000E-03
3.9356E-02 1.2000E-03
8.4477E-02 1.2000E-03
4.2212E-02 1.2000E-03
1.0663E-02 1.2000E-03
4.2753E-02 1.2000E-03
1.9068E-02 1.2000E-03
2.9641E-02 1.2000E-03
7.7980E-02 1.2000E-03
3.4207E-02 1.2000E-03
4.9540E-03 1.2000E-03
5.0963E-02 1.2000E-03
2.6170E-02 1.2000E-03
2.9144E-02 1.2000E-03
5.5043E-02 1.2000E-03
1.2381E-02 1.2000E-03
4.5011E-02 1.2000E-03
1.4483E-02 1.2000E-03
3.9687E-03 1.2000E-03
2.5312E-02 1.2000E-03
3.1881E-02 1.2000E-03
1.2445E-02 1.2000E-03
2.1046E-02 1.2000E-03
1.4948E-02 1.2000E-03
3.9767E-02 1.2000E-03
4.6572E-02 1.2000E-03
8.5114E-03 1.2000E-03
5.5843E-03 1.2000E-03
9.9395E-03 1.2000E-03
4.7003E-02 1.2000E-03
9.9923E-03 1.2000E-03
1.4849E-02 1.2000E-03
2.4694E-02 1.2000E-03
4.4294E-02 1.2000E-03
3.2260E-02 1.2000E-03
1.3952E-02 1.2000E-03
1.2775E-02 1.2000E-03
1.8417E-02 1.2000E-03
1.9911E-02 1.2000E-03
6.0924E-02 1.2000E-03
1.0427E-02 1.2000E-03
9.0496E-03 1.2000E-03
3.5815E-02 1.2000E-03
4.8086E-02 1.2000E-03
1.1718E-02 1.2000E-03
1.3993E-02 1.2000E-03
1.7227E-02 1.2000E-03
6.0591E-02 1.2000E-03
1.6388E-02 1.2000E-03
2.3938E-02 1.2000E-03
2.9694E-02 1.2000E-03
6.1273E-02 1.2000E-03
2.2009E-02 1.2000E-03
3.1417E-02 1.2000E-03
3.3008E-02 1.2000E-03
5.1181E-02 1.2000E-03
1.9105E-02 1.2000E-03
5.3984E-02 1.2000E-03
3.1739E-02 1.2000E-03
5.6258E-02 1.2000E-03
7.3762E-02 1.2000E-03
3.6208E-02 1.2000E-03
7.4054E-02 1.2000E-03
1.3777E-02 1.2000E-03
3.8291E-02 1.2000E-03
7.1330E-02 1.2000E-03
6.3671E-02 1.2000E-03
1.5027E-02 1.2000E-03
5.0790E-02 1.2000E-03
1.4971E-02 1.2000E-03
2.4590E-02 1.2000E-03
5.3457E-02 1.2000E-03
2.8290E-02 1.2000E-03
2.7281E-02 1.2000E-03
5.1571E-02 1.2000E-03
4.5646E-02 1.2000E-03
2.3825E-02 1.2000E-03
7.8271E-02 1.2000E-03
2.4456E-02 1.2000E-03
4.0955E-02 1.2000E-03
5.5404E-02 1.2000E-03
7.5300E-02 1.2000E-03
1.6484E-02 1.2000E-03
6.0065E-02 1.2000E-03
5.5032E-02 1.2000E-03
4.5630E-02 1.2000E-03
7.8344E-02 1.2000E-03
5.0252E-02 1.2000E-03
2.3443E-02 1.2000E-03
1.1691E-01 1.2000E-03
3.7195E-02 1.2000E-03
2.2708E-02 1.2000E-03
9.6924E-02 1.2000E-03
1.3399E-01 1.2000E-03
3.4033E-02 1.2000E-03
6.0332E-02 1.2000E-03
2.8392E-02 1.2000E-03
9.3449E-02 1.2000E-03
4.0113E-02 1.2000E-03
2.5951E-02 1.2000E-03
3.9751E-02 1.2000E-03
7.4466E-02 1.2000E-03
6.7443E-02 1.2000E-03
3.5440E-02 1.2000E-03
2.1373E-02 1.2000E-03
6.1207E-02 1.2000E-03
3.7244E-02 1.2000E-03
2.7996E-02 1.2000E-03
3.2625E-02 1.2000E-03
2.8590E-02 1.2000E-03
4.0829E-02 1.2000E-03
3.7989E-02 1.2000E-03
3.3575E-02 1.2000E-03
4.4542E-02 1.2000E-03
5.7198E-02 1.2000E-03
3.0941E-02 1.2000E-03
3.4908E-02 1.2000E-03
4.1248E-02 1.2000E-03
7.0573E-02 1.2000E-03
3.8502E-02 1.2000E-03
3.2582E-02 1.2000E-03
3.2991E-02 1.2000E-03
6.1858E-02 1.2000E-03
2.4476E-02 1.2000E-03
4.4760E-02 1.2000E-03
2.4478E-02 1.2000E-03
5.5848E-02 1.2000E-03
6.1746E-02 1.2000E-03
1.5323E-02 1.2000E-03
1.4907E-02 1.2000E-03
3.1787E-02 1.2000E-03
3.9407E-02 1.2000E-03
2.6139E-02 1.2000E-03
1.2917E-02 1.2000E-03
4.9668E-02 1.2000E-03
2.8952E-02 1.2000E-03
2.2635E-02 1.2000E-03
2.2701E-02 1.2000E-03
1.7320E-02 1.2000E-03
4.6276E-02 1.2000E-03
3.2704E-02 1.2000E-03
1.4093E-02 1.2000E-03
4.8836E-02 1.2000E-03
3.9010E-02 1.2000E-03
2.6181E-02 1.2000E-03
5.4821E-02 1.2000E-03
2.2565E-02 1.2000E-03
3.4993E-02 1.2000E-03
8.0737E-02 1.2000E-03
1.5774E-02 1.2000E-03
3.3855E-02 1.2000E-03
2.9100E-02 1.2000E-03
6.8905E-02 1.2000E-03
6.4500E-02 1.2000E-03
5.3391E-02 1.2000E-03
8.2232E-02 1.2000E-03
8.3596E-02 1.2000E-03
7.4602E-02 1.2000E-03
2.3426E-02 1.2000E-03
1.1113E-01 1.2000E-03
6.3087E-02 1.2000E-03
2.5896E-02 1.2000E-03
5.0159E-02 1.2000E-03
9.0122E-02 1.2000E-03
4.5900E-02 1.2000E-03
2.7899E-02 1.2000E-03
3.4201E-02 1.2000E-03
3.0790E-02 1.2000E-03
4.0403E-02 1.2000E-03
1.3638E-02 1.2000E-03
1.8856E-02 1.2000E-03
1.7565E-02 1.2000E-03
2.4226E-02 1.2000E-03
2.1338E-02 1.2000E-03
4.0688E-02 1.2000E-03
1.4674E-02 1.2000E-03
1.4751E-02 1.2000E-03
1.2174E-02 1.2000E-03
2.0549E-02 1.2000E-03
1.6284E-02 1.2000E-03
1.0505E-02 1.2000E-03
1.2588E-02 1.2000E-03
1.3790E-02 1.2000E-03
1.4601E-02 1.2000E-03
1.3274E-02 1.2000E-03
1.0638E-02 1.2000E-03
1.5474E-02 1.2000E-03
1.3068E-02 1.2000E-03
1.1712E-02 1.2000E-03
1.2744E-02 1.2000E-03
1.6587E-02 1.2000E-03
9.8910E-03 1.2000E-03
1.1204E-02 1.2000E-03
2.0059E-02 1.2000E-03
2.3637E-02 1.2000E-03
9.8290E-03 1.2000E-03
1.7518E-02 1.2000E-03
1.9480E-02 1.2000E-03
2.7687E-02 1.2000E-03
2.4109E-02 1.2000E-03
1.3101E-02 1.2000E-03
2.2457E-02 1.2000E-03
2.9736E-02 1.2000E-03
2.3644E-02 1.2000E-03
2.5243E-02 1.2000E-03
3.9066E-02 1.2000E-03
1.9267E-02 1.2000E-03
3.8489E-02 1.2000E-03
3.4356E-02 1.2000E-03
4.3954E-02 1.2000E-03
6.9988E-02 1.2000E-03
1.5391E-02 1.2000E-03
2.1554E-02 1.2000E-03
2.4619E-02 1.2000E-03
8.3803E-02 1.2000E-03
2.2383E-02 1.2000E-03
3.9551E-02 1.2000E-03
9.4809E-03 1.2000E-03
3.9185E-02 1.2000E-03
5.5935E-02 1.2000E-03
4.6040E-02 1.2000E-03
1.0720E-02 1.2000E-03
2.8182E-02 1.2000E-03
1.8354E-02 1.2000E-03
2.3091E-02 1.2000E-03
2.9401E-02 1.2000E-03
2.6572E-02 1.2000E-03
9.8415E-03 1.2000E-03
5.5855E-02 1.2000E-03
8.4424E-03 1.2000E-03
1.7066E-02 1.2000E-03
4.0209E-02 1.2000E-03
4.8616E-02 1.2000E-03
8.3812E-03 1.2000E-03
1.2624E-02 1.2000E-03
1.0977E-02 1.2000E-03
3.6275E-02 1.2000E-03
5.3301E-03 1.2000E-03
1.8178E-02 1.2000E-03
7.2172E-03 1.2000E-03
4.1062E-02 1.2000E-03
7.1812E-03 1.2000E-03
7.0632E-03 1.2000E-03
1.1848E-02 1.2000E-03
3.1835E-02 1.2000E-03
1.0901E-02 1.2000E-03
2.3118E-02 1.2000E-03
8.9906E-03 1.2000E-03
2.0453E-02 1.2000E-03
1.1950E-02 1.2000E-03
2.0668E-02 1.2000E-03
1.0026E-02 1.2000E-03
8.3902E-03 1.2000E-03
1.5137E-02 1.2000E-03
1.7836E-02 1.2000E-03
4.1364E-03 1.2000E-03
1.6001E-02 1.2000E-03
1.2442E-02 1.2000E-03
1.0167E-02 1.2000E-03
1.9384E-02 1.2000E-03
1.2416E-02 1.2000E-03
2.7883E-03 1.2000E-03
1.0821E-02 1.2000E-03
1.0803E-02 1.2000E-03
2.1558E-02 1.2000E-03
2.4099E-02 1.2000E-03
1.5164E-02 1.2000E-03
8.0059E-03 1.2000E-03
1.6326E-02 1.2000E-03
2.1217E-02 1.2000E-03
1.9073E-02 1.2000E-03
2.5765E-02 1.2000E-03
2.0992E-02 1.2000E-03
3.6002E-02 1.2000E-03
2.6405E-02 1.2000E-03
1.1380E-02 1.2000E-03
1.5675E-02 1.2000E-03
2.9002E-02 1.2000E-03
3.0297E-02 1.2000E-03
1.2863E-02 1.2000E-03
3.8800E-02 1.2000E-03
2.1056E-02 1.2000E-03
1.8509E-02 1.2000E-03
2.9084E-02 1.2000E-03
2.7943E-02 1.2000E-03
1.3413E-02 1.2000E-03
2.5342E-02 1.2000E-03
2.3681E-02 1.2000E-03
1.8361E-02 1.2000E-03
4.4766E-02 1.2000E-03
6.8757E-02 1.2000E-03
2.6899E-02 1.2000E-03
3.1107E-02 1.2000E-03
2.1644E-02 1.2000E-03
4.5440E-02 1.2000E-03
3.5629E-02 1.2000E-03
1.8421E-02 1.2000E-03
1.9922E-02 1.2000E-03
1.9220E-02 1.2000E-03
3.3368E-02 1.2000E-03
3.6503E-02 1.2000E-03
1.2789E-02 1.2000E-03
2.6554E-02 1.2000E-03
3.4212E-02 1.2000E-03
4.2866E-02 1.2000E-03
1.2314E-02 1.2000E-03
1.4684E-02 1.2000E-03
1.2009E-02 1.2000E-03
3.3088E-02 1.2000E-03
7.4026E-03 1.2000E-03
5.7492E-03 1.2000E-03
2.2928E-02 1.2000E-03
3.0459E-02 1.2000E-03
1.9708E-02 1.2000E-03
2.7148E-02 1.2000E-03
2.8109E-02 1.2000E-03
2.1291E-02 1.2000E-03
2.7947E-02 1.2000E-03
2.3943E-02 1.2000E-03
1.5500E-02 1.2000E-03
6.0545E-02 1.2000E-03
1.3860E-02 1.2000E-03
4.9110E-02 1.2000E-03
1.3988E-02 1.2000E-03
3.7206E-02 1.2000E-03
7.4170E-02 1.2000E-03
4.5875E-02 1.2000E-03
1.2540E-02 1.2000E-03
6.0968E-02 1.2000E-03
2.4530E-02 1.2000E-03
4.5268E-02 1.2000E-03
9.6968E-02 1.2000E-03
4.1427E-02 1.2000E-03
3.2953E-02 1.2000E-03
5.0588E-02 1.2000E-03
3.2575E-02 1.2000E-03
5.9165E-02 1.2000E-03
6.9492E-02 1.2000E-03
1.1464E-02 1.2000E-03
3.3788E-02 1.2000E-03
8.0350E-03 1.2000E-03
5.1212E-02 1.2000E-03
3.0520E-02 1.2000E-03
1.7452E-02 1.2000E-03
3.4632E-02 1.2000E-03
3.8521E-02 1.2000E-03
1.1565E-02 1.2000E-03
1.9923E-02 1.2000E-03
1.7528E-02 1.2000E-03
5.0554E-02 1.2000E-03
1.5634E-02 1.2000E-03
3.6780E-02 1.2000E-03
2.3197E-02 1.2000E-03
2.2758E-02 1.2000E-03
3.1871E-02 1.2000E-03
3.7718E-02 1.2000E-03
1.1003E-02 1.2000E-03
3.5923E-02 1.2000E-03
1.6120E-02 1.2000E-03
2.3809E-02 1.2000E-03
6.8948E-02 1.2000E-03
3.5753E-02 1.2000E-03
2.5009E-02 1.2000E-03
2.1853E-02 1.2000E-03
2.6260E-02 1.2000E-03
3.6715E-02 1.2000E-03
8.2809E-02 1.2000E-03
5.0170E-02 1.2000E-03
1.2330E-02 1.2000E-03
1.8794E-02 1.2000E-03
3.0334E-02 1.2000E-03
6.3188E-02 1.2000E-03
6.1366E-02 1.2000E-03
4.5742E-02 1.2000E-03
3.7706E-02 1.2000E-03
8.9529E-02 1.2000E-03
3.0657E-02 1.2000E-03
4.6804E-02 1.2000E-03
1.7612E-02 1.2000E-03
4.2056E-02 1.2000E-03
4.1449E-02 1.2000E-03
4.1903E-02 1.2000E-03
4.6524E-02 1.2000E-03
2.3726E-02 1.2000E-03
4.3917E-02 1.2000E-03
2.2916E-02 1.2000E-03
3.9803E-02 1.2000E-03
2.1982E-02 1.2000E-03
6.5319E-02 1.2000E-03
1.9790E-02 1.2000E-03
4.3464E-02 1.2000E-03
4.4319E-02 1.2000E-03
4.9809E-02 1.2000E-03
4.2712E-02 1.2000E-03
3.7758E-02 1.2000E-03
4.3619E-02 1.2000E-03
6.6616E-02 1.2000E-03
3.8337E-02 1.2000E-03
5.8696E-02 1.2000E-03
3.2147E-02 1.2000E-03
7.6835E-02 1.2000E-03
5.9614E-02 1.2000E-03
6.6952E-02 1.2000E-03
1.2363E-02 1.2000E-03
3.5514E-02 1.2000E-03
2.8705E-02 1.2000E-03
6.7903E-02 1.2000E-03
1.0280E-02 1.2000E-03
1.1687E-02 1.2000E-03
1.2001E-02 1.2000E-03
4.6613E-02 1.2000E-03
1.9905E-02 1.2000E-03
2.0454E-02 1.2000E-03
9.1103E-03 1.2000E-03
3.0352E-02 1.2000E-03
2.0275E-02 1.2000E-03
2.0884E-02 1.2000E-03
1.4811E-02 1.2000E-03
2.6063E-02 1.2000E-03
2.5963E-02 1.2000E-03
3.0314E-02 1.2000E-03
1.6944E-02 1.2000E-03
2.0221E-02 1.2000E-03
2.0476E-02 1.2000E-03
2.9200E-02 1.2000E-03
2.5474E-02 1.2000E-03
2.4699E-02 1.2000E-03
2.4103E-02 1.2000E-03
3.3592E-02 1.2000E-03
1.6858E-02 1.2000E-03
2.8771E-02 1.2000E-03
2.5172E-02 1.2000E-03
2.5048E-02 1.2000E-03
2.7686E-02 1.2000E-03
3.9979E-02 1.2000E-03
1.1264E-02 1.2000E-03
4.1981E-02 1.2000E-03
1.4959E-02 1.2000E-03
3.1500E-02 1.2000E-03
6.3351E-02 1.2000E-03
2.4130E-02 1.2000E-03
7.4077E-03 1.2000E-03
4.2245E-02 1.2000E-03
3.7889E-02 1.2000E-03
2.6690E-02 1.2000E-03
6.3308E-02 1.2000E-03
3.3006E-02 1.2000E-03
2.8814E-02 1.2000E-03
7.6265E-02 1.2000E-03
2.6758E-02 1.2000E-03
1.5983E-02 1.2000E-03
1.9677E-02 1.2000E-03
6.7385E-02 1.2000E-03
5.7663E-02 1.2000E-03
3.9726E-02 1.2000E-03
2.7967E-02 1.2000E-03
3.5371E-02 1.2000E-03
4.2116E-02 1.2000E-03
2.6309E-02 1.2000E-03
3.3951E-02 1.2000E-03
5.1387E-02 1.2000E-03
5.5446E-02 1.2000E-03
3.9425E-02 1.2000E-03
7.7001E-02 1.2000E-03
6.0571E-02 1.2000E-03
2.9003E-02 1.2000E-03
1.0318E-01 1.2000E-03
3.1718E-02 1.2000E-03
8.9780E-02 1.2000E-03
8.1994E-02 1.2000E-03
3.4313E-02 1.2000E-03
3.5934E-02 1.2000E-03
1.2586E-01 1.2000E-03
3.2518E-02 1.2000E-03
7.7280E-03 1.2000E-03
6.5514E-02 1.2000E-03
2.3712E-02 1.2000E-03
3.2853E-02 1.2000E-03
2.5488E-02 1.2000E-03
3.8657E-02 1.2000E-03
4.5302E-02 1.2000E-03
8.5677E-02 1.2000E-03
3.2504E-02 1.2000E-03
2.1915E-02 1.2000E-03
2.5913E-02 1.2000E-03
3.3592E-02 1.2000E-03
1.2532E-02 1.2000E-03
1.4159E-02 1.2000E-03
2.0342E-02 1.2000E-03
3.5975E-02 1.2000E-03
1.7291E-02 1.2000E-03
1.8301E-02 1.2000E-03
1.9909E-02 1.2000E-03
3.1911E-02 1.2000E-03
2.2884E-02 1.2000E-03
2.5157E-02 1.2000E-03
2.5763E-02 1.2000E-03
3.2393E-02 1.2000E-03
2.2561E-02 1.2000E-03
2.1813E-02 1.2000E-03
1.8838E-02 1.2000E-03
1.3839E-02 1.2000E-03
4.0289E-02 1.2000E-03
2.8185E-02 1.2000E-03
2.3270E-02 1.2000E-03
1.1921E-02 1.2000E-03
2.2863E-02 1.2000E-03
1.5012E-02 1.2000E-03
1.2767E-02 1.2000E-03
6.9426E-03 1.2000E-03
7.4723E-03 1.2000E-03
1.4504E-02 1.2000E-03
1.7146E-02 1.2000E-03
1.1081E-02 1.2000E-03
1.2955E-02 1.2000E-03
7.5538E-03 1.2000E-03
1.2469E-02 1.2000E-03
1.2476E-02 1.2000E-03
9.7466E-03 1.2000E-03
8.1934E-03 1.2000E-03
1.9191E-02 1.2000E-03
1.2202E-02 1.2000E-03
9.6156E-03 1.2000E-03
2.2767E-02 1.2000E-03
2.5619E-02 1.2000E-03
7.4452E-03 1.2000E-03
1.6655E-02 1.2000E-03
2.2201E-02 1.2000E-03
3.7989E-02 1.2000E-03
3.9236E-02 1.2000E-03
7.4583E-03 1.2000E-03
2.1203E-02 1.2000E-03
2.2484E-02 1.2000E-03
5.8464E-02 1.2000E-03
5.8832E-02 1.2000E-03
3.6795E-02 1.2000E-03
2.8408E-02 1.2000E-03
5.1342E-02 1.2000E-03
3.1489E-02 1.2000E-03
6.5580E-02 1.2000E-03
2.7733E-02 1.2000E-03
7.6462E-02 1.2000E-03
1.2679E-02 1.2000E-03
3.1632E-02 1.2000E-03
7.0592E-02 1.2000E-03
6.7004E-02 1.2000E-03
2.4502E-02 1.2000E-03
4.4405E-02 1.2000E-03
1.0419E-02 1.2000E-03
6.3553E-02 1.2000E-03
5.5511E-02 1.2000E-03
9.8119E-03 1.2000E-03
3.4313E-02 1.2000E-03
4.2589E-02 1.2000E-03
2.7221E-02 1.2000E-03
2.1901E-02 1.2000E-03
2.6996E-02 1.2000E-03
3.4287E-02 1.2000E-03
1.1974E-02 1.2000E-03
6.3603E-02 1.2000E-03
4.9293E-02 1.2000E-03
8.9300E-03 1.2000E-03
3.1371E-02 1.2000E-03
3.9294E-02 1.2000E-03
2.0825E-02 1.2000E-03
8.7847E-03 1.2000E-03
1.5274E-02 1.2000E-03
2.1086E-02 1.2000E-03
8.3426E-03 1.2000E-03
1.8511E-02 1.2000E-03
1.5062E-02 1.2000E-03
2.3881E-02 1.2000E-03
2.2232E-02 1.2000E-03
1.3070E-02 1.2000E-03
7.2367E-03 1.2000E-03
1.8301E-02 1.2000E-03
2.3347E-02 1.2000E-03
1.3842E-02 1.2000E-03
2.1947E-02 1.2000E-03
2.1791E-02 1.2000E-03
1.7175E-02 1.2000E-03
2.4406E-02 1.2000E-03
1.1814E-02 1.2000E-03
2.2225E-02 1.2000E-03
2.2482E-02 1.2000E-03
2.8341E-02 1.2000E-03
5.0992E-03 1.2000E-03
3.7905E-02 1.2000E-03
2.6742E-02 1.2000E-03
1.8164E-02 1.2000E-03
4.7345E-02 1.2000E-03
2.5614E-02 1.2000E-03
3.3087E-02 1.2000E-03
5.0987E-02 1.2000E-03
2.3582E-02 1.2000E-03
1.7654E-02 1.2000E-03
7.2419E-02 1.2000E-03
6.7336E-02 1.2000E-03
2.3856E-02 1.2000E-03
3.4495E-02 1.2000E-03
4.2760E-02 1.2000E-03
6.9116E-02 1.2000E-03
9.0527E-02 1.2000E-03
6.0642E-02 1.2000E-03
3.4998E-02 1.2000E-03
6.8476E-02 1.2000E-03
4.8346E-02 1.2000E-03
1.1472E-01 1.2000E-03
1.8564E-02 1.2000E-03
1.0098E-02 1.2000E-03
1.0130E-02 1.2000E-03
8.2134E-02 1.2000E-03
1.1788E-02 1.2000E-03
8.6358E-03 1.2000E-03
3.4053E-02 1.2000E-03
1.1094E-02 1.2000E-03
1.9741E-02 1.2000E-03
1.9285E-02 1.2000E-03
3.9756E-03 1.2000E-03
2.2870E-02 1.2000E-03
2.0367E-02 1.2000E-03
1.7586E-03 1.2000E-03
1.2278E-02 1.2000E-03
1.1332E-02 1.2000E-03
4.8852E-02 1.2000E-03
2.3220E-02 1.2000E-03
5.2885E-03 1.2000E-03
1.1341E-02 1.2000E-03
1.8981E-02 1.2000E-03
8.0783E-03 1.2000E-03
1.1029E-02 1.2000E-03
7.8150E-03 1.2000E-03
1.9064E-02 1.2000E-03
8.3326E-03 1.2000E-03
4.2745E-03 1.2000E-03
9.5747E-03 1.2000E-03
1.4887E-02 1.2000E-03
1.0651E-02 1.2000E-03
1.5258E-02 1.2000E-03
1.1037E-02 1.2000E-03
1.4625E-02 1.2000E-03
1.7665E-02 1.2000E-03
4.8344E-03 1.2000E-03
5.0627E-03 1.2000E-03
1.0197E-02 1.2000E-03
2.4747E-02 1.2000E-03
9.3816E-03 1.2000E-03
1.0045E-02 1.2000E-03
8.7496E-03 1.2000E-03
2.1653E-02 1.2000E-03
4.7070E-03 1.2000E-03
4.4113E-03 1.2000E-03
1.1638E-02 1.2000E-03
2.6076E-02 1.2000E-03
3.1351E-03 1.2000E-03
3.6625E-03 1.2000E-03
8.2121E-03 1.2000E-03
1.6947E-02 1.2000E-03
2.7493E-02 1.2000E-03
7.2070E-03 1.2000E-03
2.6842E-03 1.2000E-03
9.8808E-03 1.2000E-03
1.5117E-02 1.2000E-03
1.5631E-02 1.2000E-03
8.2687E-03 1.2000E-03
9.6982E-03 1.2000E-03
1.3850E-02 1.2000E-03
1.4449E-02 1.2000E-03
5.0510E-03 1.2000E-03
8.0872E-03 1.2000E-03
1.1923E-02 1.2000E-03
8.5523E-03 1.2000E-03
2.0762E-02 1.2000E-03
1.1808E-02 1.2000E-03
4.4168E-03 1.2000E-03
2.0144E-02 1.2000E-03
9.6563E-03 1.2000E-03
4.1128E-03 1.2000E-03
2.1127E-02 1.2000E-03
9.2365E-03 1.2000E-03
1.1421E-02 1.2000E-03
3.2190E-02 1.2000E-03
1.4741E-02 1.2000E-03
8.5357E-03 1.2000E-03
4.9386E-03 1.2000E-03
2.1760E-02 1.2000E-03
1.3572E-02 1.2000E-03
1.9635E-02 1.2000E-03
1.5591E-02 1.2000E-03
2.1951E-02 1.2000E-03
2.2104E-02 1.2000E-03
6.1743E-03 1.2000E-03
6.6461E-03 1.2000E-03
1.0829E-02 1.2000E-03
3.7897E-02 1.2000E-03
2.7371E-03 1.2000E-03
1.2253E-02 1.2000E-03
9.1836E-03 1.2000E-03
3.0768E-02 1.2000E-03
7.5775E-03 1.2000E-03
7.7109E-03 1.2000E-03
1.3351E-02 1.2000E-03
2.0060E-02 1.2000E-03
1.4846E-02 1.2000E-03
3.2331E-02 1.2000E-03
8.6699E-03 1.2000E-03
3.3668E-03 1.2000E-03
9.7576E-03 1.2000E-03
3.2374E-02 1.2000E-03
1.0776E-02 1.2000E-03
4.6531E-02 1.2000E-03
1.4144E-02 1.2000E-03
1.1128E-02 1.2000E-03
1.8380E-02 1.2000E-03
5.0537E-02 1.2000E-03
1.0640E-02 1.2000E-03
1.9886E-02 1.2000E-03
1.8327E-02 1.2000E-03
5.1621E-02 1.2000E-03
1.2379E-02 1.2000E-03
4.5363E-02 1.2000E-03
1.0030E-02 1.2000E-03
2.1486E-02 1.2000E-03
4.7145E-02 1.2000E-03
5.6313E-02 1.2000E-03
2.8317E-02 1.2000E-03
3.4266E-02 1.2000E-03
3.1704E-02 1.2000E-03
7.8791E-02 1.2000E-03
2.8602E-02 1.2000E-03
2.7586E-02 1.2000E-03
3.0937E-02 1.2000E-03
3.4653E-02 1.2000E-03
5.1506E-02 1.2000E-03
9.9427E-02 1.2000E-03
3.3377E-02 1.2000E-03
4.7845E-02 1.2000E-03
1.1840E-02 1.2000E-03
6.1935E-02 1.2000E-03
3.8106E-02 1.2000E-03
9.5726E-02 1.2000E-03
1.3602E-02 1.2000E-03
1.0998E-02 1.2000E-03
3.9161E-02 1.2000E-03
6.9103E-02 1.2000E-03
4.1165E-02 1.2000E-03
1.1698E-02 1.2000E-03
2.7751E-02 1.2000E-03
6.5610E-02 1.2000E-03
2.5189E-02 1.2000E-03
1.9593E-03 1.2000E-03
1.2550E-02 1.2000E-03
2.3824E-02 1.2000E-03
1.5353E-02 1.2000E-03
2.3547E-02 1.2000E-03
1.9163E-02 1.2000E-03
4.6435E-02 1.2000E-03
3.1282E-02 1.2000E-03
2.1324E-02 1.2000E-03
2.5592E-02 1.2000E-03
1.6081E-02 1.2000E-03
2.9099E-02 1.2000E-03
4.3377E-02 1.2000E-03
5.4382E-02 1.2000E-03
1.7815E-02 1.2000E-03
3.2168E-02 1.2000E-03
3.1448E-02 1.2000E-03
2.9218E-02 1.2000E-03
7.4591E-02 1.2000E-03
6.2739E-02 1.2000E-03
2.3885E-02 1.2000E-03
7.6555E-02 1.2000E-03
1.9631E-02 1.2000E-03
6.3834E-02 1.2000E-03
4.2958E-02 1.2000E-03
3.8532E-02 1.2000E-03
4.2797E-02 1.2000E-03
9.4749E-02 1.2000E-03
8.1904E-02 1.2000E-03
5.5347E-02 1.2000E-03
1.2214E-01 1.2000E-03
2.2961E-02 1.2000E-03
4.1717E-02 1.2000E-03
5.1636E-02 1.2000E-03
7.0710E-02 1.2000E-03
5.9064E-02 1.2000E-03
3.4125E-02 1.2000E-03
3.6593E-02 1.2000E-03
5.1610E-02 1.2000E-03
1.1526E-01 1.2000E-03
4.5847E-03 1.2000E-03
3.0447E-02 1.2000E-03
1.6640E-02 1.2000E-03
1.1078E-01 1.2000E-03
2.7428E-02 1.2000E-03
5.3873E-02 1.2000E-03
5.9996E-02 1.2000E-03
4.2303E-02 1.2000E-03
7.2081E-02 1.2000E-03
4.1614E-02 1.2000E-03
1.0599E-02 1.2000E-03
5.2643E-02 1.2000E-03
2.0817E-02 1.2000E-03
4.4043E-02 1.2000E-03
8.5662E-02 1.2000E-03
5.2843E-02 1.2000E-03
1.5359E-02 1.2000E-03
3.6126E-02 1.2000E-03
1.5095E-02 1.2000E-03
2.2578E-02 1.2000E-03
7.4872E-02 1.2000E-03
3.2521E-02 1.2000E-03
1.4603E-02 1.2000E-03
1.7842E-02 1.2000E-03
1.6700E-02 1.2000E-03
6.8000E-02 1.2000E-03
3.0826E-02 1.2000E-03
1.0098E-02 1.2000E-03
3.0894E-02 1.2000E-03
3.4569E-02 1.2000E-03
4.0826E-03 1.2000E-03
1.2815E-02 1.2000E-03
1.1113E-02 1.2000E-03
6.4769E-02 1.2000E-03
7.1196E-03 1.2000E-03
1.0602E-02 1.2000E-03
1.8181E-02 1.2000E-03
3.8702E-02 1.2000E-03
8.0292E-03 1.2000E-03
1.0690E-02 1.2000E-03
1.1675E-02 1.2000E-03
3.6729E-02 1.2000E-03
2.3640E-02 1.2000E-03
1.9813E-02 1.2000E-03
2.9145E-02 1.2000E-03
2.4940E-02 1.2000E-03
1.6562E-02 1.2000E-03
5.9265E-02 1.2000E-03
2.1172E-02 1.2000E-03
9.6074E-03 1.2000E-03
3.9199E-02 1.2000E-03
3.4331E-02 1.2000E-03
2.1576E-02 1.2000E-03
5.1918E-02 1.2000E-03
1.4798E-02 1.2000E-03
2.1921E-02 1.2000E-03
3.4963E-02 1.2000E-03
2.9495E-02 1.2000E-03
8.4267E-03 1.2000E-03
4.3154E-02 1.2000E-03
8.6269E-03 1.2000E-03
2.5850E-02 1.2000E-03
3.4611E-02 1.2000E-03
3.3954E-02 1.2000E-03
1.0196E-02 1.2000E-03
4.9599E-02 1.2000E-03
4.6645E-03 1.2000E-03
8.8280E-03 1.2000E-03
2.7637E-02 1.2000E-03
3.5705E-02 1.2000E-03
6.8067E-03 1.2000E-03
3.4288E-02 1.2000E-03
1.0269E-02 1.2000E-03
2.0471E-02 1.2000E-03
4.8251E-02 1.2000E-03
6.7844E-03 1.2000E-03
5.3408E-03 1.2000E-03
1.3144E-02 1.2000E-03
1.4597E-02 1.2000E-03
9.5297E-03 1.2000E-03
2.5082E-02 1.2000E-03
8.2884E-03 1.2000E-03
3.4503E-02 1.2000E-03
4.7159E-03 1.2000E-03
2.1823E-03 1.2000E-03
6.8589E-03 1.2000E-03
2.3982E-02 1.2000E-03
9.6636E-03 1.2000E-03
1.7761E-02 1.2000E-03
1.0051E-02 1.2000E-03
2.1202E-02 1.2000E-03
1.3074E-02 1.2000E-03
1.3457E-02 1.2000E-03
5.3190E-03 1.2000E-03
1.5373E-02 1.2000E-03
1.8045E-02 1.2000E-03
1.9755E-02 1.2000E-03
1.8538E-02 1.2000E-03
2.6454E-02 1.2000E-03
1.2635E-02 1.2000E-03
3.1416E-02 1.2000E-03
9.2659E-03 1.2000E-03
1.0522E-02 1.2000E-03
1.6517E-02 1.2000E-03
4.0284E-02 1.2000E-03
8.1277E-03 1.2000E-03
2.4469E-02 1.2000E-03
1.9153E-02 1.2000E-03
4.0000E-02 1.2000E-03
1.0283E-02 1.2000E-03
2.0588E-02 1.2000E-03
1.1033E-02 1.2000E-03
2.8982E-02 1.2000E-03
5.5088E-03 1.2000E-03
3.3123E-02 1.2000E-03
1.5819E-02 1.2000E-03
2.6952E-02 1.2000E-03
2.9157E-02 1.2000E-03
1.2245E-02 1.2000E-03
1.9086E-03 1.2000E-03
2.3658E-02 1.2000E-03
1.3738E-02 1.2000E-03
9.9832E-03 1.2000E-03
2.0295E-02 1.2000E-03
2.2439E-02 1.2000E-03
7.8333E-03 1.2000E-03
4.4945E-02 1.2000E-03
1.3285E-02 1.2000E-03
8.9746E-03 1.2000E-03
1.4850E-02 1.2000E-03
4.9019E-02 1.2000E-03
1.1372E-02 1.2000E-03
1.2263E-02 1.2000E-03
1.2479E-02 1.2000E-03
2.4799E-02 1.2000E-03
3.3894E-03 1.2000E-03
1.1099E-02 1.2000E-03
6.5477E-03 1.2000E-03
5.5065E-02 1.2000E-03
1.1672E-02 1.2000E-03
1.0468E-02 1.2000E-03
1.0584E-02 1.2000E-03
4.4486E-02 1.2000E-03
1.1812E-02 1.2000E-03
1.3656E-02 1.2000E-03
2.1633E-02 1.2000E-03
2.2155E-02 1.2000E-03
2.9527E-02 1.2000E-03
1.2290E-02 1.2000E-03
1.1864E-02 1.2000E-03
4.4155E-03 1.2000E-03
4.4168E-02 1.2000E-03
6.6802E-03 1.2000E-03
1.7410E-02 1.2000E-03
9.2056E-03 1.2000E-03
3.7649E-02 1.2000E-03
1.3587E-02 1.2000E-03
5.8756E-03 1.2000E-03
9.0112E-03 1.2000E-03
2.2241E-02 1.2000E-03
6.6354E-03 1.2000E-03
2.0799E-02 1.2000E-03
1.4165E-02 1.2000E-03
3.2255E-02 1.2000E-03
5.1049E-03 1.2000E-03
1.8593E-02 1.2000E-03
1.0510E-02 1.2000E-03
2.7975E-02 1.2000E-03
1.3465E-02 1.2000E-03
1.5328E-02 1.2000E-03
1.1548E-02 1.2000E-03
1.8605E-02 1.2000E-03
8.0297E-03 1.2000E-03
8.3183E-03 1.2000E-03
5.4478E-03 1.2000E-03
1.4923E-02 1.2000E-03
5.6135E-03 1.2000E-03
1.3149E-02 1.2000E-03
8.3403E-03 1.2000E-03
1.6296E-02 1.2000E-03
5.5396E-03 1.2000E-03
8.1489E-03 1.2000E-03
6.3774E-03 1.2000E-03
1.2181E-02 1.2000E-03
1.6212E-02 1.2000E-03
1.4990E-02 1.2000E-03
2.2734E-03 1.2000E-03
6.0188E-03 1.2000E-03
5.7648E-03 1.2000E-03
5.5280E-03 1.2000E-03
9.7092E-03 1.2000E-03
1.0293E-02 1.2000E-03
8.0478E-03 1.2000E-03
6.4731E-03 1.2000E-03
4.2383E-03 1.2000E-03
3.3329E-03 1.2000E-03
6.5981E-03 1.2000E-03
4.6411E-03 1.2000E-03
7.5928E-03 1.2000E-03
6.8459E-03 1.2000E-03
1.1321E-02 1.2000E-03
2.4208E-03 1.2000E-03
4.0409E-03 1.2000E-03
6.9444E-03 1.2000E-03
1.0754E-02 1.2000E-03
8.8897E-03 1.2000E-03
4.6018E-03 1.2000E-03
5.8853E-03 1.2000E-03
1.0291E-02 1.2000E-03
8.5844E-03 1.2000E-03
4.8272E-03 1.2000E-03
1.0481E-02 1.2000E-03
5.6298E-03 1.2000E-03
6.1450E-03 1.2000E-03
7.3885E-03 1.2000E-03
8.1881E-03 1.2000E-03
4.4056E-03 1.2000E-03
8.8887E-03 1.2000E-03
5.6235E-03 1.2000E-03
3.5028E-03 1.2000E-03
1.1142E-02 1.2000E-03
7.7588E-03 1.2000E-03
1.3019E-03 1.2000E-03
6.2438E-03 1.2000E-03
6.5065E-03 1.2000E-03
1.3941E-02 1.2000E-03
7.8001E-03 1.2000E-03
7.8110E-03 1.2000E-03
5.6874E-03 1.2000E-03
4.9098E-03 1.2000E-03
5.8344E-03 1.2000E-03
7.6221E-03 1.2000E-03
1.2037E-02 1.2000E-03
1.3256E-02 1.2000E-03
1.1890E-03 1.2000E-03
3.9961E-03 1.2000E-03
3.5746E-03 1.2000E-03
1.0551E-02 1.2000E-03
1.0669E-02 1.2000E-03
5.3435E-03 1.2000E-03
4.7161E-03 1.2000E-03
6.8036E-03 1.2000E-03
1.3938E-02 1.2000E-03
3.9401E-03 1.2000E-03
3.2501E-03 1.2000E-03
5.2084E-03 1.2000E-03
9.5189E-03 1.2000E-03
1.9674E-02 1.2000E-03
4.0845E-03 1.2000E-03
1.1650E-03 1.2000E-03
4.8558E-03 1.2000E-03
1.0599E-02 1.2000E-03
9.3143E-03 1.2000E-03
4.8392E-03 1.2000E-03
7.4114E-03 1.2000E-03
6.1981E-03 1.2000E-03
2.9918E-03 1.2000E-03
9.6380E-03 1.2000E-03
2.9559E-03 1.2000E-03
3.1028E-03 1.2000E-03
1.0757E-02 1.2000E-03
9.7433E-03 1.2000E-03
4.9380E-03 1.2000E-03
2.3068E-03 1.2000E-03
5.0447E-03 1.2000E-03
7.4905E-03 1.2000E-03
1.0794E-02 1.2000E-03
7.4976E-03 1.2000E-03
4.0030E-03 1.2000E-03
1.9885E-03 1.2000E-03
2.3489E-03 1.2000E-03
2.5867E-03 1.2000E-03
4.9870E-03 1.2000E-03
1.0367E-02 1.2000E-03
6.7074E-03 1.2000E-03
2.0372E-03 1.2000E-03
2.4978E-03 1.2000E-03
1.2801E-03 1.2000E-03
5.8386E-04 1.2000E-03
5.1305E-03 1.2000E-03
7.6492E-03 1.2000E-03
1.2013E-03 1.2000E-03
4.7011E-03 1.2000E-03
3.3792E-03 1.2000E-03
6.9503E-03 1.2000E-03
5.9325E-03 1.2000E-03
9.2744E-04 1.2000E-03
8.7886E-04 1.2000E-03
2.8741E-03 1.2000E-03
4.4771E-03 1.2000E-03
8.1171E-03 1.2000E-03
6.4378E-03 1.2000E-03
3.6791E-03 1.2000E-03
6.6281E-03 1.2000E-03
2.5662E-03 1.2000E-03
1.2904E-03 1.2000E-03
3.0967E-03 1.2000E-03
7.1536E-03 1.2000E-03
5.2993E-03 1.2000E-03
9.0196E-03 1.2000E-03
3.6614E-03 1.2000E-03
4.3252E-03 1.2000E-03
5.1635E-03 1.2000E-03
4.9259E-03 1.2000E-03
2.1861E-03 1.2000E-03
7.2531E-03 1.2000E-03
8.1764E-03 1.2000E-03
3.3907E-04 1.2000E-03
3.4335E-03 1.2000E-03
4.1402E-03 1.2000E-03
1.1006E-02 1.2000E-03
1.2295E-02 1.2000E-03
3.6100E-03 1.2000E-03
5.9855E-04 1.2000E-03
4.5032E-03 1.2000E-03
9.0512E-03 1.2000E-03
7.8213E-03 1.2000E-03
6.3243E-03 1.2000E-03
9.2529E-03 1.2000E-03
1.1787E-02 1.2000E-03
2.0381E-02 1.2000E-03
1.1647E-03 1.2000E-03
5.6217E-03 1.2000E-03
2.9821E-03 1.2000E-03
6.8707E-03 1.2000E-03
2.3652E-02 1.2000E-03
1.8774E-02 1.2000E-03
3.7158E-03 1.2000E-03
2.2274E-02 1.2000E-03
1.3832E-02 1.2000E-03
2.0795E-02 1.2000E-03
3.7461E-02 1.2000E-03
2.9446E-02 1.2000E-03
6.0927E-03 1.2000E-03
2.8581E-02 1.2000E-03
6.5805E-03 1.2000E-03
2.9405E-02 1.2000E-03
6.3429E-02 1.2000E-03
8.6823E-03 1.2000E-03
8.4773E-03 1.2000E-03
2.6599E-02 1.2000E-03
3.8530E-02 1.2000E-03
1.7714E-02 1.2000E-03
2.6684E-02 1.2000E-03
2.4436E-02 1.2000E-03
4.3316E-02 1.2000E-03
2.8941E-02 1.2000E-03
2.4949E-03 1.2000E-03
1.3417E-02 1.2000E-03
4.6951E-03 1.2000E-03
4.2234E-02 1.2000E-03
9.4685E-03 1.2000E-03
5.6477E-03 1.2000E-03
2.6352E-02 1.2000E-03
1.3320E-02 1.2000E-03
1.1527E-02 1.2000E-03
7.4557E-03 1.2000E-03
3.1788E-03 1.2000E-03
2.4725E-02 1.2000E-03
5.2530E-03 1.2000E-03
7.8183E-03 1.2000E-03
1.1597E-02 1.2000E-03
2.8979E-02 1.2000E-03
5.4724E-03 1.2000E-03
1.1111E-02 1.2000E-03
1.0392E-02 1.2000E-03
1.9048E-02 1.2000E-03
8.3666E-03 1.2000E-03
8.0990E-03 1.2000E-03
1.3224E-02 1.2000E-03
1.2304E-02 1.2000E-03
9.2716E-03 1.2000E-03
7.4722E-03 1.2000E-03
2.7013E-03 1.2000E-03
7.5170E-03 1.2000E-03
2.1653E-02 1.2000E-03
7.1477E-03 1.2000E-03
1.1501E-02 1.2000E-03
5.1781E-03 1.2000E-03
1.7475E-02 1.2000E-03
9.3081E-03 1.2000E-03
4.0320E-03 1.2000E-03
2.9341E-03 1.2000E-03
9.9305E-03 1.2000E-03
8.6655E-03 1.2000E-03
1.0514E-02 1.2000E-03
1.0112E-02 1.2000E-03
9.4798E-03 1.2000E-03
9.1200E-03 1.2000E-03
6.9564E-03 1.2000E-03
5.2766E-03 1.2000E-03
8.0320E-03 1.2000E-03
1.2334E-02 1.2000E-03
1.2821E-02 1.2000E-03
1.0723E-02 1.2000E-03
1.0315E-02 1.2000E-03
1.0113E-02 1.2000E-03
8.1888E-03 1.2000E-03
8.2548E-03 1.2000E-03
8.5381E-03 1.2000E-03
1.0280E-02 1.2000E-03
2.1292E-02 1.2000E-03
6.5519E-03 1.2000E-03
1.2084E-02 1.2000E-03
5.8465E-03 1.2000E-03
2.0174E-02 1.2000E-03
6.5787E-03 1.2000E-03
1.4184E-02 1.2000E-03
8.2432E-03 1.2000E-03
2.0502E-02 1.2000E-03
1.8567E-02 1.2000E-03
1.2454E-02 1.2000E-03
5.7514E-03 1.2000E-03
1.0104E-02 1.2000E-03
1.6153E-02 1.2000E-03
6.6131E-03 1.2000E-03
2.2552E-02 1.2000E-03
2.3796E-02 1.2000E-03
5.8940E-03 1.2000E-03
9.6035E-03 1.2000E-03
1.5261E-02 1.2000E-03
1.8410E-02 1.2000E-03
1.7436E-02 1.2000E-03
3.7240E-03 1.2000E-03
9.6821E-03 1.2000E-03
1.8293E-02 1.2000E-03
1.8311E-02 1.2000E-03
2.0493E-02 1.2000E-03
1.7240E-02 1.2000E-03
1.9244E-02 1.2000E-03
2.1965E-02 1.2000E-03
8.2301E-03 1.2000E-03
1.5771E-02 1.2000E-03
3.5763E-03 1.2000E-03
2.8032E-02 1.2000E-03
1.2870E-02 1.2000E-03
1.3915E-02 1.2000E-03
1.7512E-02 1.2000E-03
2.1961E-02 1.2000E-03
1.5248E-02 1.2000E-03
2.2337E-02 1.2000E-03
2.1493E-02 1.2000E-03
1.5598E-02 1.2000E-03
1.5019E-02 1.2000E-03
1.2903E-02 1.2000E-03
7.8772E-03 1.2000E-03
3.3492E-02 1.2000E-03
7.7663E-03 1.2000E-03
8.9857E-03 1.2000E-03
2.4980E-02 1.2000E-03
2.5157E-02 1.2000E-03
2.6156E-02 1.2000E-03
7.5451E-04 1.2000E-03
1.4574E-02 1.2000E-03
9.2754E-03 1.2000E-03
2.0690E-02 1.2000E-03
1.6514E-02 1.2000E-03
1.9773E-02 1.2000E-03
1.8590E-02 1.2000E-03
1.5302E-02 1.2000E-03
5.3997E-03 1.2000E-03
1.4868E-03 1.2000E-03
2.2252E-02 1.2000E-03
2.3039E-02 1.2000E-03
1.9921E-02 1.2000E-03
1.1617E-02 1.2000E-03
1.2727E-02 1.2000E-03
1.5904E-02 1.2000E-03
1.1686E-02 1.2000E-03
2.3765E-03 1.2000E-03
1.8112E-02 1.2000E-03
7.8463E-03 1.2000E-03
1.5381E-02 1.2000E-03
8.7633E-03 1.2000E-03
1.1446E-02 1.2000E-03
9.4483E-03 1.2000E-03
1.3715E-02 1.2000E-03
1.9214E-03 1.2000E-03
1.4782E-02 1.2000E-03
3.5819E-03 1.2000E-03
1.4947E-02 1.2000E-03
1.5780E-02 1.2000E-03
3.4760E-03 1.2000E-03
4.4881E-03 1.2000E-03
1.5484E-02 1.2000E-03
7.0843E-03 1.2000E-03
1.7920E-03 1.2000E-03
9.4060E-03 1.2000E-03
1.3486E-02 1.2000E-03
1.8027E-03 1.2000E-03
4.3876E-03 1.2000E-03
3.9911E-03 1.2000E-03
7.9122E-03 1.2000E-03
4.8123E-03 1.2000E-03
4.0309E-03 1.2000E-03
5.2932E-03 1.2000E-03
1.5333E-02 1.2000E-03
8.7929E-04 1.2000E-03
1.2197E-03 1.2000E-03
4.4170E-03 1.2000E-03
5.4829E-03 1.2000E-03
1.5369E-02 1.2000E-03
3.0668E-03 1.2000E-03
3.7140E-04 1.2000E-03
1.5873E-03 1.2000E-03
9.7388E-03 1.2000E-03
2.0168E-03 1.2000E-03
2.1968E-03 1.2000E-03
5.5560E-03 1.2000E-03
4.3709E-03 1.2000E-03
1.0127E-02 1.2000E-03
5.7440E-04 1.2000E-03
1.4013E-03 1.2000E-03
2.3980E-03 1.2000E-03
6.0645E-03 1.2000E-03
5.2517E-03 1.2000E-03
2.3570E-03 1.2000E-03
3.2551E-03 1.2000E-03
2.7263E-03 1.2000E-03
5.4841E-03 1.2000E-03
2.4758E-03 1.2000E-03
3.1665E-03 1.2000E-03
2.9465E-03 1.2000E-03
5.0903E-03 1.2000E-03
5.4847E-03 1.2000E-03
3.1006E-03 1.2000E-03
1.7666E-03 1.2000E-03
4.4200E-03 1.2000E-03
5.3474E-03 1.2000E-03
1.5818E-03 1.2000E-03
4.0165E-03 1.2000E-03
3.7702E-03 1.2000E-03
7.8055E-03 1.2000E-03
7.5364E-03 1.2000E-03
1.1143E-03 1.2000E-03
1.7315E-03 1.2000E-03
4.5674E-03 1.2000E-03
2.7126E-03 1.2000E-03
7.3999E-03 1.2000E-03
3.4055E-03 1.2000E-03
9.8246E-03 1.2000E-03
3.8055E-03 1.2000E-03
7.3140E-04 1.2000E-03
1.4508E-03 1.2000E-03
4.6640E-03 1.2000E-03
8.4608E-03 1.2000E-03
6.8160E-03 1.2000E-03
5.1721E-03 1.2000E-03
3.2820E-03 1.2000E-03
3.5721E-03 1.2000E-03
3.1463E-03 1.2000E-03
4.3783E-03 1.2000E-03
5.4008E-03 1.2000E-03
8.8245E-03 1.2000E-03
2.1679E-03 1.2000E-03
4.0463E-03 1.2000E-03
2.0837E-03 1.2000E-03
7.4419E-03 1.2000E-03
3.7729E-03 1.2000E-03
4.4013E-03 1.2000E-03
4.3323E-03 1.2000E-03
6.5358E-03 1.2000E-03
2.7427E-03 1.2000E-03
4.0218E-03 1.2000E-03
4.5958E-03 1.2000E-03
9.1411E-03 1.2000E-03
5.2634E-03 1.2000E-03
8.1615E-03 1.2000E-03
6.2076E-03 1.2000E-03
1.0802E-02 1.2000E-03
3.7161E-03 1.2000E-03
5.9591E-03 1.2000E-03
8.0245E-03 1.2000E-03
1.4629E-02 1.2000E-03
1.3182E-02 1.2000E-03
1.0031E-02 1.2000E-03
1.0994E-02 1.2000E-03
1.3923E-02 1.2000E-03
4.7817E-03 1.2000E-03
1.8298E-02 1.2000E-03
4.5117E-03 1.2000E-03
2.3087E-02 1.2000E-03
1.5106E-02 1.2000E-03
2.9457E-02 1.2000E-03
4.9358E-03 1.2000E-03
3.1466E-02 1.2000E-03
1.1527E-02 1.2000E-03
2.1228E-02 1.2000E-03
6.4382E-02 1.2000E-03
2.7162E-02 1.2000E-03
2.0205E-02 1.2000E-03
5.8433E-03 1.2000E-03
1.0319E-02 1.2000E-03
2.0297E-02 1.2000E-03
4.0458E-02 1.2000E-03
5.6241E-02 1.2000E-03
1.6877E-02 1.2000E-03
1.6798E-02 1.2000E-03
5.7396E-02 1.2000E-03
1.1699E-01 1.2000E-03
3.4610E-02 1.2000E-03
3.4938E-02 1.2000E-03
9.0194E-02 1.2000E-03
3.6704E-02 1.2000E-03
1.2343E-01 1.2000E-03
2.7232E-02 1.2000E-03
5.7337E-02 1.2000E-03
6.6420E-03 1.2000E-03
3.2675E-02 1.2000E-03
5.7177E-02 1.2000E-03
5.4588E-02 1.2000E-03
5.9562E-03 1.2000E-03
6.4019E-02 1.2000E-03
2.7183E-02 1.2000E-03
5.3999E-03 1.2000E-03
4.4043E-02 1.2000E-03
3.8045E-02 1.2000E-03
2.4866E-02 1.2000E-03
4.3221E-02 1.2000E-03
1.9243E-02 1.2000E-03
7.9979E-03 1.2000E-03
2.0141E-02 1.2000E-03
1.0485E-02 1.2000E-03
3.1601E-02 1.2000E-03
1.6220E-02 1.2000E-03
7.8522E-03 1.2000E-03
3.1462E-02 1.2000E-03
1.8639E-02 1.2000E-03
1.6858E-02 1.2000E-03
2.3227E-02 1.2000E-03
1.4378E-02 1.2000E-03
1.5262E-02 1.2000E-03
1.8098E-02 1.2000E-03
9.7785E-03 1.2000E-03
6.1417E-03 1.2000E-03
1.5480E-02 1.2000E-03
1.8494E-02 1.2000E-03
3.0902E-03 1.2000E-03
7.7157E-03 1.2000E-03
8.9107E-03 1.2000E-03
1.9746E-02 1.2000E-03
8.7354E-03 1.2000E-03
4.9418E-03 1.2000E-03
1.2495E-02 1.2000E-03
2.3795E-02 1.2000E-03
3.5190E-03 1.2000E-03
7.7014E-03 1.2000E-03
1.0342E-02 1.2000E-03
2.3443E-02 1.2000E-03
3.2136E-02 1.2000E-03
7.8112E-03 1.2000E-03
4.0948E-03 1.2000E-03
7.9507E-03 1.2000E-03
2.3388E-02 1.2000E-03
8.2994E-03 1.2000E-03
6.4214E-03 1.2000E-03
1.2290E-02 1.2000E-03
1.2880E-02 1.2000E-03
2.4722E-02 1.2000E-03
3.4548E-03 1.2000E-03
4.6386E-03 1.2000E-03
4.8709E-03 1.2000E-03
1.8688E-02 1.2000E-03
8.8977E-03 1.2000E-03
8.5446E-03 1.2000E-03
6.1711E-03 1.2000E-03
1.4672E-02 1.2000E-03
4.0706E-03 1.2000E-03
2.7455E-03 1.2000E-03
2.6892E-03 1.2000E-03
1.3134E-02 1.2000E-03
5.6461E-03 1.2000E-03
4.5530E-03 1.2000E-03
4.1824E-03 1.2000E-03
8.8192E-03 1.2000E-03
1.5442E-03 1.2000E-03
2.0111E-03 1.2000E-03
2.3902E-03 1.2000E-03
5.7048E-03 1.2000E-03
7.5859E-03 1.2000E-03
3.0572E-03 1.2000E-03
4.9302E-03 1.2000E-03
3.5768E-03 1.2000E-03
2.7758E-03 1.2000E-03
7.5472E-03 1.2000E-03
1.6952E-03 1.2000E-03
1.5840E-03 1.2000E-03
5.4842E-03 1.2000E-03
8.0216E-03 1.2000E-03
2.6949E-03 1.2000E-03
2.3203E-03 1.2000E-03
3.5414E-03 1.2000E-03
6.1872E-03 1.2000E-03
8.9061E-03 1.2000E-03
2.7103E-03 1.2000E-03
1.7807E-03 1.2000E-03
2.9190E-03 1.2000E-03
8.7211E-03 1.2000E-03
1.8905E-03 1.2000E-03
1.9372E-03 1.2000E-03
3.8624E-03 1.2000E-03
6.4357E-03 1.2000E-03
7.9497E-03 1.2000E-03
1.0539E-03 1.2000E-03
1.9117E-03 1.2000E-03
2.7724E-03 1.2000E-03
4.2734E-03 1.2000E-03
1.1026E-02 1.2000E-03
3.6112E-03 1.2000E-03
3.0843E-04 1.2000E-03
3.6682E-03 1.2000E-03
5.4662E-03 1.2000E-03
4.8008E-04 1.2000E-03
3.0529E-03 1.2000E-03
4.8513E-03 1.2000E-03
6.5320E-03 1.2000E-03
7.4538E-03 1.2000E-03
2.6718E-03 1.2000E-03
6.7390E-04 1.2000E-03
1.9858E-03 1.2000E-03
5.3584E-03 1.2000E-03
1.0474E-02 1.2000E-03
1.4728E-03 1.2000E-03
7.5588E-04 1.2000E-03
2.9168E-03 1.2000E-03
6.0229E-03 1.2000E-03
4.9903E-03 1.2000E-03
2.7359E-03 1.2000E-03
3.4979E-03 1.2000E-03
4.9580E-03 1.2000E-03
2.0480E-03 1.2000E-03
3.8570E-03 1.2000E-03
2.4842E-03 1.2000E-03
5.9050E-03 1.2000E-03
3.8399E-03 1.2000E-03
3.8395E-03 1.2000E-03
1.4151E-03 1.2000E-03
8.6831E-04 1.2000E-03
3.6422E-03 1.2000E-03
3.4205E-03 1.2000E-03
2.1507E-03 1.2000E-03
5.9845E-03 1.2000E-03
4.5198E-03 1.2000E-03
1.9972E-04 1.2000E-03
9.1409E-04 1.2000E-03
1.4411E-03 1.2000E-03
4.7788E-03 1.2000E-03
8.3590E-03 1.2000E-03
1.1879E-03 1.2000E-03
1.2898E-03 1.2000E-03
1.5134E-03 1.2000E-03
2.9370E-03 1.2000E-03
4.4009E-03 1.2000E-03
3.7909E-03 1.2000E-03
9.7258E-04 1.2000E-03
5.5103E-04 1.2000E-03
1.5946E-03 1.2000E-03
4.9362E-03 1.2000E-03
2.3621E-03 1.2000E-03
1.6522E-03 1.2000E-03
2.6324E-03 1.2000E-03
3.5152E-03 1.2000E-03
2.7736E-03 1.2000E-03
1.3904E-03 1.2000E-03
2.0216E-03 1.2000E-03
2.8622E-03 1.2000E-03
1.6385E-03 1.2000E-03
2.7855E-03 1.2000E-03
1.8399E-03 1.2000E-03
4.5889E-03 1.2000E-03
2.1041E-03 1.2000E-03
1.4077E-03 1.2000E-03
2.4141E-03 1.2000E-03
3.6698E-03 1.2000E-03
3.1773E-03 1.2000E-03
2.6947E-03 1.2000E-03
1.6020E-03 1.2000E-03
2.4086E-03 1.2000E-03
2.0715E-03 1.2000E-03
1.4706E-03 1.2000E-03
2.0795E-03 1.2000E-03
2.3791E-03 1.2000E-03
2.4830E-03 1.2000E-03
1.9591E-03 1.2000E-03
1.9316E-03 1.2000E-03
1.9126E-03 1.2000E-03
2.8164E-03 1.2000E-03
1.3776E-03 1.2000E-03
1.6464E-03 1.2000E-03
2.5839E-03 1.2000E-03
5.3131E-03 1.2000E-03
3.4002E-04 1.2000E-03
5.1768E-04 1.2000E-03
5.8540E-03 1.2000E-03
3.8077E-02 1.2000E-03
2.4690E-02 1.2000E-03
5.9409E-02 1.2000E-03
3.4548E-02 1.2000E-03
1.0597E-02 1.2000E-03
2.8372E-02 1.2000E-03
3.0713E-02 1.2000E-03
1.9024E-02 1.2000E-03
9.2392E-03 1.2000E-03
1.7866E-02 1.2000E-03
2.3698E-02 1.2000E-03
6.4583E-03 1.2000E-03
8.0067E-03 1.2000E-03
9.2797E-03 1.2000E-03
1.8623E-02 1.2000E-03
1.4240E-02 1.2000E-03
2.5664E-03 1.2000E-03
6.6580E-03 1.2000E-03
1.1242E-02 1.2000E-03
1.5721E-02 1.2000E-03
2.1302E-02 1.2000E-03
1.0953E-02 1.2000E-03
3.2351E-03 1.2000E-03
7.4451E-03 1.2000E-03
1.3386E-02 1.2000E-03
2.9560E-03 1.2000E-03
6.9428E-03 1.2000E-03
8.0911E-03 1.2000E-03
1.8617E-02 1.2000E-03
2.2023E-02 1.2000E-03
2.7276E-03 1.2000E-03
3.8390E-03 1.2000E-03
7.1002E-03 1.2000E-03
1.5831E-02 1.2000E-03
2.3288E-02 1.2000E-03
8.9037E-03 1.2000E-03
6.5965E-03 1.2000E-03
1.1360E-02 1.2000E-03
2.2209E-02 1.2000E-03
1.7023E-03 1.2000E-03
3.8207E-03 1.2000E-03
1.0687E-02 1.2000E-03
1.8190E-02 1.2000E-03
2.9112E-02 1.2000E-03
1.3248E-03 1.2000E-03
4.9177E-03 1.2000E-03
7.0959E-03 1.2000E-03
2.5224E-02 1.2000E-03
5.3450E-03 1.2000E-03
6.3569E-03 1.2000E-03
1.3256E-02 1.2000E-03
1.9294E-02 1.2000E-03
1.7975E-02 1.2000E-03
8.6113E-03 1.2000E-03
1.3481E-02 1.2000E-03
8.0250E-03 1.2000E-03
1.6817E-02 1.2000E-03
2.0234E-02 1.2000E-03
1.4985E-02 1.2000E-03
6.1205E-03 1.2000E-03
1.9833E-02 1.2000E-03
1.5505E-02 1.2000E-03
9.2004E-03 1.2000E-03
1.8219E-02 1.2000E-03
1.2566E-02 1.2000E-03
3.4987E-02 1.2000E-03
1.0104E-02 1.2000E-03
1.6514E-03 1.2000E-03
2.0902E-02 1.2000E-03
2.2171E-02 1.2000E-03
1.5617E-02 1.2000E-03
4.5267E-02 1.2000E-03
6.4610E-03 1.2000E-03
3.1256E-02 1.2000E-03
3.3680E-02 1.2000E-03
1.5924E-02 1.2000E-03
4.6528E-02 1.2000E-03
2.5201E-02 1.2000E-03
2.3219E-02 1.2000E-03
3.5972E-02 1.2000E-03
8.0538E-03 1.2000E-03
5.6510E-02 1.2000E-03
7.7094E-03 1.2000E-03
3.4650E-02 1.2000E-03
6.6332E-02 1.2000E-03
1.3969E-02 1.2000E-03
7.8438E-02 1.2000E-03
2.7742E-02 1.2000E-03
4.1449E-02 1.2000E-03
2.7136E-02 1.2000E-03
6.3547E-02 1.2000E-03
1.2123E-02 1.2000E-03
5.1391E-02 1.2000E-03
3.6536E-03 1.2000E-03
2.7840E-02 1.2000E-03
4.2542E-02 1.2000E-03
8.7644E-02 1.2000E-03
2.6460E-02 1.2000E-03
4.4150E-02 1.2000E-03
4.8577E-03 1.2000E-03
1.7086E-02 1.2000E-03
2.2376E-02 1.2000E-03
4.9536E-02 1.2000E-03
2.5543E-02 1.2000E-03
1.5366E-02 1.2000E-03
2.6115E-02 1.2000E-03
4.9712E-02 1.2000E-03
2.9380E-02 1.2000E-03
2.4399E-02 1.2000E-03
2.2391E-02 1.2000E-03
2.5692E-02 1.2000E-03
3.3160E-02 1.2000E-03
4.2406E-02 1.2000E-03
6.1617E-03 1.2000E-03
1.7091E-02 1.2000E-03
5.5993E-03 1.2000E-03
4.5744E-02 1.2000E-03
4.8961E-02 1.2000E-03
4.6302E-03 1.2000E-03
1.7227E-02 1.2000E-03
1.5681E-02 1.2000E-03
5.9474E-02 1.2000E-03
1.3235E-02 1.2000E-03
1.2923E-02 1.2000E-03
8.7071E-03 1.2000E-03
3.6802E-02 1.2000E-03
1.9089E-02 1.2000E-03
1.1622E-02 1.2000E-03
1.8181E-02 1.2000E-03
6.4063E-03 1.2000E-03
1.7325E-02 1.2000E-03
1.3801E-02 1.2000E-03
1.6491E-02 1.2000E-03
1.0319E-02 1.2000E-03
2.8220E-02 1.2000E-03
2.9643E-03 1.2000E-03
1.3396E-02 1.2000E-03
6.7355E-03 1.2000E-03
5.7554E-03 1.2000E-03
1.6707E-02 1.2000E-03
1.2856E-02 1.2000E-03
2.4583E-02 1.2000E-03
1.3511E-02 1.2000E-03
1.9072E-03 1.2000E-03
8.0883E-03 1.2000E-03
3.8376E-03 1.2000E-03
2.4074E-02 1.2000E-03
1.2286E-02 1.2000E-03
7.9038E-03 1.2000E-03
4.0057E-03 1.2000E-03
1.3944E-02 1.2000E-03
7.2101E-03 1.2000E-03
1.6324E-02 1.2000E-03
4.7653E-03 1.2000E-03
8.7046E-03 1.2000E-03
1.2113E-02 1.2000E-03
1.1786E-02 1.2000E-03
4.1078E-03 1.2000E-03
8.9690E-03 1.2000E-03
7.8357E-03 1.2000E-03
4.7613E-03 1.2000E-03
8.6681E-03 1.2000E-03
4.7337E-03 1.2000E-03
1.3141E-02 1.2000E-03
4.0801E-03 1.2000E-03
4.1670E-03 1.2000E-03
5.8186E-03 1.2000E-03
9.8077E-03 1.2000E-03
5.0925E-03 1.2000E-03
5.9457E-03 1.2000E-03
7.1385E-03 1.2000E-03
1.5420E-02 1.2000E-03
3.0521E-03 1.2000E-03
1.7624E-03 1.2000E-03
4.5068E-03 1.2000E-03
1.0272E-02 1.2000E-03
3.1055E-03 1.2000E-03
2.6275E-03 1.2000E-03
3.1867E-03 1.2000E-03
5.1580E-03 1.2000E-03
8.4024E-03 1.2000E-03
2.0052E-03 1.2000E-03
6.8919E-04 1.2000E-03
2.8143E-03 1.2000E-03
1.0856E-02 1.2000E-03
9.2246E-03 1.2000E-03
1.1946E-03 1.2000E-03
5.2537E-03 1.2000E-03
4.8046E-03 1.2000E-03
5.3059E-03 1.2000E-03
7.8392E-03 1.2000E-03
3.7698E-03 1.2000E-03
1.0867E-03 1.2000E-03
5.2933E-03 1.2000E-03
9.0887E-03 1.2000E-03
6.6628E-03 1.2000E-03
9.3211E-03 1.2000E-03
7.9848E-03 1.2000E-03
5.2615E-03 1.2000E-03
9.6604E-03 1.2000E-03
4.6869E-03 1.2000E-03
3.5973E-03 1.2000E-03
1.2819E-02 1.2000E-03
1.0466E-02 1.2000E-03
4.4156E-03 1.2000E-03
1.1332E-02 1.2000E-03
9.3406E-03 1.2000E-03
1.3512E-02 1.2000E-03
1.0901E-02 1.2000E-03
8.9414E-03 1.2000E-03
4.4955E-03 1.2000E-03
1.5771E-02 1.2000E-03
1.1532E-02 1.2000E-03
7.9877E-03 1.2000E-03
1.1725E-02 1.2000E-03
1.4671E-02 1.2000E-03
1.1636E-02 1.2000E-03
1.8606E-02 1.2000E-03
4.1621E-03 1.2000E-03
9.3697E-03 1.2000E-03
1.7800E-02 1.2000E-03
3.0603E-02 1.2000E-03
2.1741E-03 1.2000E-03
1.3282E-02 1.2000E-03
6.0868E-03 1.2000E-03
2.9562E-02 1.2000E-03
2.0102E-02 1.2000E-03
4.1194E-03 1.2000E-03
2.6604E-02 1.2000E-03
1.0763E-02 1.2000E-03
2.0426E-02 1.2000E-03
1.9492E-02 1.2000E-03
2.7848E-02 1.2000E-03
7.3418E-03 1.2000E-03
2.2557E-02 1.2000E-03
5.2922E-03 1.2000E-03
1.5528E-02 1.2000E-03
3.4385E-02 1.2000E-03
1.7120E-02 1.2000E-03
3.3555E-03 1.2000E-03
1.7494E-02 1.2000E-03
1.2125E-02 1.2000E-03
1.1942E-02 1.2000E-03
1.0244E-02 1.2000E-03
2.3759E-02 1.2000E-03
3.7642E-03 1.2000E-03
2.4114E-02 1.2000E-03
3.7548E-03 1.2000E-03
5.9614E-03 1.2000E-03
7.9290E-03 1.2000E-03
2.3371E-02 1.2000E-03
2.7264E-03 1.2000E-03
1.7502E-03 1.2000E-03
7.1748E-03 1.2000E-03
1.0932E-02 1.2000E-03
1.1776E-02 1.2000E-03
1.9052E-03 1.2000E-03
5.6104E-03 1.2000E-03
5.6936E-03 1.2000E-03
8.0012E-03 1.2000E-03
2.8582E-03 1.2000E-03
1.0007E-02 1.2000E-03
4.2903E-03 1.2000E-03
3.9175E-03 1.2000E-03
5.4985E-03 1.2000E-03
1.6690E-03 1.2000E-03
5.7400E-03 1.2000E-03
5.4049E-03 1.2000E-03
3.3831E-03 1.2000E-03
2.3922E-03 1.2000E-03
1.5305E-03 1.2000E-03
5.3794E-03 1.2000E-03
1.3866E-03 1.2000E-03
1.9511E-03 1.2000E-03
1.4737E-03 1.2000E-03
7.4160E-03 1.2000E-03
1.8869E-03 1.2000E-03
2.6416E-03 1.2000E-03
1.1209E-03 1.2000E-03
7.0680E-03 1.2000E-03
1.9372E-03 1.2000E-03
1.4941E-03 1.2000E-03
1.4319E-03 1.2000E-03
2.7616E-03 1.2000E-03
3.0223E-03 1.2000E-03
1.5619E-03 1.2000E-03
1.8696E-03 1.2000E-03
1.1557E-03 1.2000E-03
2.7851E-03 1.2000E-03
1.4346E-03 1.2000E-03
7.4816E-04 1.2000E-03
1.9978E-03 1.2000E-03
1.4661E-03 1.2000E-03
1.0038E-03 1.2000E-03
1.6497E-03 1.2000E-03
1.0397E-03 1.2000E-03
