RMS Step   Target
2.8922E-04 8.0000E-04
2.8922E-03 8.0000E-04
5.7844E-03 8.0000E-04
7.2304E-03 8.0000E-04
7.2304E-03 8.0000E-04
7.2304E-03 8.0000E-04
7.2304E-03 8.0000E-04
7.2304E-03 8.0000E-04
7.2304E-03 8.0000E-04
7.2304E-03 8.0000E-04
7.2304E-03 8.0000E-04
7.2304E-03 8.0000E-04
7.2304E-03 8.0000E-04
7.2304E-03 8.0000E-04
7.2304E-03 8.0000E-04
7.2304E-03 8.0000E-04
7.2304E-03 8.0000E-04
7.2304E-03 8.0000E-04
7.2304E-03 8.0000E-04
7.2304E-03 8.0000E-04
7.2304E-03 8.0000E-04
7.2304E-03 8.0000E-04
7.2304E-03 8.0000E-04
7.2304E-03 8.0000E-04
7.2304E-03 8.0000E-04
7.2304E-03 8.0000E-04
7.2304E-03 8.0000E-04
7.2304E-03 8.0000E-04
7.2304E-03 8.0000E-04
7.2304E-03 8.0000E-04
7.2304E-03 8.0000E-04
7.2304E-03 8.0000E-04
7.2304E-03 8.0000E-04
7.2304E-03 8.0000E-04
7.2304E-03 8.0000E-04
7.2304E-03 8.0000E-04
7.2304E-03 8.0000E-04
7.2304E-03 8.0000E-04
7.2304E-03 8.0000E-04
7.2304E-03 8.0000E-04
7.2304E-03 8.0000E-04
7.2304E-03 8.0000E-04
7.2304E-03 8.0000E-04
7.2304E-03 8.0000E-04
7.2304E-03 8.0000E-04
7.2304E-03 8.0000E-04
7.2304E-03 8.0000E-04
7.2304E-03 8.0000E-04
7.2304E-03 8.0000E-04
7.2304E-03 8.0000E-04
7.2304E-03 8.0000E-04
7.2304E-03 8.0000E-04
7.2304E-03 8.0000E-04
7.2304E-03 8.0000E-04
7.2304E-03 8.0000E-04
7.2304E-03 8.0000E-04
7.2304E-03 8.0000E-04
7.2304E-03 8.0000E-04
7.2304E-03 8.0000E-04
7.2304E-03 8.0000E-04
7.2304E-03 8.0000E-04
7.2304E-03 8.0000E-04
7.2304E-03 8.0000E-04
7.2304E-03 8.0000E-04
7.2304E-03 8.0000E-04
7.2304E-03 8.0000E-04
7.2304E-03 8.0000E-04
7.2304E-03 8.0000E-04
7.2304E-03 8.0000E-04
7.2304E-03 8.0000E-04
7.2304E-03 8.0000E-04
7.2304E-03 8.0000E-04
7.2304E-03 8.0000E-04
7.2304E-03 8.0000E-04
7.2304E-03 8.0000E-04
7.2304E-03 8.0000E-04
7.2304E-03 8.0000E-04
7.2304E-03 8.0000E-04
7.2304E-03 8.0000E-04
7.2304E-03 8.0000E-04
7.2304E-03 8.0000E-04
7.2304E-03 8.0000E-04
7.2304E-03 8.0000E-04
7.2304E-03 8.0000E-04
7.2304E-03 8.0000E-04
7.2304E-03 8.0000E-04
7.2304E-03 8.0000E-04
7.2304E-03 8.0000E-04
7.2304E-03 8.0000E-04
7.2304E-03 8.0000E-04
7.2304E-03 8.0000E-04
7.2304E-03 8.0000E-04
7.2304E-03 8.0000E-04
7.2304E-03 8.0000E-04
7.2304E-03 8.0000E-04
7.2304E-03 8.0000E-04
7.2304E-03 8.0000E-04
7.2304E-03 8.0000E-04
7.2304E-03 8.0000E-04
7.2304E-03 8.0000E-04
7.2304E-03 8.0000E-04
7.2304E-03 8.0000E-04
7.2304E-03 8.0000E-04
7.2304E-03 8.0000E-04
7.2304E-03 8.0000E-04
7.2304E-03 8.0000E-04
7.2304E-03 8.0000E-04
7.2304E-03 8.0000E-04
7.2304E-03 8.0000E-04
7.2304E-03 8.0000E-04
7.2304E-03 8.0000E-04
7.2304E-03 8.0000E-04
7.2304E-03 8.0000E-04
7.2304E-03 8.0000E-04
7.2304E-03 8.0000E-04
7.2304E-03 8.0000E-04
7.2304E-03 8.0000E-04
7.2304E-03 8.0000E-04
7.2304E-03 8.0000E-04
7.2304E-03 8.0000E-04
7.2304E-03 8.0000E-04
7.2304E-03 8.0000E-04
7.2304E-03 8.0000E-04
7.2304E-03 8.0000E-04
7.2304E-03 8.0000E-04
7.2304E-03 8.0000E-04
7.2304E-03 8.0000E-04
7.2304E-03 8.0000E-04
7.2304E-03 8.0000E-04
7.2304E-03 8.0000E-04
7.2304E-03 8.0000E-04
7.2304E-03 8.0000E-04
7.2304E-03 8.0000E-04
7.2304E-03 8.0000E-04
7.2304E-03 8.0000E-04
7.2304E-03 8.0000E-04
7.2304E-03 8.0000E-04
7.2304E-03 8.0000E-04
7.2304E-03 8.0000E-04
7.2304E-03 8.0000E-04
7.2304E-03 8.0000E-04
7.2304E-03 8.0000E-04
7.2304E-03 8.0000E-04
7.2304E-03 8.0000E-04
7.2304E-03 8.0000E-04
7.2304E-03 8.0000E-04
7.2304E-03 8.0000E-04
7.2304E-03 8.0000E-04
7.2304E-03 8.0000E-04
7.2304E-03 8.0000E-04
7.2304E-03 8.0000E-04
7.2304E-03 8.0000E-04
7.2304E-03 8.0000E-04
7.2304E-03 8.0000E-04
7.2304E-03 8.0000E-04
7.2304E-03 8.0000E-04
7.2304E-03 8.0000E-04
7.2304E-03 8.0000E-04
7.2304E-03 8.0000E-04
7.2304E-03 8.0000E-04
7.2304E-03 8.0000E-04
7.2304E-03 8.0000E-04
7.2304E-03 8.0000E-04
7.2304E-03 8.0000E-04
7.2304E-03 8.0000E-04
7.2304E-03 8.0000E-04
7.2304E-03 8.0000E-04
7.2304E-03 8.0000E-04
7.2304E-03 8.0000E-04
7.2304E-03 8.0000E-04
7.2304E-03 8.0000E-04
7.2304E-03 8.0000E-04
7.2304E-03 8.0000E-04
7.2304E-03 8.0000E-04
7.2304E-03 8.0000E-04
7.2304E-03 8.0000E-04
7.2304E-03 8.0000E-04
7.2304E-03 8.0000E-04
7.2304E-03 8.0000E-04
7.2304E-03 8.0000E-04
7.2304E-03 8.0000E-04
7.2304E-03 8.0000E-04
7.2304E-03 8.0000E-04
7.2304E-03 8.0000E-04
7.2304E-03 8.0000E-04
7.2304E-03 8.0000E-04
7.2304E-03 8.0000E-04
7.2304E-03 8.0000E-04
7.2304E-03 8.0000E-04
7.2304E-03 8.0000E-04
7.2304E-03 8.0000E-04
7.2304E-03 8.0000E-04
7.2304E-03 8.0000E-04
7.2304E-03 8.0000E-04
7.2304E-03 8.0000E-04
7.2304E-03 8.0000E-04
7.2304E-03 8.0000E-04
7.2304E-03 8.0000E-04
7.2304E-03 8.0000E-04
7.2304E-03 8.0000E-04
7.2304E-03 8.0000E-04
7.2304E-03 8.0000E-04
7.2304E-03 8.0000E-04
7.2304E-03 8.0000E-04
7.2304E-03 8.0000E-04
7.2304E-03 8.0000E-04
7.2304E-03 8.0000E-04
7.2304E-03 8.0000E-04
7.2304E-03 8.0000E-04
7.2304E-03 8.0000E-04
7.2304E-03 8.0000E-04
7.2304E-03 8.0000E-04
7.2304E-03 8.0000E-04
7.2304E-03 8.0000E-04
7.2304E-03 8.0000E-04
7.2304E-03 8.0000E-04
7.2304E-03 8.0000E-04
7.2304E-03 8.0000E-04
5.2259E-03 8.0000E-04
7.2304E-03 8.0000E-04
6.2574E-03 8.0000E-04
7.2304E-03 8.0000E-04
7.2304E-03 8.0000E-04
7.2304E-03 8.0000E-04
7.2304E-03 8.0000E-04
7.2304E-03 8.0000E-04
7.2304E-03 8.0000E-04
7.2304E-03 8.0000E-04
7.2304E-03 8.0000E-04
7.2304E-03 8.0000E-04
7.2304E-03 8.0000E-04
7.2304E-03 8.0000E-04
7.2304E-03 8.0000E-04
7.2304E-03 8.0000E-04
7.2304E-03 8.0000E-04
7.2304E-03 8.0000E-04
7.2304E-03 8.0000E-04
7.2304E-03 8.0000E-04
5.9587E-03 8.0000E-04
7.1756E-03 8.0000E-04
7.2304E-03 8.0000E-04
7.2304E-03 8.0000E-04
7.2304E-03 8.0000E-04
7.2304E-03 8.0000E-04
7.2304E-03 8.0000E-04
7.2304E-03 8.0000E-04
7.2304E-03 8.0000E-04
7.2304E-03 8.0000E-04
7.2304E-03 8.0000E-04
7.2304E-03 8.0000E-04
7.2304E-03 8.0000E-04
7.2304E-03 8.0000E-04
7.2304E-03 8.0000E-04
7.2304E-03 8.0000E-04
7.2304E-03 8.0000E-04
7.2304E-03 8.0000E-04
7.2304E-03 8.0000E-04
7.2304E-03 8.0000E-04
5.8104E-03 8.0000E-04
7.2304E-03 8.0000E-04
3.6036E-03 8.0000E-04
7.2304E-03 8.0000E-04
7.2304E-03 8.0000E-04
7.2304E-03 8.0000E-04
7.2304E-03 8.0000E-04
7.2304E-03 8.0000E-04
7.2304E-03 8.0000E-04
7.2304E-03 8.0000E-04
7.2304E-03 8.0000E-04
7.2304E-03 8.0000E-04
7.2304E-03 8.0000E-04
7.2304E-03 8.0000E-04
7.2304E-03 8.0000E-04
7.2304E-03 8.0000E-04
7.2304E-03 8.0000E-04
4.0452E-03 8.0000E-04
3.5607E-03 8.0000E-04
4.1672E-03 8.0000E-04
7.2304E-03 8.0000E-04
7.2304E-03 8.0000E-04
7.2304E-03 8.0000E-04
7.2304E-03 8.0000E-04
6.3510E-03 8.0000E-04
6.5286E-03 8.0000E-04
4.9992E-03 8.0000E-04
7.2304E-03 8.0000E-04
4.9243E-03 8.0000E-04
3.1006E-03 8.0000E-04
4.1965E-03 8.0000E-04
7.2304E-03 8.0000E-04
7.2304E-03 8.0000E-04
7.2304E-03 8.0000E-04
7.2304E-03 8.0000E-04
7.2304E-03 8.0000E-04
7.2304E-03 8.0000E-04
7.2304E-03 8.0000E-04
7.2304E-03 8.0000E-04
7.2304E-03 8.0000E-04
7.2304E-03 8.0000E-04
6.3029E-03 8.0000E-04
2.4769E-03 8.0000E-04
2.5730E-03 8.0000E-04
7.2304E-03 8.0000E-04
7.2304E-03 8.0000E-04
5.1811E-03 8.0000E-04
6.9414E-03 8.0000E-04
5.8508E-03 8.0000E-04
3.2665E-03 8.0000E-04
3.7746E-03 8.0000E-04
2.7909E-03 8.0000E-04
2.0805E-03 8.0000E-04
7.2304E-03 8.0000E-04
7.2304E-03 8.0000E-04
6.4644E-03 8.0000E-04
7.2304E-03 8.0000E-04
7.2304E-03 8.0000E-04
7.2304E-03 8.0000E-04
6.7139E-03 8.0000E-04
5.4005E-03 8.0000E-04
4.3808E-03 8.0000E-04
5.0190E-03 8.0000E-04
3.4036E-03 8.0000E-04
6.9012E-03 8.0000E-04
7.2304E-03 8.0000E-04
7.2304E-03 8.0000E-04
7.2304E-03 8.0000E-04
7.2304E-03 8.0000E-04
7.2304E-03 8.0000E-04
7.2304E-03 8.0000E-04
7.2304E-03 8.0000E-04
6.0235E-03 8.0000E-04
4.3395E-03 8.0000E-04
4.0309E-03 8.0000E-04
2.8947E-03 8.0000E-04
7.1643E-03 8.0000E-04
7.2304E-03 8.0000E-04
7.2304E-03 8.0000E-04
7.2304E-03 8.0000E-04
7.2304E-03 8.0000E-04
7.2304E-03 8.0000E-04
7.2304E-03 8.0000E-04
6.6135E-03 8.0000E-04
7.2304E-03 8.0000E-04
5.5437E-03 8.0000E-04
2.5248E-03 8.0000E-04
2.7474E-03 8.0000E-04
3.7836E-03 8.0000E-04
5.9139E-03 8.0000E-04
4.9388E-03 8.0000E-04
3.9171E-03 8.0000E-04
5.7854E-03 8.0000E-04
5.5289E-03 8.0000E-04
3.3473E-03 8.0000E-04
3.2495E-03 8.0000E-04
6.0617E-03 8.0000E-04
3.3180E-03 8.0000E-04
3.4092E-03 8.0000E-04
5.3813E-03 8.0000E-04
7.2304E-03 8.0000E-04
5.1333E-03 8.0000E-04
2.7036E-03 8.0000E-04
4.0306E-03 8.0000E-04
5.4384E-03 8.0000E-04
4.9542E-03 8.0000E-04
2.8610E-03 8.0000E-04
7.2304E-03 8.0000E-04
2.7304E-03 8.0000E-04
3.8641E-03 8.0000E-04
6.2463E-03 8.0000E-04
5.9430E-03 8.0000E-04
2.2032E-03 8.0000E-04
4.7964E-03 8.0000E-04
2.5481E-03 8.0000E-04
3.1857E-03 8.0000E-04
5.3094E-03 8.0000E-04
3.2505E-03 8.0000E-04
4.0327E-03 8.0000E-04
7.2304E-03 8.0000E-04
4.5808E-03 8.0000E-04
3.4642E-03 8.0000E-04
4.2996E-03 8.0000E-04
7.2304E-03 8.0000E-04
2.3800E-03 8.0000E-04
2.4013E-03 8.0000E-04
2.6631E-03 8.0000E-04
6.8467E-03 8.0000E-04
6.1529E-03 8.0000E-04
9.4081E-04 8.0000E-04
2.8992E-03 8.0000E-04
2.2999E-03 8.0000E-04
7.2304E-03 8.0000E-04
4.1998E-03 8.0000E-04
3.3287E-03 8.0000E-04
5.0571E-03 8.0000E-04
7.0706E-03 8.0000E-04
2.8891E-03 8.0000E-04
3.9968E-03 8.0000E-04
4.3985E-03 8.0000E-04
7.2304E-03 8.0000E-04
4.6063E-03 8.0000E-04
7.2304E-03 8.0000E-04
3.1315E-03 8.0000E-04
2.3280E-03 8.0000E-04
4.9015E-03 8.0000E-04
7.2304E-03 8.0000E-04
5.9315E-03 8.0000E-04
5.7113E-03 8.0000E-04
7.2304E-03 8.0000E-04
5.4668E-03 8.0000E-04
2.8597E-03 8.0000E-04
3.4108E-03 8.0000E-04
3.9178E-03 8.0000E-04
4.1515E-03 8.0000E-04
4.5860E-03 8.0000E-04
6.1914E-03 8.0000E-04
5.1076E-03 8.0000E-04
3.8715E-03 8.0000E-04
7.2304E-03 8.0000E-04
5.4261E-03 8.0000E-04
5.1490E-03 8.0000E-04
2.0470E-03 8.0000E-04
5.7756E-03 8.0000E-04
6.3508E-03 8.0000E-04
2.8483E-03 8.0000E-04
3.7546E-03 8.0000E-04
3.9078E-03 8.0000E-04
7.2304E-03 8.0000E-04
6.0706E-03 8.0000E-04
2.0864E-03 8.0000E-04
7.1670E-03 8.0000E-04
2.7455E-03 8.0000E-04
6.6250E-03 8.0000E-04
7.2304E-03 8.0000E-04
7.2304E-03 8.0000E-04
5.1584E-03 8.0000E-04
7.2304E-03 8.0000E-04
2.4883E-03 8.0000E-04
6.4743E-03 8.0000E-04
5.8528E-03 8.0000E-04
5.5570E-03 8.0000E-04
5.4473E-03 8.0000E-04
6.2565E-03 8.0000E-04
3.8773E-03 8.0000E-04
6.2157E-03 8.0000E-04
5.2792E-03 8.0000E-04
2.2021E-03 8.0000E-04
7.2304E-03 8.0000E-04
3.4952E-03 8.0000E-04
3.9485E-03 8.0000E-04
6.0066E-03 8.0000E-04
7.2304E-03 8.0000E-04
1.6276E-03 8.0000E-04
3.7962E-03 8.0000E-04
7.0585E-03 8.0000E-04
7.2304E-03 8.0000E-04
7.2304E-03 8.0000E-04
7.2304E-03 8.0000E-04
3.3541E-03 8.0000E-04
7.2304E-03 8.0000E-04
2.2994E-03 8.0000E-04
2.2705E-03 8.0000E-04
3.2973E-03 8.0000E-04
7.1968E-03 8.0000E-04
3.3373E-03 8.0000E-04
2.5391E-03 8.0000E-04
3.4864E-03 8.0000E-04
5.9534E-03 8.0000E-04
1.5945E-03 8.0000E-04
5.6898E-03 8.0000E-04
2.1704E-03 8.0000E-04
4.2415E-03 8.0000E-04
7.2304E-03 8.0000E-04
4.3834E-03 8.0000E-04
1.7934E-03 8.0000E-04
5.4691E-03 8.0000E-04
2.3367E-03 8.0000E-04
1.3676E-03 8.0000E-04
6.6492E-03 8.0000E-04
4.3541E-03 8.0000E-04
1.5285E-03 8.0000E-04
1.3534E-03 8.0000E-04
4.0255E-03 8.0000E-04
3.5741E-03 8.0000E-04
3.5908E-03 8.0000E-04
3.8989E-03 8.0000E-04
2.8811E-03 8.0000E-04
7.0062E-03 8.0000E-04
4.1097E-03 8.0000E-04
1.6931E-03 8.0000E-04
4.7360E-03 8.0000E-04
2.0544E-03 8.0000E-04
4.5307E-03 8.0000E-04
4.0552E-03 8.0000E-04
5.2643E-03 8.0000E-04
2.0765E-03 8.0000E-04
3.6976E-03 8.0000E-04
3.2564E-03 8.0000E-04
3.0225E-03 8.0000E-04
3.9395E-03 8.0000E-04
2.8348E-03 8.0000E-04
1.6998E-03 8.0000E-04
1.8320E-03 8.0000E-04
2.8634E-03 8.0000E-04
3.2039E-03 8.0000E-04
5.5835E-03 8.0000E-04
1.5755E-03 8.0000E-04
1.3750E-03 8.0000E-04
2.4498E-03 8.0000E-04
4.7757E-03 8.0000E-04
2.7968E-03 8.0000E-04
1.0622E-03 8.0000E-04
2.7244E-03 8.0000E-04
1.5193E-03 8.0000E-04
1.9073E-03 8.0000E-04
4.7064E-03 8.0000E-04
2.4267E-03 8.0000E-04
5.8835E-04 8.0000E-04
3.1651E-03 8.0000E-04
2.0821E-03 8.0000E-04
1.7460E-03 8.0000E-04
3.4978E-03 8.0000E-04
1.3462E-03 8.0000E-04
4.2514E-03 8.0000E-04
1.5422E-03 8.0000E-04
4.9955E-04 8.0000E-04
2.2986E-03 8.0000E-04
3.4945E-03 8.0000E-04
1.2044E-03 8.0000E-04
2.1659E-03 8.0000E-04
1.8600E-03 8.0000E-04
4.8140E-03 8.0000E-04
5.7564E-03 8.0000E-04
7.5662E-04 8.0000E-04
7.7047E-04 8.0000E-04
1.3748E-03 8.0000E-04
5.7325E-03 8.0000E-04
7.6807E-04 8.0000E-04
1.8021E-03 8.0000E-04
2.9661E-03 8.0000E-04
5.2028E-03 8.0000E-04
3.9563E-03 8.0000E-04
1.5661E-03 8.0000E-04
1.7670E-03 8.0000E-04
2.1752E-03 8.0000E-04
2.5516E-03 8.0000E-04
7.1356E-03 8.0000E-04
9.1232E-04 8.0000E-04
9.8604E-04 8.0000E-04
3.8182E-03 8.0000E-04
5.2704E-03 8.0000E-04
9.2552E-04 8.0000E-04
1.8270E-03 8.0000E-04
1.6882E-03 8.0000E-04
6.9067E-03 8.0000E-04
1.4518E-03 8.0000E-04
2.7279E-03 8.0000E-04
3.5524E-03 8.0000E-04
7.2304E-03 8.0000E-04
1.8349E-03 8.0000E-04
2.7377E-03 8.0000E-04
2.6485E-03 8.0000E-04
5.1246E-03 8.0000E-04
1.7948E-03 8.0000E-04
5.8897E-03 8.0000E-04
3.5417E-03 8.0000E-04
4.4159E-03 8.0000E-04
7.2304E-03 8.0000E-04
2.7082E-03 8.0000E-04
6.3051E-03 8.0000E-04
1.8462E-03 8.0000E-04
2.6968E-03 8.0000E-04
4.9504E-03 8.0000E-04
4.3542E-03 8.0000E-04
1.7654E-03 8.0000E-04
3.9175E-03 8.0000E-04
1.3824E-03 8.0000E-04
2.2891E-03 8.0000E-04
4.7923E-03 8.0000E-04
2.4788E-03 8.0000E-04
2.2705E-03 8.0000E-04
4.4677E-03 8.0000E-04
3.8335E-03 8.0000E-04
2.2910E-03 8.0000E-04
6.4420E-03 8.0000E-04
2.2402E-03 8.0000E-04
3.3722E-03 8.0000E-04
4.6662E-03 8.0000E-04
6.3425E-03 8.0000E-04
1.1118E-03 8.0000E-04
4.1596E-03 8.0000E-04
4.1064E-03 8.0000E-04
3.1232E-03 8.0000E-04
4.4485E-03 8.0000E-04
3.1749E-03 8.0000E-04
1.8874E-03 8.0000E-04
6.4714E-03 8.0000E-04
2.8749E-03 8.0000E-04
1.3570E-03 8.0000E-04
5.3169E-03 8.0000E-04
6.6614E-03 8.0000E-04
1.7318E-03 8.0000E-04
2.7930E-03 8.0000E-04
1.8392E-03 8.0000E-04
4.3603E-03 8.0000E-04
2.2196E-03 8.0000E-04
1.6971E-03 8.0000E-04
1.8424E-03 8.0000E-04
3.6461E-03 8.0000E-04
3.4381E-03 8.0000E-04
2.2580E-03 8.0000E-04
1.5655E-03 8.0000E-04
3.5856E-03 8.0000E-04
2.2459E-03 8.0000E-04
1.6301E-03 8.0000E-04
1.9432E-03 8.0000E-04
1.6931E-03 8.0000E-04
2.2836E-03 8.0000E-04
2.2976E-03 8.0000E-04
2.4350E-03 8.0000E-04
3.0916E-03 8.0000E-04
3.7057E-03 8.0000E-04
1.9295E-03 8.0000E-04
2.1616E-03 8.0000E-04
2.4226E-03 8.0000E-04
4.5017E-03 8.0000E-04
2.4273E-03 8.0000E-04
2.1947E-03 8.0000E-04
2.1813E-03 8.0000E-04
4.2294E-03 8.0000E-04
1.3770E-03 8.0000E-04
3.0703E-03 8.0000E-04
1.8902E-03 8.0000E-04
3.8772E-03 8.0000E-04
4.4591E-03 8.0000E-04
1.2472E-03 8.0000E-04
1.0553E-03 8.0000E-04
2.6098E-03 8.0000E-04
3.0928E-03 8.0000E-04
1.9283E-03 8.0000E-04
1.1741E-03 8.0000E-04
3.5897E-03 8.0000E-04
2.3057E-03 8.0000E-04
1.9255E-03 8.0000E-04
1.9840E-03 8.0000E-04
1.3973E-03 8.0000E-04
3.4386E-03 8.0000E-04
2.7128E-03 8.0000E-04
8.8311E-04 8.0000E-04
3.8673E-03 8.0000E-04
1.9538E-03 8.0000E-04
1.9209E-03 8.0000E-04
4.0723E-03 8.0000E-04
1.3240E-03 8.0000E-04
2.1232E-03 8.0000E-04
5.0675E-03 8.0000E-04
1.1647E-03 8.0000E-04
2.6047E-03 8.0000E-04
1.4067E-03 8.0000E-04
4.3439E-03 8.0000E-04
3.5105E-03 8.0000E-04
2.3005E-03 8.0000E-04
3.8378E-03 8.0000E-04
3.3577E-03 8.0000E-04
2.9912E-03 8.0000E-04
1.1387E-03 8.0000E-04
5.2646E-03 8.0000E-04
4.3167E-03 8.0000E-04
1.7268E-03 8.0000E-04
2.2760E-03 8.0000E-04
3.5946E-03 8.0000E-04
2.4231E-03 8.0000E-04
1.5302E-03 8.0000E-04
1.7111E-03 8.0000E-04
1.6542E-03 8.0000E-04
2.1654E-03 8.0000E-04
8.8701E-04 8.0000E-04
1.2997E-03 8.0000E-04
1.1542E-03 8.0000E-04
1.4893E-03 8.0000E-04
1.1951E-03 8.0000E-04
1.9024E-03 8.0000E-04
7.9510E-04 8.0000E-04
1.0230E-03 8.0000E-04
8.2525E-04 8.0000E-04
1.3783E-03 8.0000E-04
1.2207E-03 8.0000E-04
8.1518E-04 8.0000E-04
1.1032E-03 8.0000E-04
1.0376E-03 8.0000E-04
1.2059E-03 8.0000E-04
1.1856E-03 8.0000E-04
9.8354E-04 8.0000E-04
1.3800E-03 8.0000E-04
1.3954E-03 8.0000E-04
1.2200E-03 8.0000E-04
1.2012E-03 8.0000E-04
1.5060E-03 8.0000E-04
8.7810E-04 8.0000E-04
9.6955E-04 8.0000E-04
1.6981E-03 8.0000E-04
1.9808E-03 8.0000E-04
8.5470E-04 8.0000E-04
1.4309E-03 8.0000E-04
1.5365E-03 8.0000E-04
2.0840E-03 8.0000E-04
1.7349E-03 8.0000E-04
9.1750E-04 8.0000E-04
1.5628E-03 8.0000E-04
2.0024E-03 8.0000E-04
1.6813E-03 8.0000E-04
1.7174E-03 8.0000E-04
2.7186E-03 8.0000E-04
1.3433E-03 8.0000E-04
2.5038E-03 8.0000E-04
2.1397E-03 8.0000E-04
2.7728E-03 8.0000E-04
4.3150E-03 8.0000E-04
9.3768E-04 8.0000E-04
1.2855E-03 8.0000E-04
1.4464E-03 8.0000E-04
4.8752E-03 8.0000E-04
1.6668E-03 8.0000E-04
2.4534E-03 8.0000E-04
6.1851E-04 8.0000E-04
2.2441E-03 8.0000E-04
3.1992E-03 8.0000E-04
2.6395E-03 8.0000E-04
6.8542E-04 8.0000E-04
1.5737E-03 8.0000E-04
1.0908E-03 8.0000E-04
1.3368E-03 8.0000E-04
1.7186E-03 8.0000E-04
1.5220E-03 8.0000E-04
8.2464E-04 8.0000E-04
3.1959E-03 8.0000E-04
7.0370E-04 8.0000E-04
1.0777E-03 8.0000E-04
2.3656E-03 8.0000E-04
2.9712E-03 8.0000E-04
7.3111E-04 8.0000E-04
9.5863E-04 8.0000E-04
9.6158E-04 8.0000E-04
2.5359E-03 8.0000E-04
6.8535E-04 8.0000E-04
1.2590E-03 8.0000E-04
8.2763E-04 8.0000E-04
2.8850E-03 8.0000E-04
1.0099E-03 8.0000E-04
1.0045E-03 8.0000E-04
1.4000E-03 8.0000E-04
2.8948E-03 8.0000E-04
1.1785E-03 8.0000E-04
1.7254E-03 8.0000E-04
1.1641E-03 8.0000E-04
2.1080E-03 8.0000E-04
1.2376E-03 8.0000E-04
2.5499E-03 8.0000E-04
1.1075E-03 8.0000E-04
1.0294E-03 8.0000E-04
1.8710E-03 8.0000E-04
2.1612E-03 8.0000E-04
3.4305E-04 8.0000E-04
1.5003E-03 8.0000E-04
1.5128E-03 8.0000E-04
1.1478E-03 8.0000E-04
2.2170E-03 8.0000E-04
1.5669E-03 8.0000E-04
2.1643E-04 8.0000E-04
1.1764E-03 8.0000E-04
1.3121E-03 8.0000E-04
2.5910E-03 8.0000E-04
2.7600E-03 8.0000E-04
1.8365E-03 8.0000E-04
5.4303E-04 8.0000E-04
2.0170E-03 8.0000E-04
1.6492E-03 8.0000E-04
2.1729E-03 8.0000E-04
2.7977E-03 8.0000E-04
2.2237E-03 8.0000E-04
2.5964E-03 8.0000E-04
2.7103E-03 8.0000E-04
1.1772E-03 8.0000E-04
1.5581E-03 8.0000E-04
3.0043E-03 8.0000E-04
3.1916E-03 8.0000E-04
9.3903E-04 8.0000E-04
4.0918E-03 8.0000E-04
1.9060E-03 8.0000E-04
1.7422E-03 8.0000E-04
3.0057E-03 8.0000E-04
2.8209E-03 8.0000E-04
1.4488E-03 8.0000E-04
2.4450E-03 8.0000E-04
2.3909E-03 8.0000E-04
1.8240E-03 8.0000E-04
3.9611E-03 8.0000E-04
7.2304E-03 8.0000E-04
2.8248E-03 8.0000E-04
3.0273E-03 8.0000E-04
1.9992E-03 8.0000E-04
4.2279E-03 8.0000E-04
2.9787E-03 8.0000E-04
1.5294E-03 8.0000E-04
1.6004E-03 8.0000E-04
1.5008E-03 8.0000E-04
2.8293E-03 8.0000E-04
3.0288E-03 8.0000E-04
9.9004E-04 8.0000E-04
2.4219E-03 8.0000E-04
2.2375E-03 8.0000E-04
3.7583E-03 8.0000E-04
9.4103E-04 8.0000E-04
1.1807E-03 8.0000E-04
1.4959E-03 8.0000E-04
2.6145E-03 8.0000E-04
5.9934E-04 8.0000E-04
6.3632E-04 8.0000E-04
1.7677E-03 8.0000E-04
2.3802E-03 8.0000E-04
1.5120E-03 8.0000E-04
2.0065E-03 8.0000E-04
2.0397E-03 8.0000E-04
1.5864E-03 8.0000E-04
2.0233E-03 8.0000E-04
1.7347E-03 8.0000E-04
1.3482E-03 8.0000E-04
4.3556E-03 8.0000E-04
1.2143E-03 8.0000E-04
3.6135E-03 8.0000E-04
1.1361E-03 8.0000E-04
2.4895E-03 8.0000E-04
5.2387E-03 8.0000E-04
3.1447E-03 8.0000E-04
1.1002E-03 8.0000E-04
4.1579E-03 8.0000E-04
1.6155E-03 8.0000E-04
2.7864E-03 8.0000E-04
5.9586E-03 8.0000E-04
2.6563E-03 8.0000E-04
2.3693E-03 8.0000E-04
3.4178E-03 8.0000E-04
2.1230E-03 8.0000E-04
3.6418E-03 8.0000E-04
4.2313E-03 8.0000E-04
1.1006E-03 8.0000E-04
2.0192E-03 8.0000E-04
9.5635E-04 8.0000E-04
3.2895E-03 8.0000E-04
2.1243E-03 8.0000E-04
1.4795E-03 8.0000E-04
2.6060E-03 8.0000E-04
3.0682E-03 8.0000E-04
1.2498E-03 8.0000E-04
1.5754E-03 8.0000E-04
1.6341E-03 8.0000E-04
3.6021E-03 8.0000E-04
1.1232E-03 8.0000E-04
2.9739E-03 8.0000E-04
1.5806E-03 8.0000E-04
1.9176E-03 8.0000E-04
2.8066E-03 8.0000E-04
2.8238E-03 8.0000E-04
7.2138E-04 8.0000E-04
3.1742E-03 8.0000E-04
1.7140E-03 8.0000E-04
1.9823E-03 8.0000E-04
5.8707E-03 8.0000E-04
2.8041E-03 8.0000E-04
1.7086E-03 8.0000E-04
1.8329E-03 8.0000E-04
2.5725E-03 8.0000E-04
3.4353E-03 8.0000E-04
7.2304E-03 8.0000E-04
4.7519E-03 8.0000E-04
9.4650E-04 8.0000E-04
1.5350E-03 8.0000E-04
2.7074E-03 8.0000E-04
5.6418E-03 8.0000E-04
5.1936E-03 8.0000E-04
4.2684E-03 8.0000E-04
3.3348E-03 8.0000E-04
7.2304E-03 8.0000E-04
2.8287E-03 8.0000E-04
3.8106E-03 8.0000E-04
1.6424E-03 8.0000E-04
3.6566E-03 8.0000E-04
3.5580E-03 8.0000E-04
3.5554E-03 8.0000E-04
3.9400E-03 8.0000E-04
2.1471E-03 8.0000E-04
3.6604E-03 8.0000E-04
2.2359E-03 8.0000E-04
3.4536E-03 8.0000E-04
2.0094E-03 8.0000E-04
5.1256E-03 8.0000E-04
2.1166E-03 8.0000E-04
3.3207E-03 8.0000E-04
3.3853E-03 8.0000E-04
3.4640E-03 8.0000E-04
2.8181E-03 8.0000E-04
2.5666E-03 8.0000E-04
2.8123E-03 8.0000E-04
4.1252E-03 8.0000E-04
2.5664E-03 8.0000E-04
3.5751E-03 8.0000E-04
2.0309E-03 8.0000E-04
4.9553E-03 8.0000E-04
5.3822E-03 8.0000E-04
4.8830E-03 8.0000E-04
1.0606E-03 8.0000E-04
2.1597E-03 8.0000E-04
2.9941E-03 8.0000E-04
3.7684E-03 8.0000E-04
7.0382E-04 8.0000E-04
1.1353E-03 8.0000E-04
1.2807E-03 8.0000E-04
2.8706E-03 8.0000E-04
1.9543E-03 8.0000E-04
1.3199E-03 8.0000E-04
7.6410E-04 8.0000E-04
1.8798E-03 8.0000E-04
1.9792E-03 8.0000E-04
1.3321E-03 8.0000E-04
1.1623E-03 8.0000E-04
1.7191E-03 8.0000E-04
2.0695E-03 8.0000E-04
2.0327E-03 8.0000E-04
1.2772E-03 8.0000E-04
1.3719E-03 8.0000E-04
1.6091E-03 8.0000E-04
2.0475E-03 8.0000E-04
1.8912E-03 8.0000E-04
1.8021E-03 8.0000E-04
1.8192E-03 8.0000E-04
2.1535E-03 8.0000E-04
1.2280E-03 8.0000E-04
2.0928E-03 8.0000E-04
1.8614E-03 8.0000E-04
1.5985E-03 8.0000E-04
1.9100E-03 8.0000E-04
2.5594E-03 8.0000E-04
8.6671E-04 8.0000E-04
2.8143E-03 8.0000E-04
1.2407E-03 8.0000E-04
2.1462E-03 8.0000E-04
3.9935E-03 8.0000E-04
1.6375E-03 8.0000E-04
7.2829E-04 8.0000E-04
2.7928E-03 8.0000E-04
2.4044E-03 8.0000E-04
1.8137E-03 8.0000E-04
4.0585E-03 8.0000E-04
2.0325E-03 8.0000E-04
1.9730E-03 8.0000E-04
4.4511E-03 8.0000E-04
1.9118E-03 8.0000E-04
9.8002E-04 8.0000E-04
1.5148E-03 8.0000E-04
3.8980E-03 8.0000E-04
3.3192E-03 8.0000E-04
2.3644E-03 8.0000E-04
1.7329E-03 8.0000E-04
2.2630E-03 8.0000E-04
2.7206E-03 8.0000E-04
1.7146E-03 8.0000E-04
1.9313E-03 8.0000E-04
2.8853E-03 8.0000E-04
3.0983E-03 8.0000E-04
2.1267E-03 8.0000E-04
4.2487E-03 8.0000E-04
3.2959E-03 8.0000E-04
1.6626E-03 8.0000E-04
5.6758E-03 8.0000E-04
1.8918E-03 8.0000E-04
4.7582E-03 8.0000E-04
4.4289E-03 8.0000E-04
2.0407E-03 8.0000E-04
2.5639E-03 8.0000E-04
6.8688E-03 8.0000E-04
1.9845E-03 8.0000E-04
8.2589E-04 8.0000E-04
3.6906E-03 8.0000E-04
1.9753E-03 8.0000E-04
2.2240E-03 8.0000E-04
2.0668E-03 8.0000E-04
2.6340E-03 8.0000E-04
3.2151E-03 8.0000E-04
4.6292E-03 8.0000E-04
1.8638E-03 8.0000E-04
1.4302E-03 8.0000E-04
2.2089E-03 8.0000E-04
2.9916E-03 8.0000E-04
1.2509E-03 8.0000E-04
1.5264E-03 8.0000E-04
1.7733E-03 8.0000E-04
2.9511E-03 8.0000E-04
1.1933E-03 8.0000E-04
1.5113E-03 8.0000E-04
1.5497E-03 8.0000E-04
2.3991E-03 8.0000E-04
1.8556E-03 8.0000E-04
2.1084E-03 8.0000E-04
1.8853E-03 8.0000E-04
2.2307E-03 8.0000E-04
1.6229E-03 8.0000E-04
1.6943E-03 8.0000E-04
1.2542E-03 8.0000E-04
1.2932E-03 8.0000E-04
2.9914E-03 8.0000E-04
1.4596E-03 8.0000E-04
1.5956E-03 8.0000E-04
1.0006E-03 8.0000E-04
1.7190E-03 8.0000E-04
1.2968E-03 8.0000E-04
1.2731E-03 8.0000E-04
7.5774E-04 8.0000E-04
7.4736E-04 8.0000E-04
1.2726E-03 8.0000E-04
1.6234E-03 8.0000E-04
8.5025E-04 8.0000E-04
1.1728E-03 8.0000E-04
9.1200E-04 8.0000E-04
1.3865E-03 8.0000E-04
1.3985E-03 8.0000E-04
1.1156E-03 8.0000E-04
8.0322E-04 8.0000E-04
1.8558E-03 8.0000E-04
1.1584E-03 8.0000E-04
8.7579E-04 8.0000E-04
2.0016E-03 8.0000E-04
2.2366E-03 8.0000E-04
7.1281E-04 8.0000E-04
1.3804E-03 8.0000E-04
1.9393E-03 8.0000E-04
2.8862E-03 8.0000E-04
3.1091E-03 8.0000E-04
4.8975E-04 8.0000E-04
1.8189E-03 8.0000E-04
1.6730E-03 8.0000E-04
4.5108E-03 8.0000E-04
4.5246E-03 8.0000E-04
2.4897E-03 8.0000E-04
1.9653E-03 8.0000E-04
3.7229E-03 8.0000E-04
2.2410E-03 8.0000E-04
4.7221E-03 8.0000E-04
2.3474E-03 8.0000E-04
5.8393E-03 8.0000E-04
1.1838E-03 8.0000E-04
2.4130E-03 8.0000E-04
5.2049E-03 8.0000E-04
5.0282E-03 8.0000E-04
1.8948E-03 8.0000E-04
3.2091E-03 8.0000E-04
1.1546E-03 8.0000E-04
4.5352E-03 8.0000E-04
4.1257E-03 8.0000E-04
1.0786E-03 8.0000E-04
2.5203E-03 8.0000E-04
3.0239E-03 8.0000E-04
2.0210E-03 8.0000E-04
1.5862E-03 8.0000E-04
2.0638E-03 8.0000E-04
2.3954E-03 8.0000E-04
1.0782E-03 8.0000E-04
4.4529E-03 8.0000E-04
3.7504E-03 8.0000E-04
7.3727E-04 8.0000E-04
2.2006E-03 8.0000E-04
2.9099E-03 8.0000E-04
2.0949E-03 8.0000E-04
9.5088E-04 8.0000E-04
1.5243E-03 8.0000E-04
1.7778E-03 8.0000E-04
7.4272E-04 8.0000E-04
1.4302E-03 8.0000E-04
1.1575E-03 8.0000E-04
1.9818E-03 8.0000E-04
1.7950E-03 8.0000E-04
1.0882E-03 8.0000E-04
7.3859E-04 8.0000E-04
1.3528E-03 8.0000E-04
1.7026E-03 8.0000E-04
9.9044E-04 8.0000E-04
1.5719E-03 8.0000E-04
1.5027E-03 8.0000E-04
1.2266E-03 8.0000E-04
1.5528E-03 8.0000E-04
9.3890E-04 8.0000E-04
1.3764E-03 8.0000E-04
1.4680E-03 8.0000E-04
1.6843E-03 8.0000E-04
4.4923E-04 8.0000E-04
2.1957E-03 8.0000E-04
1.6172E-03 8.0000E-04
1.0236E-03 8.0000E-04
2.5924E-03 8.0000E-04
1.4090E-03 8.0000E-04
1.7520E-03 8.0000E-04
2.5995E-03 8.0000E-04
1.2847E-03 8.0000E-04
9.3990E-04 8.0000E-04
3.7662E-03 8.0000E-04
3.3703E-03 8.0000E-04
1.2181E-03 8.0000E-04
1.7843E-03 8.0000E-04
2.0349E-03 8.0000E-04
3.4927E-03 8.0000E-04
4.4943E-03 8.0000E-04
3.2482E-03 8.0000E-04
1.7233E-03 8.0000E-04
3.2283E-03 8.0000E-04
2.2120E-03 8.0000E-04
5.2087E-03 8.0000E-04
1.2225E-03 8.0000E-04
4.5871E-04 8.0000E-04
8.8307E-04 8.0000E-04
3.5769E-03 8.0000E-04
1.2060E-03 8.0000E-04
7.6598E-04 8.0000E-04
1.4612E-03 8.0000E-04
9.6661E-04 8.0000E-04
1.5742E-03 8.0000E-04
8.5512E-04 8.0000E-04
3.2154E-04 8.0000E-04
1.0664E-03 8.0000E-04
1.5761E-03 8.0000E-04
1.8101E-04 8.0000E-04
5.5505E-04 8.0000E-04
7.3315E-04 8.0000E-04
2.1770E-03 8.0000E-04
1.5219E-03 8.0000E-04
3.5086E-04 8.0000E-04
7.2513E-04 8.0000E-04
1.1835E-03 8.0000E-04
6.1350E-04 8.0000E-04
8.6123E-04 8.0000E-04
5.7878E-04 8.0000E-04
1.5099E-03 8.0000E-04
6.9580E-04 8.0000E-04
2.8348E-04 8.0000E-04
6.9369E-04 8.0000E-04
9.6343E-04 8.0000E-04
7.8389E-04 8.0000E-04
1.1800E-03 8.0000E-04
7.7839E-04 8.0000E-04
1.0173E-03 8.0000E-04
1.2173E-03 8.0000E-04
4.0878E-04 8.0000E-04
4.0372E-04 8.0000E-04
7.9555E-04 8.0000E-04
1.6818E-03 8.0000E-04
6.1015E-04 8.0000E-04
7.3843E-04 8.0000E-04
6.1932E-04 8.0000E-04
1.4846E-03 8.0000E-04
3.7142E-04 8.0000E-04
3.6318E-04 8.0000E-04
7.9382E-04 8.0000E-04
1.7404E-03 8.0000E-04
2.0490E-04 8.0000E-04
2.7395E-04 8.0000E-04
6.0151E-04 8.0000E-04
1.1673E-03 8.0000E-04
1.9295E-03 8.0000E-04
3.5336E-04 8.0000E-04
1.9110E-04 8.0000E-04
7.0345E-04 8.0000E-04
1.1390E-03 8.0000E-04
1.0630E-03 8.0000E-04
6.1037E-04 8.0000E-04
7.2916E-04 8.0000E-04
1.1061E-03 8.0000E-04
1.1053E-03 8.0000E-04
4.7596E-04 8.0000E-04
7.0944E-04 8.0000E-04
9.3783E-04 8.0000E-04
6.3531E-04 8.0000E-04
1.4940E-03 8.0000E-04
8.8288E-04 8.0000E-04
3.4541E-04 8.0000E-04
1.5681E-03 8.0000E-04
7.6106E-04 8.0000E-04
3.1883E-04 8.0000E-04
1.5565E-03 8.0000E-04
6.8558E-04 8.0000E-04
8.1856E-04 8.0000E-04
2.3917E-03 8.0000E-04
1.0856E-03 8.0000E-04
6.0597E-04 8.0000E-04
5.1858E-04 8.0000E-04
1.6744E-03 8.0000E-04
9.3819E-04 8.0000E-04
1.3516E-03 8.0000E-04
1.1073E-03 8.0000E-04
1.6798E-03 8.0000E-04
1.6776E-03 8.0000E-04
4.4001E-04 8.0000E-04
6.0115E-04 8.0000E-04
8.8555E-04 8.0000E-04
2.8306E-03 8.0000E-04
2.8617E-04 8.0000E-04
8.4893E-04 8.0000E-04
7.3686E-04 8.0000E-04
2.2558E-03 8.0000E-04
5.9299E-04 8.0000E-04
7.9161E-04 8.0000E-04
1.2048E-03 8.0000E-04
1.6434E-03 8.0000E-04
1.1916E-03 8.0000E-04
2.6544E-03 8.0000E-04
8.0409E-04 8.0000E-04
3.0217E-04 8.0000E-04
9.0042E-04 8.0000E-04
2.5466E-03 8.0000E-04
8.9844E-04 8.0000E-04
3.9378E-03 8.0000E-04
1.0524E-03 8.0000E-04
8.6452E-04 8.0000E-04
1.6458E-03 8.0000E-04
4.3377E-03 8.0000E-04
8.2293E-04 8.0000E-04
1.5333E-03 8.0000E-04
1.3958E-03 8.0000E-04
4.3422E-03 8.0000E-04
9.7282E-04 8.0000E-04
3.8721E-03 8.0000E-04
8.1620E-04 8.0000E-04
1.6536E-03 8.0000E-04
3.5850E-03 8.0000E-04
4.1655E-03 8.0000E-04
1.9009E-03 8.0000E-04
2.3594E-03 8.0000E-04
2.1550E-03 8.0000E-04
5.8002E-03 8.0000E-04
2.5785E-03 8.0000E-04
2.4171E-03 8.0000E-04
2.2620E-03 8.0000E-04
2.3607E-03 8.0000E-04
3.4665E-03 8.0000E-04
6.7291E-03 8.0000E-04
2.7271E-03 8.0000E-04
3.2086E-03 8.0000E-04
8.4861E-04 8.0000E-04
4.2277E-03 8.0000E-04
2.7592E-03 8.0000E-04
6.5211E-03 8.0000E-04
1.1286E-03 8.0000E-04
1.0656E-03 8.0000E-04
2.3450E-03 8.0000E-04
5.0024E-03 8.0000E-04
2.5361E-03 8.0000E-04
1.2076E-03 8.0000E-04
1.4970E-03 8.0000E-04
3.5822E-03 8.0000E-04
2.0211E-03 8.0000E-04
2.6764E-04 8.0000E-04
1.1023E-03 8.0000E-04
2.0937E-03 8.0000E-04
9.6791E-04 8.0000E-04
1.8696E-03 8.0000E-04
1.4755E-03 8.0000E-04
4.0373E-03 8.0000E-04
1.9064E-03 8.0000E-04
1.3516E-03 8.0000E-04
1.6221E-03 8.0000E-04
1.3546E-03 8.0000E-04
2.0949E-03 8.0000E-04
2.4181E-03 8.0000E-04
2.8954E-03 8.0000E-04
1.0156E-03 8.0000E-04
1.6033E-03 8.0000E-04
1.5302E-03 8.0000E-04
1.4211E-03 8.0000E-04
3.4791E-03 8.0000E-04
2.8202E-03 8.0000E-04
1.2825E-03 8.0000E-04
3.5872E-03 8.0000E-04
1.3874E-03 8.0000E-04
2.8010E-03 8.0000E-04
2.1295E-03 8.0000E-04
1.6047E-03 8.0000E-04
2.0762E-03 8.0000E-04
3.7659E-03 8.0000E-04
3.2119E-03 8.0000E-04
2.2509E-03 8.0000E-04
4.8352E-03 8.0000E-04
1.8001E-03 8.0000E-04
1.5924E-03 8.0000E-04
2.1556E-03 8.0000E-04
2.5307E-03 8.0000E-04
2.6617E-03 8.0000E-04
1.4510E-03 8.0000E-04
1.4977E-03 8.0000E-04
1.9114E-03 8.0000E-04
4.1149E-03 8.0000E-04
3.7840E-04 8.0000E-04
1.1344E-03 8.0000E-04
1.3127E-03 8.0000E-04
3.8204E-03 8.0000E-04
1.0275E-03 8.0000E-04
2.3116E-03 8.0000E-04
2.1141E-03 8.0000E-04
1.6194E-03 8.0000E-04
2.8440E-03 8.0000E-04
1.5303E-03 8.0000E-04
5.3803E-04 8.0000E-04
1.9932E-03 8.0000E-04
1.2870E-03 8.0000E-04
1.5853E-03 8.0000E-04
3.4464E-03 8.0000E-04
1.8243E-03 8.0000E-04
7.6682E-04 8.0000E-04
1.7242E-03 8.0000E-04
1.0810E-03 8.0000E-04
9.8790E-04 8.0000E-04
3.0727E-03 8.0000E-04
1.4250E-03 8.0000E-04
6.3261E-04 8.0000E-04
1.0339E-03 8.0000E-04
1.0155E-03 8.0000E-04
3.0073E-03 8.0000E-04
1.4049E-03 8.0000E-04
8.5610E-04 8.0000E-04
1.4319E-03 8.0000E-04
1.9442E-03 8.0000E-04
4.3285E-04 8.0000E-04
6.6905E-04 8.0000E-04
7.6229E-04 8.0000E-04
2.8898E-03 8.0000E-04
6.7722E-04 8.0000E-04
7.8323E-04 8.0000E-04
1.1326E-03 8.0000E-04
2.1863E-03 8.0000E-04
4.8796E-04 8.0000E-04
6.1121E-04 8.0000E-04
6.8425E-04 8.0000E-04
1.9588E-03 8.0000E-04
1.3591E-03 8.0000E-04
1.1527E-03 8.0000E-04
1.7250E-03 8.0000E-04
1.3166E-03 8.0000E-04
8.4228E-04 8.0000E-04
2.9487E-03 8.0000E-04
9.9068E-04 8.0000E-04
4.8696E-04 8.0000E-04
1.9815E-03 8.0000E-04
1.6922E-03 8.0000E-04
1.0529E-03 8.0000E-04
2.4834E-03 8.0000E-04
8.6078E-04 8.0000E-04
1.0327E-03 8.0000E-04
1.6512E-03 8.0000E-04
1.4288E-03 8.0000E-04
5.1924E-04 8.0000E-04
2.0460E-03 8.0000E-04
8.2188E-04 8.0000E-04
1.2073E-03 8.0000E-04
1.6673E-03 8.0000E-04
1.5633E-03 8.0000E-04
6.3775E-04 8.0000E-04
2.4075E-03 8.0000E-04
6.5327E-04 8.0000E-04
4.1891E-04 8.0000E-04
1.3604E-03 8.0000E-04
1.7228E-03 8.0000E-04
4.1903E-04 8.0000E-04
1.7426E-03 8.0000E-04
6.2883E-04 8.0000E-04
1.0736E-03 8.0000E-04
2.4432E-03 8.0000E-04
5.9222E-04 8.0000E-04
2.7981E-04 8.0000E-04
8.7789E-04 8.0000E-04
1.0852E-03 8.0000E-04
6.5516E-04 8.0000E-04
1.4635E-03 8.0000E-04
6.3243E-04 8.0000E-04
2.3079E-03 8.0000E-04
4.2638E-04 8.0000E-04
1.8060E-04 8.0000E-04
5.1717E-04 8.0000E-04
1.6329E-03 8.0000E-04
7.1523E-04 8.0000E-04
1.2590E-03 8.0000E-04
7.7630E-04 8.0000E-04
1.4722E-03 8.0000E-04
1.0151E-03 8.0000E-04
8.9768E-04 8.0000E-04
3.5362E-04 8.0000E-04
9.9145E-04 8.0000E-04
1.2182E-03 8.0000E-04
1.3326E-03 8.0000E-04
1.2115E-03 8.0000E-04
1.7262E-03 8.0000E-04
8.0211E-04 8.0000E-04
1.8988E-03 8.0000E-04
4.5382E-04 8.0000E-04
6.2499E-04 8.0000E-04
9.9264E-04 8.0000E-04
2.4329E-03 8.0000E-04
4.8766E-04 8.0000E-04
1.4385E-03 8.0000E-04
1.0972E-03 8.0000E-04
2.2564E-03 8.0000E-04
6.7672E-04 8.0000E-04
1.1635E-03 8.0000E-04
5.7811E-04 8.0000E-04
1.6654E-03 8.0000E-04
3.7740E-04 8.0000E-04
1.8290E-03 8.0000E-04
8.4436E-04 8.0000E-04
1.4569E-03 8.0000E-04
1.5136E-03 8.0000E-04
6.4015E-04 8.0000E-04
2.3484E-04 8.0000E-04
1.1595E-03 8.0000E-04
7.9883E-04 8.0000E-04
5.0357E-04 8.0000E-04
9.9122E-04 8.0000E-04
1.0676E-03 8.0000E-04
6.0927E-04 8.0000E-04
2.1336E-03 8.0000E-04
8.8330E-04 8.0000E-04
4.2470E-04 8.0000E-04
6.7112E-04 8.0000E-04
2.2707E-03 8.0000E-04
5.3069E-04 8.0000E-04
5.7428E-04 8.0000E-04
5.4098E-04 8.0000E-04
1.0738E-03 8.0000E-04
2.5580E-04 8.0000E-04
4.7198E-04 8.0000E-04
4.4467E-04 8.0000E-04
2.2795E-03 8.0000E-04
8.8708E-04 8.0000E-04
4.3419E-04 8.0000E-04
4.8864E-04 8.0000E-04
1.7806E-03 8.0000E-04
4.9723E-04 8.0000E-04
5.6508E-04 8.0000E-04
8.4891E-04 8.0000E-04
8.9705E-04 8.0000E-04
1.1520E-03 8.0000E-04
5.5035E-04 8.0000E-04
4.7045E-04 8.0000E-04
5.5721E-04 8.0000E-04
1.7104E-03 8.0000E-04
4.8461E-04 8.0000E-04
6.8906E-04 8.0000E-04
4.9984E-04 8.0000E-04
1.4664E-03 8.0000E-04
6.5963E-04 8.0000E-04
2.8496E-04 8.0000E-04
4.3023E-04 8.0000E-04
9.1100E-04 8.0000E-04
3.7221E-04 8.0000E-04
9.0038E-04 8.0000E-04
6.9082E-04 8.0000E-04
1.3331E-03 8.0000E-04
4.0541E-04 8.0000E-04
7.6196E-04 8.0000E-04
5.4102E-04 8.0000E-04
1.1255E-03 8.0000E-04
6.5095E-04 8.0000E-04
7.8367E-04 8.0000E-04
6.6414E-04 8.0000E-04
8.8189E-04 8.0000E-04
5.6122E-04 8.0000E-04
4.8370E-04 8.0000E-04
4.2733E-04 8.0000E-04
7.7512E-04 8.0000E-04
6.6652E-04 8.0000E-04
7.1269E-04 8.0000E-04
6.6935E-04 8.0000E-04
8.6737E-04 8.0000E-04
3.1130E-04 8.0000E-04
6.2997E-04 8.0000E-04
3.8847E-04 8.0000E-04
7.1358E-04 8.0000E-04
1.0542E-03 8.0000E-04
8.4594E-04 8.0000E-04
3.0162E-04 8.0000E-04
5.7879E-04 8.0000E-04
6.2814E-04 8.0000E-04
4.3677E-04 8.0000E-04
7.3024E-04 8.0000E-04
7.4633E-04 8.0000E-04
8.5309E-04 8.0000E-04
7.1012E-04 8.0000E-04
4.8472E-04 8.0000E-04
3.7010E-04 8.0000E-04
6.6790E-04 8.0000E-04
4.7083E-04 8.0000E-04
6.6833E-04 8.0000E-04
7.3836E-04 8.0000E-04
1.1175E-03 8.0000E-04
2.6380E-04 8.0000E-04
3.4296E-04 8.0000E-04
6.7527E-04 8.0000E-04
1.0763E-03 8.0000E-04
8.8980E-04 8.0000E-04
4.7311E-04 8.0000E-04
5.8281E-04 8.0000E-04
5.9282E-04 8.0000E-04
8.1817E-04 8.0000E-04
4.8533E-04 8.0000E-04
1.0096E-03 8.0000E-04
5.8694E-04 8.0000E-04
5.8754E-04 8.0000E-04
7.2836E-04 8.0000E-04
7.8022E-04 8.0000E-04
4.9757E-04 8.0000E-04
9.4975E-04 8.0000E-04
4.8694E-04 8.0000E-04
3.7084E-04 8.0000E-04
1.1670E-03 8.0000E-04
7.8272E-04 8.0000E-04
1.0999E-04 8.0000E-04
6.5959E-04 8.0000E-04
6.8053E-04 8.0000E-04
1.3796E-03 8.0000E-04
8.1618E-04 8.0000E-04
7.9604E-04 8.0000E-04
2.1840E-04 8.0000E-04
4.9193E-04 8.0000E-04
3.6155E-04 8.0000E-04
7.7587E-04 8.0000E-04
1.2350E-03 8.0000E-04
1.3523E-03 8.0000E-04
1.3764E-04 8.0000E-04
4.2107E-04 8.0000E-04
3.6669E-04 8.0000E-04
1.0484E-03 8.0000E-04
1.0461E-03 8.0000E-04
5.5700E-04 8.0000E-04
1.9947E-04 8.0000E-04
6.7596E-04 8.0000E-04
8.7171E-04 8.0000E-04
4.1194E-04 8.0000E-04
3.3017E-04 8.0000E-04
5.0775E-04 8.0000E-04
9.1816E-04 8.0000E-04
1.8958E-03 8.0000E-04
4.1534E-04 8.0000E-04
1.3203E-04 8.0000E-04
2.5115E-04 8.0000E-04
1.0390E-03 8.0000E-04
7.0389E-04 8.0000E-04
3.8122E-04 8.0000E-04
7.1983E-04 8.0000E-04
6.0662E-04 8.0000E-04
1.7106E-04 8.0000E-04
9.7779E-04 8.0000E-04
2.0426E-04 8.0000E-04
3.1545E-04 8.0000E-04
1.0829E-03 8.0000E-04
9.7495E-04 8.0000E-04
5.0343E-04 8.0000E-04
2.2510E-04 8.0000E-04
5.4298E-04 8.0000E-04
7.3317E-04 8.0000E-04
1.0542E-03 8.0000E-04
7.3981E-04 8.0000E-04
4.8255E-04 8.0000E-04
2.1401E-04 8.0000E-04
2.8237E-04 8.0000E-04
3.0028E-04 8.0000E-04
4.9197E-04 8.0000E-04
1.0080E-03 8.0000E-04
6.5536E-04 8.0000E-04
2.5179E-04 8.0000E-04
3.6998E-04 8.0000E-04
1.8885E-04 8.0000E-04
7.3078E-05 8.0000E-04
5.2961E-04 8.0000E-04
7.4469E-04 8.0000E-04
1.1802E-04 8.0000E-04
4.6217E-04 8.0000E-04
3.4922E-04 8.0000E-04
7.2199E-04 8.0000E-04
6.4663E-04 8.0000E-04
1.0250E-04 8.0000E-04
1.2151E-04 8.0000E-04
3.3803E-04 8.0000E-04
4.4740E-04 8.0000E-04
8.1652E-04 8.0000E-04
6.2623E-04 8.0000E-04
3.6820E-04 8.0000E-04
6.4894E-04 8.0000E-04
2.9017E-04 8.0000E-04
1.2479E-04 8.0000E-04
3.6015E-04 8.0000E-04
6.9673E-04 8.0000E-04
5.6961E-04 8.0000E-04
8.9684E-04 8.0000E-04
4.0019E-04 8.0000E-04
4.1045E-04 8.0000E-04
5.4305E-04 8.0000E-04
4.8792E-04 8.0000E-04
2.3648E-04 8.0000E-04
7.8368E-04 8.0000E-04
8.6175E-04 8.0000E-04
3.8831E-05 8.0000E-04
3.5122E-04 8.0000E-04
4.3531E-04 8.0000E-04
1.0957E-03 8.0000E-04
1.2726E-03 8.0000E-04
3.9237E-04 8.0000E-04
7.4572E-05 8.0000E-04
4.4670E-04 8.0000E-04
9.1355E-04 8.0000E-04
7.8456E-04 8.0000E-04
6.4474E-04 8.0000E-04
9.2821E-04 8.0000E-04
1.1541E-03 8.0000E-04
2.0129E-03 8.0000E-04
1.8527E-04 8.0000E-04
5.4383E-04 8.0000E-04
3.1349E-04 8.0000E-04
6.8977E-04 8.0000E-04
2.3373E-03 8.0000E-04
1.8377E-03 8.0000E-04
3.5753E-04 8.0000E-04
2.0726E-03 8.0000E-04
1.2402E-03 8.0000E-04
1.9104E-03 8.0000E-04
3.4248E-03 8.0000E-04
2.6619E-03 8.0000E-04
5.7593E-04 8.0000E-04
2.7427E-03 8.0000E-04
6.5117E-04 8.0000E-04
2.6909E-03 8.0000E-04
5.7559E-03 8.0000E-04
8.2708E-04 8.0000E-04
7.3030E-04 8.0000E-04
2.3362E-03 8.0000E-04
3.4471E-03 8.0000E-04
1.7002E-03 8.0000E-04
2.3613E-03 8.0000E-04
2.1594E-03 8.0000E-04
3.8339E-03 8.0000E-04
2.2483E-03 8.0000E-04
2.9520E-04 8.0000E-04
1.1827E-03 8.0000E-04
5.1600E-04 8.0000E-04
3.4742E-03 8.0000E-04
7.5049E-04 8.0000E-04
5.5527E-04 8.0000E-04
2.1627E-03 8.0000E-04
1.3754E-03 8.0000E-04
9.1676E-04 8.0000E-04
6.2085E-04 8.0000E-04
4.3064E-04 8.0000E-04
1.9143E-03 8.0000E-04
5.8305E-04 8.0000E-04
6.5724E-04 8.0000E-04
9.4074E-04 8.0000E-04
2.2892E-03 8.0000E-04
6.1620E-04 8.0000E-04
8.4213E-04 8.0000E-04
7.9051E-04 8.0000E-04
1.3937E-03 8.0000E-04
6.4212E-04 8.0000E-04
9.9324E-04 8.0000E-04
1.0415E-03 8.0000E-04
9.2190E-04 8.0000E-04
1.1873E-03 8.0000E-04
5.7658E-04 8.0000E-04
2.0319E-04 8.0000E-04
6.7331E-04 8.0000E-04
1.5422E-03 8.0000E-04
6.9847E-04 8.0000E-04
9.9097E-04 8.0000E-04
6.0032E-04 8.0000E-04
1.1706E-03 8.0000E-04
6.4989E-04 8.0000E-04
3.2939E-04 8.0000E-04
3.2709E-04 8.0000E-04
7.1318E-04 8.0000E-04
7.8092E-04 8.0000E-04
8.2182E-04 8.0000E-04
7.4107E-04 8.0000E-04
5.8041E-04 8.0000E-04
6.0642E-04 8.0000E-04
5.1821E-04 8.0000E-04
3.5314E-04 8.0000E-04
6.8714E-04 8.0000E-04
7.9571E-04 8.0000E-04
7.7134E-04 8.0000E-04
6.3973E-04 8.0000E-04
5.9868E-04 8.0000E-04
5.7991E-04 8.0000E-04
5.3437E-04 8.0000E-04
5.9553E-04 8.0000E-04
5.0056E-04 8.0000E-04
6.1484E-04 8.0000E-04
1.1313E-03 8.0000E-04
4.8417E-04 8.0000E-04
6.2041E-04 8.0000E-04
5.9630E-04 8.0000E-04
1.0184E-03 8.0000E-04
3.6766E-04 8.0000E-04
7.4613E-04 8.0000E-04
5.8174E-04 8.0000E-04
1.0051E-03 8.0000E-04
9.4358E-04 8.0000E-04
5.7785E-04 8.0000E-04
2.6924E-04 8.0000E-04
7.7022E-04 8.0000E-04
7.5876E-04 8.0000E-04
3.2844E-04 8.0000E-04
1.1200E-03 8.0000E-04
1.0713E-03 8.0000E-04
2.5697E-04 8.0000E-04
4.9247E-04 8.0000E-04
6.7165E-04 8.0000E-04
1.0783E-03 8.0000E-04
7.7345E-04 8.0000E-04
1.8530E-04 8.0000E-04
4.5942E-04 8.0000E-04
8.4547E-04 8.0000E-04
7.6952E-04 8.0000E-04
8.6310E-04 8.0000E-04
7.2894E-04 8.0000E-04
8.1189E-04 8.0000E-04
9.4026E-04 8.0000E-04
4.1016E-04 8.0000E-04
6.9463E-04 8.0000E-04
4.0386E-04 8.0000E-04
1.1500E-03 8.0000E-04
5.0843E-04 8.0000E-04
6.1593E-04 8.0000E-04
7.2385E-04 8.0000E-04
8.8702E-04 8.0000E-04
6.3556E-04 8.0000E-04
8.6123E-04 8.0000E-04
7.9366E-04 8.0000E-04
6.5394E-04 8.0000E-04
5.6686E-04 8.0000E-04
4.7958E-04 8.0000E-04
5.1403E-04 8.0000E-04
1.2276E-03 8.0000E-04
2.9269E-04 8.0000E-04
3.6654E-04 8.0000E-04
8.9952E-04 8.0000E-04
1.0343E-03 8.0000E-04
9.6397E-04 8.0000E-04
9.7663E-05 8.0000E-04
5.2930E-04 8.0000E-04
5.4197E-04 8.0000E-04
7.3766E-04 8.0000E-04
6.1598E-04 8.0000E-04
6.9618E-04 8.0000E-04
7.7148E-04 8.0000E-04
5.6697E-04 8.0000E-04
2.0846E-04 8.0000E-04
1.8140E-04 8.0000E-04
7.7908E-04 8.0000E-04
9.3280E-04 8.0000E-04
7.0130E-04 8.0000E-04
4.1991E-04 8.0000E-04
4.8034E-04 8.0000E-04
6.4671E-04 8.0000E-04
4.1988E-04 8.0000E-04
2.1761E-04 8.0000E-04
6.3966E-04 8.0000E-04
5.8135E-04 8.0000E-04
5.4662E-04 8.0000E-04
3.3287E-04 8.0000E-04
4.4275E-04 8.0000E-04
6.2847E-04 8.0000E-04
4.7808E-04 8.0000E-04
1.4080E-04 8.0000E-04
5.2488E-04 8.0000E-04
3.7877E-04 8.0000E-04
5.8284E-04 8.0000E-04
5.7983E-04 8.0000E-04
2.2337E-04 8.0000E-04
2.5416E-04 8.0000E-04
6.1258E-04 8.0000E-04
3.3152E-04 8.0000E-04
1.8686E-04 8.0000E-04
4.1022E-04 8.0000E-04
5.9404E-04 8.0000E-04
1.6111E-04 8.0000E-04
2.2474E-04 8.0000E-04
2.6474E-04 8.0000E-04
5.3480E-04 8.0000E-04
1.9826E-04 8.0000E-04
1.7190E-04 8.0000E-04
2.5312E-04 8.0000E-04
6.8371E-04 8.0000E-04
1.0946E-04 8.0000E-04
1.0976E-04 8.0000E-04
2.3949E-04 8.0000E-04
3.7471E-04 8.0000E-04
7.5384E-04 8.0000E-04
1.1637E-04 8.0000E-04
5.6861E-05 8.0000E-04
1.4536E-04 8.0000E-04
5.5720E-04 8.0000E-04
1.6733E-04 8.0000E-04
1.3658E-04 8.0000E-04
2.8711E-04 8.0000E-04
3.3135E-04 8.0000E-04
5.5947E-04 8.0000E-04
6.6472E-05 8.0000E-04
1.0019E-04 8.0000E-04
1.7345E-04 8.0000E-04
4.2555E-04 8.0000E-04
3.7173E-04 8.0000E-04
1.6336E-04 8.0000E-04
1.8686E-04 8.0000E-04
2.0166E-04 8.0000E-04
3.5949E-04 8.0000E-04
1.6580E-04 8.0000E-04
2.1591E-04 8.0000E-04
2.0127E-04 8.0000E-04
3.2566E-04 8.0000E-04
3.6191E-04 8.0000E-04
1.9735E-04 8.0000E-04
1.1254E-04 8.0000E-04
2.8903E-04 8.0000E-04
3.3812E-04 8.0000E-04
9.6672E-05 8.0000E-04
2.4305E-04 8.0000E-04
2.2581E-04 8.0000E-04
4.6626E-04 8.0000E-04
4.4670E-04 8.0000E-04
4.9658E-05 8.0000E-04
1.3590E-04 8.0000E-04
2.7806E-04 8.0000E-04
1.5916E-04 8.0000E-04
4.3274E-04 8.0000E-04
1.9798E-04 8.0000E-04
5.7981E-04 8.0000E-04
2.2027E-04 8.0000E-04
6.0227E-05 8.0000E-04
1.0306E-04 8.0000E-04
2.6638E-04 8.0000E-04
4.7627E-04 8.0000E-04
3.8650E-04 8.0000E-04
2.8966E-04 8.0000E-04
1.9156E-04 8.0000E-04
2.2063E-04 8.0000E-04
1.9138E-04 8.0000E-04
2.4911E-04 8.0000E-04
3.0779E-04 8.0000E-04
4.9077E-04 8.0000E-04
1.3277E-04 8.0000E-04
2.2791E-04 8.0000E-04
1.4392E-04 8.0000E-04
4.1990E-04 8.0000E-04
2.4750E-04 8.0000E-04
2.4465E-04 8.0000E-04
2.4553E-04 8.0000E-04
3.7288E-04 8.0000E-04
1.8174E-04 8.0000E-04
2.5435E-04 8.0000E-04
2.8156E-04 8.0000E-04
5.2238E-04 8.0000E-04
3.1306E-04 8.0000E-04
4.4852E-04 8.0000E-04
3.5573E-04 8.0000E-04
6.0988E-04 8.0000E-04
2.4174E-04 8.0000E-04
3.5914E-04 8.0000E-04
4.6498E-04 8.0000E-04
8.2488E-04 8.0000E-04
7.3895E-04 8.0000E-04
5.6139E-04 8.0000E-04
6.2521E-04 8.0000E-04
7.9123E-04 8.0000E-04
3.4169E-04 8.0000E-04
1.0567E-03 8.0000E-04
2.8968E-04 8.0000E-04
1.3030E-03 8.0000E-04
9.4581E-04 8.0000E-04
1.6405E-03 8.0000E-04
3.0660E-04 8.0000E-04
1.8244E-03 8.0000E-04
6.7804E-04 8.0000E-04
1.2942E-03 8.0000E-04
3.9686E-03 8.0000E-04
1.6704E-03 8.0000E-04
1.1748E-03 8.0000E-04
3.0316E-04 8.0000E-04
6.0632E-04 8.0000E-04
1.2126E-03 8.0000E-04
2.4253E-03 8.0000E-04
3.3676E-03 8.0000E-04
1.0207E-03 8.0000E-04
7.4781E-04 8.0000E-04
3.0163E-03 8.0000E-04
6.0741E-03 8.0000E-04
2.1021E-03 8.0000E-04
1.9414E-03 8.0000E-04
4.3398E-03 8.0000E-04
1.5580E-03 8.0000E-04
5.1840E-03 8.0000E-04
1.6971E-03 8.0000E-04
3.0930E-03 8.0000E-04
4.8177E-04 8.0000E-04
1.4436E-03 8.0000E-04
2.3533E-03 8.0000E-04
2.2932E-03 8.0000E-04
5.6225E-04 8.0000E-04
2.6113E-03 8.0000E-04
1.3149E-03 8.0000E-04
4.1475E-04 8.0000E-04
1.6791E-03 8.0000E-04
1.3971E-03 8.0000E-04
9.5159E-04 8.0000E-04
1.6540E-03 8.0000E-04
9.1753E-04 8.0000E-04
4.3081E-04 8.0000E-04
1.1375E-03 8.0000E-04
8.0005E-04 8.0000E-04
1.5193E-03 8.0000E-04
8.1502E-04 8.0000E-04
5.8625E-04 8.0000E-04
1.3614E-03 8.0000E-04
1.0636E-03 8.0000E-04
8.0259E-04 8.0000E-04
1.2772E-03 8.0000E-04
8.3698E-04 8.0000E-04
1.0386E-03 8.0000E-04
1.0287E-03 8.0000E-04
4.2465E-04 8.0000E-04
2.9506E-04 8.0000E-04
7.2235E-04 8.0000E-04
8.7611E-04 8.0000E-04
2.4563E-04 8.0000E-04
5.3754E-04 8.0000E-04
4.7841E-04 8.0000E-04
1.1867E-03 8.0000E-04
3.7145E-04 8.0000E-04
2.2789E-04 8.0000E-04
7.0167E-04 8.0000E-04
1.2167E-03 8.0000E-04
2.7398E-04 8.0000E-04
4.9201E-04 8.0000E-04
6.3765E-04 8.0000E-04
1.1681E-03 8.0000E-04
2.0040E-03 8.0000E-04
4.2755E-04 8.0000E-04
2.4332E-04 8.0000E-04
3.8087E-04 8.0000E-04
1.0404E-03 8.0000E-04
5.6656E-04 8.0000E-04
4.8540E-04 8.0000E-04
6.8549E-04 8.0000E-04
7.5454E-04 8.0000E-04
1.1192E-03 8.0000E-04
2.5664E-04 8.0000E-04
2.8820E-04 8.0000E-04
2.8844E-04 8.0000E-04
9.5809E-04 8.0000E-04
5.8235E-04 8.0000E-04
4.8263E-04 8.0000E-04
3.8571E-04 8.0000E-04
7.1754E-04 8.0000E-04
2.4525E-04 8.0000E-04
1.5919E-04 8.0000E-04
2.1409E-04 8.0000E-04
7.3807E-04 8.0000E-04
3.4186E-04 8.0000E-04
4.2312E-04 8.0000E-04
3.8150E-04 8.0000E-04
7.1255E-04 8.0000E-04
1.5807E-04 8.0000E-04
1.3855E-04 8.0000E-04
1.9191E-04 8.0000E-04
4.7670E-04 8.0000E-04
6.5881E-04 8.0000E-04
2.5683E-04 8.0000E-04
4.1351E-04 8.0000E-04
3.1569E-04 8.0000E-04
2.6374E-04 8.0000E-04
6.4999E-04 8.0000E-04
1.3122E-04 8.0000E-04
9.7917E-05 8.0000E-04
4.7309E-04 8.0000E-04
6.8802E-04 8.0000E-04
1.0822E-04 8.0000E-04
2.1006E-04 8.0000E-04
3.4158E-04 8.0000E-04
5.5347E-04 8.0000E-04
8.4252E-04 8.0000E-04
1.5773E-04 8.0000E-04
1.3422E-04 8.0000E-04
2.7517E-04 8.0000E-04
8.1488E-04 8.0000E-04
1.9289E-04 8.0000E-04
1.9093E-04 8.0000E-04
3.7309E-04 8.0000E-04
6.0313E-04 8.0000E-04
7.5759E-04 8.0000E-04
1.2143E-04 8.0000E-04
2.1437E-04 8.0000E-04
2.6566E-04 8.0000E-04
3.8783E-04 8.0000E-04
9.8512E-04 8.0000E-04
3.3435E-04 8.0000E-04
3.7692E-05 8.0000E-04
3.7851E-04 8.0000E-04
5.2628E-04 8.0000E-04
4.7717E-05 8.0000E-04
2.6908E-04 8.0000E-04
4.3244E-04 8.0000E-04
5.8752E-04 8.0000E-04
6.6709E-04 8.0000E-04
2.4819E-04 8.0000E-04
8.6241E-05 8.0000E-04
1.9727E-04 8.0000E-04
4.8136E-04 8.0000E-04
9.2845E-04 8.0000E-04
1.4738E-04 8.0000E-04
6.9270E-05 8.0000E-04
2.4722E-04 8.0000E-04
5.1344E-04 8.0000E-04
4.3806E-04 8.0000E-04
2.4263E-04 8.0000E-04
3.0796E-04 8.0000E-04
4.1774E-04 8.0000E-04
1.7144E-04 8.0000E-04
3.1511E-04 8.0000E-04
2.0639E-04 8.0000E-04
4.9068E-04 8.0000E-04
3.3676E-04 8.0000E-04
3.4537E-04 8.0000E-04
1.3066E-04 8.0000E-04
9.9110E-05 8.0000E-04
3.5304E-04 8.0000E-04
2.9003E-04 8.0000E-04
1.7876E-04 8.0000E-04
5.0580E-04 8.0000E-04
4.0842E-04 8.0000E-04
2.6578E-05 8.0000E-04
8.5715E-05 8.0000E-04
1.4496E-04 8.0000E-04
4.2847E-04 8.0000E-04
7.0430E-04 8.0000E-04
1.1216E-04 8.0000E-04
1.1128E-04 8.0000E-04
1.5568E-04 8.0000E-04
2.5606E-04 8.0000E-04
4.0959E-04 8.0000E-04
3.6925E-04 8.0000E-04
8.6395E-05 8.0000E-04
7.6969E-05 8.0000E-04
1.5926E-04 8.0000E-04
4.4765E-04 8.0000E-04
2.1707E-04 8.0000E-04
1.4513E-04 8.0000E-04
2.3715E-04 8.0000E-04
3.2835E-04 8.0000E-04
2.5982E-04 8.0000E-04
1.4734E-04 8.0000E-04
2.1134E-04 8.0000E-04
2.9549E-04 8.0000E-04
1.5645E-04 8.0000E-04
2.6725E-04 8.0000E-04
1.7935E-04 8.0000E-04
4.3865E-04 8.0000E-04
2.0250E-04 8.0000E-04
1.2532E-04 8.0000E-04
2.0648E-04 8.0000E-04
3.1983E-04 8.0000E-04
2.8445E-04 8.0000E-04
2.5581E-04 8.0000E-04
1.5125E-04 8.0000E-04
2.2645E-04 8.0000E-04
1.9502E-04 8.0000E-04
1.4104E-04 8.0000E-04
1.9519E-04 8.0000E-04
2.2077E-04 8.0000E-04
2.2615E-04 8.0000E-04
1.7699E-04 8.0000E-04
1.7673E-04 8.0000E-04
1.7490E-04 8.0000E-04
2.5601E-04 8.0000E-04
1.1510E-04 8.0000E-04
1.3804E-04 8.0000E-04
2.2536E-04 8.0000E-04
4.5553E-04 8.0000E-04
5.0725E-05 8.0000E-04
4.6137E-05 8.0000E-04
2.8922E-04 8.0000E-04
1.9410E-03 8.0000E-04
1.0509E-03 8.0000E-04
2.6214E-03 8.0000E-04
1.2833E-03 8.0000E-04
3.6271E-04 8.0000E-04
1.0168E-03 8.0000E-04
1.0440E-03 8.0000E-04
7.3126E-04 8.0000E-04
4.9956E-04 8.0000E-04
9.3635E-04 8.0000E-04
1.2345E-03 8.0000E-04
3.8800E-04 8.0000E-04
4.3505E-04 8.0000E-04
4.9745E-04 8.0000E-04
1.1583E-03 8.0000E-04
8.9683E-04 8.0000E-04
1.4734E-04 8.0000E-04
4.0609E-04 8.0000E-04
6.2018E-04 8.0000E-04
8.6898E-04 8.0000E-04
1.2525E-03 8.0000E-04
7.2846E-04 8.0000E-04
1.5594E-04 8.0000E-04
5.6516E-04 8.0000E-04
9.0769E-04 8.0000E-04
1.8919E-04 8.0000E-04
4.6867E-04 8.0000E-04
4.9390E-04 8.0000E-04
1.0564E-03 8.0000E-04
1.2101E-03 8.0000E-04
1.7882E-04 8.0000E-04
2.7110E-04 8.0000E-04
3.5895E-04 8.0000E-04
7.6421E-04 8.0000E-04
1.0955E-03 8.0000E-04
4.2681E-04 8.0000E-04
3.1730E-04 8.0000E-04
5.1695E-04 8.0000E-04
9.9045E-04 8.0000E-04
1.2057E-04 8.0000E-04
1.8228E-04 8.0000E-04
4.7164E-04 8.0000E-04
7.9192E-04 8.0000E-04
1.2466E-03 8.0000E-04
1.0768E-04 8.0000E-04
2.3186E-04 8.0000E-04
3.2482E-04 8.0000E-04
1.0931E-03 8.0000E-04
2.5248E-04 8.0000E-04
2.6399E-04 8.0000E-04
5.5196E-04 8.0000E-04
8.0410E-04 8.0000E-04
7.9066E-04 8.0000E-04
3.8095E-04 8.0000E-04
5.6956E-04 8.0000E-04
3.9205E-04 8.0000E-04
6.7517E-04 8.0000E-04
8.6571E-04 8.0000E-04
5.7558E-04 8.0000E-04
2.8687E-04 8.0000E-04
8.0711E-04 8.0000E-04
7.2475E-04 8.0000E-04
3.5883E-04 8.0000E-04
7.0200E-04 8.0000E-04
4.9245E-04 8.0000E-04
1.3473E-03 8.0000E-04
4.0676E-04 8.0000E-04
1.7704E-04 8.0000E-04
7.7881E-04 8.0000E-04
8.9333E-04 8.0000E-04
5.7578E-04 8.0000E-04
1.6224E-03 8.0000E-04
4.3362E-04 8.0000E-04
1.1083E-03 8.0000E-04
1.1697E-03 8.0000E-04
5.6797E-04 8.0000E-04
1.6004E-03 8.0000E-04
1.0045E-03 8.0000E-04
8.3401E-04 8.0000E-04
1.2168E-03 8.0000E-04
2.9253E-04 8.0000E-04
1.8824E-03 8.0000E-04
5.1786E-04 8.0000E-04
1.1475E-03 8.0000E-04
2.2201E-03 8.0000E-04
5.6535E-04 8.0000E-04
2.5736E-03 8.0000E-04
1.0389E-03 8.0000E-04
1.3213E-03 8.0000E-04
8.7702E-04 8.0000E-04
2.0275E-03 8.0000E-04
9.5704E-04 8.0000E-04
1.6714E-03 8.0000E-04
1.7548E-04 8.0000E-04
9.2392E-04 8.0000E-04
1.4621E-03 8.0000E-04
2.9130E-03 8.0000E-04
9.4194E-04 8.0000E-04
1.4585E-03 8.0000E-04
2.0682E-04 8.0000E-04
6.6579E-04 8.0000E-04
8.4833E-04 8.0000E-04
1.8175E-03 8.0000E-04
1.0387E-03 8.0000E-04
6.0921E-04 8.0000E-04
1.0906E-03 8.0000E-04
1.8809E-03 8.0000E-04
9.6488E-04 8.0000E-04
8.8878E-04 8.0000E-04
8.4875E-04 8.0000E-04
9.4464E-04 8.0000E-04
1.2342E-03 8.0000E-04
1.6688E-03 8.0000E-04
2.5265E-04 8.0000E-04
6.4056E-04 8.0000E-04
3.4850E-04 8.0000E-04
1.6436E-03 8.0000E-04
1.7595E-03 8.0000E-04
3.2857E-04 8.0000E-04
6.1922E-04 8.0000E-04
6.5165E-04 8.0000E-04
2.1534E-03 8.0000E-04
5.1279E-04 8.0000E-04
4.8770E-04 8.0000E-04
4.5394E-04 8.0000E-04
1.3556E-03 8.0000E-04
7.7826E-04 8.0000E-04
6.3404E-04 8.0000E-04
7.2306E-04 8.0000E-04
3.2046E-04 8.0000E-04
8.0447E-04 8.0000E-04
6.4519E-04 8.0000E-04
6.2769E-04 8.0000E-04
6.3138E-04 8.0000E-04
1.0671E-03 8.0000E-04
2.3802E-04 8.0000E-04
8.1005E-04 8.0000E-04
4.5989E-04 8.0000E-04
2.4160E-04 8.0000E-04
7.8624E-04 8.0000E-04
6.2646E-04 8.0000E-04
1.2612E-03 8.0000E-04
7.3238E-04 8.0000E-04
1.8097E-04 8.0000E-04
3.9978E-04 8.0000E-04
3.3958E-04 8.0000E-04
1.1448E-03 8.0000E-04
7.3542E-04 8.0000E-04
4.0828E-04 8.0000E-04
3.1519E-04 8.0000E-04
7.0679E-04 8.0000E-04
5.5245E-04 8.0000E-04
8.5499E-04 8.0000E-04
4.1763E-04 8.0000E-04
4.9861E-04 8.0000E-04
7.8883E-04 8.0000E-04
6.4171E-04 8.0000E-04
3.4425E-04 8.0000E-04
5.9931E-04 8.0000E-04
7.7721E-04 8.0000E-04
4.1736E-04 8.0000E-04
5.2188E-04 8.0000E-04
4.7079E-04 8.0000E-04
9.0583E-04 8.0000E-04
3.4910E-04 8.0000E-04
2.7254E-04 8.0000E-04
4.3959E-04 8.0000E-04
7.9353E-04 8.0000E-04
2.9593E-04 8.0000E-04
3.4303E-04 8.0000E-04
4.4189E-04 8.0000E-04
9.8353E-04 8.0000E-04
2.4109E-04 8.0000E-04
1.7572E-04 8.0000E-04
3.7019E-04 8.0000E-04
8.3937E-04 8.0000E-04
2.4643E-04 8.0000E-04
2.0917E-04 8.0000E-04
3.0119E-04 8.0000E-04
5.0701E-04 8.0000E-04
7.8942E-04 8.0000E-04
1.1813E-04 8.0000E-04
9.5791E-05 8.0000E-04
2.3427E-04 8.0000E-04
8.4809E-04 8.0000E-04
6.5846E-04 8.0000E-04
1.0148E-04 8.0000E-04
4.3648E-04 8.0000E-04
4.6217E-04 8.0000E-04
5.1402E-04 8.0000E-04
7.1593E-04 8.0000E-04
3.3609E-04 8.0000E-04
1.0023E-04 8.0000E-04
3.9596E-04 8.0000E-04
7.5019E-04 8.0000E-04
5.3566E-04 8.0000E-04
7.5220E-04 8.0000E-04
6.3673E-04 8.0000E-04
3.7929E-04 8.0000E-04
6.5585E-04 8.0000E-04
3.0826E-04 8.0000E-04
2.2223E-04 8.0000E-04
8.2464E-04 8.0000E-04
6.9515E-04 8.0000E-04
2.9889E-04 8.0000E-04
7.7424E-04 8.0000E-04
5.6186E-04 8.0000E-04
8.4470E-04 8.0000E-04
6.1661E-04 8.0000E-04
5.4639E-04 8.0000E-04
2.4870E-04 8.0000E-04
9.3143E-04 8.0000E-04
6.3217E-04 8.0000E-04
5.5151E-04 8.0000E-04
6.7153E-04 8.0000E-04
8.4255E-04 8.0000E-04
5.6910E-04 8.0000E-04
9.0989E-04 8.0000E-04
2.1054E-04 8.0000E-04
4.8593E-04 8.0000E-04
9.0590E-04 8.0000E-04
1.5353E-03 8.0000E-04
2.0482E-04 8.0000E-04
5.8889E-04 8.0000E-04
2.8312E-04 8.0000E-04
1.2458E-03 8.0000E-04
8.5594E-04 8.0000E-04
1.7138E-04 8.0000E-04
1.2640E-03 8.0000E-04
3.9896E-04 8.0000E-04
8.1943E-04 8.0000E-04
6.9546E-04 8.0000E-04
1.1047E-03 8.0000E-04
6.9991E-04 8.0000E-04
8.1470E-04 8.0000E-04
2.5943E-04 8.0000E-04
5.7487E-04 8.0000E-04
1.2311E-03 8.0000E-04
5.6913E-04 8.0000E-04
1.6557E-04 8.0000E-04
5.9613E-04 8.0000E-04
4.4781E-04 8.0000E-04
4.0832E-04 8.0000E-04
4.2196E-04 8.0000E-04
8.6164E-04 8.0000E-04
4.1388E-04 8.0000E-04
7.8315E-04 8.0000E-04
3.1911E-04 8.0000E-04
2.3619E-04 8.0000E-04
3.5269E-04 8.0000E-04
7.7159E-04 8.0000E-04
1.2109E-04 8.0000E-04
1.2868E-04 8.0000E-04
2.5119E-04 8.0000E-04
5.5367E-04 8.0000E-04
4.0835E-04 8.0000E-04
9.8851E-05 8.0000E-04
2.6572E-04 8.0000E-04
3.2728E-04 8.0000E-04
2.8229E-04 8.0000E-04
2.4973E-04 8.0000E-04
3.5459E-04 8.0000E-04
3.4764E-04 8.0000E-04
2.7047E-04 8.0000E-04
2.0356E-04 8.0000E-04
1.8058E-04 8.0000E-04
2.6062E-04 8.0000E-04
3.7181E-04 8.0000E-04
1.9708E-04 8.0000E-04
1.5817E-04 8.0000E-04
1.8784E-04 8.0000E-04
3.4905E-04 8.0000E-04
8.5472E-05 8.0000E-04
1.1047E-04 8.0000E-04
1.5207E-04 8.0000E-04
4.1774E-04 8.0000E-04
1.7287E-04 8.0000E-04
1.3709E-04 8.0000E-04
1.8138E-04 8.0000E-04
3.5915E-04 8.0000E-04
1.1528E-04 8.0000E-04
1.5527E-04 8.0000E-04
1.5076E-04 8.0000E-04
3.5376E-04 8.0000E-04
2.2878E-04 8.0000E-04
7.8627E-05 8.0000E-04
1.2846E-04 8.0000E-04
1.6001E-04 8.0000E-04
3.5542E-04 8.0000E-04
2.0172E-04 8.0000E-04
1.0277E-04 8.0000E-04
1.8567E-04 8.0000E-04
2.2036E-04 8.0000E-04
8.6292E-05 8.0000E-04
1.3785E-04 8.0000E-04
1.5026E-04 8.0000E-04
