RMS Grad   Target
1.2966E-02 2.0000E-04
1.2726E-02 2.0000E-04
1.0970E-02 2.0000E-04
8.2533E-03 2.0000E-04
5.6465E-03 2.0000E-04
3.8199E-03 2.0000E-04
2.8868E-03 2.0000E-04
2.7658E-03 2.0000E-04
2.9355E-03 2.0000E-04
3.2019E-03 2.0000E-04
3.4589E-03 2.0000E-04
3.6061E-03 2.0000E-04
3.6283E-03 2.0000E-04
3.6923E-03 2.0000E-04
3.5757E-03 2.0000E-04
3.4469E-03 2.0000E-04
3.4206E-03 2.0000E-04
3.1986E-03 2.0000E-04
3.0984E-03 2.0000E-04
2.8861E-03 2.0000E-04
2.6572E-03 2.0000E-04
2.4903E-03 2.0000E-04
2.2703E-03 2.0000E-04
2.0804E-03 2.0000E-04
1.9120E-03 2.0000E-04
1.7465E-03 2.0000E-04
1.5757E-03 2.0000E-04
1.4832E-03 2.0000E-04
1.3476E-03 2.0000E-04
1.2673E-03 2.0000E-04
1.2095E-03 2.0000E-04
1.1643E-03 2.0000E-04
1.1616E-03 2.0000E-04
1.1434E-03 2.0000E-04
1.2258E-03 2.0000E-04
1.2120E-03 2.0000E-04
1.3120E-03 2.0000E-04
1.2798E-03 2.0000E-04
1.3662E-03 2.0000E-04
1.3310E-03 2.0000E-04
1.3635E-03 2.0000E-04
1.3347E-03 2.0000E-04
1.3514E-03 2.0000E-04
1.3193E-03 2.0000E-04
1.3146E-03 2.0000E-04
1.3115E-03 2.0000E-04
1.2719E-03 2.0000E-04
1.3164E-03 2.0000E-04
1.2566E-03 2.0000E-04
1.3758E-03 2.0000E-04
1.2930E-03 2.0000E-04
1.4355E-03 2.0000E-04
1.3282E-03 2.0000E-04
1.3683E-03 2.0000E-04
1.2458E-03 2.0000E-04
1.2684E-03 2.0000E-04
1.1454E-03 2.0000E-04
1.1534E-03 2.0000E-04
1.0474E-03 2.0000E-04
1.0734E-03 2.0000E-04
1.0053E-03 2.0000E-04
1.1439E-03 2.0000E-04
1.0976E-03 2.0000E-04
1.2636E-03 2.0000E-04
1.1965E-03 2.0000E-04
1.3464E-03 2.0000E-04
1.2603E-03 2.0000E-04
1.3154E-03 2.0000E-04
1.2052E-03 2.0000E-04
1.2575E-03 2.0000E-04
1.1386E-03 2.0000E-04
1.1764E-03 2.0000E-04
1.0559E-03 2.0000E-04
1.0499E-03 2.0000E-04
9.3422E-04 2.0000E-04
9.3215E-04 2.0000E-04
8.3359E-04 2.0000E-04
8.1392E-04 2.0000E-04
7.6166E-04 2.0000E-04
7.1752E-04 2.0000E-04
7.6090E-04 2.0000E-04
7.1463E-04 2.0000E-04
8.4068E-04 2.0000E-04
8.0625E-04 2.0000E-04
9.9603E-04 2.0000E-04
9.5218E-04 2.0000E-04
1.1431E-03 2.0000E-04
1.0857E-03 2.0000E-04
1.2079E-03 2.0000E-04
1.1387E-03 2.0000E-04
1.2197E-03 2.0000E-04
1.1426E-03 2.0000E-04
1.2057E-03 2.0000E-04
1.1176E-03 2.0000E-04
1.1559E-03 2.0000E-04
1.0549E-03 2.0000E-04
1.1368E-03 2.0000E-04
1.0323E-03 2.0000E-04
1.0866E-03 2.0000E-04
9.7940E-04 2.0000E-04
9.9795E-04 2.0000E-04
9.0283E-04 2.0000E-04
8.9110E-04 2.0000E-04
8.1006E-04 2.0000E-04
7.8082E-04 2.0000E-04
7.0967E-04 2.0000E-04
6.8490E-04 2.0000E-04
6.3479E-04 2.0000E-04
6.2848E-04 2.0000E-04
6.1203E-04 2.0000E-04
5.9983E-04 2.0000E-04
6.4696E-04 2.0000E-04
6.1807E-04 2.0000E-04
6.8586E-04 2.0000E-04
6.6419E-04 2.0000E-04
6.8178E-04 2.0000E-04
6.8577E-04 2.0000E-04
6.6877E-04 2.0000E-04
6.7012E-04 2.0000E-04
6.6551E-04 2.0000E-04
6.6776E-04 2.0000E-04
6.2783E-04 2.0000E-04
6.8079E-04 2.0000E-04
6.2477E-04 2.0000E-04
8.7576E-04 2.0000E-04
7.8194E-04 2.0000E-04
1.0970E-03 2.0000E-04
9.1758E-04 2.0000E-04
1.0761E-03 2.0000E-04
8.3458E-04 2.0000E-04
9.4229E-04 2.0000E-04
7.0132E-04 2.0000E-04
8.1875E-04 2.0000E-04
6.4547E-04 2.0000E-04
7.5687E-04 2.0000E-04
6.2016E-04 2.0000E-04
6.8854E-04 2.0000E-04
5.8464E-04 2.0000E-04
6.7403E-04 2.0000E-04
5.9722E-04 2.0000E-04
6.5859E-04 2.0000E-04
5.8785E-04 2.0000E-04
6.3446E-04 2.0000E-04
5.3960E-04 2.0000E-04
6.4379E-04 2.0000E-04
5.2572E-04 2.0000E-04
5.6035E-04 2.0000E-04
5.5549E-04 2.0000E-04
5.2085E-04 2.0000E-04
6.4139E-04 2.0000E-04
5.8314E-04 2.0000E-04
6.4171E-04 2.0000E-04
6.0292E-04 2.0000E-04
5.8783E-04 2.0000E-04
6.5479E-04 2.0000E-04
5.7545E-04 2.0000E-04
5.9671E-04 2.0000E-04
4.9940E-04 2.0000E-04
5.2685E-04 2.0000E-04
4.8126E-04 2.0000E-04
4.7829E-04 2.0000E-04
4.7284E-04 2.0000E-04
5.0517E-04 2.0000E-04
4.7430E-04 2.0000E-04
5.1662E-04 2.0000E-04
4.8228E-04 2.0000E-04
4.9436E-04 2.0000E-04
5.7947E-04 2.0000E-04
5.1807E-04 2.0000E-04
8.2982E-04 2.0000E-04
6.4218E-04 2.0000E-04
7.7172E-04 2.0000E-04
6.0758E-04 2.0000E-04
6.7783E-04 2.0000E-04
5.6567E-04 2.0000E-04
7.3776E-04 2.0000E-04
6.2538E-04 2.0000E-04
6.6258E-04 2.0000E-04
5.7061E-04 2.0000E-04
5.7478E-04 2.0000E-04
5.0841E-04 2.0000E-04
5.4493E-04 2.0000E-04
4.8194E-04 2.0000E-04
5.5508E-04 2.0000E-04
4.8580E-04 2.0000E-04
5.6069E-04 2.0000E-04
4.8048E-04 2.0000E-04
5.6424E-04 2.0000E-04
4.6566E-04 2.0000E-04
4.9324E-04 2.0000E-04
4.3732E-04 2.0000E-04
4.5978E-04 2.0000E-04
6.0396E-04 2.0000E-04
5.1782E-04 2.0000E-04
7.8249E-04 2.0000E-04
5.6326E-04 2.0000E-04
7.2327E-04 2.0000E-04
5.5000E-04 2.0000E-04
7.0558E-04 2.0000E-04
5.9104E-04 2.0000E-04
6.1157E-04 2.0000E-04
6.0298E-04 2.0000E-04
7.1329E-04 2.0000E-04
6.4621E-04 2.0000E-04
7.4420E-04 2.0000E-04
6.5856E-04 2.0000E-04
7.2366E-04 2.0000E-04
6.1055E-04 2.0000E-04
6.0975E-04 2.0000E-04
4.8860E-04 2.0000E-04
5.0979E-04 2.0000E-04
4.0263E-04 2.0000E-04
4.4384E-04 2.0000E-04
4.1594E-04 2.0000E-04
4.4321E-04 2.0000E-04
6.8796E-04 2.0000E-04
5.2827E-04 2.0000E-04
7.2811E-04 2.0000E-04
4.8109E-04 2.0000E-04
6.0277E-04 2.0000E-04
6.6682E-04 2.0000E-04
6.0935E-04 2.0000E-04
6.2291E-04 2.0000E-04
4.3463E-04 2.0000E-04
4.3210E-04 2.0000E-04
4.5612E-04 2.0000E-04
3.9904E-04 2.0000E-04
4.4570E-04 2.0000E-04
3.9974E-04 2.0000E-04
5.0566E-04 2.0000E-04
4.3075E-04 2.0000E-04
5.5745E-04 2.0000E-04
4.5034E-04 2.0000E-04
5.0264E-04 2.0000E-04
4.4454E-04 2.0000E-04
4.7353E-04 2.0000E-04
5.5225E-04 2.0000E-04
6.0102E-04 2.0000E-04
8.2457E-04 2.0000E-04
5.4966E-04 2.0000E-04
6.6109E-04 2.0000E-04
5.1989E-04 2.0000E-04
4.8014E-04 2.0000E-04
5.2316E-04 2.0000E-04
4.5727E-04 2.0000E-04
4.6119E-04 2.0000E-04
4.2213E-04 2.0000E-04
4.3849E-04 2.0000E-04
4.1314E-04 2.0000E-04
4.7781E-04 2.0000E-04
4.2399E-04 2.0000E-04
5.5664E-04 2.0000E-04
4.5517E-04 2.0000E-04
5.3420E-04 2.0000E-04
4.3403E-04 2.0000E-04
5.0157E-04 2.0000E-04
4.9675E-04 2.0000E-04
5.3933E-04 2.0000E-04
8.0198E-04 2.0000E-04
5.4993E-04 2.0000E-04
8.7037E-04 2.0000E-04
5.2752E-04 2.0000E-04
4.7248E-04 2.0000E-04
4.6195E-04 2.0000E-04
4.7591E-04 2.0000E-04
4.5301E-04 2.0000E-04
4.7513E-04 2.0000E-04
4.3913E-04 2.0000E-04
5.9454E-04 2.0000E-04
5.0010E-04 2.0000E-04
7.7094E-04 2.0000E-04
5.7426E-04 2.0000E-04
7.2002E-04 2.0000E-04
4.8079E-04 2.0000E-04
5.9315E-04 2.0000E-04
6.6502E-04 2.0000E-04
4.5295E-04 2.0000E-04
4.4696E-04 2.0000E-04
4.8517E-04 2.0000E-04
6.6699E-04 2.0000E-04
5.1055E-04 2.0000E-04
4.4690E-04 2.0000E-04
3.8322E-04 2.0000E-04
5.5599E-04 2.0000E-04
5.0409E-04 2.0000E-04
5.2326E-04 2.0000E-04
6.5722E-04 2.0000E-04
4.3344E-04 2.0000E-04
4.1112E-04 2.0000E-04
4.9011E-04 2.0000E-04
6.3963E-04 2.0000E-04
5.9227E-04 2.0000E-04
4.8356E-04 2.0000E-04
3.8651E-04 2.0000E-04
4.2464E-04 2.0000E-04
3.9416E-04 2.0000E-04
6.4494E-04 2.0000E-04
5.2952E-04 2.0000E-04
6.0533E-04 2.0000E-04
5.4500E-04 2.0000E-04
3.9945E-04 2.0000E-04
4.3922E-04 2.0000E-04
4.1323E-04 2.0000E-04
4.5442E-04 2.0000E-04
3.8542E-04 2.0000E-04
3.5113E-04 2.0000E-04
3.8238E-04 2.0000E-04
6.7760E-04 2.0000E-04
3.3994E-04 2.0000E-04
3.2144E-04 2.0000E-04
4.6231E-04 2.0000E-04
4.1091E-04 2.0000E-04
5.5336E-04 2.0000E-04
3.8086E-04 2.0000E-04
3.2665E-04 2.0000E-04
3.3491E-04 2.0000E-04
4.0993E-04 2.0000E-04
3.5174E-04 2.0000E-04
5.9110E-04 2.0000E-04
4.1667E-04 2.0000E-04
3.6479E-04 2.0000E-04
6.6575E-04 2.0000E-04
3.9912E-04 2.0000E-04
3.2663E-04 2.0000E-04
3.0663E-04 2.0000E-04
2.7088E-04 2.0000E-04
2.8103E-04 2.0000E-04
3.0585E-04 2.0000E-04
3.0013E-04 2.0000E-04
4.6945E-04 2.0000E-04
3.5622E-04 2.0000E-04
5.6986E-04 2.0000E-04
4.8903E-04 2.0000E-04
3.3690E-04 2.0000E-04
3.3698E-04 2.0000E-04
4.4619E-04 2.0000E-04
4.3600E-04 2.0000E-04
3.6520E-04 2.0000E-04
3.7938E-04 2.0000E-04
3.2567E-04 2.0000E-04
3.3332E-04 2.0000E-04
3.3758E-04 2.0000E-04
6.1174E-04 2.0000E-04
4.2981E-04 2.0000E-04
5.8080E-04 2.0000E-04
3.5498E-04 2.0000E-04
3.3524E-04 2.0000E-04
4.1655E-04 2.0000E-04
4.4764E-04 2.0000E-04
4.5240E-04 2.0000E-04
3.5048E-04 2.0000E-04
3.7083E-04 2.0000E-04
5.3353E-04 2.0000E-04
3.2955E-04 2.0000E-04
3.5445E-04 2.0000E-04
5.3009E-04 2.0000E-04
3.8771E-04 2.0000E-04
3.5229E-04 2.0000E-04
3.4576E-04 2.0000E-04
4.2647E-04 2.0000E-04
3.4424E-04 2.0000E-04
3.2677E-04 2.0000E-04
3.6657E-04 2.0000E-04
4.8000E-04 2.0000E-04
4.0321E-04 2.0000E-04
3.3671E-04 2.0000E-04
4.4341E-04 2.0000E-04
3.5444E-04 2.0000E-04
2.9765E-04 2.0000E-04
3.6731E-04 2.0000E-04
4.3471E-04 2.0000E-04
3.5227E-04 2.0000E-04
3.4848E-04 2.0000E-04
3.6294E-04 2.0000E-04
3.1266E-04 2.0000E-04
3.5557E-04 2.0000E-04
3.5199E-04 2.0000E-04
2.9708E-04 2.0000E-04
4.0456E-04 2.0000E-04
3.3882E-04 2.0000E-04
2.7311E-04 2.0000E-04
3.5614E-04 2.0000E-04
4.1597E-04 2.0000E-04
3.1227E-04 2.0000E-04
3.0314E-04 2.0000E-04
2.5824E-04 2.0000E-04
2.9851E-04 2.0000E-04
5.0922E-04 2.0000E-04
2.6460E-04 2.0000E-04
2.3195E-04 2.0000E-04
2.8010E-04 2.0000E-04
3.8023E-04 2.0000E-04
2.8073E-04 2.0000E-04
2.5214E-04 2.0000E-04
3.1418E-04 2.0000E-04
3.8883E-04 2.0000E-04
2.6688E-04 2.0000E-04
2.6513E-04 2.0000E-04
3.5723E-04 2.0000E-04
3.4728E-04 2.0000E-04
3.6582E-04 2.0000E-04
3.2468E-04 2.0000E-04
3.5761E-04 2.0000E-04
3.0504E-04 2.0000E-04
2.7903E-04 2.0000E-04
3.9666E-04 2.0000E-04
3.2066E-04 2.0000E-04
2.8425E-04 2.0000E-04
3.0808E-04 2.0000E-04
3.7957E-04 2.0000E-04
2.9011E-04 2.0000E-04
2.7192E-04 2.0000E-04
4.0370E-04 2.0000E-04
3.1296E-04 2.0000E-04
2.8223E-04 2.0000E-04
3.2580E-04 2.0000E-04
3.0879E-04 2.0000E-04
3.0587E-04 2.0000E-04
3.4658E-04 2.0000E-04
4.1458E-04 2.0000E-04
3.5145E-04 2.0000E-04
2.8099E-04 2.0000E-04
3.1258E-04 2.0000E-04
4.9343E-04 2.0000E-04
2.6967E-04 2.0000E-04
2.5329E-04 2.0000E-04
3.0321E-04 2.0000E-04
5.7986E-04 2.0000E-04
3.0671E-04 2.0000E-04
2.8186E-04 2.0000E-04
4.3772E-04 2.0000E-04
3.8357E-04 2.0000E-04
3.1062E-04 2.0000E-04
3.1439E-04 2.0000E-04
3.0455E-04 2.0000E-04
4.1943E-04 2.0000E-04
3.5054E-04 2.0000E-04
3.4888E-04 2.0000E-04
4.5374E-04 2.0000E-04
3.7164E-04 2.0000E-04
3.2607E-04 2.0000E-04
3.2076E-04 2.0000E-04
3.9142E-04 2.0000E-04
3.0819E-04 2.0000E-04
4.1675E-04 2.0000E-04
3.3193E-04 2.0000E-04
2.9735E-04 2.0000E-04
3.7709E-04 2.0000E-04
3.9343E-04 2.0000E-04
3.2942E-04 2.0000E-04
4.2502E-04 2.0000E-04
4.4348E-04 2.0000E-04
3.1784E-04 2.0000E-04
2.9073E-04 2.0000E-04
3.6374E-04 2.0000E-04
3.4636E-04 2.0000E-04
2.9989E-04 2.0000E-04
3.3769E-04 2.0000E-04
4.4145E-04 2.0000E-04
3.7798E-04 2.0000E-04
3.2981E-04 2.0000E-04
2.9158E-04 2.0000E-04
2.9595E-04 2.0000E-04
4.1120E-04 2.0000E-04
3.4215E-04 2.0000E-04
2.8867E-04 2.0000E-04
3.2481E-04 2.0000E-04
4.1620E-04 2.0000E-04
2.9648E-04 2.0000E-04
3.3498E-04 2.0000E-04
3.2405E-04 2.0000E-04
2.6968E-04 2.0000E-04
3.9590E-04 2.0000E-04
3.0323E-04 2.0000E-04
2.9122E-04 2.0000E-04
4.3890E-04 2.0000E-04
2.8340E-04 2.0000E-04
2.3074E-04 2.0000E-04
2.9585E-04 2.0000E-04
5.7071E-04 2.0000E-04
2.7496E-04 2.0000E-04
2.0521E-04 2.0000E-04
3.0962E-04 2.0000E-04
4.4675E-04 2.0000E-04
2.5976E-04 2.0000E-04
2.5077E-04 2.0000E-04
2.9711E-04 2.0000E-04
4.3866E-04 2.0000E-04
2.8898E-04 2.0000E-04
2.9577E-04 2.0000E-04
3.4118E-04 2.0000E-04
2.9458E-04 2.0000E-04
2.5528E-04 2.0000E-04
3.3804E-04 2.0000E-04
3.3966E-04 2.0000E-04
2.7677E-04 2.0000E-04
2.7644E-04 2.0000E-04
3.2121E-04 2.0000E-04
2.3974E-04 2.0000E-04
2.5204E-04 2.0000E-04
3.0772E-04 2.0000E-04
2.2673E-04 2.0000E-04
2.0043E-04 2.0000E-04
2.8023E-04 2.0000E-04
2.8999E-04 2.0000E-04
3.4254E-04 2.0000E-04
2.5562E-04 2.0000E-04
1.8918E-04 2.0000E-04
1.9397E-04 2.0000E-04
3.1368E-04 2.0000E-04
2.3471E-04 2.0000E-04
1.7549E-04 2.0000E-04
2.1004E-04 2.0000E-04
2.4742E-04 2.0000E-04
1.9416E-04 2.0000E-04
2.4681E-04 2.0000E-04
2.7378E-04 2.0000E-04
1.8007E-04 2.0000E-04
1.8860E-04 2.0000E-04
2.8189E-04 2.0000E-04
1.6345E-04 2.0000E-04
1.5968E-04 2.0000E-04
1.8049E-04 2.0000E-04
3.1633E-04 2.0000E-04
1.6534E-04 2.0000E-04
1.4276E-04 2.0000E-04
1.7476E-04 2.0000E-04
3.3729E-04 2.0000E-04
1.6776E-04 2.0000E-04
1.3598E-04 2.0000E-04
1.6082E-04 2.0000E-04
2.4995E-04 2.0000E-04
2.9885E-04 2.0000E-04
1.3944E-04 2.0000E-04
1.4413E-04 2.0000E-04
1.7806E-04 2.0000E-04
4.3718E-04 2.0000E-04
1.5164E-04 2.0000E-04
1.2697E-04 2.0000E-04
1.7078E-04 2.0000E-04
2.5363E-04 2.0000E-04
1.9170E-04 2.0000E-04
1.3284E-04 2.0000E-04
1.8904E-04 2.0000E-04
2.1997E-04 2.0000E-04
1.8475E-04 2.0000E-04
3.6644E-04 2.0000E-04
1.5933E-04 2.0000E-04
1.3559E-04 2.0000E-04
1.6912E-04 2.0000E-04
3.4101E-04 2.0000E-04
1.6585E-04 2.0000E-04
1.3595E-04 2.0000E-04
1.6301E-04 2.0000E-04
3.4442E-04 2.0000E-04
1.5924E-04 2.0000E-04
1.3909E-04 2.0000E-04
1.7598E-04 2.0000E-04
2.8447E-04 2.0000E-04
1.6720E-04 2.0000E-04
1.6047E-04 2.0000E-04
2.3299E-04 2.0000E-04
2.5504E-04 2.0000E-04
2.2287E-04 2.0000E-04
2.4660E-04 2.0000E-04
2.4734E-04 2.0000E-04
2.3223E-04 2.0000E-04
2.8673E-04 2.0000E-04
3.7452E-04 2.0000E-04
3.2175E-04 2.0000E-04
2.1299E-04 2.0000E-04
2.0573E-04 2.0000E-04
3.0057E-04 2.0000E-04
3.0195E-04 2.0000E-04
2.2636E-04 2.0000E-04
2.6567E-04 2.0000E-04
2.3516E-04 2.0000E-04
1.8111E-04 2.0000E-04
2.7411E-04 2.0000E-04
2.2529E-04 2.0000E-04
2.0154E-04 2.0000E-04
2.8339E-04 2.0000E-04
2.3868E-04 2.0000E-04
2.1852E-04 2.0000E-04
2.9556E-04 2.0000E-04
2.7829E-04 2.0000E-04
2.3178E-04 2.0000E-04
3.1465E-04 2.0000E-04
3.0288E-04 2.0000E-04
2.0976E-04 2.0000E-04
2.6665E-04 2.0000E-04
3.2335E-04 2.0000E-04
2.1977E-04 2.0000E-04
2.5795E-04 2.0000E-04
3.0635E-04 2.0000E-04
2.5150E-04 2.0000E-04
5.2922E-04 2.0000E-04
1.9986E-04 2.0000E-04
1.6941E-04 2.0000E-04
2.3106E-04 2.0000E-04
4.7925E-04 2.0000E-04
2.3121E-04 2.0000E-04
1.9572E-04 2.0000E-04
2.7488E-04 2.0000E-04
2.9079E-04 2.0000E-04
2.4525E-04 2.0000E-04
2.2085E-04 2.0000E-04
1.9737E-04 2.0000E-04
1.9988E-04 2.0000E-04
3.2271E-04 2.0000E-04
1.7699E-04 2.0000E-04
1.7838E-04 2.0000E-04
1.9652E-04 2.0000E-04
2.3021E-04 2.0000E-04
1.9136E-04 2.0000E-04
1.7460E-04 2.0000E-04
1.9138E-04 2.0000E-04
1.9488E-04 2.0000E-04
1.8530E-04 2.0000E-04
1.7081E-04 2.0000E-04
1.9933E-04 2.0000E-04
2.1733E-04 2.0000E-04
1.5999E-04 2.0000E-04
1.5916E-04 2.0000E-04
1.9680E-04 2.0000E-04
2.0699E-04 2.0000E-04
1.7663E-04 2.0000E-04
1.6226E-04 2.0000E-04
2.0970E-04 2.0000E-04
2.1272E-04 2.0000E-04
1.7992E-04 2.0000E-04
1.8194E-04 2.0000E-04
1.6278E-04 2.0000E-04
1.4873E-04 2.0000E-04
2.6583E-04 2.0000E-04
1.5023E-04 2.0000E-04
1.4773E-04 2.0000E-04
1.8769E-04 2.0000E-04
2.9638E-04 2.0000E-04
1.4740E-04 2.0000E-04
1.4155E-04 2.0000E-04
1.8917E-04 2.0000E-04
2.3923E-04 2.0000E-04
1.4115E-04 2.0000E-04
1.4698E-04 2.0000E-04
1.6757E-04 2.0000E-04
2.6262E-04 2.0000E-04
1.6971E-04 2.0000E-04
1.4715E-04 2.0000E-04
1.8478E-04 2.0000E-04
2.0922E-04 2.0000E-04
1.4961E-04 2.0000E-04
1.7047E-04 2.0000E-04
1.8971E-04 2.0000E-04
1.6796E-04 2.0000E-04
3.6002E-04 2.0000E-04
1.5826E-04 2.0000E-04
1.8002E-04 2.0000E-04
2.3777E-04 2.0000E-04
2.0558E-04 2.0000E-04
1.9993E-04 2.0000E-04
2.3081E-04 2.0000E-04
2.3379E-04 2.0000E-04
2.2120E-04 2.0000E-04
2.3531E-04 2.0000E-04
1.9285E-04 2.0000E-04
3.9189E-04 2.0000E-04
3.7724E-04 2.0000E-04
1.7318E-04 2.0000E-04
1.3502E-04 2.0000E-04
2.2609E-04 2.0000E-04
2.9598E-04 2.0000E-04
1.6243E-04 2.0000E-04
1.3639E-04 2.0000E-04
2.0080E-04 2.0000E-04
1.7537E-04 2.0000E-04
1.4012E-04 2.0000E-04
1.4186E-04 2.0000E-04
1.6857E-04 2.0000E-04
1.2305E-04 2.0000E-04
1.3459E-04 2.0000E-04
1.3929E-04 2.0000E-04
1.4485E-04 2.0000E-04
1.0339E-04 2.0000E-04
9.4947E-05 2.0000E-04
1.2117E-04 2.0000E-04
1.0208E-04 2.0000E-04
9.1115E-05 2.0000E-04
1.0019E-04 2.0000E-04
1.0589E-04 2.0000E-04
9.5543E-05 2.0000E-04
9.6748E-05 2.0000E-04
9.5088E-05 2.0000E-04
9.3192E-05 2.0000E-04
1.1293E-04 2.0000E-04
8.9725E-05 2.0000E-04
8.5623E-05 2.0000E-04
1.2677E-04 2.0000E-04
8.2324E-05 2.0000E-04
8.0714E-05 2.0000E-04
1.1845E-04 2.0000E-04
1.1221E-04 2.0000E-04
8.0341E-05 2.0000E-04
8.4963E-05 2.0000E-04
1.1368E-04 2.0000E-04
9.1351E-05 2.0000E-04
1.0212E-04 2.0000E-04
8.6184E-05 2.0000E-04
9.7875E-05 2.0000E-04
1.3798E-04 2.0000E-04
9.1146E-05 2.0000E-04
9.6303E-05 2.0000E-04
1.3851E-04 2.0000E-04
1.1025E-04 2.0000E-04
1.1406E-04 2.0000E-04
1.0732E-04 2.0000E-04
1.2083E-04 2.0000E-04
1.6411E-04 2.0000E-04
1.0357E-04 2.0000E-04
1.0365E-04 2.0000E-04
1.2814E-04 2.0000E-04
2.1322E-04 2.0000E-04
1.0648E-04 2.0000E-04
1.3370E-04 2.0000E-04
9.8315E-05 2.0000E-04
8.6776E-05 2.0000E-04
1.1768E-04 2.0000E-04
1.2260E-04 2.0000E-04
8.8782E-05 2.0000E-04
8.6710E-05 2.0000E-04
1.1297E-04 2.0000E-04
9.0021E-05 2.0000E-04
1.0800E-04 2.0000E-04
9.4884E-05 2.0000E-04
9.3109E-05 2.0000E-04
1.1829E-04 2.0000E-04
9.4129E-05 2.0000E-04
7.8952E-05 2.0000E-04
9.0781E-05 2.0000E-04
1.3963E-04 2.0000E-04
8.3298E-05 2.0000E-04
7.1581E-05 2.0000E-04
8.9113E-05 2.0000E-04
1.2238E-04 2.0000E-04
7.7531E-05 2.0000E-04
7.6768E-05 2.0000E-04
1.0072E-04 2.0000E-04
1.0424E-04 2.0000E-04
8.5145E-05 2.0000E-04
8.0200E-05 2.0000E-04
9.2873E-05 2.0000E-04
1.0793E-04 2.0000E-04
1.0759E-04 2.0000E-04
8.5527E-05 2.0000E-04
9.7861E-05 2.0000E-04
9.2346E-05 2.0000E-04
8.2626E-05 2.0000E-04
1.1732E-04 2.0000E-04
9.0242E-05 2.0000E-04
7.8540E-05 2.0000E-04
1.1243E-04 2.0000E-04
1.0496E-04 2.0000E-04
7.3783E-05 2.0000E-04
7.5003E-05 2.0000E-04
1.1159E-04 2.0000E-04
8.2648E-05 2.0000E-04
9.4123E-05 2.0000E-04
1.1876E-04 2.0000E-04
8.1513E-05 2.0000E-04
7.1471E-05 2.0000E-04
9.5700E-05 2.0000E-04
8.3508E-05 2.0000E-04
1.7259E-04 2.0000E-04
8.1482E-05 2.0000E-04
7.4030E-05 2.0000E-04
1.0754E-04 2.0000E-04
1.2483E-04 2.0000E-04
9.3032E-05 2.0000E-04
9.3370E-05 2.0000E-04
1.1778E-04 2.0000E-04
1.0471E-04 2.0000E-04
1.2576E-04 2.0000E-04
9.7889E-05 2.0000E-04
9.7603E-05 2.0000E-04
1.4841E-04 2.0000E-04
1.0574E-04 2.0000E-04
9.6611E-05 2.0000E-04
1.2422E-04 2.0000E-04
1.2780E-04 2.0000E-04
9.5709E-05 2.0000E-04
1.0773E-04 2.0000E-04
1.5561E-04 2.0000E-04
1.1153E-04 2.0000E-04
1.3888E-04 2.0000E-04
1.3422E-04 2.0000E-04
1.1251E-04 2.0000E-04
1.3111E-04 2.0000E-04
2.0470E-04 2.0000E-04
1.5905E-04 2.0000E-04
1.4287E-04 2.0000E-04
1.1002E-04 2.0000E-04
1.1546E-04 2.0000E-04
1.8533E-04 2.0000E-04
1.2690E-04 2.0000E-04
1.1158E-04 2.0000E-04
1.3074E-04 2.0000E-04
1.3355E-04 2.0000E-04
1.5445E-04 2.0000E-04
1.0318E-04 2.0000E-04
1.0778E-04 2.0000E-04
1.7865E-04 2.0000E-04
1.2151E-04 2.0000E-04
1.0286E-04 2.0000E-04
1.0129E-04 2.0000E-04
1.2656E-04 2.0000E-04
1.2796E-04 2.0000E-04
8.4851E-05 2.0000E-04
9.1108E-05 2.0000E-04
1.2974E-04 2.0000E-04
1.0539E-04 2.0000E-04
9.8875E-05 2.0000E-04
1.0601E-04 2.0000E-04
1.1663E-04 2.0000E-04
1.0637E-04 2.0000E-04
1.1656E-04 2.0000E-04
1.0674E-04 2.0000E-04
1.0423E-04 2.0000E-04
2.0705E-04 2.0000E-04
1.2066E-04 2.0000E-04
1.5966E-04 2.0000E-04
1.2883E-04 2.0000E-04
1.0706E-04 2.0000E-04
1.4422E-04 2.0000E-04
1.8396E-04 2.0000E-04
1.2821E-04 2.0000E-04
1.3701E-04 2.0000E-04
1.5846E-04 2.0000E-04
1.3302E-04 2.0000E-04
2.0193E-04 2.0000E-04
1.6353E-04 2.0000E-04
1.5677E-04 2.0000E-04
1.4913E-04 2.0000E-04
1.3202E-04 2.0000E-04
1.3030E-04 2.0000E-04
2.2192E-04 2.0000E-04
1.3245E-04 2.0000E-04
1.2459E-04 2.0000E-04
1.3060E-04 2.0000E-04
1.6464E-04 2.0000E-04
1.2678E-04 2.0000E-04
1.1762E-04 2.0000E-04
1.3488E-04 2.0000E-04
1.6483E-04 2.0000E-04
1.1676E-04 2.0000E-04
1.1284E-04 2.0000E-04
1.7408E-04 2.0000E-04
1.4496E-04 2.0000E-04
1.2892E-04 2.0000E-04
1.3400E-04 2.0000E-04
1.5209E-04 2.0000E-04
1.1533E-04 2.0000E-04
1.3959E-04 2.0000E-04
1.6833E-04 2.0000E-04
1.2593E-04 2.0000E-04
1.5101E-04 2.0000E-04
1.7177E-04 2.0000E-04
1.3767E-04 2.0000E-04
2.0424E-04 2.0000E-04
1.7027E-04 2.0000E-04
1.3705E-04 2.0000E-04
1.6530E-04 2.0000E-04
1.3607E-04 2.0000E-04
1.2018E-04 2.0000E-04
1.7599E-04 2.0000E-04
1.9140E-04 2.0000E-04
1.2953E-04 2.0000E-04
1.2445E-04 2.0000E-04
1.7603E-04 2.0000E-04
1.7705E-04 2.0000E-04
2.0869E-04 2.0000E-04
1.4619E-04 2.0000E-04
1.6600E-04 2.0000E-04
2.1452E-04 2.0000E-04
2.4091E-04 2.0000E-04
1.9644E-04 2.0000E-04
1.4568E-04 2.0000E-04
1.5930E-04 2.0000E-04
2.2894E-04 2.0000E-04
1.7407E-04 2.0000E-04
1.5410E-04 2.0000E-04
2.1269E-04 2.0000E-04
1.8260E-04 2.0000E-04
1.7862E-04 2.0000E-04
2.1151E-04 2.0000E-04
1.7505E-04 2.0000E-04
2.1671E-04 2.0000E-04
2.0269E-04 2.0000E-04
1.9076E-04 2.0000E-04
1.7911E-04 2.0000E-04
2.3656E-04 2.0000E-04
2.1988E-04 2.0000E-04
1.7921E-04 2.0000E-04
1.9394E-04 2.0000E-04
2.6229E-04 2.0000E-04
1.9835E-04 2.0000E-04
1.9981E-04 2.0000E-04
2.2341E-04 2.0000E-04
2.1935E-04 2.0000E-04
3.0337E-04 2.0000E-04
2.6067E-04 2.0000E-04
1.7424E-04 2.0000E-04
1.6093E-04 2.0000E-04
2.3723E-04 2.0000E-04
2.3034E-04 2.0000E-04
1.4492E-04 2.0000E-04
1.4585E-04 2.0000E-04
1.7747E-04 2.0000E-04
1.6966E-04 2.0000E-04
2.1342E-04 2.0000E-04
1.2633E-04 2.0000E-04
1.1640E-04 2.0000E-04
1.4844E-04 2.0000E-04
1.8416E-04 2.0000E-04
1.2657E-04 2.0000E-04
1.2390E-04 2.0000E-04
1.5212E-04 2.0000E-04
1.4570E-04 2.0000E-04
1.4422E-04 2.0000E-04
1.2685E-04 2.0000E-04
1.2509E-04 2.0000E-04
1.2282E-04 2.0000E-04
1.3536E-04 2.0000E-04
1.2719E-04 2.0000E-04
1.1880E-04 2.0000E-04
1.3500E-04 2.0000E-04
1.2389E-04 2.0000E-04
1.0941E-04 2.0000E-04
1.3293E-04 2.0000E-04
1.4253E-04 2.0000E-04
1.1081E-04 2.0000E-04
1.1540E-04 2.0000E-04
1.5068E-04 2.0000E-04
1.1521E-04 2.0000E-04
1.3224E-04 2.0000E-04
1.3939E-04 2.0000E-04
1.1755E-04 2.0000E-04
1.6152E-04 2.0000E-04
1.5259E-04 2.0000E-04
1.2497E-04 2.0000E-04
1.5975E-04 2.0000E-04
1.8318E-04 2.0000E-04
1.2445E-04 2.0000E-04
1.2032E-04 2.0000E-04
1.4135E-04 2.0000E-04
1.3112E-04 2.0000E-04
3.0208E-04 2.0000E-04
1.1554E-04 2.0000E-04
1.0620E-04 2.0000E-04
1.6141E-04 2.0000E-04
1.6103E-04 2.0000E-04
1.2996E-04 2.0000E-04
1.4039E-04 2.0000E-04
1.4079E-04 2.0000E-04
1.2663E-04 2.0000E-04
1.8503E-04 2.0000E-04
1.3736E-04 2.0000E-04
1.2418E-04 2.0000E-04
1.6624E-04 2.0000E-04
1.7895E-04 2.0000E-04
1.3861E-04 2.0000E-04
1.6102E-04 2.0000E-04
2.1430E-04 2.0000E-04
1.6111E-04 2.0000E-04
1.9027E-04 2.0000E-04
2.4946E-04 2.0000E-04
2.1050E-04 2.0000E-04
1.8152E-04 2.0000E-04
1.6254E-04 2.0000E-04
1.5473E-04 2.0000E-04
2.9168E-04 2.0000E-04
1.6789E-04 2.0000E-04
1.5219E-04 2.0000E-04
1.9472E-04 2.0000E-04
2.4038E-04 2.0000E-04
1.6118E-04 2.0000E-04
1.5147E-04 2.0000E-04
1.7743E-04 2.0000E-04
2.5410E-04 2.0000E-04
1.6468E-04 2.0000E-04
1.6447E-04 2.0000E-04
1.4665E-04 2.0000E-04
1.4672E-04 2.0000E-04
2.3687E-04 2.0000E-04
1.4360E-04 2.0000E-04
1.2680E-04 2.0000E-04
1.5881E-04 2.0000E-04
1.8060E-04 2.0000E-04
1.3739E-04 2.0000E-04
1.3200E-04 2.0000E-04
1.6191E-04 2.0000E-04
1.8277E-04 2.0000E-04
1.2644E-04 2.0000E-04
1.2476E-04 2.0000E-04
1.7493E-04 2.0000E-04
1.2415E-04 2.0000E-04
1.1909E-04 2.0000E-04
1.4991E-04 2.0000E-04
1.2796E-04 2.0000E-04
1.1024E-04 2.0000E-04
1.6580E-04 2.0000E-04
1.3408E-04 2.0000E-04
1.2208E-04 2.0000E-04
1.0661E-04 2.0000E-04
1.0233E-04 2.0000E-04
1.1115E-04 2.0000E-04
1.2308E-04 2.0000E-04
9.2218E-05 2.0000E-04
8.4331E-05 2.0000E-04
1.0942E-04 2.0000E-04
1.1992E-04 2.0000E-04
8.2609E-05 2.0000E-04
8.0336E-05 2.0000E-04
1.0812E-04 2.0000E-04
8.7374E-05 2.0000E-04
9.9184E-05 2.0000E-04
8.4656E-05 2.0000E-04
8.0540E-05 2.0000E-04
1.1791E-04 2.0000E-04
9.6997E-05 2.0000E-04
8.8144E-05 2.0000E-04
1.1776E-04 2.0000E-04
1.4393E-04 2.0000E-04
9.0708E-05 2.0000E-04
8.5173E-05 2.0000E-04
1.1144E-04 2.0000E-04
1.1253E-04 2.0000E-04
1.8731E-04 2.0000E-04
1.0306E-04 2.0000E-04
9.9331E-05 2.0000E-04
1.2517E-04 2.0000E-04
1.3854E-04 2.0000E-04
1.3922E-04 2.0000E-04
1.2593E-04 2.0000E-04
1.2712E-04 2.0000E-04
1.5684E-04 2.0000E-04
1.4369E-04 2.0000E-04
1.5819E-04 2.0000E-04
2.3974E-04 2.0000E-04
1.7264E-04 2.0000E-04
1.5713E-04 2.0000E-04
1.2547E-04 2.0000E-04
1.8834E-04 2.0000E-04
2.4232E-04 2.0000E-04
1.6226E-04 2.0000E-04
1.6348E-04 2.0000E-04
1.6254E-04 2.0000E-04
1.6316E-04 2.0000E-04
2.0104E-04 2.0000E-04
1.5871E-04 2.0000E-04
1.4175E-04 2.0000E-04
1.9950E-04 2.0000E-04
1.6565E-04 2.0000E-04
1.2970E-04 2.0000E-04
1.6256E-04 2.0000E-04
1.9072E-04 2.0000E-04
1.5293E-04 2.0000E-04
2.2896E-04 2.0000E-04
1.6397E-04 2.0000E-04
1.1557E-04 2.0000E-04
1.0284E-04 2.0000E-04
1.9086E-04 2.0000E-04
1.3632E-04 2.0000E-04
1.0028E-04 2.0000E-04
1.1274E-04 2.0000E-04
1.9312E-04 2.0000E-04
1.1437E-04 2.0000E-04
9.6636E-05 2.0000E-04
1.2182E-04 2.0000E-04
1.1408E-04 2.0000E-04
1.5712E-04 2.0000E-04
9.6926E-05 2.0000E-04
9.4416E-05 2.0000E-04
1.2578E-04 2.0000E-04
1.2293E-04 2.0000E-04
9.0574E-05 2.0000E-04
9.7640E-05 2.0000E-04
1.3850E-04 2.0000E-04
9.4416E-05 2.0000E-04
9.6663E-05 2.0000E-04
1.0939E-04 2.0000E-04
9.5397E-05 2.0000E-04
1.1246E-04 2.0000E-04
1.0943E-04 2.0000E-04
9.5761E-05 2.0000E-04
1.0947E-04 2.0000E-04
1.3841E-04 2.0000E-04
9.5433E-05 2.0000E-04
8.6371E-05 2.0000E-04
1.2500E-04 2.0000E-04
1.0228E-04 2.0000E-04
1.6596E-04 2.0000E-04
9.9858E-05 2.0000E-04
9.6033E-05 2.0000E-04
1.2768E-04 2.0000E-04
2.0572E-04 2.0000E-04
1.0343E-04 2.0000E-04
9.2115E-05 2.0000E-04
1.1343E-04 2.0000E-04
2.6862E-04 2.0000E-04
1.5828E-04 2.0000E-04
1.6266E-04 2.0000E-04
8.7698E-05 2.0000E-04
1.0476E-04 2.0000E-04
1.2384E-04 2.0000E-04
3.0585E-04 2.0000E-04
1.0334E-04 2.0000E-04
8.6097E-05 2.0000E-04
1.1797E-04 2.0000E-04
1.6618E-04 2.0000E-04
1.1142E-04 2.0000E-04
8.6865E-05 2.0000E-04
1.0761E-04 2.0000E-04
1.1889E-04 2.0000E-04
1.3405E-04 2.0000E-04
8.3604E-05 2.0000E-04
8.3075E-05 2.0000E-04
1.0606E-04 2.0000E-04
1.8331E-04 2.0000E-04
7.4918E-05 2.0000E-04
6.5343E-05 2.0000E-04
8.3110E-05 2.0000E-04
1.5527E-04 2.0000E-04
7.6582E-05 2.0000E-04
6.1020E-05 2.0000E-04
7.6564E-05 2.0000E-04
1.2923E-04 2.0000E-04
7.5588E-05 2.0000E-04
6.0675E-05 2.0000E-04
7.1494E-05 2.0000E-04
1.2174E-04 2.0000E-04
7.0674E-05 2.0000E-04
5.7616E-05 2.0000E-04
6.9651E-05 2.0000E-04
1.0214E-04 2.0000E-04
6.5932E-05 2.0000E-04
5.7756E-05 2.0000E-04
7.1554E-05 2.0000E-04
6.7955E-05 2.0000E-04
9.1374E-05 2.0000E-04
5.6315E-05 2.0000E-04
5.6320E-05 2.0000E-04
7.0728E-05 2.0000E-04
9.0372E-05 2.0000E-04
5.5318E-05 2.0000E-04
5.2388E-05 2.0000E-04
6.0412E-05 2.0000E-04
9.2215E-05 2.0000E-04
4.9735E-05 2.0000E-04
4.8898E-05 2.0000E-04
5.7617E-05 2.0000E-04
1.2876E-04 2.0000E-04
4.5561E-05 2.0000E-04
3.8110E-05 2.0000E-04
5.0218E-05 2.0000E-04
6.4542E-05 2.0000E-04
1.1287E-04 2.0000E-04
4.0739E-05 2.0000E-04
3.9876E-05 2.0000E-04
5.3143E-05 2.0000E-04
1.0413E-04 2.0000E-04
4.7499E-05 2.0000E-04
4.0187E-05 2.0000E-04
4.9343E-05 2.0000E-04
7.9506E-05 2.0000E-04
4.6793E-05 2.0000E-04
3.9983E-05 2.0000E-04
5.8901E-05 2.0000E-04
6.6974E-05 2.0000E-04
4.7610E-05 2.0000E-04
5.5652E-05 2.0000E-04
6.4173E-05 2.0000E-04
5.0383E-05 2.0000E-04
5.6931E-05 2.0000E-04
6.8249E-05 2.0000E-04
5.1371E-05 2.0000E-04
4.3415E-05 2.0000E-04
5.9856E-05 2.0000E-04
5.3840E-05 2.0000E-04
1.1974E-04 2.0000E-04
4.8140E-05 2.0000E-04
3.8439E-05 2.0000E-04
4.3830E-05 2.0000E-04
1.0462E-04 2.0000E-04
4.9400E-05 2.0000E-04
4.0128E-05 2.0000E-04
4.9305E-05 2.0000E-04
6.3685E-05 2.0000E-04
8.4813E-05 2.0000E-04
4.1486E-05 2.0000E-04
4.3150E-05 2.0000E-04
5.5769E-05 2.0000E-04
1.1853E-04 2.0000E-04
4.6625E-05 2.0000E-04
4.0043E-05 2.0000E-04
5.2813E-05 2.0000E-04
8.2883E-05 2.0000E-04
4.9973E-05 2.0000E-04
4.0493E-05 2.0000E-04
5.9786E-05 2.0000E-04
6.3873E-05 2.0000E-04
5.0100E-05 2.0000E-04
7.9419E-05 2.0000E-04
7.0000E-05 2.0000E-04
5.0311E-05 2.0000E-04
4.7600E-05 2.0000E-04
7.2454E-05 2.0000E-04
6.2249E-05 2.0000E-04
1.2456E-04 2.0000E-04
5.0875E-05 2.0000E-04
4.7493E-05 2.0000E-04
6.3023E-05 2.0000E-04
1.1859E-04 2.0000E-04
6.1465E-05 2.0000E-04
5.3572E-05 2.0000E-04
6.8441E-05 2.0000E-04
1.2938E-04 2.0000E-04
7.8320E-05 2.0000E-04
1.1641E-04 2.0000E-04
7.6122E-05 2.0000E-04
7.0854E-05 2.0000E-04
8.9679E-05 2.0000E-04
1.3199E-04 2.0000E-04
8.4119E-05 2.0000E-04
7.9730E-05 2.0000E-04
1.1334E-04 2.0000E-04
1.5947E-04 2.0000E-04
2.2453E-04 2.0000E-04
8.3303E-05 2.0000E-04
8.9390E-05 2.0000E-04
1.1235E-04 2.0000E-04
1.4600E-04 2.0000E-04
2.2784E-04 2.0000E-04
1.2537E-04 2.0000E-04
1.4980E-04 2.0000E-04
9.7933E-05 2.0000E-04
1.1808E-04 2.0000E-04
1.3813E-04 2.0000E-04
2.8991E-04 2.0000E-04
1.1989E-04 2.0000E-04
1.0971E-04 2.0000E-04
1.7121E-04 2.0000E-04
1.6836E-04 2.0000E-04
1.2533E-04 2.0000E-04
1.3055E-04 2.0000E-04
1.3724E-04 2.0000E-04
2.2227E-04 2.0000E-04
1.5902E-04 2.0000E-04
1.2190E-04 2.0000E-04
1.1131E-04 2.0000E-04
2.1505E-04 2.0000E-04
1.1876E-04 2.0000E-04
9.8691E-05 2.0000E-04
1.1252E-04 2.0000E-04
2.9011E-04 2.0000E-04
1.0957E-04 2.0000E-04
1.0251E-04 2.0000E-04
1.5987E-04 2.0000E-04
1.2504E-04 2.0000E-04
1.1589E-04 2.0000E-04
1.4308E-04 2.0000E-04
1.4841E-04 2.0000E-04
1.1410E-04 2.0000E-04
1.2455E-04 2.0000E-04
1.5672E-04 2.0000E-04
1.2097E-04 2.0000E-04
1.4670E-04 2.0000E-04
1.7389E-04 2.0000E-04
1.2904E-04 2.0000E-04
1.2635E-04 2.0000E-04
2.0034E-04 2.0000E-04
1.4820E-04 2.0000E-04
1.4621E-04 2.0000E-04
1.6404E-04 2.0000E-04
1.5228E-04 2.0000E-04
1.6188E-04 2.0000E-04
1.5126E-04 2.0000E-04
1.4956E-04 2.0000E-04
1.9974E-04 2.0000E-04
1.9746E-04 2.0000E-04
1.3434E-04 2.0000E-04
1.3055E-04 2.0000E-04
1.6847E-04 2.0000E-04
2.1836E-04 2.0000E-04
1.3027E-04 2.0000E-04
1.3311E-04 2.0000E-04
1.5906E-04 2.0000E-04
3.2956E-04 2.0000E-04
1.2104E-04 2.0000E-04
1.1655E-04 2.0000E-04
1.9809E-04 2.0000E-04
1.7851E-04 2.0000E-04
1.2809E-04 2.0000E-04
1.3350E-04 2.0000E-04
1.6625E-04 2.0000E-04
1.2637E-04 2.0000E-04
1.7928E-04 2.0000E-04
1.3962E-04 2.0000E-04
1.1219E-04 2.0000E-04
1.5559E-04 2.0000E-04
1.2720E-04 2.0000E-04
1.1527E-04 2.0000E-04
1.2764E-04 2.0000E-04
1.2786E-04 2.0000E-04
1.1008E-04 2.0000E-04
1.4236E-04 2.0000E-04
1.0438E-04 2.0000E-04
9.3363E-05 2.0000E-04
1.7616E-04 2.0000E-04
1.3547E-04 2.0000E-04
8.3626E-05 2.0000E-04
7.2423E-05 2.0000E-04
9.4164E-05 2.0000E-04
1.3791E-04 2.0000E-04
8.2255E-05 2.0000E-04
8.4331E-05 2.0000E-04
9.4739E-05 2.0000E-04
1.7940E-04 2.0000E-04
7.3172E-05 2.0000E-04
7.2990E-05 2.0000E-04
8.7842E-05 2.0000E-04
1.6017E-04 2.0000E-04
7.3352E-05 2.0000E-04
6.8822E-05 2.0000E-04
8.3167E-05 2.0000E-04
1.8159E-04 2.0000E-04
7.9376E-05 2.0000E-04
6.3093E-05 2.0000E-04
7.6511E-05 2.0000E-04
1.2548E-04 2.0000E-04
8.4081E-05 2.0000E-04
6.4609E-05 2.0000E-04
9.6357E-05 2.0000E-04
9.0474E-05 2.0000E-04
8.8806E-05 2.0000E-04
1.2586E-04 2.0000E-04
8.8017E-05 2.0000E-04
7.1655E-05 2.0000E-04
7.9187E-05 2.0000E-04
1.1177E-04 2.0000E-04
8.3494E-05 2.0000E-04
8.7042E-05 2.0000E-04
9.5357E-05 2.0000E-04
7.4134E-05 2.0000E-04
7.8690E-05 2.0000E-04
9.9121E-05 2.0000E-04
7.5212E-05 2.0000E-04
8.7240E-05 2.0000E-04
9.9336E-05 2.0000E-04
7.1163E-05 2.0000E-04
7.5241E-05 2.0000E-04
7.6876E-05 2.0000E-04
6.8433E-05 2.0000E-04
1.0492E-04 2.0000E-04
7.4816E-05 2.0000E-04
6.0286E-05 2.0000E-04
6.7999E-05 2.0000E-04
1.1162E-04 2.0000E-04
7.1352E-05 2.0000E-04
6.4517E-05 2.0000E-04
7.2747E-05 2.0000E-04
5.8803E-05 2.0000E-04
9.9295E-05 2.0000E-04
6.5990E-05 2.0000E-04
5.0992E-05 2.0000E-04
5.4271E-05 2.0000E-04
9.6177E-05 2.0000E-04
5.7275E-05 2.0000E-04
4.5709E-05 2.0000E-04
5.3741E-05 2.0000E-04
1.0004E-04 2.0000E-04
6.0088E-05 2.0000E-04
4.6370E-05 2.0000E-04
5.1622E-05 2.0000E-04
8.5982E-05 2.0000E-04
5.5248E-05 2.0000E-04
4.3864E-05 2.0000E-04
5.5504E-05 2.0000E-04
5.7347E-05 2.0000E-04
7.3929E-05 2.0000E-04
5.1700E-05 2.0000E-04
4.9722E-05 2.0000E-04
6.1441E-05 2.0000E-04
6.7608E-05 2.0000E-04
4.9723E-05 2.0000E-04
5.1297E-05 2.0000E-04
6.1859E-05 2.0000E-04
5.3860E-05 2.0000E-04
7.3564E-05 2.0000E-04
5.2057E-05 2.0000E-04
4.7753E-05 2.0000E-04
5.8720E-05 2.0000E-04
8.2870E-05 2.0000E-04
5.1900E-05 2.0000E-04
4.4863E-05 2.0000E-04
5.7515E-05 2.0000E-04
5.6459E-05 2.0000E-04
6.4280E-05 2.0000E-04
5.3154E-05 2.0000E-04
5.2502E-05 2.0000E-04
6.4909E-05 2.0000E-04
4.6191E-05 2.0000E-04
4.9841E-05 2.0000E-04
5.9142E-05 2.0000E-04
4.5166E-05 2.0000E-04
6.0966E-05 2.0000E-04
5.0112E-05 2.0000E-04
4.3107E-05 2.0000E-04
6.1765E-05 2.0000E-04
6.3627E-05 2.0000E-04
4.1883E-05 2.0000E-04
3.7245E-05 2.0000E-04
5.2105E-05 2.0000E-04
4.5079E-05 2.0000E-04
9.2781E-05 2.0000E-04
3.8710E-05 2.0000E-04
3.3187E-05 2.0000E-04
4.2862E-05 2.0000E-04
7.0303E-05 2.0000E-04
3.8775E-05 2.0000E-04
3.6147E-05 2.0000E-04
4.3400E-05 2.0000E-04
7.3266E-05 2.0000E-04
3.6599E-05 2.0000E-04
3.6910E-05 2.0000E-04
4.3837E-05 2.0000E-04
8.8619E-05 2.0000E-04
3.9028E-05 2.0000E-04
3.3519E-05 2.0000E-04
4.2213E-05 2.0000E-04
6.8446E-05 2.0000E-04
4.0999E-05 2.0000E-04
3.5341E-05 2.0000E-04
4.6240E-05 2.0000E-04
4.6542E-05 2.0000E-04
5.1664E-05 2.0000E-04
3.6182E-05 2.0000E-04
3.7008E-05 2.0000E-04
4.9528E-05 2.0000E-04
5.3862E-05 2.0000E-04
4.0296E-05 2.0000E-04
3.7679E-05 2.0000E-04
4.0247E-05 2.0000E-04
4.3638E-05 2.0000E-04
4.7061E-05 2.0000E-04
3.4514E-05 2.0000E-04
3.4770E-05 2.0000E-04
5.9362E-05 2.0000E-04
3.6648E-05 2.0000E-04
3.3278E-05 2.0000E-04
4.2174E-05 2.0000E-04
4.3337E-05 2.0000E-04
3.8431E-05 2.0000E-04
3.8131E-05 2.0000E-04
4.3486E-05 2.0000E-04
3.8289E-05 2.0000E-04
3.3289E-05 2.0000E-04
3.6222E-05 2.0000E-04
3.7450E-05 2.0000E-04
3.2833E-05 2.0000E-04
3.8679E-05 2.0000E-04
3.4721E-05 2.0000E-04
3.0547E-05 2.0000E-04
3.7347E-05 2.0000E-04
3.9657E-05 2.0000E-04
2.9529E-05 2.0000E-04
3.0426E-05 2.0000E-04
4.4937E-05 2.0000E-04
3.1181E-05 2.0000E-04
3.1567E-05 2.0000E-04
3.4522E-05 2.0000E-04
2.9768E-05 2.0000E-04
3.4770E-05 2.0000E-04
3.6300E-05 2.0000E-04
2.9351E-05 2.0000E-04
2.9807E-05 2.0000E-04
4.5207E-05 2.0000E-04
2.8809E-05 2.0000E-04
2.6199E-05 2.0000E-04
3.6724E-05 2.0000E-04
3.1044E-05 2.0000E-04
3.6460E-05 2.0000E-04
2.9057E-05 2.0000E-04
2.9767E-05 2.0000E-04
4.1544E-05 2.0000E-04
2.8538E-05 2.0000E-04
2.9785E-05 2.0000E-04
3.9436E-05 2.0000E-04
3.8603E-05 2.0000E-04
2.5734E-05 2.0000E-04
2.7821E-05 2.0000E-04
3.6878E-05 2.0000E-04
3.1714E-05 2.0000E-04
4.0502E-05 2.0000E-04
2.8951E-05 2.0000E-04
2.8077E-05 2.0000E-04
4.4608E-05 2.0000E-04
2.9684E-05 2.0000E-04
2.8513E-05 2.0000E-04
3.8566E-05 2.0000E-04
3.3813E-05 2.0000E-04
2.6633E-05 2.0000E-04
3.1270E-05 2.0000E-04
3.7084E-05 2.0000E-04
2.9371E-05 2.0000E-04
3.7024E-05 2.0000E-04
3.3559E-05 2.0000E-04
2.9280E-05 2.0000E-04
4.3900E-05 2.0000E-04
4.0288E-05 2.0000E-04
2.7148E-05 2.0000E-04
2.3334E-05 2.0000E-04
3.5538E-05 2.0000E-04
2.8867E-05 2.0000E-04
3.5502E-05 2.0000E-04
2.4873E-05 2.0000E-04
2.5919E-05 2.0000E-04
3.9002E-05 2.0000E-04
2.7712E-05 2.0000E-04
2.6981E-05 2.0000E-04
3.6112E-05 2.0000E-04
3.8400E-05 2.0000E-04
2.4918E-05 2.0000E-04
2.5241E-05 2.0000E-04
3.2605E-05 2.0000E-04
2.7869E-05 2.0000E-04
5.1788E-05 2.0000E-04
2.5077E-05 2.0000E-04
2.3042E-05 2.0000E-04
2.7839E-05 2.0000E-04
6.1332E-05 2.0000E-04
2.5167E-05 2.0000E-04
2.0770E-05 2.0000E-04
2.5814E-05 2.0000E-04
3.2780E-05 2.0000E-04
6.2390E-05 2.0000E-04
1.9395E-05 2.0000E-04
1.8445E-05 2.0000E-04
2.4126E-05 2.0000E-04
4.3247E-05 2.0000E-04
2.4317E-05 2.0000E-04
1.8909E-05 2.0000E-04
2.8170E-05 2.0000E-04
3.2080E-05 2.0000E-04
2.3131E-05 2.0000E-04
2.4047E-05 2.0000E-04
2.7234E-05 2.0000E-04
2.4112E-05 2.0000E-04
3.7265E-05 2.0000E-04
2.8604E-05 2.0000E-04
2.1504E-05 2.0000E-04
1.9165E-05 2.0000E-04
3.0080E-05 2.0000E-04
1.9286E-05 2.0000E-04
1.8379E-05 2.0000E-04
2.4251E-05 2.0000E-04
2.4335E-05 2.0000E-04
1.9449E-05 2.0000E-04
2.2371E-05 2.0000E-04
2.3078E-05 2.0000E-04
1.7779E-05 2.0000E-04
2.1246E-05 2.0000E-04
2.2361E-05 2.0000E-04
1.8566E-05 2.0000E-04
2.6625E-05 2.0000E-04
2.0853E-05 2.0000E-04
1.6804E-05 2.0000E-04
1.9889E-05 2.0000E-04
3.1915E-05 2.0000E-04
1.7992E-05 2.0000E-04
1.4069E-05 2.0000E-04
1.6443E-05 2.0000E-04
3.1026E-05 2.0000E-04
1.8457E-05 2.0000E-04
1.2655E-05 2.0000E-04
1.6638E-05 2.0000E-04
2.8095E-05 2.0000E-04
1.8936E-05 2.0000E-04
1.5460E-05 2.0000E-04
2.1890E-05 2.0000E-04
1.8337E-05 2.0000E-04
2.0261E-05 2.0000E-04
2.3120E-05 2.0000E-04
1.7194E-05 2.0000E-04
1.6244E-05 2.0000E-04
2.4059E-05 2.0000E-04
1.7760E-05 2.0000E-04
2.1182E-05 2.0000E-04
1.9746E-05 2.0000E-04
1.7631E-05 2.0000E-04
2.5417E-05 2.0000E-04
2.2119E-05 2.0000E-04
1.8351E-05 2.0000E-04
2.1400E-05 2.0000E-04
3.7002E-05 2.0000E-04
1.8669E-05 2.0000E-04
1.4299E-05 2.0000E-04
1.8624E-05 2.0000E-04
2.6778E-05 2.0000E-04
4.5383E-05 2.0000E-04
1.5440E-05 2.0000E-04
1.4980E-05 2.0000E-04
2.0357E-05 2.0000E-04
4.4761E-05 2.0000E-04
2.1491E-05 2.0000E-04
1.7110E-05 2.0000E-04
2.1576E-05 2.0000E-04
3.2410E-05 2.0000E-04
2.7363E-05 2.0000E-04
2.0181E-05 2.0000E-04
3.0085E-05 2.0000E-04
3.0750E-05 2.0000E-04
2.6848E-05 2.0000E-04
4.3361E-05 2.0000E-04
3.5498E-05 2.0000E-04
2.9225E-05 2.0000E-04
2.9870E-05 2.0000E-04
4.0751E-05 2.0000E-04
3.2234E-05 2.0000E-04
4.0657E-05 2.0000E-04
5.8737E-05 2.0000E-04
3.6293E-05 2.0000E-04
4.4369E-05 2.0000E-04
4.9705E-05 2.0000E-04
3.9756E-05 2.0000E-04
5.5901E-05 2.0000E-04
5.5002E-05 2.0000E-04
4.5594E-05 2.0000E-04
6.2808E-05 2.0000E-04
8.1118E-05 2.0000E-04
6.1836E-05 2.0000E-04
5.2199E-05 2.0000E-04
5.2255E-05 2.0000E-04
5.9172E-05 2.0000E-04
8.8134E-05 2.0000E-04
5.1389E-05 2.0000E-04
4.8851E-05 2.0000E-04
5.5728E-05 2.0000E-04
1.0957E-04 2.0000E-04
5.1339E-05 2.0000E-04
4.7868E-05 2.0000E-04
5.8726E-05 2.0000E-04
1.1475E-04 2.0000E-04
5.3215E-05 2.0000E-04
4.4222E-05 2.0000E-04
5.1287E-05 2.0000E-04
1.2016E-04 2.0000E-04
5.1926E-05 2.0000E-04
4.0974E-05 2.0000E-04
5.0606E-05 2.0000E-04
8.6838E-05 2.0000E-04
5.3661E-05 2.0000E-04
4.1083E-05 2.0000E-04
5.3308E-05 2.0000E-04
6.7529E-05 2.0000E-04
4.9499E-05 2.0000E-04
5.0443E-05 2.0000E-04
5.7218E-05 2.0000E-04
4.7505E-05 2.0000E-04
7.1827E-05 2.0000E-04
5.7270E-05 2.0000E-04
4.2487E-05 2.0000E-04
4.0050E-05 2.0000E-04
7.8038E-05 2.0000E-04
4.6296E-05 2.0000E-04
3.8295E-05 2.0000E-04
4.4737E-05 2.0000E-04
5.0079E-05 2.0000E-04
5.3189E-05 2.0000E-04
3.7708E-05 2.0000E-04
3.8877E-05 2.0000E-04
5.8294E-05 2.0000E-04
3.9651E-05 2.0000E-04
3.6281E-05 2.0000E-04
4.5698E-05 2.0000E-04
3.7898E-05 2.0000E-04
3.9999E-05 2.0000E-04
4.9317E-05 2.0000E-04
3.7113E-05 2.0000E-04
3.5526E-05 2.0000E-04
5.2178E-05 2.0000E-04
3.5961E-05 2.0000E-04
3.3526E-05 2.0000E-04
4.2580E-05 2.0000E-04
3.9243E-05 2.0000E-04
3.6251E-05 2.0000E-04
4.2967E-05 2.0000E-04
3.4829E-05 2.0000E-04
3.4006E-05 2.0000E-04
5.3906E-05 2.0000E-04
3.4635E-05 2.0000E-04
3.2892E-05 2.0000E-04
4.1757E-05 2.0000E-04
4.6522E-05 2.0000E-04
3.4174E-05 2.0000E-04
3.5539E-05 2.0000E-04
4.5756E-05 2.0000E-04
3.4476E-05 2.0000E-04
4.5452E-05 2.0000E-04
3.7312E-05 2.0000E-04
3.2336E-05 2.0000E-04
5.6004E-05 2.0000E-04
4.3454E-05 2.0000E-04
3.3687E-05 2.0000E-04
3.3769E-05 2.0000E-04
5.9189E-05 2.0000E-04
3.6042E-05 2.0000E-04
2.8357E-05 2.0000E-04
3.3137E-05 2.0000E-04
5.2967E-05 2.0000E-04
4.1007E-05 2.0000E-04
3.1581E-05 2.0000E-04
3.3012E-05 2.0000E-04
5.3492E-05 2.0000E-04
3.4850E-05 2.0000E-04
2.9352E-05 2.0000E-04
3.6825E-05 2.0000E-04
3.3432E-05 2.0000E-04
5.3515E-05 2.0000E-04
3.1331E-05 2.0000E-04
2.9978E-05 2.0000E-04
3.8891E-05 2.0000E-04
4.2320E-05 2.0000E-04
3.0174E-05 2.0000E-04
3.0751E-05 2.0000E-04
4.8188E-05 2.0000E-04
3.1661E-05 2.0000E-04
2.8387E-05 2.0000E-04
3.7161E-05 2.0000E-04
3.2647E-05 2.0000E-04
3.9976E-05 2.0000E-04
3.0807E-05 2.0000E-04
3.0035E-05 2.0000E-04
3.5374E-05 2.0000E-04
5.6479E-05 2.0000E-04
3.0505E-05 2.0000E-04
2.5143E-05 2.0000E-04
3.1602E-05 2.0000E-04
5.3049E-05 2.0000E-04
3.2267E-05 2.0000E-04
2.6873E-05 2.0000E-04
3.1794E-05 2.0000E-04
4.6782E-05 2.0000E-04
2.8927E-05 2.0000E-04
2.6152E-05 2.0000E-04
2.9010E-05 2.0000E-04
3.6082E-05 2.0000E-04
4.2390E-05 2.0000E-04
2.5987E-05 2.0000E-04
2.4719E-05 2.0000E-04
3.2193E-05 2.0000E-04
4.0118E-05 2.0000E-04
2.7374E-05 2.0000E-04
2.4908E-05 2.0000E-04
2.8405E-05 2.0000E-04
4.3572E-05 2.0000E-04
2.4754E-05 2.0000E-04
2.3642E-05 2.0000E-04
2.8971E-05 2.0000E-04
3.9895E-05 2.0000E-04
2.3991E-05 2.0000E-04
2.3048E-05 2.0000E-04
2.7526E-05 2.0000E-04
5.3970E-05 2.0000E-04
2.2393E-05 2.0000E-04
1.9107E-05 2.0000E-04
2.5223E-05 2.0000E-04
3.0590E-05 2.0000E-04
2.5479E-05 2.0000E-04
1.9889E-05 2.0000E-04
2.1650E-05 2.0000E-04
2.3595E-05 2.0000E-04
2.4646E-05 2.0000E-04
2.0802E-05 2.0000E-04
1.9837E-05 2.0000E-04
2.2856E-05 2.0000E-04
2.9490E-05 2.0000E-04
1.7394E-05 2.0000E-04
1.7570E-05 2.0000E-04
2.2091E-05 2.0000E-04
3.0528E-05 2.0000E-04
1.6219E-05 2.0000E-04
1.6357E-05 2.0000E-04
1.9817E-05 2.0000E-04
4.2409E-05 2.0000E-04
1.6696E-05 2.0000E-04
1.3878E-05 2.0000E-04
1.7038E-05 2.0000E-04
2.3352E-05 2.0000E-04
2.7329E-05 2.0000E-04
1.2675E-05 2.0000E-04
1.4317E-05 2.0000E-04
1.7307E-05 2.0000E-04
4.2416E-05 2.0000E-04
1.4248E-05 2.0000E-04
1.1724E-05 2.0000E-04
1.4774E-05 2.0000E-04
2.0995E-05 2.0000E-04
1.8855E-05 2.0000E-04
1.1764E-05 2.0000E-04
1.4677E-05 2.0000E-04
1.8325E-05 2.0000E-04
1.6029E-05 2.0000E-04
2.0328E-05 2.0000E-04
1.2955E-05 2.0000E-04
1.2706E-05 2.0000E-04
1.7292E-05 2.0000E-04
1.6187E-05 2.0000E-04
1.2469E-05 2.0000E-04
1.4155E-05 2.0000E-04
1.7017E-05 2.0000E-04
1.3646E-05 2.0000E-04
1.7833E-05 2.0000E-04
1.4852E-05 2.0000E-04
1.2724E-05 2.0000E-04
1.5624E-05 2.0000E-04
2.4535E-05 2.0000E-04
1.3736E-05 2.0000E-04
1.1046E-05 2.0000E-04
1.2569E-05 2.0000E-04
2.3515E-05 2.0000E-04
1.3702E-05 2.0000E-04
9.9751E-06 2.0000E-04
1.4244E-05 2.0000E-04
2.2073E-05 2.0000E-04
1.3972E-05 2.0000E-04
1.0728E-05 2.0000E-04
1.2378E-05 2.0000E-04
1.8740E-05 2.0000E-04
1.6845E-05 2.0000E-04
1.1777E-05 2.0000E-04
1.1012E-05 2.0000E-04
1.5142E-05 2.0000E-04
1.3004E-05 2.0000E-04
1.4530E-05 2.0000E-04
1.1492E-05 2.0000E-04
1.1827E-05 2.0000E-04
1.6387E-05 2.0000E-04
1.1670E-05 2.0000E-04
1.0942E-05 2.0000E-04
1.3125E-05 2.0000E-04
1.7407E-05 2.0000E-04
1.0681E-05 2.0000E-04
1.0777E-05 2.0000E-04
1.3795E-05 2.0000E-04
1.3996E-05 2.0000E-04
1.4235E-05 2.0000E-04
1.0879E-05 2.0000E-04
1.2037E-05 2.0000E-04
1.8382E-05 2.0000E-04
1.1881E-05 2.0000E-04
1.1736E-05 2.0000E-04
1.5124E-05 2.0000E-04
1.5355E-05 2.0000E-04
1.4107E-05 2.0000E-04
1.2973E-05 2.0000E-04
1.6178E-05 2.0000E-04
1.8096E-05 2.0000E-04
1.2598E-05 2.0000E-04
1.3525E-05 2.0000E-04
1.7717E-05 2.0000E-04
1.6063E-05 2.0000E-04
1.6478E-05 2.0000E-04
1.5700E-05 2.0000E-04
1.9212E-05 2.0000E-04
1.8181E-05 2.0000E-04
1.5979E-05 2.0000E-04
2.1744E-05 2.0000E-04
2.1207E-05 2.0000E-04
2.1714E-05 2.0000E-04
2.4253E-05 2.0000E-04
2.5559E-05 2.0000E-04
2.1219E-05 2.0000E-04
3.3622E-05 2.0000E-04
2.6917E-05 2.0000E-04
2.6593E-05 2.0000E-04
4.6743E-05 2.0000E-04
4.7334E-05 2.0000E-04
4.1231E-05 2.0000E-04
5.5788E-05 2.0000E-04
5.0443E-05 2.0000E-04
4.3425E-05 2.0000E-04
4.2596E-05 2.0000E-04
8.3978E-05 2.0000E-04
5.9943E-05 2.0000E-04
5.0760E-05 2.0000E-04
5.4176E-05 2.0000E-04
1.3395E-04 2.0000E-04
5.8654E-05 2.0000E-04
5.3882E-05 2.0000E-04
9.2059E-05 2.0000E-04
7.8314E-05 2.0000E-04
1.5708E-04 2.0000E-04
1.1082E-04 2.0000E-04
1.0665E-04 2.0000E-04
5.8134E-05 2.0000E-04
6.0639E-05 2.0000E-04
8.2695E-05 2.0000E-04
1.0457E-04 2.0000E-04
7.3482E-05 2.0000E-04
9.9829E-05 2.0000E-04
7.4940E-05 2.0000E-04
6.0325E-05 2.0000E-04
8.6264E-05 2.0000E-04
7.9271E-05 2.0000E-04
6.5158E-05 2.0000E-04
7.0126E-05 2.0000E-04
1.0506E-04 2.0000E-04
7.4995E-05 2.0000E-04
6.2590E-05 2.0000E-04
8.0214E-05 2.0000E-04
7.5560E-05 2.0000E-04
7.7976E-05 2.0000E-04
6.4897E-05 2.0000E-04
6.7944E-05 2.0000E-04
8.5416E-05 2.0000E-04
5.6808E-05 2.0000E-04
5.8475E-05 2.0000E-04
7.1030E-05 2.0000E-04
5.3019E-05 2.0000E-04
7.8535E-05 2.0000E-04
5.2234E-05 2.0000E-04
4.8178E-05 2.0000E-04
6.4349E-05 2.0000E-04
6.9628E-05 2.0000E-04
4.3367E-05 2.0000E-04
4.0905E-05 2.0000E-04
4.9006E-05 2.0000E-04
7.2839E-05 2.0000E-04
4.6920E-05 2.0000E-04
4.2122E-05 2.0000E-04
4.9265E-05 2.0000E-04
1.0259E-04 2.0000E-04
4.5828E-05 2.0000E-04
3.7566E-05 2.0000E-04
4.5041E-05 2.0000E-04
6.3015E-05 2.0000E-04
9.6650E-05 2.0000E-04
3.5038E-05 2.0000E-04
3.5040E-05 2.0000E-04
4.4202E-05 2.0000E-04
1.0474E-04 2.0000E-04
3.9735E-05 2.0000E-04
3.1318E-05 2.0000E-04
3.9332E-05 2.0000E-04
5.4497E-05 2.0000E-04
5.2590E-05 2.0000E-04
2.8852E-05 2.0000E-04
3.5160E-05 2.0000E-04
4.3333E-05 2.0000E-04
4.6244E-05 2.0000E-04
3.1823E-05 2.0000E-04
3.1493E-05 2.0000E-04
3.4469E-05 2.0000E-04
5.0343E-05 2.0000E-04
2.7643E-05 2.0000E-04
2.5502E-05 2.0000E-04
3.0116E-05 2.0000E-04
4.7254E-05 2.0000E-04
2.5143E-05 2.0000E-04
2.4246E-05 2.0000E-04
2.8710E-05 2.0000E-04
5.3222E-05 2.0000E-04
2.3120E-05 2.0000E-04
2.0627E-05 2.0000E-04
2.5045E-05 2.0000E-04
3.8339E-05 2.0000E-04
2.5748E-05 2.0000E-04
1.7693E-05 2.0000E-04
2.4304E-05 2.0000E-04
2.9176E-05 2.0000E-04
2.3703E-05 2.0000E-04
4.3206E-05 2.0000E-04
2.1136E-05 2.0000E-04
1.8777E-05 2.0000E-04
2.3061E-05 2.0000E-04
4.6055E-05 2.0000E-04
2.1170E-05 2.0000E-04
1.5892E-05 2.0000E-04
2.0836E-05 2.0000E-04
2.7886E-05 2.0000E-04
3.3559E-05 2.0000E-04
1.6517E-05 2.0000E-04
1.9235E-05 2.0000E-04
2.2855E-05 2.0000E-04
5.3443E-05 2.0000E-04
1.7679E-05 2.0000E-04
1.5621E-05 2.0000E-04
1.9760E-05 2.0000E-04
3.1011E-05 2.0000E-04
2.2500E-05 2.0000E-04
1.5091E-05 2.0000E-04
2.0200E-05 2.0000E-04
2.5726E-05 2.0000E-04
2.0505E-05 2.0000E-04
3.7391E-05 2.0000E-04
2.0334E-05 2.0000E-04
1.7402E-05 2.0000E-04
2.4233E-05 2.0000E-04
3.8147E-05 2.0000E-04
1.8657E-05 2.0000E-04
1.3623E-05 2.0000E-04
1.8086E-05 2.0000E-04
2.0015E-05 2.0000E-04
4.0859E-05 2.0000E-04
1.4629E-05 2.0000E-04
1.3695E-05 2.0000E-04
1.7447E-05 2.0000E-04
2.3801E-05 2.0000E-04
3.7989E-05 2.0000E-04
1.2548E-05 2.0000E-04
1.2627E-05 2.0000E-04
1.6744E-05 2.0000E-04
3.2793E-05 2.0000E-04
1.5977E-05 2.0000E-04
1.2071E-05 2.0000E-04
1.6368E-05 2.0000E-04
2.5172E-05 2.0000E-04
1.5686E-05 2.0000E-04
1.2073E-05 2.0000E-04
1.5517E-05 2.0000E-04
1.7369E-05 2.0000E-04
1.6249E-05 2.0000E-04
1.5043E-05 2.0000E-04
1.4336E-05 2.0000E-04
1.3498E-05 2.0000E-04
2.1637E-05 2.0000E-04
1.3963E-05 2.0000E-04
1.3322E-05 2.0000E-04
1.7962E-05 2.0000E-04
2.4392E-05 2.0000E-04
1.2257E-05 2.0000E-04
1.0722E-05 2.0000E-04
1.2724E-05 2.0000E-04
2.3320E-05 2.0000E-04
1.5305E-05 2.0000E-04
9.0724E-06 2.0000E-04
1.1026E-05 2.0000E-04
1.6020E-05 2.0000E-04
1.2090E-05 2.0000E-04
1.3307E-05 2.0000E-04
1.8506E-05 2.0000E-04
1.1000E-05 2.0000E-04
9.5672E-06 2.0000E-04
1.1062E-05 2.0000E-04
2.4826E-05 2.0000E-04
1.0468E-05 2.0000E-04
9.3083E-06 2.0000E-04
1.1570E-05 2.0000E-04
2.0202E-05 2.0000E-04
1.1135E-05 2.0000E-04
8.7691E-06 2.0000E-04
1.2718E-05 2.0000E-04
1.8842E-05 2.0000E-04
1.1444E-05 2.0000E-04
9.6629E-06 2.0000E-04
1.1702E-05 2.0000E-04
1.4971E-05 2.0000E-04
1.2193E-05 2.0000E-04
1.0251E-05 2.0000E-04
1.1278E-05 2.0000E-04
1.4932E-05 2.0000E-04
1.0750E-05 2.0000E-04
9.1738E-06 2.0000E-04
1.0382E-05 2.0000E-04
1.1666E-05 2.0000E-04
1.0233E-05 2.0000E-04
9.5999E-06 2.0000E-04
1.0529E-05 2.0000E-04
1.0746E-05 2.0000E-04
9.4220E-06 2.0000E-04
1.0125E-05 2.0000E-04
9.3634E-06 2.0000E-04
9.3179E-06 2.0000E-04
1.5055E-05 2.0000E-04
8.3288E-06 2.0000E-04
8.1932E-06 2.0000E-04
1.0143E-05 2.0000E-04
2.2497E-05 2.0000E-04
8.4183E-06 2.0000E-04
6.8126E-06 2.0000E-04
1.4081E-03 2.0000E-04
1.1715E-03 2.0000E-04
5.4673E-04 2.0000E-04
4.6803E-04 2.0000E-04
6.3590E-04 2.0000E-04
3.7451E-04 2.0000E-04
2.3612E-04 2.0000E-04
1.7061E-04 2.0000E-04
2.5346E-04 2.0000E-04
1.3644E-04 2.0000E-04
1.2432E-04 2.0000E-04
1.6520E-04 2.0000E-04
2.5133E-04 2.0000E-04
1.1736E-04 2.0000E-04
9.5667E-05 2.0000E-04
1.1312E-04 2.0000E-04
1.8532E-04 2.0000E-04
1.0053E-04 2.0000E-04
6.6852E-05 2.0000E-04
8.4967E-05 2.0000E-04
1.2074E-04 2.0000E-04
9.3629E-05 2.0000E-04
1.2508E-04 2.0000E-04
7.4201E-05 2.0000E-04
6.2410E-05 2.0000E-04
8.0732E-05 2.0000E-04
1.2735E-04 2.0000E-04
6.0288E-05 2.0000E-04
4.7332E-05 2.0000E-04
5.4236E-05 2.0000E-04
9.4578E-05 2.0000E-04
8.6572E-05 2.0000E-04
4.6741E-05 2.0000E-04
4.4902E-05 2.0000E-04
6.0262E-05 2.0000E-04
5.3050E-05 2.0000E-04
1.0307E-04 2.0000E-04
4.8621E-05 2.0000E-04
4.2242E-05 2.0000E-04
5.0318E-05 2.0000E-04
1.1738E-04 2.0000E-04
4.3424E-05 2.0000E-04
3.5819E-05 2.0000E-04
4.6964E-05 2.0000E-04
6.5676E-05 2.0000E-04
7.1236E-05 2.0000E-04
3.3703E-05 2.0000E-04
3.9140E-05 2.0000E-04
4.5017E-05 2.0000E-04
1.1031E-04 2.0000E-04
3.7657E-05 2.0000E-04
3.2170E-05 2.0000E-04
4.1914E-05 2.0000E-04
6.2431E-05 2.0000E-04
4.2163E-05 2.0000E-04
3.4513E-05 2.0000E-04
4.7187E-05 2.0000E-04
4.9525E-05 2.0000E-04
4.1149E-05 2.0000E-04
5.7800E-05 2.0000E-04
4.4870E-05 2.0000E-04
4.2697E-05 2.0000E-04
5.2539E-05 2.0000E-04
5.8586E-05 2.0000E-04
3.5573E-05 2.0000E-04
3.4104E-05 2.0000E-04
3.7819E-05 2.0000E-04
7.6085E-05 2.0000E-04
3.9778E-05 2.0000E-04
3.6539E-05 2.0000E-04
4.5659E-05 2.0000E-04
7.5472E-05 2.0000E-04
4.0804E-05 2.0000E-04
4.6345E-05 2.0000E-04
6.9262E-05 2.0000E-04
4.2619E-05 2.0000E-04
4.1559E-05 2.0000E-04
5.1585E-05 2.0000E-04
7.2316E-05 2.0000E-04
5.2265E-05 2.0000E-04
4.1193E-05 2.0000E-04
5.9857E-05 2.0000E-04
5.1474E-05 2.0000E-04
8.4173E-05 2.0000E-04
7.4993E-05 2.0000E-04
5.9206E-05 2.0000E-04
8.1502E-05 2.0000E-04
7.3183E-05 2.0000E-04
7.9927E-05 2.0000E-04
8.2314E-05 2.0000E-04
5.7121E-05 2.0000E-04
6.3407E-05 2.0000E-04
1.1039E-04 2.0000E-04
1.2833E-04 2.0000E-04
9.0630E-05 2.0000E-04
6.0932E-05 2.0000E-04
6.8874E-05 2.0000E-04
9.0524E-05 2.0000E-04
1.3444E-04 2.0000E-04
8.6155E-05 2.0000E-04
9.9222E-05 2.0000E-04
5.9784E-05 2.0000E-04
6.4512E-05 2.0000E-04
7.7641E-05 2.0000E-04
1.3635E-04 2.0000E-04
7.7872E-05 2.0000E-04
6.1485E-05 2.0000E-04
7.3450E-05 2.0000E-04
1.3317E-04 2.0000E-04
1.2665E-04 2.0000E-04
6.1050E-05 2.0000E-04
6.4323E-05 2.0000E-04
7.8880E-05 2.0000E-04
1.0099E-04 2.0000E-04
1.2224E-04 2.0000E-04
5.1339E-05 2.0000E-04
6.5981E-05 2.0000E-04
7.2023E-05 2.0000E-04
8.0904E-05 2.0000E-04
1.0208E-04 2.0000E-04
5.6403E-05 2.0000E-04
6.0129E-05 2.0000E-04
6.0220E-05 2.0000E-04
1.4084E-04 2.0000E-04
5.1333E-05 2.0000E-04
4.7193E-05 2.0000E-04
5.1522E-05 2.0000E-04
6.8007E-05 2.0000E-04
5.3036E-05 2.0000E-04
5.6001E-05 2.0000E-04
5.9081E-05 2.0000E-04
4.6418E-05 2.0000E-04
5.7167E-05 2.0000E-04
6.1080E-05 2.0000E-04
4.7856E-05 2.0000E-04
5.4544E-05 2.0000E-04
5.3535E-05 2.0000E-04
4.1741E-05 2.0000E-04
5.7513E-05 2.0000E-04
5.4835E-05 2.0000E-04
3.7067E-05 2.0000E-04
3.5679E-05 2.0000E-04
4.6309E-05 2.0000E-04
4.9383E-05 2.0000E-04
6.0501E-05 2.0000E-04
3.6202E-05 2.0000E-04
3.2858E-05 2.0000E-04
4.3612E-05 2.0000E-04
4.3949E-05 2.0000E-04
5.2135E-05 2.0000E-04
3.4551E-05 2.0000E-04
3.4961E-05 2.0000E-04
4.4830E-05 2.0000E-04
4.2807E-05 2.0000E-04
4.2512E-05 2.0000E-04
3.5672E-05 2.0000E-04
3.6141E-05 2.0000E-04
4.6435E-05 2.0000E-04
3.7459E-05 2.0000E-04
3.3023E-05 2.0000E-04
3.5070E-05 2.0000E-04
5.6004E-05 2.0000E-04
3.3741E-05 2.0000E-04
3.0697E-05 2.0000E-04
3.7518E-05 2.0000E-04
4.5078E-05 2.0000E-04
2.8704E-05 2.0000E-04
2.7605E-05 2.0000E-04
3.4448E-05 2.0000E-04
4.5518E-05 2.0000E-04
2.5089E-05 2.0000E-04
2.6252E-05 2.0000E-04
3.0749E-05 2.0000E-04
4.9768E-05 2.0000E-04
2.4121E-05 2.0000E-04
2.5063E-05 2.0000E-04
3.0470E-05 2.0000E-04
6.4825E-05 2.0000E-04
2.5354E-05 2.0000E-04
2.0252E-05 2.0000E-04
2.5174E-05 2.0000E-04
3.1981E-05 2.0000E-04
4.5562E-05 2.0000E-04
2.1264E-05 2.0000E-04
2.2311E-05 2.0000E-04
2.6820E-05 2.0000E-04
3.7919E-05 2.0000E-04
3.5028E-05 2.0000E-04
2.3002E-05 2.0000E-04
2.3971E-05 2.0000E-04
3.4090E-05 2.0000E-04
2.6261E-05 2.0000E-04
3.6100E-05 2.0000E-04
2.6370E-05 2.0000E-04
2.4387E-05 2.0000E-04
2.7510E-05 2.0000E-04
3.7174E-05 2.0000E-04
2.4908E-05 2.0000E-04
2.2131E-05 2.0000E-04
3.2305E-05 2.0000E-04
3.0420E-05 2.0000E-04
2.9999E-05 2.0000E-04
2.7859E-05 2.0000E-04
2.4054E-05 2.0000E-04
3.5993E-05 2.0000E-04
3.5228E-05 2.0000E-04
2.5150E-05 2.0000E-04
2.4272E-05 2.0000E-04
3.4949E-05 2.0000E-04
2.7485E-05 2.0000E-04
2.7355E-05 2.0000E-04
2.7556E-05 2.0000E-04
2.7556E-05 2.0000E-04
3.9449E-05 2.0000E-04
3.4588E-05 2.0000E-04
2.3786E-05 2.0000E-04
2.6745E-05 2.0000E-04
3.5200E-05 2.0000E-04
2.9093E-05 2.0000E-04
4.9220E-05 2.0000E-04
2.7306E-05 2.0000E-04
2.5277E-05 2.0000E-04
3.1725E-05 2.0000E-04
5.1984E-05 2.0000E-04
3.0227E-05 2.0000E-04
2.8431E-05 2.0000E-04
3.1006E-05 2.0000E-04
4.0206E-05 2.0000E-04
3.6678E-05 2.0000E-04
2.8578E-05 2.0000E-04
3.1533E-05 2.0000E-04
4.0187E-05 2.0000E-04
3.0596E-05 2.0000E-04
3.4750E-05 2.0000E-04
4.0062E-05 2.0000E-04
3.4745E-05 2.0000E-04
3.7557E-05 2.0000E-04
3.1517E-05 2.0000E-04
2.8290E-05 2.0000E-04
4.5063E-05 2.0000E-04
3.7722E-05 2.0000E-04
2.8188E-05 2.0000E-04
3.1868E-05 2.0000E-04
4.8649E-05 2.0000E-04
3.2446E-05 2.0000E-04
2.8343E-05 2.0000E-04
3.4459E-05 2.0000E-04
3.1996E-05 2.0000E-04
4.2472E-05 2.0000E-04
2.6795E-05 2.0000E-04
2.5927E-05 2.0000E-04
3.1142E-05 2.0000E-04
4.4560E-05 2.0000E-04
2.3588E-05 2.0000E-04
2.4132E-05 2.0000E-04
2.6477E-05 2.0000E-04
4.5266E-05 2.0000E-04
2.5475E-05 2.0000E-04
1.9201E-05 2.0000E-04
2.2199E-05 2.0000E-04
3.7538E-05 2.0000E-04
2.1750E-05 2.0000E-04
1.8218E-05 2.0000E-04
2.1875E-05 2.0000E-04
2.3762E-05 2.0000E-04
2.6641E-05 2.0000E-04
1.7389E-05 2.0000E-04
1.7535E-05 2.0000E-04
2.0856E-05 2.0000E-04
2.2550E-05 2.0000E-04
1.7052E-05 2.0000E-04
1.7410E-05 2.0000E-04
1.9452E-05 2.0000E-04
2.6823E-05 2.0000E-04
1.3908E-05 2.0000E-04
1.4818E-05 2.0000E-04
1.6674E-05 2.0000E-04
2.3085E-05 2.0000E-04
1.4633E-05 2.0000E-04
1.4460E-05 2.0000E-04
1.6229E-05 2.0000E-04
2.6241E-05 2.0000E-04
1.2967E-05 2.0000E-04
1.3018E-05 2.0000E-04
1.4634E-05 2.0000E-04
2.0759E-05 2.0000E-04
1.5742E-05 2.0000E-04
1.1829E-05 2.0000E-04
1.2769E-05 2.0000E-04
1.5467E-05 2.0000E-04
1.5767E-05 2.0000E-04
1.4908E-05 2.0000E-04
1.2143E-05 2.0000E-04
1.2533E-05 2.0000E-04
2.0746E-05 2.0000E-04
1.0850E-05 2.0000E-04
1.0374E-05 2.0000E-04
1.2142E-05 2.0000E-04
