552.2
120.6
154.5
123.1
156.5
172.5
156.3
121.7
124.0
123.3
152.5
157.7
120.9
122.8
154.7
124.1
155.0
122.5
157.2
154.8
121.6
155.4
154.6
123.1
155.5
156.9
123.3
115.1
121.0
118.0
122.4
122.1
122.5
122.2
122.4
123.1
124.3
121.7
121.3
122.1
149.0
123.6
122.8
122.3
121.2
123.1
122.7
122.4
121.4
121.1
122.4
122.7
123.0
122.2
155.5
105.1
122.5
122.9
121.6
120.6
122.0
123.2
121.5
122.4
122.8
122.3
122.4
123.3
122.3
105.7
123.2
122.8
105.6
137.8
122.2
123.3
124.0
121.4
122.1
124.0
562.6
141.7
149.3
138.8
153.0
136.2
142.0
147.9
135.9
135.2
162.2
153.8
120.4
133.5
171.4
128.2
156.7
138.1
136.2
143.3
160.2
141.2
146.2
155.9
141.8
133.9
161.1
159.7
160.9
121.8
139.7
130.0
164.0
128.4
141.2
158.9
129.6
136.6
136.2
165.0
119.2
148.0
139.2
131.2
133.2
132.5
129.3
128.4
170.2
127.8
142.3
126.6
133.9
137.9
129.2
125.2
133.9
133.3
123.0
164.0
132.5
138.2
125.8
138.3
128.1
139.0
119.1
136.1
165.0
131.8
129.8
134.4
142.3
129.4
138.0
137.4
166.5
126.4
140.2
134.6
132.2
126.6
140.1
140.2
155.3
134.5
134.1
137.1
141.1
134.8
152.9
135.5
125.3
134.8
134.0
146.8
134.4
139.0
140.1
142.1
152.5
158.6
145.0
158.1
154.1
147.9
131.9
159.3
158.8
142.0
160.4
157.0
126.2
142.6
153.6
152.0
141.3
154.1
158.9
134.3
150.9
158.2
134.2
135.2
156.4
137.0
144.9
151.3
152.2
137.9
146.9
159.9
155.3
131.1
155.5
162.5
149.0
158.4
160.8
143.5
143.0
164.3
160.4
133.4
160.8
152.8
147.6
156.3
141.9
147.2
133.4
161.0
158.6
144.5
159.3
163.8
146.4
155.5
149.4
154.6
126.8
134.8
188.6
142.4
151.5
162.8
145.9
152.5
159.2
149.6
132.1
154.3
152.9
143.1
152.5
148.9
130.1
126.9
138.3
170.3
124.4
136.3
141.4
144.2
143.4
140.4
140.7
147.5
151.6
141.9
161.3
144.6
135.8
144.0
166.4
136.6
136.5
136.5
125.7
139.8
146.3
129.8
130.3
136.8
138.0
163.7
142.9
153.0
138.7
126.8
160.2
132.9
130.7
149.7
154.9
141.1
140.8
156.1
145.6
141.2
146.7
157.6
155.9
151.2
130.9
155.3
133.1
152.4
153.1
144.5
161.5
153.6
150.9
137.5
162.7
158.0
143.9
144.0
173.3
146.5
156.9
155.3
155.2
132.3
147.9
557.5
123.8
122.7
115.4
122.6
105.9
139.9
123.5
123.4
121.2
124.0
122.9
120.8
105.9
107.3
137.8
123.5
125.1
107.0
107.6
107.4
105.5
122.9
121.2
123.9
122.2
123.3
122.8
116.0
126.6
123.0
108.5
106.2
105.2
105.5
140.6
124.4
121.2
124.7
123.9
121.1
123.6
122.0
121.4
122.4
124.6
109.0
123.7
121.1
105.8
123.6
122.7
106.4
122.4
121.1
99.4
123.0
122.2
104.5
101.7
106.1
138.6
123.4
104.8
122.4
121.2
105.9
119.1
106.3
105.8
103.6
106.2
104.7
123.5
105.9
105.3
119.9
122.3
106.2
120.6
123.8
105.5
121.4
107.7
105.8
138.2
105.4
106.0
106.8
104.2
104.7
105.8
124.4
108.3
104.8
104.8
106.1
105.3
105.3
105.4
105.9
107.1
98.3
105.8
104.3
103.8
139.2
107.0
121.6
122.6
104.6
121.5
106.7
107.4
123.0
106.8
107.3
122.4
123.1
104.4
106.3
138.1
104.5
121.2
99.4
124.3
122.4
104.6
122.4
122.5
104.4
124.5
123.1
105.5
104.8
104.6
122.3
119.5
105.2
122.2
122.5
105.0
122.6
122.6
105.4
124.0
120.8
122.4
118.1
122.6
104.9
122.1
105.5
106.0
106.0
137.3
105.2
105.2
105.6
106.9
122.9
105.7
106.7
124.7
101.2
106.3
104.6
105.7
104.8
106.7
138.6
106.0
107.1
104.3
105.4
105.7
105.1
107.1
104.2
106.6
105.9
103.6
107.4
106.5
107.1
105.2
106.0
107.7
105.3
106.2
105.7
105.6
105.9
106.0
105.1
106.4
108.2
103.9
106.2
106.9
105.5
105.9
105.6
106.4
107.1
104.6
106.0
103.8
106.2
106.0
105.9
107.2
105.8
105.7
105.1
108.6
107.0
105.6
105.7
106.9
107.4
106.5
108.8
106.5
105.6
104.4
106.8
107.0
107.7
107.4
106.1
107.2
107.0
107.1
107.7
93.6
108.5
106.1
106.8
105.5
105.5
105.1
106.1
106.3
108.4
106.4
106.0
106.8
106.2
108.4
105.9
107.5
106.7
105.8
105.5
107.3
106.7
102.0
107.0
105.3
100.6
108.4
105.4
107.8
107.7
101.6
106.3
107.5
106.9
107.0
106.9
102.0
107.4
109.4
106.7
106.0
107.4
106.2
107.1
106.0
106.0
105.3
106.9
107.3
106.8
106.9
106.5
106.9
107.8
105.5
104.0
106.9
107.0
105.8
107.0
107.1
106.5
105.7
105.7
107.0
108.3
105.6
107.0
106.6
107.5
105.0
105.9
106.0
107.7
108.1
106.1
106.6
106.4
136.4
106.5
106.0
108.4
106.0
106.6
535.8
105.7
107.9
125.8
107.2
106.4
108.6
134.9
109.7
108.2
105.8
106.6
106.2
122.7
124.1
106.6
109.6
140.6
124.7
127.4
107.9
108.0
107.9
102.8
107.0
141.1
123.6
125.2
108.5
109.2
110.8
125.2
124.5
107.1
100.5
110.0
141.1
109.2
105.6
102.2
108.7
107.9
126.1
107.0
106.3
106.7
107.2
107.7
125.5
124.1
106.8
107.1
141.9
107.7
108.4
107.5
110.1
124.1
117.4
106.0
107.8
107.1
142.2
106.5
107.1
108.5
107.9
108.1
108.1
107.7
106.4
107.3
106.9
107.6
105.4
106.9
107.8
107.5
107.6
108.4
107.6
106.3
107.0
107.4
105.7
105.8
102.3
108.1
102.6
109.9
107.2
108.6
108.1
109.1
109.0
109.7
107.5
107.4
108.9
107.9
106.2
107.9
108.0
107.6
108.5
107.6
109.2
106.7
108.2
110.1
107.8
106.9
108.1
107.0
100.6
99.5
108.3
107.1
101.5
108.1
107.8
107.6
108.5
109.1
107.9
108.3
107.7
107.7
106.4
103.3
105.6
108.1
108.0
107.3
107.8
106.8
109.4
106.1
99.8
108.2
107.8
107.8
107.8
106.9
108.2
108.6
107.9
106.3
108.3
108.4
108.4
108.3
106.7
108.6
107.7
107.0
107.9
107.8
105.9
106.3
142.3
109.4
107.0
107.4
109.9
109.7
105.3
101.4
108.4
108.7
108.9
106.6
105.7
107.8
107.9
107.7
107.8
108.0
106.4
108.1
107.6
107.5
108.2
108.2
107.9
105.8
108.1
107.1
108.9
107.6
107.3
107.2
109.4
108.0
108.4
108.5
108.3
110.1
110.2
108.2
108.3
106.7
106.9
108.3
107.6
110.1
109.1
96.8
107.9
101.2
107.4
108.3
106.8
107.1
108.8
106.9
106.0
100.8
107.2
107.9
108.9
108.5
108.7
106.4
107.7
107.9
107.8
108.5
108.3
108.7
106.7
107.5
107.6
108.6
106.4
107.3
107.9
108.0
109.6
100.1
107.1
109.4
106.8
107.0
107.7
107.6
106.7
107.6
109.0
109.0
110.0
107.6
105.5
106.0
107.0
108.2
108.2
105.9
108.6
109.0
107.2
100.7
