RMS Grad   Target
3.5019E-03 2.0000E-04
3.1456E-03 2.0000E-04
7.6244E-04 2.0000E-04
5.0297E-04 2.0000E-04
4.2907E-04 2.0000E-04
4.7284E-04 2.0000E-04
2.5076E-04 2.0000E-04
1.7322E-04 2.0000E-04
1.7640E-04 2.0000E-04
2.5965E-04 2.0000E-04
1.5157E-04 2.0000E-04
1.3300E-04 2.0000E-04
1.7513E-04 2.0000E-04
3.0666E-04 2.0000E-04
1.4240E-04 2.0000E-04
1.0721E-04 2.0000E-04
1.2861E-04 2.0000E-04
1.5827E-04 2.0000E-04
2.4166E-04 2.0000E-04
1.2064E-04 2.0000E-04
1.1401E-04 2.0000E-04
1.3643E-04 2.0000E-04
2.5775E-04 2.0000E-04
1.2819E-04 2.0000E-04
9.0343E-05 2.0000E-04
1.2096E-04 2.0000E-04
1.7420E-04 2.0000E-04
1.0584E-04 2.0000E-04
7.8335E-05 2.0000E-04
8.8050E-05 2.0000E-04
7.9126E-05 2.0000E-04
1.8871E-04 2.0000E-04
9.3707E-05 2.0000E-04
7.3187E-05 2.0000E-04
8.0133E-05 2.0000E-04
2.0314E-04 2.0000E-04
6.0987E-05 2.0000E-04
4.6560E-05 2.0000E-04
6.0958E-05 2.0000E-04
8.0393E-05 2.0000E-04
1.7651E-04 2.0000E-04
6.1699E-05 2.0000E-04
4.4595E-05 2.0000E-04
4.9928E-05 2.0000E-04
8.5140E-05 2.0000E-04
6.8041E-05 2.0000E-04
5.4565E-05 2.0000E-04
1.0289E-04 2.0000E-04
5.3159E-05 2.0000E-04
5.5549E-05 2.0000E-04
6.9246E-05 2.0000E-04
9.5522E-05 2.0000E-04
6.3176E-05 2.0000E-04
4.7077E-05 2.0000E-04
6.0143E-05 2.0000E-04
8.3361E-05 2.0000E-04
4.8781E-05 2.0000E-04
4.3998E-05 2.0000E-04
5.1874E-05 2.0000E-04
5.0441E-05 2.0000E-04
9.3343E-05 2.0000E-04
4.4690E-05 2.0000E-04
4.1974E-05 2.0000E-04
4.5961E-05 2.0000E-04
9.8226E-05 2.0000E-04
4.6346E-05 2.0000E-04
3.4544E-05 2.0000E-04
3.9122E-05 2.0000E-04
7.9687E-05 2.0000E-04
4.4573E-05 2.0000E-04
3.3967E-05 2.0000E-04
3.6490E-05 2.0000E-04
8.7547E-05 2.0000E-04
3.4737E-05 2.0000E-04
3.1281E-05 2.0000E-04
3.8204E-05 2.0000E-04
6.6109E-05 2.0000E-04
3.3186E-05 2.0000E-04
2.5164E-05 2.0000E-04
3.6199E-05 2.0000E-04
4.0589E-05 2.0000E-04
2.7955E-05 2.0000E-04
3.4209E-05 2.0000E-04
3.1465E-05 2.0000E-04
3.0842E-05 2.0000E-04
4.2680E-05 2.0000E-04
5.4336E-05 2.0000E-04
3.0078E-05 2.0000E-04
2.7187E-05 2.0000E-04
2.8750E-05 2.0000E-04
4.3082E-05 2.0000E-04
2.3602E-05 2.0000E-04
2.5184E-05 2.0000E-04
3.6279E-05 2.0000E-04
4.2847E-05 2.0000E-04
2.2303E-05 2.0000E-04
2.3367E-05 2.0000E-04
2.6588E-05 2.0000E-04
3.3031E-05 2.0000E-04
8.1124E-05 2.0000E-04
2.2446E-05 2.0000E-04
1.6720E-05 2.0000E-04
2.2512E-05 2.0000E-04
3.2840E-05 2.0000E-04
2.8463E-05 2.0000E-04
2.3318E-05 2.0000E-04
2.9448E-05 2.0000E-04
2.5597E-05 2.0000E-04
2.0550E-05 2.0000E-04
3.0831E-05 2.0000E-04
2.4584E-05 2.0000E-04
2.1261E-05 2.0000E-04
3.5608E-05 2.0000E-04
2.5955E-05 2.0000E-04
2.0431E-05 2.0000E-04
1.9847E-05 2.0000E-04
2.5979E-05 2.0000E-04
1.9137E-05 2.0000E-04
1.6993E-05 2.0000E-04
1.6464E-05 2.0000E-04
1.6424E-05 2.0000E-04
