RMS Step   Target
2.2222E-03 1.2000E-03
4.6724E-03 1.2000E-03
6.5429E-03 1.2000E-03
5.9322E-03 1.2000E-03
2.7948E-03 1.2000E-03
2.3153E-03 1.2000E-03
2.2297E-03 1.2000E-03
5.8880E-04 1.2000E-03
4.8408E-04 1.2000E-03
1.6477E-03 1.2000E-03
2.3265E-03 1.2000E-03
1.1194E-03 1.2000E-03
5.5012E-04 1.2000E-03
9.6567E-04 1.2000E-03
1.6855E-03 1.2000E-03
2.7345E-03 1.2000E-03
8.6444E-04 1.2000E-03
8.1727E-04 1.2000E-03
1.0002E-03 1.2000E-03
2.5184E-03 1.2000E-03
4.7906E-04 1.2000E-03
2.8589E-04 1.2000E-03
6.4766E-04 1.2000E-03
1.0453E-03 1.2000E-03
1.3490E-03 1.2000E-03
2.6961E-04 1.2000E-03
2.6961E-04 1.2000E-03
