RMS Grad   Target
6.5446E-04 2.0000E-04
4.6611E-04 2.0000E-04
3.6463E-04 2.0000E-04
4.0368E-04 2.0000E-04
5.4237E-04 2.0000E-04
8.0139E-04 2.0000E-04
1.7787E-04 2.0000E-04
1.1973E-04 2.0000E-04
1.4802E-04 2.0000E-04
2.1678E-04 2.0000E-04
2.2196E-04 2.0000E-04
1.8769E-04 2.0000E-04
1.3832E-04 2.0000E-04
1.3257E-04 2.0000E-04
1.4183E-04 2.0000E-04
1.5635E-04 2.0000E-04
1.2230E-04 2.0000E-04
1.3564E-04 2.0000E-04
1.6345E-04 2.0000E-04
1.0508E-04 2.0000E-04
9.9924E-05 2.0000E-04
1.0915E-04 2.0000E-04
1.1863E-04 2.0000E-04
1.9224E-04 2.0000E-04
9.3656E-05 2.0000E-04
8.9405E-05 2.0000E-04
1.0097E-04 2.0000E-04
2.5325E-04 2.0000E-04
8.6780E-05 2.0000E-04
6.7490E-05 2.0000E-04
8.9621E-05 2.0000E-04
1.1729E-04 2.0000E-04
1.3011E-04 2.0000E-04
6.5765E-05 2.0000E-04
7.6852E-05 2.0000E-04
9.5692E-05 2.0000E-04
1.3038E-04 2.0000E-04
7.4686E-05 2.0000E-04
7.2874E-05 2.0000E-04
8.3117E-05 2.0000E-04
1.4974E-04 2.0000E-04
6.9788E-05 2.0000E-04
6.3152E-05 2.0000E-04
7.3121E-05 2.0000E-04
1.6759E-04 2.0000E-04
7.0208E-05 2.0000E-04
5.5438E-05 2.0000E-04
6.6271E-05 2.0000E-04
1.0891E-04 2.0000E-04
6.2664E-05 2.0000E-04
5.1604E-05 2.0000E-04
8.3955E-05 2.0000E-04
8.3790E-05 2.0000E-04
6.0770E-05 2.0000E-04
7.0036E-05 2.0000E-04
8.0865E-05 2.0000E-04
6.3526E-05 2.0000E-04
6.7911E-05 2.0000E-04
8.6568E-05 2.0000E-04
5.9985E-05 2.0000E-04
4.6458E-05 2.0000E-04
5.2074E-05 2.0000E-04
6.0977E-05 2.0000E-04
9.3362E-05 2.0000E-04
4.9839E-05 2.0000E-04
4.0836E-05 2.0000E-04
5.0151E-05 2.0000E-04
7.9259E-05 2.0000E-04
4.6562E-05 2.0000E-04
4.3546E-05 2.0000E-04
5.2426E-05 2.0000E-04
9.5503E-05 2.0000E-04
4.2593E-05 2.0000E-04
3.8339E-05 2.0000E-04
4.8682E-05 2.0000E-04
6.6582E-05 2.0000E-04
7.4272E-05 2.0000E-04
3.6414E-05 2.0000E-04
4.1537E-05 2.0000E-04
4.8507E-05 2.0000E-04
7.6209E-05 2.0000E-04
3.9679E-05 2.0000E-04
3.5710E-05 2.0000E-04
4.4636E-05 2.0000E-04
7.3493E-05 2.0000E-04
4.0262E-05 2.0000E-04
3.3277E-05 2.0000E-04
4.1930E-05 2.0000E-04
6.4648E-05 2.0000E-04
3.7308E-05 2.0000E-04
3.3397E-05 2.0000E-04
4.3441E-05 2.0000E-04
4.5464E-05 2.0000E-04
3.4637E-05 2.0000E-04
3.9173E-05 2.0000E-04
3.9748E-05 2.0000E-04
3.7737E-05 2.0000E-04
5.8642E-05 2.0000E-04
3.6407E-05 2.0000E-04
3.2220E-05 2.0000E-04
3.5488E-05 2.0000E-04
7.3930E-05 2.0000E-04
3.4976E-05 2.0000E-04
2.5791E-05 2.0000E-04
3.2188E-05 2.0000E-04
3.8356E-05 2.0000E-04
5.0443E-05 2.0000E-04
2.6172E-05 2.0000E-04
2.7174E-05 2.0000E-04
3.6900E-05 2.0000E-04
4.1299E-05 2.0000E-04
3.0411E-05 2.0000E-04
2.7243E-05 2.0000E-04
3.2251E-05 2.0000E-04
3.5206E-05 2.0000E-04
2.9883E-05 2.0000E-04
2.7190E-05 2.0000E-04
3.1382E-05 2.0000E-04
2.9243E-05 2.0000E-04
2.6538E-05 2.0000E-04
2.9668E-05 2.0000E-04
2.9247E-05 2.0000E-04
2.8256E-05 2.0000E-04
2.9897E-05 2.0000E-04
2.6064E-05 2.0000E-04
2.3136E-05 2.0000E-04
3.9269E-05 2.0000E-04
2.4950E-05 2.0000E-04
2.2581E-05 2.0000E-04
2.6092E-05 2.0000E-04
4.8625E-05 2.0000E-04
2.4466E-05 2.0000E-04
2.0350E-05 2.0000E-04
2.3777E-05 2.0000E-04
4.5802E-05 2.0000E-04
2.4506E-05 2.0000E-04
1.9065E-05 2.0000E-04
2.1127E-05 2.0000E-04
3.6224E-05 2.0000E-04
2.2692E-05 2.0000E-04
1.7954E-05 2.0000E-04
2.3819E-05 2.0000E-04
2.4306E-05 2.0000E-04
2.4376E-05 2.0000E-04
2.0888E-05 2.0000E-04
2.0657E-05 2.0000E-04
2.3171E-05 2.0000E-04
2.6324E-05 2.0000E-04
1.9324E-05 2.0000E-04
1.9564E-05 2.0000E-04
2.3111E-05 2.0000E-04
2.2043E-05 2.0000E-04
1.7960E-05 2.0000E-04
1.9003E-05 2.0000E-04
2.0215E-05 2.0000E-04
1.8858E-05 2.0000E-04
2.3636E-05 2.0000E-04
1.7775E-05 2.0000E-04
1.6499E-05 2.0000E-04
2.3440E-05 2.0000E-04
2.0205E-05 2.0000E-04
1.5579E-05 2.0000E-04
1.7272E-05 2.0000E-04
2.4120E-05 2.0000E-04
1.7982E-05 2.0000E-04
1.5977E-05 2.0000E-04
2.0646E-05 2.0000E-04
1.6428E-05 2.0000E-04
1.8613E-05 2.0000E-04
2.0942E-05 2.0000E-04
1.5723E-05 2.0000E-04
1.6057E-05 2.0000E-04
2.5796E-05 2.0000E-04
1.7537E-05 2.0000E-04
1.4360E-05 2.0000E-04
1.6927E-05 2.0000E-04
1.7372E-05 2.0000E-04
2.4177E-05 2.0000E-04
1.6217E-05 2.0000E-04
1.4798E-05 2.0000E-04
1.6903E-05 2.0000E-04
1.9177E-05 2.0000E-04
1.6988E-05 2.0000E-04
1.4390E-05 2.0000E-04
1.7021E-05 2.0000E-04
2.2317E-05 2.0000E-04
1.5170E-05 2.0000E-04
1.5095E-05 2.0000E-04
2.2118E-05 2.0000E-04
1.5871E-05 2.0000E-04
1.7071E-05 2.0000E-04
2.4656E-05 2.0000E-04
1.5908E-05 2.0000E-04
1.4655E-05 2.0000E-04
1.9059E-05 2.0000E-04
2.2069E-05 2.0000E-04
1.8691E-05 2.0000E-04
1.7389E-05 2.0000E-04
2.5832E-05 2.0000E-04
2.3872E-05 2.0000E-04
1.8326E-05 2.0000E-04
1.8948E-05 2.0000E-04
2.1969E-05 2.0000E-04
2.1504E-05 2.0000E-04
3.4679E-05 2.0000E-04
2.1712E-05 2.0000E-04
2.0808E-05 2.0000E-04
2.4346E-05 2.0000E-04
3.4868E-05 2.0000E-04
2.7559E-05 2.0000E-04
2.7790E-05 2.0000E-04
3.2146E-05 2.0000E-04
6.5613E-05 2.0000E-04
4.6530E-05 2.0000E-04
3.4259E-05 2.0000E-04
5.1520E-05 2.0000E-04
5.5982E-05 2.0000E-04
1.1547E-04 2.0000E-04
1.0255E-04 2.0000E-04
1.2327E-04 2.0000E-04
6.4385E-05 2.0000E-04
7.9148E-05 2.0000E-04
1.4084E-04 2.0000E-04
1.5005E-04 2.0000E-04
1.1099E-04 2.0000E-04
1.6052E-04 2.0000E-04
8.2922E-05 2.0000E-04
7.5211E-05 2.0000E-04
1.0154E-04 2.0000E-04
2.0168E-04 2.0000E-04
8.6205E-05 2.0000E-04
5.6938E-05 2.0000E-04
8.4080E-05 2.0000E-04
8.8811E-05 2.0000E-04
8.2877E-05 2.0000E-04
7.6535E-05 2.0000E-04
8.0879E-05 2.0000E-04
1.0346E-04 2.0000E-04
6.4407E-05 2.0000E-04
5.8722E-05 2.0000E-04
7.1308E-05 2.0000E-04
1.1321E-04 2.0000E-04
5.7262E-05 2.0000E-04
5.6790E-05 2.0000E-04
7.6027E-05 2.0000E-04
7.7071E-05 2.0000E-04
6.3830E-05 2.0000E-04
5.5086E-05 2.0000E-04
7.1785E-05 2.0000E-04
6.4915E-05 2.0000E-04
5.8669E-05 2.0000E-04
6.1401E-05 2.0000E-04
6.3950E-05 2.0000E-04
5.3128E-05 2.0000E-04
6.1952E-05 2.0000E-04
5.8257E-05 2.0000E-04
4.6996E-05 2.0000E-04
5.7328E-05 2.0000E-04
8.3186E-05 2.0000E-04
4.8036E-05 2.0000E-04
4.0262E-05 2.0000E-04
4.3635E-05 2.0000E-04
8.2327E-05 2.0000E-04
4.3920E-05 2.0000E-04
3.8626E-05 2.0000E-04
4.5766E-05 2.0000E-04
7.8166E-05 2.0000E-04
4.1500E-05 2.0000E-04
3.6349E-05 2.0000E-04
4.0808E-05 2.0000E-04
7.9649E-05 2.0000E-04
4.0060E-05 2.0000E-04
3.4020E-05 2.0000E-04
4.2110E-05 2.0000E-04
6.4186E-05 2.0000E-04
3.5940E-05 2.0000E-04
3.3335E-05 2.0000E-04
3.6200E-05 2.0000E-04
5.1674E-05 2.0000E-04
4.1773E-05 2.0000E-04
3.2724E-05 2.0000E-04
3.6205E-05 2.0000E-04
5.7040E-05 2.0000E-04
3.6859E-05 2.0000E-04
2.9654E-05 2.0000E-04
3.6317E-05 2.0000E-04
3.6772E-05 2.0000E-04
7.2892E-05 2.0000E-04
3.1948E-05 2.0000E-04
2.9287E-05 2.0000E-04
3.6325E-05 2.0000E-04
5.8831E-05 2.0000E-04
3.2605E-05 2.0000E-04
3.0229E-05 2.0000E-04
3.8950E-05 2.0000E-04
6.1401E-05 2.0000E-04
3.4091E-05 2.0000E-04
3.2353E-05 2.0000E-04
3.9758E-05 2.0000E-04
5.3703E-05 2.0000E-04
4.7307E-05 2.0000E-04
3.2113E-05 2.0000E-04
3.5935E-05 2.0000E-04
4.7379E-05 2.0000E-04
4.0300E-05 2.0000E-04
6.4958E-05 2.0000E-04
3.9295E-05 2.0000E-04
3.7909E-05 2.0000E-04
5.1513E-05 2.0000E-04
8.5779E-05 2.0000E-04
4.0322E-05 2.0000E-04
3.5034E-05 2.0000E-04
4.3502E-05 2.0000E-04
6.4974E-05 2.0000E-04
7.6223E-05 2.0000E-04
3.7334E-05 2.0000E-04
4.2257E-05 2.0000E-04
5.1005E-05 2.0000E-04
1.2105E-04 2.0000E-04
4.3709E-05 2.0000E-04
3.7300E-05 2.0000E-04
5.0446E-05 2.0000E-04
8.0032E-05 2.0000E-04
5.2938E-05 2.0000E-04
4.2779E-05 2.0000E-04
5.9528E-05 2.0000E-04
6.0516E-05 2.0000E-04
5.2227E-05 2.0000E-04
8.1291E-05 2.0000E-04
5.2057E-05 2.0000E-04
4.7323E-05 2.0000E-04
6.0872E-05 2.0000E-04
8.7364E-05 2.0000E-04
4.6452E-05 2.0000E-04
3.9372E-05 2.0000E-04
4.7714E-05 2.0000E-04
9.4574E-05 2.0000E-04
4.5717E-05 2.0000E-04
3.5343E-05 2.0000E-04
4.8099E-05 2.0000E-04
6.0890E-05 2.0000E-04
4.3736E-05 2.0000E-04
4.7005E-05 2.0000E-04
4.4097E-05 2.0000E-04
4.0932E-05 2.0000E-04
7.3297E-05 2.0000E-04
4.2626E-05 2.0000E-04
3.0215E-05 2.0000E-04
3.0043E-05 2.0000E-04
5.3143E-05 2.0000E-04
3.3107E-05 2.0000E-04
2.7144E-05 2.0000E-04
3.3481E-05 2.0000E-04
3.8808E-05 2.0000E-04
3.6072E-05 2.0000E-04
2.6512E-05 2.0000E-04
2.8291E-05 2.0000E-04
3.2168E-05 2.0000E-04
2.6446E-05 2.0000E-04
2.4815E-05 2.0000E-04
2.6574E-05 2.0000E-04
2.5223E-05 2.0000E-04
2.4908E-05 2.0000E-04
2.5609E-05 2.0000E-04
2.2430E-05 2.0000E-04
1.9579E-05 2.0000E-04
2.7971E-05 2.0000E-04
2.1237E-05 2.0000E-04
1.9784E-05 2.0000E-04
3.3331E-05 2.0000E-04
2.3424E-05 2.0000E-04
1.8829E-05 2.0000E-04
2.2589E-05 2.0000E-04
3.7050E-05 2.0000E-04
2.0654E-05 2.0000E-04
1.7632E-05 2.0000E-04
2.1783E-05 2.0000E-04
2.6445E-05 2.0000E-04
2.1304E-05 2.0000E-04
1.7921E-05 2.0000E-04
2.3586E-05 2.0000E-04
2.6635E-05 2.0000E-04
1.9158E-05 2.0000E-04
1.9769E-05 2.0000E-04
2.6150E-05 2.0000E-04
2.0642E-05 2.0000E-04
2.4182E-05 2.0000E-04
2.7458E-05 2.0000E-04
1.9342E-05 2.0000E-04
1.7007E-05 2.0000E-04
2.2315E-05 2.0000E-04
1.9333E-05 2.0000E-04
2.5734E-05 2.0000E-04
1.9147E-05 2.0000E-04
1.7000E-05 2.0000E-04
1.7530E-05 2.0000E-04
3.2964E-05 2.0000E-04
1.7263E-05 2.0000E-04
1.5454E-05 2.0000E-04
1.9334E-05 2.0000E-04
3.7418E-05 2.0000E-04
1.7828E-05 2.0000E-04
1.5791E-05 2.0000E-04
1.7874E-05 2.0000E-04
3.0896E-05 2.0000E-04
1.8703E-05 2.0000E-04
1.5096E-05 2.0000E-04
1.9857E-05 2.0000E-04
2.8247E-05 2.0000E-04
1.7887E-05 2.0000E-04
1.5329E-05 2.0000E-04
1.7960E-05 2.0000E-04
1.9319E-05 2.0000E-04
2.5766E-05 2.0000E-04
1.6544E-05 2.0000E-04
1.4682E-05 2.0000E-04
1.7618E-05 2.0000E-04
2.0642E-05 2.0000E-04
1.6665E-05 2.0000E-04
1.5203E-05 2.0000E-04
1.8678E-05 2.0000E-04
2.2942E-05 2.0000E-04
1.4950E-05 2.0000E-04
1.5207E-05 2.0000E-04
1.9111E-05 2.0000E-04
1.7168E-05 2.0000E-04
2.6376E-05 2.0000E-04
1.6307E-05 2.0000E-04
1.4897E-05 2.0000E-04
1.8065E-05 2.0000E-04
3.4344E-05 2.0000E-04
1.5242E-05 2.0000E-04
1.4334E-05 2.0000E-04
1.6912E-05 2.0000E-04
2.9657E-05 2.0000E-04
1.5351E-05 2.0000E-04
1.3144E-05 2.0000E-04
1.6972E-05 2.0000E-04
2.5509E-05 2.0000E-04
1.4883E-05 2.0000E-04
1.2613E-05 2.0000E-04
1.5847E-05 2.0000E-04
1.9613E-05 2.0000E-04
1.6435E-05 2.0000E-04
1.2163E-05 2.0000E-04
1.4436E-05 2.0000E-04
2.0314E-05 2.0000E-04
1.3960E-05 2.0000E-04
1.3144E-05 2.0000E-04
1.7885E-05 2.0000E-04
1.4150E-05 2.0000E-04
1.3700E-05 2.0000E-04
1.8722E-05 2.0000E-04
1.2943E-05 2.0000E-04
1.1267E-05 2.0000E-04
1.5669E-05 2.0000E-04
1.2979E-05 2.0000E-04
1.3507E-05 2.0000E-04
1.3956E-05 2.0000E-04
1.1738E-05 2.0000E-04
1.2872E-05 2.0000E-04
1.7746E-05 2.0000E-04
1.1731E-05 2.0000E-04
1.0628E-05 2.0000E-04
1.4358E-05 2.0000E-04
1.2477E-05 2.0000E-04
1.1303E-05 2.0000E-04
1.1328E-05 2.0000E-04
1.2016E-05 2.0000E-04
1.0412E-05 2.0000E-04
1.2278E-05 2.0000E-04
1.2547E-05 2.0000E-04
1.0482E-05 2.0000E-04
1.1433E-05 2.0000E-04
1.2963E-05 2.0000E-04
1.0208E-05 2.0000E-04
1.0591E-05 2.0000E-04
1.4629E-05 2.0000E-04
1.0246E-05 2.0000E-04
9.4882E-06 2.0000E-04
1.1104E-05 2.0000E-04
9.2526E-06 2.0000E-04
1.4353E-05 2.0000E-04
1.0855E-05 2.0000E-04
8.6054E-06 2.0000E-04
1.0430E-05 2.0000E-04
1.3939E-05 2.0000E-04
8.6679E-06 2.0000E-04
7.8934E-06 2.0000E-04
9.3472E-06 2.0000E-04
1.0719E-05 2.0000E-04
1.1326E-05 2.0000E-04
8.3673E-06 2.0000E-04
8.8772E-06 2.0000E-04
9.9313E-06 2.0000E-04
9.0018E-06 2.0000E-04
1.0255E-05 2.0000E-04
8.4444E-06 2.0000E-04
7.5831E-06 2.0000E-04
1.2573E-05 2.0000E-04
7.7202E-06 2.0000E-04
7.2731E-06 2.0000E-04
9.1292E-06 2.0000E-04
1.1058E-05 2.0000E-04
6.9106E-06 2.0000E-04
