RMS Grad   Target
3.1418E-03 2.0000E-04
2.7976E-03 2.0000E-04
7.0705E-04 2.0000E-04
4.8907E-04 2.0000E-04
4.2073E-04 2.0000E-04
4.8631E-04 2.0000E-04
2.5373E-04 2.0000E-04
1.9048E-04 2.0000E-04
1.9019E-04 2.0000E-04
3.4850E-04 2.0000E-04
1.3856E-04 2.0000E-04
1.2412E-04 2.0000E-04
1.5261E-04 2.0000E-04
1.9499E-04 2.0000E-04
2.3476E-04 2.0000E-04
8.7792E-05 2.0000E-04
8.9883E-05 2.0000E-04
1.1199E-04 2.0000E-04
2.5002E-04 2.0000E-04
9.4052E-05 2.0000E-04
7.2030E-05 2.0000E-04
8.7634E-05 2.0000E-04
1.0192E-04 2.0000E-04
2.1420E-04 2.0000E-04
5.9641E-05 2.0000E-04
5.2618E-05 2.0000E-04
6.5820E-05 2.0000E-04
1.4965E-04 2.0000E-04
5.1532E-05 2.0000E-04
3.6517E-05 2.0000E-04
4.5251E-05 2.0000E-04
6.0643E-05 2.0000E-04
8.1965E-05 2.0000E-04
5.1799E-05 2.0000E-04
4.9671E-05 2.0000E-04
6.1623E-05 2.0000E-04
6.6398E-05 2.0000E-04
3.2500E-05 2.0000E-04
3.0787E-05 2.0000E-04
3.6482E-05 2.0000E-04
6.6280E-05 2.0000E-04
4.2169E-05 2.0000E-04
2.4076E-05 2.0000E-04
2.5055E-05 2.0000E-04
3.7199E-05 2.0000E-04
4.8462E-05 2.0000E-04
6.6790E-05 2.0000E-04
3.2220E-05 2.0000E-04
2.7738E-05 2.0000E-04
3.4352E-05 2.0000E-04
5.9386E-05 2.0000E-04
3.4958E-05 2.0000E-04
2.4593E-05 2.0000E-04
2.7996E-05 2.0000E-04
3.9825E-05 2.0000E-04
2.6537E-05 2.0000E-04
2.3514E-05 2.0000E-04
3.4067E-05 2.0000E-04
2.8020E-05 2.0000E-04
3.1325E-05 2.0000E-04
3.3164E-05 2.0000E-04
2.4434E-05 2.0000E-04
2.1415E-05 2.0000E-04
3.0774E-05 2.0000E-04
2.4227E-05 2.0000E-04
2.1888E-05 2.0000E-04
2.7091E-05 2.0000E-04
2.2070E-05 2.0000E-04
1.8137E-05 2.0000E-04
2.4203E-05 2.0000E-04
2.7946E-05 2.0000E-04
2.3989E-05 2.0000E-04
3.2708E-05 2.0000E-04
2.0119E-05 2.0000E-04
2.0658E-05 2.0000E-04
2.8637E-05 2.0000E-04
3.7017E-05 2.0000E-04
2.1304E-05 2.0000E-04
1.8920E-05 2.0000E-04
2.0391E-05 2.0000E-04
3.5294E-05 2.0000E-04
1.7618E-05 2.0000E-04
1.8407E-05 2.0000E-04
2.0264E-05 2.0000E-04
3.0493E-05 2.0000E-04
2.5685E-05 2.0000E-04
1.8426E-05 2.0000E-04
2.1382E-05 2.0000E-04
2.4996E-05 2.0000E-04
1.9814E-05 2.0000E-04
2.5111E-05 2.0000E-04
2.5585E-05 2.0000E-04
1.7143E-05 2.0000E-04
1.7734E-05 2.0000E-04
1.8295E-05 2.0000E-04
2.3114E-05 2.0000E-04
2.1915E-05 2.0000E-04
1.5793E-05 2.0000E-04
1.5921E-05 2.0000E-04
2.2625E-05 2.0000E-04
1.8003E-05 2.0000E-04
1.6720E-05 2.0000E-04
1.6247E-05 2.0000E-04
1.7134E-05 2.0000E-04
2.5195E-05 2.0000E-04
2.0344E-05 2.0000E-04
1.6457E-05 2.0000E-04
1.5751E-05 2.0000E-04
1.8038E-05 2.0000E-04
1.6082E-05 2.0000E-04
1.7941E-05 2.0000E-04
1.6856E-05 2.0000E-04
1.5839E-05 2.0000E-04
2.0123E-05 2.0000E-04
1.7258E-05 2.0000E-04
1.4217E-05 2.0000E-04
1.4998E-05 2.0000E-04
1.7129E-05 2.0000E-04
1.4250E-05 2.0000E-04
1.7193E-05 2.0000E-04
1.9985E-05 2.0000E-04
1.3791E-05 2.0000E-04
1.3886E-05 2.0000E-04
1.5958E-05 2.0000E-04
1.6741E-05 2.0000E-04
1.8060E-05 2.0000E-04
1.3738E-05 2.0000E-04
1.3032E-05 2.0000E-04
1.7722E-05 2.0000E-04
1.4484E-05 2.0000E-04
1.2452E-05 2.0000E-04
1.2851E-05 2.0000E-04
1.3684E-05 2.0000E-04
2.1642E-05 2.0000E-04
1.3111E-05 2.0000E-04
1.1259E-05 2.0000E-04
1.4507E-05 2.0000E-04
1.3411E-05 2.0000E-04
1.3589E-05 2.0000E-04
1.6223E-05 2.0000E-04
1.1809E-05 2.0000E-04
1.3393E-05 2.0000E-04
1.1299E-05 2.0000E-04
