Energy     Target
7.7750E-04 6.6667E-07
1.3460E-03 6.6667E-07
9.3040E-04 6.6667E-07
1.9534E-03 6.6667E-07
8.0716E-04 6.6667E-07
6.6913E-04 6.6667E-07
2.2787E-04 6.6667E-07
1.4317E-04 6.6667E-07
3.7407E-04 6.6667E-07
3.2497E-04 6.6667E-07
2.4417E-04 6.6667E-07
2.2914E-04 6.6667E-07
1.4775E-04 6.6667E-07
1.9896E-04 6.6667E-07
1.8856E-04 6.6667E-07
1.8612E-04 6.6667E-07
1.4123E-04 6.6667E-07
1.7602E-04 6.6667E-07
8.5263E-05 6.6667E-07
1.0379E-04 6.6667E-07
1.2139E-04 6.6667E-07
1.0587E-04 6.6667E-07
1.1852E-04 6.6667E-07
1.1428E-04 6.6667E-07
9.3873E-05 6.6667E-07
7.9407E-05 6.6667E-07
8.8359E-05 6.6667E-07
8.4110E-05 6.6667E-07
7.7935E-05 6.6667E-07
7.2927E-05 6.6667E-07
8.4778E-05 6.6667E-07
8.0699E-05 6.6667E-07
6.1918E-05 6.6667E-07
5.7086E-05 6.6667E-07
6.9497E-05 6.6667E-07
7.1714E-05 6.6667E-07
6.5435E-05 6.6667E-07
5.1627E-05 6.6667E-07
6.6477E-05 6.6667E-07
6.7725E-05 6.6667E-07
5.9835E-05 6.6667E-07
5.2756E-05 6.6667E-07
6.3871E-05 6.6667E-07
6.0509E-05 6.6667E-07
5.9111E-05 6.6667E-07
5.4983E-05 6.6667E-07
4.7612E-05 6.6667E-07
4.4694E-05 6.6667E-07
6.1154E-05 6.6667E-07
4.4857E-05 6.6667E-07
4.4642E-05 6.6667E-07
4.6782E-05 6.6667E-07
4.0021E-05 6.6667E-07
2.6389E-05 6.6667E-07
7.1671E-05 6.6667E-07
2.7279E-05 6.6667E-07
3.2867E-05 6.6667E-07
3.9422E-05 6.6667E-07
4.6820E-05 6.6667E-07
3.8416E-05 6.6667E-07
3.0470E-05 6.6667E-07
3.8927E-05 6.6667E-07
3.7575E-05 6.6667E-07
3.8498E-05 6.6667E-07
3.1416E-05 6.6667E-07
3.8520E-05 6.6667E-07
2.7652E-05 6.6667E-07
3.1368E-05 6.6667E-07
3.4188E-05 6.6667E-07
2.4264E-05 6.6667E-07
3.7490E-05 6.6667E-07
3.5242E-05 6.6667E-07
2.7792E-05 6.6667E-07
3.6291E-05 6.6667E-07
2.9255E-05 6.6667E-07
2.7117E-05 6.6667E-07
3.5249E-05 6.6667E-07
2.6773E-05 6.6667E-07
3.5487E-05 6.6667E-07
3.9844E-05 6.6667E-07
3.0469E-05 6.6667E-07
2.5527E-05 6.6667E-07
5.0001E-05 6.6667E-07
2.5844E-05 6.6667E-07
3.3009E-05 6.6667E-07
3.8186E-05 6.6667E-07
2.9987E-05 6.6667E-07
4.1939E-05 6.6667E-07
5.0628E-05 6.6667E-07
3.3168E-05 6.6667E-07
3.6422E-05 6.6667E-07
3.7782E-05 6.6667E-07
4.9661E-05 6.6667E-07
5.9447E-05 6.6667E-07
4.3977E-05 6.6667E-07
5.5892E-05 6.6667E-07
9.6288E-05 6.6667E-07
5.6448E-05 6.6667E-07
5.1112E-05 6.6667E-07
8.3448E-05 6.6667E-07
3.7844E-05 6.6667E-07
7.3427E-05 6.6667E-07
6.8384E-05 6.6667E-07
1.4062E-04 6.6667E-07
6.0792E-06 6.6667E-07
1.7031E-04 6.6667E-07
6.8726E-05 6.6667E-07
1.0357E-04 6.6667E-07
8.5106E-05 6.6667E-07
1.3313E-04 6.6667E-07
9.7595E-05 6.6667E-07
7.3528E-05 6.6667E-07
8.0845E-05 6.6667E-07
9.8155E-05 6.6667E-07
6.3399E-05 6.6667E-07
6.7590E-05 6.6667E-07
6.9643E-05 6.6667E-07
4.8110E-05 6.6667E-07
5.2915E-05 6.6667E-07
6.5381E-05 6.6667E-07
4.8554E-05 6.6667E-07
5.0464E-05 6.6667E-07
5.3197E-05 6.6667E-07
4.5067E-05 6.6667E-07
3.1065E-05 6.6667E-07
5.5872E-05 6.6667E-07
2.6650E-05 6.6667E-07
3.2158E-05 6.6667E-07
2.9404E-05 6.6667E-07
4.6604E-05 6.6667E-07
3.0521E-05 6.6667E-07
2.6675E-05 6.6667E-07
3.8142E-05 6.6667E-07
4.7652E-05 6.6667E-07
3.0921E-05 6.6667E-07
3.3877E-05 6.6667E-07
2.9554E-05 6.6667E-07
3.2269E-05 6.6667E-07
4.3969E-05 6.6667E-07
2.7705E-05 6.6667E-07
2.6552E-05 6.6667E-07
4.4535E-05 6.6667E-07
2.9469E-05 6.6667E-07
4.1309E-05 6.6667E-07
4.2635E-05 6.6667E-07
4.1168E-05 6.6667E-07
3.9226E-05 6.6667E-07
4.3099E-05 6.6667E-07
4.7201E-05 6.6667E-07
4.5674E-05 6.6667E-07
4.2284E-05 6.6667E-07
4.9962E-05 6.6667E-07
5.8050E-05 6.6667E-07
4.7415E-05 6.6667E-07
4.2376E-05 6.6667E-07
5.3625E-05 6.6667E-07
5.7839E-05 6.6667E-07
6.3714E-05 6.6667E-07
6.4851E-05 6.6667E-07
6.0649E-05 6.6667E-07
5.4234E-05 6.6667E-07
4.9446E-05 6.6667E-07
5.6262E-05 6.6667E-07
5.2937E-05 6.6667E-07
5.0930E-05 6.6667E-07
5.0385E-05 6.6667E-07
4.4743E-05 6.6667E-07
4.1545E-05 6.6667E-07
2.1170E-05 6.6667E-07
4.5720E-05 6.6667E-07
3.0734E-05 6.6667E-07
3.8314E-05 6.6667E-07
4.1280E-05 6.6667E-07
4.3866E-05 6.6667E-07
3.1027E-05 6.6667E-07
3.3547E-05 6.6667E-07
2.9959E-05 6.6667E-07
3.1599E-05 6.6667E-07
3.8696E-05 6.6667E-07
2.2709E-05 6.6667E-07
2.6893E-05 6.6667E-07
3.2518E-05 6.6667E-07
2.2311E-05 6.6667E-07
1.7659E-05 6.6667E-07
3.3873E-05 6.6667E-07
1.7286E-05 6.6667E-07
1.8108E-05 6.6667E-07
2.5978E-05 6.6667E-07
1.6058E-05 6.6667E-07
2.2289E-05 6.6667E-07
2.1718E-05 6.6667E-07
2.0536E-05 6.6667E-07
1.7399E-05 6.6667E-07
2.1109E-05 6.6667E-07
2.1657E-05 6.6667E-07
1.8293E-05 6.6667E-07
2.1939E-05 6.6667E-07
1.5940E-05 6.6667E-07
1.7872E-05 6.6667E-07
2.5080E-05 6.6667E-07
1.6358E-05 6.6667E-07
1.5109E-05 6.6667E-07
2.9431E-05 6.6667E-07
1.4563E-05 6.6667E-07
1.3851E-05 6.6667E-07
2.3687E-05 6.6667E-07
1.4035E-05 6.6667E-07
2.4094E-05 6.6667E-07
1.9984E-05 6.6667E-07
1.5308E-05 6.6667E-07
1.7397E-05 6.6667E-07
1.5730E-05 6.6667E-07
2.3409E-05 6.6667E-07
2.1147E-05 6.6667E-07
2.0147E-05 6.6667E-07
1.7617E-05 6.6667E-07
2.1655E-05 6.6667E-07
2.0820E-05 6.6667E-07
1.9486E-05 6.6667E-07
2.5942E-05 6.6667E-07
2.0690E-05 6.6667E-07
1.9941E-05 6.6667E-07
2.4256E-05 6.6667E-07
1.6195E-05 6.6667E-07
2.3154E-05 6.6667E-07
2.4157E-05 6.6667E-07
2.5584E-05 6.6667E-07
1.6092E-05 6.6667E-07
2.5164E-05 6.6667E-07
1.1366E-05 6.6667E-07
2.3632E-05 6.6667E-07
1.8129E-05 6.6667E-07
1.6821E-05 6.6667E-07
2.7174E-05 6.6667E-07
2.4192E-05 6.6667E-07
2.1091E-05 6.6667E-07
1.7664E-05 6.6667E-07
2.0099E-05 6.6667E-07
2.6912E-05 6.6667E-07
2.1986E-05 6.6667E-07
2.0690E-05 6.6667E-07
1.9044E-05 6.6667E-07
2.1651E-05 6.6667E-07
1.9639E-05 6.6667E-07
1.7817E-05 6.6667E-07
1.8103E-05 6.6667E-07
2.4051E-05 6.6667E-07
2.0682E-05 6.6667E-07
1.9952E-05 6.6667E-07
2.1778E-05 6.6667E-07
2.1944E-05 6.6667E-07
1.8333E-05 6.6667E-07
1.9215E-05 6.6667E-07
2.0203E-05 6.6667E-07
2.2849E-05 6.6667E-07
1.8656E-05 6.6667E-07
1.8541E-05 6.6667E-07
1.9379E-05 6.6667E-07
2.2052E-05 6.6667E-07
1.7623E-05 6.6667E-07
1.6805E-05 6.6667E-07
1.7924E-05 6.6667E-07
2.3945E-05 6.6667E-07
1.7757E-05 6.6667E-07
1.7485E-05 6.6667E-07
2.3446E-05 6.6667E-07
1.8426E-05 6.6667E-07
1.8349E-05 6.6667E-07
2.0854E-05 6.6667E-07
1.7875E-05 6.6667E-07
2.5593E-05 6.6667E-07
1.9371E-05 6.6667E-07
1.9474E-05 6.6667E-07
1.8527E-05 6.6667E-07
1.8150E-05 6.6667E-07
2.1103E-05 6.6667E-07
2.1837E-05 6.6667E-07
1.7593E-05 6.6667E-07
2.1785E-05 6.6667E-07
2.0450E-05 6.6667E-07
1.8549E-05 6.6667E-07
1.8993E-05 6.6667E-07
1.9785E-05 6.6667E-07
1.9877E-05 6.6667E-07
1.8152E-05 6.6667E-07
1.7959E-05 6.6667E-07
1.7671E-05 6.6667E-07
1.9605E-05 6.6667E-07
1.5807E-05 6.6667E-07
2.1777E-05 6.6667E-07
7.7750E-04 6.6667E-07
1.3460E-03 6.6667E-07
9.3040E-04 6.6667E-07
1.9534E-03 6.6667E-07
8.0716E-04 6.6667E-07
6.6913E-04 6.6667E-07
2.2787E-04 6.6667E-07
1.4317E-04 6.6667E-07
3.7407E-04 6.6667E-07
3.2497E-04 6.6667E-07
2.4417E-04 6.6667E-07
2.2914E-04 6.6667E-07
1.4775E-04 6.6667E-07
1.9896E-04 6.6667E-07
1.8856E-04 6.6667E-07
1.8612E-04 6.6667E-07
1.4123E-04 6.6667E-07
1.7602E-04 6.6667E-07
8.5263E-05 6.6667E-07
1.0379E-04 6.6667E-07
1.2139E-04 6.6667E-07
1.0587E-04 6.6667E-07
1.1852E-04 6.6667E-07
1.1428E-04 6.6667E-07
9.3873E-05 6.6667E-07
7.9407E-05 6.6667E-07
8.8359E-05 6.6667E-07
8.4110E-05 6.6667E-07
7.7935E-05 6.6667E-07
7.2927E-05 6.6667E-07
8.4778E-05 6.6667E-07
8.0699E-05 6.6667E-07
6.1918E-05 6.6667E-07
5.7086E-05 6.6667E-07
6.9498E-05 6.6667E-07
7.1714E-05 6.6667E-07
6.5435E-05 6.6667E-07
5.1627E-05 6.6667E-07
6.6477E-05 6.6667E-07
6.7725E-05 6.6667E-07
5.9834E-05 6.6667E-07
5.2756E-05 6.6667E-07
6.3871E-05 6.6667E-07
6.0509E-05 6.6667E-07
5.9111E-05 6.6667E-07
5.4983E-05 6.6667E-07
4.7611E-05 6.6667E-07
4.4694E-05 6.6667E-07
6.1155E-05 6.6667E-07
4.4856E-05 6.6667E-07
4.4642E-05 6.6667E-07
4.6782E-05 6.6667E-07
4.0020E-05 6.6667E-07
2.6383E-05 6.6667E-07
7.1676E-05 6.6667E-07
2.7278E-05 6.6667E-07
3.2867E-05 6.6667E-07
3.9422E-05 6.6667E-07
4.6824E-05 6.6667E-07
3.8413E-05 6.6667E-07
3.0469E-05 6.6667E-07
3.8932E-05 6.6667E-07
3.7570E-05 6.6667E-07
3.8502E-05 6.6667E-07
3.1420E-05 6.6667E-07
3.8511E-05 6.6667E-07
2.7665E-05 6.6667E-07
3.1365E-05 6.6667E-07
3.4190E-05 6.6667E-07
2.4269E-05 6.6667E-07
3.7511E-05 6.6667E-07
3.5228E-05 6.6667E-07
2.7825E-05 6.6667E-07
3.6278E-05 6.6667E-07
2.9264E-05 6.6667E-07
2.7122E-05 6.6667E-07
3.5267E-05 6.6667E-07
2.6816E-05 6.6667E-07
3.5444E-05 6.6667E-07
3.9868E-05 6.6667E-07
3.0454E-05 6.6667E-07
2.5545E-05 6.6667E-07
5.0021E-05 6.6667E-07
2.6026E-05 6.6667E-07
3.2819E-05 6.6667E-07
3.8405E-05 6.6667E-07
2.9982E-05 6.6667E-07
4.1752E-05 6.6667E-07
5.0782E-05 6.6667E-07
3.3118E-05 6.6667E-07
3.6284E-05 6.6667E-07
3.7888E-05 6.6667E-07
4.9190E-05 6.6667E-07
5.9821E-05 6.6667E-07
4.3759E-05 6.6667E-07
5.6017E-05 6.6667E-07
9.6196E-05 6.6667E-07
5.6864E-05 6.6667E-07
5.0805E-05 6.6667E-07
8.2874E-05 6.6667E-07
4.0952E-05 6.6667E-07
7.1462E-05 6.6667E-07
7.1494E-05 6.6667E-07
1.3660E-04 6.6667E-07
7.7038E-05 6.6667E-07
9.9619E-05 6.6667E-07
1.2693E-04 6.6667E-07
7.6172E-05 6.6667E-07
8.5458E-05 6.6667E-07
1.0713E-04 6.6667E-07
8.2193E-05 6.6667E-07
8.8890E-05 6.6667E-07
8.6280E-05 6.6667E-07
7.7108E-05 6.6667E-07
8.8330E-05 6.6667E-07
6.6531E-05 6.6667E-07
7.0173E-05 6.6667E-07
6.0677E-05 6.6667E-07
4.5695E-05 6.6667E-07
5.8030E-05 6.6667E-07
4.8486E-05 6.6667E-07
5.1082E-05 6.6667E-07
4.2667E-05 6.6667E-07
4.7313E-05 6.6667E-07
4.7444E-05 6.6667E-07
4.0704E-05 6.6667E-07
3.3238E-05 6.6667E-07
4.0398E-05 6.6667E-07
2.7470E-05 6.6667E-07
4.2187E-05 6.6667E-07
2.8407E-05 6.6667E-07
2.9761E-05 6.6667E-07
3.6239E-05 6.6667E-07
4.1799E-05 6.6667E-07
3.0167E-05 6.6667E-07
3.5906E-05 6.6667E-07
2.9212E-05 6.6667E-07
2.9859E-05 6.6667E-07
4.8917E-05 6.6667E-07
2.8506E-05 6.6667E-07
2.5078E-05 6.6667E-07
4.6179E-05 6.6667E-07
2.7286E-05 6.6667E-07
2.8045E-05 6.6667E-07
5.2438E-05 6.6667E-07
3.0172E-05 6.6667E-07
3.6265E-05 6.6667E-07
4.9218E-05 6.6667E-07
3.5698E-05 6.6667E-07
3.8165E-05 6.6667E-07
6.1012E-05 6.6667E-07
3.3374E-05 6.6667E-07
4.2789E-05 6.6667E-07
4.5663E-05 6.6667E-07
5.8394E-05 6.6667E-07
6.3096E-05 6.6667E-07
4.7999E-05 6.6667E-07
6.1624E-05 6.6667E-07
6.7403E-05 6.6667E-07
6.0654E-05 6.6667E-07
4.1832E-05 6.6667E-07
4.6268E-05 6.6667E-07
4.2133E-05 6.6667E-07
4.8179E-05 6.6667E-07
5.6410E-05 6.6667E-07
4.0570E-05 6.6667E-07
6.8176E-05 6.6667E-07
4.4339E-05 6.6667E-07
3.5341E-05 6.6667E-07
4.4353E-05 6.6667E-07
4.0216E-05 6.6667E-07
4.6187E-05 6.6667E-07
3.8720E-05 6.6667E-07
3.3427E-05 6.6667E-07
3.6183E-05 6.6667E-07
3.3905E-05 6.6667E-07
3.4751E-05 6.6667E-07
2.7713E-05 6.6667E-07
2.5979E-05 6.6667E-07
3.3897E-05 6.6667E-07
3.2450E-05 6.6667E-07
2.2667E-05 6.6667E-07
2.3640E-05 6.6667E-07
1.9393E-05 6.6667E-07
2.7571E-05 6.6667E-07
1.8779E-05 6.6667E-07
1.9916E-05 6.6667E-07
2.0655E-05 6.6667E-07
2.8310E-05 6.6667E-07
1.7409E-05 6.6667E-07
1.8315E-05 6.6667E-07
1.3466E-05 6.6667E-07
2.3673E-05 6.6667E-07
1.7968E-05 6.6667E-07
1.5892E-05 6.6667E-07
2.0857E-05 6.6667E-07
2.6044E-05 6.6667E-07
1.5190E-05 6.6667E-07
1.8004E-05 6.6667E-07
1.7405E-05 6.6667E-07
1.9132E-05 6.6667E-07
2.4884E-05 6.6667E-07
1.5452E-05 6.6667E-07
1.7546E-05 6.6667E-07
2.6093E-05 6.6667E-07
1.5457E-05 6.6667E-07
1.3758E-05 6.6667E-07
2.1575E-05 6.6667E-07
1.5469E-05 6.6667E-07
2.1378E-05 6.6667E-07
2.2109E-05 6.6667E-07
1.6299E-05 6.6667E-07
1.8884E-05 6.6667E-07
1.5472E-05 6.6667E-07
2.0044E-05 6.6667E-07
1.8267E-05 6.6667E-07
1.7578E-05 6.6667E-07
1.5618E-05 6.6667E-07
2.6891E-05 6.6667E-07
1.5798E-05 6.6667E-07
1.9910E-05 6.6667E-07
1.6505E-05 6.6667E-07
2.7640E-05 6.6667E-07
1.9681E-05 6.6667E-07
1.7058E-05 6.6667E-07
2.1870E-05 6.6667E-07
2.5645E-05 6.6667E-07
2.2051E-05 6.6667E-07
1.9516E-05 6.6667E-07
2.3400E-05 6.6667E-07
2.3873E-05 6.6667E-07
2.3032E-05 6.6667E-07
1.8558E-05 6.6667E-07
2.1505E-05 6.6667E-07
2.5448E-05 6.6667E-07
1.9980E-05 6.6667E-07
1.7372E-05 6.6667E-07
2.1360E-05 6.6667E-07
2.0659E-05 6.6667E-07
1.7844E-05 6.6667E-07
2.5025E-05 6.6667E-07
1.9550E-05 6.6667E-07
1.8700E-05 6.6667E-07
2.3252E-05 6.6667E-07
1.5655E-05 6.6667E-07
2.2542E-05 6.6667E-07
2.0933E-05 6.6667E-07
1.9234E-05 6.6667E-07
1.4549E-05 6.6667E-07
2.5832E-05 6.6667E-07
1.0674E-05 6.6667E-07
2.3223E-05 6.6667E-07
1.4999E-05 6.6667E-07
1.4876E-05 6.6667E-07
2.6073E-05 6.6667E-07
1.9545E-05 6.6667E-07
2.1260E-05 6.6667E-07
1.4921E-05 6.6667E-07
1.5124E-05 6.6667E-07
2.2474E-05 6.6667E-07
2.3505E-05 6.6667E-07
1.5756E-05 6.6667E-07
1.7510E-05 6.6667E-07
1.9048E-05 6.6667E-07
2.1773E-05 6.6667E-07
1.9411E-05 6.6667E-07
1.7574E-05 6.6667E-07
1.9582E-05 6.6667E-07
2.5448E-05 6.6667E-07
1.8298E-05 6.6667E-07
1.9187E-05 6.6667E-07
1.9395E-05 6.6667E-07
2.0218E-05 6.6667E-07
2.0313E-05 6.6667E-07
2.1256E-05 6.6667E-07
1.6097E-05 6.6667E-07
1.7927E-05 6.6667E-07
1.7019E-05 6.6667E-07
2.3687E-05 6.6667E-07
1.5143E-05 6.6667E-07
1.3009E-05 6.6667E-07
1.6020E-05 6.6667E-07
2.7692E-05 6.6667E-07
1.7646E-05 6.6667E-07
2.0009E-05 6.6667E-07
2.1880E-05 6.6667E-07
1.7731E-05 6.6667E-07
1.8131E-05 6.6667E-07
1.9608E-05 6.6667E-07
1.5500E-05 6.6667E-07
1.8801E-05 6.6667E-07
1.9544E-05 6.6667E-07
2.1458E-05 6.6667E-07
1.4888E-05 6.6667E-07
1.9758E-05 6.6667E-07
2.3873E-05 6.6667E-07
1.9674E-05 6.6667E-07
1.8866E-05 6.6667E-07
2.1129E-05 6.6667E-07
1.7658E-05 6.6667E-07
1.9548E-05 6.6667E-07
1.8738E-05 6.6667E-07
1.6887E-05 6.6667E-07
1.7456E-05 6.6667E-07
2.4520E-05 6.6667E-07
1.7842E-05 6.6667E-07
2.1993E-05 6.6667E-07
1.8766E-05 6.6667E-07
1.8583E-05 6.6667E-07
2.2178E-05 6.6667E-07
2.9655E-05 6.6667E-07
1.8819E-05 6.6667E-07
2.2342E-05 6.6667E-07
1.9972E-05 6.6667E-07
3.3598E-05 6.6667E-07
2.4626E-05 6.6667E-07
2.1849E-05 6.6667E-07
2.5725E-05 6.6667E-07
3.3443E-05 6.6667E-07
3.0028E-05 6.6667E-07
2.5967E-05 6.6667E-07
3.2254E-05 6.6667E-07
3.5656E-05 6.6667E-07
3.5910E-05 6.6667E-07
2.9541E-05 6.6667E-07
2.9168E-05 6.6667E-07
4.1475E-05 6.6667E-07
3.9182E-05 6.6667E-07
3.0805E-05 6.6667E-07
4.5505E-05 6.6667E-07
3.3029E-05 6.6667E-07
5.2565E-05 6.6667E-07
5.9432E-05 6.6667E-07
4.9008E-05 6.6667E-07
4.9385E-05 6.6667E-07
6.9983E-05 6.6667E-07
5.5325E-05 6.6667E-07
5.7067E-05 6.6667E-07
1.0067E-04 6.6667E-07
6.4305E-05 6.6667E-07
6.9639E-05 6.6667E-07
6.9639E-05 6.6667E-07
3.2476E-03 6.6667E-07
5.9988E-05 6.6667E-07
9.6958E-05 6.6667E-07
1.2938E-04 6.6667E-07
1.0472E-04 6.6667E-07
9.1273E-05 6.6667E-07
1.3762E-04 6.6667E-07
6.1563E-05 6.6667E-07
1.4132E-04 6.6667E-07
7.3706E-05 6.6667E-07
7.7789E-05 6.6667E-07
1.0902E-04 6.6667E-07
1.3057E-04 6.6667E-07
1.0111E-04 6.6667E-07
9.3776E-05 6.6667E-07
1.1819E-04 6.6667E-07
9.0749E-05 6.6667E-07
5.8688E-05 6.6667E-07
9.6012E-05 6.6667E-07
6.7566E-05 6.6667E-07
7.4613E-05 6.6667E-07
6.9901E-05 6.6667E-07
4.3884E-05 6.6667E-07
6.4225E-05 6.6667E-07
5.8440E-05 6.6667E-07
4.8577E-05 6.6667E-07
3.8128E-05 6.6667E-07
6.2536E-05 6.6667E-07
2.7690E-05 6.6667E-07
4.5007E-05 6.6667E-07
2.9074E-05 6.6667E-07
2.9316E-05 6.6667E-07
2.8472E-05 6.6667E-07
4.3277E-05 6.6667E-07
2.3937E-05 6.6667E-07
2.6670E-05 6.6667E-07
2.4155E-05 6.6667E-07
3.3978E-05 6.6667E-07
2.0969E-05 6.6667E-07
2.1288E-05 6.6667E-07
1.8536E-05 6.6667E-07
2.7564E-05 6.6667E-07
2.2192E-05 6.6667E-07
1.8003E-05 6.6667E-07
2.0950E-05 6.6667E-07
2.6997E-05 6.6667E-07
1.8692E-05 6.6667E-07
2.0085E-05 6.6667E-07
2.0137E-05 6.6667E-07
2.7659E-05 6.6667E-07
2.2295E-05 6.6667E-07
2.1366E-05 6.6667E-07
2.0406E-05 6.6667E-07
2.3510E-05 6.6667E-07
2.3295E-05 6.6667E-07
1.8208E-05 6.6667E-07
2.9881E-05 6.6667E-07
3.0081E-05 6.6667E-07
2.6938E-05 6.6667E-07
2.8338E-05 6.6667E-07
2.5198E-05 6.6667E-07
2.3533E-05 6.6667E-07
3.4689E-05 6.6667E-07
2.5282E-05 6.6667E-07
4.0019E-05 6.6667E-07
4.7029E-05 6.6667E-07
4.4060E-05 6.6667E-07
3.1614E-05 6.6667E-07
4.8064E-05 6.6667E-07
4.2022E-05 6.6667E-07
6.7476E-05 6.6667E-07
5.6256E-05 6.6667E-07
6.3901E-05 6.6667E-07
5.7475E-05 6.6667E-07
5.3485E-05 6.6667E-07
6.3926E-05 6.6667E-07
5.2970E-05 6.6667E-07
1.5569E-04 6.6667E-07
6.3019E-05 6.6667E-07
1.0962E-04 6.6667E-07
8.0122E-05 6.6667E-07
8.0239E-05 6.6667E-07
8.5042E-05 6.6667E-07
1.4339E-04 6.6667E-07
9.2766E-05 6.6667E-07
8.3791E-05 6.6667E-07
1.5525E-04 6.6667E-07
6.4952E-05 6.6667E-07
9.4045E-05 6.6667E-07
1.0683E-04 6.6667E-07
6.7509E-05 6.6667E-07
9.3900E-05 6.6667E-07
1.1274E-04 6.6667E-07
6.9963E-05 6.6667E-07
7.8090E-05 6.6667E-07
7.0342E-05 6.6667E-07
7.7939E-05 6.6667E-07
7.8256E-05 6.6667E-07
6.5539E-05 6.6667E-07
9.9320E-05 6.6667E-07
7.9796E-05 6.6667E-07
7.2605E-05 6.6667E-07
8.2500E-05 6.6667E-07
6.9643E-05 6.6667E-07
7.9697E-05 6.6667E-07
8.7793E-05 6.6667E-07
6.3046E-05 6.6667E-07
9.0033E-05 6.6667E-07
7.9064E-05 6.6667E-07
7.5333E-05 6.6667E-07
8.4342E-05 6.6667E-07
8.2585E-05 6.6667E-07
8.5470E-05 6.6667E-07
7.7152E-05 6.6667E-07
6.9891E-05 6.6667E-07
9.0750E-05 6.6667E-07
8.3220E-05 6.6667E-07
6.9141E-05 6.6667E-07
7.1440E-05 6.6667E-07
7.6692E-05 6.6667E-07
8.4243E-05 6.6667E-07
8.1452E-05 6.6667E-07
6.3220E-05 6.6667E-07
9.5624E-05 6.6667E-07
8.2299E-05 6.6667E-07
8.9971E-05 6.6667E-07
8.4734E-05 6.6667E-07
9.5747E-05 6.6667E-07
1.2108E-04 6.6667E-07
1.1511E-04 6.6667E-07
1.1487E-04 6.6667E-07
1.1492E-04 6.6667E-07
1.1067E-04 6.6667E-07
1.1779E-04 6.6667E-07
1.1571E-04 6.6667E-07
1.0195E-04 6.6667E-07
1.2427E-04 6.6667E-07
1.0072E-04 6.6667E-07
7.4293E-05 6.6667E-07
8.1522E-05 6.6667E-07
5.7499E-05 6.6667E-07
7.9358E-05 6.6667E-07
6.7985E-05 6.6667E-07
5.8525E-05 6.6667E-07
4.2891E-05 6.6667E-07
5.7504E-05 6.6667E-07
4.7479E-05 6.6667E-07
3.8380E-05 6.6667E-07
4.7632E-05 6.6667E-07
3.4066E-05 6.6667E-07
4.2700E-05 6.6667E-07
4.5433E-05 6.6667E-07
3.8422E-05 6.6667E-07
2.5875E-05 6.6667E-07
4.4166E-05 6.6667E-07
2.2625E-05 6.6667E-07
3.3162E-05 6.6667E-07
3.6700E-05 6.6667E-07
2.6319E-05 6.6667E-07
3.2339E-05 6.6667E-07
4.5438E-05 6.6667E-07
2.2969E-05 6.6667E-07
3.0894E-05 6.6667E-07
3.0298E-05 6.6667E-07
3.7317E-05 6.6667E-07
3.5028E-05 6.6667E-07
2.6557E-05 6.6667E-07
3.4249E-05 6.6667E-07
3.7012E-05 6.6667E-07
3.3377E-05 6.6667E-07
3.1411E-05 6.6667E-07
3.5907E-05 6.6667E-07
3.5094E-05 6.6667E-07
3.4559E-05 6.6667E-07
3.0616E-05 6.6667E-07
4.3988E-05 6.6667E-07
3.8314E-05 6.6667E-07
3.5365E-05 6.6667E-07
3.3389E-05 6.6667E-07
3.7466E-05 6.6667E-07
4.2211E-05 6.6667E-07
4.0017E-05 6.6667E-07
3.8266E-05 6.6667E-07
4.5743E-05 6.6667E-07
4.0611E-05 6.6667E-07
3.7931E-05 6.6667E-07
4.0802E-05 6.6667E-07
4.4823E-05 6.6667E-07
4.5325E-05 6.6667E-07
3.9301E-05 6.6667E-07
5.0182E-05 6.6667E-07
3.4131E-05 6.6667E-07
4.2921E-05 6.6667E-07
4.7432E-05 6.6667E-07
3.1842E-05 6.6667E-07
5.1502E-05 6.6667E-07
5.4063E-05 6.6667E-07
6.5532E-05 6.6667E-07
3.7443E-05 6.6667E-07
7.1391E-05 6.6667E-07
3.6804E-05 6.6667E-07
6.9560E-05 6.6667E-07
5.6002E-05 6.6667E-07
5.3757E-05 6.6667E-07
9.1709E-05 6.6667E-07
7.2753E-05 6.6667E-07
8.7338E-05 6.6667E-07
6.7867E-05 6.6667E-07
6.4514E-05 6.6667E-07
1.1842E-04 6.6667E-07
8.5648E-05 6.6667E-07
9.6385E-05 6.6667E-07
9.3333E-05 6.6667E-07
8.2676E-05 6.6667E-07
8.3039E-05 6.6667E-07
1.2914E-04 6.6667E-07
6.6498E-05 6.6667E-07
8.2684E-05 6.6667E-07
9.3787E-05 6.6667E-07
1.1580E-04 6.6667E-07
1.0261E-04 6.6667E-07
7.9693E-05 6.6667E-07
1.1198E-04 6.6667E-07
8.3881E-05 6.6667E-07
7.4381E-05 6.6667E-07
7.9390E-05 6.6667E-07
7.9745E-05 6.6667E-07
7.4040E-05 6.6667E-07
1.0171E-04 6.6667E-07
6.8930E-05 6.6667E-07
7.1872E-05 6.6667E-07
8.6806E-05 6.6667E-07
9.2597E-05 6.6667E-07
8.4551E-05 6.6667E-07
8.6804E-05 6.6667E-07
1.0182E-04 6.6667E-07
1.0886E-04 6.6667E-07
1.0672E-04 6.6667E-07
9.8780E-05 6.6667E-07
1.1757E-04 6.6667E-07
1.1476E-04 6.6667E-07
1.2073E-04 6.6667E-07
1.0444E-04 6.6667E-07
1.3961E-04 6.6667E-07
1.4665E-04 6.6667E-07
1.1233E-04 6.6667E-07
1.0679E-04 6.6667E-07
1.6030E-04 6.6667E-07
1.0160E-04 6.6667E-07
1.3652E-04 6.6667E-07
1.1162E-04 6.6667E-07
9.6457E-05 6.6667E-07
1.2068E-04 6.6667E-07
1.5321E-04 6.6667E-07
1.1497E-04 6.6667E-07
9.5236E-05 6.6667E-07
1.6699E-04 6.6667E-07
9.4106E-05 6.6667E-07
1.1452E-04 6.6667E-07
1.4244E-04 6.6667E-07
8.4190E-05 6.6667E-07
1.0754E-04 6.6667E-07
1.2321E-04 6.6667E-07
1.0581E-04 6.6667E-07
7.1378E-05 6.6667E-07
1.2142E-04 6.6667E-07
5.8037E-05 6.6667E-07
8.9919E-05 6.6667E-07
6.7758E-05 6.6667E-07
5.5775E-05 6.6667E-07
7.3562E-05 6.6667E-07
7.7736E-05 6.6667E-07
6.2959E-05 6.6667E-07
6.0706E-05 6.6667E-07
5.8185E-05 6.6667E-07
5.8181E-05 6.6667E-07
4.8682E-05 6.6667E-07
5.0986E-05 6.6667E-07
5.1978E-05 6.6667E-07
4.3825E-05 6.6667E-07
4.7095E-05 6.6667E-07
3.7663E-05 6.6667E-07
4.7671E-05 6.6667E-07
4.3107E-05 6.6667E-07
3.7169E-05 6.6667E-07
3.5322E-05 6.6667E-07
4.3843E-05 6.6667E-07
3.4486E-05 6.6667E-07
2.6707E-05 6.6667E-07
3.7172E-05 6.6667E-07
2.6948E-05 6.6667E-07
3.5108E-05 6.6667E-07
4.6146E-05 6.6667E-07
2.5891E-05 6.6667E-07
2.8128E-05 6.6667E-07
5.4918E-05 6.6667E-07
2.5537E-05 6.6667E-07
3.1183E-05 6.6667E-07
4.1631E-05 6.6667E-07
2.9813E-05 6.6667E-07
3.4565E-05 6.6667E-07
5.4141E-05 6.6667E-07
2.6159E-05 6.6667E-07
3.7386E-05 6.6667E-07
2.9168E-05 6.6667E-07
4.2866E-05 6.6667E-07
3.1999E-05 6.6667E-07
2.5965E-05 6.6667E-07
3.1973E-05 6.6667E-07
4.5232E-05 6.6667E-07
3.1240E-05 6.6667E-07
2.4577E-05 6.6667E-07
3.4971E-05 6.6667E-07
3.0789E-05 6.6667E-07
3.4510E-05 6.6667E-07
3.0707E-05 6.6667E-07
2.6150E-05 6.6667E-07
3.1687E-05 6.6667E-07
3.0339E-05 6.6667E-07
2.8430E-05 6.6667E-07
2.7074E-05 6.6667E-07
3.2726E-05 6.6667E-07
3.5124E-05 6.6667E-07
3.2062E-05 6.6667E-07
3.0677E-05 6.6667E-07
3.4835E-05 6.6667E-07
3.8916E-05 6.6667E-07
3.6346E-05 6.6667E-07
3.3499E-05 6.6667E-07
3.6581E-05 6.6667E-07
8.3820E-06 6.6667E-07
3.7463E-05 6.6667E-07
2.5586E-05 6.6667E-07
3.5956E-05 6.6667E-07
2.8527E-05 6.6667E-07
3.3876E-05 6.6667E-07
3.2622E-05 6.6667E-07
3.2622E-05 6.6667E-07
3.2152E-03 6.6667E-07
3.7065E-06 6.6667E-07
1.7284E-05 6.6667E-07
1.2965E-05 6.6667E-07
1.4106E-05 6.6667E-07
1.8804E-05 6.6667E-07
1.0890E-05 6.6667E-07
2.1337E-05 6.6667E-07
1.2886E-05 6.6667E-07
1.4422E-05 6.6667E-07
1.6177E-05 6.6667E-07
1.7071E-05 6.6667E-07
1.2885E-05 6.6667E-07
1.4534E-05 6.6667E-07
1.0969E-05 6.6667E-07
1.5538E-05 6.6667E-07
1.4306E-05 6.6667E-07
1.1815E-05 6.6667E-07
1.7454E-05 6.6667E-07
1.5201E-05 6.6667E-07
1.5675E-05 6.6667E-07
1.3384E-05 6.6667E-07
1.5478E-05 6.6667E-07
2.1494E-05 6.6667E-07
1.7609E-05 6.6667E-07
1.4809E-05 6.6667E-07
1.9780E-05 6.6667E-07
1.5508E-05 6.6667E-07
1.9369E-05 6.6667E-07
1.7889E-05 6.6667E-07
1.3615E-05 6.6667E-07
1.9528E-05 6.6667E-07
2.4335E-05 6.6667E-07
1.6013E-05 6.6667E-07
1.8109E-05 6.6667E-07
1.8251E-05 6.6667E-07
2.2445E-05 6.6667E-07
1.9356E-05 6.6667E-07
1.8929E-05 6.6667E-07
1.6090E-05 6.6667E-07
2.2622E-05 6.6667E-07
1.6185E-05 6.6667E-07
1.8870E-05 6.6667E-07
2.0669E-05 6.6667E-07
1.6201E-05 6.6667E-07
2.2541E-05 6.6667E-07
2.5345E-05 6.6667E-07
1.8511E-05 6.6667E-07
2.3129E-05 6.6667E-07
1.9951E-05 6.6667E-07
1.9449E-05 6.6667E-07
2.3853E-05 6.6667E-07
2.0061E-05 6.6667E-07
2.0334E-05 6.6667E-07
1.8049E-05 6.6667E-07
1.2966E-05 6.6667E-07
1.8065E-05 6.6667E-07
2.1014E-05 6.6667E-07
1.7429E-05 6.6667E-07
2.1132E-05 6.6667E-07
1.9350E-05 6.6667E-07
2.0038E-05 6.6667E-07
1.7823E-05 6.6667E-07
1.9568E-05 6.6667E-07
2.2590E-05 6.6667E-07
1.9727E-05 6.6667E-07
2.3130E-05 6.6667E-07
2.5659E-05 6.6667E-07
1.8353E-05 6.6667E-07
1.9306E-05 6.6667E-07
2.0896E-05 6.6667E-07
2.0803E-05 6.6667E-07
2.6912E-05 6.6667E-07
3.2120E-05 6.6667E-07
2.8886E-05 6.6667E-07
3.2121E-05 6.6667E-07
2.6850E-05 6.6667E-07
2.8960E-05 6.6667E-07
2.0345E-05 6.6667E-07
2.1410E-05 6.6667E-07
1.8189E-05 6.6667E-07
3.0189E-05 6.6667E-07
2.9771E-05 6.6667E-07
2.8392E-05 6.6667E-07
3.1523E-05 6.6667E-07
2.4959E-05 6.6667E-07
3.6339E-05 6.6667E-07
3.0934E-05 6.6667E-07
2.1796E-05 6.6667E-07
2.9121E-05 6.6667E-07
2.0283E-05 6.6667E-07
3.1971E-05 6.6667E-07
2.6441E-05 6.6667E-07
3.1955E-05 6.6667E-07
2.8795E-05 6.6667E-07
2.4741E-05 6.6667E-07
2.3043E-05 6.6667E-07
2.5287E-05 6.6667E-07
2.3793E-05 6.6667E-07
2.5081E-05 6.6667E-07
1.8979E-05 6.6667E-07
2.2780E-05 6.6667E-07
2.2124E-05 6.6667E-07
1.7692E-05 6.6667E-07
1.3164E-05 6.6667E-07
2.1156E-05 6.6667E-07
1.5856E-05 6.6667E-07
1.5266E-05 6.6667E-07
2.4057E-05 6.6667E-07
1.4816E-05 6.6667E-07
1.6688E-05 6.6667E-07
2.3805E-05 6.6667E-07
1.3096E-05 6.6667E-07
1.4729E-05 6.6667E-07
2.2068E-05 6.6667E-07
1.8436E-05 6.6667E-07
2.6229E-05 6.6667E-07
2.7185E-05 6.6667E-07
2.9768E-05 6.6667E-07
2.7145E-05 6.6667E-07
3.3799E-05 6.6667E-07
3.3047E-05 6.6667E-07
3.3865E-05 6.6667E-07
3.2957E-05 6.6667E-07
3.5413E-05 6.6667E-07
4.3378E-05 6.6667E-07
4.3020E-05 6.6667E-07
5.3481E-05 6.6667E-07
7.4296E-05 6.6667E-07
7.7130E-05 6.6667E-07
7.5599E-05 6.6667E-07
1.8397E-05 6.6667E-07
9.3562E-05 6.6667E-07
5.8141E-05 6.6667E-07
1.0091E-04 6.6667E-07
9.5307E-05 6.6667E-07
9.9837E-05 6.6667E-07
7.9598E-05 6.6667E-07
6.6633E-05 6.6667E-07
9.0386E-05 6.6667E-07
9.1793E-05 6.6667E-07
7.5346E-05 6.6667E-07
8.4822E-05 6.6667E-07
5.9014E-05 6.6667E-07
7.1157E-05 6.6667E-07
7.7815E-05 6.6667E-07
5.6858E-05 6.6667E-07
7.5535E-05 6.6667E-07
8.6201E-05 6.6667E-07
7.7792E-05 6.6667E-07
6.6452E-05 6.6667E-07
8.3615E-05 6.6667E-07
5.9225E-05 6.6667E-07
7.6750E-05 6.6667E-07
6.7133E-05 6.6667E-07
5.4109E-05 6.6667E-07
3.8427E-05 6.6667E-07
5.1027E-05 6.6667E-07
5.7949E-05 6.6667E-07
5.0554E-05 6.6667E-07
5.7764E-05 6.6667E-07
4.8428E-05 6.6667E-07
4.4249E-05 6.6667E-07
4.6374E-05 6.6667E-07
4.2419E-05 6.6667E-07
3.3716E-05 6.6667E-07
3.6341E-05 6.6667E-07
3.2963E-05 6.6667E-07
4.0508E-05 6.6667E-07
3.2556E-05 6.6667E-07
2.6429E-05 6.6667E-07
2.5628E-05 6.6667E-07
3.4900E-05 6.6667E-07
2.7754E-05 6.6667E-07
2.2529E-05 6.6667E-07
2.9612E-05 6.6667E-07
1.9038E-05 6.6667E-07
2.0430E-05 6.6667E-07
2.5332E-05 6.6667E-07
1.8307E-05 6.6667E-07
1.9602E-05 6.6667E-07
2.6298E-05 6.6667E-07
1.8635E-05 6.6667E-07
1.7493E-05 6.6667E-07
2.8492E-05 6.6667E-07
1.4297E-05 6.6667E-07
1.7454E-05 6.6667E-07
2.1569E-05 6.6667E-07
1.3742E-05 6.6667E-07
2.2252E-05 6.6667E-07
1.9527E-05 6.6667E-07
1.6340E-05 6.6667E-07
1.7263E-05 6.6667E-07
1.1547E-05 6.6667E-07
1.7520E-05 6.6667E-07
1.8612E-05 6.6667E-07
1.4142E-05 6.6667E-07
1.3208E-05 6.6667E-07
1.3895E-05 6.6667E-07
1.0116E-05 6.6667E-07
1.0221E-05 6.6667E-07
1.5681E-05 6.6667E-07
8.7193E-06 6.6667E-07
8.2392E-06 6.6667E-07
1.3906E-05 6.6667E-07
7.6767E-06 6.6667E-07
1.1030E-05 6.6667E-07
7.1807E-06 6.6667E-07
1.1965E-05 6.6667E-07
6.7331E-06 6.6667E-07
1.0004E-05 6.6667E-07
7.5723E-06 6.6667E-07
1.2292E-05 6.6667E-07
6.8401E-06 6.6667E-07
6.1616E-06 6.6667E-07
8.6612E-06 6.6667E-07
7.8217E-06 6.6667E-07
7.1738E-06 6.6667E-07
8.3631E-06 6.6667E-07
5.0058E-06 6.6667E-07
6.7782E-06 6.6667E-07
8.1870E-06 6.6667E-07
4.7258E-06 6.6667E-07
8.2294E-06 6.6667E-07
4.8636E-06 6.6667E-07
6.2494E-06 6.6667E-07
4.6139E-06 6.6667E-07
3.7918E-06 6.6667E-07
6.6884E-06 6.6667E-07
5.8472E-06 6.6667E-07
2.7882E-06 6.6667E-07
5.3797E-06 6.6667E-07
2.5392E-06 6.6667E-07
5.4168E-06 6.6667E-07
4.2164E-06 6.6667E-07
2.1524E-06 6.6667E-07
4.3429E-06 6.6667E-07
2.0553E-06 6.6667E-07
3.9177E-06 6.6667E-07
3.7125E-06 6.6667E-07
1.7316E-06 6.6667E-07
3.8031E-06 6.6667E-07
2.9667E-06 6.6667E-07
2.0504E-06 6.6667E-07
2.7828E-06 6.6667E-07
3.3812E-06 6.6667E-07
1.2973E-06 6.6667E-07
2.6196E-06 6.6667E-07
2.8897E-06 6.6667E-07
1.0698E-06 6.6667E-07
3.1054E-06 6.6667E-07
1.3120E-06 6.6667E-07
2.3464E-06 6.6667E-07
1.5733E-06 6.6667E-07
2.0873E-06 6.6667E-07
1.8961E-06 6.6667E-07
1.5323E-06 6.6667E-07
1.9169E-06 6.6667E-07
1.9786E-06 6.6667E-07
2.0445E-06 6.6667E-07
1.9094E-06 6.6667E-07
1.8926E-06 6.6667E-07
2.0868E-06 6.6667E-07
1.5002E-06 6.6667E-07
2.1490E-06 6.6667E-07
1.7825E-06 6.6667E-07
2.0879E-06 6.6667E-07
2.0544E-06 6.6667E-07
2.3776E-06 6.6667E-07
1.2775E-06 6.6667E-07
2.6233E-06 6.6667E-07
1.9666E-06 6.6667E-07
1.5636E-06 6.6667E-07
1.8069E-06 6.6667E-07
2.6776E-06 6.6667E-07
1.1762E-06 6.6667E-07
1.8188E-06 6.6667E-07
2.1955E-06 6.6667E-07
1.1210E-06 6.6667E-07
2.4200E-06 6.6667E-07
1.3291E-06 6.6667E-07
2.2566E-06 6.6667E-07
1.5683E-06 6.6667E-07
2.1745E-06 6.6667E-07
1.4004E-06 6.6667E-07
1.5705E-06 6.6667E-07
2.2300E-06 6.6667E-07
1.1595E-06 6.6667E-07
1.6971E-06 6.6667E-07
2.1060E-06 6.6667E-07
1.1499E-06 6.6667E-07
2.1137E-06 6.6667E-07
9.9488E-07 6.6667E-07
1.8062E-06 6.6667E-07
1.7612E-06 6.6667E-07
1.4432E-06 6.6667E-07
1.2633E-06 6.6667E-07
2.0783E-06 6.6667E-07
1.0100E-06 6.6667E-07
2.3600E-06 6.6667E-07
1.0488E-06 6.6667E-07
1.5550E-06 6.6667E-07
1.9097E-06 6.6667E-07
9.9370E-07 6.6667E-07
1.3531E-06 6.6667E-07
2.0192E-06 6.6667E-07
7.7276E-07 6.6667E-07
2.0878E-06 6.6667E-07
1.2914E-06 6.6667E-07
1.5272E-06 6.6667E-07
1.6283E-06 6.6667E-07
1.2955E-06 6.6667E-07
1.1102E-06 6.6667E-07
2.4580E-06 6.6667E-07
5.9052E-07 6.6667E-07
2.4670E-06 6.6667E-07
9.7324E-07 6.6667E-07
2.0263E-06 6.6667E-07
1.9272E-06 6.6667E-07
1.5105E-06 6.6667E-07
1.2690E-06 6.6667E-07
2.5921E-06 6.6667E-07
6.4140E-07 6.6667E-07
2.8628E-06 6.6667E-07
1.2314E-06 6.6667E-07
1.2314E-06 6.6667E-07
3.7781E-04 6.6667E-07
4.4678E-07 6.6667E-07
4.2468E-07 6.6667E-07
