RMS Grad   Target
6.7330E-04 2.0000E-04
4.7146E-04 2.0000E-04
3.5621E-04 2.0000E-04
3.9585E-04 2.0000E-04
5.0431E-04 2.0000E-04
5.3135E-04 2.0000E-04
2.0501E-04 2.0000E-04
1.3965E-04 2.0000E-04
1.5558E-04 2.0000E-04
2.7398E-04 2.0000E-04
2.4341E-04 2.0000E-04
1.5482E-04 2.0000E-04
1.4821E-04 2.0000E-04
1.7007E-04 2.0000E-04
1.4663E-04 2.0000E-04
2.4417E-04 2.0000E-04
1.3026E-04 2.0000E-04
1.2387E-04 2.0000E-04
1.4069E-04 2.0000E-04
1.7847E-04 2.0000E-04
1.0981E-04 2.0000E-04
9.9715E-05 2.0000E-04
1.3057E-04 2.0000E-04
1.7138E-04 2.0000E-04
1.0234E-04 2.0000E-04
9.2831E-05 2.0000E-04
1.1341E-04 2.0000E-04
1.4640E-04 2.0000E-04
8.9960E-05 2.0000E-04
9.0956E-05 2.0000E-04
1.0973E-04 2.0000E-04
1.4838E-04 2.0000E-04
8.0640E-05 2.0000E-04
8.2529E-05 2.0000E-04
1.0064E-04 2.0000E-04
1.3278E-04 2.0000E-04
8.2786E-05 2.0000E-04
8.7680E-05 2.0000E-04
1.0134E-04 2.0000E-04
7.9877E-05 2.0000E-04
8.9236E-05 2.0000E-04
8.9100E-05 2.0000E-04
8.2039E-05 2.0000E-04
7.6921E-05 2.0000E-04
9.0758E-05 2.0000E-04
8.1572E-05 2.0000E-04
8.6052E-05 2.0000E-04
7.9118E-05 2.0000E-04
7.3528E-05 2.0000E-04
8.9707E-05 2.0000E-04
1.2142E-04 2.0000E-04
6.9530E-05 2.0000E-04
6.6618E-05 2.0000E-04
7.8022E-05 2.0000E-04
1.8621E-04 2.0000E-04
6.2812E-05 2.0000E-04
6.0327E-05 2.0000E-04
8.6316E-05 2.0000E-04
7.5352E-05 2.0000E-04
6.5576E-05 2.0000E-04
8.0546E-05 2.0000E-04
6.4989E-05 2.0000E-04
6.2526E-05 2.0000E-04
8.7354E-05 2.0000E-04
6.5645E-05 2.0000E-04
5.8187E-05 2.0000E-04
6.8424E-05 2.0000E-04
9.9902E-05 2.0000E-04
5.9582E-05 2.0000E-04
5.7435E-05 2.0000E-04
6.5484E-05 2.0000E-04
8.4415E-05 2.0000E-04
6.3347E-05 2.0000E-04
5.6475E-05 2.0000E-04
8.2481E-05 2.0000E-04
7.7605E-05 2.0000E-04
5.9799E-05 2.0000E-04
7.5011E-05 2.0000E-04
6.8537E-05 2.0000E-04
6.3265E-05 2.0000E-04
9.2137E-05 2.0000E-04
6.6120E-05 2.0000E-04
5.9592E-05 2.0000E-04
8.6984E-05 2.0000E-04
1.2308E-04 2.0000E-04
6.5897E-05 2.0000E-04
5.3960E-05 2.0000E-04
6.7411E-05 2.0000E-04
1.1931E-04 2.0000E-04
6.8092E-05 2.0000E-04
6.1126E-05 2.0000E-04
1.0094E-04 2.0000E-04
8.1779E-05 2.0000E-04
6.7036E-05 2.0000E-04
8.9953E-05 2.0000E-04
1.0852E-04 2.0000E-04
8.8782E-05 2.0000E-04
1.2197E-04 2.0000E-04
1.2124E-04 2.0000E-04
1.0071E-04 2.0000E-04
1.5206E-04 2.0000E-04
1.8188E-04 2.0000E-04
8.8724E-05 2.0000E-04
7.1042E-05 2.0000E-04
9.5629E-05 2.0000E-04
3.2619E-04 2.0000E-04
1.0703E-04 2.0000E-04
7.8070E-05 2.0000E-04
1.1531E-04 2.0000E-04
1.7922E-04 2.0000E-04
1.0234E-04 2.0000E-04
9.6120E-05 2.0000E-04
1.1950E-04 2.0000E-04
9.4226E-05 2.0000E-04
9.9262E-05 2.0000E-04
1.3210E-04 2.0000E-04
1.0531E-04 2.0000E-04
9.4590E-05 2.0000E-04
9.2005E-05 2.0000E-04
7.5957E-05 2.0000E-04
8.2627E-05 2.0000E-04
1.1744E-04 2.0000E-04
6.9335E-05 2.0000E-04
7.1109E-05 2.0000E-04
8.0070E-05 2.0000E-04
1.5872E-04 2.0000E-04
6.3508E-05 2.0000E-04
5.3250E-05 2.0000E-04
6.8846E-05 2.0000E-04
1.3609E-04 2.0000E-04
5.8908E-05 2.0000E-04
5.1701E-05 2.0000E-04
6.2834E-05 2.0000E-04
1.2112E-04 2.0000E-04
6.4919E-05 2.0000E-04
4.8141E-05 2.0000E-04
7.0964E-05 2.0000E-04
8.3676E-05 2.0000E-04
6.3026E-05 2.0000E-04
8.6904E-05 2.0000E-04
8.5482E-05 2.0000E-04
7.6326E-05 2.0000E-04
6.2458E-05 2.0000E-04
7.3451E-05 2.0000E-04
7.0960E-05 2.0000E-04
8.5189E-05 2.0000E-04
6.2780E-05 2.0000E-04
6.5541E-05 2.0000E-04
9.3155E-05 2.0000E-04
7.2653E-05 2.0000E-04
6.5093E-05 2.0000E-04
9.3291E-05 2.0000E-04
7.9043E-05 2.0000E-04
8.5543E-05 2.0000E-04
9.3504E-05 2.0000E-04
9.0751E-05 2.0000E-04
8.1724E-05 2.0000E-04
8.2874E-05 2.0000E-04
9.3438E-05 2.0000E-04
9.0413E-05 2.0000E-04
7.9221E-05 2.0000E-04
7.8733E-05 2.0000E-04
7.9887E-05 2.0000E-04
7.4415E-05 2.0000E-04
9.4480E-05 2.0000E-04
7.3471E-05 2.0000E-04
6.9002E-05 2.0000E-04
1.0572E-04 2.0000E-04
7.5682E-05 2.0000E-04
1.3378E-04 2.0000E-04
6.8216E-05 2.0000E-04
5.6273E-05 2.0000E-04
6.8623E-05 2.0000E-04
1.1147E-04 2.0000E-04
6.2307E-05 2.0000E-04
5.2251E-05 2.0000E-04
7.1541E-05 2.0000E-04
8.5483E-05 2.0000E-04
5.7784E-05 2.0000E-04
6.2737E-05 2.0000E-04
7.4204E-05 2.0000E-04
5.7808E-05 2.0000E-04
8.1079E-05 2.0000E-04
6.2199E-05 2.0000E-04
5.1750E-05 2.0000E-04
6.4766E-05 2.0000E-04
8.3623E-05 2.0000E-04
5.4461E-05 2.0000E-04
4.6421E-05 2.0000E-04
5.1943E-05 2.0000E-04
4.8463E-05 2.0000E-04
7.3246E-05 2.0000E-04
4.3180E-05 2.0000E-04
4.2778E-05 2.0000E-04
6.1569E-05 2.0000E-04
5.8154E-05 2.0000E-04
4.1047E-05 2.0000E-04
5.0507E-05 2.0000E-04
6.3005E-05 2.0000E-04
4.7319E-05 2.0000E-04
5.8820E-05 2.0000E-04
6.1772E-05 2.0000E-04
4.9568E-05 2.0000E-04
5.8729E-05 2.0000E-04
7.3581E-05 2.0000E-04
4.8841E-05 2.0000E-04
4.0481E-05 2.0000E-04
4.5723E-05 2.0000E-04
6.9464E-05 2.0000E-04
6.8148E-05 2.0000E-04
4.3332E-05 2.0000E-04
4.0339E-05 2.0000E-04
5.6978E-05 2.0000E-04
5.1948E-05 2.0000E-04
5.9392E-05 2.0000E-04
4.4392E-05 2.0000E-04
4.5445E-05 2.0000E-04
6.1693E-05 2.0000E-04
5.3565E-05 2.0000E-04
4.7022E-05 2.0000E-04
6.5353E-05 2.0000E-04
7.3927E-05 2.0000E-04
4.8719E-05 2.0000E-04
4.7706E-05 2.0000E-04
5.9030E-05 2.0000E-04
5.1080E-05 2.0000E-04
9.2979E-05 2.0000E-04
4.6811E-05 2.0000E-04
4.4086E-05 2.0000E-04
5.5753E-05 2.0000E-04
1.0471E-04 2.0000E-04
4.8466E-05 2.0000E-04
4.0771E-05 2.0000E-04
4.9793E-05 2.0000E-04
7.3096E-05 2.0000E-04
7.0253E-05 2.0000E-04
4.1185E-05 2.0000E-04
4.5659E-05 2.0000E-04
5.6907E-05 2.0000E-04
6.1486E-05 2.0000E-04
5.1028E-05 2.0000E-04
4.9828E-05 2.0000E-04
7.0487E-05 2.0000E-04
5.4661E-05 2.0000E-04
4.6340E-05 2.0000E-04
4.6347E-05 2.0000E-04
5.5422E-05 2.0000E-04
4.9770E-05 2.0000E-04
5.2897E-05 2.0000E-04
4.7917E-05 2.0000E-04
5.1600E-05 2.0000E-04
5.7819E-05 2.0000E-04
4.3191E-05 2.0000E-04
4.4855E-05 2.0000E-04
5.9609E-05 2.0000E-04
5.2554E-05 2.0000E-04
4.5889E-05 2.0000E-04
4.6490E-05 2.0000E-04
6.3705E-05 2.0000E-04
4.6980E-05 2.0000E-04
4.8261E-05 2.0000E-04
5.0471E-05 2.0000E-04
4.6886E-05 2.0000E-04
5.5711E-05 2.0000E-04
5.1737E-05 2.0000E-04
4.6186E-05 2.0000E-04
5.6379E-05 2.0000E-04
6.9145E-05 2.0000E-04
4.5557E-05 2.0000E-04
4.2139E-05 2.0000E-04
5.5212E-05 2.0000E-04
5.1121E-05 2.0000E-04
6.2082E-05 2.0000E-04
4.6853E-05 2.0000E-04
5.2436E-05 2.0000E-04
5.7279E-05 2.0000E-04
4.9077E-05 2.0000E-04
4.7481E-05 2.0000E-04
5.0903E-05 2.0000E-04
4.8628E-05 2.0000E-04
5.1762E-05 2.0000E-04
4.4729E-05 2.0000E-04
4.6813E-05 2.0000E-04
5.5412E-05 2.0000E-04
4.4867E-05 2.0000E-04
4.5879E-05 2.0000E-04
6.2949E-05 2.0000E-04
4.2745E-05 2.0000E-04
4.2681E-05 2.0000E-04
5.9527E-05 2.0000E-04
4.7303E-05 2.0000E-04
6.7330E-04 2.0000E-04
4.7146E-04 2.0000E-04
3.5621E-04 2.0000E-04
3.9585E-04 2.0000E-04
5.0431E-04 2.0000E-04
5.3135E-04 2.0000E-04
2.0501E-04 2.0000E-04
1.3965E-04 2.0000E-04
1.5558E-04 2.0000E-04
2.7398E-04 2.0000E-04
2.4341E-04 2.0000E-04
1.5482E-04 2.0000E-04
1.4821E-04 2.0000E-04
1.7007E-04 2.0000E-04
1.4663E-04 2.0000E-04
2.4417E-04 2.0000E-04
1.3026E-04 2.0000E-04
1.2387E-04 2.0000E-04
1.4069E-04 2.0000E-04
1.7847E-04 2.0000E-04
1.0981E-04 2.0000E-04
9.9715E-05 2.0000E-04
1.3057E-04 2.0000E-04
1.7138E-04 2.0000E-04
1.0234E-04 2.0000E-04
9.2831E-05 2.0000E-04
1.1341E-04 2.0000E-04
1.4640E-04 2.0000E-04
8.9960E-05 2.0000E-04
9.0956E-05 2.0000E-04
1.0973E-04 2.0000E-04
1.4838E-04 2.0000E-04
8.0640E-05 2.0000E-04
8.2529E-05 2.0000E-04
1.0064E-04 2.0000E-04
1.3278E-04 2.0000E-04
8.2786E-05 2.0000E-04
8.7680E-05 2.0000E-04
1.0134E-04 2.0000E-04
7.9877E-05 2.0000E-04
8.9236E-05 2.0000E-04
8.9101E-05 2.0000E-04
8.2038E-05 2.0000E-04
7.6921E-05 2.0000E-04
9.0759E-05 2.0000E-04
8.1571E-05 2.0000E-04
8.6052E-05 2.0000E-04
7.9119E-05 2.0000E-04
7.3528E-05 2.0000E-04
8.9706E-05 2.0000E-04
1.2142E-04 2.0000E-04
6.9531E-05 2.0000E-04
6.6617E-05 2.0000E-04
7.8022E-05 2.0000E-04
1.8622E-04 2.0000E-04
6.2813E-05 2.0000E-04
6.0326E-05 2.0000E-04
8.6311E-05 2.0000E-04
7.5351E-05 2.0000E-04
6.5582E-05 2.0000E-04
8.0544E-05 2.0000E-04
6.4985E-05 2.0000E-04
6.2522E-05 2.0000E-04
8.7362E-05 2.0000E-04
6.5627E-05 2.0000E-04
5.8188E-05 2.0000E-04
6.8439E-05 2.0000E-04
9.9853E-05 2.0000E-04
5.9572E-05 2.0000E-04
5.7443E-05 2.0000E-04
6.5505E-05 2.0000E-04
8.4248E-05 2.0000E-04
6.3415E-05 2.0000E-04
5.6492E-05 2.0000E-04
8.2479E-05 2.0000E-04
7.7446E-05 2.0000E-04
5.9823E-05 2.0000E-04
7.5092E-05 2.0000E-04
6.8558E-05 2.0000E-04
6.3244E-05 2.0000E-04
9.2004E-05 2.0000E-04
6.6224E-05 2.0000E-04
5.9613E-05 2.0000E-04
8.7262E-05 2.0000E-04
1.2255E-04 2.0000E-04
6.5867E-05 2.0000E-04
5.3978E-05 2.0000E-04
6.7362E-05 2.0000E-04
1.2004E-04 2.0000E-04
6.7764E-05 2.0000E-04
6.0964E-05 2.0000E-04
1.0131E-04 2.0000E-04
8.1965E-05 2.0000E-04
6.7054E-05 2.0000E-04
8.9914E-05 2.0000E-04
1.0843E-04 2.0000E-04
8.9038E-05 2.0000E-04
1.2338E-04 2.0000E-04
1.2093E-04 2.0000E-04
1.0078E-04 2.0000E-04
1.5093E-04 2.0000E-04
1.7675E-04 2.0000E-04
8.9296E-05 2.0000E-04
7.2815E-05 2.0000E-04
9.6469E-05 2.0000E-04
1.6568E-04 2.0000E-04
1.2342E-04 2.0000E-04
1.2867E-04 2.0000E-04
1.5366E-04 2.0000E-04
1.2341E-04 2.0000E-04
9.9556E-05 2.0000E-04
9.6075E-05 2.0000E-04
1.1831E-04 2.0000E-04
1.1445E-04 2.0000E-04
8.6567E-05 2.0000E-04
9.1252E-05 2.0000E-04
1.3467E-04 2.0000E-04
8.2693E-05 2.0000E-04
7.5669E-05 2.0000E-04
8.9401E-05 2.0000E-04
9.4741E-05 2.0000E-04
1.1861E-04 2.0000E-04
7.1286E-05 2.0000E-04
7.0468E-05 2.0000E-04
8.7830E-05 2.0000E-04
1.0050E-04 2.0000E-04
6.8792E-05 2.0000E-04
6.2228E-05 2.0000E-04
6.7896E-05 2.0000E-04
1.2805E-04 2.0000E-04
5.6403E-05 2.0000E-04
5.3328E-05 2.0000E-04
6.7510E-05 2.0000E-04
9.4887E-05 2.0000E-04
7.1568E-05 2.0000E-04
5.7302E-05 2.0000E-04
7.4043E-05 2.0000E-04
8.2106E-05 2.0000E-04
6.4613E-05 2.0000E-04
8.5498E-05 2.0000E-04
9.2718E-05 2.0000E-04
7.1878E-05 2.0000E-04
1.0037E-04 2.0000E-04
6.9635E-05 2.0000E-04
5.9979E-05 2.0000E-04
7.4851E-05 2.0000E-04
1.1672E-04 2.0000E-04
7.0938E-05 2.0000E-04
6.3740E-05 2.0000E-04
7.2571E-05 2.0000E-04
1.6201E-04 2.0000E-04
6.6512E-05 2.0000E-04
6.6109E-05 2.0000E-04
8.7495E-05 2.0000E-04
9.7858E-05 2.0000E-04
7.9368E-05 2.0000E-04
8.6109E-05 2.0000E-04
8.7596E-05 2.0000E-04
8.3675E-05 2.0000E-04
1.3765E-04 2.0000E-04
7.9696E-05 2.0000E-04
7.2983E-05 2.0000E-04
1.0436E-04 2.0000E-04
1.1548E-04 2.0000E-04
7.1509E-05 2.0000E-04
7.2115E-05 2.0000E-04
8.2001E-05 2.0000E-04
9.5955E-05 2.0000E-04
1.0337E-04 2.0000E-04
6.8014E-05 2.0000E-04
6.1538E-05 2.0000E-04
8.0377E-05 2.0000E-04
8.9733E-05 2.0000E-04
6.5972E-05 2.0000E-04
6.1184E-05 2.0000E-04
7.1879E-05 2.0000E-04
9.9682E-05 2.0000E-04
5.6905E-05 2.0000E-04
5.5649E-05 2.0000E-04
6.6908E-05 2.0000E-04
8.5887E-05 2.0000E-04
6.1753E-05 2.0000E-04
4.7936E-05 2.0000E-04
5.2216E-05 2.0000E-04
9.6874E-05 2.0000E-04
4.8658E-05 2.0000E-04
4.4995E-05 2.0000E-04
5.3393E-05 2.0000E-04
9.7428E-05 2.0000E-04
4.6972E-05 2.0000E-04
4.2649E-05 2.0000E-04
5.0342E-05 2.0000E-04
9.6161E-05 2.0000E-04
4.5547E-05 2.0000E-04
4.0466E-05 2.0000E-04
4.9212E-05 2.0000E-04
8.9591E-05 2.0000E-04
4.7695E-05 2.0000E-04
3.7526E-05 2.0000E-04
5.0821E-05 2.0000E-04
7.1719E-05 2.0000E-04
4.8849E-05 2.0000E-04
4.5724E-05 2.0000E-04
6.2665E-05 2.0000E-04
5.0009E-05 2.0000E-04
5.8667E-05 2.0000E-04
6.8666E-05 2.0000E-04
4.5083E-05 2.0000E-04
4.1127E-05 2.0000E-04
4.7911E-05 2.0000E-04
7.8045E-05 2.0000E-04
5.0469E-05 2.0000E-04
4.2641E-05 2.0000E-04
4.8705E-05 2.0000E-04
8.2267E-05 2.0000E-04
4.8090E-05 2.0000E-04
4.3210E-05 2.0000E-04
4.8595E-05 2.0000E-04
1.0325E-04 2.0000E-04
4.5413E-05 2.0000E-04
4.1283E-05 2.0000E-04
5.1647E-05 2.0000E-04
1.0062E-04 2.0000E-04
4.9759E-05 2.0000E-04
4.3833E-05 2.0000E-04
5.2878E-05 2.0000E-04
8.1839E-05 2.0000E-04
5.1138E-05 2.0000E-04
4.4725E-05 2.0000E-04
5.6190E-05 2.0000E-04
6.0494E-05 2.0000E-04
4.8360E-05 2.0000E-04
5.3874E-05 2.0000E-04
5.3384E-05 2.0000E-04
4.7877E-05 2.0000E-04
6.9860E-05 2.0000E-04
5.9000E-05 2.0000E-04
5.1364E-05 2.0000E-04
7.0689E-05 2.0000E-04
4.9382E-05 2.0000E-04
4.4827E-05 2.0000E-04
6.2223E-05 2.0000E-04
6.7944E-05 2.0000E-04
4.7849E-05 2.0000E-04
4.8024E-05 2.0000E-04
5.1811E-05 2.0000E-04
4.8174E-05 2.0000E-04
7.7251E-05 2.0000E-04
4.9435E-05 2.0000E-04
4.4283E-05 2.0000E-04
5.2768E-05 2.0000E-04
1.0685E-04 2.0000E-04
4.8476E-05 2.0000E-04
3.7640E-05 2.0000E-04
4.5757E-05 2.0000E-04
6.3977E-05 2.0000E-04
7.8085E-05 2.0000E-04
4.0247E-05 2.0000E-04
5.0357E-05 2.0000E-04
5.2825E-05 2.0000E-04
5.9306E-05 2.0000E-04
5.4561E-05 2.0000E-04
4.3122E-05 2.0000E-04
4.3425E-05 2.0000E-04
6.3632E-05 2.0000E-04
4.6298E-05 2.0000E-04
4.5633E-05 2.0000E-04
5.3056E-05 2.0000E-04
4.6054E-05 2.0000E-04
4.9425E-05 2.0000E-04
7.2050E-05 2.0000E-04
4.5460E-05 2.0000E-04
4.2534E-05 2.0000E-04
5.4849E-05 2.0000E-04
7.9330E-05 2.0000E-04
4.3550E-05 2.0000E-04
4.1411E-05 2.0000E-04
5.1035E-05 2.0000E-04
8.6829E-05 2.0000E-04
4.8761E-05 2.0000E-04
5.5397E-05 2.0000E-04
5.9261E-05 2.0000E-04
4.6623E-05 2.0000E-04
4.7707E-05 2.0000E-04
6.0515E-05 2.0000E-04
4.4399E-05 2.0000E-04
4.6641E-05 2.0000E-04
6.4524E-05 2.0000E-04
4.4764E-05 2.0000E-04
4.1610E-05 2.0000E-04
5.8001E-05 2.0000E-04
4.8212E-05 2.0000E-04
4.2681E-05 2.0000E-04
5.2652E-05 2.0000E-04
5.6098E-05 2.0000E-04
4.4091E-05 2.0000E-04
4.7990E-05 2.0000E-04
6.4814E-05 2.0000E-04
4.5655E-05 2.0000E-04
4.4079E-05 2.0000E-04
5.9527E-05 2.0000E-04
5.3470E-05 2.0000E-04
5.9560E-05 2.0000E-04
4.9881E-05 2.0000E-04
4.5845E-05 2.0000E-04
5.5872E-05 2.0000E-04
8.2926E-05 2.0000E-04
4.6214E-05 2.0000E-04
4.5032E-05 2.0000E-04
5.4390E-05 2.0000E-04
9.8091E-05 2.0000E-04
4.6953E-05 2.0000E-04
4.5295E-05 2.0000E-04
5.6844E-05 2.0000E-04
1.1112E-04 2.0000E-04
5.5557E-05 2.0000E-04
4.6093E-05 2.0000E-04
5.9733E-05 2.0000E-04
9.8915E-05 2.0000E-04
5.8154E-05 2.0000E-04
5.1756E-05 2.0000E-04
6.7216E-05 2.0000E-04
7.5572E-05 2.0000E-04
6.0534E-05 2.0000E-04
7.9954E-05 2.0000E-04
6.3225E-05 2.0000E-04
6.2924E-05 2.0000E-04
1.0318E-04 2.0000E-04
8.0324E-05 2.0000E-04
6.7955E-05 2.0000E-04
7.1505E-05 2.0000E-04
8.6714E-05 2.0000E-04
7.2411E-05 2.0000E-04
9.8954E-05 2.0000E-04
8.4486E-05 2.0000E-04
7.3872E-05 2.0000E-04
1.0676E-04 2.0000E-04
9.9038E-05 2.0000E-04
8.9736E-05 2.0000E-04
1.3277E-04 2.0000E-04
1.5046E-04 2.0000E-04
1.0485E-04 2.0000E-04
1.0485E-04 2.0000E-04
1.1155E-04 2.0000E-04
1.0654E-04 2.0000E-04
1.0667E-04 2.0000E-04
1.6863E-04 2.0000E-04
1.1281E-04 2.0000E-04
1.0764E-04 2.0000E-04
1.3227E-04 2.0000E-04
2.6341E-04 2.0000E-04
1.0443E-04 2.0000E-04
8.9278E-05 2.0000E-04
1.2967E-04 2.0000E-04
1.7531E-04 2.0000E-04
1.1675E-04 2.0000E-04
9.7598E-05 2.0000E-04
1.1315E-04 2.0000E-04
1.4882E-04 2.0000E-04
1.0600E-04 2.0000E-04
8.9606E-05 2.0000E-04
1.0555E-04 2.0000E-04
1.6250E-04 2.0000E-04
9.4640E-05 2.0000E-04
8.7012E-05 2.0000E-04
9.7576E-05 2.0000E-04
8.0437E-05 2.0000E-04
1.1158E-04 2.0000E-04
7.5137E-05 2.0000E-04
6.9912E-05 2.0000E-04
9.1095E-05 2.0000E-04
1.4629E-04 2.0000E-04
6.3317E-05 2.0000E-04
5.0882E-05 2.0000E-04
6.6044E-05 2.0000E-04
1.2431E-04 2.0000E-04
5.9642E-05 2.0000E-04
4.9631E-05 2.0000E-04
5.9584E-05 2.0000E-04
1.1360E-04 2.0000E-04
5.3831E-05 2.0000E-04
4.5628E-05 2.0000E-04
5.6195E-05 2.0000E-04
9.8870E-05 2.0000E-04
5.1295E-05 2.0000E-04
4.4329E-05 2.0000E-04
5.2891E-05 2.0000E-04
9.7098E-05 2.0000E-04
4.8087E-05 2.0000E-04
4.2826E-05 2.0000E-04
5.2028E-05 2.0000E-04
9.4171E-05 2.0000E-04
5.1831E-05 2.0000E-04
4.3438E-05 2.0000E-04
5.6486E-05 2.0000E-04
8.2121E-05 2.0000E-04
4.9289E-05 2.0000E-04
4.7814E-05 2.0000E-04
5.7437E-05 2.0000E-04
7.4220E-05 2.0000E-04
6.7466E-05 2.0000E-04
5.0935E-05 2.0000E-04
6.4920E-05 2.0000E-04
8.0192E-05 2.0000E-04
8.7294E-05 2.0000E-04
7.5740E-05 2.0000E-04
6.2437E-05 2.0000E-04
6.6806E-05 2.0000E-04
1.0390E-04 2.0000E-04
9.4588E-05 2.0000E-04
9.4101E-05 2.0000E-04
8.1500E-05 2.0000E-04
7.9835E-05 2.0000E-04
1.0259E-04 2.0000E-04
1.3126E-04 2.0000E-04
1.0967E-04 2.0000E-04
1.7653E-04 2.0000E-04
1.8169E-04 2.0000E-04
8.0581E-05 2.0000E-04
6.4696E-05 2.0000E-04
1.2633E-04 2.0000E-04
2.4963E-04 2.0000E-04
1.1762E-04 2.0000E-04
1.5822E-04 2.0000E-04
1.2821E-04 2.0000E-04
9.5588E-05 2.0000E-04
1.7140E-04 2.0000E-04
1.4058E-04 2.0000E-04
1.0143E-04 2.0000E-04
1.3513E-04 2.0000E-04
2.0208E-04 2.0000E-04
1.1841E-04 2.0000E-04
9.6662E-05 2.0000E-04
1.0812E-04 2.0000E-04
1.9037E-04 2.0000E-04
9.9198E-05 2.0000E-04
9.6653E-05 2.0000E-04
1.0744E-04 2.0000E-04
1.4889E-04 2.0000E-04
9.3072E-05 2.0000E-04
8.7237E-05 2.0000E-04
1.0874E-04 2.0000E-04
1.2020E-04 2.0000E-04
1.1022E-04 2.0000E-04
9.1335E-05 2.0000E-04
1.0051E-04 2.0000E-04
1.4716E-04 2.0000E-04
9.2279E-05 2.0000E-04
1.0042E-04 2.0000E-04
1.1127E-04 2.0000E-04
1.1389E-04 2.0000E-04
1.1841E-04 2.0000E-04
9.3871E-05 2.0000E-04
1.0191E-04 2.0000E-04
1.5496E-04 2.0000E-04
9.0205E-05 2.0000E-04
9.4660E-05 2.0000E-04
1.1194E-04 2.0000E-04
1.3478E-04 2.0000E-04
9.9384E-05 2.0000E-04
8.8890E-05 2.0000E-04
1.0563E-04 2.0000E-04
1.5219E-04 2.0000E-04
9.2118E-05 2.0000E-04
9.3122E-05 2.0000E-04
1.2393E-04 2.0000E-04
1.1653E-04 2.0000E-04
1.6032E-04 2.0000E-04
9.8659E-05 2.0000E-04
9.6936E-05 2.0000E-04
1.3133E-04 2.0000E-04
1.2836E-04 2.0000E-04
1.3132E-04 2.0000E-04
1.2017E-04 2.0000E-04
1.2589E-04 2.0000E-04
1.8881E-04 2.0000E-04
1.2965E-04 2.0000E-04
1.2372E-04 2.0000E-04
1.0762E-04 2.0000E-04
1.4602E-04 2.0000E-04
1.4825E-04 2.0000E-04
9.4321E-05 2.0000E-04
9.2994E-05 2.0000E-04
1.0773E-04 2.0000E-04
8.9619E-05 2.0000E-04
1.2175E-04 2.0000E-04
7.6543E-05 2.0000E-04
6.9791E-05 2.0000E-04
9.7877E-05 2.0000E-04
9.7487E-05 2.0000E-04
6.6690E-05 2.0000E-04
6.7236E-05 2.0000E-04
8.5487E-05 2.0000E-04
6.8852E-05 2.0000E-04
1.0932E-04 2.0000E-04
6.9379E-05 2.0000E-04
5.8171E-05 2.0000E-04
7.2064E-05 2.0000E-04
1.1439E-04 2.0000E-04
6.4554E-05 2.0000E-04
5.4453E-05 2.0000E-04
6.3147E-05 2.0000E-04
1.3169E-04 2.0000E-04
5.9215E-05 2.0000E-04
4.9091E-05 2.0000E-04
6.1488E-05 2.0000E-04
1.0983E-04 2.0000E-04
6.3584E-05 2.0000E-04
5.1485E-05 2.0000E-04
6.2341E-05 2.0000E-04
9.7196E-05 2.0000E-04
6.2052E-05 2.0000E-04
5.7267E-05 2.0000E-04
6.9687E-05 2.0000E-04
9.1074E-05 2.0000E-04
5.8736E-05 2.0000E-04
5.8789E-05 2.0000E-04
7.3022E-05 2.0000E-04
7.9855E-05 2.0000E-04
7.5157E-05 2.0000E-04
6.4361E-05 2.0000E-04
7.3885E-05 2.0000E-04
7.0872E-05 2.0000E-04
6.4888E-05 2.0000E-04
7.2689E-05 2.0000E-04
6.9815E-05 2.0000E-04
6.6517E-05 2.0000E-04
8.9175E-05 2.0000E-04
6.5675E-05 2.0000E-04
6.3604E-05 2.0000E-04
9.3004E-05 2.0000E-04
7.7731E-05 2.0000E-04
6.4516E-05 2.0000E-04
8.0914E-05 2.0000E-04
1.1375E-04 2.0000E-04
7.3811E-05 2.0000E-04
7.6933E-05 2.0000E-04
8.3842E-05 2.0000E-04
7.4764E-05 2.0000E-04
1.5467E-04 2.0000E-04
7.8303E-05 2.0000E-04
6.9968E-05 2.0000E-04
9.3498E-05 2.0000E-04
1.8695E-04 2.0000E-04
8.8246E-05 2.0000E-04
7.1288E-05 2.0000E-04
9.2956E-05 2.0000E-04
1.4133E-04 2.0000E-04
1.5758E-04 2.0000E-04
9.4617E-05 2.0000E-04
1.1614E-04 2.0000E-04
1.1009E-04 2.0000E-04
1.1491E-04 2.0000E-04
1.8480E-04 2.0000E-04
1.0298E-04 2.0000E-04
9.8157E-05 2.0000E-04
1.1351E-04 2.0000E-04
2.2718E-04 2.0000E-04
9.9765E-05 2.0000E-04
9.1100E-05 2.0000E-04
1.2038E-04 2.0000E-04
1.3850E-04 2.0000E-04
1.1590E-04 2.0000E-04
1.0320E-04 2.0000E-04
1.0488E-04 2.0000E-04
1.0742E-04 2.0000E-04
1.4621E-04 2.0000E-04
9.3137E-05 2.0000E-04
8.9217E-05 2.0000E-04
1.0899E-04 2.0000E-04
1.8655E-04 2.0000E-04
9.2995E-05 2.0000E-04
9.5901E-05 2.0000E-04
1.1687E-04 2.0000E-04
1.2053E-04 2.0000E-04
1.1576E-04 2.0000E-04
9.7080E-05 2.0000E-04
1.0307E-04 2.0000E-04
1.5483E-04 2.0000E-04
1.0640E-04 2.0000E-04
1.0487E-04 2.0000E-04
1.4874E-04 2.0000E-04
1.3528E-04 2.0000E-04
1.2977E-04 2.0000E-04
1.2863E-04 2.0000E-04
1.5402E-04 2.0000E-04
1.2995E-04 2.0000E-04
1.6112E-04 2.0000E-04
1.2126E-04 2.0000E-04
1.1533E-04 2.0000E-04
1.3925E-04 2.0000E-04
2.1009E-04 2.0000E-04
1.2847E-04 2.0000E-04
1.4744E-04 2.0000E-04
1.3962E-04 2.0000E-04
1.1601E-04 2.0000E-04
1.7766E-04 2.0000E-04
1.4744E-04 2.0000E-04
1.1825E-04 2.0000E-04
1.3442E-04 2.0000E-04
1.8384E-04 2.0000E-04
1.3013E-04 2.0000E-04
1.2590E-04 2.0000E-04
1.3543E-04 2.0000E-04
1.1817E-04 2.0000E-04
1.7898E-04 2.0000E-04
1.2129E-04 2.0000E-04
9.9921E-05 2.0000E-04
1.0214E-04 2.0000E-04
1.9968E-04 2.0000E-04
9.4658E-05 2.0000E-04
8.0164E-05 2.0000E-04
1.0138E-04 2.0000E-04
1.1801E-04 2.0000E-04
9.8800E-05 2.0000E-04
7.8526E-05 2.0000E-04
8.5068E-05 2.0000E-04
1.1505E-04 2.0000E-04
7.4910E-05 2.0000E-04
6.9090E-05 2.0000E-04
9.4492E-05 2.0000E-04
8.8547E-05 2.0000E-04
6.5983E-05 2.0000E-04
6.8274E-05 2.0000E-04
8.3561E-05 2.0000E-04
6.6464E-05 2.0000E-04
8.8078E-05 2.0000E-04
7.0406E-05 2.0000E-04
6.2477E-05 2.0000E-04
8.7655E-05 2.0000E-04
7.8207E-05 2.0000E-04
5.8187E-05 2.0000E-04
6.1637E-05 2.0000E-04
9.0309E-05 2.0000E-04
6.6656E-05 2.0000E-04
6.7917E-05 2.0000E-04
7.5148E-05 2.0000E-04
6.2629E-05 2.0000E-04
7.7566E-05 2.0000E-04
1.1441E-04 2.0000E-04
6.5346E-05 2.0000E-04
5.6222E-05 2.0000E-04
6.6425E-05 2.0000E-04
1.4647E-04 2.0000E-04
6.0639E-05 2.0000E-04
5.2778E-05 2.0000E-04
6.6412E-05 2.0000E-04
1.1853E-04 2.0000E-04
6.9505E-05 2.0000E-04
6.4012E-05 2.0000E-04
7.0061E-05 2.0000E-04
6.9377E-05 2.0000E-04
7.7534E-05 2.0000E-04
7.1171E-05 2.0000E-04
5.6230E-05 2.0000E-04
5.8821E-05 2.0000E-04
9.9850E-05 2.0000E-04
5.8755E-05 2.0000E-04
5.1634E-05 2.0000E-04
6.6540E-05 2.0000E-04
7.7470E-05 2.0000E-04
6.6911E-05 2.0000E-04
6.1340E-05 2.0000E-04
6.8975E-05 2.0000E-04
6.3449E-05 2.0000E-04
5.8074E-05 2.0000E-04
8.4761E-05 2.0000E-04
6.1844E-05 2.0000E-04
5.8846E-05 2.0000E-04
8.1517E-05 2.0000E-04
8.4940E-05 2.0000E-04
6.1466E-05 2.0000E-04
8.1876E-05 2.0000E-04
1.2886E-04 2.0000E-04
5.8492E-05 2.0000E-04
4.2472E-05 2.0000E-04
6.0954E-05 2.0000E-04
1.2217E-04 2.0000E-04
6.5015E-05 2.0000E-04
5.1761E-05 2.0000E-04
5.1761E-05 2.0000E-04
5.1738E-05 2.0000E-04
9.9284E-05 2.0000E-04
4.5732E-05 2.0000E-04
3.0614E-05 2.0000E-04
4.3752E-05 2.0000E-04
4.8800E-05 2.0000E-04
8.3569E-05 2.0000E-04
3.7670E-05 2.0000E-04
3.4684E-05 2.0000E-04
4.4173E-05 2.0000E-04
6.9686E-05 2.0000E-04
3.8981E-05 2.0000E-04
3.4492E-05 2.0000E-04
4.5838E-05 2.0000E-04
7.3295E-05 2.0000E-04
3.8609E-05 2.0000E-04
3.6130E-05 2.0000E-04
4.5029E-05 2.0000E-04
5.3947E-05 2.0000E-04
6.0500E-05 2.0000E-04
3.6886E-05 2.0000E-04
4.3632E-05 2.0000E-04
5.3943E-05 2.0000E-04
6.1160E-05 2.0000E-04
4.6681E-05 2.0000E-04
4.4046E-05 2.0000E-04
5.2095E-05 2.0000E-04
8.7411E-05 2.0000E-04
4.4910E-05 2.0000E-04
4.0918E-05 2.0000E-04
4.8539E-05 2.0000E-04
8.8983E-05 2.0000E-04
5.4552E-05 2.0000E-04
4.2263E-05 2.0000E-04
5.1712E-05 2.0000E-04
6.0402E-05 2.0000E-04
4.6412E-05 2.0000E-04
7.5089E-05 2.0000E-04
4.7952E-05 2.0000E-04
4.5355E-05 2.0000E-04
6.1604E-05 2.0000E-04
7.6170E-05 2.0000E-04
4.3991E-05 2.0000E-04
5.4694E-05 2.0000E-04
7.8251E-05 2.0000E-04
4.9661E-05 2.0000E-04
4.9011E-05 2.0000E-04
5.2727E-05 2.0000E-04
5.6889E-05 2.0000E-04
4.7638E-05 2.0000E-04
4.7049E-05 2.0000E-04
6.2288E-05 2.0000E-04
6.7182E-05 2.0000E-04
5.5615E-05 2.0000E-04
5.3743E-05 2.0000E-04
7.2854E-05 2.0000E-04
4.4674E-05 2.0000E-04
4.1696E-05 2.0000E-04
5.1861E-05 2.0000E-04
5.2628E-05 2.0000E-04
5.1701E-05 2.0000E-04
5.9917E-05 2.0000E-04
5.9858E-05 2.0000E-04
4.5263E-05 2.0000E-04
5.2240E-05 2.0000E-04
6.4728E-05 2.0000E-04
4.9423E-05 2.0000E-04
6.2893E-05 2.0000E-04
7.9627E-05 2.0000E-04
6.9439E-05 2.0000E-04
5.4256E-05 2.0000E-04
5.3482E-05 2.0000E-04
5.8387E-05 2.0000E-04
8.2039E-05 2.0000E-04
5.3571E-05 2.0000E-04
5.8977E-05 2.0000E-04
6.9997E-05 2.0000E-04
7.7308E-05 2.0000E-04
7.6583E-05 2.0000E-04
5.1202E-05 2.0000E-04
5.2029E-05 2.0000E-04
7.6087E-05 2.0000E-04
9.3525E-05 2.0000E-04
6.1426E-05 2.0000E-04
5.4154E-05 2.0000E-04
7.2581E-05 2.0000E-04
7.6315E-05 2.0000E-04
8.9303E-05 2.0000E-04
9.4747E-05 2.0000E-04
8.5619E-05 2.0000E-04
5.8223E-05 2.0000E-04
5.6672E-05 2.0000E-04
6.5993E-05 2.0000E-04
8.2170E-05 2.0000E-04
5.0264E-05 2.0000E-04
5.6632E-05 2.0000E-04
6.5386E-05 2.0000E-04
7.3298E-05 2.0000E-04
5.2631E-05 2.0000E-04
5.7464E-05 2.0000E-04
6.1988E-05 2.0000E-04
4.8944E-05 2.0000E-04
7.5388E-05 2.0000E-04
4.8673E-05 2.0000E-04
4.2977E-05 2.0000E-04
6.2063E-05 2.0000E-04
5.5713E-05 2.0000E-04
4.2019E-05 2.0000E-04
4.8276E-05 2.0000E-04
6.1320E-05 2.0000E-04
4.8705E-05 2.0000E-04
5.9345E-05 2.0000E-04
6.5053E-05 2.0000E-04
5.0213E-05 2.0000E-04
4.6327E-05 2.0000E-04
5.3016E-05 2.0000E-04
6.7522E-05 2.0000E-04
4.7870E-05 2.0000E-04
5.4043E-05 2.0000E-04
9.1116E-05 2.0000E-04
5.7195E-05 2.0000E-04
5.6504E-05 2.0000E-04
9.0956E-05 2.0000E-04
9.5679E-05 2.0000E-04
9.0526E-05 2.0000E-04
6.8918E-05 2.0000E-04
7.4878E-05 2.0000E-04
9.7645E-05 2.0000E-04
9.4901E-05 2.0000E-04
1.3795E-04 2.0000E-04
1.0550E-04 2.0000E-04
1.7991E-04 2.0000E-04
9.8994E-05 2.0000E-04
7.8413E-05 2.0000E-04
1.0171E-04 2.0000E-04
1.3308E-04 2.0000E-04
1.2889E-04 2.0000E-04
9.0058E-05 2.0000E-04
9.5445E-05 2.0000E-04
1.3388E-04 2.0000E-04
1.2170E-04 2.0000E-04
8.7318E-05 2.0000E-04
1.0368E-04 2.0000E-04
1.2243E-04 2.0000E-04
1.0191E-04 2.0000E-04
1.1614E-04 2.0000E-04
9.3194E-05 2.0000E-04
9.1084E-05 2.0000E-04
1.2855E-04 2.0000E-04
1.1929E-04 2.0000E-04
8.2816E-05 2.0000E-04
8.4100E-05 2.0000E-04
1.1299E-04 2.0000E-04
8.7790E-05 2.0000E-04
1.2877E-04 2.0000E-04
9.3156E-05 2.0000E-04
1.0850E-04 2.0000E-04
7.3500E-05 2.0000E-04
7.4633E-05 2.0000E-04
9.2622E-05 2.0000E-04
8.9533E-05 2.0000E-04
7.0983E-05 2.0000E-04
6.8901E-05 2.0000E-04
8.9782E-05 2.0000E-04
7.7885E-05 2.0000E-04
5.7951E-05 2.0000E-04
6.2444E-05 2.0000E-04
7.9468E-05 2.0000E-04
6.1772E-05 2.0000E-04
7.1284E-05 2.0000E-04
6.1415E-05 2.0000E-04
5.5201E-05 2.0000E-04
7.6812E-05 2.0000E-04
6.8388E-05 2.0000E-04
5.5121E-05 2.0000E-04
5.7539E-05 2.0000E-04
6.2658E-05 2.0000E-04
5.2610E-05 2.0000E-04
6.0773E-05 2.0000E-04
5.2788E-05 2.0000E-04
5.0173E-05 2.0000E-04
6.4326E-05 2.0000E-04
6.0447E-05 2.0000E-04
4.6696E-05 2.0000E-04
5.2063E-05 2.0000E-04
7.8462E-05 2.0000E-04
4.8256E-05 2.0000E-04
4.1821E-05 2.0000E-04
4.6409E-05 2.0000E-04
6.2491E-05 2.0000E-04
6.2614E-05 2.0000E-04
4.1689E-05 2.0000E-04
3.8941E-05 2.0000E-04
5.6587E-05 2.0000E-04
4.3108E-05 2.0000E-04
4.3285E-05 2.0000E-04
5.0289E-05 2.0000E-04
3.8792E-05 2.0000E-04
4.1865E-05 2.0000E-04
4.7538E-05 2.0000E-04
3.6719E-05 2.0000E-04
4.1555E-05 2.0000E-04
4.9352E-05 2.0000E-04
3.5364E-05 2.0000E-04
3.3351E-05 2.0000E-04
3.4781E-05 2.0000E-04
3.2878E-05 2.0000E-04
6.2811E-05 2.0000E-04
3.1078E-05 2.0000E-04
3.1103E-05 2.0000E-04
3.6187E-05 2.0000E-04
6.6198E-05 2.0000E-04
3.0031E-05 2.0000E-04
2.5671E-05 2.0000E-04
3.3452E-05 2.0000E-04
4.8428E-05 2.0000E-04
2.9048E-05 2.0000E-04
2.3989E-05 2.0000E-04
3.4699E-05 2.0000E-04
4.5175E-05 2.0000E-04
2.6859E-05 2.0000E-04
2.4727E-05 2.0000E-04
2.9104E-05 2.0000E-04
3.0652E-05 2.0000E-04
4.6699E-05 2.0000E-04
2.5791E-05 2.0000E-04
2.2223E-05 2.0000E-04
2.5517E-05 2.0000E-04
4.1521E-05 2.0000E-04
2.4402E-05 2.0000E-04
2.1031E-05 2.0000E-04
2.3984E-05 2.0000E-04
3.6620E-05 2.0000E-04
2.2396E-05 2.0000E-04
1.7912E-05 2.0000E-04
2.0848E-05 2.0000E-04
2.2696E-05 2.0000E-04
2.6238E-05 2.0000E-04
1.8484E-05 2.0000E-04
1.7930E-05 2.0000E-04
2.3811E-05 2.0000E-04
1.7407E-05 2.0000E-04
1.7227E-05 2.0000E-04
2.0903E-05 2.0000E-04
1.6291E-05 2.0000E-04
1.7239E-05 2.0000E-04
2.5097E-05 2.0000E-04
1.6218E-05 2.0000E-04
1.3617E-05 2.0000E-04
1.7696E-05 2.0000E-04
1.7496E-05 2.0000E-04
1.6478E-05 2.0000E-04
1.3521E-05 2.0000E-04
1.4343E-05 2.0000E-04
1.7022E-05 2.0000E-04
1.5899E-05 2.0000E-04
1.3452E-05 2.0000E-04
1.3621E-05 2.0000E-04
1.6803E-05 2.0000E-04
1.6718E-05 2.0000E-04
1.4068E-05 2.0000E-04
1.3879E-05 2.0000E-04
2.0527E-05 2.0000E-04
1.3651E-05 2.0000E-04
1.3287E-05 2.0000E-04
1.8126E-05 2.0000E-04
2.0097E-05 2.0000E-04
1.3728E-05 2.0000E-04
1.4336E-05 2.0000E-04
1.8418E-05 2.0000E-04
1.4501E-05 2.0000E-04
1.9506E-05 2.0000E-04
1.5163E-05 2.0000E-04
1.3853E-05 2.0000E-04
2.0906E-05 2.0000E-04
2.0413E-05 2.0000E-04
1.3294E-05 2.0000E-04
1.1983E-05 2.0000E-04
1.6693E-05 2.0000E-04
1.3909E-05 2.0000E-04
1.5248E-05 2.0000E-04
1.4290E-05 2.0000E-04
1.5297E-05 2.0000E-04
1.5490E-05 2.0000E-04
1.4642E-05 2.0000E-04
1.3441E-05 2.0000E-04
1.4844E-05 2.0000E-04
2.0183E-05 2.0000E-04
1.3057E-05 2.0000E-04
1.2397E-05 2.0000E-04
1.5408E-05 2.0000E-04
1.5825E-05 2.0000E-04
1.3019E-05 2.0000E-04
1.2530E-05 2.0000E-04
1.7026E-05 2.0000E-04
1.9765E-05 2.0000E-04
1.1970E-05 2.0000E-04
1.2930E-05 2.0000E-04
1.5034E-05 2.0000E-04
1.9996E-05 2.0000E-04
1.4312E-05 2.0000E-04
1.2851E-05 2.0000E-04
1.4577E-05 2.0000E-04
2.3335E-05 2.0000E-04
1.2726E-05 2.0000E-04
1.1691E-05 2.0000E-04
1.3318E-05 2.0000E-04
2.1509E-05 2.0000E-04
1.4002E-05 2.0000E-04
1.2123E-05 2.0000E-04
1.4384E-05 2.0000E-04
2.2776E-05 2.0000E-04
1.3615E-05 2.0000E-04
1.2178E-05 2.0000E-04
1.3625E-05 2.0000E-04
2.1287E-05 2.0000E-04
1.4902E-05 2.0000E-04
1.3021E-05 2.0000E-04
1.5255E-05 2.0000E-04
2.4589E-05 2.0000E-04
1.4498E-05 2.0000E-04
1.2845E-05 2.0000E-04
1.4960E-05 2.0000E-04
1.8367E-05 2.0000E-04
1.9634E-05 2.0000E-04
1.9634E-05 2.0000E-04
1.9825E-05 2.0000E-04
2.8137E-05 2.0000E-04
1.1652E-05 2.0000E-04
