RMS Step   Target
2.8787E-04 8.0000E-04
9.1991E-04 8.0000E-04
9.0597E-04 8.0000E-04
2.8073E-03 8.0000E-04
1.9731E-03 8.0000E-04
7.6480E-04 8.0000E-04
4.6857E-04 8.0000E-04
3.8631E-04 8.0000E-04
1.5412E-03 8.0000E-04
1.5313E-03 8.0000E-04
6.9290E-04 8.0000E-04
1.0634E-03 8.0000E-04
7.8050E-04 8.0000E-04
1.1007E-03 8.0000E-04
1.8353E-03 8.0000E-04
7.1786E-04 8.0000E-04
6.3293E-04 8.0000E-04
1.3097E-03 8.0000E-04
9.7619E-04 8.0000E-04
7.7156E-04 8.0000E-04
1.0436E-03 8.0000E-04
1.0319E-03 8.0000E-04
1.6890E-03 8.0000E-04
7.4107E-04 8.0000E-04
5.7819E-04 8.0000E-04
7.7732E-04 8.0000E-04
1.4997E-03 8.0000E-04
7.6817E-04 8.0000E-04
8.9603E-04 8.0000E-04
9.2397E-04 8.0000E-04
1.8194E-03 8.0000E-04
4.9311E-04 8.0000E-04
5.9217E-04 8.0000E-04
7.0719E-04 8.0000E-04
1.8534E-03 8.0000E-04
5.0693E-04 8.0000E-04
1.0984E-03 8.0000E-04
9.1044E-04 8.0000E-04
1.4037E-03 8.0000E-04
1.0955E-03 8.0000E-04
9.2117E-04 8.0000E-04
6.9616E-04 8.0000E-04
1.0531E-03 8.0000E-04
1.2519E-03 8.0000E-04
1.4127E-03 8.0000E-04
1.3449E-03 8.0000E-04
9.0974E-04 8.0000E-04
6.0516E-04 8.0000E-04
1.0505E-03 8.0000E-04
1.3227E-03 8.0000E-04
4.7990E-04 8.0000E-04
9.3298E-04 8.0000E-04
1.3093E-03 8.0000E-04
2.7513E-03 8.0000E-04
6.2881E-04 8.0000E-04
5.8406E-04 8.0000E-04
6.8995E-04 8.0000E-04
8.2040E-04 8.0000E-04
1.0520E-03 8.0000E-04
1.7103E-03 8.0000E-04
8.7201E-04 8.0000E-04
1.2079E-03 8.0000E-04
1.4075E-03 8.0000E-04
1.3268E-03 8.0000E-04
6.8179E-04 8.0000E-04
1.0920E-03 8.0000E-04
9.7151E-04 8.0000E-04
2.7238E-04 8.0000E-04
6.9996E-04 8.0000E-04
6.5968E-04 8.0000E-04
1.9441E-03 8.0000E-04
1.1335E-03 8.0000E-04
9.1278E-04 8.0000E-04
1.0795E-03 8.0000E-04
1.6572E-03 8.0000E-04
4.5589E-04 8.0000E-04
1.1727E-03 8.0000E-04
6.2993E-04 8.0000E-04
1.3059E-03 8.0000E-04
2.2717E-03 8.0000E-04
1.4455E-03 8.0000E-04
2.5328E-04 8.0000E-04
1.4392E-03 8.0000E-04
1.5475E-03 8.0000E-04
4.2767E-04 8.0000E-04
1.3134E-03 8.0000E-04
1.5569E-03 8.0000E-04
2.7525E-03 8.0000E-04
2.0595E-03 8.0000E-04
5.1461E-04 8.0000E-04
2.1507E-03 8.0000E-04
9.2580E-04 8.0000E-04
1.2002E-03 8.0000E-04
3.1085E-03 8.0000E-04
2.2636E-03 8.0000E-04
1.2978E-03 8.0000E-04
4.8389E-03 8.0000E-04
9.4291E-04 8.0000E-04
1.7089E-03 8.0000E-04
1.9478E-03 8.0000E-04
4.7678E-03 8.0000E-04
2.4846E-03 8.0000E-04
6.8076E-04 8.0000E-04
3.1436E-03 8.0000E-04
5.8043E-03 8.0000E-04
2.3348E-03 8.0000E-04
1.1178E-03 8.0000E-04
1.6681E-03 8.0000E-04
2.9245E-03 8.0000E-04
8.7806E-04 8.0000E-04
1.2054E-03 8.0000E-04
1.3207E-03 8.0000E-04
8.0300E-04 8.0000E-04
1.6084E-03 8.0000E-04
1.5702E-03 8.0000E-04
1.3062E-03 8.0000E-04
5.8358E-04 8.0000E-04
9.6699E-04 8.0000E-04
8.8695E-04 8.0000E-04
1.3758E-03 8.0000E-04
1.3896E-03 8.0000E-04
2.8982E-04 8.0000E-04
5.4218E-04 8.0000E-04
6.0571E-04 8.0000E-04
1.5022E-03 8.0000E-04
4.0011E-04 8.0000E-04
4.8264E-04 8.0000E-04
1.0684E-03 8.0000E-04
1.3643E-03 8.0000E-04
7.4341E-04 8.0000E-04
5.0054E-04 8.0000E-04
4.7025E-04 8.0000E-04
1.1400E-03 8.0000E-04
8.4676E-04 8.0000E-04
5.9840E-04 8.0000E-04
1.0950E-03 8.0000E-04
1.0480E-03 8.0000E-04
6.0132E-04 8.0000E-04
1.7099E-03 8.0000E-04
7.5449E-04 8.0000E-04
5.5690E-04 8.0000E-04
8.9949E-04 8.0000E-04
1.0198E-03 8.0000E-04
1.3222E-03 8.0000E-04
1.6220E-03 8.0000E-04
8.7032E-04 8.0000E-04
6.4127E-04 8.0000E-04
1.2483E-03 8.0000E-04
1.1764E-03 8.0000E-04
1.0185E-03 8.0000E-04
1.8211E-03 8.0000E-04
9.9151E-04 8.0000E-04
1.9106E-03 8.0000E-04
1.0440E-03 8.0000E-04
1.6407E-03 8.0000E-04
7.8257E-04 8.0000E-04
1.5365E-03 8.0000E-04
1.8472E-03 8.0000E-04
2.1669E-03 8.0000E-04
1.4135E-03 8.0000E-04
1.1979E-03 8.0000E-04
9.8785E-04 8.0000E-04
9.5626E-04 8.0000E-04
1.7124E-03 8.0000E-04
1.1353E-03 8.0000E-04
1.3148E-03 8.0000E-04
1.3982E-03 8.0000E-04
1.7977E-03 8.0000E-04
1.4312E-03 8.0000E-04
9.8104E-04 8.0000E-04
7.8596E-04 8.0000E-04
1.1359E-03 8.0000E-04
1.4312E-03 8.0000E-04
1.1829E-03 8.0000E-04
5.1614E-04 8.0000E-04
6.7025E-04 8.0000E-04
9.1236E-04 8.0000E-04
6.2292E-04 8.0000E-04
1.1134E-03 8.0000E-04
7.8450E-04 8.0000E-04
7.1945E-04 8.0000E-04
1.4109E-03 8.0000E-04
6.4953E-04 8.0000E-04
1.3710E-04 8.0000E-04
9.8600E-04 8.0000E-04
7.8009E-04 8.0000E-04
6.9121E-04 8.0000E-04
8.8918E-04 8.0000E-04
1.1123E-03 8.0000E-04
8.0913E-04 8.0000E-04
8.0225E-04 8.0000E-04
4.0734E-04 8.0000E-04
4.2679E-04 8.0000E-04
8.8178E-04 8.0000E-04
1.3775E-03 8.0000E-04
5.9677E-04 8.0000E-04
9.6643E-04 8.0000E-04
8.0678E-04 8.0000E-04
4.8423E-04 8.0000E-04
1.1772E-03 8.0000E-04
7.1783E-04 8.0000E-04
3.1759E-04 8.0000E-04
1.5991E-03 8.0000E-04
1.0030E-03 8.0000E-04
1.5542E-04 8.0000E-04
1.1651E-03 8.0000E-04
4.8162E-04 8.0000E-04
2.0469E-03 8.0000E-04
9.9630E-04 8.0000E-04
1.8791E-04 8.0000E-04
2.9415E-04 8.0000E-04
1.2696E-03 8.0000E-04
1.0903E-03 8.0000E-04
1.4359E-03 8.0000E-04
1.0965E-03 8.0000E-04
8.5479E-04 8.0000E-04
9.4392E-04 8.0000E-04
1.2865E-03 8.0000E-04
4.9671E-04 8.0000E-04
1.5306E-03 8.0000E-04
1.0409E-03 8.0000E-04
1.0555E-03 8.0000E-04
1.3147E-03 8.0000E-04
1.5433E-03 8.0000E-04
6.9708E-04 8.0000E-04
1.8907E-03 8.0000E-04
3.7570E-04 8.0000E-04
6.3375E-04 8.0000E-04
1.4500E-03 8.0000E-04
2.1838E-03 8.0000E-04
3.1111E-04 8.0000E-04
3.9608E-04 8.0000E-04
5.8228E-04 8.0000E-04
1.8186E-03 8.0000E-04
1.4022E-03 8.0000E-04
6.8315E-04 8.0000E-04
7.9185E-04 8.0000E-04
1.0235E-03 8.0000E-04
1.6691E-03 8.0000E-04
1.0434E-03 8.0000E-04
6.5203E-04 8.0000E-04
2.0614E-03 8.0000E-04
1.2542E-03 8.0000E-04
8.9566E-04 8.0000E-04
9.6736E-04 8.0000E-04
1.3891E-03 8.0000E-04
9.9342E-04 8.0000E-04
7.8239E-04 8.0000E-04
6.5293E-04 8.0000E-04
8.6017E-04 8.0000E-04
1.0718E-03 8.0000E-04
8.5650E-04 8.0000E-04
7.5263E-04 8.0000E-04
1.0705E-03 8.0000E-04
1.0575E-03 8.0000E-04
7.6790E-04 8.0000E-04
5.7100E-04 8.0000E-04
1.4554E-03 8.0000E-04
6.3963E-04 8.0000E-04
1.3896E-03 8.0000E-04
5.7492E-04 8.0000E-04
1.1893E-03 8.0000E-04
1.1999E-03 8.0000E-04
8.6491E-04 8.0000E-04
4.2323E-04 8.0000E-04
9.3586E-04 8.0000E-04
1.1000E-03 8.0000E-04
6.0252E-04 8.0000E-04
1.0244E-03 8.0000E-04
1.3285E-03 8.0000E-04
1.5164E-03 8.0000E-04
1.3233E-03 8.0000E-04
4.7040E-04 8.0000E-04
1.1390E-03 8.0000E-04
9.7562E-04 8.0000E-04
1.3622E-03 8.0000E-04
1.5607E-03 8.0000E-04
1.0532E-03 8.0000E-04
8.7612E-04 8.0000E-04
1.2292E-03 8.0000E-04
8.0316E-04 8.0000E-04
6.1020E-04 8.0000E-04
9.8107E-04 8.0000E-04
1.2618E-03 8.0000E-04
7.0985E-04 8.0000E-04
1.3155E-03 8.0000E-04
4.1090E-04 8.0000E-04
6.9952E-04 8.0000E-04
6.9467E-04 8.0000E-04
1.6281E-03 8.0000E-04
2.8787E-04 8.0000E-04
9.1991E-04 8.0000E-04
9.0597E-04 8.0000E-04
2.8073E-03 8.0000E-04
1.9731E-03 8.0000E-04
7.6480E-04 8.0000E-04
4.6857E-04 8.0000E-04
3.8631E-04 8.0000E-04
1.5412E-03 8.0000E-04
1.5313E-03 8.0000E-04
6.9290E-04 8.0000E-04
1.0634E-03 8.0000E-04
7.8050E-04 8.0000E-04
1.1007E-03 8.0000E-04
1.8353E-03 8.0000E-04
7.1786E-04 8.0000E-04
6.3293E-04 8.0000E-04
1.3097E-03 8.0000E-04
9.7619E-04 8.0000E-04
7.7156E-04 8.0000E-04
1.0436E-03 8.0000E-04
1.0319E-03 8.0000E-04
1.6890E-03 8.0000E-04
7.4107E-04 8.0000E-04
5.7819E-04 8.0000E-04
7.7732E-04 8.0000E-04
1.4997E-03 8.0000E-04
7.6817E-04 8.0000E-04
8.9603E-04 8.0000E-04
9.2397E-04 8.0000E-04
1.8194E-03 8.0000E-04
4.9311E-04 8.0000E-04
5.9217E-04 8.0000E-04
7.0719E-04 8.0000E-04
1.8534E-03 8.0000E-04
5.0693E-04 8.0000E-04
1.0984E-03 8.0000E-04
9.1044E-04 8.0000E-04
1.4037E-03 8.0000E-04
1.0955E-03 8.0000E-04
9.2117E-04 8.0000E-04
6.9615E-04 8.0000E-04
1.0531E-03 8.0000E-04
1.2519E-03 8.0000E-04
1.4126E-03 8.0000E-04
1.3449E-03 8.0000E-04
9.0975E-04 8.0000E-04
6.0514E-04 8.0000E-04
1.0505E-03 8.0000E-04
1.3227E-03 8.0000E-04
4.7988E-04 8.0000E-04
9.3296E-04 8.0000E-04
1.3093E-03 8.0000E-04
2.7513E-03 8.0000E-04
6.2890E-04 8.0000E-04
5.8412E-04 8.0000E-04
6.8988E-04 8.0000E-04
8.2034E-04 8.0000E-04
1.0521E-03 8.0000E-04
1.7101E-03 8.0000E-04
8.7194E-04 8.0000E-04
1.2082E-03 8.0000E-04
1.4074E-03 8.0000E-04
1.3266E-03 8.0000E-04
6.8224E-04 8.0000E-04
1.0920E-03 8.0000E-04
9.7145E-04 8.0000E-04
2.7248E-04 8.0000E-04
6.9987E-04 8.0000E-04
6.5990E-04 8.0000E-04
1.9429E-03 8.0000E-04
1.1355E-03 8.0000E-04
9.1516E-04 8.0000E-04
1.0796E-03 8.0000E-04
1.6523E-03 8.0000E-04
4.5629E-04 8.0000E-04
1.1758E-03 8.0000E-04
6.3008E-04 8.0000E-04
1.3029E-03 8.0000E-04
2.2723E-03 8.0000E-04
1.4514E-03 8.0000E-04
2.5236E-04 8.0000E-04
1.4429E-03 8.0000E-04
1.5397E-03 8.0000E-04
4.2786E-04 8.0000E-04
1.3289E-03 8.0000E-04
1.5564E-03 8.0000E-04
2.7738E-03 8.0000E-04
2.0271E-03 8.0000E-04
5.1142E-04 8.0000E-04
2.1495E-03 8.0000E-04
9.3914E-04 8.0000E-04
1.1947E-03 8.0000E-04
3.1367E-03 8.0000E-04
2.2262E-03 8.0000E-04
1.3116E-03 8.0000E-04
4.9133E-03 8.0000E-04
9.6029E-04 8.0000E-04
1.7140E-03 8.0000E-04
1.8976E-03 8.0000E-04
4.6364E-03 8.0000E-04
2.2987E-03 8.0000E-04
7.2376E-04 8.0000E-04
3.0550E-03 8.0000E-04
3.0208E-03 8.0000E-04
1.8473E-03 8.0000E-04
1.6206E-03 8.0000E-04
2.9502E-03 8.0000E-04
1.4862E-03 8.0000E-04
1.3499E-03 8.0000E-04
1.2590E-03 8.0000E-04
2.4070E-03 8.0000E-04
1.0415E-03 8.0000E-04
6.3094E-04 8.0000E-04
1.2410E-03 8.0000E-04
9.5907E-04 8.0000E-04
7.7113E-04 8.0000E-04
1.0045E-03 8.0000E-04
8.1084E-04 8.0000E-04
1.3448E-03 8.0000E-04
1.2929E-03 8.0000E-04
4.8667E-04 8.0000E-04
3.5154E-04 8.0000E-04
8.1423E-04 8.0000E-04
1.1580E-03 8.0000E-04
8.0486E-04 8.0000E-04
7.3165E-04 8.0000E-04
9.1203E-04 8.0000E-04
1.4753E-03 8.0000E-04
2.4849E-04 8.0000E-04
3.8454E-04 8.0000E-04
6.1197E-04 8.0000E-04
1.0015E-03 8.0000E-04
1.1712E-03 8.0000E-04
5.2804E-04 8.0000E-04
9.9922E-04 8.0000E-04
9.2800E-04 8.0000E-04
6.0484E-04 8.0000E-04
1.5154E-03 8.0000E-04
9.3176E-04 8.0000E-04
3.2901E-04 8.0000E-04
1.4370E-03 8.0000E-04
4.5218E-04 8.0000E-04
6.8719E-04 8.0000E-04
1.9377E-03 8.0000E-04
1.5976E-03 8.0000E-04
3.8789E-04 8.0000E-04
8.3769E-04 8.0000E-04
7.3791E-04 8.0000E-04
2.5129E-03 8.0000E-04
5.3436E-04 8.0000E-04
9.6610E-04 8.0000E-04
8.0267E-04 8.0000E-04
2.2808E-03 8.0000E-04
1.3685E-03 8.0000E-04
1.6685E-03 8.0000E-04
1.3566E-03 8.0000E-04
1.4772E-03 8.0000E-04
2.3931E-03 8.0000E-04
1.1436E-03 8.0000E-04
3.8820E-04 8.0000E-04
2.2226E-03 8.0000E-04
1.0070E-03 8.0000E-04
9.3070E-04 8.0000E-04
1.8524E-03 8.0000E-04
8.6595E-04 8.0000E-04
2.1317E-03 8.0000E-04
1.2273E-03 8.0000E-04
1.9783E-04 8.0000E-04
7.5875E-04 8.0000E-04
8.6129E-04 8.0000E-04
2.2456E-03 8.0000E-04
6.0826E-04 8.0000E-04
7.3774E-04 8.0000E-04
7.0791E-04 8.0000E-04
1.5745E-03 8.0000E-04
3.8407E-04 8.0000E-04
7.7677E-04 8.0000E-04
5.4002E-04 8.0000E-04
1.7787E-03 8.0000E-04
9.3565E-04 8.0000E-04
3.1672E-04 8.0000E-04
5.5451E-04 8.0000E-04
1.1142E-03 8.0000E-04
3.3581E-04 8.0000E-04
7.1249E-04 8.0000E-04
6.6684E-04 8.0000E-04
1.8130E-03 8.0000E-04
3.4182E-04 8.0000E-04
3.7816E-04 8.0000E-04
4.2046E-04 8.0000E-04
1.2597E-03 8.0000E-04
2.2618E-04 8.0000E-04
6.3379E-04 8.0000E-04
6.8134E-04 8.0000E-04
1.7334E-03 8.0000E-04
9.1644E-04 8.0000E-04
2.4804E-04 8.0000E-04
5.2389E-04 8.0000E-04
6.8046E-04 8.0000E-04
5.7572E-04 8.0000E-04
1.4091E-03 8.0000E-04
7.9986E-04 8.0000E-04
8.1436E-04 8.0000E-04
1.7159E-03 8.0000E-04
8.3831E-04 8.0000E-04
2.1115E-04 8.0000E-04
5.0311E-04 8.0000E-04
5.3187E-04 8.0000E-04
2.4041E-03 8.0000E-04
6.7263E-04 8.0000E-04
7.2462E-04 8.0000E-04
1.1131E-03 8.0000E-04
1.8504E-03 8.0000E-04
3.6647E-04 8.0000E-04
6.2368E-04 8.0000E-04
5.9273E-04 8.0000E-04
2.4037E-03 8.0000E-04
3.5733E-04 8.0000E-04
7.4056E-04 8.0000E-04
1.0818E-03 8.0000E-04
2.7838E-03 8.0000E-04
3.7046E-04 8.0000E-04
1.0095E-03 8.0000E-04
7.7602E-04 8.0000E-04
1.9893E-03 8.0000E-04
7.1603E-04 8.0000E-04
7.3722E-04 8.0000E-04
6.2616E-04 8.0000E-04
1.5876E-03 8.0000E-04
1.0794E-03 8.0000E-04
1.4722E-03 8.0000E-04
1.0582E-03 8.0000E-04
9.9760E-04 8.0000E-04
1.1966E-03 8.0000E-04
1.6613E-03 8.0000E-04
8.1708E-04 8.0000E-04
1.4045E-03 8.0000E-04
6.4877E-04 8.0000E-04
8.5206E-04 8.0000E-04
1.9708E-03 8.0000E-04
1.8003E-03 8.0000E-04
3.0011E-04 8.0000E-04
1.0766E-03 8.0000E-04
6.2253E-04 8.0000E-04
1.0155E-03 8.0000E-04
1.5043E-03 8.0000E-04
8.0464E-04 8.0000E-04
1.8528E-04 8.0000E-04
1.2678E-03 8.0000E-04
1.0603E-03 8.0000E-04
5.4911E-04 8.0000E-04
6.4309E-04 8.0000E-04
7.9037E-04 8.0000E-04
1.0608E-03 8.0000E-04
2.4970E-03 8.0000E-04
9.7253E-04 8.0000E-04
6.3570E-04 8.0000E-04
6.6658E-04 8.0000E-04
1.5613E-03 8.0000E-04
1.8008E-03 8.0000E-04
5.0858E-04 8.0000E-04
6.0933E-04 8.0000E-04
9.0213E-04 8.0000E-04
9.4126E-04 8.0000E-04
9.2862E-04 8.0000E-04
8.0192E-04 8.0000E-04
8.4827E-04 8.0000E-04
1.2863E-03 8.0000E-04
1.0246E-03 8.0000E-04
6.3858E-04 8.0000E-04
5.9746E-04 8.0000E-04
1.1615E-03 8.0000E-04
1.6848E-03 8.0000E-04
6.6456E-04 8.0000E-04
4.8023E-04 8.0000E-04
9.6571E-04 8.0000E-04
1.1963E-03 8.0000E-04
1.4775E-03 8.0000E-04
6.9583E-04 8.0000E-04
1.6021E-03 8.0000E-04
3.7555E-04 8.0000E-04
1.0784E-03 8.0000E-04
1.1215E-03 8.0000E-04
1.3226E-03 8.0000E-04
1.0380E-03 8.0000E-04
1.1630E-03 8.0000E-04
4.5870E-04 8.0000E-04
6.1548E-04 8.0000E-04
1.0289E-03 8.0000E-04
1.0594E-03 8.0000E-04
7.5406E-04 8.0000E-04
1.0856E-03 8.0000E-04
6.7450E-04 8.0000E-04
5.8790E-04 8.0000E-04
1.0145E-03 8.0000E-04
1.3772E-03 8.0000E-04
6.5365E-04 8.0000E-04
1.2563E-03 8.0000E-04
6.4209E-04 8.0000E-04
1.6644E-03 8.0000E-04
9.0783E-04 8.0000E-04
1.2920E-03 8.0000E-04
4.0854E-04 8.0000E-04
1.2533E-03 8.0000E-04
1.3998E-03 8.0000E-04
6.3238E-04 8.0000E-04
8.4877E-04 8.0000E-04
9.4734E-04 8.0000E-04
1.9536E-03 8.0000E-04
6.2282E-04 8.0000E-04
3.6437E-04 8.0000E-04
9.5842E-04 8.0000E-04
1.6131E-03 8.0000E-04
1.1850E-03 8.0000E-04
8.1236E-04 8.0000E-04
1.4813E-03 8.0000E-04
1.4795E-03 8.0000E-04
1.7411E-03 8.0000E-04
8.2942E-04 8.0000E-04
1.2453E-03 8.0000E-04
1.1493E-03 8.0000E-04
1.7202E-03 8.0000E-04
2.1242E-03 8.0000E-04
1.0349E-03 8.0000E-04
4.6758E-04 8.0000E-04
2.6260E-03 8.0000E-04
1.1166E-03 8.0000E-04
1.4933E-03 8.0000E-04
1.7682E-03 8.0000E-04
2.8950E-03 8.0000E-04
1.1911E-03 8.0000E-04
2.6422E-03 8.0000E-04
1.4098E-03 8.0000E-04
1.6554E-03 8.0000E-04
3.0297E-03 8.0000E-04
1.8642E-03 8.0000E-04
7.5990E-04 8.0000E-04
4.5315E-03 8.0000E-04
2.4036E-03 8.0000E-04
2.1973E-03 8.0000E-04
2.1973E-03 8.0000E-04
1.4441E-03 8.0000E-04
4.2527E-03 8.0000E-04
1.5952E-03 8.0000E-04
3.4084E-03 8.0000E-04
1.3903E-03 8.0000E-04
9.8006E-04 8.0000E-04
2.6528E-03 8.0000E-04
3.3366E-03 8.0000E-04
7.5669E-04 8.0000E-04
1.3321E-03 8.0000E-04
1.9048E-03 8.0000E-04
3.8834E-03 8.0000E-04
1.6774E-03 8.0000E-04
1.7666E-03 8.0000E-04
1.6392E-03 8.0000E-04
2.5349E-03 8.0000E-04
1.1264E-03 8.0000E-04
4.3049E-04 8.0000E-04
1.0736E-03 8.0000E-04
1.6748E-03 8.0000E-04
6.8786E-04 8.0000E-04
1.3370E-03 8.0000E-04
9.3393E-04 8.0000E-04
9.1526E-04 8.0000E-04
1.8005E-03 8.0000E-04
5.2672E-04 8.0000E-04
3.4520E-04 8.0000E-04
1.0474E-03 8.0000E-04
1.3810E-03 8.0000E-04
2.9976E-04 8.0000E-04
5.6338E-04 8.0000E-04
5.9034E-04 8.0000E-04
1.5061E-03 8.0000E-04
5.1291E-04 8.0000E-04
4.2864E-04 8.0000E-04
5.6734E-04 8.0000E-04
1.0708E-03 8.0000E-04
5.8133E-04 8.0000E-04
3.5569E-04 8.0000E-04
5.1306E-04 8.0000E-04
9.5478E-04 8.0000E-04
5.2738E-04 8.0000E-04
4.3457E-04 8.0000E-04
4.7639E-04 8.0000E-04
1.1337E-03 8.0000E-04
4.7213E-04 8.0000E-04
4.1769E-04 8.0000E-04
5.5252E-04 8.0000E-04
1.0936E-03 8.0000E-04
7.2799E-04 8.0000E-04
5.4855E-04 8.0000E-04
8.1597E-04 8.0000E-04
1.0383E-03 8.0000E-04
5.6859E-04 8.0000E-04
7.4561E-04 8.0000E-04
6.1206E-04 8.0000E-04
1.3864E-03 8.0000E-04
1.3876E-03 8.0000E-04
6.8211E-04 8.0000E-04
1.2664E-03 8.0000E-04
8.3668E-04 8.0000E-04
2.1730E-03 8.0000E-04
8.2572E-04 8.0000E-04
5.4094E-04 8.0000E-04
1.3279E-03 8.0000E-04
2.3522E-03 8.0000E-04
2.2591E-03 8.0000E-04
8.1514E-04 8.0000E-04
2.3743E-03 8.0000E-04
1.3905E-03 8.0000E-04
2.4043E-03 8.0000E-04
1.4475E-03 8.0000E-04
1.9280E-03 8.0000E-04
1.4708E-03 8.0000E-04
3.8964E-03 8.0000E-04
1.9177E-03 8.0000E-04
6.9028E-04 8.0000E-04
4.9804E-03 8.0000E-04
2.0723E-03 8.0000E-04
4.5139E-04 8.0000E-04
2.8777E-03 8.0000E-04
7.4397E-04 8.0000E-04
1.3750E-03 8.0000E-04
4.0626E-03 8.0000E-04
7.2290E-04 8.0000E-04
9.0559E-04 8.0000E-04
3.4084E-03 8.0000E-04
9.2037E-04 8.0000E-04
1.3272E-03 8.0000E-04
1.4160E-03 8.0000E-04
1.0827E-03 8.0000E-04
1.6730E-03 8.0000E-04
1.8846E-03 8.0000E-04
3.3794E-04 8.0000E-04
1.5314E-03 8.0000E-04
1.1782E-03 8.0000E-04
1.0610E-03 8.0000E-04
1.3968E-03 8.0000E-04
8.7508E-04 8.0000E-04
1.6693E-03 8.0000E-04
1.2429E-03 8.0000E-04
5.4414E-04 8.0000E-04
9.7022E-04 8.0000E-04
1.5284E-03 8.0000E-04
1.0315E-03 8.0000E-04
1.2387E-03 8.0000E-04
1.7247E-03 8.0000E-04
1.3518E-03 8.0000E-04
1.2585E-03 8.0000E-04
5.6707E-04 8.0000E-04
1.1447E-03 8.0000E-04
1.8075E-03 8.0000E-04
1.2935E-03 8.0000E-04
6.6894E-04 8.0000E-04
1.1881E-03 8.0000E-04
1.5750E-03 8.0000E-04
9.4688E-04 8.0000E-04
6.3950E-04 8.0000E-04
1.2110E-03 8.0000E-04
1.5237E-03 8.0000E-04
9.3900E-04 8.0000E-04
7.2989E-04 8.0000E-04
1.4940E-03 8.0000E-04
1.5031E-03 8.0000E-04
1.9640E-03 8.0000E-04
5.9563E-04 8.0000E-04
1.4412E-03 8.0000E-04
1.4159E-03 8.0000E-04
2.8000E-03 8.0000E-04
1.2667E-03 8.0000E-04
1.5625E-03 8.0000E-04
1.0185E-03 8.0000E-04
2.6248E-03 8.0000E-04
1.0563E-03 8.0000E-04
1.5791E-03 8.0000E-04
1.3956E-03 8.0000E-04
2.7279E-03 8.0000E-04
9.0582E-04 8.0000E-04
6.3057E-04 8.0000E-04
5.8312E-04 8.0000E-04
1.1953E-03 8.0000E-04
8.1915E-04 8.0000E-04
1.0233E-03 8.0000E-04
5.4412E-04 8.0000E-04
3.5160E-04 8.0000E-04
9.1504E-04 8.0000E-04
9.1552E-04 8.0000E-04
4.0598E-04 8.0000E-04
8.3168E-04 8.0000E-04
6.4293E-04 8.0000E-04
7.4839E-04 8.0000E-04
1.1635E-03 8.0000E-04
5.7943E-04 8.0000E-04
2.0860E-04 8.0000E-04
7.7683E-04 8.0000E-04
8.7708E-04 8.0000E-04
4.7259E-04 8.0000E-04
8.0075E-04 8.0000E-04
7.8520E-04 8.0000E-04
1.5662E-03 8.0000E-04
8.0899E-04 8.0000E-04
1.9123E-04 8.0000E-04
5.5786E-04 8.0000E-04
1.1624E-03 8.0000E-04
9.1398E-04 8.0000E-04
9.7317E-04 8.0000E-04
8.4908E-04 8.0000E-04
1.4399E-03 8.0000E-04
7.5542E-04 8.0000E-04
6.1667E-04 8.0000E-04
8.5832E-04 8.0000E-04
1.6002E-03 8.0000E-04
9.9664E-04 8.0000E-04
1.0276E-03 8.0000E-04
1.2355E-03 8.0000E-04
1.7404E-03 8.0000E-04
1.5292E-03 8.0000E-04
5.7333E-04 8.0000E-04
1.2675E-03 8.0000E-04
9.0866E-04 8.0000E-04
1.7262E-03 8.0000E-04
1.9744E-03 8.0000E-04
1.4914E-03 8.0000E-04
1.4203E-03 8.0000E-04
1.9737E-03 8.0000E-04
8.3705E-04 8.0000E-04
9.6263E-04 8.0000E-04
1.8884E-03 8.0000E-04
2.1772E-03 8.0000E-04
8.7692E-04 8.0000E-04
2.7569E-03 8.0000E-04
1.0085E-03 8.0000E-04
1.6685E-03 8.0000E-04
1.3051E-03 8.0000E-04
2.1787E-03 8.0000E-04
1.1764E-03 8.0000E-04
3.1067E-03 8.0000E-04
1.4373E-03 8.0000E-04
2.8051E-04 8.0000E-04
2.3390E-03 8.0000E-04
3.4679E-03 8.0000E-04
8.1158E-04 8.0000E-04
1.2538E-03 8.0000E-04
2.2441E-03 8.0000E-04
2.7873E-03 8.0000E-04
7.1967E-03 8.0000E-04
2.7852E-03 8.0000E-04
1.6112E-03 8.0000E-04
1.1341E-03 8.0000E-04
4.4783E-03 8.0000E-04
3.6543E-03 8.0000E-04
4.3742E-04 8.0000E-04
1.6640E-03 8.0000E-04
1.4291E-03 8.0000E-04
4.7174E-03 8.0000E-04
8.8405E-04 8.0000E-04
1.7056E-03 8.0000E-04
9.2131E-04 8.0000E-04
3.9658E-03 8.0000E-04
2.3036E-03 8.0000E-04
1.3346E-03 8.0000E-04
1.8156E-03 8.0000E-04
2.0319E-03 8.0000E-04
1.8970E-03 8.0000E-04
5.9209E-04 8.0000E-04
9.8257E-04 8.0000E-04
1.1274E-03 8.0000E-04
4.3966E-03 8.0000E-04
1.3750E-03 8.0000E-04
1.7111E-03 8.0000E-04
8.8963E-04 8.0000E-04
3.4412E-03 8.0000E-04
2.7703E-03 8.0000E-04
9.6857E-04 8.0000E-04
1.3771E-03 8.0000E-04
2.9491E-03 8.0000E-04
1.8431E-03 8.0000E-04
2.0355E-03 8.0000E-04
3.4887E-03 8.0000E-04
2.3860E-03 8.0000E-04
3.3017E-03 8.0000E-04
1.4221E-03 8.0000E-04
3.7167E-03 8.0000E-04
1.1067E-03 8.0000E-04
4.5029E-03 8.0000E-04
9.1218E-04 8.0000E-04
2.2722E-03 8.0000E-04
3.0001E-03 8.0000E-04
4.7789E-03 8.0000E-04
1.7315E-03 8.0000E-04
2.0053E-03 8.0000E-04
1.2609E-03 8.0000E-04
1.6675E-03 8.0000E-04
4.3509E-03 8.0000E-04
8.7088E-04 8.0000E-04
8.4652E-04 8.0000E-04
1.7731E-03 8.0000E-04
2.4284E-03 8.0000E-04
1.2360E-03 8.0000E-04
1.9672E-03 8.0000E-04
1.0160E-03 8.0000E-04
1.3728E-03 8.0000E-04
2.7043E-03 8.0000E-04
1.1891E-03 8.0000E-04
4.7680E-04 8.0000E-04
1.0422E-03 8.0000E-04
2.0331E-03 8.0000E-04
8.0624E-04 8.0000E-04
1.1180E-03 8.0000E-04
8.3353E-04 8.0000E-04
1.8538E-03 8.0000E-04
8.9014E-04 8.0000E-04
7.7649E-04 8.0000E-04
7.1822E-04 8.0000E-04
1.0374E-03 8.0000E-04
7.6879E-04 8.0000E-04
7.6838E-04 8.0000E-04
9.8660E-04 8.0000E-04
1.0330E-03 8.0000E-04
5.3230E-04 8.0000E-04
7.4285E-04 8.0000E-04
6.2513E-04 8.0000E-04
8.4878E-04 8.0000E-04
1.0678E-03 8.0000E-04
6.6465E-04 8.0000E-04
4.9195E-04 8.0000E-04
1.1938E-03 8.0000E-04
8.6058E-04 8.0000E-04
4.3060E-04 8.0000E-04
7.3680E-04 8.0000E-04
1.2333E-03 8.0000E-04
4.5687E-04 8.0000E-04
1.2292E-03 8.0000E-04
7.5087E-04 8.0000E-04
6.7040E-04 8.0000E-04
1.8242E-03 8.0000E-04
1.2524E-03 8.0000E-04
1.3362E-04 8.0000E-04
7.0482E-04 8.0000E-04
8.8674E-04 8.0000E-04
2.2887E-03 8.0000E-04
9.7133E-04 8.0000E-04
6.0779E-04 8.0000E-04
9.7514E-04 8.0000E-04
2.5136E-03 8.0000E-04
5.7587E-04 8.0000E-04
1.2727E-03 8.0000E-04
6.0392E-04 8.0000E-04
1.3467E-03 8.0000E-04
1.8250E-03 8.0000E-04
7.2018E-04 8.0000E-04
3.5192E-04 8.0000E-04
1.3511E-03 8.0000E-04
1.5916E-03 8.0000E-04
9.7252E-04 8.0000E-04
1.3215E-03 8.0000E-04
5.7628E-04 8.0000E-04
1.8937E-03 8.0000E-04
5.5052E-04 8.0000E-04
1.1101E-03 8.0000E-04
5.1916E-04 8.0000E-04
1.9919E-03 8.0000E-04
1.1316E-03 8.0000E-04
1.4303E-03 8.0000E-04
8.8013E-04 8.0000E-04
9.6622E-04 8.0000E-04
1.9383E-03 8.0000E-04
1.5907E-03 8.0000E-04
1.0891E-03 8.0000E-04
7.3766E-04 8.0000E-04
3.3328E-03 8.0000E-04
1.5931E-03 8.0000E-04
3.4970E-04 8.0000E-04
1.3554E-03 8.0000E-04
2.4074E-03 8.0000E-04
8.6035E-04 8.0000E-04
8.7813E-04 8.0000E-04
8.7813E-04 8.0000E-04
8.2565E-10 8.0000E-04
1.4393E-04 8.0000E-04
4.4460E-05 8.0000E-04
9.9365E-05 8.0000E-04
1.8143E-04 8.0000E-04
2.6979E-04 8.0000E-04
3.6650E-04 8.0000E-04
2.4783E-04 8.0000E-04
2.0976E-04 8.0000E-04
2.8884E-04 8.0000E-04
5.4922E-04 8.0000E-04
3.1619E-04 8.0000E-04
2.1621E-04 8.0000E-04
3.4943E-04 8.0000E-04
5.5021E-04 8.0000E-04
2.3660E-04 8.0000E-04
3.5935E-04 8.0000E-04
3.6837E-04 8.0000E-04
6.6835E-04 8.0000E-04
8.6488E-04 8.0000E-04
1.6127E-04 8.0000E-04
2.5194E-04 8.0000E-04
4.1527E-04 8.0000E-04
1.1135E-03 8.0000E-04
6.4177E-04 8.0000E-04
4.2615E-04 8.0000E-04
7.8607E-04 8.0000E-04
1.0596E-03 8.0000E-04
3.1446E-04 8.0000E-04
4.0273E-04 8.0000E-04
5.0142E-04 8.0000E-04
1.3184E-03 8.0000E-04
1.2066E-03 8.0000E-04
1.4517E-04 8.0000E-04
7.6327E-04 8.0000E-04
9.0588E-04 8.0000E-04
1.2076E-03 8.0000E-04
1.3722E-03 8.0000E-04
2.8998E-04 8.0000E-04
1.8375E-04 8.0000E-04
8.1050E-04 8.0000E-04
1.0048E-03 8.0000E-04
4.6191E-04 8.0000E-04
2.0201E-03 8.0000E-04
4.5387E-04 8.0000E-04
1.5652E-03 8.0000E-04
1.7933E-03 8.0000E-04
3.4438E-04 8.0000E-04
9.6512E-04 8.0000E-04
7.2165E-04 8.0000E-04
4.1558E-04 8.0000E-04
1.2262E-03 8.0000E-04
5.4257E-04 8.0000E-04
1.2207E-03 8.0000E-04
3.4580E-04 8.0000E-04
1.5783E-03 8.0000E-04
2.4403E-04 8.0000E-04
1.1470E-03 8.0000E-04
1.1030E-03 8.0000E-04
1.8936E-03 8.0000E-04
5.3879E-04 8.0000E-04
1.6701E-03 8.0000E-04
3.1275E-04 8.0000E-04
9.2933E-04 8.0000E-04
1.2355E-03 8.0000E-04
9.7659E-04 8.0000E-04
8.3629E-04 8.0000E-04
1.9066E-03 8.0000E-04
6.1761E-04 8.0000E-04
1.2855E-03 8.0000E-04
1.9463E-04 8.0000E-04
5.7935E-04 8.0000E-04
8.2414E-04 8.0000E-04
1.9630E-03 8.0000E-04
4.7768E-04 8.0000E-04
1.4830E-03 8.0000E-04
8.2996E-04 8.0000E-04
2.1915E-03 8.0000E-04
4.9300E-04 8.0000E-04
5.9900E-04 8.0000E-04
4.9110E-04 8.0000E-04
1.2788E-03 8.0000E-04
1.0705E-03 8.0000E-04
8.5607E-04 8.0000E-04
1.0434E-03 8.0000E-04
1.3246E-03 8.0000E-04
1.6805E-03 8.0000E-04
1.9418E-03 8.0000E-04
5.1975E-04 8.0000E-04
1.5986E-03 8.0000E-04
1.6608E-04 8.0000E-04
1.2324E-03 8.0000E-04
1.3277E-03 8.0000E-04
2.4340E-03 8.0000E-04
6.1695E-04 8.0000E-04
9.3727E-04 8.0000E-04
4.0876E-04 8.0000E-04
1.9280E-03 8.0000E-04
4.3184E-04 8.0000E-04
1.1724E-03 8.0000E-04
9.8757E-04 8.0000E-04
1.4832E-03 8.0000E-04
1.4873E-03 8.0000E-04
7.6470E-04 8.0000E-04
2.1493E-04 8.0000E-04
1.0940E-03 8.0000E-04
4.3706E-04 8.0000E-04
8.5084E-04 8.0000E-04
2.1691E-03 8.0000E-04
8.5304E-04 8.0000E-04
3.4995E-04 8.0000E-04
1.5506E-03 8.0000E-04
6.3262E-04 8.0000E-04
8.2699E-04 8.0000E-04
1.0848E-03 8.0000E-04
1.0891E-03 8.0000E-04
1.6752E-03 8.0000E-04
1.1693E-03 8.0000E-04
1.2640E-03 8.0000E-04
1.7538E-03 8.0000E-04
1.4080E-03 8.0000E-04
1.1300E-03 8.0000E-04
2.6856E-03 8.0000E-04
8.4243E-04 8.0000E-04
2.4826E-03 8.0000E-04
8.9259E-04 8.0000E-04
1.4842E-03 8.0000E-04
2.0928E-03 8.0000E-04
2.8269E-03 8.0000E-04
3.7588E-03 8.0000E-04
7.3248E-04 8.0000E-04
4.4603E-03 8.0000E-04
2.6377E-03 8.0000E-04
6.0098E-04 8.0000E-04
2.4966E-03 8.0000E-04
2.4855E-03 8.0000E-04
2.3205E-03 8.0000E-04
7.9858E-04 8.0000E-04
1.1214E-03 8.0000E-04
1.0723E-03 8.0000E-04
2.1379E-03 8.0000E-04
7.0391E-04 8.0000E-04
1.6420E-03 8.0000E-04
1.2042E-03 8.0000E-04
1.9110E-03 8.0000E-04
1.1668E-03 8.0000E-04
1.0089E-03 8.0000E-04
8.6249E-04 8.0000E-04
1.5475E-03 8.0000E-04
1.5732E-03 8.0000E-04
6.9733E-04 8.0000E-04
1.6340E-03 8.0000E-04
9.7537E-04 8.0000E-04
1.4609E-03 8.0000E-04
1.4167E-03 8.0000E-04
1.5111E-03 8.0000E-04
1.2087E-03 8.0000E-04
6.8875E-04 8.0000E-04
1.2625E-03 8.0000E-04
1.2732E-03 8.0000E-04
1.4037E-03 8.0000E-04
7.5911E-04 8.0000E-04
5.8571E-04 8.0000E-04
8.6345E-04 8.0000E-04
9.1263E-04 8.0000E-04
5.5612E-04 8.0000E-04
9.1553E-04 8.0000E-04
8.5779E-04 8.0000E-04
1.0400E-03 8.0000E-04
9.7346E-04 8.0000E-04
4.4023E-04 8.0000E-04
3.3451E-04 8.0000E-04
8.6880E-04 8.0000E-04
7.5432E-04 8.0000E-04
7.3842E-04 8.0000E-04
1.0945E-03 8.0000E-04
1.0185E-03 8.0000E-04
3.4903E-04 8.0000E-04
8.3136E-04 8.0000E-04
4.2619E-04 8.0000E-04
5.6679E-04 8.0000E-04
1.1618E-03 8.0000E-04
1.0178E-03 8.0000E-04
2.5003E-04 8.0000E-04
7.7751E-04 8.0000E-04
7.5691E-04 8.0000E-04
3.7438E-04 8.0000E-04
8.7024E-04 8.0000E-04
4.8608E-04 8.0000E-04
1.6412E-03 8.0000E-04
6.7690E-04 8.0000E-04
1.6879E-04 8.0000E-04
4.2786E-04 8.0000E-04
5.8268E-04 8.0000E-04
8.0429E-04 8.0000E-04
9.0734E-04 8.0000E-04
9.2899E-04 8.0000E-04
2.9709E-04 8.0000E-04
6.8591E-04 8.0000E-04
3.3271E-04 8.0000E-04
4.2246E-04 8.0000E-04
1.0301E-03 8.0000E-04
6.5061E-04 8.0000E-04
1.4895E-04 8.0000E-04
4.8552E-04 8.0000E-04
3.4884E-04 8.0000E-04
6.9832E-04 8.0000E-04
8.6746E-04 8.0000E-04
3.4549E-04 8.0000E-04
1.7955E-04 8.0000E-04
4.6030E-04 8.0000E-04
8.6498E-04 8.0000E-04
3.5510E-04 8.0000E-04
2.4867E-04 8.0000E-04
3.9397E-04 8.0000E-04
6.4563E-04 8.0000E-04
5.5596E-04 8.0000E-04
2.6606E-04 8.0000E-04
4.4373E-04 8.0000E-04
5.1640E-04 8.0000E-04
2.0262E-04 8.0000E-04
4.5973E-04 8.0000E-04
3.4289E-04 8.0000E-04
7.1378E-04 8.0000E-04
5.0515E-04 8.0000E-04
1.1835E-04 8.0000E-04
1.4567E-04 8.0000E-04
3.1673E-04 8.0000E-04
8.0568E-04 8.0000E-04
3.4403E-04 8.0000E-04
1.0640E-04 8.0000E-04
2.8208E-04 8.0000E-04
3.8937E-04 8.0000E-04
2.7233E-04 8.0000E-04
2.4922E-04 8.0000E-04
2.7435E-04 8.0000E-04
5.0681E-04 8.0000E-04
3.3203E-04 8.0000E-04
1.0017E-04 8.0000E-04
1.9087E-04 8.0000E-04
2.3198E-04 8.0000E-04
3.1144E-04 8.0000E-04
3.7327E-04 8.0000E-04
3.1488E-04 8.0000E-04
1.3663E-04 8.0000E-04
2.4259E-04 8.0000E-04
2.4843E-04 8.0000E-04
1.1819E-04 8.0000E-04
2.9358E-04 8.0000E-04
2.3124E-04 8.0000E-04
3.6478E-04 8.0000E-04
2.0574E-04 8.0000E-04
1.1240E-04 8.0000E-04
1.1832E-04 8.0000E-04
2.0517E-04 8.0000E-04
2.9193E-04 8.0000E-04
2.3156E-04 8.0000E-04
2.2956E-04 8.0000E-04
2.5765E-04 8.0000E-04
2.8072E-04 8.0000E-04
2.1478E-04 8.0000E-04
1.8579E-04 8.0000E-04
3.0807E-04 8.0000E-04
2.3174E-04 8.0000E-04
2.2298E-04 8.0000E-04
3.2280E-04 8.0000E-04
3.7464E-04 8.0000E-04
1.7000E-04 8.0000E-04
2.3767E-04 8.0000E-04
2.2789E-04 8.0000E-04
3.1571E-04 8.0000E-04
4.2106E-04 8.0000E-04
2.4510E-04 8.0000E-04
1.4926E-04 8.0000E-04
3.8393E-04 8.0000E-04
3.3544E-04 8.0000E-04
8.8256E-05 8.0000E-04
2.8993E-04 8.0000E-04
2.8788E-04 8.0000E-04
4.5349E-04 8.0000E-04
2.9416E-04 8.0000E-04
3.1480E-04 8.0000E-04
2.2409E-04 8.0000E-04
2.6274E-04 8.0000E-04
2.9353E-04 8.0000E-04
2.2926E-04 8.0000E-04
3.9483E-04 8.0000E-04
3.9241E-04 8.0000E-04
1.8020E-04 8.0000E-04
2.0514E-04 8.0000E-04
2.5683E-04 8.0000E-04
4.4197E-04 8.0000E-04
2.4763E-04 8.0000E-04
2.0969E-04 8.0000E-04
3.4055E-04 8.0000E-04
4.6344E-04 8.0000E-04
1.0804E-04 8.0000E-04
2.2241E-04 8.0000E-04
2.1575E-04 8.0000E-04
6.6045E-04 8.0000E-04
1.9396E-04 8.0000E-04
2.1243E-04 8.0000E-04
2.9114E-04 8.0000E-04
5.3849E-04 8.0000E-04
1.2631E-04 8.0000E-04
2.4080E-04 8.0000E-04
2.2641E-04 8.0000E-04
7.0655E-04 8.0000E-04
2.7159E-04 8.0000E-04
1.7527E-04 8.0000E-04
2.8558E-04 8.0000E-04
4.5572E-04 8.0000E-04
1.7944E-04 8.0000E-04
3.5615E-04 8.0000E-04
2.9574E-04 8.0000E-04
7.0502E-04 8.0000E-04
3.6330E-04 8.0000E-04
7.8288E-05 8.0000E-04
2.7626E-04 8.0000E-04
4.9734E-04 8.0000E-04
3.4905E-04 8.0000E-04
4.3532E-04 8.0000E-04
4.2047E-04 8.0000E-04
7.5835E-04 8.0000E-04
5.0424E-04 8.0000E-04
5.0424E-04 8.0000E-04
9.4150E-10 8.0000E-04
3.5983E-05 8.0000E-04
1.2813E-05 8.0000E-04
