RMS Grad   Target
1.5231E-03 3.0000E-04
1.1083E-03 3.0000E-04
1.2430E-03 3.0000E-04
1.8993E-03 3.0000E-04
1.7477E-03 3.0000E-04
9.4553E-04 3.0000E-04
5.5728E-04 3.0000E-04
4.9301E-04 3.0000E-04
7.9890E-04 3.0000E-04
5.0975E-04 3.0000E-04
3.3226E-04 3.0000E-04
3.1957E-04 3.0000E-04
4.0789E-04 3.0000E-04
4.0765E-04 3.0000E-04
2.3059E-04 3.0000E-04
2.4688E-04 3.0000E-04
2.8979E-04 3.0000E-04
7.3793E-04 3.0000E-04
1.9152E-04 3.0000E-04
1.1439E-04 3.0000E-04
1.1330E-04 3.0000E-04
1.7127E-04 3.0000E-04
7.5864E-05 3.0000E-04
6.3244E-05 3.0000E-04
6.3244E-05 3.0000E-04
