535.1
172.0
177.1
180.2
172.6
182.3
177.2
172.3
177.4
170.3
177.3
177.2
160.7
160.3
178.6
168.4
172.3
176.8
176.9
171.6
176.9
178.0
180.4
180.1
220.7
165.1
171.8
175.5
176.8
177.4
166.3
182.0
177.9
178.9
177.5
180.1
178.7
178.4
179.2
177.4
171.8
172.4
181.2
179.5
171.2
179.5
219.8
160.1
160.4
162.1
161.8
171.1
171.0
177.9
176.9
171.2
177.8
178.7
180.9
167.1
173.2
171.7
172.8
181.7
180.1
175.8
179.4
162.7
222.4
162.9
148.6
162.6
162.0
161.5
163.6
179.1
173.7
180.1
172.4
171.8
177.2
164.5
182.3
173.6
180.8
175.5
177.6
178.4
178.7
162.0
229.5
162.1
153.6
161.3
159.3
161.9
179.9
178.1
177.7
177.1
178.5
177.5
179.5
188.0
181.8
179.1
178.8
157.3
230.6
156.6
161.6
162.6
161.2
161.7
176.4
179.8
180.2
181.0
185.6
205.9
179.9
206.0
160.2
161.8
159.9
153.9
161.6
179.9
179.7
179.6
191.3
215.5
164.3
206.5
160.9
162.0
156.3
156.4
170.8
182.7
179.7
196.8
202.7
171.0
176.7
177.3
216.0
206.6
162.0
164.0
163.2
177.8
183.4
215.4
177.0
177.3
209.6
218.5
165.4
176.8
213.4
183.7
211.5
221.9
177.2
218.8
212.4
164.6
219.9
213.0
205.8
220.7
207.8
217.9
216.1
133.4
126.6
161.8
167.1
161.0
133.5
134.3
159.8
132.9
128.6
133.9
166.7
131.9
127.0
135.1
138.5
161.9
169.0
