RMS Step   Target
2.8470E-04 8.0000E-04
1.1294E-03 8.0000E-04
1.1347E-03 8.0000E-04
3.4575E-03 8.0000E-04
2.0991E-03 8.0000E-04
5.1043E-04 8.0000E-04
3.9233E-04 8.0000E-04
3.9527E-04 8.0000E-04
1.6082E-03 8.0000E-04
2.3243E-03 8.0000E-04
3.0340E-04 8.0000E-04
5.2364E-04 8.0000E-04
7.4147E-04 8.0000E-04
1.7207E-03 8.0000E-04
1.6833E-03 8.0000E-04
4.1420E-04 8.0000E-04
1.2125E-03 8.0000E-04
1.3606E-03 8.0000E-04
1.1311E-03 8.0000E-04
1.2297E-03 8.0000E-04
6.7203E-04 8.0000E-04
8.8746E-04 8.0000E-04
2.4317E-03 8.0000E-04
3.3800E-04 8.0000E-04
1.9186E-04 8.0000E-04
8.4728E-04 8.0000E-04
1.4367E-03 8.0000E-04
1.1135E-03 8.0000E-04
9.9650E-04 8.0000E-04
8.9284E-04 8.0000E-04
1.4962E-03 8.0000E-04
6.2124E-04 8.0000E-04
6.1798E-04 8.0000E-04
7.3364E-04 8.0000E-04
1.7343E-03 8.0000E-04
6.5825E-04 8.0000E-04
8.4744E-04 8.0000E-04
9.1527E-04 8.0000E-04
1.9478E-03 8.0000E-04
4.0248E-04 8.0000E-04
5.4081E-04 8.0000E-04
9.1215E-04 8.0000E-04
1.7281E-03 8.0000E-04
1.3951E-03 8.0000E-04
7.1062E-04 8.0000E-04
1.0033E-03 8.0000E-04
8.3061E-04 8.0000E-04
6.3387E-04 8.0000E-04
1.3311E-03 8.0000E-04
7.9618E-04 8.0000E-04
6.9945E-04 8.0000E-04
2.0246E-03 8.0000E-04
9.1316E-04 8.0000E-04
1.6021E-04 8.0000E-04
6.8918E-04 8.0000E-04
9.8148E-04 8.0000E-04
2.0487E-03 8.0000E-04
9.2225E-04 8.0000E-04
9.8112E-04 8.0000E-04
7.1050E-04 8.0000E-04
9.7384E-04 8.0000E-04
4.6261E-04 8.0000E-04
8.6593E-04 8.0000E-04
8.8422E-04 8.0000E-04
9.2520E-04 8.0000E-04
1.8053E-03 8.0000E-04
7.1829E-04 8.0000E-04
1.5908E-04 8.0000E-04
9.5881E-04 8.0000E-04
1.2199E-03 8.0000E-04
1.3769E-04 8.0000E-04
3.8692E-04 8.0000E-04
7.3474E-04 8.0000E-04
1.1625E-03 8.0000E-04
1.1012E-03 8.0000E-04
7.2319E-04 8.0000E-04
5.7167E-04 8.0000E-04
6.5044E-04 8.0000E-04
6.5044E-04 8.0000E-04
4.9702E-04 8.0000E-04
1.2272E-03 8.0000E-04
5.8051E-04 8.0000E-04
6.7601E-04 8.0000E-04
8.6982E-04 8.0000E-04
1.0400E-03 8.0000E-04
4.1985E-04 8.0000E-04
7.7519E-04 8.0000E-04
5.3451E-04 8.0000E-04
4.9127E-04 8.0000E-04
1.1622E-03 8.0000E-04
7.1730E-04 8.0000E-04
1.5657E-04 8.0000E-04
9.1959E-04 8.0000E-04
5.2376E-04 8.0000E-04
7.2761E-04 8.0000E-04
1.1986E-03 8.0000E-04
6.8738E-04 8.0000E-04
2.9220E-04 8.0000E-04
9.8728E-04 8.0000E-04
3.4917E-04 8.0000E-04
2.1312E-04 8.0000E-04
1.1358E-03 8.0000E-04
9.8057E-04 8.0000E-04
1.8630E-04 8.0000E-04
5.3259E-04 8.0000E-04
3.8566E-04 8.0000E-04
1.3209E-03 8.0000E-04
6.5815E-04 8.0000E-04
3.0532E-04 8.0000E-04
7.9035E-04 8.0000E-04
7.6832E-04 8.0000E-04
3.3195E-04 8.0000E-04
7.3741E-04 8.0000E-04
3.1037E-04 8.0000E-04
1.5456E-03 8.0000E-04
3.0740E-04 8.0000E-04
2.5258E-04 8.0000E-04
3.9350E-04 8.0000E-04
1.0151E-03 8.0000E-04
3.5202E-04 8.0000E-04
1.0113E-03 8.0000E-04
3.9091E-04 8.0000E-04
4.2246E-04 8.0000E-04
1.1514E-03 8.0000E-04
5.4919E-04 8.0000E-04
1.2561E-04 8.0000E-04
6.5396E-04 8.0000E-04
4.2418E-04 8.0000E-04
1.1769E-03 8.0000E-04
1.1037E-03 8.0000E-04
3.8876E-04 8.0000E-04
1.9551E-04 8.0000E-04
4.8217E-04 8.0000E-04
7.2540E-04 8.0000E-04
5.1444E-04 8.0000E-04
5.9894E-04 8.0000E-04
7.2573E-04 8.0000E-04
9.7586E-04 8.0000E-04
3.8988E-04 8.0000E-04
3.1502E-04 8.0000E-04
7.8879E-04 8.0000E-04
4.1031E-04 8.0000E-04
6.8313E-04 8.0000E-04
1.1130E-03 8.0000E-04
7.5594E-04 8.0000E-04
6.8220E-04 8.0000E-04
7.9209E-04 8.0000E-04
2.2015E-04 8.0000E-04
2.8152E-04 8.0000E-04
6.9614E-04 8.0000E-04
7.8600E-04 8.0000E-04
4.2038E-04 8.0000E-04
9.0682E-04 8.0000E-04
3.2397E-04 8.0000E-04
1.4376E-03 8.0000E-04
3.5085E-04 8.0000E-04
3.4230E-04 8.0000E-04
7.4234E-04 8.0000E-04
8.7086E-04 8.0000E-04
7.7316E-04 8.0000E-04
7.4996E-04 8.0000E-04
1.1007E-03 8.0000E-04
1.3590E-03 8.0000E-04
2.8240E-04 8.0000E-04
1.3180E-03 8.0000E-04
9.3136E-04 8.0000E-04
4.5364E-04 8.0000E-04
1.7311E-03 8.0000E-04
6.9138E-04 8.0000E-04
1.7619E-03 8.0000E-04
1.5921E-03 8.0000E-04
2.3203E-04 8.0000E-04
1.0506E-03 8.0000E-04
3.1201E-04 8.0000E-04
3.3760E-03 8.0000E-04
8.9267E-04 8.0000E-04
7.8361E-04 8.0000E-04
1.6739E-03 8.0000E-04
3.6560E-03 8.0000E-04
4.4225E-04 8.0000E-04
1.7672E-03 8.0000E-04
1.5154E-03 8.0000E-04
2.5832E-03 8.0000E-04
4.9757E-04 8.0000E-04
2.4702E-03 8.0000E-04
6.6944E-04 8.0000E-04
3.1327E-03 8.0000E-04
1.2220E-03 8.0000E-04
2.8775E-03 8.0000E-04
8.5112E-04 8.0000E-04
2.3863E-03 8.0000E-04
8.5894E-04 8.0000E-04
2.8905E-03 8.0000E-04
1.6180E-03 8.0000E-04
2.1268E-03 8.0000E-04
6.0260E-04 8.0000E-04
1.9550E-03 8.0000E-04
1.2350E-03 8.0000E-04
2.6393E-03 8.0000E-04
1.0906E-03 8.0000E-04
1.9034E-03 8.0000E-04
1.2091E-03 8.0000E-04
1.5688E-03 8.0000E-04
4.6755E-04 8.0000E-04
1.6621E-03 8.0000E-04
1.8551E-03 8.0000E-04
1.3850E-03 8.0000E-04
1.4827E-03 8.0000E-04
9.1152E-04 8.0000E-04
2.1830E-03 8.0000E-04
3.7873E-04 8.0000E-04
8.8602E-04 8.0000E-04
1.3950E-03 8.0000E-04
2.0410E-03 8.0000E-04
1.0823E-03 8.0000E-04
1.9044E-03 8.0000E-04
5.8649E-04 8.0000E-04
1.3851E-03 8.0000E-04
1.1469E-03 8.0000E-04
1.4239E-03 8.0000E-04
1.0410E-03 8.0000E-04
1.8326E-03 8.0000E-04
1.4633E-03 8.0000E-04
1.3209E-03 8.0000E-04
7.6950E-04 8.0000E-04
2.4525E-03 8.0000E-04
1.1772E-03 8.0000E-04
5.2895E-04 8.0000E-04
1.6212E-03 8.0000E-04
1.8653E-03 8.0000E-04
9.9554E-04 8.0000E-04
5.3106E-04 8.0000E-04
8.2484E-04 8.0000E-04
7.0713E-04 8.0000E-04
5.7416E-04 8.0000E-04
5.3358E-04 8.0000E-04
1.0311E-03 8.0000E-04
5.6899E-04 8.0000E-04
5.8882E-04 8.0000E-04
3.8772E-04 8.0000E-04
6.8353E-04 8.0000E-04
9.0016E-04 8.0000E-04
4.4667E-04 8.0000E-04
5.9102E-04 8.0000E-04
6.2907E-04 8.0000E-04
1.1879E-03 8.0000E-04
5.3335E-04 8.0000E-04
5.4617E-04 8.0000E-04
8.3987E-04 8.0000E-04
1.1587E-03 8.0000E-04
5.9773E-04 8.0000E-04
6.6401E-04 8.0000E-04
7.4318E-04 8.0000E-04
9.5915E-04 8.0000E-04
9.6113E-04 8.0000E-04
4.0155E-04 8.0000E-04
3.5929E-04 8.0000E-04
8.0857E-04 8.0000E-04
8.1551E-04 8.0000E-04
4.4353E-04 8.0000E-04
9.7727E-04 8.0000E-04
6.4513E-04 8.0000E-04
4.2521E-04 8.0000E-04
7.5693E-04 8.0000E-04
5.6885E-04 8.0000E-04
4.7776E-04 8.0000E-04
1.1092E-03 8.0000E-04
4.7215E-04 8.0000E-04
9.8555E-05 8.0000E-04
4.8947E-04 8.0000E-04
7.2787E-04 8.0000E-04
2.5687E-04 8.0000E-04
7.0798E-04 8.0000E-04
4.4096E-04 8.0000E-04
9.5166E-04 8.0000E-04
6.1907E-04 8.0000E-04
1.5735E-04 8.0000E-04
4.2855E-04 8.0000E-04
5.6247E-04 8.0000E-04
6.9704E-04 8.0000E-04
9.5743E-04 8.0000E-04
7.1069E-04 8.0000E-04
3.8911E-04 8.0000E-04
6.2667E-04 8.0000E-04
5.6583E-04 8.0000E-04
4.6014E-04 8.0000E-04
1.2878E-03 8.0000E-04
7.3493E-04 8.0000E-04
5.1786E-04 8.0000E-04
9.8362E-04 8.0000E-04
8.3345E-04 8.0000E-04
4.1490E-04 8.0000E-04
1.3460E-03 8.0000E-04
6.8971E-04 8.0000E-04
1.2630E-03 8.0000E-04
2.7276E-03 8.0000E-04
1.8247E-03 8.0000E-04
7.4631E-04 8.0000E-04
1.3870E-03 8.0000E-04
1.3701E-03 8.0000E-04
2.3298E-03 8.0000E-04
7.0764E-03 8.0000E-04
8.0589E-04 8.0000E-04
1.1493E-03 8.0000E-04
4.5641E-03 8.0000E-04
2.2527E-03 8.0000E-04
1.4172E-03 8.0000E-04
2.4074E-03 8.0000E-04
1.6524E-03 8.0000E-04
2.1305E-03 8.0000E-04
1.0161E-03 8.0000E-04
3.4237E-03 8.0000E-04
1.5641E-03 8.0000E-04
9.2221E-04 8.0000E-04
1.5452E-03 8.0000E-04
2.1702E-03 8.0000E-04
4.2440E-04 8.0000E-04
5.0611E-04 8.0000E-04
5.4569E-04 8.0000E-04
1.2572E-03 8.0000E-04
8.9940E-04 8.0000E-04
6.2504E-04 8.0000E-04
1.0117E-03 8.0000E-04
1.2609E-03 8.0000E-04
1.2609E-03 8.0000E-04
4.4397E-04 8.0000E-04
5.4229E-04 8.0000E-04
7.4325E-04 8.0000E-04
9.6186E-04 8.0000E-04
9.6783E-04 8.0000E-04
4.2874E-04 8.0000E-04
6.1329E-04 8.0000E-04
7.8860E-04 8.0000E-04
1.6431E-03 8.0000E-04
4.8883E-04 8.0000E-04
4.4024E-04 8.0000E-04
6.2689E-04 8.0000E-04
1.1167E-03 8.0000E-04
3.9468E-04 8.0000E-04
9.0065E-04 8.0000E-04
6.3102E-04 8.0000E-04
1.5347E-03 8.0000E-04
6.1135E-04 8.0000E-04
2.2333E-04 8.0000E-04
3.6297E-04 8.0000E-04
7.4017E-04 8.0000E-04
8.4292E-04 8.0000E-04
1.0427E-03 8.0000E-04
1.0415E-03 8.0000E-04
6.9311E-04 8.0000E-04
7.5645E-04 8.0000E-04
5.9549E-04 8.0000E-04
7.4213E-04 8.0000E-04
5.2231E-04 8.0000E-04
1.3370E-03 8.0000E-04
6.8667E-04 8.0000E-04
6.6845E-04 8.0000E-04
1.0855E-03 8.0000E-04
1.1913E-03 8.0000E-04
1.1001E-03 8.0000E-04
5.6289E-04 8.0000E-04
6.5292E-04 8.0000E-04
6.0722E-04 8.0000E-04
1.1108E-03 8.0000E-04
4.7368E-04 8.0000E-04
9.9016E-04 8.0000E-04
6.6184E-04 8.0000E-04
1.1762E-03 8.0000E-04
5.2758E-04 8.0000E-04
7.7881E-04 8.0000E-04
7.4386E-04 8.0000E-04
9.3597E-04 8.0000E-04
8.1857E-04 8.0000E-04
5.9001E-04 8.0000E-04
5.1436E-04 8.0000E-04
9.7638E-04 8.0000E-04
4.8632E-04 8.0000E-04
1.0702E-03 8.0000E-04
4.3798E-04 8.0000E-04
5.1221E-04 8.0000E-04
4.9712E-04 8.0000E-04
9.7850E-04 8.0000E-04
5.6968E-04 8.0000E-04
2.0610E-04 8.0000E-04
5.2276E-04 8.0000E-04
7.7942E-04 8.0000E-04
3.5415E-04 8.0000E-04
6.8634E-04 8.0000E-04
4.1169E-04 8.0000E-04
1.0588E-03 8.0000E-04
6.6989E-04 8.0000E-04
2.5909E-04 8.0000E-04
6.4293E-04 8.0000E-04
4.0806E-04 8.0000E-04
5.8332E-04 8.0000E-04
9.4939E-04 8.0000E-04
7.0678E-04 8.0000E-04
2.2661E-04 8.0000E-04
5.0933E-04 8.0000E-04
3.9290E-04 8.0000E-04
4.3972E-04 8.0000E-04
9.5236E-04 8.0000E-04
6.1588E-04 8.0000E-04
8.9513E-05 8.0000E-04
5.9743E-04 8.0000E-04
5.8925E-04 8.0000E-04
2.9732E-04 8.0000E-04
7.9437E-04 8.0000E-04
4.7780E-04 8.0000E-04
8.0136E-04 8.0000E-04
3.8816E-04 8.0000E-04
3.4694E-04 8.0000E-04
4.9425E-04 8.0000E-04
6.3830E-04 8.0000E-04
3.6559E-04 8.0000E-04
5.0678E-04 8.0000E-04
5.0934E-04 8.0000E-04
8.5496E-04 8.0000E-04
4.6394E-04 8.0000E-04
1.8604E-04 8.0000E-04
3.6164E-04 8.0000E-04
6.1152E-04 8.0000E-04
6.9958E-04 8.0000E-04
5.6425E-04 8.0000E-04
8.8361E-04 8.0000E-04
3.8227E-04 8.0000E-04
6.8997E-04 8.0000E-04
4.3295E-04 8.0000E-04
6.0535E-04 8.0000E-04
7.9006E-04 8.0000E-04
8.9949E-04 8.0000E-04
6.4356E-04 8.0000E-04
5.9373E-04 8.0000E-04
8.5181E-04 8.0000E-04
1.0855E-03 8.0000E-04
2.6821E-04 8.0000E-04
9.4850E-04 8.0000E-04
3.6842E-04 8.0000E-04
8.3800E-04 8.0000E-04
1.8192E-03 8.0000E-04
6.1845E-04 8.0000E-04
1.7203E-04 8.0000E-04
7.3837E-04 8.0000E-04
1.3525E-03 8.0000E-04
4.4593E-04 8.0000E-04
1.8553E-03 8.0000E-04
8.9496E-04 8.0000E-04
5.4765E-04 8.0000E-04
1.6514E-03 8.0000E-04
7.2366E-04 8.0000E-04
1.1511E-03 8.0000E-04
5.2894E-04 8.0000E-04
5.6264E-04 8.0000E-04
7.1954E-04 8.0000E-04
1.1085E-03 8.0000E-04
2.1692E-04 8.0000E-04
1.1376E-03 8.0000E-04
1.0963E-03 8.0000E-04
1.3270E-03 8.0000E-04
1.1555E-03 8.0000E-04
4.7343E-04 8.0000E-04
1.2096E-03 8.0000E-04
8.9546E-04 8.0000E-04
2.6377E-04 8.0000E-04
1.4425E-03 8.0000E-04
4.6883E-04 8.0000E-04
1.0656E-03 8.0000E-04
1.3254E-03 8.0000E-04
7.8999E-04 8.0000E-04
3.8959E-04 8.0000E-04
1.7482E-03 8.0000E-04
3.0463E-04 8.0000E-04
5.5141E-04 8.0000E-04
1.4273E-03 8.0000E-04
1.0568E-03 8.0000E-04
2.2695E-04 8.0000E-04
1.2377E-03 8.0000E-04
4.6500E-04 8.0000E-04
5.9380E-04 8.0000E-04
1.3334E-03 8.0000E-04
4.9091E-04 8.0000E-04
3.5183E-04 8.0000E-04
9.5043E-04 8.0000E-04
4.1991E-04 8.0000E-04
1.3559E-04 8.0000E-04
6.9323E-04 8.0000E-04
4.7018E-04 8.0000E-04
3.4117E-04 8.0000E-04
1.1913E-03 8.0000E-04
3.5282E-04 8.0000E-04
3.0426E-04 8.0000E-04
3.2705E-04 8.0000E-04
4.6821E-04 8.0000E-04
5.4850E-04 8.0000E-04
6.6209E-04 8.0000E-04
4.4536E-04 8.0000E-04
2.0118E-04 8.0000E-04
3.2759E-04 8.0000E-04
4.9216E-04 8.0000E-04
2.3931E-04 8.0000E-04
3.9819E-04 8.0000E-04
3.0870E-04 8.0000E-04
5.4789E-04 8.0000E-04
4.0868E-04 8.0000E-04
3.0157E-04 8.0000E-04
2.6370E-04 8.0000E-04
4.1173E-04 8.0000E-04
3.3304E-04 8.0000E-04
3.0738E-04 8.0000E-04
4.2630E-04 8.0000E-04
5.0184E-04 8.0000E-04
1.4389E-04 8.0000E-04
2.6152E-04 8.0000E-04
2.3096E-04 8.0000E-04
5.9057E-04 8.0000E-04
3.4879E-04 8.0000E-04
2.3327E-04 8.0000E-04
2.9941E-04 8.0000E-04
4.2936E-04 8.0000E-04
3.5384E-04 8.0000E-04
2.4857E-04 8.0000E-04
4.2941E-04 8.0000E-04
3.6082E-04 8.0000E-04
1.9483E-04 8.0000E-04
3.1899E-04 8.0000E-04
3.3045E-04 8.0000E-04
2.7013E-04 8.0000E-04
2.8087E-04 8.0000E-04
3.0771E-04 8.0000E-04
1.9448E-04 8.0000E-04
3.3473E-04 8.0000E-04
2.6390E-04 8.0000E-04
2.0646E-04 8.0000E-04
3.3828E-04 8.0000E-04
4.0068E-04 8.0000E-04
1.8952E-04 8.0000E-04
2.4620E-04 8.0000E-04
2.1082E-04 8.0000E-04
2.7666E-04 8.0000E-04
3.1622E-04 8.0000E-04
3.4161E-04 8.0000E-04
1.2934E-04 8.0000E-04
2.0054E-04 8.0000E-04
3.1895E-04 8.0000E-04
3.4909E-04 8.0000E-04
2.4066E-04 8.0000E-04
2.5988E-04 8.0000E-04
2.6200E-04 8.0000E-04
1.6987E-04 8.0000E-04
2.5580E-04 8.0000E-04
2.5229E-04 8.0000E-04
2.1257E-04 8.0000E-04
4.3675E-04 8.0000E-04
3.0772E-04 8.0000E-04
8.3995E-05 8.0000E-04
2.6732E-04 8.0000E-04
2.6485E-04 8.0000E-04
3.8408E-04 8.0000E-04
4.4338E-04 8.0000E-04
3.7489E-04 8.0000E-04
1.2847E-04 8.0000E-04
2.9865E-04 8.0000E-04
2.7500E-04 8.0000E-04
1.5067E-04 8.0000E-04
3.9352E-04 8.0000E-04
3.2891E-04 8.0000E-04
4.0254E-04 8.0000E-04
4.6575E-04 8.0000E-04
3.0286E-04 8.0000E-04
1.2213E-04 8.0000E-04
3.4434E-04 8.0000E-04
3.9883E-04 8.0000E-04
2.2897E-04 8.0000E-04
5.2069E-04 8.0000E-04
4.2117E-04 8.0000E-04
1.1656E-04 8.0000E-04
2.8779E-04 8.0000E-04
2.2363E-04 8.0000E-04
7.0201E-04 8.0000E-04
5.5552E-04 8.0000E-04
1.0704E-04 8.0000E-04
1.9113E-04 8.0000E-04
3.0646E-04 8.0000E-04
7.9477E-04 8.0000E-04
3.4641E-04 8.0000E-04
2.1737E-04 8.0000E-04
4.1368E-04 8.0000E-04
6.1520E-04 8.0000E-04
2.2672E-04 8.0000E-04
3.2591E-04 8.0000E-04
3.4318E-04 8.0000E-04
7.9530E-04 8.0000E-04
2.4570E-04 8.0000E-04
1.8799E-04 8.0000E-04
3.5566E-04 8.0000E-04
6.4757E-04 8.0000E-04
3.7697E-04 8.0000E-04
4.4316E-04 8.0000E-04
3.9141E-04 8.0000E-04
8.0652E-04 8.0000E-04
3.3272E-04 8.0000E-04
1.5286E-04 8.0000E-04
3.4423E-04 8.0000E-04
7.2090E-04 8.0000E-04
3.1972E-04 8.0000E-04
3.6290E-04 8.0000E-04
4.1547E-04 8.0000E-04
7.7034E-04 8.0000E-04
3.5604E-04 8.0000E-04
2.1984E-04 8.0000E-04
3.7608E-04 8.0000E-04
7.8834E-04 8.0000E-04
3.8654E-04 8.0000E-04
3.7815E-04 8.0000E-04
4.5387E-04 8.0000E-04
8.2829E-04 8.0000E-04
4.0708E-04 8.0000E-04
3.0970E-04 8.0000E-04
4.3525E-04 8.0000E-04
8.7013E-04 8.0000E-04
5.1447E-04 8.0000E-04
4.9160E-04 8.0000E-04
5.7918E-04 8.0000E-04
6.9329E-04 8.0000E-04
5.2752E-04 8.0000E-04
7.9882E-04 8.0000E-04
4.2617E-04 8.0000E-04
3.0567E-04 8.0000E-04
1.0702E-03 8.0000E-04
6.5574E-04 8.0000E-04
1.9166E-04 8.0000E-04
1.0320E-03 8.0000E-04
8.6054E-04 8.0000E-04
1.7019E-04 8.0000E-04
4.6856E-04 8.0000E-04
5.5596E-04 8.0000E-04
1.4275E-03 8.0000E-04
1.5435E-03 8.0000E-04
5.8150E-05 8.0000E-04
2.3463E-04 8.0000E-04
4.3565E-04 8.0000E-04
1.7065E-03 8.0000E-04
9.8296E-04 8.0000E-04
6.7262E-04 8.0000E-04
6.7262E-04 8.0000E-04
1.2272E-03 8.0000E-04
1.4897E-03 8.0000E-04
3.5603E-04 8.0000E-04
1.5697E-03 8.0000E-04
6.8571E-04 8.0000E-04
2.4191E-03 8.0000E-04
1.8018E-03 8.0000E-04
1.3460E-03 8.0000E-04
1.4297E-04 8.0000E-04
1.0033E-03 8.0000E-04
2.0526E-03 8.0000E-04
2.6078E-03 8.0000E-04
1.2227E-03 8.0000E-04
3.3676E-03 8.0000E-04
2.7745E-03 8.0000E-04
1.6380E-04 8.0000E-04
1.6877E-03 8.0000E-04
3.7277E-04 8.0000E-04
5.9248E-03 8.0000E-04
1.8395E-03 8.0000E-04
3.7909E-04 8.0000E-04
2.5449E-03 8.0000E-04
2.6168E-03 8.0000E-04
1.2048E-03 8.0000E-04
1.9191E-03 8.0000E-04
1.2450E-03 8.0000E-04
2.3331E-03 8.0000E-04
1.3369E-03 8.0000E-04
1.2806E-03 8.0000E-04
2.9816E-04 8.0000E-04
1.5308E-03 8.0000E-04
1.0830E-03 8.0000E-04
7.1133E-04 8.0000E-04
3.8332E-04 8.0000E-04
3.9459E-04 8.0000E-04
1.1326E-03 8.0000E-04
3.9570E-04 8.0000E-04
2.7772E-04 8.0000E-04
3.3540E-04 8.0000E-04
1.2464E-03 8.0000E-04
1.0525E-03 8.0000E-04
5.6564E-04 8.0000E-04
1.0914E-03 8.0000E-04
1.1730E-03 8.0000E-04
4.3945E-04 8.0000E-04
6.3479E-04 8.0000E-04
3.1670E-04 8.0000E-04
4.8069E-04 8.0000E-04
6.9869E-04 8.0000E-04
3.0321E-04 8.0000E-04
1.6802E-04 8.0000E-04
4.9237E-04 8.0000E-04
7.6764E-04 8.0000E-04
2.5471E-04 8.0000E-04
2.7691E-04 8.0000E-04
3.2811E-04 8.0000E-04
4.6165E-04 8.0000E-04
1.1798E-03 8.0000E-04
4.1549E-04 8.0000E-04
7.1081E-05 8.0000E-04
2.7374E-04 8.0000E-04
6.2062E-04 8.0000E-04
4.3392E-04 8.0000E-04
3.4466E-04 8.0000E-04
3.8320E-04 8.0000E-04
1.0924E-03 8.0000E-04
6.2743E-04 8.0000E-04
1.6318E-04 8.0000E-04
1.5444E-04 8.0000E-04
3.9635E-04 8.0000E-04
5.5716E-04 8.0000E-04
4.9463E-04 8.0000E-04
4.2064E-04 8.0000E-04
3.8717E-04 8.0000E-04
3.8311E-04 8.0000E-04
3.1905E-04 8.0000E-04
3.2427E-04 8.0000E-04
4.0451E-04 8.0000E-04
4.4149E-04 8.0000E-04
4.1312E-04 8.0000E-04
4.1015E-04 8.0000E-04
3.8588E-04 8.0000E-04
3.5844E-04 8.0000E-04
3.6201E-04 8.0000E-04
3.1143E-04 8.0000E-04
3.9977E-04 8.0000E-04
5.1787E-04 8.0000E-04
3.6929E-04 8.0000E-04
2.7627E-04 8.0000E-04
5.0612E-04 8.0000E-04
3.8402E-04 8.0000E-04
1.1201E-04 8.0000E-04
3.2848E-04 8.0000E-04
3.6053E-04 8.0000E-04
4.6679E-04 8.0000E-04
6.6525E-04 8.0000E-04
3.6807E-04 8.0000E-04
8.1187E-05 8.0000E-04
3.1585E-04 8.0000E-04
4.3884E-04 8.0000E-04
1.6358E-04 8.0000E-04
4.0010E-04 8.0000E-04
3.0267E-04 8.0000E-04
6.3983E-04 8.0000E-04
3.4776E-04 8.0000E-04
6.2598E-05 8.0000E-04
2.4248E-04 8.0000E-04
3.6263E-04 8.0000E-04
3.2680E-04 8.0000E-04
7.3643E-04 8.0000E-04
4.2624E-04 8.0000E-04
8.6194E-05 8.0000E-04
3.7863E-04 8.0000E-04
2.5076E-04 8.0000E-04
3.5052E-04 8.0000E-04
7.8458E-04 8.0000E-04
3.9294E-04 8.0000E-04
4.8915E-05 8.0000E-04
1.9487E-04 8.0000E-04
4.0783E-04 8.0000E-04
3.2256E-04 8.0000E-04
5.6222E-04 8.0000E-04
3.1574E-04 8.0000E-04
2.8898E-04 8.0000E-04
5.0135E-04 8.0000E-04
2.1652E-04 8.0000E-04
9.9965E-05 8.0000E-04
3.3138E-04 8.0000E-04
5.2335E-04 8.0000E-04
1.0904E-04 8.0000E-04
2.5620E-04 8.0000E-04
2.7725E-04 8.0000E-04
6.0678E-04 8.0000E-04
2.4042E-04 8.0000E-04
8.0864E-05 8.0000E-04
1.6398E-04 8.0000E-04
3.4241E-04 8.0000E-04
3.3112E-04 8.0000E-04
4.2613E-04 8.0000E-04
2.8661E-04 8.0000E-04
3.1751E-04 8.0000E-04
4.2756E-04 8.0000E-04
2.1078E-04 8.0000E-04
1.4693E-04 8.0000E-04
3.7280E-04 8.0000E-04
4.7285E-04 8.0000E-04
2.5087E-04 8.0000E-04
4.4632E-04 8.0000E-04
3.6521E-04 8.0000E-04
4.0167E-04 8.0000E-04
5.3416E-04 8.0000E-04
1.7624E-04 8.0000E-04
1.1572E-04 8.0000E-04
4.2638E-04 8.0000E-04
6.8193E-04 8.0000E-04
1.1164E-04 8.0000E-04
1.8013E-04 8.0000E-04
3.1212E-04 8.0000E-04
5.0535E-04 8.0000E-04
8.9678E-04 8.0000E-04
5.7792E-05 8.0000E-04
6.0597E-05 8.0000E-04
2.1593E-04 8.0000E-04
6.1405E-04 8.0000E-04
6.1149E-04 8.0000E-04
1.1361E-04 8.0000E-04
3.4360E-04 8.0000E-04
2.7539E-04 8.0000E-04
5.5158E-04 8.0000E-04
5.9292E-04 8.0000E-04
1.7368E-04 8.0000E-04
1.1502E-04 8.0000E-04
2.9515E-04 8.0000E-04
6.3390E-04 8.0000E-04
3.5255E-04 8.0000E-04
2.1965E-04 8.0000E-04
3.1852E-04 8.0000E-04
4.3476E-04 8.0000E-04
3.6586E-04 8.0000E-04
1.8635E-04 8.0000E-04
2.7447E-04 8.0000E-04
4.3609E-04 8.0000E-04
2.3371E-04 8.0000E-04
2.4986E-04 8.0000E-04
2.8333E-04 8.0000E-04
5.3780E-04 8.0000E-04
3.5351E-04 8.0000E-04
1.5792E-04 8.0000E-04
2.6929E-04 8.0000E-04
3.8398E-04 8.0000E-04
2.9148E-04 8.0000E-04
4.5300E-04 8.0000E-04
3.3577E-04 8.0000E-04
3.3828E-04 8.0000E-04
5.6446E-04 8.0000E-04
1.7277E-04 8.0000E-04
9.1138E-05 8.0000E-04
3.8698E-04 8.0000E-04
6.6134E-04 8.0000E-04
1.6413E-04 8.0000E-04
2.1072E-04 8.0000E-04
3.2083E-04 8.0000E-04
4.9903E-04 8.0000E-04
6.4767E-04 8.0000E-04
1.3564E-04 8.0000E-04
1.2972E-04 8.0000E-04
2.1070E-04 8.0000E-04
8.0015E-04 8.0000E-04
5.4231E-04 8.0000E-04
7.3005E-05 8.0000E-04
1.3095E-04 8.0000E-04
2.8003E-04 8.0000E-04
7.1325E-04 8.0000E-04
3.0669E-04 8.0000E-04
1.4593E-04 8.0000E-04
3.6015E-04 8.0000E-04
5.0442E-04 8.0000E-04
1.5679E-04 8.0000E-04
2.9435E-04 8.0000E-04
1.2612E-04 8.0000E-04
5.6448E-04 8.0000E-04
1.2894E-04 8.0000E-04
2.4847E-04 8.0000E-04
3.0908E-04 8.0000E-04
4.5653E-04 8.0000E-04
1.4997E-04 8.0000E-04
2.5043E-04 8.0000E-04
2.1954E-04 8.0000E-04
3.4262E-04 8.0000E-04
3.7672E-04 8.0000E-04
2.4425E-04 8.0000E-04
2.6694E-04 8.0000E-04
2.9591E-04 8.0000E-04
3.5156E-04 8.0000E-04
1.8328E-04 8.0000E-04
2.3497E-04 8.0000E-04
2.9850E-04 8.0000E-04
4.1422E-04 8.0000E-04
1.4743E-04 8.0000E-04
3.4987E-04 8.0000E-04
1.2826E-04 8.0000E-04
3.0676E-04 8.0000E-04
3.4829E-04 8.0000E-04
1.4840E-04 8.0000E-04
1.2732E-04 8.0000E-04
3.8915E-04 8.0000E-04
2.5324E-04 8.0000E-04
2.1165E-04 8.0000E-04
2.5930E-04 8.0000E-04
2.2278E-04 8.0000E-04
1.4128E-04 8.0000E-04
3.7747E-04 8.0000E-04
1.2655E-04 8.0000E-04
8.2853E-05 8.0000E-04
2.7272E-04 8.0000E-04
2.5048E-04 8.0000E-04
6.6417E-05 8.0000E-04
2.1917E-04 8.0000E-04
1.2127E-04 8.0000E-04
3.5954E-04 8.0000E-04
3.1961E-04 8.0000E-04
3.4515E-05 8.0000E-04
