790.4
281.8
278.4
284.6
282.9
280.7
281.1
282.6
278.1
278.1
283.7
277.3
282.7
284.2
285.1
283.2
276.4
275.2
285.4
283.8
286.3
280.0
278.1
283.2
387.7
283.3
283.2
281.5
282.0
282.0
277.0
283.2
282.4
283.2
284.5
281.7
285.7
283.0
275.6
284.9
284.2
283.6
287.8
283.7
281.5
279.0
390.6
258.3
258.6
281.9
284.7
280.5
283.8
282.3
282.1
279.5
283.8
283.2
307.6
308.4
305.7
307.3
301.8
283.1
285.6
286.4
283.4
285.2
389.2
259.9
257.1
257.0
283.7
280.7
282.5
285.5
283.5
285.1
308.1
308.8
305.2
303.0
306.6
310.9
307.4
307.0
283.3
281.6
281.8
283.0
391.0
259.6
260.4
260.8
280.2
282.6
282.5
283.1
281.1
302.3
312.9
310.0
315.3
310.5
312.8
310.8
305.2
307.3
286.3
277.5
391.8
259.5
253.5
280.2
283.0
285.4
280.4
281.7
287.2
312.2
316.0
311.2
315.7
314.7
310.5
312.1
310.0
306.7
285.4
283.3
384.5
258.7
260.6
259.9
258.0
257.0
257.6
258.8
286.4
311.4
312.3
314.7
316.8
314.7
310.6
306.1
304.9
307.1
283.2
281.8
391.1
258.0
261.5
259.3
259.6
259.7
282.2
288.8
312.4
343.3
316.2
315.2
316.8
314.9
310.9
308.2
282.7
386.3
281.8
258.5
257.9
283.6
283.4
284.8
281.0
320.7
506.2
188.0
186.1
184.7
184.0
183.3
182.1
170.8
229.7
153.5
150.8
150.7
153.4
152.4
152.7
169.6
184.5
200.6
199.0
185.3
185.2
200.0
185.6
231.6
151.1
152.6
150.3
152.9
184.9
201.2
201.2
185.7
183.7
198.8
185.0
232.2
152.0
187.3
204.1
216.5
215.5
201.4
217.5
217.8
200.0
214.8
217.2
169.4
203.1
200.5
216.6
170.8
200.9
200.5
216.9
201.2
201.5
215.5
201.1
153.0
155.5
169.7
186.4
169.7
154.8
170.1
169.9
156.2
154.0
125.0
152.2
167.7
122.5
154.7
154.7
153.3
151.4
154.1
122.5
123.2
154.3
153.2
155.0
153.8
154.7
154.3
165.7
152.3
152.1
151.5
155.5
153.8
168.2
152.9
169.1
157.6
151.7
122.3
152.8
152.7
169.8
154.2
153.8
186.1
186.0
169.6
169.7
168.6
186.5
183.3
188.8
186.7
167.3
185.1
152.1
152.2
153.2
155.1
152.5
153.1
151.9
153.0
151.8
185.2
185.8
123.7
154.3
203.2
200.7
168.4
182.9
169.9
170.0
187.6
186.8
123.9
153.5
153.1
155.2
153.5
153.6
153.8
122.8
152.9
154.0
153.4
151.0
152.5
153.7
152.7
169.5
166.8
169.0
166.7
166.9
183.5
180.5
182.6
196.9
184.2
186.4
187.1
203.3
182.8
183.2
183.2
182.1
183.2
204.3
481.8
199.8
200.7
185.0
669.9
201.1
185.9
184.9
182.8
182.1
181.9
184.5
399.1
202.4
200.7
186.6
238.7
234.7
184.2
185.4
183.2
183.3
235.9
185.1
238.5
186.0
239.7
238.5
182.7
186.4
185.9
185.6
186.5
187.2
237.0
186.2
185.4
170.6
186.4
206.2
202.9
187.9
186.6
186.3
187.1
186.8
186.7
168.6
228.4
185.6
201.3
184.6
202.0
238.2
202.9
206.3
203.7
204.0
204.9
188.1
188.8
203.1
189.6
206.7
205.1
190.1
223.4
222.3
221.0
261.4
532.9
219.0
234.9
232.4
232.9
233.6
1124.0
293.2
