Max Step   Target
1.4457E-02 1.2000E-03
7.5371E-02 1.2000E-03
5.0931E-02 1.2000E-03
8.3805E-03 1.2000E-03
4.7766E-03 1.2000E-03
7.0261E-03 1.2000E-03
1.2942E-02 1.2000E-03
1.7292E-02 1.2000E-03
2.4993E-03 1.2000E-03
5.0776E-03 1.2000E-03
1.0417E-02 1.2000E-03
1.6265E-02 1.2000E-03
1.3010E-02 1.2000E-03
2.2071E-03 1.2000E-03
4.3885E-03 1.2000E-03
6.2910E-03 1.2000E-03
6.7522E-03 1.2000E-03
3.7435E-03 1.2000E-03
1.4468E-03 1.2000E-03
1.7101E-03 1.2000E-03
3.9586E-03 1.2000E-03
1.5228E-03 1.2000E-03
1.6843E-03 1.2000E-03
2.7455E-03 1.2000E-03
4.7545E-03 1.2000E-03
1.9601E-03 1.2000E-03
1.4846E-03 1.2000E-03
1.3365E-03 1.2000E-03
2.3233E-03 1.2000E-03
2.6594E-03 1.2000E-03
2.1871E-03 1.2000E-03
1.7280E-03 1.2000E-03
1.9939E-03 1.2000E-03
9.7636E-04 1.2000E-03
