RMS Grad   Target
1.5378E-03 2.0000E-04
1.2941E-03 2.0000E-04
1.7176E-03 2.0000E-04
2.7987E-03 2.0000E-04
8.8989E-04 2.0000E-04
5.6805E-04 2.0000E-04
5.6959E-04 2.0000E-04
6.3994E-04 2.0000E-04
9.4708E-04 2.0000E-04
3.6822E-04 2.0000E-04
3.3943E-04 2.0000E-04
3.8189E-04 2.0000E-04
5.2369E-04 2.0000E-04
2.8375E-04 2.0000E-04
1.9144E-04 2.0000E-04
2.2678E-04 2.0000E-04
2.9642E-04 2.0000E-04
1.7863E-04 2.0000E-04
1.3698E-04 2.0000E-04
1.1210E-04 2.0000E-04
1.1294E-04 2.0000E-04
2.1480E-04 2.0000E-04
1.0529E-04 2.0000E-04
9.8467E-05 2.0000E-04
1.0057E-04 2.0000E-04
1.5126E-04 2.0000E-04
7.5187E-05 2.0000E-04
6.2835E-05 2.0000E-04
8.0910E-05 2.0000E-04
1.1688E-04 2.0000E-04
9.4268E-05 2.0000E-04
7.0838E-05 2.0000E-04
7.4192E-05 2.0000E-04
7.1227E-05 2.0000E-04
4.8642E-05 2.0000E-04
