RMS Step   Target
2.2222E-03 8.0000E-04
1.0678E-02 8.0000E-04
8.1305E-03 8.0000E-04
1.9290E-03 8.0000E-04
1.5723E-03 8.0000E-04
1.8247E-03 8.0000E-04
3.2958E-03 8.0000E-04
4.3398E-03 8.0000E-04
9.0080E-04 8.0000E-04
1.0047E-03 8.0000E-04
2.1343E-03 8.0000E-04
3.3127E-03 8.0000E-04
3.2355E-03 8.0000E-04
5.4618E-04 8.0000E-04
1.2714E-03 8.0000E-04
1.6820E-03 8.0000E-04
1.7388E-03 8.0000E-04
9.7474E-04 8.0000E-04
4.1945E-04 8.0000E-04
6.3401E-04 8.0000E-04
1.4694E-03 8.0000E-04
6.1741E-04 8.0000E-04
5.6459E-04 8.0000E-04
9.2405E-04 8.0000E-04
1.3503E-03 8.0000E-04
6.2781E-04 8.0000E-04
4.1022E-04 8.0000E-04
5.6682E-04 8.0000E-04
9.6001E-04 8.0000E-04
1.0776E-03 8.0000E-04
8.9546E-04 8.0000E-04
6.8673E-04 8.0000E-04
7.7352E-04 8.0000E-04
3.7884E-04 8.0000E-04
