RMS Grad   Target
3.2654E-03 2.0000E-04
2.9113E-03 2.0000E-04
7.1674E-04 2.0000E-04
4.9106E-04 2.0000E-04
4.1807E-04 2.0000E-04
4.7704E-04 2.0000E-04
2.5179E-04 2.0000E-04
1.8645E-04 2.0000E-04
1.9391E-04 2.0000E-04
3.0378E-04 2.0000E-04
1.6158E-04 2.0000E-04
1.4274E-04 2.0000E-04
1.8457E-04 2.0000E-04
3.1934E-04 2.0000E-04
1.4195E-04 2.0000E-04
1.1427E-04 2.0000E-04
1.4080E-04 2.0000E-04
1.6537E-04 2.0000E-04
3.2725E-04 2.0000E-04
1.3030E-04 2.0000E-04
1.0435E-04 2.0000E-04
1.2621E-04 2.0000E-04
1.3561E-04 2.0000E-04
2.5782E-04 2.0000E-04
8.1514E-05 2.0000E-04
7.2834E-05 2.0000E-04
8.8029E-05 2.0000E-04
1.3321E-04 2.0000E-04
1.5413E-04 2.0000E-04
5.5860E-05 2.0000E-04
5.4987E-05 2.0000E-04
7.4954E-05 2.0000E-04
1.5282E-04 2.0000E-04
7.7440E-05 2.0000E-04
5.8728E-05 2.0000E-04
6.7057E-05 2.0000E-04
1.1917E-04 2.0000E-04
5.3679E-05 2.0000E-04
4.2384E-05 2.0000E-04
5.0372E-05 2.0000E-04
7.0909E-05 2.0000E-04
1.2162E-04 2.0000E-04
3.9831E-05 2.0000E-04
3.1176E-05 2.0000E-04
4.0289E-05 2.0000E-04
6.4275E-05 2.0000E-04
6.8769E-05 2.0000E-04
5.5953E-05 2.0000E-04
5.6078E-05 2.0000E-04
5.6927E-05 2.0000E-04
6.9569E-05 2.0000E-04
2.0688E-04 2.0000E-04
3.6930E-04 2.0000E-04
3.8090E-04 2.0000E-04
4.1357E-04 2.0000E-04
3.2691E-04 2.0000E-04
4.9102E-04 2.0000E-04
4.0749E-04 2.0000E-04
9.1667E-04 2.0000E-04
3.3667E-04 2.0000E-04
2.3152E-04 2.0000E-04
2.5768E-04 2.0000E-04
3.0987E-04 2.0000E-04
4.3929E-04 2.0000E-04
1.5260E-04 2.0000E-04
1.5363E-04 2.0000E-04
1.9002E-04 2.0000E-04
1.7783E-04 2.0000E-04
1.0247E-04 2.0000E-04
1.0854E-04 2.0000E-04
1.5690E-04 2.0000E-04
1.6877E-04 2.0000E-04
7.1581E-05 2.0000E-04
6.1348E-05 2.0000E-04
8.2108E-05 2.0000E-04
1.1097E-04 2.0000E-04
1.2392E-04 2.0000E-04
5.0731E-05 2.0000E-04
5.1699E-05 2.0000E-04
6.5462E-05 2.0000E-04
1.3725E-04 2.0000E-04
5.3649E-05 2.0000E-04
4.0480E-05 2.0000E-04
4.9913E-05 2.0000E-04
7.0047E-05 2.0000E-04
6.3583E-05 2.0000E-04
3.5804E-05 2.0000E-04
4.0167E-05 2.0000E-04
5.0546E-05 2.0000E-04
4.1168E-05 2.0000E-04
6.1422E-05 2.0000E-04
3.6498E-05 2.0000E-04
3.4800E-05 2.0000E-04
5.1548E-05 2.0000E-04
4.9132E-05 2.0000E-04
3.3457E-05 2.0000E-04
3.2885E-05 2.0000E-04
4.6204E-05 2.0000E-04
3.4890E-05 2.0000E-04
4.2799E-05 2.0000E-04
3.8625E-05 2.0000E-04
2.5399E-05 2.0000E-04
2.7093E-05 2.0000E-04
3.4267E-05 2.0000E-04
3.7998E-05 2.0000E-04
5.2678E-05 2.0000E-04
2.5446E-05 2.0000E-04
2.3247E-05 2.0000E-04
3.0956E-05 2.0000E-04
5.2583E-05 2.0000E-04
2.7585E-05 2.0000E-04
2.1914E-05 2.0000E-04
2.6167E-05 2.0000E-04
4.0713E-05 2.0000E-04
2.5476E-05 2.0000E-04
2.2212E-05 2.0000E-04
2.4020E-05 2.0000E-04
3.1117E-05 2.0000E-04
2.6981E-05 2.0000E-04
2.0647E-05 2.0000E-04
2.4937E-05 2.0000E-04
3.0529E-05 2.0000E-04
2.2357E-05 2.0000E-04
2.1077E-05 2.0000E-04
2.4075E-05 2.0000E-04
2.1671E-05 2.0000E-04
2.7714E-05 2.0000E-04
2.0858E-05 2.0000E-04
1.9756E-05 2.0000E-04
2.7931E-05 2.0000E-04
3.2961E-05 2.0000E-04
2.0422E-05 2.0000E-04
2.0410E-05 2.0000E-04
2.3207E-05 2.0000E-04
2.3814E-05 2.0000E-04
1.9272E-05 2.0000E-04
1.9586E-05 2.0000E-04
2.4106E-05 2.0000E-04
2.3141E-05 2.0000E-04
1.7616E-05 2.0000E-04
2.1411E-05 2.0000E-04
2.2349E-05 2.0000E-04
1.7776E-05 2.0000E-04
2.4761E-05 2.0000E-04
1.9359E-05 2.0000E-04
1.7970E-05 2.0000E-04
2.2722E-05 2.0000E-04
2.4289E-05 2.0000E-04
1.6189E-05 2.0000E-04
1.5189E-05 2.0000E-04
1.7188E-05 2.0000E-04
1.7648E-05 2.0000E-04
1.9362E-05 2.0000E-04
1.6079E-05 2.0000E-04
1.7625E-05 2.0000E-04
1.7859E-05 2.0000E-04
1.6801E-05 2.0000E-04
1.4788E-05 2.0000E-04
1.5120E-05 2.0000E-04
1.7120E-05 2.0000E-04
1.5537E-05 2.0000E-04
1.4813E-05 2.0000E-04
1.7472E-05 2.0000E-04
1.4697E-05 2.0000E-04
1.3448E-05 2.0000E-04
1.3661E-05 2.0000E-04
1.6809E-05 2.0000E-04
1.4736E-05 2.0000E-04
1.1853E-05 2.0000E-04
1.3780E-05 2.0000E-04
1.5094E-05 2.0000E-04
1.3513E-05 2.0000E-04
1.7218E-05 2.0000E-04
1.4499E-05 2.0000E-04
1.5459E-05 2.0000E-04
1.4568E-05 2.0000E-04
2.0026E-05 2.0000E-04
1.3718E-05 2.0000E-04
1.4015E-05 2.0000E-04
1.4428E-05 2.0000E-04
2.3283E-05 2.0000E-04
1.2691E-05 2.0000E-04
1.2359E-05 2.0000E-04
1.4003E-05 2.0000E-04
2.1189E-05 2.0000E-04
1.1186E-05 2.0000E-04
9.8170E-06 2.0000E-04
1.3716E-05 2.0000E-04
1.9597E-05 2.0000E-04
1.2520E-05 2.0000E-04
1.1019E-05 2.0000E-04
1.1414E-05 2.0000E-04
1.1470E-05 2.0000E-04
2.1302E-05 2.0000E-04
1.1215E-05 2.0000E-04
1.0198E-05 2.0000E-04
1.2690E-05 2.0000E-04
2.0719E-05 2.0000E-04
1.1872E-05 2.0000E-04
9.4860E-06 2.0000E-04
9.5703E-06 2.0000E-04
9.9315E-06 2.0000E-04
2.3906E-05 2.0000E-04
1.1612E-05 2.0000E-04
9.3938E-06 2.0000E-04
1.1733E-05 2.0000E-04
1.7194E-05 2.0000E-04
1.2080E-05 2.0000E-04
1.1960E-05 2.0000E-04
9.9026E-06 2.0000E-04
1.2438E-05 2.0000E-04
1.5150E-05 2.0000E-04
1.2664E-05 2.0000E-04
1.0267E-05 2.0000E-04
9.9368E-06 2.0000E-04
1.6669E-05 2.0000E-04
1.0550E-05 2.0000E-04
9.7153E-06 2.0000E-04
1.1433E-05 2.0000E-04
1.0900E-05 2.0000E-04
1.9377E-05 2.0000E-04
1.0138E-05 2.0000E-04
8.4492E-06 2.0000E-04
9.9750E-06 2.0000E-04
2.2908E-05 2.0000E-04
9.3479E-06 2.0000E-04
8.5079E-06 2.0000E-04
1.0296E-05 2.0000E-04
1.7466E-05 2.0000E-04
1.0224E-05 2.0000E-04
7.9170E-06 2.0000E-04
1.0895E-05 2.0000E-04
1.5820E-05 2.0000E-04
9.7005E-06 2.0000E-04
9.1408E-06 2.0000E-04
1.0535E-05 2.0000E-04
1.1162E-05 2.0000E-04
1.1769E-05 2.0000E-04
9.4366E-06 2.0000E-04
1.2764E-05 2.0000E-04
1.3103E-05 2.0000E-04
9.9200E-06 2.0000E-04
1.0775E-05 2.0000E-04
1.1974E-05 2.0000E-04
1.1157E-05 2.0000E-04
1.8570E-05 2.0000E-04
1.0887E-05 2.0000E-04
1.0044E-05 2.0000E-04
