RMS Step   Target
2.8531E-04 8.0000E-04
2.7100E-03 8.0000E-04
8.1558E-04 8.0000E-04
1.4587E-03 8.0000E-04
1.5579E-03 8.0000E-04
1.0330E-03 8.0000E-04
3.7992E-04 8.0000E-04
8.5077E-04 8.0000E-04
1.2475E-03 8.0000E-04
9.9639E-04 8.0000E-04
6.3474E-04 8.0000E-04
1.1523E-03 8.0000E-04
1.6159E-03 8.0000E-04
3.5844E-04 8.0000E-04
5.0615E-04 8.0000E-04
6.4819E-04 8.0000E-04
1.5436E-03 8.0000E-04
1.6788E-03 8.0000E-04
9.1780E-04 8.0000E-04
6.1886E-04 8.0000E-04
8.7912E-04 8.0000E-04
1.5412E-03 8.0000E-04
1.6020E-03 8.0000E-04
4.4112E-04 8.0000E-04
2.7124E-04 8.0000E-04
5.4549E-04 8.0000E-04
1.2619E-03 8.0000E-04
1.6216E-03 8.0000E-04
3.7654E-04 8.0000E-04
1.4812E-04 8.0000E-04
4.1140E-04 8.0000E-04
1.0780E-03 8.0000E-04
8.1100E-04 8.0000E-04
6.4454E-04 8.0000E-04
7.3756E-04 8.0000E-04
9.6627E-04 8.0000E-04
1.8473E-04 8.0000E-04
1.9835E-04 8.0000E-04
2.7993E-04 8.0000E-04
6.7567E-04 8.0000E-04
1.1597E-03 8.0000E-04
1.5304E-04 8.0000E-04
1.3814E-04 8.0000E-04
2.8707E-04 8.0000E-04
6.7348E-04 8.0000E-04
1.1704E-03 8.0000E-04
1.0690E-03 8.0000E-04
1.2584E-03 8.0000E-04
7.0571E-04 8.0000E-04
1.1757E-03 8.0000E-04
7.1327E-03 8.0000E-04
7.1327E-03 8.0000E-04
3.5663E-03 8.0000E-04
1.9989E-03 8.0000E-04
2.6558E-03 8.0000E-04
5.0925E-03 8.0000E-04
4.5179E-03 8.0000E-04
3.8633E-03 8.0000E-04
1.2533E-03 8.0000E-04
1.0112E-03 8.0000E-04
1.8975E-03 8.0000E-04
3.9494E-03 8.0000E-04
2.5377E-03 8.0000E-04
1.7808E-03 8.0000E-04
1.8117E-03 8.0000E-04
1.0237E-03 8.0000E-04
1.1889E-03 8.0000E-04
7.4426E-04 8.0000E-04
5.3101E-04 8.0000E-04
1.4506E-03 8.0000E-04
1.3219E-03 8.0000E-04
2.8174E-04 8.0000E-04
3.1890E-04 8.0000E-04
5.2783E-04 8.0000E-04
1.0467E-03 8.0000E-04
1.4516E-03 8.0000E-04
2.6078E-04 8.0000E-04
2.7034E-04 8.0000E-04
3.5415E-04 8.0000E-04
8.9087E-04 8.0000E-04
4.1835E-04 8.0000E-04
3.1674E-04 8.0000E-04
4.2498E-04 8.0000E-04
5.9595E-04 8.0000E-04
8.5493E-04 8.0000E-04
2.5612E-04 8.0000E-04
3.0265E-04 8.0000E-04
2.8056E-04 8.0000E-04
4.9667E-04 8.0000E-04
6.9829E-04 8.0000E-04
4.0404E-04 8.0000E-04
1.9936E-04 8.0000E-04
4.7040E-04 8.0000E-04
4.7885E-04 8.0000E-04
1.7331E-04 8.0000E-04
4.6067E-04 8.0000E-04
3.8806E-04 8.0000E-04
4.1599E-04 8.0000E-04
6.0029E-04 8.0000E-04
3.4357E-04 8.0000E-04
9.0655E-05 8.0000E-04
2.1018E-04 8.0000E-04
2.4249E-04 8.0000E-04
6.0760E-04 8.0000E-04
6.6575E-04 8.0000E-04
1.8305E-04 8.0000E-04
1.3057E-04 8.0000E-04
2.3244E-04 8.0000E-04
5.9837E-04 8.0000E-04
3.0095E-04 8.0000E-04
2.6194E-04 8.0000E-04
2.9283E-04 8.0000E-04
4.8492E-04 8.0000E-04
2.1066E-04 8.0000E-04
2.3985E-04 8.0000E-04
1.6448E-04 8.0000E-04
4.1971E-04 8.0000E-04
3.2294E-04 8.0000E-04
1.8361E-04 8.0000E-04
2.9178E-04 8.0000E-04
3.7933E-04 8.0000E-04
3.7904E-04 8.0000E-04
3.2223E-04 8.0000E-04
2.4432E-04 8.0000E-04
2.3021E-04 8.0000E-04
3.8521E-04 8.0000E-04
2.5917E-04 8.0000E-04
1.8368E-04 8.0000E-04
4.2428E-04 8.0000E-04
5.3922E-04 8.0000E-04
1.0671E-04 8.0000E-04
2.1522E-04 8.0000E-04
2.3533E-04 8.0000E-04
5.5969E-04 8.0000E-04
3.6625E-04 8.0000E-04
2.7759E-04 8.0000E-04
3.7663E-04 8.0000E-04
3.5761E-04 8.0000E-04
1.8242E-04 8.0000E-04
2.9954E-04 8.0000E-04
2.7760E-04 8.0000E-04
2.9328E-04 8.0000E-04
4.7404E-04 8.0000E-04
2.5703E-04 8.0000E-04
2.0267E-04 8.0000E-04
3.5659E-04 8.0000E-04
3.6343E-04 8.0000E-04
8.6297E-05 8.0000E-04
2.5816E-04 8.0000E-04
1.8404E-04 8.0000E-04
4.0672E-04 8.0000E-04
2.7209E-04 8.0000E-04
2.3772E-04 8.0000E-04
1.8949E-04 8.0000E-04
2.8298E-04 8.0000E-04
2.7368E-04 8.0000E-04
2.5643E-04 8.0000E-04
2.7478E-04 8.0000E-04
3.7168E-04 8.0000E-04
2.5942E-04 8.0000E-04
3.7166E-04 8.0000E-04
2.6084E-04 8.0000E-04
2.6342E-04 8.0000E-04
1.4438E-04 8.0000E-04
2.0924E-04 8.0000E-04
3.0744E-04 8.0000E-04
3.5206E-04 8.0000E-04
2.2942E-04 8.0000E-04
2.5068E-04 8.0000E-04
2.3571E-04 8.0000E-04
2.2103E-04 8.0000E-04
3.5162E-04 8.0000E-04
1.0530E-04 8.0000E-04
2.2498E-04 8.0000E-04
1.7936E-04 8.0000E-04
4.2958E-04 8.0000E-04
1.3881E-04 8.0000E-04
2.1296E-04 8.0000E-04
2.6304E-04 8.0000E-04
3.4672E-04 8.0000E-04
1.3417E-04 8.0000E-04
1.1840E-04 8.0000E-04
1.9659E-04 8.0000E-04
3.6535E-04 8.0000E-04
2.2593E-04 8.0000E-04
1.3851E-04 8.0000E-04
1.9317E-04 8.0000E-04
3.6407E-04 8.0000E-04
1.7902E-04 8.0000E-04
2.6472E-04 8.0000E-04
1.1390E-04 8.0000E-04
2.2781E-04 8.0000E-04
4.5561E-04 8.0000E-04
2.7531E-04 8.0000E-04
6.3434E-05 8.0000E-04
1.6220E-04 8.0000E-04
2.6397E-04 8.0000E-04
1.1226E-04 8.0000E-04
2.5468E-04 8.0000E-04
1.1555E-04 8.0000E-04
2.3111E-04 8.0000E-04
4.6221E-04 8.0000E-04
3.1125E-04 8.0000E-04
5.9211E-05 8.0000E-04
1.1536E-04 8.0000E-04
2.1309E-04 8.0000E-04
1.6849E-04 8.0000E-04
4.6509E-04 8.0000E-04
1.4489E-04 8.0000E-04
2.8978E-04 8.0000E-04
3.6645E-04 8.0000E-04
2.5885E-04 8.0000E-04
8.3492E-05 8.0000E-04
1.1780E-04 8.0000E-04
2.7511E-04 8.0000E-04
2.2958E-04 8.0000E-04
3.2125E-04 8.0000E-04
2.3625E-04 8.0000E-04
3.0202E-04 8.0000E-04
2.3623E-04 8.0000E-04
6.3867E-05 8.0000E-04
1.0512E-04 8.0000E-04
1.9563E-04 8.0000E-04
4.5694E-04 8.0000E-04
1.2558E-04 8.0000E-04
8.9513E-05 8.0000E-04
1.7507E-04 8.0000E-04
2.7576E-04 8.0000E-04
2.6515E-04 8.0000E-04
9.9457E-05 8.0000E-04
1.8860E-04 8.0000E-04
2.2648E-04 8.0000E-04
9.0264E-05 8.0000E-04
2.7118E-04 8.0000E-04
1.1940E-04 8.0000E-04
3.7253E-04 8.0000E-04
1.6769E-04 8.0000E-04
2.3673E-04 8.0000E-04
2.3395E-04 8.0000E-04
2.2517E-04 8.0000E-04
1.8172E-04 8.0000E-04
2.9835E-04 8.0000E-04
1.9629E-04 8.0000E-04
1.8086E-04 8.0000E-04
5.0694E-04 8.0000E-04
1.2806E-04 8.0000E-04
6.7135E-05 8.0000E-04
