351.0
158.6
174.9
172.3
177.8
174.9
164.6
162.9
163.4
171.8
158.7
161.2
161.4
160.7
159.7
159.9
161.4
159.3
157.6
157.7
159.8
156.7
160.6
155.2
156.0
156.4
161.6
141.6
140.1
161.5
147.1
140.7
161.2
146.2
157.2
146.2
145.6
160.4
150.4
143.0
147.1
148.6
160.5
159.7
144.3
143.4
139.9
139.5
143.3
150.5
142.8
143.2
139.9
140.5
143.4
146.6
144.9
162.5
152.5
141.8
144.0
142.3
145.5
145.7
140.5
139.9
142.3
144.5
157.3
146.2
144.3
140.4
145.8
146.1
149.9
144.2
141.6
140.8
143.6
150.2
133.4
134.4
142.7
145.5
142.9
138.7
136.3
130.6
149.1
143.8
134.1
150.5
143.7
140.2
142.8
133.5
156.2
138.5
150.1
132.2
146.1
140.9
137.7
140.6
133.2
140.8
142.8
144.5
136.7
141.3
134.4
145.7
155.1
144.2
133.3
140.9
146.2
137.6
145.8
134.1
142.7
133.8
148.4
147.6
143.6
141.3
144.4
151.1
143.9
145.3
139.5
139.3
143.9
139.9
142.1
145.5
160.4
144.4
148.4
143.1
146.9
157.7
139.5
145.4
141.6
153.8
146.1
157.9
146.4
146.4
143.1
161.5
165.7
154.7
146.0
141.7
147.2
161.1
141.1
140.1
149.2
156.6
148.0
146.1
149.3
156.8
138.7
141.7
143.0
162.6
142.0
146.9
142.3
147.1
142.5
146.2
161.6
155.4
152.9
142.6
142.5
143.6
160.2
142.9
148.3
143.0
143.8
142.6
141.9
147.5
164.9
144.6
140.9
145.2
141.7
139.7
143.2
143.4
148.4
158.1
149.1
138.8
139.7
150.7
144.9
143.4
143.8
139.3
172.4
138.5
141.8
144.5
141.9
145.3
144.2
143.4
142.9
143.5
148.2
142.1
141.2
142.8
142.9
146.5
142.1
147.6
141.8
145.5
146.0
142.1
144.6
152.5
143.9
145.0
147.7
143.6
146.4
145.8
149.8
160.1
143.1
147.5
145.0
140.4
144.4
144.2
143.7
142.0
145.4
142.4
149.2
145.3
143.4
140.0
140.1
151.7
140.7
137.1
139.7
139.7
143.8
141.1
137.3
141.9
143.0
149.7
141.1
151.5
148.4
150.9
135.0
141.8
139.6
142.5
138.5
151.6
145.0
141.9
138.2
136.8
161.8
142.2
143.1
137.4
136.1
132.6
142.0
138.5
135.6
136.5
153.1
142.5
142.3
134.3
139.1
147.7
139.9
146.5
138.9
141.0
145.7
133.3
144.4
142.4
136.3
134.7
136.7
139.3
139.1
149.8
141.9
140.3
142.7
135.2
135.9
147.2
147.3
136.1
142.4
130.0
142.2
133.0
132.1
149.6
132.1
140.9
138.0
137.7
134.5
140.2
141.6
157.7
138.7
135.2
136.6
151.5
143.6
140.3
144.4
150.4
136.2
154.7
338.9
139.7
141.8
138.5
143.9
145.6
138.6
142.8
140.8
145.8
138.0
138.5
140.8
147.5
137.5
136.2
139.6
133.5
162.8
147.2
144.5
139.9
143.1
139.0
141.7
135.2
136.7
142.0
147.8
139.0
134.9
137.5
134.9
138.8
139.6
141.6
137.7
140.2
140.2
144.6
141.8
142.4
140.5
135.0
158.6
143.2
136.8
156.7
138.2
141.4
144.7
141.3
143.1
144.0
141.6
158.1
142.8
139.4
137.6
143.2
141.2
147.7
145.9
146.6
136.6
140.5
146.2
141.5
148.5
141.0
139.9
145.4
139.4
141.2
144.2
136.7
148.1
141.0
142.8
143.5
141.6
149.2
143.6
152.4
150.3
143.5
153.1
151.3
142.2
141.1
160.9
147.5
152.9
138.6
147.5
156.2
150.0
150.2
149.3
153.2
149.9
153.9
145.0
152.1
150.8
148.6
150.0
150.2
148.1
140.0
152.8
146.9
155.8
148.7
148.9
152.4
152.5
145.3
149.7
151.1
153.2
142.6
154.5
145.4
154.8
145.3
140.9
148.5
141.5
139.6
160.8
142.8
137.6
145.2
138.1
158.8
154.4
144.9
145.7
148.6
139.8
159.5
142.7
147.3
141.4
146.9
158.7
136.3
144.3
138.6
144.8
156.8
143.4
142.2
141.9
139.9
144.0
139.2
145.0
157.6
137.6
140.1
140.7
145.0
136.7
140.8
143.0
140.2
145.0
139.0
139.6
140.7
143.9
137.2
139.1
137.6
146.2
147.4
140.3
140.3
138.2
156.2
142.1
142.3
142.9
140.1
147.6
143.7
151.5
141.2
136.1
146.0
148.9
138.4
158.1
143.7
142.2
146.9
137.2
140.0
147.9
142.5
144.9
138.3
142.4
137.2
149.1
139.3
139.2
139.2
140.5
139.6
144.5
139.9
142.6
142.1
138.0
142.3
143.5
141.2
139.9
140.2
136.1
139.8
141.8
144.7
149.7
144.1
140.8
136.7
145.0
138.5
143.0
136.7
139.4
140.8
154.3
149.8
140.8
147.0
149.1
133.0
146.7
142.7
148.2
140.2
142.5
139.6
136.5
153.4
139.4
135.8
152.1
136.9
140.0
139.9
147.8
146.0
140.0
138.2
145.9
142.3
150.6
138.7
138.4
141.8
154.1
143.4
138.7
134.4
141.0
140.7
136.3
135.1
140.5
137.1
161.5
147.3
139.8
139.2
154.7
140.6
140.2
137.8
139.3
135.6
140.9
143.7
147.5
141.8
147.5
140.7
138.7
146.1
136.8
142.5
143.5
157.7
138.4
140.2
146.6
146.7
142.7
142.6
136.7
141.2
144.0
139.7
136.7
142.1
138.5
140.8
146.3
154.6
140.8
150.3
138.2
141.5
136.8
