Max Step   Target
1.3114E-03 1.2000E-03
5.1073E-03 1.2000E-03
5.9418E-03 1.2000E-03
1.8599E-02 1.2000E-03
1.0323E-02 1.2000E-03
3.7726E-03 1.2000E-03
2.6688E-03 1.2000E-03
2.4308E-03 1.2000E-03
8.9996E-03 1.2000E-03
7.7694E-03 1.2000E-03
7.7920E-03 1.2000E-03
7.0939E-03 1.2000E-03
6.1399E-03 1.2000E-03
5.4890E-03 1.2000E-03
6.1846E-03 1.2000E-03
1.1593E-02 1.2000E-03
4.7116E-03 1.2000E-03
5.4397E-03 1.2000E-03
8.4415E-03 1.2000E-03
1.1708E-02 1.2000E-03
1.9445E-03 1.2000E-03
4.8291E-03 1.2000E-03
6.1461E-03 1.2000E-03
1.7480E-02 1.2000E-03
2.7644E-03 1.2000E-03
1.3865E-03 1.2000E-03
5.4802E-03 1.2000E-03
1.0152E-02 1.2000E-03
7.4489E-03 1.2000E-03
5.6686E-03 1.2000E-03
6.7677E-03 1.2000E-03
1.0884E-02 1.2000E-03
6.9019E-03 1.2000E-03
4.2175E-03 1.2000E-03
6.9229E-03 1.2000E-03
1.2491E-02 1.2000E-03
1.0767E-02 1.2000E-03
1.1037E-02 1.2000E-03
9.9986E-03 1.2000E-03
1.0110E-02 1.2000E-03
1.2457E-02 1.2000E-03
1.2822E-02 1.2000E-03
3.3991E-03 1.2000E-03
8.2245E-03 1.2000E-03
9.9627E-03 1.2000E-03
1.3791E-02 1.2000E-03
9.6915E-03 1.2000E-03
9.3343E-03 1.2000E-03
7.2010E-03 1.2000E-03
9.9166E-03 1.2000E-03
7.8049E-03 1.2000E-03
8.7665E-03 1.2000E-03
8.8108E-03 1.2000E-03
1.3090E-02 1.2000E-03
1.0223E-02 1.2000E-03
5.2782E-03 1.2000E-03
1.2317E-02 1.2000E-03
7.7708E-03 1.2000E-03
7.4091E-03 1.2000E-03
1.1483E-02 1.2000E-03
1.2281E-02 1.2000E-03
4.0401E-03 1.2000E-03
1.2535E-02 1.2000E-03
8.6682E-03 1.2000E-03
9.0719E-03 1.2000E-03
1.6189E-02 1.2000E-03
1.0430E-02 1.2000E-03
1.8814E-03 1.2000E-03
8.6680E-03 1.2000E-03
8.1892E-03 1.2000E-03
9.8606E-03 1.2000E-03
1.6364E-02 1.2000E-03
9.8987E-03 1.2000E-03
1.9268E-03 1.2000E-03
4.1107E-03 1.2000E-03
7.6371E-03 1.2000E-03
4.2849E-03 1.2000E-03
1.3210E-02 1.2000E-03
6.9050E-03 1.2000E-03
6.9050E-03 1.2000E-03
6.8788E-09 1.2000E-03
4.2071E-03 1.2000E-03
3.3488E-03 1.2000E-03
2.1396E-04 1.2000E-03
1.7024E-03 1.2000E-03
1.8323E-03 1.2000E-03
6.0197E-04 1.2000E-03
1.5018E-03 1.2000E-03
1.2255E-03 1.2000E-03
1.7115E-03 1.2000E-03
2.9281E-03 1.2000E-03
1.4681E-03 1.2000E-03
1.0208E-03 1.2000E-03
2.3090E-03 1.2000E-03
3.1544E-03 1.2000E-03
1.2940E-03 1.2000E-03
2.7119E-03 1.2000E-03
2.2372E-03 1.2000E-03
6.9681E-03 1.2000E-03
2.1360E-03 1.2000E-03
7.5586E-04 1.2000E-03
2.1444E-03 1.2000E-03
4.8440E-03 1.2000E-03
2.8666E-03 1.2000E-03
5.3237E-03 1.2000E-03
3.6437E-03 1.2000E-03
5.8218E-03 1.2000E-03
3.5932E-03 1.2000E-03
3.1225E-03 1.2000E-03
3.3459E-03 1.2000E-03
3.4985E-03 1.2000E-03
4.8789E-03 1.2000E-03
6.3315E-03 1.2000E-03
6.5278E-03 1.2000E-03
5.1230E-03 1.2000E-03
4.8453E-03 1.2000E-03
4.9118E-03 1.2000E-03
8.3573E-03 1.2000E-03
7.6033E-03 1.2000E-03
5.8970E-03 1.2000E-03
1.2178E-02 1.2000E-03
1.2187E-02 1.2000E-03
4.6141E-03 1.2000E-03
9.5962E-03 1.2000E-03
9.6223E-03 1.2000E-03
1.7950E-02 1.2000E-03
2.5994E-02 1.2000E-03
4.2175E-03 1.2000E-03
3.4750E-03 1.2000E-03
1.1374E-02 1.2000E-03
2.2949E-02 1.2000E-03
3.0051E-02 1.2000E-03
1.3948E-02 1.2000E-03
2.1815E-02 1.2000E-03
1.6362E-02 1.2000E-03
1.0904E-02 1.2000E-03
3.2088E-02 1.2000E-03
1.8242E-02 1.2000E-03
1.1120E-02 1.2000E-03
4.7815E-02 1.2000E-03
2.3780E-02 1.2000E-03
6.8866E-04 1.2000E-03
2.8337E-02 1.2000E-03
2.2127E-02 1.2000E-03
7.1701E-02 1.2000E-03
3.0360E-02 1.2000E-03
2.7661E-02 1.2000E-03
9.3772E-03 1.2000E-03
2.9533E-02 1.2000E-03
3.5978E-02 1.2000E-03
5.0922E-02 1.2000E-03
4.9790E-02 1.2000E-03
3.6926E-02 1.2000E-03
6.2675E-02 1.2000E-03
3.7742E-02 1.2000E-03
2.4231E-02 1.2000E-03
6.8261E-02 1.2000E-03
9.8728E-02 1.2000E-03
4.8244E-03 1.2000E-03
1.2206E-01 1.2000E-03
4.5515E-02 1.2000E-03
5.3076E-02 1.2000E-03
1.1668E-01 1.2000E-03
4.3787E-02 1.2000E-03
1.1390E-01 1.2000E-03
8.6160E-03 1.2000E-03
1.2961E-02 1.2000E-03
1.0580E-02 1.2000E-03
6.7782E-02 1.2000E-03
1.4105E-02 1.2000E-03
2.4945E-02 1.2000E-03
9.6393E-03 1.2000E-03
1.0126E-01 1.2000E-03
4.9121E-02 1.2000E-03
2.3631E-02 1.2000E-03
5.2236E-02 1.2000E-03
7.6510E-03 1.2000E-03
7.1063E-02 1.2000E-03
1.8229E-02 1.2000E-03
1.6595E-02 1.2000E-03
5.1434E-02 1.2000E-03
9.0865E-02 1.2000E-03
2.8959E-03 1.2000E-03
2.0878E-02 1.2000E-03
2.2105E-02 1.2000E-03
8.9446E-02 1.2000E-03
1.1520E-02 1.2000E-03
1.7354E-02 1.2000E-03
3.1772E-02 1.2000E-03
5.3697E-02 1.2000E-03
6.2345E-03 1.2000E-03
2.0865E-02 1.2000E-03
4.7135E-03 1.2000E-03
3.9962E-02 1.2000E-03
1.5041E-02 1.2000E-03
6.2180E-03 1.2000E-03
2.4567E-02 1.2000E-03
1.6135E-02 1.2000E-03
1.9013E-02 1.2000E-03
1.7786E-02 1.2000E-03
6.6380E-03 1.2000E-03
2.4387E-02 1.2000E-03
1.1900E-02 1.2000E-03
1.2884E-02 1.2000E-03
1.5333E-02 1.2000E-03
3.0164E-02 1.2000E-03
1.2557E-02 1.2000E-03
5.6016E-03 1.2000E-03
6.9435E-03 1.2000E-03
8.1950E-03 1.2000E-03
1.2771E-02 1.2000E-03
1.5365E-02 1.2000E-03
1.9781E-02 1.2000E-03
9.1924E-03 1.2000E-03
1.9500E-02 1.2000E-03
8.7459E-03 1.2000E-03
1.4232E-02 1.2000E-03
6.9482E-03 1.2000E-03
2.1543E-02 1.2000E-03
7.1000E-03 1.2000E-03
9.8247E-03 1.2000E-03
1.1219E-02 1.2000E-03
1.2215E-02 1.2000E-03
1.2074E-02 1.2000E-03
9.2529E-03 1.2000E-03
1.1815E-02 1.2000E-03
1.2072E-02 1.2000E-03
9.9392E-03 1.2000E-03
9.1838E-03 1.2000E-03
7.1827E-03 1.2000E-03
1.2433E-02 1.2000E-03
9.2693E-03 1.2000E-03
6.3082E-03 1.2000E-03
2.6241E-02 1.2000E-03
9.2832E-03 1.2000E-03
5.4591E-03 1.2000E-03
1.5104E-02 1.2000E-03
9.3553E-03 1.2000E-03
2.5995E-02 1.2000E-03
1.0124E-02 1.2000E-03
8.3353E-03 1.2000E-03
1.9084E-02 1.2000E-03
4.0630E-02 1.2000E-03
9.9503E-03 1.2000E-03
2.0168E-02 1.2000E-03
2.0744E-02 1.2000E-03
2.5502E-02 1.2000E-03
2.6273E-02 1.2000E-03
1.3180E-02 1.2000E-03
1.2846E-02 1.2000E-03
3.6206E-02 1.2000E-03
2.4812E-02 1.2000E-03
2.1280E-02 1.2000E-03
1.1729E-02 1.2000E-03
4.0441E-02 1.2000E-03
1.8844E-02 1.2000E-03
2.5451E-02 1.2000E-03
2.7005E-02 1.2000E-03
3.2592E-02 1.2000E-03
3.5902E-02 1.2000E-03
1.2173E-02 1.2000E-03
2.3429E-02 1.2000E-03
9.5077E-03 1.2000E-03
5.1919E-02 1.2000E-03
3.4681E-02 1.2000E-03
3.0510E-02 1.2000E-03
1.7834E-02 1.2000E-03
4.6291E-02 1.2000E-03
1.6632E-02 1.2000E-03
8.2092E-03 1.2000E-03
2.8866E-02 1.2000E-03
1.6269E-02 1.2000E-03
4.6085E-02 1.2000E-03
2.7874E-02 1.2000E-03
1.6145E-02 1.2000E-03
2.8897E-02 1.2000E-03
5.4309E-02 1.2000E-03
1.7368E-02 1.2000E-03
2.9862E-02 1.2000E-03
2.4410E-02 1.2000E-03
6.7595E-02 1.2000E-03
1.1071E-02 1.2000E-03
2.7745E-02 1.2000E-03
3.6846E-02 1.2000E-03
9.0816E-02 1.2000E-03
2.7236E-02 1.2000E-03
5.0702E-02 1.2000E-03
3.4713E-02 1.2000E-03
6.4809E-02 1.2000E-03
1.8181E-02 1.2000E-03
1.0346E-01 1.2000E-03
1.5518E-02 1.2000E-03
7.0915E-02 1.2000E-03
7.3312E-02 1.2000E-03
4.5649E-02 1.2000E-03
2.5766E-02 1.2000E-03
5.5940E-02 1.2000E-03
6.4452E-02 1.2000E-03
5.7254E-02 1.2000E-03
5.5849E-02 1.2000E-03
4.3871E-02 1.2000E-03
4.3871E-02 1.2000E-03
6.5414E-02 1.2000E-03
6.2381E-02 1.2000E-03
1.6703E-02 1.2000E-03
2.0384E-02 1.2000E-03
2.8921E-02 1.2000E-03
7.4572E-02 1.2000E-03
2.9380E-02 1.2000E-03
1.3478E-02 1.2000E-03
7.2945E-02 1.2000E-03
2.4987E-02 1.2000E-03
2.7889E-02 1.2000E-03
6.3006E-02 1.2000E-03
4.9689E-02 1.2000E-03
2.8575E-02 1.2000E-03
5.7581E-02 1.2000E-03
3.6344E-02 1.2000E-03
1.8256E-02 1.2000E-03
6.2127E-02 1.2000E-03
7.2903E-02 1.2000E-03
1.9852E-02 1.2000E-03
6.8293E-02 1.2000E-03
1.1536E-02 1.2000E-03
2.4405E-02 1.2000E-03
6.3268E-02 1.2000E-03
7.8301E-02 1.2000E-03
1.0393E-02 1.2000E-03
4.1684E-02 1.2000E-03
2.0577E-02 1.2000E-03
7.6337E-02 1.2000E-03
3.5130E-02 1.2000E-03
8.6395E-03 1.2000E-03
3.3522E-02 1.2000E-03
3.8556E-02 1.2000E-03
7.4988E-03 1.2000E-03
2.2593E-02 1.2000E-03
1.2263E-02 1.2000E-03
7.2285E-02 1.2000E-03
1.6526E-02 1.2000E-03
1.4406E-02 1.2000E-03
3.2696E-02 1.2000E-03
5.7167E-02 1.2000E-03
2.3834E-02 1.2000E-03
2.8534E-02 1.2000E-03
2.2327E-02 1.2000E-03
4.9941E-02 1.2000E-03
2.8741E-02 1.2000E-03
1.8104E-02 1.2000E-03
6.1419E-02 1.2000E-03
2.2078E-02 1.2000E-03
4.1735E-02 1.2000E-03
2.1429E-02 1.2000E-03
5.2775E-02 1.2000E-03
5.0378E-02 1.2000E-03
4.9153E-02 1.2000E-03
3.5038E-02 1.2000E-03
5.4774E-02 1.2000E-03
7.6752E-02 1.2000E-03
4.8837E-02 1.2000E-03
3.6984E-02 1.2000E-03
8.4199E-02 1.2000E-03
4.7096E-02 1.2000E-03
9.1467E-02 1.2000E-03
4.2487E-02 1.2000E-03
6.3330E-02 1.2000E-03
8.3993E-02 1.2000E-03
9.5937E-02 1.2000E-03
5.2498E-02 1.2000E-03
1.3266E-01 1.2000E-03
6.0054E-02 1.2000E-03
6.3998E-02 1.2000E-03
5.6986E-02 1.2000E-03
9.8100E-02 1.2000E-03
4.8392E-02 1.2000E-03
1.6265E-02 1.2000E-03
5.8914E-02 1.2000E-03
4.4490E-02 1.2000E-03
7.8192E-02 1.2000E-03
3.1449E-02 1.2000E-03
2.9816E-02 1.2000E-03
3.3748E-02 1.2000E-03
8.7257E-02 1.2000E-03
4.9940E-02 1.2000E-03
9.6124E-03 1.2000E-03
2.8728E-02 1.2000E-03
6.9500E-02 1.2000E-03
3.1555E-02 1.2000E-03
1.4415E-02 1.2000E-03
2.8471E-02 1.2000E-03
4.8090E-02 1.2000E-03
2.1995E-02 1.2000E-03
1.0424E-02 1.2000E-03
1.3073E-02 1.2000E-03
2.9059E-02 1.2000E-03
2.0375E-02 1.2000E-03
1.1560E-02 1.2000E-03
1.6106E-02 1.2000E-03
3.6750E-02 1.2000E-03
1.6046E-02 1.2000E-03
1.4004E-02 1.2000E-03
1.5389E-02 1.2000E-03
2.3726E-02 1.2000E-03
2.3669E-02 1.2000E-03
2.8672E-02 1.2000E-03
9.0545E-03 1.2000E-03
1.8336E-02 1.2000E-03
2.4648E-02 1.2000E-03
1.2013E-02 1.2000E-03
2.0631E-02 1.2000E-03
2.2547E-02 1.2000E-03
3.2401E-02 1.2000E-03
1.8629E-02 1.2000E-03
7.6933E-03 1.2000E-03
2.0278E-02 1.2000E-03
1.1617E-02 1.2000E-03
1.8371E-02 1.2000E-03
1.8536E-02 1.2000E-03
1.8284E-02 1.2000E-03
9.5166E-03 1.2000E-03
6.0554E-03 1.2000E-03
8.3803E-03 1.2000E-03
1.3072E-02 1.2000E-03
1.6854E-02 1.2000E-03
1.3336E-02 1.2000E-03
1.4149E-02 1.2000E-03
1.0348E-02 1.2000E-03
6.7537E-03 1.2000E-03
6.0070E-03 1.2000E-03
1.2739E-02 1.2000E-03
1.2727E-02 1.2000E-03
1.0481E-02 1.2000E-03
1.3112E-02 1.2000E-03
1.2678E-02 1.2000E-03
4.8778E-03 1.2000E-03
1.1957E-02 1.2000E-03
6.4184E-03 1.2000E-03
8.7226E-03 1.2000E-03
1.7990E-02 1.2000E-03
6.9340E-03 1.2000E-03
1.5568E-03 1.2000E-03
7.2378E-03 1.2000E-03
1.0775E-02 1.2000E-03
1.3808E-03 1.2000E-03
3.7233E-03 1.2000E-03
5.2886E-03 1.2000E-03
8.9261E-03 1.2000E-03
1.5004E-02 1.2000E-03
2.7576E-03 1.2000E-03
1.5077E-03 1.2000E-03
4.3829E-03 1.2000E-03
8.5860E-03 1.2000E-03
5.9269E-03 1.2000E-03
4.9416E-03 1.2000E-03
5.3862E-03 1.2000E-03
7.6947E-03 1.2000E-03
9.1088E-03 1.2000E-03
3.2125E-03 1.2000E-03
4.1286E-03 1.2000E-03
5.3285E-03 1.2000E-03
8.4540E-03 1.2000E-03
1.3426E-02 1.2000E-03
3.5221E-03 1.2000E-03
2.1715E-03 1.2000E-03
3.8711E-03 1.2000E-03
8.8053E-03 1.2000E-03
2.5897E-03 1.2000E-03
3.8245E-03 1.2000E-03
5.0646E-03 1.2000E-03
7.6307E-03 1.2000E-03
8.7309E-03 1.2000E-03
1.2972E-03 1.2000E-03
2.7491E-03 1.2000E-03
3.0069E-03 1.2000E-03
8.4851E-03 1.2000E-03
4.4161E-03 1.2000E-03
2.8781E-03 1.2000E-03
4.1017E-03 1.2000E-03
5.9625E-03 1.2000E-03
1.6612E-03 1.2000E-03
2.1390E-03 1.2000E-03
2.6525E-03 1.2000E-03
7.9905E-03 1.2000E-03
4.0126E-03 1.2000E-03
1.2026E-03 1.2000E-03
3.1343E-03 1.2000E-03
4.2860E-03 1.2000E-03
4.1708E-03 1.2000E-03
4.8182E-03 1.2000E-03
3.3156E-03 1.2000E-03
2.4204E-03 1.2000E-03
4.6138E-03 1.2000E-03
3.9901E-03 1.2000E-03
2.1957E-03 1.2000E-03
3.5629E-03 1.2000E-03
3.8722E-03 1.2000E-03
5.6615E-03 1.2000E-03
3.1581E-03 1.2000E-03
3.8071E-03 1.2000E-03
2.4010E-03 1.2000E-03
2.4763E-03 1.2000E-03
4.9639E-03 1.2000E-03
3.3886E-03 1.2000E-03
2.1724E-03 1.2000E-03
4.3314E-03 1.2000E-03
2.3582E-03 1.2000E-03
2.5253E-03 1.2000E-03
5.7545E-03 1.2000E-03
3.5340E-03 1.2000E-03
5.4140E-04 1.2000E-03
3.5086E-03 1.2000E-03
3.7029E-03 1.2000E-03
2.7868E-03 1.2000E-03
5.0373E-03 1.2000E-03
2.8344E-03 1.2000E-03
1.0544E-03 1.2000E-03
2.7651E-03 1.2000E-03
2.4395E-03 1.2000E-03
1.2419E-03 1.2000E-03
3.4731E-03 1.2000E-03
1.9120E-03 1.2000E-03
4.1574E-03 1.2000E-03
2.3077E-03 1.2000E-03
5.0428E-04 1.2000E-03
1.3257E-03 1.2000E-03
2.1346E-03 1.2000E-03
3.8317E-03 1.2000E-03
3.7246E-03 1.2000E-03
1.7303E-03 1.2000E-03
1.1298E-03 1.2000E-03
1.3812E-03 1.2000E-03
2.5466E-03 1.2000E-03
2.3878E-03 1.2000E-03
3.2965E-03 1.2000E-03
2.8823E-03 1.2000E-03
1.9632E-03 1.2000E-03
2.5523E-03 1.2000E-03
1.5840E-03 1.2000E-03
1.9399E-03 1.2000E-03
3.8079E-03 1.2000E-03
1.7755E-03 1.2000E-03
1.2229E-03 1.2000E-03
3.3527E-03 1.2000E-03
2.4782E-03 1.2000E-03
2.0359E-03 1.2000E-03
3.3314E-03 1.2000E-03
3.1623E-03 1.2000E-03
2.2398E-03 1.2000E-03
2.7463E-03 1.2000E-03
2.7524E-03 1.2000E-03
2.7264E-03 1.2000E-03
3.0081E-03 1.2000E-03
4.0204E-03 1.2000E-03
2.0841E-03 1.2000E-03
2.0544E-03 1.2000E-03
3.3264E-03 1.2000E-03
3.9622E-03 1.2000E-03
1.5294E-03 1.2000E-03
3.4294E-03 1.2000E-03
2.7299E-03 1.2000E-03
4.7451E-03 1.2000E-03
4.1088E-03 1.2000E-03
2.3155E-03 1.2000E-03
2.5182E-03 1.2000E-03
3.6483E-03 1.2000E-03
4.2998E-03 1.2000E-03
2.6944E-03 1.2000E-03
4.2053E-03 1.2000E-03
3.6252E-03 1.2000E-03
2.6458E-03 1.2000E-03
4.7120E-03 1.2000E-03
3.5675E-03 1.2000E-03
3.1866E-03 1.2000E-03
7.1801E-03 1.2000E-03
4.4085E-03 1.2000E-03
7.5365E-04 1.2000E-03
4.6789E-03 1.2000E-03
4.2058E-03 1.2000E-03
7.9135E-03 1.2000E-03
7.0969E-03 1.2000E-03
5.1231E-03 1.2000E-03
3.6859E-03 1.2000E-03
5.4629E-03 1.2000E-03
4.9532E-03 1.2000E-03
4.7415E-03 1.2000E-03
8.1368E-03 1.2000E-03
7.0040E-03 1.2000E-03
4.3940E-03 1.2000E-03
8.3357E-03 1.2000E-03
6.2402E-03 1.2000E-03
3.7256E-03 1.2000E-03
1.0429E-02 1.2000E-03
7.1661E-03 1.2000E-03
6.8726E-03 1.2000E-03
1.6535E-02 1.2000E-03
6.7686E-03 1.2000E-03
6.3330E-04 1.2000E-03
9.0856E-03 1.2000E-03
9.3848E-03 1.2000E-03
1.0306E-02 1.2000E-03
1.6713E-02 1.2000E-03
1.2663E-02 1.2000E-03
2.4951E-03 1.2000E-03
8.8081E-03 1.2000E-03
5.7202E-03 1.2000E-03
1.2930E-02 1.2000E-03
2.9203E-02 1.2000E-03
1.2791E-02 1.2000E-03
3.5608E-03 1.2000E-03
1.7964E-03 1.2000E-03
1.3114E-03 1.2000E-03
5.1073E-03 1.2000E-03
5.9418E-03 1.2000E-03
1.8599E-02 1.2000E-03
1.0323E-02 1.2000E-03
3.7726E-03 1.2000E-03
2.6688E-03 1.2000E-03
2.4308E-03 1.2000E-03
8.9996E-03 1.2000E-03
7.7694E-03 1.2000E-03
7.7920E-03 1.2000E-03
7.0939E-03 1.2000E-03
6.1399E-03 1.2000E-03
5.4890E-03 1.2000E-03
6.1846E-03 1.2000E-03
1.1593E-02 1.2000E-03
4.7116E-03 1.2000E-03
5.4397E-03 1.2000E-03
8.4415E-03 1.2000E-03
1.1708E-02 1.2000E-03
1.9445E-03 1.2000E-03
4.8291E-03 1.2000E-03
6.1461E-03 1.2000E-03
1.7480E-02 1.2000E-03
2.7644E-03 1.2000E-03
1.3865E-03 1.2000E-03
5.4802E-03 1.2000E-03
1.0152E-02 1.2000E-03
7.4490E-03 1.2000E-03
5.6686E-03 1.2000E-03
6.7677E-03 1.2000E-03
1.0884E-02 1.2000E-03
6.9019E-03 1.2000E-03
4.2176E-03 1.2000E-03
6.9230E-03 1.2000E-03
1.2491E-02 1.2000E-03
1.0767E-02 1.2000E-03
1.1036E-02 1.2000E-03
9.9985E-03 1.2000E-03
1.0110E-02 1.2000E-03
1.2457E-02 1.2000E-03
1.2821E-02 1.2000E-03
3.3992E-03 1.2000E-03
8.2248E-03 1.2000E-03
9.9629E-03 1.2000E-03
1.3790E-02 1.2000E-03
9.6924E-03 1.2000E-03
9.3346E-03 1.2000E-03
7.2005E-03 1.2000E-03
9.9165E-03 1.2000E-03
7.8053E-03 1.2000E-03
8.7656E-03 1.2000E-03
8.8119E-03 1.2000E-03
1.3092E-02 1.2000E-03
1.0218E-02 1.2000E-03
5.2780E-03 1.2000E-03
1.2319E-02 1.2000E-03
7.7695E-03 1.2000E-03
7.4068E-03 1.2000E-03
1.1483E-02 1.2000E-03
1.2288E-02 1.2000E-03
4.0341E-03 1.2000E-03
1.2522E-02 1.2000E-03
8.6604E-03 1.2000E-03
9.1169E-03 1.2000E-03
1.6219E-02 1.2000E-03
1.0457E-02 1.2000E-03
1.8059E-03 1.2000E-03
8.5559E-03 1.2000E-03
8.1972E-03 1.2000E-03
1.0079E-02 1.2000E-03
1.6358E-02 1.2000E-03
9.8553E-03 1.2000E-03
1.9512E-03 1.2000E-03
4.1244E-03 1.2000E-03
7.7123E-03 1.2000E-03
4.1275E-03 1.2000E-03
1.2860E-02 1.2000E-03
6.9828E-03 1.2000E-03
8.0508E-03 1.2000E-03
1.0870E-02 1.2000E-03
4.1555E-03 1.2000E-03
1.6693E-03 1.2000E-03
4.9845E-03 1.2000E-03
1.1328E-02 1.2000E-03
2.1715E-03 1.2000E-03
1.0641E-02 1.2000E-03
4.8516E-03 1.2000E-03
1.9064E-02 1.2000E-03
3.4625E-03 1.2000E-03
2.1132E-03 1.2000E-03
4.2045E-03 1.2000E-03
1.3224E-02 1.2000E-03
2.6338E-03 1.2000E-03
5.5277E-03 1.2000E-03
6.9408E-03 1.2000E-03
1.0157E-02 1.2000E-03
1.6059E-02 1.2000E-03
2.9330E-03 1.2000E-03
1.9036E-03 1.2000E-03
3.2622E-03 1.2000E-03
9.8831E-03 1.2000E-03
1.4457E-02 1.2000E-03
6.9484E-03 1.2000E-03
1.1172E-02 1.2000E-03
7.3877E-03 1.2000E-03
6.7594E-03 1.2000E-03
1.3456E-02 1.2000E-03
1.4958E-03 1.2000E-03
1.6403E-03 1.2000E-03
1.0998E-02 1.2000E-03
1.7616E-02 1.2000E-03
1.6146E-03 1.2000E-03
6.2110E-03 1.2000E-03
1.0175E-02 1.2000E-03
1.5047E-02 1.2000E-03
3.1918E-02 1.2000E-03
6.2228E-03 1.2000E-03
5.8264E-04 1.2000E-03
5.6489E-03 1.2000E-03
2.1095E-02 1.2000E-03
1.8980E-02 1.2000E-03
1.8364E-02 1.2000E-03
2.4415E-02 1.2000E-03
1.9740E-02 1.2000E-03
1.3002E-02 1.2000E-03
1.8175E-02 1.2000E-03
1.4226E-02 1.2000E-03
9.8537E-03 1.2000E-03
4.1509E-02 1.2000E-03
1.9317E-02 1.2000E-03
8.9348E-03 1.2000E-03
3.1202E-02 1.2000E-03
3.0129E-02 1.2000E-03
1.0394E-02 1.2000E-03
4.2142E-02 1.2000E-03
9.2692E-03 1.2000E-03
1.8605E-02 1.2000E-03
4.7202E-02 1.2000E-03
5.0435E-02 1.2000E-03
2.9871E-03 1.2000E-03
3.4969E-02 1.2000E-03
1.3846E-02 1.2000E-03
4.6689E-02 1.2000E-03
6.6347E-02 1.2000E-03
4.3797E-02 1.2000E-03
9.6860E-03 1.2000E-03
5.0322E-02 1.2000E-03
5.7836E-02 1.2000E-03
4.2316E-02 1.2000E-03
6.6661E-02 1.2000E-03
2.6373E-02 1.2000E-03
1.1108E-01 1.2000E-03
2.0878E-02 1.2000E-03
1.4384E-02 1.2000E-03
4.2960E-02 1.2000E-03
6.9645E-02 1.2000E-03
5.6367E-02 1.2000E-03
1.5027E-01 1.2000E-03
5.3457E-02 1.2000E-03
2.0636E-02 1.2000E-03
3.8947E-02 1.2000E-03
1.1477E-01 1.2000E-03
5.2949E-02 1.2000E-03
3.0466E-03 1.2000E-03
4.2347E-02 1.2000E-03
1.5973E-02 1.2000E-03
1.1720E-01 1.2000E-03
1.1399E-02 1.2000E-03
7.5239E-03 1.2000E-03
4.7748E-02 1.2000E-03
1.8329E-02 1.2000E-03
5.5730E-02 1.2000E-03
3.7036E-02 1.2000E-03
2.3161E-02 1.2000E-03
7.4660E-03 1.2000E-03
9.6671E-02 1.2000E-03
5.4895E-02 1.2000E-03
2.4342E-02 1.2000E-03
1.4662E-02 1.2000E-03
5.7966E-02 1.2000E-03
9.6368E-03 1.2000E-03
4.7196E-03 1.2000E-03
1.6775E-02 1.2000E-03
1.3108E-02 1.2000E-03
1.7439E-02 1.2000E-03
2.1710E-02 1.2000E-03
2.0959E-02 1.2000E-03
1.0556E-02 1.2000E-03
2.1148E-02 1.2000E-03
1.0671E-02 1.2000E-03
7.4871E-03 1.2000E-03
1.5582E-02 1.2000E-03
1.6792E-02 1.2000E-03
1.6464E-02 1.2000E-03
2.6691E-02 1.2000E-03
7.4679E-03 1.2000E-03
2.9632E-03 1.2000E-03
1.6298E-02 1.2000E-03
2.3588E-02 1.2000E-03
2.4300E-03 1.2000E-03
1.6842E-02 1.2000E-03
6.3584E-03 1.2000E-03
3.8693E-02 1.2000E-03
8.4029E-03 1.2000E-03
5.1180E-03 1.2000E-03
1.1228E-02 1.2000E-03
2.1467E-02 1.2000E-03
4.8899E-03 1.2000E-03
2.1211E-02 1.2000E-03
9.6946E-03 1.2000E-03
2.2448E-02 1.2000E-03
1.3052E-02 1.2000E-03
8.5693E-03 1.2000E-03
5.9078E-03 1.2000E-03
1.3165E-02 1.2000E-03
1.2020E-02 1.2000E-03
1.7884E-02 1.2000E-03
1.6949E-02 1.2000E-03
1.5177E-02 1.2000E-03
2.6891E-02 1.2000E-03
1.0285E-02 1.2000E-03
5.7176E-03 1.2000E-03
1.4669E-02 1.2000E-03
1.4355E-02 1.2000E-03
1.9297E-02 1.2000E-03
5.2140E-02 1.2000E-03
2.0957E-02 1.2000E-03
9.1189E-03 1.2000E-03
1.8717E-02 1.2000E-03
1.4694E-02 1.2000E-03
1.3304E-02 1.2000E-03
3.6554E-02 1.2000E-03
1.5281E-02 1.2000E-03
1.7241E-02 1.2000E-03
5.5784E-02 1.2000E-03
1.0975E-02 1.2000E-03
2.4612E-02 1.2000E-03
2.0645E-02 1.2000E-03
4.9120E-02 1.2000E-03
8.3497E-03 1.2000E-03
2.3995E-02 1.2000E-03
1.7763E-02 1.2000E-03
2.9195E-02 1.2000E-03
3.5290E-02 1.2000E-03
3.6244E-02 1.2000E-03
1.9424E-02 1.2000E-03
3.5419E-02 1.2000E-03
2.4242E-02 1.2000E-03
2.0576E-02 1.2000E-03
3.3170E-02 1.2000E-03
4.7091E-02 1.2000E-03
7.8504E-03 1.2000E-03
1.3100E-02 1.2000E-03
1.3780E-02 1.2000E-03
4.1990E-02 1.2000E-03
1.5352E-02 1.2000E-03
1.6782E-02 1.2000E-03
2.0555E-02 1.2000E-03
7.2880E-02 1.2000E-03
2.9287E-02 1.2000E-03
3.2639E-02 1.2000E-03
8.4304E-03 1.2000E-03
3.3295E-02 1.2000E-03
3.4634E-02 1.2000E-03
6.1644E-02 1.2000E-03
4.3369E-02 1.2000E-03
2.4334E-02 1.2000E-03
4.3573E-02 1.2000E-03
4.2492E-02 1.2000E-03
3.0140E-02 1.2000E-03
5.9629E-02 1.2000E-03
2.8541E-02 1.2000E-03
6.5564E-02 1.2000E-03
2.2881E-02 1.2000E-03
7.8161E-02 1.2000E-03
1.4488E-02 1.2000E-03
2.7453E-02 1.2000E-03
8.6800E-02 1.2000E-03
1.0144E-01 1.2000E-03
1.6151E-02 1.2000E-03
5.4035E-02 1.2000E-03
1.7602E-02 1.2000E-03
5.8639E-02 1.2000E-03
8.3041E-02 1.2000E-03
3.7643E-02 1.2000E-03
4.0624E-02 1.2000E-03
9.8754E-03 1.2000E-03
4.2467E-02 1.2000E-03
5.4606E-02 1.2000E-03
8.1919E-02 1.2000E-03
2.0150E-02 1.2000E-03
5.2680E-02 1.2000E-03
1.9360E-02 1.2000E-03
4.4801E-02 1.2000E-03
6.5180E-02 1.2000E-03
5.0656E-02 1.2000E-03
3.2410E-02 1.2000E-03
8.3971E-02 1.2000E-03
1.5095E-02 1.2000E-03
3.4501E-02 1.2000E-03
2.5179E-02 1.2000E-03
8.1281E-02 1.2000E-03
4.4149E-02 1.2000E-03
4.3200E-02 1.2000E-03
6.6612E-02 1.2000E-03
5.9800E-02 1.2000E-03
7.9650E-02 1.2000E-03
2.4445E-02 1.2000E-03
3.5989E-02 1.2000E-03
4.5348E-02 1.2000E-03
7.0984E-02 1.2000E-03
1.4447E-02 1.2000E-03
3.8267E-02 1.2000E-03
2.2578E-02 1.2000E-03
8.3585E-02 1.2000E-03
6.5640E-02 1.2000E-03
1.8387E-02 1.2000E-03
6.8671E-03 1.2000E-03
1.5234E-02 1.2000E-03
2.2225E-02 1.2000E-03
2.1074E-02 1.2000E-03
4.3081E-02 1.2000E-03
4.7215E-02 1.2000E-03
7.6036E-03 1.2000E-03
4.3124E-02 1.2000E-03
1.4853E-02 1.2000E-03
4.2821E-02 1.2000E-03
5.2988E-02 1.2000E-03
2.7479E-02 1.2000E-03
5.2914E-03 1.2000E-03
3.7022E-02 1.2000E-03
3.8916E-02 1.2000E-03
1.8096E-02 1.2000E-03
4.9485E-02 1.2000E-03
2.6044E-02 1.2000E-03
1.0875E-01 1.2000E-03
1.6201E-02 1.2000E-03
7.9218E-03 1.2000E-03
2.9376E-02 1.2000E-03
8.3145E-02 1.2000E-03
6.4224E-03 1.2000E-03
5.9962E-02 1.2000E-03
3.1953E-02 1.2000E-03
1.4963E-01 1.2000E-03
2.6066E-02 1.2000E-03
2.5183E-02 1.2000E-03
7.1680E-02 1.2000E-03
9.5223E-02 1.2000E-03
3.5359E-02 1.2000E-03
9.8235E-02 1.2000E-03
2.0305E-02 1.2000E-03
1.2858E-01 1.2000E-03
8.3720E-02 1.2000E-03
2.7848E-02 1.2000E-03
1.5708E-02 1.2000E-03
9.1666E-02 1.2000E-03
5.9404E-02 1.2000E-03
5.3586E-02 1.2000E-03
2.0367E-02 1.2000E-03
9.3105E-02 1.2000E-03
4.1172E-02 1.2000E-03
3.9128E-02 1.2000E-03
1.9418E-02 1.2000E-03
3.6953E-02 1.2000E-03
3.2058E-02 1.2000E-03
1.4602E-02 1.2000E-03
8.4593E-03 1.2000E-03
1.9108E-02 1.2000E-03
3.7032E-02 1.2000E-03
1.1329E-02 1.2000E-03
1.5092E-02 1.2000E-03
1.7690E-02 1.2000E-03
5.3010E-02 1.2000E-03
3.1150E-02 1.2000E-03
3.9736E-03 1.2000E-03
1.5673E-02 1.2000E-03
2.9057E-02 1.2000E-03
1.6380E-02 1.2000E-03
2.3032E-02 1.2000E-03
1.4723E-02 1.2000E-03
2.8910E-02 1.2000E-03
2.1010E-02 1.2000E-03
7.7353E-03 1.2000E-03
1.2037E-02 1.2000E-03
1.5777E-02 1.2000E-03
3.2009E-02 1.2000E-03
1.9881E-02 1.2000E-03
2.2280E-02 1.2000E-03
1.9952E-02 1.2000E-03
2.4541E-02 1.2000E-03
1.7548E-02 1.2000E-03
1.5975E-02 1.2000E-03
1.1267E-02 1.2000E-03
2.3949E-02 1.2000E-03
1.9217E-02 1.2000E-03
1.1826E-02 1.2000E-03
1.9007E-02 1.2000E-03
1.8017E-02 1.2000E-03
8.4828E-03 1.2000E-03
8.9624E-03 1.2000E-03
1.3978E-02 1.2000E-03
1.8011E-02 1.2000E-03
1.2302E-02 1.2000E-03
8.8477E-03 1.2000E-03
8.6773E-03 1.2000E-03
1.1637E-02 1.2000E-03
8.4841E-03 1.2000E-03
9.2248E-03 1.2000E-03
1.4211E-02 1.2000E-03
1.6731E-02 1.2000E-03
3.8419E-03 1.2000E-03
5.3585E-03 1.2000E-03
5.0610E-03 1.2000E-03
1.9379E-02 1.2000E-03
6.7595E-03 1.2000E-03
2.9966E-03 1.2000E-03
6.8517E-03 1.2000E-03
1.5075E-02 1.2000E-03
3.0457E-03 1.2000E-03
1.2664E-02 1.2000E-03
4.1488E-03 1.2000E-03
1.1501E-02 1.2000E-03
1.5871E-02 1.2000E-03
3.3697E-03 1.2000E-03
1.6837E-03 1.2000E-03
4.7538E-03 1.2000E-03
1.2503E-02 1.2000E-03
3.4074E-03 1.2000E-03
5.0451E-03 1.2000E-03
6.5965E-03 1.2000E-03
1.0211E-02 1.2000E-03
1.0890E-02 1.2000E-03
3.6130E-03 1.2000E-03
4.1516E-03 1.2000E-03
5.1084E-03 1.2000E-03
1.1204E-02 1.2000E-03
1.5691E-02 1.2000E-03
5.8597E-03 1.2000E-03
3.2031E-03 1.2000E-03
6.8360E-03 1.2000E-03
1.2701E-02 1.2000E-03
6.5803E-03 1.2000E-03
5.6606E-03 1.2000E-03
7.3877E-03 1.2000E-03
1.3473E-02 1.2000E-03
8.8931E-03 1.2000E-03
5.9448E-03 1.2000E-03
7.0831E-03 1.2000E-03
9.2952E-03 1.2000E-03
6.8643E-03 1.2000E-03
1.0263E-02 1.2000E-03
4.7565E-03 1.2000E-03
6.2970E-03 1.2000E-03
1.3059E-02 1.2000E-03
6.2749E-03 1.2000E-03
9.5565E-04 1.2000E-03
4.2662E-03 1.2000E-03
8.4933E-03 1.2000E-03
4.8191E-03 1.2000E-03
6.3961E-03 1.2000E-03
4.1067E-03 1.2000E-03
6.9484E-03 1.2000E-03
4.4399E-03 1.2000E-03
2.6495E-03 1.2000E-03
1.3114E-03 1.2000E-03
5.1073E-03 1.2000E-03
5.9418E-03 1.2000E-03
1.8599E-02 1.2000E-03
1.0323E-02 1.2000E-03
3.7726E-03 1.2000E-03
2.6688E-03 1.2000E-03
2.4308E-03 1.2000E-03
8.9996E-03 1.2000E-03
7.7694E-03 1.2000E-03
7.7920E-03 1.2000E-03
7.0939E-03 1.2000E-03
6.1399E-03 1.2000E-03
5.4890E-03 1.2000E-03
6.1846E-03 1.2000E-03
1.1593E-02 1.2000E-03
4.7116E-03 1.2000E-03
5.4397E-03 1.2000E-03
8.4415E-03 1.2000E-03
1.1708E-02 1.2000E-03
1.9445E-03 1.2000E-03
4.8291E-03 1.2000E-03
6.1461E-03 1.2000E-03
1.7480E-02 1.2000E-03
2.7644E-03 1.2000E-03
1.3865E-03 1.2000E-03
5.4802E-03 1.2000E-03
1.0152E-02 1.2000E-03
7.4489E-03 1.2000E-03
5.6686E-03 1.2000E-03
6.7677E-03 1.2000E-03
1.0884E-02 1.2000E-03
6.9019E-03 1.2000E-03
4.2176E-03 1.2000E-03
6.9230E-03 1.2000E-03
1.2491E-02 1.2000E-03
1.0767E-02 1.2000E-03
1.1036E-02 1.2000E-03
9.9985E-03 1.2000E-03
1.0110E-02 1.2000E-03
1.2457E-02 1.2000E-03
1.2821E-02 1.2000E-03
3.3992E-03 1.2000E-03
8.2247E-03 1.2000E-03
9.9628E-03 1.2000E-03
1.3790E-02 1.2000E-03
9.6921E-03 1.2000E-03
9.3345E-03 1.2000E-03
7.2006E-03 1.2000E-03
9.9165E-03 1.2000E-03
7.8052E-03 1.2000E-03
8.7658E-03 1.2000E-03
8.8116E-03 1.2000E-03
1.3092E-02 1.2000E-03
1.0220E-02 1.2000E-03
5.2780E-03 1.2000E-03
1.2319E-02 1.2000E-03
7.7699E-03 1.2000E-03
7.4074E-03 1.2000E-03
1.1483E-02 1.2000E-03
1.2286E-02 1.2000E-03
4.0357E-03 1.2000E-03
1.2525E-02 1.2000E-03
8.6625E-03 1.2000E-03
9.1050E-03 1.2000E-03
1.6211E-02 1.2000E-03
1.0450E-02 1.2000E-03
1.8256E-03 1.2000E-03
8.5851E-03 1.2000E-03
8.1949E-03 1.2000E-03
1.0023E-02 1.2000E-03
1.6361E-02 1.2000E-03
9.8670E-03 1.2000E-03
1.9435E-03 1.2000E-03
4.1198E-03 1.2000E-03
7.6962E-03 1.2000E-03
4.1639E-03 1.2000E-03
1.2943E-02 1.2000E-03
6.9580E-03 1.2000E-03
7.8763E-03 1.2000E-03
1.0958E-02 1.2000E-03
4.2176E-03 1.2000E-03
1.5795E-03 1.2000E-03
4.9422E-03 1.2000E-03
1.1208E-02 1.2000E-03
2.3342E-03 1.2000E-03
1.1116E-02 1.2000E-03
4.6737E-03 1.2000E-03
1.8372E-02 1.2000E-03
2.2916E-03 1.2000E-03
2.2441E-03 1.2000E-03
4.0740E-03 1.2000E-03
1.3538E-02 1.2000E-03
1.8922E-03 1.2000E-03
4.8836E-03 1.2000E-03
6.9695E-03 1.2000E-03
1.0362E-02 1.2000E-03
9.0818E-03 1.2000E-03
4.8794E-03 1.2000E-03
2.3850E-03 1.2000E-03
5.3136E-03 1.2000E-03
1.0938E-02 1.2000E-03
7.9059E-03 1.2000E-03
7.0393E-03 1.2000E-03
7.8298E-03 1.2000E-03
1.2782E-02 1.2000E-03
6.8510E-03 1.2000E-03
4.4000E-03 1.2000E-03
6.1523E-03 1.2000E-03
1.2311E-02 1.2000E-03
7.9431E-03 1.2000E-03
9.0013E-03 1.2000E-03
8.8646E-03 1.2000E-03
1.9162E-02 1.2000E-03
9.5156E-03 1.2000E-03
8.6775E-03 1.2000E-03
6.5676E-03 1.2000E-03
1.0552E-02 1.2000E-03
1.7207E-02 1.2000E-03
1.9114E-02 1.2000E-03
1.6652E-02 1.2000E-03
1.7113E-02 1.2000E-03
2.3823E-02 1.2000E-03
9.9580E-03 1.2000E-03
1.3400E-02 1.2000E-03
1.5585E-02 1.2000E-03
2.5952E-02 1.2000E-03
2.4051E-02 1.2000E-03
2.5872E-02 1.2000E-03
2.0289E-02 1.2000E-03
2.6347E-02 1.2000E-03
1.9094E-02 1.2000E-03
2.0558E-02 1.2000E-03
2.0289E-02 1.2000E-03
3.7646E-02 1.2000E-03
2.6704E-02 1.2000E-03
2.7461E-02 1.2000E-03
4.2425E-02 1.2000E-03
4.1897E-02 1.2000E-03
1.5253E-02 1.2000E-03
3.3119E-02 1.2000E-03
2.3349E-02 1.2000E-03
4.6980E-02 1.2000E-03
3.9140E-02 1.2000E-03
5.3238E-02 1.2000E-03
2.0828E-02 1.2000E-03
6.3971E-02 1.2000E-03
5.8722E-02 1.2000E-03
2.1490E-02 1.2000E-03
4.1753E-02 1.2000E-03
2.4116E-02 1.2000E-03
1.0706E-01 1.2000E-03
9.6702E-03 1.2000E-03
5.7762E-02 1.2000E-03
1.0681E-02 1.2000E-03
1.0544E-01 1.2000E-03
7.7972E-02 1.2000E-03
2.8114E-02 1.2000E-03
3.3103E-02 1.2000E-03
5.0080E-02 1.2000E-03
9.5491E-02 1.2000E-03
2.7515E-02 1.2000E-03
3.7844E-02 1.2000E-03
8.2725E-03 1.2000E-03
1.3645E-01 1.2000E-03
2.7350E-02 1.2000E-03
2.6685E-02 1.2000E-03
2.8264E-02 1.2000E-03
7.7152E-02 1.2000E-03
4.0483E-02 1.2000E-03
2.0576E-02 1.2000E-03
3.3762E-03 1.2000E-03
3.2690E-02 1.2000E-03
2.6125E-02 1.2000E-03
3.9938E-02 1.2000E-03
1.6245E-02 1.2000E-03
6.0816E-02 1.2000E-03
2.4640E-02 1.2000E-03
1.4637E-02 1.2000E-03
4.2337E-03 1.2000E-03
2.7790E-02 1.2000E-03
2.6516E-02 1.2000E-03
2.2422E-02 1.2000E-03
1.7044E-02 1.2000E-03
8.6106E-03 1.2000E-03
2.7760E-02 1.2000E-03
4.2893E-03 1.2000E-03
5.5290E-03 1.2000E-03
1.6214E-02 1.2000E-03
3.0986E-02 1.2000E-03
7.0811E-03 1.2000E-03
1.2771E-02 1.2000E-03
5.7044E-03 1.2000E-03
5.4558E-02 1.2000E-03
2.0450E-02 1.2000E-03
4.1565E-03 1.2000E-03
7.6080E-03 1.2000E-03
3.5314E-02 1.2000E-03
9.1428E-03 1.2000E-03
1.2042E-02 1.2000E-03
8.6671E-03 1.2000E-03
2.1007E-02 1.2000E-03
6.2569E-03 1.2000E-03
4.6790E-03 1.2000E-03
1.0639E-02 1.2000E-03
2.0362E-02 1.2000E-03
1.0577E-02 1.2000E-03
1.0781E-02 1.2000E-03
1.0062E-02 1.2000E-03
2.3109E-02 1.2000E-03
1.2642E-02 1.2000E-03
7.2707E-03 1.2000E-03
1.7291E-02 1.2000E-03
7.2041E-03 1.2000E-03
1.8501E-02 1.2000E-03
2.2900E-02 1.2000E-03
1.5012E-02 1.2000E-03
7.2504E-03 1.2000E-03
2.0491E-02 1.2000E-03
8.3128E-03 1.2000E-03
5.8701E-03 1.2000E-03
1.7838E-02 1.2000E-03
2.6483E-02 1.2000E-03
4.6342E-03 1.2000E-03
1.4423E-02 1.2000E-03
7.0030E-03 1.2000E-03
3.7196E-02 1.2000E-03
1.4708E-02 1.2000E-03
1.3989E-02 1.2000E-03
1.3407E-02 1.2000E-03
4.3454E-02 1.2000E-03
8.1688E-03 1.2000E-03
2.7700E-02 1.2000E-03
1.3645E-02 1.2000E-03
2.0627E-02 1.2000E-03
4.6616E-02 1.2000E-03
3.4485E-02 1.2000E-03
2.0368E-02 1.2000E-03
2.6361E-02 1.2000E-03
2.6701E-02 1.2000E-03
3.9259E-02 1.2000E-03
6.5008E-02 1.2000E-03
2.0477E-02 1.2000E-03
1.2304E-02 1.2000E-03
8.7871E-03 1.2000E-03
2.4279E-02 1.2000E-03
1.1778E-02 1.2000E-03
6.4525E-02 1.2000E-03
5.4628E-02 1.2000E-03
2.1516E-02 1.2000E-03
2.1579E-02 1.2000E-03
2.4336E-02 1.2000E-03
1.7474E-02 1.2000E-03
3.4524E-02 1.2000E-03
1.1550E-02 1.2000E-03
1.9483E-02 1.2000E-03
3.7167E-02 1.2000E-03
1.9434E-02 1.2000E-03
2.8411E-02 1.2000E-03
3.0762E-02 1.2000E-03
3.5246E-02 1.2000E-03
5.1599E-02 1.2000E-03
1.1921E-02 1.2000E-03
2.7149E-02 1.2000E-03
2.7054E-02 1.2000E-03
5.4303E-02 1.2000E-03
5.0428E-02 1.2000E-03
3.0376E-02 1.2000E-03
5.8233E-02 1.2000E-03
7.9092E-02 1.2000E-03
1.6169E-02 1.2000E-03
3.5690E-02 1.2000E-03
2.4954E-02 1.2000E-03
8.7862E-02 1.2000E-03
1.4815E-02 1.2000E-03
5.7591E-02 1.2000E-03
2.6844E-02 1.2000E-03
9.6043E-02 1.2000E-03
6.2151E-02 1.2000E-03
1.8380E-02 1.2000E-03
4.5924E-02 1.2000E-03
2.6835E-02 1.2000E-03
8.5525E-02 1.2000E-03
4.5795E-02 1.2000E-03
4.9601E-02 1.2000E-03
2.6539E-02 1.2000E-03
7.0936E-02 1.2000E-03
3.4670E-02 1.2000E-03
5.4731E-02 1.2000E-03
1.1088E-02 1.2000E-03
5.1729E-02 1.2000E-03
4.9909E-02 1.2000E-03
7.3623E-02 1.2000E-03
2.6018E-02 1.2000E-03
2.4520E-02 1.2000E-03
3.1848E-02 1.2000E-03
4.3254E-02 1.2000E-03
4.8213E-02 1.2000E-03
8.1860E-02 1.2000E-03
1.8412E-02 1.2000E-03
7.0610E-02 1.2000E-03
4.0863E-02 1.2000E-03
5.7618E-02 1.2000E-03
3.1124E-02 1.2000E-03
3.0586E-02 1.2000E-03
7.1105E-02 1.2000E-03
2.0002E-02 1.2000E-03
8.5811E-02 1.2000E-03
1.9276E-02 1.2000E-03
6.7719E-02 1.2000E-03
5.9143E-02 1.2000E-03
2.3824E-02 1.2000E-03
1.2429E-02 1.2000E-03
1.8700E-02 1.2000E-03
3.3545E-02 1.2000E-03
2.1005E-02 1.2000E-03
7.1930E-02 1.2000E-03
1.8509E-02 1.2000E-03
4.2066E-02 1.2000E-03
2.0613E-02 1.2000E-03
3.9115E-02 1.2000E-03
6.8916E-03 1.2000E-03
3.5849E-02 1.2000E-03
2.6173E-02 1.2000E-03
1.0893E-02 1.2000E-03
3.5414E-02 1.2000E-03
2.2804E-02 1.2000E-03
7.0765E-02 1.2000E-03
9.3826E-03 1.2000E-03
2.8737E-03 1.2000E-03
2.5112E-02 1.2000E-03
3.8256E-02 1.2000E-03
4.9634E-02 1.2000E-03
3.5272E-02 1.2000E-03
4.7569E-02 1.2000E-03
2.7277E-02 1.2000E-03
5.1920E-02 1.2000E-03
4.4774E-02 1.2000E-03
4.7398E-02 1.2000E-03
2.5565E-02 1.2000E-03
9.0084E-02 1.2000E-03
4.4112E-02 1.2000E-03
5.2811E-02 1.2000E-03
2.8867E-02 1.2000E-03
8.6180E-02 1.2000E-03
8.4146E-02 1.2000E-03
9.7040E-02 1.2000E-03
4.1683E-02 1.2000E-03
6.2769E-02 1.2000E-03
7.4992E-02 1.2000E-03
8.3227E-02 1.2000E-03
3.2178E-02 1.2000E-03
1.4156E-01 1.2000E-03
9.2159E-02 1.2000E-03
1.5769E-02 1.2000E-03
5.2604E-02 1.2000E-03
1.1501E-01 1.2000E-03
4.6683E-02 1.2000E-03
2.1937E-02 1.2000E-03
3.2021E-02 1.2000E-03
2.7494E-02 1.2000E-03
7.2902E-02 1.2000E-03
2.2394E-02 1.2000E-03
1.1298E-02 1.2000E-03
2.3060E-02 1.2000E-03
3.7454E-02 1.2000E-03
1.0318E-02 1.2000E-03
1.0849E-02 1.2000E-03
1.2031E-02 1.2000E-03
3.0339E-02 1.2000E-03
1.9866E-02 1.2000E-03
1.9698E-02 1.2000E-03
3.2862E-02 1.2000E-03
2.9897E-02 1.2000E-03
1.0292E-02 1.2000E-03
2.1548E-02 1.2000E-03
2.2324E-02 1.2000E-03
1.3886E-02 1.2000E-03
2.0718E-02 1.2000E-03
1.5708E-02 1.2000E-03
7.3733E-03 1.2000E-03
2.1687E-02 1.2000E-03
1.8720E-02 1.2000E-03
1.4043E-02 1.2000E-03
3.3630E-02 1.2000E-03
2.1458E-02 1.2000E-03
5.1926E-03 1.2000E-03
2.5829E-02 1.2000E-03
1.6076E-02 1.2000E-03
1.2213E-02 1.2000E-03
2.6073E-02 1.2000E-03
2.2498E-02 1.2000E-03
1.1816E-02 1.2000E-03
3.2859E-02 1.2000E-03
5.5461E-03 1.2000E-03
3.5890E-03 1.2000E-03
1.4459E-02 1.2000E-03
2.9660E-02 1.2000E-03
6.2363E-03 1.2000E-03
6.2896E-03 1.2000E-03
1.0886E-02 1.2000E-03
1.8385E-02 1.2000E-03
9.4023E-03 1.2000E-03
6.8447E-03 1.2000E-03
9.4558E-03 1.2000E-03
1.7007E-02 1.2000E-03
7.7549E-03 1.2000E-03
7.0959E-03 1.2000E-03
5.9724E-03 1.2000E-03
1.5662E-02 1.2000E-03
6.7439E-03 1.2000E-03
4.8612E-03 1.2000E-03
9.7388E-03 1.2000E-03
1.4572E-02 1.2000E-03
1.3501E-02 1.2000E-03
4.4673E-03 1.2000E-03
7.3553E-03 1.2000E-03
5.7614E-03 1.2000E-03
8.1186E-03 1.2000E-03
7.5873E-03 1.2000E-03
1.1182E-02 1.2000E-03
6.6986E-03 1.2000E-03
1.7156E-02 1.2000E-03
2.7468E-03 1.2000E-03
2.3102E-03 1.2000E-03
5.5426E-03 1.2000E-03
1.2599E-02 1.2000E-03
1.2710E-03 1.2000E-03
4.1301E-03 1.2000E-03
5.8750E-03 1.2000E-03
1.1024E-02 1.2000E-03
1.8160E-02 1.2000E-03
1.0240E-03 1.2000E-03
2.5983E-03 1.2000E-03
4.6720E-03 1.2000E-03
1.3771E-02 1.2000E-03
1.0626E-02 1.2000E-03
5.2631E-03 1.2000E-03
8.5247E-03 1.2000E-03
1.1049E-02 1.2000E-03
1.2051E-02 1.2000E-03
8.5595E-03 1.2000E-03
9.1426E-03 1.2000E-03
2.2810E-03 1.2000E-03
7.4488E-03 1.2000E-03
1.1819E-02 1.2000E-03
1.3913E-02 1.2000E-03
9.3408E-03 1.2000E-03
1.2308E-02 1.2000E-03
5.2836E-03 1.2000E-03
2.0456E-03 1.2000E-03
8.2388E-03 1.2000E-03
1.1199E-02 1.2000E-03
5.4574E-03 1.2000E-03
1.2493E-02 1.2000E-03
5.4322E-03 1.2000E-03
6.6280E-03 1.2000E-03
7.6950E-03 1.2000E-03
4.2586E-03 1.2000E-03
2.2601E-03 1.2000E-03
5.0865E-03 1.2000E-03
7.3400E-03 1.2000E-03
7.3400E-03 1.2000E-03
2.7544E-03 1.2000E-03
6.7221E-03 1.2000E-03
1.8082E-03 1.2000E-03
2.0578E-03 1.2000E-03
4.2239E-03 1.2000E-03
6.5453E-03 1.2000E-03
2.2708E-03 1.2000E-03
3.2791E-03 1.2000E-03
3.3817E-03 1.2000E-03
6.3887E-03 1.2000E-03
4.7885E-03 1.2000E-03
1.8776E-03 1.2000E-03
3.5300E-03 1.2000E-03
4.6260E-03 1.2000E-03
2.7025E-03 1.2000E-03
5.2094E-03 1.2000E-03
3.3570E-03 1.2000E-03
3.2747E-03 1.2000E-03
8.7890E-03 1.2000E-03
1.7896E-03 1.2000E-03
1.3758E-03 1.2000E-03
3.2106E-03 1.2000E-03
7.0303E-03 1.2000E-03
1.2707E-03 1.2000E-03
2.8632E-03 1.2000E-03
3.5361E-03 1.2000E-03
5.8135E-03 1.2000E-03
5.6348E-03 1.2000E-03
3.8317E-04 1.2000E-03
5.8001E-04 1.2000E-03
1.8406E-03 1.2000E-03
6.8160E-03 1.2000E-03
4.7597E-03 1.2000E-03
2.3637E-03 1.2000E-03
3.6365E-03 1.2000E-03
4.9585E-03 1.2000E-03
1.1223E-03 1.2000E-03
1.4947E-03 1.2000E-03
2.2523E-03 1.2000E-03
5.9934E-03 1.2000E-03
3.9418E-03 1.2000E-03
1.1812E-03 1.2000E-03
1.9282E-03 1.2000E-03
3.4601E-03 1.2000E-03
2.9897E-03 1.2000E-03
3.8521E-03 1.2000E-03
3.0970E-03 1.2000E-03
1.5722E-03 1.2000E-03
3.9652E-03 1.2000E-03
3.0623E-03 1.2000E-03
4.7045E-04 1.2000E-03
2.1399E-03 1.2000E-03
2.5518E-03 1.2000E-03
4.9320E-03 1.2000E-03
1.6975E-03 1.2000E-03
5.9415E-04 1.2000E-03
1.5495E-03 1.2000E-03
3.5646E-03 1.2000E-03
1.1384E-03 1.2000E-03
1.6047E-03 1.2000E-03
2.3048E-03 1.2000E-03
3.7241E-03 1.2000E-03
3.1998E-03 1.2000E-03
1.5694E-03 1.2000E-03
2.1062E-03 1.2000E-03
3.1393E-03 1.2000E-03
1.6826E-03 1.2000E-03
3.1623E-03 1.2000E-03
2.4693E-03 1.2000E-03
3.5222E-03 1.2000E-03
4.9221E-03 1.2000E-03
2.2918E-03 1.2000E-03
2.9569E-04 1.2000E-03
1.5912E-03 1.2000E-03
4.6202E-03 1.2000E-03
1.1322E-03 1.2000E-03
2.5174E-03 1.2000E-03
2.8188E-03 1.2000E-03
4.7076E-03 1.2000E-03
3.3089E-03 1.2000E-03
4.7560E-04 1.2000E-03
1.4230E-03 1.2000E-03
3.0886E-03 1.2000E-03
2.0294E-03 1.2000E-03
4.0442E-03 1.2000E-03
2.7135E-03 1.2000E-03
4.5180E-03 1.2000E-03
3.3893E-03 1.2000E-03
9.6823E-04 1.2000E-03
7.5808E-04 1.2000E-03
2.2838E-03 1.2000E-03
6.4858E-03 1.2000E-03
1.8129E-03 1.2000E-03
1.5796E-03 1.2000E-03
2.6681E-03 1.2000E-03
4.4606E-03 1.2000E-03
1.0454E-03 1.2000E-03
