549.7
119.9
153.8
121.7
154.0
169.7
169.3
121.4
120.7
121.4
119.7
169.6
155.8
122.4
122.6
119.4
120.1
120.9
151.8
121.4
121.9
155.1
121.1
121.3
119.7
121.6
155.2
120.8
121.5
121.5
153.8
120.5
121.2
120.8
120.4
122.0
119.4
122.0
120.2
121.6
121.8
121.9
120.5
120.2
121.1
120.8
121.3
122.1
123.2
120.3
121.5
121.2
121.4
120.8
118.9
121.0
122.3
122.1
122.3
120.7
121.5
106.8
122.4
122.1
121.6
123.6
122.2
107.0
123.1
122.9
107.2
121.4
122.5
106.5
122.5
123.1
106.5
116.5
122.4
106.5
154.4
120.9
595.2
125.5
137.2
139.2
140.0
124.4
139.5
135.3
131.7
126.9
133.7
139.4
128.2
128.2
133.2
133.7
126.7
130.3
132.3
137.7
143.3
158.6
140.4
134.6
144.0
132.6
182.8
142.9
152.0
158.1
130.3
134.1
149.5
151.4
125.0
156.4
133.3
146.1
153.6
138.1
139.4
176.3
154.2
146.7
125.7
131.1
133.2
134.1
123.4
132.0
139.1
140.6
118.9
140.4
132.4
132.8
120.9
173.0
125.6
137.9
153.9
130.7
138.8
161.0
160.3
144.4
139.7
138.9
140.0
153.0
141.6
159.3
157.2
137.4
138.9
160.6
145.8
135.3
156.6
151.5
127.7
161.1
158.8
143.3
141.2
139.7
145.2
139.4
144.7
145.8
144.1
155.4
157.0
145.8
150.1
155.4
156.2
143.8
151.5
152.2
149.6
148.9
155.4
152.3
148.0
158.9
143.4
138.0
160.5
157.6
144.4
154.2
160.9
148.0
144.7
148.7
152.4
142.9
155.2
151.7
168.5
153.3
161.0
149.1
137.9
146.9
149.2
144.7
160.2
152.1
148.4
155.5
146.8
152.4
142.8
162.3
157.3
144.2
150.5
149.8
149.9
146.8
157.9
149.6
133.3
148.3
154.1
144.5
150.9
152.7
157.7
142.7
156.6
159.0
138.8
156.2
150.4
147.0
152.3
147.0
149.4
134.3
152.9
154.1
139.3
148.3
155.5
148.4
119.8
151.9
159.4
121.4
158.4
144.9
132.6
143.9
140.2
148.2
140.3
128.1
188.4
143.2
139.7
159.3
151.5
143.1
158.6
158.1
140.2
154.7
151.9
157.7
131.5
157.1
153.8
138.5
149.0
159.5
144.0
155.9
148.7
151.2
141.8
153.4
155.3
142.0
154.1
159.6
151.9
147.1
158.7
187.6
145.4
153.1
155.7
162.2
156.2
150.7
138.5
140.3
150.7
154.9
144.2
158.9
153.3
146.2
141.9
161.9
143.0
144.6
190.1
149.2
191.8
158.5
151.7
137.8
157.6
151.9
137.2
142.1
520.7
122.0
151.0
106.6
125.2
124.0
155.9
124.9
118.7
122.6
124.5
124.9
122.0
122.2
155.9
124.1
118.7
118.6
122.5
122.3
111.0
123.9
122.8
123.5
155.5
124.4
123.4
123.5
123.2
121.0
122.3
127.1
122.7
122.3
122.2
122.5
121.0
122.4
117.8
122.1
122.9
122.0
122.6
124.2
157.6
123.4
122.5
123.1
124.3
125.7
123.7
121.7
123.1
122.4
122.1
122.4
120.9
122.5
120.8
122.4
154.5
123.4
124.0
109.7
156.6
126.6
155.9
120.9
123.1
120.9
123.2
115.4
122.0
121.5
121.7
120.0
122.9
122.7
124.3
155.7
148.9
123.0
124.0
122.6
124.9
154.9
121.9
122.3
118.2
122.5
122.0
121.9
121.7
122.8
123.3
122.8
120.9
122.2
122.5
121.9
122.4
122.3
117.3
122.3
122.4
121.6
123.3
123.5
122.5
121.8
123.5
121.7
124.6
121.7
121.8
117.8
123.3
117.2
121.0
116.7
122.6
121.9
122.9
105.2
123.0
101.3
107.0
105.9
138.9
105.9
124.0
117.5
104.3
120.3
120.6
106.0
122.6
107.9
105.9
121.2
122.5
107.1
106.0
107.6
105.2
122.0
117.2
106.2
104.0
116.2
106.3
104.3
105.9
106.3
132.7
99.5
104.1
104.2
106.7
122.4
99.5
104.9
107.1
115.5
122.3
107.2
105.6
107.0
107.3
137.2
105.3
105.6
94.1
108.7
106.1
105.9
105.2
105.7
106.8
105.6
105.7
107.6
106.0
106.2
105.3
107.4
105.1
106.1
106.9
104.4
105.5
107.1
107.4
107.0
105.6
107.3
107.2
106.5
105.8
107.7
108.7
104.5
107.6
105.7
105.2
106.3
105.6
104.9
106.0
104.6
107.0
106.2
106.7
99.7
106.6
106.4
107.1
107.3
107.3
106.2
107.1
106.1
105.7
100.4
106.4
108.7
105.7
106.6
107.4
105.7
107.1
107.2
107.5
105.9
107.3
105.7
105.9
106.3
106.9
106.4
105.3
106.7
107.5
107.1
106.5
105.9
106.2
99.7
105.1
104.6
105.8
98.4
105.3
105.7
106.3
107.2
104.9
106.6
105.2
105.5
107.1
106.5
105.5
105.8
108.2
106.5
105.5
105.0
106.2
104.6
106.6
106.3
107.0
105.3
104.6
104.6
104.6
106.1
107.2
99.4
106.2
104.7
104.9
105.1
107.1
105.5
106.4
106.0
107.9
107.1
105.9
105.3
104.8
106.7
105.8
106.0
105.9
105.9
104.8
106.0
106.1
106.5
104.2
106.8
106.8
106.0
137.3
106.4
106.2
541.2
123.3
155.9
122.3
153.8
171.1
172.0
123.2
121.9
114.6
114.4
169.2
154.6
122.2
122.7
120.9
120.5
122.8
153.2
124.0
122.6
154.7
120.1
122.5
121.7
123.8
155.3
122.9
122.3
122.2
153.8
122.9
121.5
122.8
121.3
122.0
122.5
123.5
122.0
123.6
121.8
123.7
123.3
124.4
121.9
122.3
124.5
123.0
121.2
122.0
122.5
122.3
121.8
123.2
123.2
120.7
121.2
120.3
121.0
122.9
122.9
106.1
121.1
123.4
121.7
122.1
121.3
107.8
121.1
122.1
106.3
122.7
121.4
105.6
123.2
121.6
106.5
121.3
121.8
105.8
155.2
122.2
104.7
156.0
123.2
105.9
121.9
121.7
106.7
106.6
137.7
122.3
121.8
106.7
105.8
122.3
121.3
106.6
105.7
105.8
121.1
121.4
105.6
105.2
123.6
122.2
106.6
106.5
138.6
105.9
121.5
121.3
105.1
120.0
121.0
122.2
122.6
121.6
121.6
121.8
122.4
106.8
104.6
105.9
106.1
106.5
115.1
121.4
105.7
120.2
114.7
104.8
153.3
123.3
104.7
123.4
121.6
105.4
154.9
122.4
122.8
120.7
123.0
104.2
120.7
121.4
121.5
123.6
121.9
121.7
121.9
120.6
120.6
121.8
122.9
123.3
122.2
121.9
121.3
122.3
121.8
122.7
120.6
121.1
123.6
122.2
121.7
121.3
122.9
121.4
123.6
122.0
120.3
121.2
121.3
120.9
122.2
121.1
121.7
121.9
121.4
122.9
122.9
125.4
123.7
120.1
122.9
121.4
122.0
123.8
123.3
121.6
121.4
123.4
104.8
122.1
121.6
122.2
123.6
123.1
123.2
123.3
120.7
122.3
121.9
106.7
123.5
105.2
105.5
105.8
140.1
101.0
121.1
122.1
122.9
123.0
121.1
121.1
121.9
121.8
121.2
122.8
104.3
121.7
120.4
106.8
121.9
122.3
123.8
122.4
122.1
105.7
124.1
124.2
107.1
122.1
123.7
124.3
125.9
123.5
123.8
124.2
125.4
124.7
124.2
125.4
124.3
122.3
122.3
123.2
117.6
125.2
123.5
124.6
124.5
125.2
126.0
124.7
123.1
123.2
123.2
123.9
117.0
125.4
124.5
122.8
124.9
124.8
124.1
124.4
123.9
118.9
124.0
124.4
116.4
123.3
124.0
125.7
124.4
122.6
117.3
156.9
110.6
124.2
156.6
114.6
124.4
157.9
155.5
123.1
122.2
123.0
124.0
116.8
121.2
123.8
122.1
122.1
122.2
122.2
120.8
123.0
122.5
120.8
121.9
121.7
120.2
121.9
121.3
121.2
121.9
150.6
122.5
120.6
121.1
120.0
121.7
121.1
123.8
122.7
120.9
121.8
122.4
122.6
121.5
154.1
121.7
122.0
122.5
122.7
122.3
121.4
122.0
122.9
154.6
154.7
121.0
121.3
122.1
115.9
122.0
115.3
122.9
121.4
121.2
122.3
122.6
121.9
121.3
122.5
121.7
121.5
121.4
121.7
123.4
122.4
151.8
121.6
120.6
121.5
122.8
121.2
155.5
121.7
155.8
155.5
122.4
124.7
121.8
123.1
122.5
121.8
121.8
121.5
121.1
122.5
116.6
155.9
121.2
122.1
122.1
121.7
121.7
123.5
121.3
123.7
122.0
122.6
120.1
122.0
121.3
121.3
119.6
120.4
120.3
121.0
123.6
120.9
122.5
120.7
122.0
122.5
104.4
105.9
138.9
121.7
121.9
120.9
106.6
121.3
120.7
103.9
103.9
105.4
138.1
122.0
103.9
122.0
121.6
105.8
123.8
122.5
105.2
104.7
138.1
105.2
121.2
122.1
104.9
105.7
119.9
105.3
136.6
105.4
105.0
105.2
138.1
120.2
104.7
104.8
122.5
105.1
105.0
104.2
121.1
121.2
120.7
106.0
122.6
106.6
102.9
137.8
121.0
105.9
121.7
105.7
103.4
119.7
107.0
106.9
107.6
138.0
104.8
105.3
106.1
106.8
104.5
107.6
556.2
129.3
156.9
124.5
156.9
171.7
171.0
123.2
122.9
123.4
125.8
174.3
149.6
124.3
122.7
124.5
124.6
124.1
156.6
123.7
124.2
156.6
117.1
123.2
121.8
118.4
155.4
121.8
123.6
123.1
155.0
121.8
121.6
123.5
116.8
125.3
123.2
124.4
122.4
122.4
124.3
117.4
123.3
123.7
122.7
117.9
122.4
124.3
122.4
118.1
123.2
122.3
123.5
124.3
117.7
122.8
122.9
123.9
123.2
122.8
122.2
104.7
123.5
123.5
124.3
124.7
123.6
108.0
125.5
124.5
108.4
123.5
125.2
107.6
124.5
124.0
105.4
122.6
122.1
100.4
156.9
124.1
105.8
153.5
124.2
107.3
124.2
124.9
107.5
106.1
141.3
122.7
122.5
106.7
107.8
123.7
123.2
109.4
108.7
106.6
124.5
125.3
109.9
107.6
109.9
123.1
122.9
101.4
108.9
125.9
122.7
125.2
101.8
107.0
133.5
107.1
107.0
123.3
123.8
124.2
124.1
107.0
122.0
119.0
123.8
117.9
123.6
125.3
124.2
107.1
108.3
139.9
126.7
124.7
124.8
124.7
123.0
119.6
123.5
117.3
117.1
118.8
124.1
112.1
123.1
122.6
122.7
124.8
118.6
124.0
123.5
118.8
107.9
124.9
125.2
125.1
152.1
125.4
122.0
122.7
124.0
123.4
123.3
123.7
124.8
124.3
117.4
124.9
123.2
124.1
124.9
118.1
122.3
122.6
123.6
123.4
125.4
125.0
126.1
122.9
125.1
121.8
124.9
117.2
123.6
122.6
123.6
123.8
123.4
123.8
123.3
125.8
123.9
123.1
123.4
109.0
107.6
121.8
117.7
106.9
106.7
122.0
122.6
123.1
107.6
116.6
122.6
105.9
107.5
114.7
105.4
106.6
106.6
123.1
123.2
122.3
122.7
106.2
106.4
156.6
121.7
121.5
122.6
124.5
106.1
121.0
122.9
124.2
122.6
105.3
122.4
116.6
124.1
122.4
123.3
108.1
121.3
122.7
122.5
124.6
122.4
121.9
119.3
122.8
122.4
116.3
124.2
121.2
123.3
117.6
122.2
123.4
124.9
123.6
123.9
123.0
122.9
121.2
122.1
122.3
121.9
123.0
122.8
124.2
123.3
156.9
122.9
121.5
155.4
122.7
122.6
123.6
123.9
123.6
120.7
117.6
123.7
122.1
123.6
123.6
122.1
148.4
156.0
121.3
122.2
122.1
123.5
155.9
122.3
122.3
155.6
121.8
122.8
116.5
122.5
124.5
123.2
122.1
156.1
123.3
120.8
122.1
122.9
124.0
122.7
122.3
155.0
123.6
154.3
121.8
124.0
155.4
123.0
122.7
154.7
122.8
123.5
122.1
123.4
120.9
121.8
123.4
123.0
124.3
120.9
123.3
122.3
123.8
121.9
122.8
105.5
155.2
119.5
125.2
122.1
122.5
149.2
122.4
122.7
123.6
121.6
122.7
121.6
116.7
123.6
157.2
122.8
123.5
116.9
155.3
123.2
122.5
122.2
154.9
122.3
116.2
155.3
124.0
121.4
122.2
123.1
155.3
123.9
123.3
116.7
155.5
123.7
120.8
123.3
123.3
123.3
116.6
124.5
156.8
124.0
123.2
123.8
123.3
124.4
123.5
119.1
123.7
125.3
123.5
105.6
122.5
122.8
107.7
123.0
122.9
106.5
123.0
116.7
107.6
123.8
123.9
123.1
122.3
122.6
109.1
124.1
122.2
121.9
122.4
101.3
118.1
123.2
106.8
105.7
122.2
107.5
107.2
106.6
124.4
122.6
106.9
106.5
106.7
106.6
108.4
104.3
106.6
139.6
124.0
106.2
107.9
124.2
123.2
106.5
106.9
121.9
109.5
107.6
106.4
108.1
124.1
105.7
104.9
105.8
124.0
122.4
107.4
107.5
105.2
107.9
99.2
106.4
140.9
105.5
106.0
106.9
106.3
106.4
107.5
106.7
121.0
107.0
107.6
106.9
106.9
107.5
123.1
106.1
106.9
107.8
108.5
524.3
123.4
123.2
107.4
108.0
108.7
106.7
107.4
107.8
107.6
128.0
95.1
107.2
111.0
107.7
110.1
141.9
101.5
118.2
107.5
105.7
101.3
108.1
141.6
106.6
106.3
107.7
110.7
108.8
101.7
106.7
107.8
106.9
107.1
109.4
106.2
107.6
108.7
108.0
107.6
107.4
105.7
106.7
102.0
107.5
100.2
107.1
107.0
107.6
105.9
106.7
108.2
108.8
108.9
106.2
108.1
106.1
107.2
106.9
105.0
107.8
106.0
105.9
107.3
106.8
105.7
100.7
100.9
105.9
101.0
106.9
107.8
102.7
101.6
108.5
106.8
106.0
106.6
134.7
105.7
107.2
100.2
107.2
105.3
107.2
101.6
106.1
101.5
106.3
107.3
99.6
107.4
106.8
107.0
106.7
107.9
108.2
