662.7
170.9
170.7
186.7
174.0
172.3
173.4
173.0
174.9
175.4
174.8
173.4
174.2
175.0
174.6
166.4
169.9
173.6
173.4
176.7
176.7
174.9
175.5
173.4
238.9
167.2
172.5
171.7
174.5
172.6
174.2
174.2
173.6
174.2
168.8
173.9
173.5
175.5
166.8
175.1
174.3
168.2
173.4
169.3
173.5
174.4
227.1
173.3
167.1
173.8
173.3
162.8
173.3
174.8
174.8
174.7
183.4
191.7
191.0
191.3
192.5
193.4
191.5
193.2
193.0
191.9
175.9
172.9
232.1
154.7
155.4
156.3
157.6
149.9
174.9
174.3
172.9
166.2
191.7
192.5
186.0
190.3
191.5
186.9
192.8
190.9
193.1
174.9
173.0
173.3
239.5
150.4
156.8
156.6
173.5
173.8
172.9
174.3
184.7
192.1
191.1
189.6
185.6
191.6
192.5
184.3
191.2
183.9
172.5
238.6
172.9
156.7
157.6
159.4
174.2
173.2
172.9
192.6
192.5
184.8
191.3
192.3
191.3
190.0
191.9
192.0
190.5
185.3
190.8
174.8
236.1
170.8
167.1
157.9
157.2
155.1
158.7
173.3
174.9
191.4
187.1
190.7
191.0
191.4
192.5
191.2
193.6
190.8
193.4
190.2
189.3
173.1
237.7
174.0
155.3
156.8
174.3
174.3
191.5
189.7
190.3
191.7
190.9
192.1
191.7
190.7
190.8
190.3
189.3
191.8
237.7
170.8
172.7
150.4
173.3
173.7
192.0
193.0
191.2
191.2
191.4
189.8
190.8
188.8
190.4
191.0
156.6
236.9
173.6
174.0
157.1
157.4
174.2
176.3
191.4
190.4
191.5
190.8
192.7
191.8
191.0
192.0
196.1
188.5
234.5
175.5
160.4
154.3
212.0
194.4
182.6
189.3
196.6
196.3
192.6
195.2
202.3
223.6
228.9
229.7
222.6
154.4
157.9
178.0
175.7
159.9
127.3
128.2
160.8
