Max Step   Target
3.4344E-03 1.8000E-02
2.1927E-01 1.8000E-02
7.7545E-02 1.8000E-02
4.5345E-02 1.8000E-02
1.4689E-01 1.8000E-02
4.9770E-02 1.8000E-02
1.4504E-02 1.8000E-02
0.0000E+00 1.8000E-02
2.8458E-03 1.8000E-02
2.7737E-02 1.8000E-02
2.2074E-02 1.8000E-02
5.1163E-02 1.8000E-02
3.7548E-02 1.8000E-02
2.7651E-02 1.8000E-02
1.3680E-02 1.8000E-02
1.0885E-02 1.8000E-02
8.7909E-02 1.8000E-02
4.0358E-02 1.8000E-02
1.7791E-02 1.8000E-02
4.7401E-03 1.8000E-02
2.0613E-02 1.8000E-02
2.0698E-02 1.8000E-02
4.8238E-02 1.8000E-02
5.4781E-03 1.8000E-02
1.1243E-02 1.8000E-02
2.2153E-02 1.8000E-02
2.1040E-02 1.8000E-02
2.5307E-02 1.8000E-02
8.3311E-03 1.8000E-02
4.9481E-03 1.8000E-02
7.2882E-03 1.8000E-02
1.6500E-02 1.8000E-02
1.0783E-02 1.8000E-02
2.8206E-03 1.8000E-02
1.1781E-02 1.8000E-02
1.0911E-02 1.8000E-02
1.2740E-02 1.8000E-02
1.6145E-02 1.8000E-02
8.9244E-03 1.8000E-02
2.4810E-03 1.8000E-02
3.9588E-03 1.8000E-02
3.1005E-03 1.8000E-02
6.3040E-03 1.8000E-02
6.6252E-03 1.8000E-02
5.3042E-03 1.8000E-02
4.6875E-03 1.8000E-02
