RMS Step   Target
5.7699E-05 1.2000E-02
4.0529E-03 1.2000E-02
1.0636E-03 1.2000E-02
9.5162E-04 1.2000E-02
3.0280E-03 1.2000E-02
1.0934E-03 1.2000E-02
3.7341E-04 1.2000E-02
0.0000E+00 1.2000E-02
8.0538E-05 1.2000E-02
7.2583E-04 1.2000E-02
4.9642E-04 1.2000E-02
1.1176E-03 1.2000E-02
8.9331E-04 1.2000E-02
6.9811E-04 1.2000E-02
3.8013E-04 1.2000E-02
2.8849E-04 1.2000E-02
2.2828E-03 1.2000E-02
1.2373E-03 1.2000E-02
4.9499E-04 1.2000E-02
2.4049E-04 1.2000E-02
8.7657E-04 1.2000E-02
9.0771E-04 1.2000E-02
2.1640E-03 1.2000E-02
2.5774E-04 1.2000E-02
2.7231E-04 1.2000E-02
8.9105E-04 1.2000E-02
1.0975E-03 1.2000E-02
1.3150E-03 1.2000E-02
3.8283E-04 1.2000E-02
2.0285E-04 1.2000E-02
2.4696E-04 1.2000E-02
6.8401E-04 1.2000E-02
5.3813E-04 1.2000E-02
1.9976E-04 1.2000E-02
7.9697E-04 1.2000E-02
6.8242E-04 1.2000E-02
6.8583E-04 1.2000E-02
6.8734E-04 1.2000E-02
4.9199E-04 1.2000E-02
1.7328E-04 1.2000E-02
3.1937E-04 1.2000E-02
2.7707E-04 1.2000E-02
5.6411E-04 1.2000E-02
6.1246E-04 1.2000E-02
5.2706E-04 1.2000E-02
2.3124E-04 1.2000E-02
