RMS Grad   Target
1.1431E-03 3.0000E-03
1.1186E-03 3.0000E-03
9.6315E-04 3.0000E-03
6.0272E-04 3.0000E-03
4.3913E-04 3.0000E-03
6.8839E-04 3.0000E-03
4.6641E-04 3.0000E-03
3.0401E-04 3.0000E-03
3.0814E-04 3.0000E-03
2.8235E-04 3.0000E-03
3.2810E-04 3.0000E-03
2.4662E-04 3.0000E-03
1.8278E-04 3.0000E-03
1.5021E-04 3.0000E-03
1.2539E-04 3.0000E-03
1.1888E-04 3.0000E-03
1.1195E-04 3.0000E-03
2.0046E-04 3.0000E-03
3.8691E-04 3.0000E-03
1.3981E-04 3.0000E-03
8.6132E-05 3.0000E-03
1.3162E-04 3.0000E-03
1.3433E-04 3.0000E-03
3.9513E-04 3.0000E-03
1.0828E-04 3.0000E-03
8.3097E-05 3.0000E-03
1.1180E-04 3.0000E-03
1.3502E-04 3.0000E-03
1.5544E-04 3.0000E-03
5.6749E-05 3.0000E-03
5.2099E-05 3.0000E-03
5.9162E-05 3.0000E-03
1.1342E-04 3.0000E-03
5.1293E-05 3.0000E-03
4.5048E-05 3.0000E-03
7.4525E-05 3.0000E-03
9.7185E-05 3.0000E-03
6.1882E-05 3.0000E-03
5.3064E-05 3.0000E-03
7.5774E-05 3.0000E-03
5.0035E-05 3.0000E-03
3.4504E-05 3.0000E-03
4.1937E-05 3.0000E-03
5.1704E-05 3.0000E-03
6.4135E-05 3.0000E-03
4.3499E-05 3.0000E-03
3.5330E-05 3.0000E-03
