798.6
298.1
297.9
296.8
298.2
298.5
301.1
297.9
300.5
299.9
300.6
300.7
299.9
302.1
302.1
303.4
303.7
303.0
303.2
302.7
301.6
303.2
302.0
301.7
413.2
298.2
298.6
297.7
299.5
300.1
300.1
300.7
300.3
300.1
300.8
304.5
300.5
302.6
303.1
303.3
303.0
305.0
302.0
300.6
300.8
302.7
388.3
275.4
273.2
275.8
299.7
300.6
300.8
300.4
299.7
302.0
303.4
330.2
329.3
328.7
327.6
325.4
326.7
326.2
301.0
301.4
301.2
302.2
412.6
273.3
274.4
273.5
275.5
276.3
301.7
300.4
301.5
302.0
328.5
329.8
330.3
330.4
328.7
329.3
329.5
325.7
327.6
300.1
302.9
301.8
414.4
298.5
273.2
275.7
275.6
299.3
299.1
302.5
304.0
304.8
334.8
333.8
335.0
335.6
334.4
333.9
333.7
331.1
328.7
301.3
300.9
278.9
413.6
298.3
303.3
276.8
274.9
301.7
300.6
304.0
300.9
303.1
332.3
335.5
334.5
334.0
334.6
334.6
333.1
328.7
328.5
303.8
301.7
275.5
409.7
276.0
275.2
275.4
274.1
278.0
277.1
276.4
278.3
305.9
330.9
334.5
336.9
332.0
333.7
332.9
331.1
327.1
325.7
301.7
302.2
279.1
412.8
274.9
278.5
275.4
274.9
278.2
276.2
277.6
303.8
330.1
332.2
334.9
334.2
333.0
333.9
329.9
331.2
388.3
276.5
274.7
277.0
277.0
275.4
277.0
302.7
328.9
334.5
341.1
336.5
336.1
333.0
333.8
304.2
389.1
274.5
276.4
276.3
276.3
277.2
299.9
332.1
335.8
337.9
338.2
336.4
333.3
363.1
388.4
272.9
275.7
303.8
276.0
301.2
331.2
338.1
862.4
365.4
380.9
275.3
338.8
326.5
392.9
388.6
306.2
386.1
386.2
382.9
390.4
391.9
385.9
392.5
389.4
389.8
388.6
388.1
390.3
395.5
391.2
367.2
381.1
365.7
389.7
366.4
391.1
393.1
389.8
367.0
362.0
364.1
392.3
368.7
280.7
227.4
278.9
275.0
271.0
269.8
276.7
276.3
300.5
275.0
275.7
269.2
276.5
267.1
276.5
228.5
229.1
227.8
227.9
275.4
230.1
276.1
221.3
226.1
228.4
278.7
