RMS Step   Target
2.2222E-03 1.2000E-03
6.0319E-03 1.2000E-03
4.6380E-03 1.2000E-03
1.4085E-03 1.2000E-03
4.1045E-03 1.2000E-03
3.3820E-03 1.2000E-03
4.8251E-03 1.2000E-03
4.9791E-03 1.2000E-03
5.2726E-03 1.2000E-03
3.0117E-03 1.2000E-03
8.6369E-04 1.2000E-03
4.5579E-03 1.2000E-03
2.9652E-03 1.2000E-03
1.5453E-03 1.2000E-03
1.1025E-03 1.2000E-03
3.4884E-04 1.2000E-03
3.4935E-03 1.2000E-03
1.8294E-03 1.2000E-03
2.9548E-03 1.2000E-03
1.0386E-03 1.2000E-03
2.4527E-03 1.2000E-03
2.7950E-03 1.2000E-03
2.4106E-03 1.2000E-03
9.0331E-04 1.2000E-03
2.8380E-04 1.2000E-03
8.9116E-04 1.2000E-03
1.3224E-03 1.2000E-03
2.5598E-03 1.2000E-03
3.9768E-03 1.2000E-03
3.7639E-03 1.2000E-03
2.5896E-03 1.2000E-03
1.4488E-03 1.2000E-03
1.7569E-03 1.2000E-03
2.1970E-03 1.2000E-03
1.3665E-03 1.2000E-03
5.0631E-04 1.2000E-03
8.0502E-04 1.2000E-03
7.4388E-04 1.2000E-03
1.8014E-03 1.2000E-03
5.8550E-04 1.2000E-03
3.1640E-04 1.2000E-03
3.1640E-04 1.2000E-03
