RMS Grad   Target
1.3516E-03 3.0000E-04
1.0506E-03 3.0000E-04
8.3386E-04 3.0000E-04
1.5504E-03 3.0000E-04
8.0427E-04 3.0000E-04
6.0326E-04 3.0000E-04
5.3821E-04 3.0000E-04
6.9425E-04 3.0000E-04
4.1251E-04 3.0000E-04
4.9617E-04 3.0000E-04
3.7891E-04 3.0000E-04
3.5950E-04 3.0000E-04
2.8029E-04 3.0000E-04
3.3778E-04 3.0000E-04
5.4554E-04 3.0000E-04
3.4201E-04 3.0000E-04
3.3327E-04 3.0000E-04
3.6154E-04 3.0000E-04
3.7991E-04 3.0000E-04
4.5587E-04 3.0000E-04
4.0147E-04 3.0000E-04
3.8623E-04 3.0000E-04
3.4982E-04 3.0000E-04
4.9824E-04 3.0000E-04
3.4710E-04 3.0000E-04
3.3412E-04 3.0000E-04
3.9147E-04 3.0000E-04
4.4347E-04 3.0000E-04
4.4518E-04 3.0000E-04
4.8044E-04 3.0000E-04
3.8568E-04 3.0000E-04
3.0538E-04 3.0000E-04
3.0691E-04 3.0000E-04
2.3497E-04 3.0000E-04
2.3022E-04 3.0000E-04
2.3576E-04 3.0000E-04
1.3247E-04 3.0000E-04
1.3497E-04 3.0000E-04
1.3534E-04 3.0000E-04
2.7848E-04 3.0000E-04
1.1058E-04 3.0000E-04
6.3909E-05 3.0000E-04
6.3909E-05 3.0000E-04
