0.000000000000000000e+00 0.000000000000000000e+00
1.282999999999999974e-01 2.286203539700000162e-02
3.717400000000000149e-01 8.869419283970000900e-02
5.197000000000000508e-01 1.897979409124999906e-01
6.553400000000000336e-01 5.027066215313999997e-01
7.915400000000000214e-01 7.934108961853000297e-01
9.806700000000000417e-01 1.013489785900000051e+00
1.135159999999999947e+00 1.771785403947100157e+00
1.292689999999999895e+00 3.038538826261500070e+00
1.452430000000000110e+00 5.167316296590100499e+00
1.615650000000000031e+00 8.185791463840100590e+00
1.781230000000000091e+00 1.103951859845400030e+01
1.951349999999999918e+00 1.274160996631970022e+01
2.127520000000000078e+00 1.292244274890010125e+01
2.302090000000000192e+00 1.225769805510000054e+01
2.463459999999999983e+00 1.183614761179489960e+01
2.641500000000000181e+00 1.222328439477470141e+01
2.810340000000000060e+00 1.318738275903199941e+01
2.974180000000000046e+00 1.390219501542229885e+01
3.127299999999999969e+00 1.387997774552280106e+01
3.288559999999999928e+00 1.362632279449599970e+01
3.428819999999999979e+00 1.328239383397109918e+01
3.649970000000000159e+00 1.308887413717959980e+01
3.771459999999999813e+00 1.304248816989240112e+01
