513.8
172.0
172.5
173.1
166.0
172.2
173.5
171.3
173.1
173.4
174.4
173.1
173.6
172.9
172.2
173.8
173.2
174.6
172.3
172.4
172.4
171.1
165.9
173.6
238.2
170.0
170.9
171.4
171.4
172.1
173.3
173.4
172.3
171.7
171.8
171.0
174.2
173.5
171.8
174.2
173.2
172.0
172.7
172.7
172.1
174.2
240.2
171.8
172.8
169.5
173.4
173.9
174.1
173.7
172.5
173.6
189.7
188.5
191.4
189.5
190.2
190.6
189.9
190.8
190.8
174.3
173.8
173.9
238.2
155.2
154.6
148.6
156.7
156.3
173.8
175.3
173.5
173.1
191.0
191.2
189.7
190.1
190.0
189.7
188.8
191.9
192.1
173.6
174.3
173.6
239.9
155.6
156.0
157.8
157.6
172.3
174.7
174.5
173.7
190.3
192.5
191.8
191.6
191.4
191.5
190.5
190.1
191.7
172.8
173.0
239.2
172.7
154.4
156.9
157.2
157.1
157.6
172.6
173.9
191.5
192.2
192.5
191.7
191.3
191.5
190.7
189.6
189.5
183.2
189.4
173.6
173.9
238.7
157.3
156.5
155.7
156.9
156.5
159.0
177.8
173.8
191.6
192.0
191.8
191.9
190.7
190.5
190.7
190.7
190.8
189.9
190.9
174.4
173.3
240.2
172.4
157.6
157.7
156.5
174.6
175.3
190.0
189.6
192.4
192.7
192.6
191.9
191.4
191.8
183.8
190.4
193.2
190.2
241.8
174.7
156.2
174.8
174.3
191.5
191.8
191.2
191.3
192.8
192.0
191.7
191.2
189.5
190.5
191.3
239.2
172.7
156.6
173.1
173.5
191.8
185.8
190.0
186.3
192.2
180.3
192.6
193.5
189.6
190.5
190.7
241.3
167.8
209.5
192.7
193.1
191.5
192.1
190.9
191.4
194.3
192.5
224.1
191.7
208.2
158.0
174.3
173.7
157.3
126.4
156.8
158.0
157.6
124.4
125.0
156.4
158.9
157.8
158.8
125.2
124.1
117.8
530.0
127.8
110.9
