RMS Step   Target
2.2222E-03 1.2000E-03
3.4259E-03 1.2000E-03
4.9924E-03 1.2000E-03
2.2754E-03 1.2000E-03
3.0965E-03 1.2000E-03
3.8021E-03 1.2000E-03
4.5537E-03 1.2000E-03
2.8670E-03 1.2000E-03
1.7381E-03 1.2000E-03
2.6379E-03 1.2000E-03
3.8067E-03 1.2000E-03
9.2869E-04 1.2000E-03
4.3601E-04 1.2000E-03
1.6671E-03 1.2000E-03
2.6897E-03 1.2000E-03
6.6165E-03 1.2000E-03
7.2106E-04 1.2000E-03
3.9597E-04 1.2000E-03
1.1691E-03 1.2000E-03
1.4057E-03 1.2000E-03
2.8608E-03 1.2000E-03
5.5614E-04 1.2000E-03
2.0109E-04 1.2000E-03
5.8431E-04 1.2000E-03
9.3513E-04 1.2000E-03
6.1456E-04 1.2000E-03
5.5070E-04 1.2000E-03
6.7982E-04 1.2000E-03
9.0722E-04 1.2000E-03
1.5228E-04 1.2000E-03
1.5228E-04 1.2000E-03
