318.5
139.2
125.1
128.3
125.2
124.5
126.5
129.7
127.5
126.5
122.8
122.7
138.7
143.3
120.1
138.8
144.5
126.4
141.9
140.7
130.0
141.7
141.9
124.5
148.7
142.3
130.9
147.8
143.2
131.7
142.3
144.5
125.6
140.7
138.3
128.8
154.9
140.1
125.9
139.9
142.2
128.5
143.2
137.2
128.0
145.1
139.0
127.2
137.6
140.7
126.7
145.7
141.2
129.6
142.4
140.2
128.1
141.0
141.9
140.6
140.2
138.3
126.8
142.3
139.0
129.8
137.1
148.5
122.3
139.5
144.3
137.7
155.1
149.0
146.5
138.4
143.8
124.4
138.6
142.9
128.6
143.7
142.0
126.8
141.7
145.8
123.2
139.3
143.4
121.0
139.6
149.2
127.7
144.7
152.7
115.9
144.2
144.6
118.6
145.3
