RMS Step   Target
7.2146E-05 8.0000E-04
2.5162E-05 8.0000E-04
2.7107E-05 8.0000E-04
8.3487E-05 8.0000E-04
9.5208E-05 8.0000E-04
1.9802E-04 8.0000E-04
5.9981E-05 8.0000E-04
1.0494E-04 8.0000E-04
1.3475E-04 8.0000E-04
2.6996E-04 8.0000E-04
2.0134E-04 8.0000E-04
1.5823E-04 8.0000E-04
2.1309E-04 8.0000E-04
2.0690E-04 8.0000E-04
1.3819E-04 8.0000E-04
2.6841E-04 8.0000E-04
3.2610E-04 8.0000E-04
1.5941E-04 8.0000E-04
2.4135E-04 8.0000E-04
2.3403E-04 8.0000E-04
2.6938E-04 8.0000E-04
3.9586E-04 8.0000E-04
3.7984E-04 8.0000E-04
1.6083E-04 8.0000E-04
2.6436E-04 8.0000E-04
2.7006E-04 8.0000E-04
8.4790E-04 8.0000E-04
2.2270E-04 8.0000E-04
1.3222E-04 8.0000E-04
4.0206E-04 8.0000E-04
5.6583E-04 8.0000E-04
2.6603E-04 8.0000E-04
4.5063E-04 8.0000E-04
3.4553E-04 8.0000E-04
9.9446E-04 8.0000E-04
7.3898E-04 8.0000E-04
1.1599E-04 8.0000E-04
1.5594E-04 8.0000E-04
3.9293E-04 8.0000E-04
1.1111E-03 8.0000E-04
5.8579E-04 8.0000E-04
3.4912E-04 8.0000E-04
5.1460E-04 8.0000E-04
8.2831E-04 8.0000E-04
5.0106E-04 8.0000E-04
5.4621E-04 8.0000E-04
4.4804E-04 8.0000E-04
7.6876E-04 8.0000E-04
1.3799E-03 8.0000E-04
5.2955E-04 8.0000E-04
3.9574E-04 8.0000E-04
6.5190E-04 8.0000E-04
1.3820E-03 8.0000E-04
2.9924E-04 8.0000E-04
5.1686E-04 8.0000E-04
5.9642E-04 8.0000E-04
1.4275E-03 8.0000E-04
1.0969E-03 8.0000E-04
6.8192E-04 8.0000E-04
8.5124E-04 8.0000E-04
1.1499E-03 8.0000E-04
4.7834E-04 8.0000E-04
1.5723E-03 8.0000E-04
1.0704E-03 8.0000E-04
9.9900E-04 8.0000E-04
1.8064E-03 8.0000E-04
8.9810E-04 8.0000E-04
4.7956E-04 8.0000E-04
1.6225E-03 8.0000E-04
3.6221E-04 8.0000E-04
1.3947E-03 8.0000E-04
1.5568E-03 8.0000E-04
3.0159E-03 8.0000E-04
7.0551E-04 8.0000E-04
8.7323E-04 8.0000E-04
5.4707E-04 8.0000E-04
1.6422E-03 8.0000E-04
7.9886E-04 8.0000E-04
3.2520E-03 8.0000E-04
5.3789E-04 8.0000E-04
3.1819E-03 8.0000E-04
1.9981E-03 8.0000E-04
2.0104E-03 8.0000E-04
1.0593E-03 8.0000E-04
3.6329E-03 8.0000E-04
9.8989E-04 8.0000E-04
2.2083E-03 8.0000E-04
3.8939E-04 8.0000E-04
2.4557E-03 8.0000E-04
1.3212E-03 8.0000E-04
2.2320E-03 8.0000E-04
1.7344E-03 8.0000E-04
2.0162E-03 8.0000E-04
1.3032E-03 8.0000E-04
3.3161E-03 8.0000E-04
4.6515E-04 8.0000E-04
1.3552E-03 8.0000E-04
2.5981E-03 8.0000E-04
2.5717E-03 8.0000E-04
1.1033E-03 8.0000E-04
4.1077E-03 8.0000E-04
1.4406E-03 8.0000E-04
4.9620E-04 8.0000E-04
2.9833E-03 8.0000E-04
1.4581E-03 8.0000E-04
3.6718E-03 8.0000E-04
2.1271E-03 8.0000E-04
7.6080E-04 8.0000E-04
4.2066E-03 8.0000E-04
2.4707E-03 8.0000E-04
6.3959E-04 8.0000E-04
1.9864E-03 8.0000E-04
2.4944E-03 8.0000E-04
2.1817E-03 8.0000E-04
2.7426E-03 8.0000E-04
2.6745E-03 8.0000E-04
2.0970E-03 8.0000E-04
3.2407E-03 8.0000E-04
1.2566E-03 8.0000E-04
1.3465E-03 8.0000E-04
2.8686E-03 8.0000E-04
3.5442E-03 8.0000E-04
4.0550E-03 8.0000E-04
2.9833E-03 8.0000E-04
3.0305E-03 8.0000E-04
1.8944E-03 8.0000E-04
3.1455E-03 8.0000E-04
1.5203E-03 8.0000E-04
2.0239E-03 8.0000E-04
3.2456E-03 8.0000E-04
1.8801E-03 8.0000E-04
1.5745E-03 8.0000E-04
1.9615E-03 8.0000E-04
2.0399E-03 8.0000E-04
1.0413E-03 8.0000E-04
1.9604E-03 8.0000E-04
1.6266E-03 8.0000E-04
1.6066E-03 8.0000E-04
1.3204E-03 8.0000E-04
1.5195E-03 8.0000E-04
1.4677E-03 8.0000E-04
1.0435E-03 8.0000E-04
1.3005E-03 8.0000E-04
1.2112E-03 8.0000E-04
1.3768E-03 8.0000E-04
1.3491E-03 8.0000E-04
9.6004E-04 8.0000E-04
1.1245E-03 8.0000E-04
1.5357E-03 8.0000E-04
1.1414E-03 8.0000E-04
5.2172E-04 8.0000E-04
8.6506E-04 8.0000E-04
1.4159E-03 8.0000E-04
6.0728E-04 8.0000E-04
8.9617E-04 8.0000E-04
1.0663E-03 8.0000E-04
2.2375E-03 8.0000E-04
6.4488E-04 8.0000E-04
4.4646E-04 8.0000E-04
8.9491E-04 8.0000E-04
1.6712E-03 8.0000E-04
1.2034E-03 8.0000E-04
2.2148E-03 8.0000E-04
1.8919E-03 8.0000E-04
8.1932E-04 8.0000E-04
2.1602E-03 8.0000E-04
1.1289E-03 8.0000E-04
2.9479E-03 8.0000E-04
1.3449E-03 8.0000E-04
9.1382E-04 8.0000E-04
1.4237E-03 8.0000E-04
1.3372E-03 8.0000E-04
2.6010E-03 8.0000E-04
7.4675E-04 8.0000E-04
6.1766E-04 8.0000E-04
1.6784E-03 8.0000E-04
1.2361E-03 8.0000E-04
2.0700E-03 8.0000E-04
4.6412E-04 8.0000E-04
9.4397E-04 8.0000E-04
1.4401E-03 8.0000E-04
1.8138E-03 8.0000E-04
5.1060E-04 8.0000E-04
1.0060E-03 8.0000E-04
4.9517E-04 8.0000E-04
1.0680E-03 8.0000E-04
9.6997E-04 8.0000E-04
3.7592E-04 8.0000E-04
3.7214E-04 8.0000E-04
8.2656E-04 8.0000E-04
8.0092E-04 8.0000E-04
3.4728E-04 8.0000E-04
5.0435E-04 8.0000E-04
8.1476E-04 8.0000E-04
4.2212E-04 8.0000E-04
8.4298E-04 8.0000E-04
3.2542E-04 8.0000E-04
3.2779E-04 8.0000E-04
1.0258E-03 8.0000E-04
1.0684E-03 8.0000E-04
1.6087E-04 8.0000E-04
7.8510E-04 8.0000E-04
4.2501E-04 8.0000E-04
1.0200E-03 8.0000E-04
9.2584E-04 8.0000E-04
5.1284E-04 8.0000E-04
5.8805E-04 8.0000E-04
9.2380E-04 8.0000E-04
6.8072E-04 8.0000E-04
8.4039E-04 8.0000E-04
6.8084E-04 8.0000E-04
1.0711E-03 8.0000E-04
3.5027E-04 8.0000E-04
5.2454E-04 8.0000E-04
3.7620E-04 8.0000E-04
7.1980E-04 8.0000E-04
7.9435E-04 8.0000E-04
4.8767E-04 8.0000E-04
4.8347E-04 8.0000E-04
5.2390E-04 8.0000E-04
5.3721E-04 8.0000E-04
2.8278E-04 8.0000E-04
3.0532E-04 8.0000E-04
4.4157E-04 8.0000E-04
5.3627E-04 8.0000E-04
4.2110E-04 8.0000E-04
4.2120E-04 8.0000E-04
2.8644E-04 8.0000E-04
3.3443E-04 8.0000E-04
2.2705E-04 8.0000E-04
3.6081E-04 8.0000E-04
2.5659E-04 8.0000E-04
4.8759E-04 8.0000E-04
1.8883E-04 8.0000E-04
2.6456E-04 8.0000E-04
2.5951E-04 8.0000E-04
2.2619E-04 8.0000E-04
1.4724E-04 8.0000E-04
3.2580E-04 8.0000E-04
2.3932E-04 8.0000E-04
1.4129E-04 8.0000E-04
3.2922E-04 8.0000E-04
2.6939E-04 8.0000E-04
7.1476E-05 8.0000E-04
1.8813E-04 8.0000E-04
1.3194E-04 8.0000E-04
4.0901E-04 8.0000E-04
3.0653E-04 8.0000E-04
9.4806E-05 8.0000E-04
1.8267E-04 8.0000E-04
1.6132E-04 8.0000E-04
3.5932E-04 8.0000E-04
2.8233E-04 8.0000E-04
1.4761E-04 8.0000E-04
1.7073E-04 8.0000E-04
2.8640E-04 8.0000E-04
2.1438E-04 8.0000E-04
2.6699E-04 8.0000E-04
2.4686E-04 8.0000E-04
2.0668E-04 8.0000E-04
2.7149E-04 8.0000E-04
3.0366E-04 8.0000E-04
1.3856E-04 8.0000E-04
2.0239E-04 8.0000E-04
2.9674E-04 8.0000E-04
3.5343E-04 8.0000E-04
2.9652E-04 8.0000E-04
1.9309E-04 8.0000E-04
2.0695E-04 8.0000E-04
1.7649E-04 8.0000E-04
3.1258E-04 8.0000E-04
3.0526E-04 8.0000E-04
1.8579E-04 8.0000E-04
2.2133E-04 8.0000E-04
1.8622E-04 8.0000E-04
1.7393E-04 8.0000E-04
1.9512E-04 8.0000E-04
2.9446E-04 8.0000E-04
6.7131E-05 8.0000E-04
2.1996E-04 8.0000E-04
1.2516E-04 8.0000E-04
3.2129E-04 8.0000E-04
1.1624E-04 8.0000E-04
1.0922E-04 8.0000E-04
1.1348E-04 8.0000E-04
2.0551E-04 8.0000E-04
2.0692E-04 8.0000E-04
1.5723E-04 8.0000E-04
1.9774E-04 8.0000E-04
1.5124E-04 8.0000E-04
1.6783E-04 8.0000E-04
5.8166E-05 8.0000E-04
8.0341E-05 8.0000E-04
2.0526E-04 8.0000E-04
2.0789E-04 8.0000E-04
2.2404E-04 8.0000E-04
1.3224E-04 8.0000E-04
2.0018E-04 8.0000E-04
9.4750E-05 8.0000E-04
1.1135E-04 8.0000E-04
1.3983E-04 8.0000E-04
1.4202E-04 8.0000E-04
1.5031E-04 8.0000E-04
1.6846E-04 8.0000E-04
1.6696E-04 8.0000E-04
1.1898E-04 8.0000E-04
1.9045E-04 8.0000E-04
1.5324E-04 8.0000E-04
5.6803E-05 8.0000E-04
