461.6
184.2
191.4
189.6
184.6
227.9
202.4
221.8
206.6
174.6
173.0
185.0
185.5
179.1
194.5
191.2
204.7
204.9
213.0
207.0
229.1
192.2
184.5
184.7
172.7
175.2
188.5
183.7
188.6
203.8
200.1
219.2
197.2
169.2
193.5
185.3
171.1
211.5
185.9
177.9
171.1
179.1
225.4
214.3
179.6
177.1
179.6
198.7
184.6
203.6
218.2
221.1
200.2
196.9
182.4
178.9
172.6
201.9
223.5
190.6
198.9
194.5
185.5
214.2
222.0
230.5
244.9
210.2
232.5
207.4
256.5
256.4
227.1
204.7
192.7
199.3
201.1
209.4
206.3
192.9
192.7
200.8
215.9
196.4
182.0
188.2
181.5
180.7
181.0
216.2
212.5
216.3
189.2
206.8
202.7
179.6
201.1
208.8
186.8
179.9
185.9
189.5
221.3
219.6
248.4
220.5
214.4
185.4
181.4
181.9
180.4
189.5
189.4
182.0
182.3
201.2
198.4
202.1
200.1
193.9
222.7
184.6
177.7
186.8
203.7
204.7
199.1
205.1
216.7
246.1
238.2
245.7
258.5
209.4
215.4
226.5
238.1
224.8
222.4
208.2
203.2
229.1
202.9
219.9
203.0
210.0
233.1
224.6
211.0
201.8
219.1
236.0
221.3
244.3
254.7
209.6
197.4
203.9
186.1
189.5
203.0
200.7
205.4
206.3
201.8
202.6
227.5
231.1
231.2
209.2
220.2
196.2
207.5
198.5
204.3
200.2
227.1
216.5
226.6
262.8
210.4
195.2
185.8
190.2
181.6
188.5
184.6
192.3
202.3
189.8
191.7
229.7
199.8
186.5
201.8
227.5
222.6
202.0
190.9
180.6
181.7
173.2
197.7
199.8
203.9
193.2
182.7
173.6
205.7
188.6
186.6
189.5
188.6
201.5
206.4
183.1
185.9
185.6
199.4
186.5
221.0
225.2
210.2
168.1
170.0
178.6
201.2
220.5
190.4
170.4
167.5
183.9
211.3
226.4
224.2
209.0
190.9
174.0
168.6
178.1
183.8
212.2
191.9
200.5
168.9
170.1
172.8
216.5
233.7
211.6
205.4
185.3
186.8
173.2
178.9
181.4
246.6
214.8
192.9
177.4
184.3
175.6
184.3
211.5
203.6
219.4
204.0
209.7
215.2
181.4
176.0
183.7
179.5
182.0
180.5
253.8
207.8
224.7
179.1
172.2
173.1
176.3
178.5
181.0
193.8
194.6
209.1
176.2
198.4
177.4
167.7
176.5
171.8
170.0
176.3
178.0
176.5
188.8
184.5
175.1
171.6
172.1
172.2
173.6
177.9
180.1
177.0
178.9
172.4
167.8
170.4
185.8
189.7
