RMS Step   Target
2.8653E-04 8.0000E-04
2.8520E-03 8.0000E-04
9.0066E-04 8.0000E-04
1.6911E-03 8.0000E-04
1.8902E-03 8.0000E-04
1.2978E-03 8.0000E-04
4.8280E-04 8.0000E-04
6.6248E-04 8.0000E-04
1.0367E-03 8.0000E-04
4.6169E-04 8.0000E-04
2.2094E-04 8.0000E-04
5.4693E-04 8.0000E-04
9.1505E-04 8.0000E-04
4.0042E-04 8.0000E-04
4.3474E-04 8.0000E-04
5.2099E-04 8.0000E-04
1.0149E-03 8.0000E-04
1.5948E-03 8.0000E-04
1.9554E-04 8.0000E-04
2.8385E-04 8.0000E-04
4.9968E-04 8.0000E-04
1.4171E-03 8.0000E-04
4.1977E-04 8.0000E-04
3.0384E-04 8.0000E-04
6.6121E-04 8.0000E-04
9.0542E-04 8.0000E-04
1.5356E-03 8.0000E-04
3.6773E-04 8.0000E-04
1.2667E-04 8.0000E-04
2.4865E-04 8.0000E-04
6.7193E-04 8.0000E-04
2.4611E-04 8.0000E-04
3.1102E-04 8.0000E-04
4.4736E-04 8.0000E-04
6.1579E-04 8.0000E-04
8.6951E-04 8.0000E-04
1.4602E-04 8.0000E-04
1.2739E-04 8.0000E-04
2.2112E-04 8.0000E-04
7.1515E-04 8.0000E-04
4.1172E-04 8.0000E-04
2.0877E-04 8.0000E-04
3.7316E-04 8.0000E-04
4.4478E-04 8.0000E-04
5.8628E-04 8.0000E-04
8.6278E-04 8.0000E-04
4.7853E-04 8.0000E-04
1.1027E-04 8.0000E-04
1.3066E-04 8.0000E-04
3.9793E-04 8.0000E-04
3.9726E-04 8.0000E-04
4.4764E-04 8.0000E-04
4.1525E-04 8.0000E-04
3.1152E-04 8.0000E-04
2.8838E-04 8.0000E-04
3.6378E-04 8.0000E-04
2.0345E-04 8.0000E-04
2.8902E-04 8.0000E-04
4.9196E-04 8.0000E-04
7.2230E-04 8.0000E-04
2.0852E-04 8.0000E-04
1.8511E-04 8.0000E-04
2.0836E-04 8.0000E-04
3.4019E-04 8.0000E-04
3.6833E-04 8.0000E-04
4.4834E-04 8.0000E-04
3.5146E-04 8.0000E-04
2.8288E-04 8.0000E-04
3.3429E-04 8.0000E-04
2.8111E-04 8.0000E-04
2.4833E-04 8.0000E-04
3.9161E-04 8.0000E-04
3.4415E-04 8.0000E-04
2.6238E-04 8.0000E-04
5.9632E-04 8.0000E-04
4.3763E-04 8.0000E-04
8.1687E-05 8.0000E-04
1.2406E-04 8.0000E-04
1.9018E-04 8.0000E-04
4.5174E-04 8.0000E-04
6.6510E-04 8.0000E-04
8.5721E-05 8.0000E-04
5.8844E-05 8.0000E-04
