RMS Grad   Target
3.1982E-03 2.0000E-04
2.8635E-03 2.0000E-04
7.3951E-04 2.0000E-04
5.1812E-04 2.0000E-04
4.6368E-04 2.0000E-04
5.6280E-04 2.0000E-04
2.8368E-04 2.0000E-04
1.8763E-04 2.0000E-04
1.7593E-04 2.0000E-04
2.8055E-04 2.0000E-04
1.1296E-04 2.0000E-04
9.8280E-05 2.0000E-04
1.1299E-04 2.0000E-04
2.2470E-04 2.0000E-04
1.0322E-04 2.0000E-04
8.0552E-05 2.0000E-04
9.8940E-05 2.0000E-04
1.3711E-04 2.0000E-04
1.6071E-04 2.0000E-04
7.1295E-05 2.0000E-04
7.6304E-05 2.0000E-04
8.6266E-05 2.0000E-04
2.3598E-04 2.0000E-04
7.3299E-05 2.0000E-04
5.6222E-05 2.0000E-04
7.1549E-05 2.0000E-04
9.2827E-05 2.0000E-04
1.3938E-04 2.0000E-04
4.0298E-05 2.0000E-04
3.8311E-05 2.0000E-04
4.9000E-05 2.0000E-04
1.1913E-04 2.0000E-04
4.5154E-05 2.0000E-04
3.7763E-05 2.0000E-04
4.6731E-05 2.0000E-04
6.2463E-05 2.0000E-04
7.0269E-05 2.0000E-04
3.1111E-05 2.0000E-04
3.3036E-05 2.0000E-04
4.1767E-05 2.0000E-04
8.2217E-05 2.0000E-04
3.7896E-05 2.0000E-04
2.6029E-05 2.0000E-04
3.2354E-05 2.0000E-04
4.6057E-05 2.0000E-04
4.5754E-05 2.0000E-04
5.7584E-05 2.0000E-04
3.9735E-05 2.0000E-04
2.6310E-05 2.0000E-04
2.6548E-05 2.0000E-04
4.6145E-05 2.0000E-04
2.8945E-05 2.0000E-04
2.4170E-05 2.0000E-04
3.1026E-05 2.0000E-04
2.8007E-05 2.0000E-04
2.6973E-05 2.0000E-04
3.5027E-05 2.0000E-04
2.8134E-05 2.0000E-04
2.5500E-05 2.0000E-04
3.1604E-05 2.0000E-04
3.7496E-05 2.0000E-04
2.2890E-05 2.0000E-04
2.0530E-05 2.0000E-04
2.5295E-05 2.0000E-04
2.6017E-05 2.0000E-04
2.3269E-05 2.0000E-04
2.4508E-05 2.0000E-04
2.5863E-05 2.0000E-04
2.1948E-05 2.0000E-04
2.2722E-05 2.0000E-04
2.4363E-05 2.0000E-04
2.0491E-05 2.0000E-04
2.3916E-05 2.0000E-04
2.4836E-05 2.0000E-04
2.1867E-05 2.0000E-04
2.7250E-05 2.0000E-04
3.8686E-05 2.0000E-04
1.8444E-05 2.0000E-04
1.5436E-05 2.0000E-04
1.9647E-05 2.0000E-04
2.5647E-05 2.0000E-04
3.8114E-05 2.0000E-04
1.5060E-05 2.0000E-04
1.3812E-05 2.0000E-04
