453.8
197.8
219.1
226.0
223.4
250.9
244.6
204.5
197.3
201.6
225.6
222.2
239.2
203.0
205.1
205.4
250.7
244.4
210.3
200.7
249.2
228.4
205.3
205.0
204.4
207.8
208.8
197.7
208.2
185.2
180.7
181.0
183.6
201.5
200.0
270.2
208.1
187.4
183.4
186.2
202.1
189.8
181.3
186.1
188.2
180.3
179.7
197.0
176.3
178.6
177.5
212.5
184.9
191.4
187.7
185.5
190.3
179.2
202.4
241.1
198.7
184.4
223.2
179.0
188.6
180.6
180.9
180.7
191.3
209.5
181.8
186.7
190.3
184.2
180.6
177.8
189.6
174.9
178.9
233.3
193.1
184.1
172.9
186.9
