RMS Grad   Target
3.2913E-03 2.0000E-04
2.9541E-03 2.0000E-04
7.7367E-04 2.0000E-04
5.3454E-04 2.0000E-04
4.8920E-04 2.0000E-04
5.5813E-04 2.0000E-04
2.7029E-04 2.0000E-04
2.0733E-04 2.0000E-04
2.0928E-04 2.0000E-04
4.1128E-04 2.0000E-04
1.4609E-04 2.0000E-04
1.2993E-04 2.0000E-04
1.6232E-04 2.0000E-04
2.6674E-04 2.0000E-04
1.4092E-04 2.0000E-04
1.0664E-04 2.0000E-04
1.4740E-04 2.0000E-04
2.1657E-04 2.0000E-04
1.3321E-04 2.0000E-04
1.0985E-04 2.0000E-04
1.2747E-04 2.0000E-04
1.3431E-04 2.0000E-04
1.5603E-04 2.0000E-04
1.0047E-04 2.0000E-04
9.1476E-05 2.0000E-04
1.2078E-04 2.0000E-04
8.1613E-05 2.0000E-04
6.9837E-05 2.0000E-04
6.6446E-05 2.0000E-04
5.3803E-05 2.0000E-04
6.0441E-05 2.0000E-04
8.3647E-05 2.0000E-04
6.4918E-05 2.0000E-04
6.4117E-05 2.0000E-04
6.1502E-05 2.0000E-04
5.1508E-05 2.0000E-04
5.4483E-05 2.0000E-04
5.0755E-05 2.0000E-04
5.3870E-05 2.0000E-04
6.3113E-05 2.0000E-04
5.5892E-05 2.0000E-04
3.7092E-05 2.0000E-04
4.4161E-05 2.0000E-04
5.4038E-05 2.0000E-04
1.0034E-04 2.0000E-04
4.1468E-05 2.0000E-04
3.3882E-05 2.0000E-04
4.0253E-05 2.0000E-04
5.6046E-05 2.0000E-04
3.8323E-05 2.0000E-04
2.9127E-05 2.0000E-04
4.1582E-05 2.0000E-04
4.0316E-05 2.0000E-04
3.2743E-05 2.0000E-04
4.7127E-05 2.0000E-04
3.6218E-05 2.0000E-04
3.2279E-05 2.0000E-04
4.7578E-05 2.0000E-04
6.2934E-05 2.0000E-04
3.7564E-05 2.0000E-04
2.9751E-05 2.0000E-04
2.8962E-05 2.0000E-04
5.8193E-05 2.0000E-04
3.4731E-05 2.0000E-04
2.4242E-05 2.0000E-04
2.5331E-05 2.0000E-04
4.4495E-05 2.0000E-04
3.0250E-05 2.0000E-04
2.8561E-05 2.0000E-04
2.7394E-05 2.0000E-04
3.3401E-05 2.0000E-04
3.6698E-05 2.0000E-04
2.4527E-05 2.0000E-04
2.3185E-05 2.0000E-04
2.9087E-05 2.0000E-04
3.8948E-05 2.0000E-04
2.3334E-05 2.0000E-04
1.9331E-05 2.0000E-04
2.6376E-05 2.0000E-04
3.2088E-05 2.0000E-04
2.4333E-05 2.0000E-04
2.7283E-05 2.0000E-04
3.0670E-05 2.0000E-04
2.2728E-05 2.0000E-04
2.2689E-05 2.0000E-04
3.0834E-05 2.0000E-04
2.4344E-05 2.0000E-04
1.9135E-05 2.0000E-04
3.0104E-05 2.0000E-04
2.2445E-05 2.0000E-04
2.3855E-05 2.0000E-04
2.5076E-05 2.0000E-04
2.1484E-05 2.0000E-04
3.1674E-05 2.0000E-04
2.1726E-05 2.0000E-04
1.9804E-05 2.0000E-04
2.1280E-05 2.0000E-04
2.7190E-05 2.0000E-04
1.7778E-05 2.0000E-04
1.7487E-05 2.0000E-04
2.4001E-05 2.0000E-04
1.7999E-05 2.0000E-04
2.0900E-05 2.0000E-04
2.1314E-05 2.0000E-04
1.8167E-05 2.0000E-04
2.1982E-05 2.0000E-04
2.0099E-05 2.0000E-04
2.0464E-05 2.0000E-04
2.5672E-05 2.0000E-04
3.7026E-05 2.0000E-04
1.6046E-05 2.0000E-04
1.3870E-05 2.0000E-04
1.5969E-05 2.0000E-04
2.5830E-05 2.0000E-04
3.0383E-05 2.0000E-04
1.4131E-05 2.0000E-04
1.4068E-05 2.0000E-04
1.6950E-05 2.0000E-04
2.8775E-05 2.0000E-04
1.6112E-05 2.0000E-04
1.6448E-05 2.0000E-04
1.7952E-05 2.0000E-04
2.5297E-05 2.0000E-04
1.8130E-05 2.0000E-04
1.7695E-05 2.0000E-04
1.7122E-05 2.0000E-04
1.7996E-05 2.0000E-04
1.7490E-05 2.0000E-04
1.7552E-05 2.0000E-04
1.7869E-05 2.0000E-04
1.6591E-05 2.0000E-04
1.5549E-05 2.0000E-04
1.8679E-05 2.0000E-04
1.7565E-05 2.0000E-04
1.5826E-05 2.0000E-04
1.7712E-05 2.0000E-04
1.4895E-05 2.0000E-04
1.4760E-05 2.0000E-04
1.7363E-05 2.0000E-04
1.6851E-05 2.0000E-04
1.4792E-05 2.0000E-04
1.6139E-05 2.0000E-04
2.3600E-05 2.0000E-04
1.6454E-05 2.0000E-04
1.3679E-05 2.0000E-04
1.6782E-05 2.0000E-04
1.5353E-05 2.0000E-04
2.0445E-05 2.0000E-04
1.4131E-05 2.0000E-04
1.4028E-05 2.0000E-04
1.7573E-05 2.0000E-04
1.8648E-05 2.0000E-04
1.4380E-05 2.0000E-04
1.4491E-05 2.0000E-04
1.8245E-05 2.0000E-04
2.0189E-05 2.0000E-04
1.2779E-05 2.0000E-04
1.2492E-05 2.0000E-04
1.6658E-05 2.0000E-04
1.3769E-05 2.0000E-04
1.5439E-05 2.0000E-04
1.4685E-05 2.0000E-04
1.3052E-05 2.0000E-04
2.0936E-05 2.0000E-04
1.5013E-05 2.0000E-04
1.3829E-05 2.0000E-04
1.5894E-05 2.0000E-04
1.5044E-05 2.0000E-04
1.3842E-05 2.0000E-04
1.9843E-05 2.0000E-04
2.0312E-05 2.0000E-04
1.3856E-05 2.0000E-04
1.4042E-05 2.0000E-04
1.7840E-05 2.0000E-04
1.5892E-05 2.0000E-04
2.5738E-05 2.0000E-04
1.5243E-05 2.0000E-04
1.3143E-05 2.0000E-04
1.4008E-05 2.0000E-04
2.0411E-05 2.0000E-04
1.5646E-05 2.0000E-04
1.7151E-05 2.0000E-04
1.8717E-05 2.0000E-04
1.3626E-05 2.0000E-04
