RMS Grad   Target
3.2898E-03 2.0000E-04
2.9411E-03 2.0000E-04
7.3817E-04 2.0000E-04
5.0966E-04 2.0000E-04
4.5052E-04 2.0000E-04
5.1864E-04 2.0000E-04
2.7904E-04 2.0000E-04
2.0750E-04 2.0000E-04
2.1549E-04 2.0000E-04
3.5655E-04 2.0000E-04
1.5694E-04 2.0000E-04
1.4176E-04 2.0000E-04
1.7211E-04 2.0000E-04
2.7591E-04 2.0000E-04
1.3901E-04 2.0000E-04
1.0691E-04 2.0000E-04
1.4780E-04 2.0000E-04
2.1095E-04 2.0000E-04
1.3227E-04 2.0000E-04
1.0726E-04 2.0000E-04
1.2770E-04 2.0000E-04
1.2171E-04 2.0000E-04
2.5827E-04 2.0000E-04
9.8673E-05 2.0000E-04
8.9593E-05 2.0000E-04
1.0597E-04 2.0000E-04
1.6380E-04 2.0000E-04
8.6636E-05 2.0000E-04
6.0591E-05 2.0000E-04
8.9167E-05 2.0000E-04
6.8122E-05 2.0000E-04
6.3530E-05 2.0000E-04
1.0666E-04 2.0000E-04
7.2343E-05 2.0000E-04
5.8551E-05 2.0000E-04
7.9642E-05 2.0000E-04
7.7798E-05 2.0000E-04
4.9884E-05 2.0000E-04
5.0847E-05 2.0000E-04
6.0122E-05 2.0000E-04
1.1337E-04 2.0000E-04
5.4173E-05 2.0000E-04
3.7634E-05 2.0000E-04
4.4854E-05 2.0000E-04
6.8461E-05 2.0000E-04
8.5422E-05 2.0000E-04
6.5330E-05 2.0000E-04
4.2966E-05 2.0000E-04
4.9429E-05 2.0000E-04
5.6163E-05 2.0000E-04
6.4770E-05 2.0000E-04
4.5003E-05 2.0000E-04
3.5267E-05 2.0000E-04
3.9846E-05 2.0000E-04
5.4736E-05 2.0000E-04
3.9743E-05 2.0000E-04
4.1720E-05 2.0000E-04
4.2968E-05 2.0000E-04
3.4814E-05 2.0000E-04
4.8668E-05 2.0000E-04
4.1570E-05 2.0000E-04
3.1244E-05 2.0000E-04
3.1496E-05 2.0000E-04
3.9495E-05 2.0000E-04
3.4935E-05 2.0000E-04
6.9799E-05 2.0000E-04
3.0727E-05 2.0000E-04
2.2537E-05 2.0000E-04
2.6230E-05 2.0000E-04
3.2568E-05 2.0000E-04
2.6954E-05 2.0000E-04
3.9769E-05 2.0000E-04
2.3443E-05 2.0000E-04
2.4193E-05 2.0000E-04
3.3333E-05 2.0000E-04
2.5654E-05 2.0000E-04
1.9572E-05 2.0000E-04
2.8206E-05 2.0000E-04
2.5866E-05 2.0000E-04
2.0516E-05 2.0000E-04
2.7095E-05 2.0000E-04
3.1072E-05 2.0000E-04
2.1488E-05 2.0000E-04
2.0167E-05 2.0000E-04
2.1888E-05 2.0000E-04
3.9851E-05 2.0000E-04
2.0488E-05 2.0000E-04
1.7019E-05 2.0000E-04
1.9638E-05 2.0000E-04
3.3090E-05 2.0000E-04
2.0398E-05 2.0000E-04
1.8275E-05 2.0000E-04
2.1533E-05 2.0000E-04
2.7744E-05 2.0000E-04
2.0775E-05 2.0000E-04
1.6895E-05 2.0000E-04
2.0090E-05 2.0000E-04
2.9074E-05 2.0000E-04
2.0944E-05 2.0000E-04
2.0631E-05 2.0000E-04
2.3472E-05 2.0000E-04
1.8454E-05 2.0000E-04
2.4952E-05 2.0000E-04
2.4445E-05 2.0000E-04
2.1718E-05 2.0000E-04
1.6353E-05 2.0000E-04
2.0648E-05 2.0000E-04
1.8991E-05 2.0000E-04
1.8631E-05 2.0000E-04
2.1883E-05 2.0000E-04
1.4812E-05 2.0000E-04
1.5607E-05 2.0000E-04
2.1984E-05 2.0000E-04
2.1815E-05 2.0000E-04
1.6442E-05 2.0000E-04
1.5832E-05 2.0000E-04
1.9191E-05 2.0000E-04
1.7867E-05 2.0000E-04
1.7740E-05 2.0000E-04
1.9284E-05 2.0000E-04
1.6992E-05 2.0000E-04
1.4773E-05 2.0000E-04
1.6006E-05 2.0000E-04
1.6114E-05 2.0000E-04
1.4845E-05 2.0000E-04
1.8008E-05 2.0000E-04
2.0192E-05 2.0000E-04
1.4865E-05 2.0000E-04
1.5153E-05 2.0000E-04
2.1000E-05 2.0000E-04
1.4756E-05 2.0000E-04
1.4197E-05 2.0000E-04
1.9257E-05 2.0000E-04
1.6174E-05 2.0000E-04
2.1442E-05 2.0000E-04
1.5228E-05 2.0000E-04
1.5083E-05 2.0000E-04
2.0918E-05 2.0000E-04
1.7386E-05 2.0000E-04
1.4768E-05 2.0000E-04
1.9739E-05 2.0000E-04
2.0674E-05 2.0000E-04
1.6296E-05 2.0000E-04
2.0076E-05 2.0000E-04
2.2956E-05 2.0000E-04
1.8986E-05 2.0000E-04
2.1395E-05 2.0000E-04
2.3031E-05 2.0000E-04
1.9654E-05 2.0000E-04
2.1718E-05 2.0000E-04
2.1873E-05 2.0000E-04
1.8408E-05 2.0000E-04
2.3569E-05 2.0000E-04
1.9318E-05 2.0000E-04
1.8706E-05 2.0000E-04
2.2470E-05 2.0000E-04
2.5594E-05 2.0000E-04
1.8384E-05 2.0000E-04
1.8868E-05 2.0000E-04
2.1638E-05 2.0000E-04
2.3652E-05 2.0000E-04
2.5528E-05 2.0000E-04
1.8820E-05 2.0000E-04
1.8725E-05 2.0000E-04
2.2804E-05 2.0000E-04
3.1703E-05 2.0000E-04
1.9203E-05 2.0000E-04
1.8632E-05 2.0000E-04
2.2229E-05 2.0000E-04
2.9587E-05 2.0000E-04
2.6320E-05 2.0000E-04
2.0283E-05 2.0000E-04
2.3722E-05 2.0000E-04
3.0261E-05 2.0000E-04
2.3123E-05 2.0000E-04
2.6249E-05 2.0000E-04
2.8830E-05 2.0000E-04
2.4819E-05 2.0000E-04
3.0145E-05 2.0000E-04
4.0367E-05 2.0000E-04
3.0999E-05 2.0000E-04
2.7964E-05 2.0000E-04
2.8471E-05 2.0000E-04
3.5828E-05 2.0000E-04
4.2030E-05 2.0000E-04
3.9422E-05 2.0000E-04
3.7763E-05 2.0000E-04
4.1395E-05 2.0000E-04
4.2925E-05 2.0000E-04
6.5726E-05 2.0000E-04
7.4327E-05 2.0000E-04
4.7302E-05 2.0000E-04
4.6618E-05 2.0000E-04
5.7130E-05 2.0000E-04
1.0653E-04 2.0000E-04
4.7710E-05 2.0000E-04
4.3386E-05 2.0000E-04
4.9689E-05 2.0000E-04
7.8712E-05 2.0000E-04
5.2705E-05 2.0000E-04
4.1854E-05 2.0000E-04
4.8168E-05 2.0000E-04
6.5113E-05 2.0000E-04
5.8861E-05 2.0000E-04
4.2709E-05 2.0000E-04
4.4382E-05 2.0000E-04
6.6414E-05 2.0000E-04
4.2706E-05 2.0000E-04
4.0820E-05 2.0000E-04
5.4191E-05 2.0000E-04
4.0680E-05 2.0000E-04
4.2878E-05 2.0000E-04
4.5083E-05 2.0000E-04
3.9435E-05 2.0000E-04
5.3520E-05 2.0000E-04
4.9645E-05 2.0000E-04
3.7272E-05 2.0000E-04
3.5893E-05 2.0000E-04
5.6239E-05 2.0000E-04
3.6574E-05 2.0000E-04
3.3959E-05 2.0000E-04
4.0294E-05 2.0000E-04
3.4725E-05 2.0000E-04
5.5214E-05 2.0000E-04
3.7585E-05 2.0000E-04
3.1181E-05 2.0000E-04
4.7007E-05 2.0000E-04
4.6051E-05 2.0000E-04
3.2264E-05 2.0000E-04
3.4437E-05 2.0000E-04
3.6523E-05 2.0000E-04
3.4122E-05 2.0000E-04
5.8692E-05 2.0000E-04
3.6900E-05 2.0000E-04
2.7535E-05 2.0000E-04
2.8600E-05 2.0000E-04
5.2677E-05 2.0000E-04
3.5391E-05 2.0000E-04
2.6416E-05 2.0000E-04
3.5630E-05 2.0000E-04
3.6681E-05 2.0000E-04
3.4660E-05 2.0000E-04
4.5973E-05 2.0000E-04
2.7234E-05 2.0000E-04
2.8884E-05 2.0000E-04
3.5792E-05 2.0000E-04
4.8828E-05 2.0000E-04
2.8801E-05 2.0000E-04
2.9810E-05 2.0000E-04
3.5452E-05 2.0000E-04
4.1779E-05 2.0000E-04
3.1346E-05 2.0000E-04
2.7971E-05 2.0000E-04
3.0570E-05 2.0000E-04
5.2706E-05 2.0000E-04
2.8468E-05 2.0000E-04
2.8690E-05 2.0000E-04
3.5257E-05 2.0000E-04
3.3883E-05 2.0000E-04
3.7998E-05 2.0000E-04
3.0787E-05 2.0000E-04
2.9624E-05 2.0000E-04
4.1956E-05 2.0000E-04
3.6152E-05 2.0000E-04
3.0310E-05 2.0000E-04
3.4420E-05 2.0000E-04
5.7545E-05 2.0000E-04
5.5379E-05 2.0000E-04
4.8806E-05 2.0000E-04
3.1421E-05 2.0000E-04
3.2213E-05 2.0000E-04
4.1158E-05 2.0000E-04
8.1393E-05 2.0000E-04
4.1001E-05 2.0000E-04
4.1870E-05 2.0000E-04
5.6585E-05 2.0000E-04
9.0335E-05 2.0000E-04
4.6925E-05 2.0000E-04
4.3661E-05 2.0000E-04
5.9244E-05 2.0000E-04
1.5663E-04 2.0000E-04
7.8172E-05 2.0000E-04
7.4601E-05 2.0000E-04
8.8562E-05 2.0000E-04
8.6531E-05 2.0000E-04
1.7600E-04 2.0000E-04
1.7240E-04 2.0000E-04
1.6046E-04 2.0000E-04
7.4726E-05 2.0000E-04
7.7561E-05 2.0000E-04
1.0570E-04 2.0000E-04
1.8763E-04 2.0000E-04
1.0608E-04 2.0000E-04
9.4786E-05 2.0000E-04
1.4089E-04 2.0000E-04
9.4052E-05 2.0000E-04
9.7937E-05 2.0000E-04
9.3702E-05 2.0000E-04
7.4867E-05 2.0000E-04
1.0975E-04 2.0000E-04
7.9149E-05 2.0000E-04
6.7317E-05 2.0000E-04
8.6013E-05 2.0000E-04
6.0779E-05 2.0000E-04
6.0778E-05 2.0000E-04
9.8589E-05 2.0000E-04
5.6799E-05 2.0000E-04
4.8219E-05 2.0000E-04
5.7099E-05 2.0000E-04
9.3326E-05 2.0000E-04
5.0806E-05 2.0000E-04
5.0195E-05 2.0000E-04
5.9305E-05 2.0000E-04
1.1271E-04 2.0000E-04
4.7540E-05 2.0000E-04
4.2467E-05 2.0000E-04
5.2677E-05 2.0000E-04
9.8216E-05 2.0000E-04
5.3234E-05 2.0000E-04
4.2865E-05 2.0000E-04
5.5583E-05 2.0000E-04
9.0414E-05 2.0000E-04
4.8627E-05 2.0000E-04
4.5122E-05 2.0000E-04
5.2440E-05 2.0000E-04
7.2200E-05 2.0000E-04
7.4676E-05 2.0000E-04
4.1847E-05 2.0000E-04
4.2052E-05 2.0000E-04
5.1667E-05 2.0000E-04
8.5293E-05 2.0000E-04
8.5293E-05 2.0000E-04
8.5695E-05 2.0000E-04
1.1041E-04 2.0000E-04
3.3931E-05 2.0000E-04
2.7360E-05 2.0000E-04
3.5464E-05 2.0000E-04
3.7830E-05 2.0000E-04
2.9325E-05 2.0000E-04
3.2586E-05 2.0000E-04
3.3161E-05 2.0000E-04
3.8890E-05 2.0000E-04
3.4914E-05 2.0000E-04
2.8918E-05 2.0000E-04
3.9942E-05 2.0000E-04
4.2547E-05 2.0000E-04
3.0908E-05 2.0000E-04
3.1380E-05 2.0000E-04
3.4278E-05 2.0000E-04
3.3384E-05 2.0000E-04
4.1226E-05 2.0000E-04
3.0179E-05 2.0000E-04
3.0471E-05 2.0000E-04
4.0614E-05 2.0000E-04
3.2750E-05 2.0000E-04
3.0735E-05 2.0000E-04
4.0478E-05 2.0000E-04
2.9623E-05 2.0000E-04
3.0066E-05 2.0000E-04
4.7761E-05 2.0000E-04
3.2609E-05 2.0000E-04
3.1175E-05 2.0000E-04
3.6305E-05 2.0000E-04
5.6613E-05 2.0000E-04
3.0741E-05 2.0000E-04
3.0324E-05 2.0000E-04
3.2548E-05 2.0000E-04
5.7942E-05 2.0000E-04
3.3405E-05 2.0000E-04
2.6761E-05 2.0000E-04
3.3734E-05 2.0000E-04
4.4523E-05 2.0000E-04
2.9813E-05 2.0000E-04
2.8698E-05 2.0000E-04
3.4669E-05 2.0000E-04
3.1599E-05 2.0000E-04
5.1492E-05 2.0000E-04
2.5074E-05 2.0000E-04
2.4278E-05 2.0000E-04
2.8630E-05 2.0000E-04
5.7439E-05 2.0000E-04
2.7295E-05 2.0000E-04
2.3389E-05 2.0000E-04
2.7986E-05 2.0000E-04
4.2875E-05 2.0000E-04
2.5948E-05 2.0000E-04
2.0357E-05 2.0000E-04
2.7975E-05 2.0000E-04
3.4597E-05 2.0000E-04
2.4579E-05 2.0000E-04
2.6703E-05 2.0000E-04
2.7699E-05 2.0000E-04
2.4908E-05 2.0000E-04
3.1586E-05 2.0000E-04
3.2626E-05 2.0000E-04
2.1403E-05 2.0000E-04
1.8394E-05 2.0000E-04
2.1488E-05 2.0000E-04
2.9384E-05 2.0000E-04
2.0685E-05 2.0000E-04
1.6617E-05 2.0000E-04
1.7658E-05 2.0000E-04
2.7405E-05 2.0000E-04
1.6671E-05 2.0000E-04
1.3738E-05 2.0000E-04
1.7652E-05 2.0000E-04
2.3390E-05 2.0000E-04
1.3905E-05 2.0000E-04
1.3013E-05 2.0000E-04
1.6749E-05 2.0000E-04
2.3033E-05 2.0000E-04
1.2921E-05 2.0000E-04
1.1890E-05 2.0000E-04
1.4915E-05 2.0000E-04
1.6031E-05 2.0000E-04
1.5135E-05 2.0000E-04
1.2231E-05 2.0000E-04
1.2671E-05 2.0000E-04
1.7742E-05 2.0000E-04
1.3916E-05 2.0000E-04
1.1453E-05 2.0000E-04
1.2470E-05 2.0000E-04
1.7498E-05 2.0000E-04
1.3156E-05 2.0000E-04
1.1716E-05 2.0000E-04
1.6452E-05 2.0000E-04
1.2945E-05 2.0000E-04
1.1374E-05 2.0000E-04
1.7997E-05 2.0000E-04
1.4249E-05 2.0000E-04
1.1708E-05 2.0000E-04
1.6046E-05 2.0000E-04
1.7824E-05 2.0000E-04
1.1475E-05 2.0000E-04
1.0300E-05 2.0000E-04
1.3329E-05 2.0000E-04
1.1778E-05 2.0000E-04
2.1806E-05 2.0000E-04
1.0163E-05 2.0000E-04
