Max Step   Target
1.7117E-03 1.2000E-03
4.6583E-03 1.2000E-03
5.4183E-03 1.2000E-03
1.7034E-02 1.2000E-03
1.5612E-02 1.2000E-03
6.1839E-03 1.2000E-03
1.5057E-03 1.2000E-03
2.2728E-03 1.2000E-03
5.2236E-03 1.2000E-03
1.0844E-02 1.2000E-03
7.6329E-03 1.2000E-03
4.6990E-03 1.2000E-03
3.9455E-03 1.2000E-03
4.8709E-03 1.2000E-03
8.3439E-03 1.2000E-03
7.3020E-03 1.2000E-03
8.4421E-03 1.2000E-03
1.1046E-02 1.2000E-03
3.4969E-03 1.2000E-03
3.1120E-03 1.2000E-03
5.3359E-03 1.2000E-03
1.3452E-02 1.2000E-03
6.6196E-03 1.2000E-03
5.2800E-03 1.2000E-03
7.3067E-03 1.2000E-03
1.3278E-02 1.2000E-03
4.4928E-03 1.2000E-03
3.7211E-03 1.2000E-03
5.9432E-03 1.2000E-03
1.2705E-02 1.2000E-03
1.7063E-02 1.2000E-03
3.7478E-03 1.2000E-03
9.0405E-03 1.2000E-03
7.3294E-03 1.2000E-03
1.0265E-02 1.2000E-03
1.8773E-02 1.2000E-03
1.1775E-02 1.2000E-03
1.8186E-03 1.2000E-03
8.2991E-03 1.2000E-03
1.0546E-02 1.2000E-03
9.4847E-03 1.2000E-03
2.7858E-02 1.2000E-03
8.6194E-03 1.2000E-03
3.6988E-03 1.2000E-03
5.6529E-03 1.2000E-03
1.1577E-02 1.2000E-03
1.5568E-02 1.2000E-03
2.3905E-02 1.2000E-03
1.7938E-02 1.2000E-03
5.5558E-03 1.2000E-03
7.0162E-03 1.2000E-03
4.9423E-03 1.2000E-03
3.7741E-03 1.2000E-03
1.7997E-02 1.2000E-03
1.2238E-02 1.2000E-03
1.2422E-02 1.2000E-03
2.2241E-02 1.2000E-03
1.1864E-02 1.2000E-03
4.1360E-03 1.2000E-03
6.9360E-03 1.2000E-03
3.5404E-03 1.2000E-03
1.0733E-02 1.2000E-03
2.9629E-02 1.2000E-03
2.0421E-02 1.2000E-03
6.3897E-03 1.2000E-03
4.6758E-03 1.2000E-03
3.8936E-03 1.2000E-03
1.3880E-02 1.2000E-03
1.2638E-02 1.2000E-03
8.8448E-03 1.2000E-03
1.4485E-02 1.2000E-03
1.1875E-02 1.2000E-03
1.3795E-03 1.2000E-03
3.6623E-03 1.2000E-03
3.1101E-03 1.2000E-03
7.7251E-03 1.2000E-03
1.0120E-02 1.2000E-03
3.8979E-03 1.2000E-03
1.5329E-02 1.2000E-03
1.5329E-02 1.2000E-03
7.9114E-03 1.2000E-03
5.3400E-03 1.2000E-03
3.6737E-03 1.2000E-03
3.3735E-03 1.2000E-03
7.8006E-03 1.2000E-03
8.0556E-03 1.2000E-03
6.2833E-03 1.2000E-03
7.6800E-03 1.2000E-03
7.7397E-03 1.2000E-03
1.4490E-02 1.2000E-03
4.7662E-03 1.2000E-03
9.8419E-03 1.2000E-03
8.6226E-03 1.2000E-03
5.4400E-03 1.2000E-03
8.2988E-03 1.2000E-03
1.0447E-02 1.2000E-03
1.5196E-02 1.2000E-03
1.6633E-02 1.2000E-03
4.4031E-03 1.2000E-03
5.3531E-03 1.2000E-03
7.1177E-03 1.2000E-03
1.7002E-02 1.2000E-03
7.5562E-03 1.2000E-03
9.9247E-03 1.2000E-03
1.3502E-02 1.2000E-03
2.7917E-02 1.2000E-03
3.4041E-03 1.2000E-03
6.5754E-03 1.2000E-03
6.1633E-03 1.2000E-03
3.3542E-02 1.2000E-03
7.6014E-03 1.2000E-03
1.2729E-02 1.2000E-03
1.9485E-02 1.2000E-03
3.8140E-02 1.2000E-03
2.1211E-02 1.2000E-03
1.4232E-02 1.2000E-03
1.8573E-02 1.2000E-03
1.2400E-02 1.2000E-03
2.6421E-02 1.2000E-03
2.7780E-02 1.2000E-03
1.7501E-02 1.2000E-03
1.4121E-02 1.2000E-03
7.7548E-02 1.2000E-03
3.0675E-02 1.2000E-03
9.6760E-03 1.2000E-03
4.0057E-02 1.2000E-03
5.2433E-02 1.2000E-03
1.0040E-02 1.2000E-03
8.4352E-03 1.2000E-03
3.0878E-02 1.2000E-03
1.5019E-02 1.2000E-03
4.2596E-02 1.2000E-03
9.2074E-03 1.2000E-03
8.7814E-03 1.2000E-03
4.0264E-02 1.2000E-03
1.5187E-02 1.2000E-03
5.9986E-02 1.2000E-03
1.1548E-02 1.2000E-03
1.2371E-02 1.2000E-03
2.1862E-02 1.2000E-03
5.3145E-02 1.2000E-03
8.2082E-03 1.2000E-03
3.0641E-02 1.2000E-03
2.5558E-02 1.2000E-03
8.6265E-02 1.2000E-03
1.2223E-02 1.2000E-03
4.5733E-02 1.2000E-03
7.1748E-02 1.2000E-03
1.1079E-01 1.2000E-03
1.5398E-02 1.2000E-03
7.2978E-02 1.2000E-03
4.9215E-02 1.2000E-03
1.4631E-01 1.2000E-03
3.4685E-02 1.2000E-03
1.0697E-01 1.2000E-03
6.3176E-02 1.2000E-03
7.9541E-02 1.2000E-03
4.7360E-02 1.2000E-03
1.0390E-01 1.2000E-03
2.1427E-02 1.2000E-03
4.4874E-02 1.2000E-03
3.7779E-02 1.2000E-03
3.5479E-02 1.2000E-03
3.1175E-02 1.2000E-03
8.1001E-03 1.2000E-03
3.2350E-02 1.2000E-03
2.5183E-02 1.2000E-03
1.0746E-02 1.2000E-03
1.5587E-02 1.2000E-03
2.0917E-02 1.2000E-03
1.6082E-02 1.2000E-03
6.8182E-02 1.2000E-03
2.5593E-02 1.2000E-03
3.3768E-03 1.2000E-03
1.5341E-02 1.2000E-03
6.2668E-02 1.2000E-03
7.0080E-03 1.2000E-03
4.5184E-03 1.2000E-03
1.0740E-02 1.2000E-03
1.9785E-02 1.2000E-03
6.8893E-03 1.2000E-03
1.8301E-02 1.2000E-03
1.8749E-02 1.2000E-03
3.7290E-02 1.2000E-03
2.5279E-02 1.2000E-03
4.4258E-03 1.2000E-03
1.5748E-02 1.2000E-03
9.4365E-03 1.2000E-03
2.3306E-02 1.2000E-03
2.5895E-02 1.2000E-03
1.7667E-02 1.2000E-03
1.4391E-02 1.2000E-03
3.4272E-02 1.2000E-03
3.4343E-02 1.2000E-03
6.2282E-03 1.2000E-03
1.4704E-02 1.2000E-03
6.0988E-03 1.2000E-03
3.3831E-02 1.2000E-03
1.4528E-02 1.2000E-03
1.1742E-02 1.2000E-03
2.7200E-02 1.2000E-03
2.9805E-02 1.2000E-03
1.2036E-02 1.2000E-03
2.0972E-02 1.2000E-03
6.7734E-03 1.2000E-03
2.2783E-02 1.2000E-03
1.4801E-02 1.2000E-03
1.6376E-02 1.2000E-03
1.2561E-02 1.2000E-03
1.7568E-02 1.2000E-03
2.2814E-02 1.2000E-03
6.8514E-03 1.2000E-03
8.9090E-03 1.2000E-03
1.3977E-02 1.2000E-03
2.7132E-02 1.2000E-03
5.6069E-03 1.2000E-03
1.3882E-02 1.2000E-03
9.8670E-03 1.2000E-03
1.8975E-02 1.2000E-03
2.8828E-02 1.2000E-03
8.4361E-03 1.2000E-03
2.9445E-03 1.2000E-03
1.3271E-02 1.2000E-03
1.9421E-02 1.2000E-03
6.6532E-03 1.2000E-03
1.3010E-02 1.2000E-03
1.1398E-02 1.2000E-03
2.7046E-02 1.2000E-03
1.1904E-02 1.2000E-03
6.4367E-03 1.2000E-03
1.4890E-02 1.2000E-03
1.3810E-02 1.2000E-03
1.8365E-02 1.2000E-03
2.5590E-02 1.2000E-03
1.5995E-02 1.2000E-03
2.1142E-02 1.2000E-03
2.7590E-02 1.2000E-03
4.1341E-03 1.2000E-03
1.7664E-02 1.2000E-03
2.7568E-02 1.2000E-03
1.9571E-02 1.2000E-03
2.3177E-02 1.2000E-03
1.7167E-02 1.2000E-03
5.0711E-02 1.2000E-03
9.3925E-03 1.2000E-03
2.3947E-02 1.2000E-03
9.2870E-03 1.2000E-03
3.5504E-02 1.2000E-03
3.9771E-02 1.2000E-03
1.9888E-02 1.2000E-03
1.3090E-02 1.2000E-03
4.3749E-02 1.2000E-03
2.5016E-02 1.2000E-03
2.9486E-02 1.2000E-03
4.5411E-03 1.2000E-03
5.3293E-02 1.2000E-03
1.1629E-02 1.2000E-03
4.4414E-02 1.2000E-03
4.5635E-02 1.2000E-03
2.5326E-02 1.2000E-03
7.1504E-02 1.2000E-03
1.3139E-02 1.2000E-03
5.2534E-02 1.2000E-03
1.5759E-02 1.2000E-03
2.5850E-02 1.2000E-03
3.7564E-02 1.2000E-03
5.9320E-02 1.2000E-03
1.0795E-02 1.2000E-03
7.3244E-02 1.2000E-03
8.0182E-03 1.2000E-03
2.7701E-02 1.2000E-03
3.6722E-02 1.2000E-03
2.2659E-02 1.2000E-03
1.7277E-02 1.2000E-03
3.1845E-02 1.2000E-03
1.5986E-02 1.2000E-03
4.7776E-02 1.2000E-03
1.4714E-02 1.2000E-03
7.4847E-03 1.2000E-03
2.0100E-02 1.2000E-03
2.7325E-02 1.2000E-03
5.7936E-03 1.2000E-03
5.9365E-03 1.2000E-03
4.7651E-03 1.2000E-03
1.1373E-02 1.2000E-03
7.4840E-03 1.2000E-03
6.7170E-03 1.2000E-03
1.0530E-02 1.2000E-03
1.1768E-02 1.2000E-03
6.4500E-03 1.2000E-03
8.1701E-03 1.2000E-03
1.1609E-02 1.2000E-03
1.0320E-02 1.2000E-03
1.1899E-02 1.2000E-03
9.3649E-03 1.2000E-03
8.7932E-03 1.2000E-03
1.1283E-02 1.2000E-03
9.0011E-03 1.2000E-03
1.0105E-02 1.2000E-03
9.5034E-03 1.2000E-03
8.0102E-03 1.2000E-03
1.4438E-02 1.2000E-03
8.8816E-03 1.2000E-03
6.3804E-03 1.2000E-03
1.5196E-02 1.2000E-03
1.4082E-02 1.2000E-03
4.5336E-03 1.2000E-03
9.9428E-03 1.2000E-03
1.5744E-02 1.2000E-03
6.6091E-03 1.2000E-03
2.0999E-02 1.2000E-03
5.2737E-03 1.2000E-03
1.0821E-02 1.2000E-03
1.9725E-02 1.2000E-03
9.4581E-03 1.2000E-03
4.0413E-03 1.2000E-03
1.1044E-02 1.2000E-03
8.4464E-03 1.2000E-03
9.3261E-03 1.2000E-03
9.3261E-03 1.2000E-03
1.9865E-02 1.2000E-03
7.5983E-03 1.2000E-03
4.6331E-03 1.2000E-03
8.3372E-03 1.2000E-03
4.3912E-03 1.2000E-03
4.6248E-03 1.2000E-03
1.3957E-02 1.2000E-03
5.9128E-03 1.2000E-03
9.6506E-03 1.2000E-03
7.9831E-03 1.2000E-03
5.0718E-03 1.2000E-03
4.5901E-03 1.2000E-03
3.9193E-03 1.2000E-03
1.1240E-02 1.2000E-03
1.0353E-02 1.2000E-03
5.8730E-03 1.2000E-03
3.2425E-03 1.2000E-03
7.5657E-03 1.2000E-03
8.2968E-03 1.2000E-03
4.9080E-03 1.2000E-03
9.0421E-03 1.2000E-03
9.2210E-03 1.2000E-03
6.1143E-03 1.2000E-03
1.2344E-02 1.2000E-03
7.2467E-03 1.2000E-03
3.4803E-03 1.2000E-03
1.1912E-02 1.2000E-03
1.1593E-02 1.2000E-03
5.4658E-03 1.2000E-03
1.3878E-02 1.2000E-03
8.8820E-03 1.2000E-03
2.0317E-02 1.2000E-03
1.0964E-02 1.2000E-03
6.7863E-03 1.2000E-03
1.1460E-02 1.2000E-03
1.3417E-02 1.2000E-03
1.2788E-02 1.2000E-03
1.9270E-02 1.2000E-03
1.6526E-02 1.2000E-03
1.0379E-02 1.2000E-03
1.7829E-02 1.2000E-03
6.4527E-03 1.2000E-03
1.2437E-02 1.2000E-03
1.6611E-02 1.2000E-03
1.8059E-02 1.2000E-03
3.6312E-03 1.2000E-03
1.7830E-02 1.2000E-03
2.1402E-02 1.2000E-03
1.2243E-02 1.2000E-03
2.1095E-02 1.2000E-03
1.6687E-02 1.2000E-03
2.6461E-02 1.2000E-03
1.1435E-02 1.2000E-03
9.6306E-03 1.2000E-03
1.9485E-02 1.2000E-03
3.1682E-02 1.2000E-03
8.6869E-03 1.2000E-03
4.3163E-02 1.2000E-03
5.4483E-03 1.2000E-03
2.1020E-02 1.2000E-03
4.7685E-02 1.2000E-03
8.2664E-03 1.2000E-03
2.1809E-02 1.2000E-03
5.1924E-02 1.2000E-03
2.7176E-02 1.2000E-03
1.3261E-02 1.2000E-03
6.2454E-02 1.2000E-03
5.6788E-03 1.2000E-03
3.5628E-02 1.2000E-03
4.4582E-02 1.2000E-03
2.1835E-02 1.2000E-03
7.7689E-02 1.2000E-03
3.9399E-02 1.2000E-03
4.7807E-02 1.2000E-03
1.3331E-02 1.2000E-03
8.1059E-02 1.2000E-03
2.4484E-02 1.2000E-03
2.3127E-02 1.2000E-03
6.1741E-02 1.2000E-03
7.4449E-02 1.2000E-03
3.8989E-02 1.2000E-03
6.0441E-02 1.2000E-03
5.8023E-02 1.2000E-03
3.9662E-02 1.2000E-03
1.8650E-02 1.2000E-03
9.7986E-02 1.2000E-03
3.5499E-02 1.2000E-03
1.2743E-02 1.2000E-03
6.3865E-02 1.2000E-03
8.9347E-02 1.2000E-03
2.6268E-03 1.2000E-03
3.4748E-02 1.2000E-03
2.2469E-02 1.2000E-03
1.0039E-01 1.2000E-03
2.2376E-02 1.2000E-03
2.2106E-02 1.2000E-03
4.0594E-02 1.2000E-03
7.1910E-02 1.2000E-03
7.9237E-03 1.2000E-03
2.6499E-02 1.2000E-03
1.3534E-02 1.2000E-03
5.7555E-02 1.2000E-03
3.2218E-03 1.2000E-03
3.3046E-02 1.2000E-03
4.4450E-03 1.2000E-03
4.2661E-02 1.2000E-03
3.9505E-02 1.2000E-03
1.7664E-02 1.2000E-03
1.6459E-02 1.2000E-03
2.9739E-02 1.2000E-03
1.7208E-02 1.2000E-03
4.8467E-03 1.2000E-03
1.6943E-02 1.2000E-03
6.9663E-03 1.2000E-03
3.6421E-02 1.2000E-03
1.0921E-02 1.2000E-03
1.2467E-02 1.2000E-03
1.6781E-02 1.2000E-03
3.0375E-02 1.2000E-03
1.9290E-03 1.2000E-03
5.4944E-03 1.2000E-03
2.6975E-03 1.2000E-03
2.4721E-02 1.2000E-03
3.0201E-03 1.2000E-03
1.9988E-02 1.2000E-03
2.7453E-03 1.2000E-03
1.1848E-02 1.2000E-03
1.0099E-02 1.2000E-03
4.6051E-03 1.2000E-03
1.2839E-03 1.2000E-03
1.3125E-02 1.2000E-03
4.4320E-03 1.2000E-03
2.6231E-03 1.2000E-03
1.6575E-02 1.2000E-03
2.0041E-03 1.2000E-03
5.3012E-03 1.2000E-03
5.6058E-03 1.2000E-03
5.1627E-03 1.2000E-03
2.5814E-03 1.2000E-03
8.9848E-03 1.2000E-03
2.8323E-03 1.2000E-03
2.0345E-03 1.2000E-03
6.0610E-03 1.2000E-03
1.7623E-03 1.2000E-03
3.1496E-03 1.2000E-03
4.9400E-03 1.2000E-03
1.5231E-03 1.2000E-03
2.7469E-03 1.2000E-03
4.9970E-03 1.2000E-03
4.9110E-03 1.2000E-03
4.4609E-03 1.2000E-03
1.9050E-03 1.2000E-03
4.2710E-03 1.2000E-03
2.5545E-03 1.2000E-03
4.3084E-03 1.2000E-03
2.6210E-03 1.2000E-03
5.3032E-03 1.2000E-03
2.5621E-03 1.2000E-03
3.4291E-03 1.2000E-03
2.5598E-03 1.2000E-03
2.6469E-03 1.2000E-03
4.3557E-03 1.2000E-03
3.8259E-03 1.2000E-03
2.5495E-03 1.2000E-03
4.5208E-03 1.2000E-03
3.2903E-03 1.2000E-03
1.1948E-03 1.2000E-03
3.3195E-03 1.2000E-03
5.7892E-03 1.2000E-03
4.9505E-03 1.2000E-03
5.8185E-03 1.2000E-03
3.9895E-03 1.2000E-03
2.6412E-03 1.2000E-03
3.2155E-03 1.2000E-03
4.0693E-03 1.2000E-03
1.9980E-03 1.2000E-03
4.4963E-03 1.2000E-03
4.4864E-03 1.2000E-03
3.1297E-03 1.2000E-03
3.8858E-03 1.2000E-03
3.0787E-03 1.2000E-03
5.5030E-03 1.2000E-03
5.6524E-03 1.2000E-03
3.0981E-03 1.2000E-03
3.5554E-03 1.2000E-03
4.8939E-03 1.2000E-03
7.9711E-03 1.2000E-03
4.1914E-03 1.2000E-03
5.4506E-03 1.2000E-03
2.5691E-03 1.2000E-03
6.8889E-03 1.2000E-03
6.2596E-03 1.2000E-03
8.0823E-03 1.2000E-03
6.5210E-03 1.2000E-03
8.8233E-03 1.2000E-03
4.8121E-03 1.2000E-03
7.8998E-03 1.2000E-03
9.6955E-03 1.2000E-03
8.1788E-03 1.2000E-03
7.7732E-03 1.2000E-03
1.0385E-02 1.2000E-03
1.0411E-02 1.2000E-03
3.4675E-03 1.2000E-03
1.1341E-02 1.2000E-03
4.6578E-03 1.2000E-03
1.6354E-02 1.2000E-03
1.4721E-02 1.2000E-03
1.1382E-02 1.2000E-03
1.1878E-03 1.2000E-03
1.5543E-02 1.2000E-03
1.0000E-02 1.2000E-03
1.4679E-02 1.2000E-03
2.2553E-02 1.2000E-03
7.2406E-03 1.2000E-03
1.7821E-02 1.2000E-03
1.2478E-02 1.2000E-03
2.0388E-02 1.2000E-03
3.2512E-03 1.2000E-03
2.0685E-02 1.2000E-03
1.3296E-02 1.2000E-03
1.6612E-02 1.2000E-03
1.3750E-02 1.2000E-03
1.7432E-02 1.2000E-03
6.2967E-03 1.2000E-03
1.3099E-02 1.2000E-03
1.1323E-02 1.2000E-03
1.8625E-02 1.2000E-03
4.8283E-03 1.2000E-03
4.3530E-02 1.2000E-03
2.3521E-02 1.2000E-03
4.9832E-04 1.2000E-03
1.4727E-02 1.2000E-03
2.3083E-02 1.2000E-03
1.4606E-02 1.2000E-03
1.3635E-02 1.2000E-03
6.7122E-03 1.2000E-03
2.0258E-02 1.2000E-03
5.3072E-03 1.2000E-03
5.9910E-03 1.2000E-03
1.0464E-02 1.2000E-03
1.7468E-02 1.2000E-03
2.0867E-03 1.2000E-03
1.8868E-02 1.2000E-03
1.1301E-02 1.2000E-03
1.4435E-02 1.2000E-03
1.8831E-02 1.2000E-03
4.9370E-03 1.2000E-03
9.5586E-03 1.2000E-03
6.3948E-03 1.2000E-03
3.4354E-03 1.2000E-03
1.1632E-02 1.2000E-03
1.0672E-02 1.2000E-03
7.3082E-03 1.2000E-03
3.0156E-03 1.2000E-03
7.2794E-03 1.2000E-03
2.7451E-03 1.2000E-03
1.6741E-02 1.2000E-03
1.2288E-03 1.2000E-03
2.7368E-03 1.2000E-03
1.0370E-02 1.2000E-03
8.2796E-03 1.2000E-03
1.5439E-02 1.2000E-03
1.6990E-03 1.2000E-03
2.7462E-03 1.2000E-03
1.7221E-03 1.2000E-03
1.8884E-02 1.2000E-03
1.1904E-03 1.2000E-03
5.4617E-03 1.2000E-03
5.1581E-03 1.2000E-03
1.6018E-02 1.2000E-03
4.9274E-03 1.2000E-03
2.7876E-03 1.2000E-03
3.8569E-03 1.2000E-03
5.2068E-03 1.2000E-03
9.9353E-03 1.2000E-03
8.5478E-03 1.2000E-03
3.2642E-03 1.2000E-03
7.6324E-03 1.2000E-03
2.4182E-03 1.2000E-03
9.8975E-03 1.2000E-03
2.3352E-03 1.2000E-03
8.4884E-03 1.2000E-03
1.9162E-03 1.2000E-03
8.8684E-03 1.2000E-03
5.4276E-03 1.2000E-03
2.8267E-03 1.2000E-03
8.4342E-03 1.2000E-03
8.0757E-03 1.2000E-03
1.7260E-03 1.2000E-03
5.3249E-03 1.2000E-03
4.8374E-03 1.2000E-03
1.3847E-02 1.2000E-03
3.9907E-03 1.2000E-03
1.8647E-03 1.2000E-03
1.0365E-02 1.2000E-03
2.6011E-03 1.2000E-03
9.4024E-03 1.2000E-03
8.2561E-03 1.2000E-03
4.8108E-03 1.2000E-03
8.3126E-03 1.2000E-03
8.3202E-03 1.2000E-03
7.6755E-04 1.2000E-03
8.3672E-03 1.2000E-03
5.6452E-03 1.2000E-03
8.0261E-03 1.2000E-03
8.4277E-03 1.2000E-03
5.2549E-03 1.2000E-03
1.2768E-02 1.2000E-03
4.2688E-03 1.2000E-03
9.8027E-04 1.2000E-03
9.5894E-03 1.2000E-03
7.0097E-03 1.2000E-03
1.1294E-02 1.2000E-03
4.8216E-03 1.2000E-03
8.3211E-03 1.2000E-03
5.2953E-03 1.2000E-03
9.5262E-03 1.2000E-03
7.8013E-03 1.2000E-03
7.1833E-03 1.2000E-03
1.1740E-02 1.2000E-03
1.1740E-02 1.2000E-03
9.8971E-03 1.2000E-03
6.8401E-03 1.2000E-03
9.7753E-03 1.2000E-03
1.6232E-03 1.2000E-03
1.9542E-02 1.2000E-03
5.1170E-03 1.2000E-03
5.7062E-03 1.2000E-03
1.3915E-02 1.2000E-03
1.5047E-02 1.2000E-03
3.7070E-03 1.2000E-03
4.4520E-03 1.2000E-03
4.8570E-03 1.2000E-03
3.4454E-03 1.2000E-03
1.4378E-02 1.2000E-03
3.6507E-03 1.2000E-03
7.8901E-03 1.2000E-03
7.5074E-03 1.2000E-03
1.1862E-02 1.2000E-03
2.4606E-03 1.2000E-03
1.0068E-02 1.2000E-03
5.7875E-03 1.2000E-03
8.7653E-03 1.2000E-03
1.8448E-02 1.2000E-03
4.7281E-03 1.2000E-03
2.4552E-03 1.2000E-03
1.0482E-02 1.2000E-03
5.6934E-03 1.2000E-03
7.5725E-03 1.2000E-03
6.9284E-03 1.2000E-03
1.7755E-02 1.2000E-03
3.9231E-03 1.2000E-03
6.5097E-03 1.2000E-03
4.0267E-03 1.2000E-03
8.7993E-03 1.2000E-03
1.1033E-02 1.2000E-03
7.7416E-03 1.2000E-03
6.9670E-03 1.2000E-03
1.1630E-02 1.2000E-03
9.3374E-03 1.2000E-03
3.0911E-03 1.2000E-03
7.4866E-03 1.2000E-03
9.7838E-03 1.2000E-03
1.1818E-02 1.2000E-03
1.6699E-02 1.2000E-03
8.8653E-03 1.2000E-03
2.1186E-03 1.2000E-03
1.2885E-02 1.2000E-03
8.5716E-03 1.2000E-03
7.0766E-03 1.2000E-03
9.6170E-03 1.2000E-03
1.0347E-02 1.2000E-03
1.0961E-02 1.2000E-03
8.8088E-03 1.2000E-03
7.2458E-04 1.2000E-03
7.9696E-03 1.2000E-03
6.7851E-03 1.2000E-03
9.4741E-03 1.2000E-03
7.3675E-03 1.2000E-03
7.5607E-03 1.2000E-03
1.0235E-02 1.2000E-03
8.7137E-03 1.2000E-03
2.4027E-03 1.2000E-03
1.0895E-02 1.2000E-03
6.9214E-03 1.2000E-03
8.0072E-03 1.2000E-03
1.1310E-02 1.2000E-03
4.6545E-03 1.2000E-03
5.1177E-03 1.2000E-03
1.0168E-02 1.2000E-03
1.6444E-03 1.2000E-03
3.0234E-03 1.2000E-03
3.2304E-03 1.2000E-03
1.0482E-02 1.2000E-03
3.3770E-03 1.2000E-03
3.5874E-03 1.2000E-03
1.9348E-03 1.2000E-03
8.6449E-03 1.2000E-03
2.7624E-03 1.2000E-03
2.0835E-03 1.2000E-03
3.4934E-03 1.2000E-03
4.9026E-03 1.2000E-03
1.0876E-03 1.2000E-03
3.5797E-03 1.2000E-03
1.4120E-03 1.2000E-03
6.3672E-03 1.2000E-03
1.4577E-03 1.2000E-03
7.7552E-04 1.2000E-03
2.1625E-03 1.2000E-03
3.0765E-03 1.2000E-03
1.7807E-03 1.2000E-03
1.9159E-03 1.2000E-03
3.4329E-03 1.2000E-03
2.2691E-03 1.2000E-03
3.1611E-03 1.2000E-03
1.0767E-03 1.2000E-03
2.5428E-03 1.2000E-03
2.1749E-03 1.2000E-03
1.5492E-03 1.2000E-03
1.9164E-03 1.2000E-03
8.9538E-04 1.2000E-03
1.6436E-03 1.2000E-03
2.4291E-03 1.2000E-03
1.4164E-03 1.2000E-03
2.2503E-03 1.2000E-03
2.1661E-03 1.2000E-03
1.5356E-03 1.2000E-03
6.0326E-04 1.2000E-03
