RMS Grad   Target
7.0194E-04 2.0000E-04
5.2061E-04 2.0000E-04
4.0739E-04 2.0000E-04
4.5311E-04 2.0000E-04
6.3352E-04 2.0000E-04
8.1142E-04 2.0000E-04
1.8938E-04 2.0000E-04
1.3112E-04 2.0000E-04
1.6394E-04 2.0000E-04
2.3806E-04 2.0000E-04
2.7690E-04 2.0000E-04
1.9750E-04 2.0000E-04
1.4733E-04 2.0000E-04
1.5480E-04 2.0000E-04
1.5294E-04 2.0000E-04
1.5005E-04 2.0000E-04
1.4158E-04 2.0000E-04
1.5049E-04 2.0000E-04
1.9570E-04 2.0000E-04
1.0689E-04 2.0000E-04
1.0239E-04 2.0000E-04
1.2336E-04 2.0000E-04
2.1023E-04 2.0000E-04
1.0935E-04 2.0000E-04
9.3734E-05 2.0000E-04
1.1144E-04 2.0000E-04
2.0518E-04 2.0000E-04
9.1612E-05 2.0000E-04
7.6833E-05 2.0000E-04
9.4606E-05 2.0000E-04
1.3969E-04 2.0000E-04
1.1261E-04 2.0000E-04
7.2637E-05 2.0000E-04
9.1724E-05 2.0000E-04
1.1989E-04 2.0000E-04
8.8314E-05 2.0000E-04
1.0427E-04 2.0000E-04
1.1041E-04 2.0000E-04
8.0738E-05 2.0000E-04
7.5928E-05 2.0000E-04
9.7411E-05 2.0000E-04
8.0577E-05 2.0000E-04
1.1511E-04 2.0000E-04
9.7817E-05 2.0000E-04
6.9661E-05 2.0000E-04
6.5182E-05 2.0000E-04
9.5781E-05 2.0000E-04
6.7256E-05 2.0000E-04
6.7776E-05 2.0000E-04
9.0109E-05 2.0000E-04
6.9710E-05 2.0000E-04
7.1857E-05 2.0000E-04
9.2096E-05 2.0000E-04
6.6687E-05 2.0000E-04
6.6326E-05 2.0000E-04
8.7990E-05 2.0000E-04
6.6391E-05 2.0000E-04
7.8193E-05 2.0000E-04
8.0085E-05 2.0000E-04
6.2291E-05 2.0000E-04
8.2426E-05 2.0000E-04
5.8200E-05 2.0000E-04
5.7553E-05 2.0000E-04
8.6115E-05 2.0000E-04
9.7006E-05 2.0000E-04
5.1293E-05 2.0000E-04
4.3522E-05 2.0000E-04
5.1732E-05 2.0000E-04
1.1139E-04 2.0000E-04
5.3715E-05 2.0000E-04
4.0744E-05 2.0000E-04
5.1872E-05 2.0000E-04
1.0002E-04 2.0000E-04
5.3533E-05 2.0000E-04
4.5653E-05 2.0000E-04
4.9912E-05 2.0000E-04
8.9798E-05 2.0000E-04
4.9164E-05 2.0000E-04
4.1972E-05 2.0000E-04
5.3836E-05 2.0000E-04
5.3836E-05 2.0000E-04
1.0339E-04 2.0000E-04
4.9201E-05 2.0000E-04
3.8709E-05 2.0000E-04
4.7726E-05 2.0000E-04
5.5380E-05 2.0000E-04
7.1038E-05 2.0000E-04
3.8652E-05 2.0000E-04
4.0139E-05 2.0000E-04
5.8205E-05 2.0000E-04
5.3722E-05 2.0000E-04
4.7665E-05 2.0000E-04
5.1396E-05 2.0000E-04
5.0729E-05 2.0000E-04
4.4769E-05 2.0000E-04
4.2252E-05 2.0000E-04
4.6874E-05 2.0000E-04
5.1484E-05 2.0000E-04
6.3937E-05 2.0000E-04
3.9158E-05 2.0000E-04
4.1932E-05 2.0000E-04
5.1770E-05 2.0000E-04
6.8095E-05 2.0000E-04
3.9481E-05 2.0000E-04
4.3018E-05 2.0000E-04
5.2688E-05 2.0000E-04
9.4756E-05 2.0000E-04
4.1630E-05 2.0000E-04
4.1593E-05 2.0000E-04
5.4811E-05 2.0000E-04
1.0534E-04 2.0000E-04
4.8130E-05 2.0000E-04
4.1462E-05 2.0000E-04
5.4517E-05 2.0000E-04
8.1798E-05 2.0000E-04
5.5657E-05 2.0000E-04
4.6705E-05 2.0000E-04
6.3585E-05 2.0000E-04
6.3799E-05 2.0000E-04
6.4383E-05 2.0000E-04
7.9660E-05 2.0000E-04
5.8424E-05 2.0000E-04
7.1207E-05 2.0000E-04
1.3325E-04 2.0000E-04
5.9584E-05 2.0000E-04
4.8684E-05 2.0000E-04
6.4274E-05 2.0000E-04
1.3642E-04 2.0000E-04
6.8732E-05 2.0000E-04
5.2976E-05 2.0000E-04
7.1347E-05 2.0000E-04
7.9857E-05 2.0000E-04
9.8341E-05 2.0000E-04
6.0461E-05 2.0000E-04
6.5927E-05 2.0000E-04
8.5883E-05 2.0000E-04
7.4502E-05 2.0000E-04
1.2441E-04 2.0000E-04
6.9644E-05 2.0000E-04
6.6589E-05 2.0000E-04
7.1707E-05 2.0000E-04
1.7317E-04 2.0000E-04
8.0828E-05 2.0000E-04
7.1800E-05 2.0000E-04
9.7315E-05 2.0000E-04
1.4091E-04 2.0000E-04
8.6047E-05 2.0000E-04
8.8033E-05 2.0000E-04
1.1602E-04 2.0000E-04
2.0857E-04 2.0000E-04
1.1463E-04 2.0000E-04
1.7266E-04 2.0000E-04
1.5104E-04 2.0000E-04
2.5224E-04 2.0000E-04
1.7928E-04 2.0000E-04
2.1657E-04 2.0000E-04
1.9694E-04 2.0000E-04
2.0737E-04 2.0000E-04
1.7257E-04 2.0000E-04
1.7376E-04 2.0000E-04
1.5209E-04 2.0000E-04
1.5068E-04 2.0000E-04
1.2581E-04 2.0000E-04
1.9271E-04 2.0000E-04
1.3313E-04 2.0000E-04
1.0372E-04 2.0000E-04
1.1605E-04 2.0000E-04
1.8941E-04 2.0000E-04
9.6833E-05 2.0000E-04
7.8966E-05 2.0000E-04
9.6226E-05 2.0000E-04
1.7797E-04 2.0000E-04
1.1826E-04 2.0000E-04
8.5926E-05 2.0000E-04
7.2618E-05 2.0000E-04
7.9091E-05 2.0000E-04
1.6017E-04 2.0000E-04
7.9866E-05 2.0000E-04
6.5014E-05 2.0000E-04
7.7667E-05 2.0000E-04
1.6404E-04 2.0000E-04
7.7942E-05 2.0000E-04
6.4170E-05 2.0000E-04
7.5623E-05 2.0000E-04
1.3329E-04 2.0000E-04
8.4334E-05 2.0000E-04
6.2956E-05 2.0000E-04
9.1344E-05 2.0000E-04
1.1779E-04 2.0000E-04
8.7714E-05 2.0000E-04
8.7234E-05 2.0000E-04
8.2532E-05 2.0000E-04
7.8111E-05 2.0000E-04
9.4992E-05 2.0000E-04
1.2830E-04 2.0000E-04
7.0198E-05 2.0000E-04
7.4020E-05 2.0000E-04
8.1554E-05 2.0000E-04
1.2213E-04 2.0000E-04
7.5755E-05 2.0000E-04
6.6958E-05 2.0000E-04
8.0254E-05 2.0000E-04
8.9930E-05 2.0000E-04
6.9357E-05 2.0000E-04
6.5120E-05 2.0000E-04
7.6565E-05 2.0000E-04
6.9714E-05 2.0000E-04
6.1719E-05 2.0000E-04
6.8339E-05 2.0000E-04
6.6034E-05 2.0000E-04
5.8394E-05 2.0000E-04
8.7573E-05 2.0000E-04
6.2737E-05 2.0000E-04
5.5504E-05 2.0000E-04
7.1913E-05 2.0000E-04
1.0651E-04 2.0000E-04
5.7489E-05 2.0000E-04
5.4094E-05 2.0000E-04
6.5686E-05 2.0000E-04
5.7257E-05 2.0000E-04
8.6408E-05 2.0000E-04
5.3378E-05 2.0000E-04
4.8510E-05 2.0000E-04
6.1805E-05 2.0000E-04
9.2912E-05 2.0000E-04
4.8838E-05 2.0000E-04
4.3775E-05 2.0000E-04
4.9576E-05 2.0000E-04
1.3076E-04 2.0000E-04
4.8500E-05 2.0000E-04
4.0381E-05 2.0000E-04
5.7770E-05 2.0000E-04
6.7979E-05 2.0000E-04
4.5740E-05 2.0000E-04
4.5985E-05 2.0000E-04
6.1551E-05 2.0000E-04
6.0711E-05 2.0000E-04
5.6534E-05 2.0000E-04
4.5613E-05 2.0000E-04
4.9958E-05 2.0000E-04
7.4925E-05 2.0000E-04
5.1288E-05 2.0000E-04
5.0997E-05 2.0000E-04
6.5140E-05 2.0000E-04
8.0543E-05 2.0000E-04
5.6873E-05 2.0000E-04
5.8976E-05 2.0000E-04
5.1500E-05 2.0000E-04
4.9677E-05 2.0000E-04
8.7694E-05 2.0000E-04
6.0466E-05 2.0000E-04
5.3531E-05 2.0000E-04
7.5721E-05 2.0000E-04
1.1196E-04 2.0000E-04
6.7662E-05 2.0000E-04
8.3480E-05 2.0000E-04
8.7964E-05 2.0000E-04
6.6123E-05 2.0000E-04
6.9047E-05 2.0000E-04
9.8325E-05 2.0000E-04
6.8826E-05 2.0000E-04
8.8333E-05 2.0000E-04
1.3243E-04 2.0000E-04
9.7234E-05 2.0000E-04
8.4214E-05 2.0000E-04
9.2325E-05 2.0000E-04
1.3615E-04 2.0000E-04
1.0715E-04 2.0000E-04
1.0731E-04 2.0000E-04
1.0995E-04 2.0000E-04
8.5904E-05 2.0000E-04
7.8109E-05 2.0000E-04
1.3151E-04 2.0000E-04
8.4488E-05 2.0000E-04
7.7390E-05 2.0000E-04
1.1288E-04 2.0000E-04
1.1009E-04 2.0000E-04
1.3588E-04 2.0000E-04
8.3115E-05 2.0000E-04
6.8859E-05 2.0000E-04
7.5330E-05 2.0000E-04
1.5529E-04 2.0000E-04
7.2755E-05 2.0000E-04
5.8341E-05 2.0000E-04
6.6623E-05 2.0000E-04
1.5048E-04 2.0000E-04
6.5251E-05 2.0000E-04
5.1092E-05 2.0000E-04
6.2786E-05 2.0000E-04
1.2037E-04 2.0000E-04
6.2636E-05 2.0000E-04
5.0410E-05 2.0000E-04
6.5172E-05 2.0000E-04
8.2875E-05 2.0000E-04
6.6761E-05 2.0000E-04
5.0267E-05 2.0000E-04
5.7537E-05 2.0000E-04
6.6854E-05 2.0000E-04
5.6739E-05 2.0000E-04
5.9331E-05 2.0000E-04
6.6252E-05 2.0000E-04
5.7841E-05 2.0000E-04
7.1652E-05 2.0000E-04
6.0715E-05 2.0000E-04
5.4077E-05 2.0000E-04
7.6506E-05 2.0000E-04
7.9399E-05 2.0000E-04
5.5510E-05 2.0000E-04
5.4199E-05 2.0000E-04
8.3668E-05 2.0000E-04
6.1673E-05 2.0000E-04
6.7290E-05 2.0000E-04
6.4505E-05 2.0000E-04
5.4095E-05 2.0000E-04
6.9318E-05 2.0000E-04
7.1104E-05 2.0000E-04
5.2709E-05 2.0000E-04
5.6750E-05 2.0000E-04
6.0702E-05 2.0000E-04
4.7752E-05 2.0000E-04
4.7752E-05 2.0000E-04
6.6646E-05 2.0000E-04
5.4817E-05 2.0000E-04
4.4218E-05 2.0000E-04
6.7102E-05 2.0000E-04
5.4548E-05 2.0000E-04
3.7514E-05 2.0000E-04
3.3622E-05 2.0000E-04
4.3554E-05 2.0000E-04
4.2172E-05 2.0000E-04
5.7655E-05 2.0000E-04
3.5908E-05 2.0000E-04
3.6465E-05 2.0000E-04
4.1937E-05 2.0000E-04
3.5474E-05 2.0000E-04
4.9301E-05 2.0000E-04
3.1873E-05 2.0000E-04
2.8694E-05 2.0000E-04
4.4624E-05 2.0000E-04
4.3527E-05 2.0000E-04
2.9788E-05 2.0000E-04
2.7950E-05 2.0000E-04
4.5550E-05 2.0000E-04
3.4385E-05 2.0000E-04
3.6350E-05 2.0000E-04
3.9800E-05 2.0000E-04
3.1050E-05 2.0000E-04
3.1091E-05 2.0000E-04
4.8455E-05 2.0000E-04
3.2178E-05 2.0000E-04
2.6689E-05 2.0000E-04
3.3533E-05 2.0000E-04
3.3856E-05 2.0000E-04
4.1414E-05 2.0000E-04
3.0912E-05 2.0000E-04
3.0819E-05 2.0000E-04
4.0900E-05 2.0000E-04
2.9343E-05 2.0000E-04
2.8444E-05 2.0000E-04
3.8937E-05 2.0000E-04
2.9370E-05 2.0000E-04
3.2523E-05 2.0000E-04
3.2221E-05 2.0000E-04
2.9272E-05 2.0000E-04
3.1773E-05 2.0000E-04
3.5230E-05 2.0000E-04
2.7803E-05 2.0000E-04
2.9878E-05 2.0000E-04
4.0648E-05 2.0000E-04
2.6985E-05 2.0000E-04
2.3670E-05 2.0000E-04
2.9558E-05 2.0000E-04
3.3089E-05 2.0000E-04
3.1370E-05 2.0000E-04
2.6449E-05 2.0000E-04
3.1048E-05 2.0000E-04
4.0027E-05 2.0000E-04
2.8308E-05 2.0000E-04
3.4674E-05 2.0000E-04
4.2045E-05 2.0000E-04
2.8807E-05 2.0000E-04
3.3862E-05 2.0000E-04
3.3151E-05 2.0000E-04
2.9329E-05 2.0000E-04
5.7957E-05 2.0000E-04
3.4015E-05 2.0000E-04
2.9780E-05 2.0000E-04
5.6168E-05 2.0000E-04
6.3133E-05 2.0000E-04
3.7638E-05 2.0000E-04
4.4146E-05 2.0000E-04
4.3421E-05 2.0000E-04
6.0494E-05 2.0000E-04
6.3782E-05 2.0000E-04
4.7165E-05 2.0000E-04
6.9051E-05 2.0000E-04
8.1609E-05 2.0000E-04
4.2597E-05 2.0000E-04
3.5803E-05 2.0000E-04
4.5243E-05 2.0000E-04
7.6065E-05 2.0000E-04
5.3867E-05 2.0000E-04
5.1217E-05 2.0000E-04
8.3735E-05 2.0000E-04
5.5439E-05 2.0000E-04
1.1009E-04 2.0000E-04
9.6327E-05 2.0000E-04
4.4800E-05 2.0000E-04
3.7133E-05 2.0000E-04
5.2273E-05 2.0000E-04
1.2763E-04 2.0000E-04
5.5289E-05 2.0000E-04
4.6713E-05 2.0000E-04
5.3046E-05 2.0000E-04
1.0854E-04 2.0000E-04
4.8834E-05 2.0000E-04
4.0024E-05 2.0000E-04
4.9588E-05 2.0000E-04
9.5745E-05 2.0000E-04
5.2120E-05 2.0000E-04
4.3958E-05 2.0000E-04
4.9383E-05 2.0000E-04
8.0545E-05 2.0000E-04
4.7134E-05 2.0000E-04
5.7068E-05 2.0000E-04
5.2105E-05 2.0000E-04
4.8847E-05 2.0000E-04
4.8801E-05 2.0000E-04
5.1972E-05 2.0000E-04
4.0795E-05 2.0000E-04
4.0329E-05 2.0000E-04
6.0279E-05 2.0000E-04
3.7965E-05 2.0000E-04
3.9974E-05 2.0000E-04
4.2869E-05 2.0000E-04
4.9552E-05 2.0000E-04
3.8193E-05 2.0000E-04
3.3680E-05 2.0000E-04
3.7298E-05 2.0000E-04
4.6393E-05 2.0000E-04
3.0607E-05 2.0000E-04
3.1392E-05 2.0000E-04
3.5854E-05 2.0000E-04
4.0924E-05 2.0000E-04
3.0062E-05 2.0000E-04
3.0090E-05 2.0000E-04
3.2008E-05 2.0000E-04
2.3426E-05 2.0000E-04
3.1874E-05 2.0000E-04
2.8262E-05 2.0000E-04
2.2050E-05 2.0000E-04
3.1121E-05 2.0000E-04
3.1110E-05 2.0000E-04
2.1758E-05 2.0000E-04
1.8105E-05 2.0000E-04
2.8943E-05 2.0000E-04
2.1703E-05 2.0000E-04
2.4983E-05 2.0000E-04
2.2590E-05 2.0000E-04
1.9257E-05 2.0000E-04
2.0843E-05 2.0000E-04
2.9702E-05 2.0000E-04
1.7558E-05 2.0000E-04
1.3597E-05 2.0000E-04
1.7349E-05 2.0000E-04
1.6036E-05 2.0000E-04
2.3018E-05 2.0000E-04
1.4127E-05 2.0000E-04
1.3270E-05 2.0000E-04
1.6859E-05 2.0000E-04
1.7398E-05 2.0000E-04
1.3886E-05 2.0000E-04
1.3160E-05 2.0000E-04
1.6599E-05 2.0000E-04
1.4274E-05 2.0000E-04
1.2496E-05 2.0000E-04
1.3848E-05 2.0000E-04
1.5031E-05 2.0000E-04
1.3042E-05 2.0000E-04
1.3553E-05 2.0000E-04
1.5072E-05 2.0000E-04
1.2525E-05 2.0000E-04
1.4265E-05 2.0000E-04
1.5476E-05 2.0000E-04
1.2122E-05 2.0000E-04
1.4234E-05 2.0000E-04
1.8105E-05 2.0000E-04
1.2193E-05 2.0000E-04
1.0337E-05 2.0000E-04
1.4815E-05 2.0000E-04
1.1675E-05 2.0000E-04
1.3602E-05 2.0000E-04
1.1120E-05 2.0000E-04
1.0465E-05 2.0000E-04
1.2775E-05 2.0000E-04
1.3733E-05 2.0000E-04
1.0091E-05 2.0000E-04
9.6491E-06 2.0000E-04
1.6814E-05 2.0000E-04
1.0686E-05 2.0000E-04
8.8163E-06 2.0000E-04
1.1108E-05 2.0000E-04
1.1018E-05 2.0000E-04
1.4824E-05 2.0000E-04
9.6285E-06 2.0000E-04
8.9757E-06 2.0000E-04
1.2885E-05 2.0000E-04
1.1983E-05 2.0000E-04
1.0676E-05 2.0000E-04
1.0046E-05 2.0000E-04
1.1807E-05 2.0000E-04
1.1085E-05 2.0000E-04
1.2443E-05 2.0000E-04
1.1267E-05 2.0000E-04
1.1228E-05 2.0000E-04
1.2092E-05 2.0000E-04
1.1096E-05 2.0000E-04
1.1053E-05 2.0000E-04
1.3464E-05 2.0000E-04
1.2415E-05 2.0000E-04
1.0306E-05 2.0000E-04
1.2692E-05 2.0000E-04
1.5733E-05 2.0000E-04
1.1191E-05 2.0000E-04
1.2794E-05 2.0000E-04
1.6929E-05 2.0000E-04
1.4971E-05 2.0000E-04
2.1249E-05 2.0000E-04
1.4179E-05 2.0000E-04
1.2936E-05 2.0000E-04
1.5028E-05 2.0000E-04
1.8780E-05 2.0000E-04
1.3767E-05 2.0000E-04
1.5438E-05 2.0000E-04
1.7767E-05 2.0000E-04
1.5468E-05 2.0000E-04
2.0287E-05 2.0000E-04
1.8391E-05 2.0000E-04
1.8550E-05 2.0000E-04
1.6339E-05 2.0000E-04
1.7344E-05 2.0000E-04
1.5269E-05 2.0000E-04
1.6826E-05 2.0000E-04
2.0068E-05 2.0000E-04
1.5639E-05 2.0000E-04
1.6633E-05 2.0000E-04
2.2097E-05 2.0000E-04
1.7862E-05 2.0000E-04
2.4104E-05 2.0000E-04
3.4768E-05 2.0000E-04
1.5044E-05 2.0000E-04
1.1440E-05 2.0000E-04
1.7926E-05 2.0000E-04
3.3413E-05 2.0000E-04
2.0074E-05 2.0000E-04
1.4436E-05 2.0000E-04
1.6527E-05 2.0000E-04
2.5913E-05 2.0000E-04
1.7861E-05 2.0000E-04
1.5519E-05 2.0000E-04
1.9499E-05 2.0000E-04
2.7811E-05 2.0000E-04
1.6851E-05 2.0000E-04
1.9294E-05 2.0000E-04
2.8341E-05 2.0000E-04
1.5967E-05 2.0000E-04
1.5982E-05 2.0000E-04
1.6983E-05 2.0000E-04
3.2151E-05 2.0000E-04
1.4523E-05 2.0000E-04
1.3377E-05 2.0000E-04
1.6828E-05 2.0000E-04
3.5866E-05 2.0000E-04
1.6817E-05 2.0000E-04
1.2879E-05 2.0000E-04
1.5843E-05 2.0000E-04
1.9840E-05 2.0000E-04
2.0618E-05 2.0000E-04
1.3316E-05 2.0000E-04
1.3671E-05 2.0000E-04
1.7410E-05 2.0000E-04
1.4354E-05 2.0000E-04
2.4988E-05 2.0000E-04
1.3712E-05 2.0000E-04
1.2720E-05 2.0000E-04
1.6232E-05 2.0000E-04
1.9786E-05 2.0000E-04
1.3087E-05 2.0000E-04
1.2769E-05 2.0000E-04
1.3929E-05 2.0000E-04
1.4779E-05 2.0000E-04
2.0673E-05 2.0000E-04
1.2960E-05 2.0000E-04
1.1294E-05 2.0000E-04
1.4717E-05 2.0000E-04
1.5690E-05 2.0000E-04
1.7341E-05 2.0000E-04
1.2685E-05 2.0000E-04
1.2636E-05 2.0000E-04
1.6759E-05 2.0000E-04
1.3843E-05 2.0000E-04
1.3412E-05 2.0000E-04
1.4421E-05 2.0000E-04
1.3154E-05 2.0000E-04
1.4799E-05 2.0000E-04
1.5407E-05 2.0000E-04
1.2131E-05 2.0000E-04
1.3075E-05 2.0000E-04
2.2248E-05 2.0000E-04
1.2386E-05 2.0000E-04
1.1857E-05 2.0000E-04
1.4039E-05 2.0000E-04
2.3009E-05 2.0000E-04
1.2430E-05 2.0000E-04
1.2075E-05 2.0000E-04
1.6149E-05 2.0000E-04
2.0343E-05 2.0000E-04
1.2925E-05 2.0000E-04
1.2613E-05 2.0000E-04
1.4197E-05 2.0000E-04
1.8956E-05 2.0000E-04
1.3504E-05 2.0000E-04
1.2338E-05 2.0000E-04
1.4066E-05 2.0000E-04
2.0763E-05 2.0000E-04
1.2636E-05 2.0000E-04
1.2532E-05 2.0000E-04
1.4945E-05 2.0000E-04
2.2272E-05 2.0000E-04
1.3866E-05 2.0000E-04
1.2584E-05 2.0000E-04
1.5377E-05 2.0000E-04
2.6386E-05 2.0000E-04
1.4066E-05 2.0000E-04
1.2353E-05 2.0000E-04
1.5238E-05 2.0000E-04
2.0526E-05 2.0000E-04
1.4483E-05 2.0000E-04
1.3070E-05 2.0000E-04
1.5896E-05 2.0000E-04
1.7640E-05 2.0000E-04
1.7640E-05 2.0000E-04
1.3977E-05 2.0000E-04
1.4682E-05 2.0000E-04
1.7388E-05 2.0000E-04
1.5489E-05 2.0000E-04
2.0643E-05 2.0000E-04
1.6952E-05 2.0000E-04
1.4244E-05 2.0000E-04
1.4391E-05 2.0000E-04
2.1231E-05 2.0000E-04
1.4329E-05 2.0000E-04
1.3571E-05 2.0000E-04
1.8418E-05 2.0000E-04
1.4296E-05 2.0000E-04
1.6270E-05 2.0000E-04
1.9846E-05 2.0000E-04
1.4209E-05 2.0000E-04
1.4829E-05 2.0000E-04
2.1053E-05 2.0000E-04
1.5035E-05 2.0000E-04
1.6912E-05 2.0000E-04
1.5995E-05 2.0000E-04
1.4449E-05 2.0000E-04
1.7126E-05 2.0000E-04
1.7270E-05 2.0000E-04
1.6605E-05 2.0000E-04
1.7518E-05 2.0000E-04
1.8902E-05 2.0000E-04
1.3847E-05 2.0000E-04
1.5325E-05 2.0000E-04
1.9509E-05 2.0000E-04
1.6919E-05 2.0000E-04
1.5582E-05 2.0000E-04
1.5855E-05 2.0000E-04
1.4885E-05 2.0000E-04
1.7083E-05 2.0000E-04
1.5634E-05 2.0000E-04
1.4191E-05 2.0000E-04
1.7788E-05 2.0000E-04
2.0525E-05 2.0000E-04
1.4003E-05 2.0000E-04
1.3863E-05 2.0000E-04
1.8150E-05 2.0000E-04
1.5659E-05 2.0000E-04
2.6610E-05 2.0000E-04
1.4603E-05 2.0000E-04
1.4048E-05 2.0000E-04
2.0006E-05 2.0000E-04
2.4290E-05 2.0000E-04
1.3264E-05 2.0000E-04
1.3372E-05 2.0000E-04
1.6068E-05 2.0000E-04
2.9101E-05 2.0000E-04
1.4097E-05 2.0000E-04
1.3268E-05 2.0000E-04
1.5653E-05 2.0000E-04
2.8175E-05 2.0000E-04
1.3908E-05 2.0000E-04
1.1976E-05 2.0000E-04
1.4966E-05 2.0000E-04
2.9113E-05 2.0000E-04
1.4706E-05 2.0000E-04
1.2055E-05 2.0000E-04
1.5982E-05 2.0000E-04
2.0734E-05 2.0000E-04
1.5000E-05 2.0000E-04
1.2436E-05 2.0000E-04
1.5184E-05 2.0000E-04
1.8133E-05 2.0000E-04
1.7908E-05 2.0000E-04
1.2044E-05 2.0000E-04
1.3104E-05 2.0000E-04
1.7276E-05 2.0000E-04
1.7627E-05 2.0000E-04
1.1950E-05 2.0000E-04
1.2143E-05 2.0000E-04
1.4996E-05 2.0000E-04
1.5306E-05 2.0000E-04
1.2818E-05 2.0000E-04
1.1073E-05 2.0000E-04
1.2375E-05 2.0000E-04
1.8782E-05 2.0000E-04
1.0290E-05 2.0000E-04
1.0531E-05 2.0000E-04
1.2058E-05 2.0000E-04
2.0183E-05 2.0000E-04
9.7026E-06 2.0000E-04
9.2336E-06 2.0000E-04
1.0313E-05 2.0000E-04
1.8996E-05 2.0000E-04
1.0256E-05 2.0000E-04
7.9690E-06 2.0000E-04
9.9085E-06 2.0000E-04
1.7668E-05 2.0000E-04
9.2921E-06 2.0000E-04
7.9439E-06 2.0000E-04
9.3979E-06 2.0000E-04
1.5240E-05 2.0000E-04
9.0040E-06 2.0000E-04
7.6563E-06 2.0000E-04
9.5881E-06 2.0000E-04
1.4259E-05 2.0000E-04
8.3741E-06 2.0000E-04
7.2611E-06 2.0000E-04
9.1427E-06 2.0000E-04
1.0662E-05 2.0000E-04
1.0081E-05 2.0000E-04
7.2477E-06 2.0000E-04
