761.3
157.5
123.5
124.1
153.8
173.5
157.5
122.3
122.8
123.8
124.0
122.9
124.4
124.2
121.9
155.6
122.5
124.4
155.3
123.3
122.0
123.7
150.5
123.6
124.2
122.0
125.3
123.7
121.8
124.9
122.6
124.5
121.1
124.3
124.7
123.7
122.4
124.5
124.7
123.7
123.0
124.2
124.0
122.4
107.8
124.3
122.6
124.2
123.8
123.9
124.1
116.0
122.4
108.1
119.0
123.6
122.0
120.0
122.9
107.2
157.1
124.2
121.6
124.1
123.1
108.3
101.4
136.2
125.4
123.0
123.8
122.5
124.2
105.7
140.2
104.9
121.7
125.6
123.8
124.3
703.1
135.4
142.5
135.0
153.0
135.4
158.2
157.5
131.1
156.0
161.9
145.2
135.7
153.8
146.5
136.2
159.5
155.9
134.9
153.8
146.6
136.5
136.1
150.3
155.5
143.2
154.1
160.2
145.8
125.4
159.9
148.6
132.5
157.5
156.1
148.5
151.1
148.2
146.9
139.5
149.6
156.0
141.1
157.6
152.2
140.6
135.5
151.5
146.3
142.5
155.3
152.1
149.8
131.6
156.6
151.5
144.3
146.3
163.5
142.8
146.6
160.7
161.7
146.0
154.8
156.1
139.0
153.0
158.5
139.5
174.6
195.6
144.8
188.5
156.7
138.0
166.3
148.6
154.8
170.7
142.6
193.5
133.2
151.0
177.9
133.3
157.5
156.5
143.1
150.6
146.0
146.6
126.6
149.1
146.5
135.6
142.8
154.5
151.8
136.3
148.5
147.1
130.1
143.1
143.3
140.3
162.3
147.4
148.5
139.3
136.7
154.6
151.0
137.2
154.8
149.2
140.4
147.2
146.3
133.2
138.4
146.0
153.3
139.5
140.3
150.8
135.8
134.7
143.4
146.7
139.5
144.3
153.8
142.1
134.3
147.9
150.5
113.1
132.7
171.2
146.8
131.8
155.1
148.9
140.2
153.8
142.7
145.7
115.4
190.2
152.6
133.1
149.0
140.6
135.2
149.5
148.5
147.2
138.9
149.5
154.1
142.2
152.5
153.0
136.9
143.8
145.4
146.9
130.7
155.4
156.7
142.6
144.1
149.2
149.1
139.6
137.0
149.5
124.7
134.0
141.9
147.2
134.4
150.4
145.5
138.5
131.1
147.7
155.3
139.4
149.3
152.5
129.8
131.0
152.2
154.0
130.4
145.6
147.7
134.6
147.8
146.6
156.3
128.7
156.6
147.8
142.9
150.3
140.2
154.0
138.9
156.5
144.9
136.9
145.7
142.4
147.6
139.2
152.7
151.5
137.6
149.1
150.5
139.8
147.3
148.1
152.0
132.9
130.1
147.8
138.4
125.4
144.5
145.0
116.3
141.8
139.7
136.2
121.8
149.2
129.4
702.4
123.3
106.0
124.4
124.5
105.2
104.7
139.0
122.3
123.3
106.0
105.9
104.0
108.0
105.6
105.7
107.3
107.0
106.7
105.5
106.7
140.6
106.5
123.8
123.4
106.0
123.9
121.9
103.9
106.1
141.5
123.5
106.9
106.4
105.9
106.0
104.8
107.3
106.0
106.9
105.2
138.8
106.2
108.3
107.2
105.0
106.9
106.0
106.7
105.9
105.4
106.4
140.0
105.0
104.6
106.4
106.5
122.1
108.3
105.4
125.2
106.9
106.0
104.4
139.7
106.4
122.7
123.2
105.6
106.0
138.3
122.5
122.8
105.5
120.8
122.9
105.6
106.8
107.3
155.6
123.9
122.2
122.6
122.9
106.5
124.4
123.3
107.1
106.8
122.0
121.6
122.3
122.7
121.3
121.2
121.2
123.3
122.7
123.9
105.9
122.1
106.7
123.6
124.1
122.4
123.4
107.0
122.2
122.6
106.6
121.5
123.4
105.9
106.4
107.3
105.1
138.5
104.7
107.3
122.6
106.4
106.8
106.8
106.1
105.0
106.1
104.9
105.4
107.9
107.7
109.0
107.5
106.2
107.1
105.4
106.4
107.0
106.3
107.8
106.5
106.5
106.3
106.1
108.4
106.7
106.4
106.4
107.6
105.5
106.6
107.2
107.5
105.8
104.1
108.2
107.9
106.8
105.6
106.1
105.6
108.3
107.3
107.0
105.6
106.0
107.4
106.1
106.3
109.0
108.2
105.9
105.7
107.1
105.4
105.7
105.2
107.3
106.5
106.6
105.1
106.9
106.3
106.4
107.1
105.5
107.6
112.0
105.6
106.5
107.0
104.7
107.3
106.0
106.2
104.8
107.2
104.9
105.5
106.9
106.2
106.6
106.2
107.8
106.2
106.0
105.9
104.9
108.5
105.4
107.7
105.8
107.2
106.1
107.6
106.8
105.4
106.5
107.5
107.5
105.7
107.0
107.5
106.9
105.8
107.2
107.4
107.7
105.4
107.0
104.8
106.3
108.1
107.0
106.2
104.4
106.7
108.0
107.9
105.6
106.4
106.3
106.4
105.4
107.3
106.8
106.0
105.1
106.2
107.0
107.4
105.4
105.6
105.9
137.8
106.4
107.1
107.9
107.4
105.8
106.3
107.6
104.4
106.3
106.3
106.9
106.3
105.4
107.1
105.6
105.3
104.3
106.0
107.4
107.3
105.5
105.2
106.6
106.5
99.3
106.3
105.9
107.3
107.1
105.4
107.1
106.5
105.8
106.0
106.4
106.1
105.2
106.5
106.4
106.0
106.8
108.3
105.8
107.5
108.2
107.5
107.6
105.8
104.7
106.7
106.5
106.4
109.6
106.2
106.3
105.4
106.3
106.6
106.0
108.9
106.0
107.1
107.1
105.3
107.5
106.2
106.8
698.7
106.3
105.3
102.5
105.1
107.6
104.1
104.7
105.0
106.0
107.7
100.8
105.6
106.1
105.7
104.4
105.2
105.4
105.7
104.9
105.3
105.9
105.1
104.7
106.6
106.3
107.0
105.8
108.7
106.1
107.6
106.6
105.2
107.1
105.5
105.3
107.0
105.4
106.0
106.6
107.1
105.5
106.4
105.6
105.3
104.7
104.6
106.6
106.8
106.6
106.6
106.2
106.1
105.6
105.5
107.3
107.7
105.5
106.3
105.8
104.7
107.3
107.0
106.6
105.0
104.3
106.0
105.4
107.3
105.5
106.8
105.5
105.0
105.7
106.6
105.3
106.9
104.6
104.4
105.7
107.3
106.0
105.8
107.2
105.2
105.5
105.8
106.8
105.0
107.2
106.5
107.2
107.0
106.8
106.1
104.3
105.3
104.6
106.8
106.3
104.6
105.5
107.5
105.8
106.1
107.3
105.1
