RMS Step   Target
2.8787E-04 8.0000E-04
2.7978E-03 8.0000E-04
8.7433E-04 8.0000E-04
1.6076E-03 8.0000E-04
1.6323E-03 8.0000E-04
9.1881E-04 8.0000E-04
5.8382E-04 8.0000E-04
7.7847E-04 8.0000E-04
1.6466E-03 8.0000E-04
9.0894E-04 8.0000E-04
4.2923E-04 8.0000E-04
1.1694E-03 8.0000E-04
1.6708E-03 8.0000E-04
7.2702E-04 8.0000E-04
6.7346E-04 8.0000E-04
7.2377E-04 8.0000E-04
1.4889E-03 8.0000E-04
2.5590E-03 8.0000E-04
4.4433E-04 8.0000E-04
2.4419E-04 8.0000E-04
6.0139E-04 8.0000E-04
1.2621E-03 8.0000E-04
1.6244E-03 8.0000E-04
2.4452E-04 8.0000E-04
5.2739E-04 8.0000E-04
6.9937E-04 8.0000E-04
1.0240E-03 8.0000E-04
9.5496E-04 8.0000E-04
2.3426E-04 8.0000E-04
1.3131E-04 8.0000E-04
4.6661E-04 8.0000E-04
8.4548E-04 8.0000E-04
5.6097E-04 8.0000E-04
7.2531E-04 8.0000E-04
6.5907E-04 8.0000E-04
9.8087E-04 8.0000E-04
1.2531E-04 8.0000E-04
1.7512E-04 8.0000E-04
3.4510E-04 8.0000E-04
8.1789E-04 8.0000E-04
1.3059E-03 8.0000E-04
1.9378E-04 8.0000E-04
1.9052E-04 8.0000E-04
3.4843E-04 8.0000E-04
7.9733E-04 8.0000E-04
1.2427E-03 8.0000E-04
1.0108E-03 8.0000E-04
1.0547E-03 8.0000E-04
1.4441E-03 8.0000E-04
7.1967E-03 8.0000E-04
3.5983E-03 8.0000E-04
2.1099E-03 8.0000E-04
2.5002E-03 8.0000E-04
5.3661E-03 8.0000E-04
7.1243E-03 8.0000E-04
2.6755E-03 8.0000E-04
1.7355E-03 8.0000E-04
1.5144E-03 8.0000E-04
2.7589E-03 8.0000E-04
3.4949E-03 8.0000E-04
3.4005E-03 8.0000E-04
5.5933E-04 8.0000E-04
1.0606E-03 8.0000E-04
7.1441E-04 8.0000E-04
2.0634E-03 8.0000E-04
6.6986E-04 8.0000E-04
3.3815E-04 8.0000E-04
8.1571E-04 8.0000E-04
5.2542E-04 8.0000E-04
1.0417E-04 8.0000E-04
2.6069E-04 8.0000E-04
3.3313E-04 8.0000E-04
7.5103E-04 8.0000E-04
5.9581E-04 8.0000E-04
3.2453E-04 8.0000E-04
2.7054E-04 8.0000E-04
2.5201E-04 8.0000E-04
6.2203E-04 8.0000E-04
3.1414E-04 8.0000E-04
2.3668E-04 8.0000E-04
3.2407E-04 8.0000E-04
3.7059E-04 8.0000E-04
2.4035E-04 8.0000E-04
6.3934E-04 8.0000E-04
4.2247E-04 8.0000E-04
2.4588E-04 8.0000E-04
7.4457E-04 8.0000E-04
3.9018E-04 8.0000E-04
2.1880E-04 8.0000E-04
5.6649E-04 8.0000E-04
3.2676E-04 8.0000E-04
2.9585E-04 8.0000E-04
7.3032E-04 8.0000E-04
3.6714E-04 8.0000E-04
8.8967E-05 8.0000E-04
2.8539E-04 8.0000E-04
2.8768E-04 8.0000E-04
5.6286E-04 8.0000E-04
4.1164E-04 8.0000E-04
2.7487E-04 8.0000E-04
3.3503E-04 8.0000E-04
2.4865E-04 8.0000E-04
1.7235E-04 8.0000E-04
2.4056E-04 8.0000E-04
2.3691E-04 8.0000E-04
2.9936E-04 8.0000E-04
3.3625E-04 8.0000E-04
2.1697E-04 8.0000E-04
1.1717E-04 8.0000E-04
2.8453E-04 8.0000E-04
1.9574E-04 8.0000E-04
1.5160E-04 8.0000E-04
2.9827E-04 8.0000E-04
3.2440E-04 8.0000E-04
8.6774E-05 8.0000E-04
1.4104E-04 8.0000E-04
1.1377E-04 8.0000E-04
4.3647E-04 8.0000E-04
3.5808E-04 8.0000E-04
5.5742E-05 8.0000E-04
1.7031E-04 8.0000E-04
1.3720E-04 8.0000E-04
4.7399E-04 8.0000E-04
1.2443E-04 8.0000E-04
6.5530E-05 8.0000E-04
