RMS Grad   Target
6.5048E-04 3.0000E-03
6.2022E-04 3.0000E-03
3.5919E-04 3.0000E-03
2.9433E-04 3.0000E-03
2.1812E-04 3.0000E-03
2.2166E-04 3.0000E-03
1.8896E-04 3.0000E-03
1.5638E-04 3.0000E-03
1.2521E-04 3.0000E-03
1.0872E-04 3.0000E-03
1.0627E-04 3.0000E-03
1.0395E-04 3.0000E-03
1.9955E-04 3.0000E-03
1.2155E-04 3.0000E-03
1.0449E-04 3.0000E-03
1.3604E-04 3.0000E-03
2.2460E-04 3.0000E-03
3.0808E-04 3.0000E-03
7.0261E-05 3.0000E-03
4.4527E-05 3.0000E-03
5.3212E-05 3.0000E-03
7.6042E-05 3.0000E-03
1.1300E-04 3.0000E-03
8.5948E-05 3.0000E-03
6.6021E-05 3.0000E-03
8.1006E-05 3.0000E-03
4.1777E-05 3.0000E-03
3.1961E-05 3.0000E-03
