Max Step   Target
6.8727E-03 1.8000E-03
7.8567E-03 1.8000E-03
2.5000E-02 1.8000E-03
2.5000E-02 1.8000E-03
4.2275E-03 1.8000E-03
5.0763E-03 1.8000E-03
1.1220E-02 1.8000E-03
1.5871E-02 1.8000E-03
1.2906E-02 1.8000E-03
2.3143E-03 1.8000E-03
6.3146E-03 1.8000E-03
9.2240E-03 1.8000E-03
8.3700E-03 1.8000E-03
1.4612E-02 1.8000E-03
1.3844E-02 1.8000E-03
2.0892E-02 1.8000E-03
1.5791E-02 1.8000E-03
5.1545E-03 1.8000E-03
4.9230E-03 1.8000E-03
6.7072E-03 1.8000E-03
1.1680E-02 1.8000E-03
1.0592E-02 1.8000E-03
2.4783E-03 1.8000E-03
2.1002E-03 1.8000E-03
3.4848E-03 1.8000E-03
4.8202E-03 1.8000E-03
2.9742E-03 1.8000E-03
1.3810E-03 1.8000E-03
1.1287E-03 1.8000E-03
2.9310E-03 1.8000E-03
3.9776E-03 1.8000E-03
1.5579E-03 1.8000E-03
3.5340E-03 1.8000E-03
3.0735E-03 1.8000E-03
3.4254E-03 1.8000E-03
2.5750E-03 1.8000E-03
2.3277E-03 1.8000E-03
2.9787E-03 1.8000E-03
4.7135E-03 1.8000E-03
1.3669E-03 1.8000E-03
1.3669E-03 1.8000E-03
