RMS Step   Target
2.2222E-03 1.2000E-03
2.3204E-03 1.2000E-03
7.5825E-03 1.2000E-03
7.7690E-03 1.2000E-03
1.3943E-03 1.2000E-03
1.8160E-03 1.2000E-03
4.1326E-03 1.2000E-03
5.9709E-03 1.2000E-03
5.4142E-03 1.2000E-03
9.2143E-04 1.2000E-03
2.3027E-03 1.2000E-03
2.9995E-03 1.2000E-03
2.6322E-03 1.2000E-03
4.5160E-03 1.2000E-03
4.2826E-03 1.2000E-03
6.5105E-03 1.2000E-03
5.3801E-03 1.2000E-03
1.1085E-03 1.2000E-03
9.3294E-04 1.2000E-03
1.5521E-03 1.2000E-03
3.8823E-03 1.2000E-03
3.5794E-03 1.2000E-03
4.9728E-04 1.2000E-03
6.5246E-04 1.2000E-03
1.2720E-03 1.2000E-03
1.8452E-03 1.2000E-03
1.2833E-03 1.2000E-03
5.7974E-04 1.2000E-03
3.8069E-04 1.2000E-03
8.3727E-04 1.2000E-03
1.0988E-03 1.2000E-03
4.2872E-04 1.2000E-03
9.7472E-04 1.2000E-03
8.3125E-04 1.2000E-03
9.2361E-04 1.2000E-03
7.0099E-04 1.2000E-03
6.5550E-04 1.2000E-03
8.4231E-04 1.2000E-03
1.3045E-03 1.2000E-03
3.8414E-04 1.2000E-03
3.8414E-04 1.2000E-03
