Max Step   Target
1.5537E-03 1.2000E-03
4.4108E-03 1.2000E-03
5.1801E-03 1.2000E-03
1.6451E-02 1.2000E-03
1.6364E-02 1.2000E-03
8.6180E-03 1.2000E-03
1.5335E-03 1.2000E-03
3.0092E-03 1.2000E-03
6.0007E-03 1.2000E-03
1.1868E-02 1.2000E-03
6.4213E-03 1.2000E-03
3.7426E-03 1.2000E-03
3.9029E-03 1.2000E-03
6.0864E-03 1.2000E-03
8.7248E-03 1.2000E-03
7.8738E-03 1.2000E-03
7.8764E-03 1.2000E-03
9.8065E-03 1.2000E-03
5.1938E-03 1.2000E-03
4.5017E-03 1.2000E-03
6.1156E-03 1.2000E-03
1.2982E-02 1.2000E-03
1.3570E-02 1.2000E-03
6.6004E-03 1.2000E-03
5.4072E-03 1.2000E-03
8.3064E-03 1.2000E-03
9.9829E-03 1.2000E-03
9.9136E-03 1.2000E-03
1.2436E-02 1.2000E-03
7.8430E-03 1.2000E-03
1.2073E-02 1.2000E-03
1.1531E-02 1.2000E-03
6.5922E-03 1.2000E-03
5.3521E-03 1.2000E-03
9.7934E-03 1.2000E-03
1.6674E-02 1.2000E-03
9.8264E-03 1.2000E-03
5.1541E-03 1.2000E-03
8.5498E-03 1.2000E-03
1.3283E-02 1.2000E-03
8.2521E-03 1.2000E-03
7.4258E-03 1.2000E-03
7.6151E-03 1.2000E-03
1.5464E-02 1.2000E-03
1.1661E-02 1.2000E-03
7.7168E-03 1.2000E-03
6.2182E-03 1.2000E-03
1.0272E-02 1.2000E-03
9.4477E-03 1.2000E-03
9.7435E-03 1.2000E-03
1.0921E-02 1.2000E-03
3.6922E-03 1.2000E-03
8.7500E-03 1.2000E-03
8.9278E-03 1.2000E-03
1.3775E-02 1.2000E-03
8.3667E-03 1.2000E-03
8.0384E-03 1.2000E-03
5.2535E-03 1.2000E-03
9.5573E-03 1.2000E-03
6.0639E-03 1.2000E-03
8.2498E-03 1.2000E-03
9.5627E-03 1.2000E-03
1.3426E-02 1.2000E-03
3.8195E-03 1.2000E-03
4.8997E-03 1.2000E-03
3.4735E-03 1.2000E-03
8.3341E-03 1.2000E-03
8.4928E-03 1.2000E-03
1.2619E-02 1.2000E-03
2.1031E-03 1.2000E-03
9.5897E-03 1.2000E-03
3.9911E-03 1.2000E-03
3.8471E-03 1.2000E-03
1.1010E-02 1.2000E-03
7.9002E-03 1.2000E-03
6.5218E-04 1.2000E-03
5.3390E-03 1.2000E-03
4.5845E-03 1.2000E-03
1.3741E-02 1.2000E-03
6.1367E-03 1.2000E-03
2.0167E-03 1.2000E-03
6.4433E-03 1.2000E-03
6.4433E-03 1.2000E-03
8.0326E-09 1.2000E-03
8.8333E-04 1.2000E-03
2.0932E-04 1.2000E-03
9.1523E-04 1.2000E-03
5.0205E-04 1.2000E-03
1.7563E-03 1.2000E-03
1.7426E-03 1.2000E-03
6.6991E-04 1.2000E-03
1.2623E-03 1.2000E-03
1.5810E-03 1.2000E-03
2.6874E-03 1.2000E-03
5.0118E-03 1.2000E-03
1.8414E-03 1.2000E-03
5.5132E-04 1.2000E-03
2.3248E-03 1.2000E-03
5.5284E-03 1.2000E-03
1.6391E-03 1.2000E-03
2.5251E-03 1.2000E-03
3.3005E-03 1.2000E-03
6.1039E-03 1.2000E-03
6.2559E-03 1.2000E-03
3.5699E-03 1.2000E-03
3.3144E-03 1.2000E-03
4.1893E-03 1.2000E-03
8.5745E-03 1.2000E-03
4.0013E-03 1.2000E-03
4.7356E-03 1.2000E-03
5.7414E-03 1.2000E-03
1.1461E-02 1.2000E-03
6.7158E-03 1.2000E-03
5.0555E-03 1.2000E-03
5.9406E-03 1.2000E-03
9.3178E-03 1.2000E-03
9.2413E-03 1.2000E-03
1.1724E-02 1.2000E-03
8.9882E-03 1.2000E-03
8.9506E-03 1.2000E-03
1.8341E-02 1.2000E-03
8.3710E-03 1.2000E-03
4.4228E-03 1.2000E-03
1.6455E-02 1.2000E-03
2.1815E-02 1.2000E-03
2.4948E-03 1.2000E-03
1.6056E-02 1.2000E-03
1.0839E-02 1.2000E-03
3.2590E-02 1.2000E-03
1.4236E-02 1.2000E-03
2.6264E-02 1.2000E-03
1.2574E-02 1.2000E-03
1.1660E-02 1.2000E-03
4.0254E-02 1.2000E-03
2.3144E-02 1.2000E-03
1.8415E-02 1.2000E-03
6.9279E-02 1.2000E-03
6.1268E-03 1.2000E-03
5.0425E-02 1.2000E-03
5.4271E-03 1.2000E-03
2.8055E-02 1.2000E-03
4.6884E-02 1.2000E-03
5.0973E-02 1.2000E-03
4.8487E-02 1.2000E-03
2.6458E-02 1.2000E-03
5.7445E-02 1.2000E-03
8.1505E-03 1.2000E-03
3.4771E-02 1.2000E-03
6.4556E-02 1.2000E-03
4.9104E-02 1.2000E-03
5.7396E-02 1.2000E-03
5.4592E-02 1.2000E-03
1.2592E-02 1.2000E-03
8.9655E-02 1.2000E-03
5.9664E-03 1.2000E-03
4.1565E-02 1.2000E-03
8.3277E-02 1.2000E-03
7.3079E-02 1.2000E-03
3.6442E-02 1.2000E-03
4.8182E-02 1.2000E-03
8.0642E-02 1.2000E-03
3.2652E-03 1.2000E-03
4.8006E-02 1.2000E-03
8.0717E-02 1.2000E-03
8.8230E-02 1.2000E-03
2.7888E-02 1.2000E-03
9.6256E-02 1.2000E-03
9.2534E-03 1.2000E-03
6.0124E-02 1.2000E-03
4.9478E-02 1.2000E-03
6.1697E-02 1.2000E-03
7.0983E-02 1.2000E-03
1.2581E-01 1.2000E-03
4.3976E-02 1.2000E-03
3.2445E-02 1.2000E-03
2.1530E-03 1.2000E-03
4.2116E-02 1.2000E-03
3.1705E-02 1.2000E-03
7.2993E-03 1.2000E-03
2.2062E-02 1.2000E-03
2.2787E-02 1.2000E-03
4.2343E-02 1.2000E-03
5.7101E-02 1.2000E-03
3.9714E-03 1.2000E-03
1.5787E-02 1.2000E-03
7.2981E-03 1.2000E-03
5.5278E-02 1.2000E-03
2.4543E-02 1.2000E-03
1.3264E-02 1.2000E-03
3.4244E-02 1.2000E-03
3.4239E-02 1.2000E-03
1.7448E-02 1.2000E-03
9.4813E-03 1.2000E-03
1.1189E-02 1.2000E-03
7.7394E-03 1.2000E-03
8.2937E-03 1.2000E-03
8.7923E-03 1.2000E-03
1.2630E-02 1.2000E-03
1.2617E-02 1.2000E-03
7.7274E-03 1.2000E-03
4.8908E-03 1.2000E-03
8.4133E-03 1.2000E-03
8.9955E-03 1.2000E-03
3.6544E-03 1.2000E-03
6.6319E-03 1.2000E-03
7.9071E-03 1.2000E-03
1.5821E-02 1.2000E-03
6.5321E-03 1.2000E-03
2.0267E-03 1.2000E-03
6.6478E-03 1.2000E-03
1.2631E-02 1.2000E-03
7.4363E-03 1.2000E-03
4.5329E-03 1.2000E-03
1.2754E-02 1.2000E-03
1.1793E-02 1.2000E-03
1.8586E-02 1.2000E-03
9.8063E-03 1.2000E-03
7.2775E-03 1.2000E-03
1.2294E-02 1.2000E-03
1.8657E-02 1.2000E-03
1.3039E-02 1.2000E-03
6.6838E-03 1.2000E-03
1.5350E-02 1.2000E-03
1.8102E-02 1.2000E-03
7.0906E-03 1.2000E-03
7.2915E-03 1.2000E-03
7.6635E-03 1.2000E-03
2.2154E-02 1.2000E-03
7.1092E-03 1.2000E-03
1.1984E-02 1.2000E-03
1.3705E-02 1.2000E-03
2.7431E-02 1.2000E-03
1.1881E-02 1.2000E-03
1.3529E-02 1.2000E-03
8.9848E-03 1.2000E-03
1.1955E-02 1.2000E-03
1.7886E-02 1.2000E-03
1.2450E-02 1.2000E-03
9.1609E-03 1.2000E-03
2.8374E-02 1.2000E-03
1.8374E-02 1.2000E-03
6.6017E-03 1.2000E-03
1.6363E-02 1.2000E-03
1.0069E-02 1.2000E-03
1.8602E-02 1.2000E-03
1.8197E-02 1.2000E-03
1.5619E-02 1.2000E-03
6.7796E-03 1.2000E-03
1.7486E-02 1.2000E-03
1.2779E-02 1.2000E-03
5.0174E-03 1.2000E-03
7.0638E-03 1.2000E-03
5.8580E-03 1.2000E-03
1.8886E-02 1.2000E-03
7.8117E-03 1.2000E-03
2.1242E-03 1.2000E-03
6.3968E-03 1.2000E-03
7.7828E-03 1.2000E-03
8.1335E-03 1.2000E-03
1.3956E-02 1.2000E-03
5.6760E-03 1.2000E-03
2.4685E-03 1.2000E-03
1.1913E-02 1.2000E-03
5.2959E-03 1.2000E-03
5.5723E-03 1.2000E-03
8.2719E-03 1.2000E-03
1.1063E-02 1.2000E-03
3.1493E-03 1.2000E-03
5.5371E-03 1.2000E-03
4.7161E-03 1.2000E-03
1.2607E-02 1.2000E-03
1.8789E-02 1.2000E-03
2.8089E-03 1.2000E-03
2.1330E-03 1.2000E-03
7.0648E-03 1.2000E-03
9.2593E-03 1.2000E-03
3.6527E-03 1.2000E-03
7.6194E-03 1.2000E-03
6.4982E-03 1.2000E-03
1.6537E-02 1.2000E-03
7.9016E-03 1.2000E-03
2.3162E-03 1.2000E-03
8.2426E-03 1.2000E-03
1.0079E-02 1.2000E-03
1.2090E-02 1.2000E-03
1.0803E-02 1.2000E-03
1.2174E-02 1.2000E-03
1.3499E-02 1.2000E-03
1.1758E-02 1.2000E-03
1.0116E-02 1.2000E-03
8.4586E-03 1.2000E-03
1.2546E-02 1.2000E-03
1.9466E-02 1.2000E-03
4.8719E-03 1.2000E-03
5.5886E-03 1.2000E-03
1.2916E-02 1.2000E-03
2.6349E-02 1.2000E-03
4.5868E-03 1.2000E-03
1.0906E-02 1.2000E-03
1.0008E-02 1.2000E-03
2.9552E-02 1.2000E-03
7.1255E-03 1.2000E-03
1.7542E-02 1.2000E-03
1.6519E-02 1.2000E-03
3.0261E-02 1.2000E-03
1.2022E-02 1.2000E-03
2.0875E-02 1.2000E-03
1.8431E-02 1.2000E-03
2.6361E-02 1.2000E-03
4.7449E-02 1.2000E-03
4.7449E-02 1.2000E-03
3.2913E-02 1.2000E-03
1.0856E-02 1.2000E-03
6.7566E-02 1.2000E-03
2.1792E-02 1.2000E-03
6.5656E-02 1.2000E-03
1.7320E-02 1.2000E-03
3.8012E-02 1.2000E-03
9.3937E-02 1.2000E-03
9.5354E-02 1.2000E-03
5.0413E-02 1.2000E-03
9.0353E-02 1.2000E-03
1.8345E-02 1.2000E-03
7.4947E-02 1.2000E-03
5.1130E-02 1.2000E-03
1.0729E-01 1.2000E-03
7.7675E-02 1.2000E-03
1.0726E-01 1.2000E-03
3.7799E-02 1.2000E-03
3.7032E-02 1.2000E-03
6.1425E-02 1.2000E-03
1.1222E-01 1.2000E-03
2.6250E-02 1.2000E-03
3.5842E-02 1.2000E-03
4.0834E-02 1.2000E-03
5.4294E-02 1.2000E-03
3.7139E-02 1.2000E-03
5.9012E-02 1.2000E-03
2.7024E-02 1.2000E-03
4.1929E-02 1.2000E-03
9.0780E-03 1.2000E-03
4.6272E-02 1.2000E-03
2.2891E-02 1.2000E-03
1.3979E-02 1.2000E-03
3.8299E-02 1.2000E-03
1.6555E-02 1.2000E-03
6.1963E-03 1.2000E-03
1.6385E-02 1.2000E-03
1.7590E-02 1.2000E-03
2.0515E-02 1.2000E-03
2.9818E-02 1.2000E-03
1.6815E-02 1.2000E-03
1.3070E-02 1.2000E-03
1.6659E-02 1.2000E-03
2.0576E-02 1.2000E-03
1.0540E-02 1.2000E-03
1.9730E-02 1.2000E-03
1.6098E-02 1.2000E-03
4.3999E-02 1.2000E-03
1.1521E-02 1.2000E-03
6.1791E-03 1.2000E-03
1.7005E-02 1.2000E-03
2.7196E-02 1.2000E-03
1.4074E-02 1.2000E-03
2.4392E-02 1.2000E-03
1.9473E-02 1.2000E-03
4.5707E-02 1.2000E-03
2.6356E-02 1.2000E-03
7.9179E-03 1.2000E-03
1.9626E-02 1.2000E-03
2.8768E-02 1.2000E-03
1.7492E-02 1.2000E-03
4.2543E-02 1.2000E-03
2.4832E-02 1.2000E-03
1.3648E-02 1.2000E-03
8.2320E-02 1.2000E-03
3.5278E-02 1.2000E-03
7.8247E-03 1.2000E-03
1.4886E-02 1.2000E-03
7.2401E-02 1.2000E-03
1.7004E-02 1.2000E-03
9.2979E-03 1.2000E-03
4.3827E-02 1.2000E-03
4.4514E-02 1.2000E-03
1.2328E-02 1.2000E-03
4.1449E-02 1.2000E-03
2.1474E-02 1.2000E-03
7.7470E-02 1.2000E-03
3.6022E-02 1.2000E-03
3.1946E-02 1.2000E-03
5.9621E-02 1.2000E-03
1.1333E-01 1.2000E-03
3.4039E-02 1.2000E-03
4.8014E-02 1.2000E-03
3.9541E-02 1.2000E-03
9.6425E-02 1.2000E-03
5.6486E-02 1.2000E-03
5.8742E-02 1.2000E-03
7.0199E-02 1.2000E-03
8.8580E-02 1.2000E-03
7.3636E-02 1.2000E-03
1.4475E-01 1.2000E-03
4.6068E-02 1.2000E-03
1.7762E-02 1.2000E-03
4.0796E-02 1.2000E-03
8.1597E-02 1.2000E-03
4.8284E-02 1.2000E-03
5.0523E-02 1.2000E-03
3.5590E-02 1.2000E-03
4.5690E-02 1.2000E-03
5.8564E-02 1.2000E-03
2.7976E-02 1.2000E-03
1.2965E-02 1.2000E-03
6.1373E-02 1.2000E-03
4.7988E-02 1.2000E-03
6.3206E-02 1.2000E-03
5.7985E-02 1.2000E-03
3.0086E-02 1.2000E-03
7.6337E-02 1.2000E-03
6.7148E-02 1.2000E-03
4.5475E-02 1.2000E-03
3.3295E-02 1.2000E-03
2.6557E-02 1.2000E-03
5.1784E-02 1.2000E-03
5.0023E-02 1.2000E-03
1.4489E-02 1.2000E-03
2.1843E-02 1.2000E-03
2.7958E-02 1.2000E-03
1.2826E-02 1.2000E-03
1.6323E-02 1.2000E-03
2.2921E-02 1.2000E-03
3.6214E-02 1.2000E-03
2.5209E-02 1.2000E-03
2.9815E-02 1.2000E-03
2.0631E-02 1.2000E-03
3.8140E-02 1.2000E-03
1.7321E-02 1.2000E-03
6.6788E-02 1.2000E-03
1.4378E-02 1.2000E-03
2.4977E-02 1.2000E-03
3.7068E-02 1.2000E-03
7.6036E-02 1.2000E-03
6.3104E-02 1.2000E-03
1.7215E-02 1.2000E-03
2.7140E-02 1.2000E-03
4.1516E-02 1.2000E-03
2.5568E-02 1.2000E-03
4.9913E-02 1.2000E-03
4.4861E-02 1.2000E-03
6.3672E-02 1.2000E-03
2.1644E-02 1.2000E-03
6.6169E-02 1.2000E-03
2.0581E-02 1.2000E-03
1.1345E-02 1.2000E-03
2.9333E-02 1.2000E-03
5.8820E-02 1.2000E-03
8.9622E-03 1.2000E-03
1.8964E-02 1.2000E-03
1.7803E-02 1.2000E-03
3.6482E-02 1.2000E-03
2.4769E-02 1.2000E-03
1.1546E-02 1.2000E-03
5.9219E-03 1.2000E-03
1.3514E-02 1.2000E-03
2.6508E-02 1.2000E-03
3.6935E-03 1.2000E-03
3.7629E-03 1.2000E-03
7.5526E-03 1.2000E-03
1.3367E-02 1.2000E-03
1.6419E-02 1.2000E-03
4.9419E-03 1.2000E-03
1.5645E-02 1.2000E-03
6.1115E-03 1.2000E-03
8.9104E-03 1.2000E-03
1.5544E-02 1.2000E-03
1.3522E-02 1.2000E-03
8.9012E-03 1.2000E-03
9.2379E-03 1.2000E-03
1.3090E-02 1.2000E-03
5.2945E-03 1.2000E-03
1.9751E-02 1.2000E-03
9.7941E-03 1.2000E-03
4.9766E-03 1.2000E-03
6.8201E-03 1.2000E-03
5.0333E-03 1.2000E-03
1.5160E-02 1.2000E-03
5.9750E-03 1.2000E-03
3.6732E-03 1.2000E-03
6.0071E-03 1.2000E-03
8.3897E-03 1.2000E-03
8.3052E-03 1.2000E-03
1.0687E-02 1.2000E-03
8.9212E-03 1.2000E-03
6.3780E-03 1.2000E-03
1.0988E-02 1.2000E-03
1.0468E-02 1.2000E-03
3.6695E-03 1.2000E-03
8.7834E-03 1.2000E-03
8.9690E-03 1.2000E-03
1.7277E-02 1.2000E-03
8.2755E-03 1.2000E-03
5.3381E-03 1.2000E-03
9.5727E-03 1.2000E-03
8.2463E-03 1.2000E-03
4.3175E-03 1.2000E-03
9.3178E-03 1.2000E-03
8.3623E-03 1.2000E-03
9.1916E-03 1.2000E-03
1.3379E-02 1.2000E-03
4.2580E-03 1.2000E-03
3.5152E-03 1.2000E-03
9.2321E-03 1.2000E-03
1.2170E-02 1.2000E-03
1.3515E-03 1.2000E-03
5.6429E-03 1.2000E-03
5.7361E-03 1.2000E-03
1.5207E-02 1.2000E-03
5.2877E-03 1.2000E-03
2.2009E-03 1.2000E-03
5.9344E-03 1.2000E-03
1.1250E-02 1.2000E-03
2.5022E-03 1.2000E-03
9.3058E-03 1.2000E-03
5.4510E-03 1.2000E-03
1.6156E-02 1.2000E-03
7.1028E-03 1.2000E-03
3.5316E-03 1.2000E-03
4.6229E-03 1.2000E-03
8.8567E-03 1.2000E-03
1.1999E-02 1.2000E-03
1.3295E-02 1.2000E-03
4.2746E-03 1.2000E-03
6.4023E-03 1.2000E-03
7.2044E-03 1.2000E-03
7.2751E-03 1.2000E-03
7.6160E-03 1.2000E-03
8.9935E-03 1.2000E-03
1.2437E-02 1.2000E-03
6.4477E-03 1.2000E-03
7.4743E-03 1.2000E-03
7.5793E-03 1.2000E-03
1.3818E-02 1.2000E-03
8.3963E-03 1.2000E-03
5.0751E-03 1.2000E-03
8.8807E-03 1.2000E-03
1.2030E-02 1.2000E-03
1.0204E-02 1.2000E-03
1.2207E-02 1.2000E-03
9.1890E-03 1.2000E-03
9.6307E-03 1.2000E-03
1.7945E-02 1.2000E-03
6.5159E-03 1.2000E-03
5.5249E-03 1.2000E-03
1.3485E-02 1.2000E-03
1.9731E-02 1.2000E-03
5.1285E-03 1.2000E-03
1.0979E-02 1.2000E-03
9.6314E-03 1.2000E-03
2.1207E-02 1.2000E-03
1.0196E-02 1.2000E-03
4.6289E-03 1.2000E-03
1.1265E-02 1.2000E-03
1.6462E-02 1.2000E-03
6.0954E-03 1.2000E-03
1.0287E-02 1.2000E-03
1.0667E-02 1.2000E-03
2.3614E-02 1.2000E-03
9.5826E-03 1.2000E-03
1.2924E-03 1.2000E-03
1.0243E-02 1.2000E-03
1.6502E-02 1.2000E-03
7.5576E-03 1.2000E-03
5.2834E-03 1.2000E-03
9.5033E-03 1.2000E-03
1.4634E-02 1.2000E-03
1.2143E-02 1.2000E-03
1.0560E-03 1.2000E-03
3.6118E-03 1.2000E-03
8.0507E-03 1.2000E-03
7.3256E-03 1.2000E-03
1.1155E-02 1.2000E-03
8.0444E-03 1.2000E-03
7.4504E-03 1.2000E-03
6.6818E-03 1.2000E-03
8.0436E-03 1.2000E-03
2.4384E-03 1.2000E-03
6.2201E-03 1.2000E-03
1.1116E-02 1.2000E-03
4.4309E-03 1.2000E-03
3.3214E-03 1.2000E-03
3.9120E-03 1.2000E-03
1.0422E-02 1.2000E-03
5.7939E-03 1.2000E-03
1.0429E-03 1.2000E-03
4.8284E-03 1.2000E-03
5.2747E-03 1.2000E-03
6.8581E-03 1.2000E-03
8.4135E-03 1.2000E-03
5.0105E-03 1.2000E-03
4.0377E-03 1.2000E-03
4.0377E-03 1.2000E-03
9.2213E-09 1.2000E-03
4.7407E-04 1.2000E-03
2.9751E-04 1.2000E-03
6.6459E-04 1.2000E-03
6.8737E-04 1.2000E-03
2.7042E-04 1.2000E-03
1.2060E-03 1.2000E-03
5.8099E-04 1.2000E-03
7.6479E-04 1.2000E-03
1.3873E-03 1.2000E-03
1.9441E-03 1.2000E-03
8.1932E-04 1.2000E-03
8.2799E-04 1.2000E-03
1.2716E-03 1.2000E-03
3.0116E-03 1.2000E-03
1.4653E-03 1.2000E-03
1.3548E-03 1.2000E-03
1.8902E-03 1.2000E-03
2.4877E-03 1.2000E-03
1.1596E-03 1.2000E-03
2.0996E-03 1.2000E-03
1.8841E-03 1.2000E-03
3.0296E-03 1.2000E-03
3.3335E-03 1.2000E-03
1.8037E-03 1.2000E-03
1.0914E-03 1.2000E-03
2.4751E-03 1.2000E-03
3.0459E-03 1.2000E-03
2.0283E-03 1.2000E-03
4.3409E-03 1.2000E-03
3.1643E-03 1.2000E-03
6.8868E-04 1.2000E-03
2.5552E-03 1.2000E-03
2.6664E-03 1.2000E-03
5.5965E-03 1.2000E-03
3.3484E-03 1.2000E-03
7.1613E-04 1.2000E-03
1.3186E-03 1.2000E-03
1.8102E-03 1.2000E-03
3.9337E-03 1.2000E-03
4.0923E-03 1.2000E-03
1.6116E-03 1.2000E-03
1.0398E-03 1.2000E-03
2.1061E-03 1.2000E-03
4.6049E-03 1.2000E-03
2.6336E-03 1.2000E-03
1.5155E-03 1.2000E-03
1.9529E-03 1.2000E-03
3.1493E-03 1.2000E-03
2.3170E-03 1.2000E-03
1.7315E-03 1.2000E-03
2.1253E-03 1.2000E-03
2.5930E-03 1.2000E-03
1.6293E-03 1.2000E-03
3.0870E-03 1.2000E-03
2.1661E-03 1.2000E-03
1.0067E-03 1.2000E-03
3.5477E-03 1.2000E-03
2.0863E-03 1.2000E-03
1.1583E-03 1.2000E-03
3.5291E-03 1.2000E-03
1.0694E-03 1.2000E-03
