RMS Grad   Target
5.6842E-05 2.0000E-04
4.9281E-05 2.0000E-04
4.1390E-05 2.0000E-04
3.8118E-05 2.0000E-04
8.2466E-05 2.0000E-04
4.0837E-05 2.0000E-04
3.4620E-05 2.0000E-04
4.3744E-05 2.0000E-04
4.7334E-05 2.0000E-04
6.7122E-05 2.0000E-04
3.3692E-05 2.0000E-04
3.2915E-05 2.0000E-04
4.4264E-05 2.0000E-04
7.1271E-05 2.0000E-04
3.5351E-05 2.0000E-04
3.3788E-05 2.0000E-04
4.1227E-05 2.0000E-04
7.2808E-05 2.0000E-04
3.5827E-05 2.0000E-04
3.0591E-05 2.0000E-04
4.2683E-05 2.0000E-04
6.5564E-05 2.0000E-04
4.0244E-05 2.0000E-04
3.2451E-05 2.0000E-04
4.3793E-05 2.0000E-04
5.4062E-05 2.0000E-04
4.1615E-05 2.0000E-04
3.8331E-05 2.0000E-04
4.5843E-05 2.0000E-04
4.2558E-05 2.0000E-04
6.0493E-05 2.0000E-04
4.7760E-05 2.0000E-04
4.2828E-05 2.0000E-04
5.4675E-05 2.0000E-04
7.0729E-05 2.0000E-04
4.7278E-05 2.0000E-04
4.7502E-05 2.0000E-04
5.7823E-05 2.0000E-04
5.7724E-05 2.0000E-04
8.5746E-05 2.0000E-04
5.4044E-05 2.0000E-04
6.7765E-05 2.0000E-04
7.6801E-05 2.0000E-04
6.2710E-05 2.0000E-04
8.8132E-05 2.0000E-04
8.0148E-05 2.0000E-04
6.9387E-05 2.0000E-04
9.4736E-05 2.0000E-04
1.1023E-04 2.0000E-04
8.2933E-05 2.0000E-04
7.4690E-05 2.0000E-04
7.6940E-05 2.0000E-04
1.1152E-04 2.0000E-04
9.6802E-05 2.0000E-04
8.7183E-05 2.0000E-04
7.7375E-05 2.0000E-04
8.1956E-05 2.0000E-04
8.9267E-05 2.0000E-04
8.9271E-05 2.0000E-04
6.8984E-05 2.0000E-04
7.1068E-05 2.0000E-04
1.2374E-04 2.0000E-04
7.9239E-05 2.0000E-04
6.9753E-05 2.0000E-04
9.3184E-05 2.0000E-04
8.9633E-05 2.0000E-04
7.3827E-05 2.0000E-04
6.8092E-05 2.0000E-04
7.3317E-05 2.0000E-04
9.7997E-05 2.0000E-04
6.0841E-05 2.0000E-04
5.7905E-05 2.0000E-04
7.6651E-05 2.0000E-04
8.9790E-05 2.0000E-04
5.1435E-05 2.0000E-04
5.0533E-05 2.0000E-04
6.0536E-05 2.0000E-04
9.1094E-05 2.0000E-04
5.3432E-05 2.0000E-04
4.5615E-05 2.0000E-04
5.0349E-05 2.0000E-04
9.4754E-05 2.0000E-04
4.6624E-05 2.0000E-04
4.1358E-05 2.0000E-04
5.0244E-05 2.0000E-04
6.1624E-05 2.0000E-04
4.9795E-05 2.0000E-04
4.3022E-05 2.0000E-04
4.8832E-05 2.0000E-04
5.4658E-05 2.0000E-04
4.7943E-05 2.0000E-04
4.1370E-05 2.0000E-04
4.9183E-05 2.0000E-04
5.1531E-05 2.0000E-04
4.4668E-05 2.0000E-04
5.0111E-05 2.0000E-04
5.6846E-05 2.0000E-04
4.6327E-05 2.0000E-04
5.6487E-05 2.0000E-04
6.4921E-05 2.0000E-04
5.0016E-05 2.0000E-04
5.6930E-05 2.0000E-04
7.2538E-05 2.0000E-04
5.2524E-05 2.0000E-04
5.1740E-05 2.0000E-04
7.1979E-05 2.0000E-04
5.7005E-05 2.0000E-04
8.5739E-05 2.0000E-04
6.5754E-05 2.0000E-04
5.3312E-05 2.0000E-04
5.1268E-05 2.0000E-04
6.1183E-05 2.0000E-04
5.7996E-05 2.0000E-04
8.3045E-05 2.0000E-04
5.1373E-05 2.0000E-04
4.9254E-05 2.0000E-04
7.6697E-05 2.0000E-04
6.1958E-05 2.0000E-04
5.4711E-05 2.0000E-04
6.3578E-05 2.0000E-04
7.0320E-05 2.0000E-04
6.1465E-05 2.0000E-04
8.8205E-05 2.0000E-04
8.5749E-05 2.0000E-04
1.1538E-04 2.0000E-04
7.5929E-05 2.0000E-04
6.9051E-05 2.0000E-04
8.4404E-05 2.0000E-04
1.5299E-04 2.0000E-04
8.1357E-05 2.0000E-04
7.1399E-05 2.0000E-04
9.0571E-05 2.0000E-04
1.6644E-04 2.0000E-04
1.0381E-04 2.0000E-04
1.0594E-04 2.0000E-04
2.1474E-04 2.0000E-04
1.2939E-04 2.0000E-04
9.2585E-05 2.0000E-04
1.0835E-04 2.0000E-04
1.3923E-04 2.0000E-04
1.6452E-04 2.0000E-04
9.8501E-05 2.0000E-04
1.1057E-04 2.0000E-04
1.3400E-04 2.0000E-04
1.1528E-04 2.0000E-04
1.0468E-04 2.0000E-04
1.1228E-04 2.0000E-04
1.2667E-04 2.0000E-04
1.0368E-04 2.0000E-04
1.3428E-04 2.0000E-04
1.2495E-04 2.0000E-04
1.0351E-04 2.0000E-04
1.5026E-04 2.0000E-04
1.4585E-04 2.0000E-04
1.1270E-04 2.0000E-04
1.3092E-04 2.0000E-04
1.1441E-04 2.0000E-04
1.0361E-04 2.0000E-04
1.6070E-04 2.0000E-04
1.4617E-04 2.0000E-04
9.3651E-05 2.0000E-04
9.5722E-05 2.0000E-04
1.3920E-04 2.0000E-04
1.1127E-04 2.0000E-04
1.9029E-04 2.0000E-04
9.1581E-05 2.0000E-04
8.9156E-05 2.0000E-04
1.2003E-04 2.0000E-04
1.6366E-04 2.0000E-04
9.3451E-05 2.0000E-04
8.9029E-05 2.0000E-04
1.0009E-04 2.0000E-04
2.3808E-04 2.0000E-04
8.3873E-05 2.0000E-04
7.3704E-05 2.0000E-04
8.9176E-05 2.0000E-04
1.8203E-04 2.0000E-04
8.3066E-05 2.0000E-04
6.5831E-05 2.0000E-04
8.1699E-05 2.0000E-04
1.5914E-04 2.0000E-04
7.9314E-05 2.0000E-04
6.3396E-05 2.0000E-04
8.1677E-05 2.0000E-04
1.1806E-04 2.0000E-04
7.5100E-05 2.0000E-04
6.3664E-05 2.0000E-04
8.0211E-05 2.0000E-04
8.2436E-05 2.0000E-04
7.3665E-05 2.0000E-04
6.5477E-05 2.0000E-04
7.8735E-05 2.0000E-04
7.6994E-05 2.0000E-04
6.3892E-05 2.0000E-04
6.5693E-05 2.0000E-04
7.6772E-05 2.0000E-04
6.8183E-05 2.0000E-04
6.8899E-05 2.0000E-04
6.3950E-05 2.0000E-04
5.7467E-05 2.0000E-04
7.1947E-05 2.0000E-04
6.8793E-05 2.0000E-04
5.5146E-05 2.0000E-04
6.0999E-05 2.0000E-04
7.5038E-05 2.0000E-04
5.4306E-05 2.0000E-04
5.6213E-05 2.0000E-04
7.3989E-05 2.0000E-04
5.7685E-05 2.0000E-04
7.3534E-05 2.0000E-04
7.8403E-05 2.0000E-04
5.6397E-05 2.0000E-04
5.4778E-05 2.0000E-04
7.9062E-05 2.0000E-04
6.3215E-05 2.0000E-04
9.5983E-05 2.0000E-04
6.0965E-05 2.0000E-04
5.7076E-05 2.0000E-04
8.0182E-05 2.0000E-04
1.0799E-04 2.0000E-04
5.7635E-05 2.0000E-04
5.2211E-05 2.0000E-04
6.0661E-05 2.0000E-04
1.2623E-04 2.0000E-04
6.3208E-05 2.0000E-04
5.5794E-05 2.0000E-04
8.3487E-05 2.0000E-04
8.6246E-05 2.0000E-04
6.5922E-05 2.0000E-04
7.9848E-05 2.0000E-04
8.8108E-05 2.0000E-04
7.7519E-05 2.0000E-04
1.3041E-04 2.0000E-04
9.0016E-05 2.0000E-04
7.3971E-05 2.0000E-04
1.0370E-04 2.0000E-04
1.4407E-04 2.0000E-04
9.4193E-05 2.0000E-04
1.1138E-04 2.0000E-04
1.0865E-04 2.0000E-04
1.1750E-04 2.0000E-04
2.6964E-04 2.0000E-04
1.0931E-04 2.0000E-04
8.9950E-05 2.0000E-04
1.2231E-04 2.0000E-04
1.4206E-04 2.0000E-04
3.3525E-04 2.0000E-04
1.0058E-04 2.0000E-04
8.1404E-05 2.0000E-04
1.1004E-04 2.0000E-04
1.8556E-04 2.0000E-04
1.6844E-04 2.0000E-04
1.2055E-04 2.0000E-04
8.6380E-05 2.0000E-04
9.6486E-05 2.0000E-04
1.7513E-04 2.0000E-04
8.8749E-05 2.0000E-04
7.4597E-05 2.0000E-04
9.0223E-05 2.0000E-04
1.6975E-04 2.0000E-04
7.7683E-05 2.0000E-04
6.2862E-05 2.0000E-04
7.4262E-05 2.0000E-04
1.4009E-04 2.0000E-04
6.7978E-05 2.0000E-04
5.4071E-05 2.0000E-04
6.3314E-05 2.0000E-04
1.2016E-04 2.0000E-04
5.7922E-05 2.0000E-04
4.5084E-05 2.0000E-04
5.0154E-05 2.0000E-04
8.7963E-05 2.0000E-04
4.6066E-05 2.0000E-04
4.2632E-05 2.0000E-04
5.0292E-05 2.0000E-04
7.2468E-05 2.0000E-04
4.1028E-05 2.0000E-04
3.4579E-05 2.0000E-04
4.2507E-05 2.0000E-04
4.9482E-05 2.0000E-04
4.0498E-05 2.0000E-04
3.2467E-05 2.0000E-04
3.2250E-05 2.0000E-04
4.5565E-05 2.0000E-04
3.4500E-05 2.0000E-04
2.7806E-05 2.0000E-04
3.1712E-05 2.0000E-04
4.4676E-05 2.0000E-04
2.6215E-05 2.0000E-04
2.4565E-05 2.0000E-04
3.0440E-05 2.0000E-04
2.9945E-05 2.0000E-04
2.8190E-05 2.0000E-04
2.4531E-05 2.0000E-04
2.5565E-05 2.0000E-04
2.7003E-05 2.0000E-04
2.5856E-05 2.0000E-04
2.1606E-05 2.0000E-04
2.1855E-05 2.0000E-04
3.1240E-05 2.0000E-04
2.2992E-05 2.0000E-04
1.9481E-05 2.0000E-04
2.4443E-05 2.0000E-04
3.4503E-05 2.0000E-04
2.1150E-05 2.0000E-04
1.9706E-05 2.0000E-04
2.4608E-05 2.0000E-04
2.3359E-05 2.0000E-04
3.7982E-05 2.0000E-04
2.0048E-05 2.0000E-04
1.8631E-05 2.0000E-04
2.2367E-05 2.0000E-04
5.4432E-05 2.0000E-04
2.1901E-05 2.0000E-04
1.7451E-05 2.0000E-04
2.1366E-05 2.0000E-04
2.9761E-05 2.0000E-04
2.8504E-05 2.0000E-04
1.9163E-05 2.0000E-04
2.4010E-05 2.0000E-04
2.6828E-05 2.0000E-04
2.5043E-05 2.0000E-04
3.4586E-05 2.0000E-04
2.2065E-05 2.0000E-04
2.1057E-05 2.0000E-04
2.5579E-05 2.0000E-04
3.0335E-05 2.0000E-04
2.4171E-05 2.0000E-04
2.1646E-05 2.0000E-04
2.4088E-05 2.0000E-04
2.4803E-05 2.0000E-04
2.6362E-05 2.0000E-04
1.9994E-05 2.0000E-04
1.9386E-05 2.0000E-04
3.2259E-05 2.0000E-04
2.0729E-05 2.0000E-04
1.8003E-05 2.0000E-04
1.8003E-05 2.0000E-04
2.0244E-05 2.0000E-04
3.1524E-05 2.0000E-04
2.3191E-05 2.0000E-04
1.8426E-05 2.0000E-04
1.7557E-05 2.0000E-04
2.4124E-05 2.0000E-04
2.1795E-05 2.0000E-04
1.5211E-05 2.0000E-04
1.8984E-05 2.0000E-04
1.9298E-05 2.0000E-04
1.6230E-05 2.0000E-04
1.7249E-05 2.0000E-04
2.7162E-05 2.0000E-04
1.5807E-05 2.0000E-04
1.3081E-05 2.0000E-04
1.3451E-05 2.0000E-04
2.6549E-05 2.0000E-04
1.2734E-05 2.0000E-04
1.1545E-05 2.0000E-04
1.2253E-05 2.0000E-04
2.9287E-05 2.0000E-04
1.3573E-05 2.0000E-04
9.5796E-06 2.0000E-04
1.0908E-05 2.0000E-04
1.8612E-05 2.0000E-04
1.2524E-05 2.0000E-04
9.3078E-06 2.0000E-04
1.0427E-05 2.0000E-04
1.8060E-05 2.0000E-04
1.0867E-05 2.0000E-04
8.7328E-06 2.0000E-04
1.0303E-05 2.0000E-04
1.9244E-05 2.0000E-04
9.3457E-06 2.0000E-04
