RMS Step   Target
7.1458E-05 8.0000E-04
4.2642E-05 8.0000E-04
2.8583E-04 8.0000E-04
3.0138E-04 8.0000E-04
6.5693E-05 8.0000E-04
1.4878E-04 8.0000E-04
2.2762E-04 8.0000E-04
3.8713E-04 8.0000E-04
4.1394E-04 8.0000E-04
2.9141E-04 8.0000E-04
2.4138E-04 8.0000E-04
3.0237E-04 8.0000E-04
5.6090E-04 8.0000E-04
2.2571E-04 8.0000E-04
2.0159E-04 8.0000E-04
3.2644E-04 8.0000E-04
6.3439E-04 8.0000E-04
4.0322E-04 8.0000E-04
2.6648E-04 8.0000E-04
3.8732E-04 8.0000E-04
6.1718E-04 8.0000E-04
4.3877E-04 8.0000E-04
4.5343E-04 8.0000E-04
4.3977E-04 8.0000E-04
7.2440E-04 8.0000E-04
5.8470E-04 8.0000E-04
6.3194E-04 8.0000E-04
4.8161E-04 8.0000E-04
4.7515E-04 8.0000E-04
1.0422E-03 8.0000E-04
7.1897E-04 8.0000E-04
3.5652E-04 8.0000E-04
1.0189E-03 8.0000E-04
1.0306E-03 8.0000E-04
3.9422E-04 8.0000E-04
1.0549E-03 8.0000E-04
7.3574E-04 8.0000E-04
1.4674E-03 8.0000E-04
1.5347E-03 8.0000E-04
1.1841E-03 8.0000E-04
3.2261E-04 8.0000E-04
1.5993E-03 8.0000E-04
7.3794E-04 8.0000E-04
2.2355E-03 8.0000E-04
1.6678E-03 8.0000E-04
9.6746E-04 8.0000E-04
3.7527E-03 8.0000E-04
9.7893E-04 8.0000E-04
1.3832E-03 8.0000E-04
1.5985E-03 8.0000E-04
9.2067E-04 8.0000E-04
1.3678E-03 8.0000E-04
3.0243E-03 8.0000E-04
1.0306E-03 8.0000E-04
1.2974E-03 8.0000E-04
1.4285E-03 8.0000E-04
2.4083E-03 8.0000E-04
8.7682E-04 8.0000E-04
7.7079E-04 8.0000E-04
1.4294E-03 8.0000E-04
1.2389E-03 8.0000E-04
7.0461E-04 8.0000E-04
1.4688E-03 8.0000E-04
9.4742E-04 8.0000E-04
1.3365E-03 8.0000E-04
1.4537E-03 8.0000E-04
6.8268E-04 8.0000E-04
8.6014E-04 8.0000E-04
1.6216E-03 8.0000E-04
4.7212E-04 8.0000E-04
6.3387E-04 8.0000E-04
8.1924E-04 8.0000E-04
1.4465E-03 8.0000E-04
3.7884E-04 8.0000E-04
5.0464E-04 8.0000E-04
5.1705E-04 8.0000E-04
1.4154E-03 8.0000E-04
3.6898E-04 8.0000E-04
2.8371E-04 8.0000E-04
4.1394E-04 8.0000E-04
1.0110E-03 8.0000E-04
2.9846E-04 8.0000E-04
6.1550E-04 8.0000E-04
3.7524E-04 8.0000E-04
1.0386E-03 8.0000E-04
7.3777E-04 8.0000E-04
4.6806E-04 8.0000E-04
4.3108E-04 8.0000E-04
8.7008E-04 8.0000E-04
7.1118E-04 8.0000E-04
5.9764E-04 8.0000E-04
8.2690E-04 8.0000E-04
9.5171E-04 8.0000E-04
5.7838E-04 8.0000E-04
8.0703E-04 8.0000E-04
8.9938E-04 8.0000E-04
5.2127E-04 8.0000E-04
1.2605E-03 8.0000E-04
1.3417E-03 8.0000E-04
6.1202E-04 8.0000E-04
1.3726E-03 8.0000E-04
9.7308E-04 8.0000E-04
3.0393E-04 8.0000E-04
1.2032E-03 8.0000E-04
1.3028E-03 8.0000E-04
1.0863E-03 8.0000E-04
2.6360E-03 8.0000E-04
6.9817E-04 8.0000E-04
9.0369E-04 8.0000E-04
6.6104E-04 8.0000E-04
1.6312E-03 8.0000E-04
1.8453E-03 8.0000E-04
1.5142E-03 8.0000E-04
9.8583E-04 8.0000E-04
1.1165E-03 8.0000E-04
1.6671E-03 8.0000E-04
1.7037E-03 8.0000E-04
1.2707E-03 8.0000E-04
1.8331E-03 8.0000E-04
1.2947E-03 8.0000E-04
1.7131E-03 8.0000E-04
1.9473E-03 8.0000E-04
2.9490E-03 8.0000E-04
1.4029E-03 8.0000E-04
2.5407E-03 8.0000E-04
1.3324E-03 8.0000E-04
2.5780E-03 8.0000E-04
3.3298E-03 8.0000E-04
1.8529E-03 8.0000E-04
1.7408E-03 8.0000E-04
2.4225E-03 8.0000E-04
4.4077E-03 8.0000E-04
3.4948E-03 8.0000E-04
1.0416E-03 8.0000E-04
7.1458E-03 8.0000E-04
4.1202E-03 8.0000E-04
5.6297E-04 8.0000E-04
4.3774E-03 8.0000E-04
5.5855E-03 8.0000E-04
6.1243E-03 8.0000E-04
1.3482E-03 8.0000E-04
1.5378E-03 8.0000E-04
1.4194E-03 8.0000E-04
2.7737E-03 8.0000E-04
2.5253E-03 8.0000E-04
2.7129E-03 8.0000E-04
1.4757E-03 8.0000E-04
3.7973E-03 8.0000E-04
2.7761E-03 8.0000E-04
1.6957E-03 8.0000E-04
1.9978E-03 8.0000E-04
1.8706E-03 8.0000E-04
3.3986E-03 8.0000E-04
9.7015E-04 8.0000E-04
3.8282E-03 8.0000E-04
1.1934E-03 8.0000E-04
1.8943E-03 8.0000E-04
4.1300E-03 8.0000E-04
2.8681E-03 8.0000E-04
5.1259E-04 8.0000E-04
1.0163E-03 8.0000E-04
1.7250E-03 8.0000E-04
2.8666E-03 8.0000E-04
3.4068E-03 8.0000E-04
2.3386E-03 8.0000E-04
4.9177E-04 8.0000E-04
2.3479E-03 8.0000E-04
1.8691E-03 8.0000E-04
1.0168E-03 8.0000E-04
1.8122E-03 8.0000E-04
1.3438E-03 8.0000E-04
2.8450E-03 8.0000E-04
1.3016E-03 8.0000E-04
3.5740E-04 8.0000E-04
1.3953E-03 8.0000E-04
1.6775E-03 8.0000E-04
1.3688E-03 8.0000E-04
1.1334E-03 8.0000E-04
9.7656E-04 8.0000E-04
1.7531E-03 8.0000E-04
1.0147E-03 8.0000E-04
5.0757E-04 8.0000E-04
1.3827E-03 8.0000E-04
1.1471E-03 8.0000E-04
1.0182E-03 8.0000E-04
1.4470E-03 8.0000E-04
8.0688E-04 8.0000E-04
1.0198E-03 8.0000E-04
1.1678E-03 8.0000E-04
8.8442E-04 8.0000E-04
7.6569E-04 8.0000E-04
1.5085E-03 8.0000E-04
1.0220E-03 8.0000E-04
8.7730E-04 8.0000E-04
8.7388E-04 8.0000E-04
1.2093E-03 8.0000E-04
1.0914E-03 8.0000E-04
7.1084E-04 8.0000E-04
1.0095E-03 8.0000E-04
1.0033E-03 8.0000E-04
1.0181E-03 8.0000E-04
6.2071E-04 8.0000E-04
1.1407E-03 8.0000E-04
9.4086E-04 8.0000E-04
7.7823E-04 8.0000E-04
1.0768E-03 8.0000E-04
9.7262E-04 8.0000E-04
6.6222E-04 8.0000E-04
1.3976E-03 8.0000E-04
9.9905E-04 8.0000E-04
3.0965E-04 8.0000E-04
1.1560E-03 8.0000E-04
1.1242E-03 8.0000E-04
1.2240E-03 8.0000E-04
2.0242E-03 8.0000E-04
8.5217E-04 8.0000E-04
2.9435E-04 8.0000E-04
1.2560E-03 8.0000E-04
1.7505E-03 8.0000E-04
3.6569E-04 8.0000E-04
1.0363E-03 8.0000E-04
1.1802E-03 8.0000E-04
2.6098E-03 8.0000E-04
1.4375E-03 8.0000E-04
5.0178E-04 8.0000E-04
1.4100E-03 8.0000E-04
9.3762E-04 8.0000E-04
2.0035E-03 8.0000E-04
3.8284E-03 8.0000E-04
1.2958E-03 8.0000E-04
8.6029E-04 8.0000E-04
3.4056E-03 8.0000E-04
1.1599E-03 8.0000E-04
2.7055E-04 8.0000E-04
4.8063E-03 8.0000E-04
1.1716E-03 8.0000E-04
3.3084E-03 8.0000E-04
4.6221E-03 8.0000E-04
6.3833E-04 8.0000E-04
4.0787E-03 8.0000E-04
2.8351E-03 8.0000E-04
4.1367E-03 8.0000E-04
7.7190E-04 8.0000E-04
2.5041E-03 8.0000E-04
2.8611E-03 8.0000E-04
4.3294E-03 8.0000E-04
5.9693E-04 8.0000E-04
7.2856E-04 8.0000E-04
1.2473E-03 8.0000E-04
4.5253E-03 8.0000E-04
2.7424E-03 8.0000E-04
9.9263E-04 8.0000E-04
7.7337E-04 8.0000E-04
1.1120E-03 8.0000E-04
1.6964E-03 8.0000E-04
1.0950E-03 8.0000E-04
9.9028E-04 8.0000E-04
1.1690E-03 8.0000E-04
1.9042E-03 8.0000E-04
7.0913E-04 8.0000E-04
4.5833E-04 8.0000E-04
5.8138E-04 8.0000E-04
1.3566E-03 8.0000E-04
6.9574E-04 8.0000E-04
5.5421E-04 8.0000E-04
6.6069E-04 8.0000E-04
9.7318E-04 8.0000E-04
4.5547E-04 8.0000E-04
4.1112E-04 8.0000E-04
4.6684E-04 8.0000E-04
7.7269E-04 8.0000E-04
5.2845E-04 8.0000E-04
5.5530E-04 8.0000E-04
5.6377E-04 8.0000E-04
8.5922E-04 8.0000E-04
5.1640E-04 8.0000E-04
3.4414E-04 8.0000E-04
4.2446E-04 8.0000E-04
7.5299E-04 8.0000E-04
5.8761E-04 8.0000E-04
4.4648E-04 8.0000E-04
3.0094E-04 8.0000E-04
4.8553E-04 8.0000E-04
3.6443E-04 8.0000E-04
1.9404E-04 8.0000E-04
3.2653E-04 8.0000E-04
3.9379E-04 8.0000E-04
2.0073E-04 8.0000E-04
3.3937E-04 8.0000E-04
2.7197E-04 8.0000E-04
5.2267E-04 8.0000E-04
3.2892E-04 8.0000E-04
2.0928E-04 8.0000E-04
2.0663E-04 8.0000E-04
2.8357E-04 8.0000E-04
4.0063E-04 8.0000E-04
2.6171E-04 8.0000E-04
2.3449E-04 8.0000E-04
3.4490E-04 8.0000E-04
2.8014E-04 8.0000E-04
1.5348E-04 8.0000E-04
2.8963E-04 8.0000E-04
3.7202E-04 8.0000E-04
1.8727E-04 8.0000E-04
3.3232E-04 8.0000E-04
2.4479E-04 8.0000E-04
4.6951E-04 8.0000E-04
4.5054E-04 8.0000E-04
1.3176E-04 8.0000E-04
1.3841E-04 8.0000E-04
2.5638E-04 8.0000E-04
7.0681E-04 8.0000E-04
2.0364E-04 8.0000E-04
1.7575E-04 8.0000E-04
3.0192E-04 8.0000E-04
4.6708E-04 8.0000E-04
7.1835E-04 8.0000E-04
1.4903E-04 8.0000E-04
2.4142E-04 8.0000E-04
2.9555E-04 8.0000E-04
6.8921E-04 8.0000E-04
6.4850E-04 8.0000E-04
2.8209E-04 8.0000E-04
2.1480E-04 8.0000E-04
3.9472E-04 8.0000E-04
6.1907E-04 8.0000E-04
3.3143E-04 8.0000E-04
4.1216E-04 8.0000E-04
3.6481E-04 8.0000E-04
6.0064E-04 8.0000E-04
3.8682E-04 8.0000E-04
1.7460E-04 8.0000E-04
2.8515E-04 8.0000E-04
4.8469E-04 8.0000E-04
3.2130E-04 8.0000E-04
3.3842E-04 8.0000E-04
3.3842E-04 8.0000E-04
3.3679E-04 8.0000E-04
6.4051E-04 8.0000E-04
7.1783E-05 8.0000E-04
6.3817E-05 8.0000E-04
1.8625E-04 8.0000E-04
5.5782E-04 8.0000E-04
3.8658E-04 8.0000E-04
1.5186E-04 8.0000E-04
2.6332E-04 8.0000E-04
1.4645E-04 8.0000E-04
1.4837E-04 8.0000E-04
3.6065E-04 8.0000E-04
3.2297E-04 8.0000E-04
3.5139E-05 8.0000E-04
1.4245E-04 8.0000E-04
1.6640E-04 8.0000E-04
4.4491E-04 8.0000E-04
1.5927E-04 8.0000E-04
3.6995E-05 8.0000E-04
1.1748E-04 8.0000E-04
2.8676E-04 8.0000E-04
9.9538E-05 8.0000E-04
8.0902E-05 8.0000E-04
1.7741E-04 8.0000E-04
3.0504E-04 8.0000E-04
1.5686E-04 8.0000E-04
5.1975E-05 8.0000E-04
1.1619E-04 8.0000E-04
1.7653E-04 8.0000E-04
1.5681E-04 8.0000E-04
1.5884E-04 8.0000E-04
1.5564E-04 8.0000E-04
2.9838E-04 8.0000E-04
7.5877E-05 8.0000E-04
