553.6
162.2
192.0
177.5
194.4
178.3
157.7
160.1
147.4
159.5
157.7
167.4
147.8
159.7
160.8
158.1
154.4
161.8
149.7
163.4
128.5
131.8
163.3
162.4
127.6
125.2
128.4
162.0
159.0
125.7
128.6
159.4
123.3
160.5
155.1
155.2
130.5
130.6
160.8
125.0
128.7
135.8
130.3
162.2
131.8
134.1
131.5
128.7
126.3
128.2
128.3
126.5
129.0
131.3
128.4
128.5
129.0
119.4
128.3
127.9
133.8
128.0
127.4
132.8
124.9
138.6
113.6
111.6
132.3
145.3
134.0
104.4
130.5
128.4
111.0
108.9
156.1
131.6
135.1
112.8
107.2
153.6
124.5
129.7
113.6
115.4
111.5
131.4
113.3
111.4
111.9
123.5
111.5
135.6
114.0
112.5
140.4
132.4
124.8
131.6
113.0
113.4
116.0
111.2
128.7
116.4
113.3
113.8
112.0
119.0
115.9
122.7
128.7
115.8
130.2
112.6
110.8
122.3
133.7
106.9
112.7
114.1
128.2
110.9
105.6
109.9
111.6
109.2
111.2
109.6
144.7
128.8
110.8
127.2
128.4
105.0
111.5
113.1
111.9
112.2
115.5
109.9
110.6
129.1
130.2
131.0
112.0
109.3
111.2
114.5
105.3
127.7
129.0
126.2
127.6
112.4
104.1
111.7
138.4
109.9
128.3
130.3
111.3
130.8
111.4
112.5
129.6
130.6
111.3
126.9
112.0
106.2
110.5
110.1
128.3
110.8
111.2
128.3
130.2
127.7
103.6
113.1
111.3
111.8
100.5
110.9
125.3
128.1
114.2
112.6
112.9
