Max Step   Target
8.1117E-03 1.2000E-03
2.7407E-02 1.2000E-03
3.9884E-02 1.2000E-03
7.9441E-03 1.2000E-03
2.3456E-03 1.2000E-03
3.4148E-03 1.2000E-03
8.0315E-03 1.2000E-03
1.1953E-02 1.2000E-03
1.9086E-03 1.2000E-03
4.0961E-03 1.2000E-03
8.0266E-03 1.2000E-03
1.8113E-02 1.2000E-03
6.8190E-03 1.2000E-03
5.3705E-03 1.2000E-03
1.0926E-02 1.2000E-03
1.7735E-02 1.2000E-03
2.3426E-03 1.2000E-03
1.9105E-03 1.2000E-03
3.5609E-03 1.2000E-03
5.2948E-03 1.2000E-03
9.9846E-03 1.2000E-03
5.6382E-03 1.2000E-03
3.0986E-03 1.2000E-03
2.0199E-03 1.2000E-03
2.7078E-03 1.2000E-03
3.3120E-03 1.2000E-03
1.6935E-03 1.2000E-03
8.6372E-04 1.2000E-03
1.7252E-03 1.2000E-03
1.5114E-03 1.2000E-03
1.3502E-03 1.2000E-03
1.4539E-03 1.2000E-03
1.4087E-03 1.2000E-03
2.4875E-03 1.2000E-03
2.1299E-03 1.2000E-03
3.8204E-04 1.2000E-03
