RMS Grad   Target
1.1590E-03 2.0000E-04
1.0223E-03 2.0000E-04
1.0233E-03 2.0000E-04
2.2349E-03 2.0000E-04
5.7675E-04 2.0000E-04
3.8305E-04 2.0000E-04
3.4620E-04 2.0000E-04
4.7093E-04 2.0000E-04
7.0767E-04 2.0000E-04
3.1286E-04 2.0000E-04
2.8264E-04 2.0000E-04
3.1991E-04 2.0000E-04
7.1380E-04 2.0000E-04
3.1595E-04 2.0000E-04
2.6037E-04 2.0000E-04
3.3358E-04 2.0000E-04
6.6760E-04 2.0000E-04
2.4440E-04 2.0000E-04
1.6969E-04 2.0000E-04
2.3473E-04 2.0000E-04
2.6852E-04 2.0000E-04
2.2118E-04 2.0000E-04
2.3155E-04 2.0000E-04
1.7659E-04 2.0000E-04
1.4222E-04 2.0000E-04
1.1059E-04 2.0000E-04
1.5736E-04 2.0000E-04
8.3346E-05 2.0000E-04
6.4667E-05 2.0000E-04
7.3873E-05 2.0000E-04
1.1322E-04 2.0000E-04
7.1503E-05 2.0000E-04
6.1222E-05 2.0000E-04
6.7889E-05 2.0000E-04
6.3375E-05 2.0000E-04
8.0007E-05 2.0000E-04
3.5872E-05 2.0000E-04
