0.000000000000000000e+00 0.000000000000000000e+00
4.564199999999999924e-01 4.561576274060000213e-02
9.360800000000000232e-01 2.258044073324999845e-01
1.420609999999999928e+00 7.731754252096000313e-01
1.886670000000000069e+00 1.076216150298100027e+00
2.407049999999999912e+00 1.552607993661800023e+00
2.876949999999999896e+00 1.960501331090899857e+00
3.334839999999999804e+00 1.757884761828200082e+00
3.803970000000000073e+00 2.116205578517200259e+00
4.291100000000000136e+00 2.417573552864400011e+00
4.775940000000000296e+00 2.736591472854600138e+00
5.283960000000000434e+00 2.957106983331499794e+00
6.095850000000000435e+00 3.035384526771199631e+00
6.670180000000000220e+00 1.056716847780839963e+01
7.313719999999999999e+00 1.420825782385480096e+01
7.809400000000000119e+00 1.345374075125119973e+01
8.310290000000000177e+00 1.373551877313100000e+01
8.806729999999999947e+00 1.557420874740179961e+01
9.282769999999999300e+00 1.499001932920960023e+01
9.750799999999999912e+00 1.418373941570139962e+01
1.022396999999999956e+01 1.300300135030569848e+01
1.072484999999999999e+01 1.301496361712360006e+01
1.120761000000000074e+01 1.279938603771859995e+01
1.166428999999999938e+01 1.272004662354910032e+01
