Max Step   Target
1.1909E-02 1.2000E-03
1.1530E-01 1.2000E-03
2.7264E-02 1.2000E-03
4.5568E-02 1.2000E-03
4.1993E-02 1.2000E-03
2.7757E-02 1.2000E-03
7.6984E-03 1.2000E-03
1.3761E-02 1.2000E-03
2.4380E-02 1.2000E-03
1.7598E-02 1.2000E-03
8.8962E-03 1.2000E-03
2.6004E-02 1.2000E-03
4.3207E-02 1.2000E-03
1.9294E-02 1.2000E-03
2.7858E-02 1.2000E-03
2.2441E-02 1.2000E-03
4.7029E-02 1.2000E-03
3.0804E-02 1.2000E-03
5.3486E-03 1.2000E-03
9.4303E-03 1.2000E-03
1.6985E-02 1.2000E-03
7.9141E-03 1.2000E-03
1.8333E-02 1.2000E-03
1.2017E-02 1.2000E-03
3.4851E-02 1.2000E-03
6.8940E-03 1.2000E-03
3.2810E-03 1.2000E-03
5.8985E-03 1.2000E-03
1.1906E-02 1.2000E-03
3.0991E-03 1.2000E-03
4.8992E-03 1.2000E-03
4.6625E-03 1.2000E-03
9.0658E-03 1.2000E-03
7.8150E-03 1.2000E-03
2.4027E-03 1.2000E-03
3.9692E-03 1.2000E-03
5.4864E-03 1.2000E-03
6.0221E-03 1.2000E-03
1.0625E-02 1.2000E-03
7.0843E-03 1.2000E-03
2.1054E-03 1.2000E-03
2.7990E-03 1.2000E-03
2.6664E-03 1.2000E-03
6.9497E-03 1.2000E-03
8.2301E-03 1.2000E-03
3.2225E-03 1.2000E-03
3.4861E-03 1.2000E-03
2.6508E-03 1.2000E-03
6.7880E-03 1.2000E-03
7.1125E-03 1.2000E-03
3.1215E-03 1.2000E-03
5.0337E-03 1.2000E-03
5.3724E-03 1.2000E-03
8.1021E-03 1.2000E-03
6.1622E-03 1.2000E-03
1.8347E-03 1.2000E-03
1.7932E-03 1.2000E-03
4.7816E-03 1.2000E-03
8.5059E-03 1.2000E-03
3.3793E-03 1.2000E-03
3.6093E-03 1.2000E-03
3.3490E-03 1.2000E-03
6.9369E-03 1.2000E-03
6.9523E-03 1.2000E-03
1.5122E-03 1.2000E-03
3.5240E-03 1.2000E-03
4.3519E-03 1.2000E-03
5.5056E-03 1.2000E-03
9.5244E-03 1.2000E-03
8.5507E-03 1.2000E-03
8.3871E-04 1.2000E-03
1.5563E-03 1.2000E-03
2.7431E-03 1.2000E-03
5.9693E-03 1.2000E-03
7.2171E-03 1.2000E-03
7.3613E-03 1.2000E-03
9.2628E-03 1.2000E-03
8.5545E-04 1.2000E-03
8.1115E-04 1.2000E-03
3.6453E-03 1.2000E-03
4.5740E-03 1.2000E-03
5.9560E-03 1.2000E-03
5.7394E-03 1.2000E-03
4.4422E-03 1.2000E-03
3.2843E-03 1.2000E-03
5.4035E-03 1.2000E-03
4.6893E-03 1.2000E-03
1.9249E-03 1.2000E-03
4.7314E-03 1.2000E-03
5.6151E-03 1.2000E-03
2.4780E-03 1.2000E-03
4.2076E-03 1.2000E-03
2.7174E-03 1.2000E-03
8.9341E-03 1.2000E-03
4.7592E-03 1.2000E-03
1.7756E-03 1.2000E-03
1.4615E-03 1.2000E-03
8.7120E-04 1.2000E-03
5.2885E-03 1.2000E-03
8.2990E-03 1.2000E-03
7.6459E-04 1.2000E-03
1.6787E-03 1.2000E-03
1.4882E-03 1.2000E-03
4.7535E-03 1.2000E-03
2.8435E-03 1.2000E-03
1.4235E-03 1.2000E-03
2.2772E-03 1.2000E-03
4.5129E-03 1.2000E-03
1.1977E-03 1.2000E-03
1.4418E-03 1.2000E-03
1.4150E-03 1.2000E-03
3.3239E-03 1.2000E-03
5.8015E-03 1.2000E-03
7.2076E-04 1.2000E-03
1.9239E-03 1.2000E-03
1.0850E-03 1.2000E-03
4.2439E-03 1.2000E-03
1.6179E-03 1.2000E-03
9.6277E-04 1.2000E-03
