RMS Step   Target
2.8715E-04 8.0000E-04
2.8715E-03 8.0000E-04
1.3260E-03 8.0000E-04
2.1253E-03 8.0000E-04
3.0377E-03 8.0000E-04
1.9607E-03 8.0000E-04
1.0406E-03 8.0000E-04
8.1355E-04 8.0000E-04
1.4484E-03 8.0000E-04
8.5833E-04 8.0000E-04
3.4844E-04 8.0000E-04
9.1420E-04 8.0000E-04
1.1180E-03 8.0000E-04
9.6283E-04 8.0000E-04
7.2355E-04 8.0000E-04
7.5453E-04 8.0000E-04
8.6465E-04 8.0000E-04
7.4569E-04 8.0000E-04
7.1076E-04 8.0000E-04
5.3124E-04 8.0000E-04
6.6815E-04 8.0000E-04
1.0245E-03 8.0000E-04
7.7270E-04 8.0000E-04
7.0036E-04 8.0000E-04
9.6770E-04 8.0000E-04
3.1041E-04 8.0000E-04
2.6429E-04 8.0000E-04
5.3274E-04 8.0000E-04
9.0152E-04 8.0000E-04
1.3001E-04 8.0000E-04
2.9792E-04 8.0000E-04
4.5991E-04 8.0000E-04
7.7793E-04 8.0000E-04
8.9983E-04 8.0000E-04
2.1945E-04 8.0000E-04
1.0939E-04 8.0000E-04
2.5609E-04 8.0000E-04
7.5538E-04 8.0000E-04
4.7739E-04 8.0000E-04
3.9791E-04 8.0000E-04
3.9314E-04 8.0000E-04
5.6992E-04 8.0000E-04
5.3067E-04 8.0000E-04
5.1860E-04 8.0000E-04
6.6031E-04 8.0000E-04
8.2698E-05 8.0000E-04
9.8073E-05 8.0000E-04
3.4707E-04 8.0000E-04
5.9345E-04 8.0000E-04
6.0777E-04 8.0000E-04
4.0470E-04 8.0000E-04
3.9585E-04 8.0000E-04
2.6139E-04 8.0000E-04
3.8117E-04 8.0000E-04
5.3442E-04 8.0000E-04
2.3364E-04 8.0000E-04
1.9634E-04 8.0000E-04
5.9605E-04 8.0000E-04
6.1179E-04 8.0000E-04
3.7708E-04 8.0000E-04
2.5817E-04 8.0000E-04
2.4421E-04 8.0000E-04
5.4183E-04 8.0000E-04
3.8114E-04 8.0000E-04
3.5207E-04 8.0000E-04
4.0698E-04 8.0000E-04
6.9283E-04 8.0000E-04
5.4110E-04 8.0000E-04
4.3745E-04 8.0000E-04
2.6060E-04 8.0000E-04
3.2039E-04 8.0000E-04
4.0468E-04 8.0000E-04
4.2574E-04 8.0000E-04
5.1803E-04 8.0000E-04
8.3026E-04 8.0000E-04
6.7129E-04 8.0000E-04
1.3139E-04 8.0000E-04
3.1067E-04 8.0000E-04
2.2029E-04 8.0000E-04
5.3415E-04 8.0000E-04
4.1483E-04 8.0000E-04
2.7936E-04 8.0000E-04
1.0988E-03 8.0000E-04
5.1995E-04 8.0000E-04
4.1177E-04 8.0000E-04
3.1395E-04 8.0000E-04
3.4768E-04 8.0000E-04
4.6814E-04 8.0000E-04
5.9138E-04 8.0000E-04
1.7127E-04 8.0000E-04
8.2557E-04 8.0000E-04
7.2648E-04 8.0000E-04
7.8890E-04 8.0000E-04
8.2468E-04 8.0000E-04
5.3839E-04 8.0000E-04
2.6334E-04 8.0000E-04
1.1031E-03 8.0000E-04
1.6226E-04 8.0000E-04
6.6951E-04 8.0000E-04
1.0832E-03 8.0000E-04
9.8096E-04 8.0000E-04
4.4773E-04 8.0000E-04
3.5709E-04 8.0000E-04
1.1544E-03 8.0000E-04
4.9957E-04 8.0000E-04
8.7853E-04 8.0000E-04
6.4393E-04 8.0000E-04
8.2969E-04 8.0000E-04
1.2386E-03 8.0000E-04
9.8288E-04 8.0000E-04
3.3956E-04 8.0000E-04
1.9710E-03 8.0000E-04
4.7401E-04 8.0000E-04
5.7446E-04 8.0000E-04
1.5130E-03 8.0000E-04
2.1482E-03 8.0000E-04
1.8352E-04 8.0000E-04
1.6337E-03 8.0000E-04
4.0967E-04 8.0000E-04
1.2546E-03 8.0000E-04
1.7560E-03 8.0000E-04
4.5624E-04 8.0000E-04
1.2728E-03 8.0000E-04
1.0383E-03 8.0000E-04
8.1934E-04 8.0000E-04
1.3132E-03 8.0000E-04
3.6943E-04 8.0000E-04
1.5945E-03 8.0000E-04
3.9632E-04 8.0000E-04
5.8178E-04 8.0000E-04
9.6828E-04 8.0000E-04
1.7641E-03 8.0000E-04
7.5836E-04 8.0000E-04
4.9611E-04 8.0000E-04
9.7897E-04 8.0000E-04
5.5780E-04 8.0000E-04
6.6807E-04 8.0000E-04
3.3201E-04 8.0000E-04
1.3276E-03 8.0000E-04
1.7014E-04 8.0000E-04
8.0862E-04 8.0000E-04
6.8848E-04 8.0000E-04
6.3543E-04 8.0000E-04
8.3609E-04 8.0000E-04
6.4838E-04 8.0000E-04
1.5762E-04 8.0000E-04
9.5538E-04 8.0000E-04
3.4931E-04 8.0000E-04
4.6899E-04 8.0000E-04
9.7422E-04 8.0000E-04
2.9418E-04 8.0000E-04
4.1434E-04 8.0000E-04
4.7187E-04 8.0000E-04
5.5468E-04 8.0000E-04
1.2978E-04 8.0000E-04
8.8811E-04 8.0000E-04
4.0056E-04 8.0000E-04
2.8760E-04 8.0000E-04
4.8149E-04 8.0000E-04
3.7875E-04 8.0000E-04
5.4100E-04 8.0000E-04
4.0570E-04 8.0000E-04
1.8813E-04 8.0000E-04
2.9944E-04 8.0000E-04
3.9999E-04 8.0000E-04
4.7129E-04 8.0000E-04
4.4624E-04 8.0000E-04
3.6208E-04 8.0000E-04
2.2301E-04 8.0000E-04
5.0261E-04 8.0000E-04
3.4825E-04 8.0000E-04
1.5026E-04 8.0000E-04
4.6103E-04 8.0000E-04
4.7288E-04 8.0000E-04
1.3346E-04 8.0000E-04
3.8511E-04 8.0000E-04
2.7457E-04 8.0000E-04
5.9621E-04 8.0000E-04
2.9813E-04 8.0000E-04
1.0731E-04 8.0000E-04
3.3523E-04 8.0000E-04
4.2590E-04 8.0000E-04
2.9901E-04 8.0000E-04
2.1934E-04 8.0000E-04
3.0650E-04 8.0000E-04
4.6730E-04 8.0000E-04
3.5541E-04 8.0000E-04
1.2113E-04 8.0000E-04
1.7265E-04 8.0000E-04
2.2907E-04 8.0000E-04
3.2502E-04 8.0000E-04
4.8332E-04 8.0000E-04
2.8972E-04 8.0000E-04
2.4181E-04 8.0000E-04
2.4961E-04 8.0000E-04
1.0248E-04 8.0000E-04
1.2184E-04 8.0000E-04
3.6199E-04 8.0000E-04
5.6719E-04 8.0000E-04
2.0079E-04 8.0000E-04
1.9900E-04 8.0000E-04
1.6973E-04 8.0000E-04
5.2980E-04 8.0000E-04
3.6909E-04 8.0000E-04
1.2571E-04 8.0000E-04
2.1111E-04 8.0000E-04
2.9068E-04 8.0000E-04
2.7610E-04 8.0000E-04
5.3802E-04 8.0000E-04
2.0544E-04 8.0000E-04
6.5055E-05 8.0000E-04
2.0962E-04 8.0000E-04
4.4253E-04 8.0000E-04
2.6313E-04 8.0000E-04
7.4214E-04 8.0000E-04
8.5422E-05 8.0000E-04
1.7220E-04 8.0000E-04
2.5414E-04 8.0000E-04
4.4028E-04 8.0000E-04
3.8966E-04 8.0000E-04
4.1890E-04 8.0000E-04
2.7128E-04 8.0000E-04
1.8471E-04 8.0000E-04
2.2231E-04 8.0000E-04
1.6792E-04 8.0000E-04
3.3583E-04 8.0000E-04
2.1639E-04 8.0000E-04
4.3278E-04 8.0000E-04
5.6181E-04 8.0000E-04
6.9454E-05 8.0000E-04
1.5457E-04 8.0000E-04
1.2187E-04 8.0000E-04
3.1139E-04 8.0000E-04
3.5617E-04 8.0000E-04
2.5938E-04 8.0000E-04
4.5100E-04 8.0000E-04
1.3942E-04 8.0000E-04
1.1649E-04 8.0000E-04
2.8020E-04 8.0000E-04
2.8201E-04 8.0000E-04
1.3680E-04 8.0000E-04
3.7040E-04 8.0000E-04
1.9617E-04 8.0000E-04
3.9235E-04 8.0000E-04
7.8264E-04 8.0000E-04
8.3213E-05 8.0000E-04
9.6201E-05 8.0000E-04
