Max Step   Target
1.2384E-02 1.2000E-03
1.1666E-01 1.2000E-03
3.3802E-02 1.2000E-03
5.7371E-02 1.2000E-03
6.1219E-02 1.2000E-03
3.5557E-02 1.2000E-03
2.1686E-02 1.2000E-03
2.8886E-02 1.2000E-03
5.9937E-02 1.2000E-03
2.0268E-02 1.2000E-03
1.0877E-02 1.2000E-03
3.5774E-02 1.2000E-03
5.7557E-02 1.2000E-03
4.5607E-02 1.2000E-03
2.1813E-02 1.2000E-03
2.5340E-02 1.2000E-03
3.5217E-02 1.2000E-03
2.0309E-02 1.2000E-03
2.3547E-02 1.2000E-03
1.8721E-02 1.2000E-03
2.4816E-02 1.2000E-03
2.9666E-02 1.2000E-03
2.3729E-02 1.2000E-03
1.0581E-02 1.2000E-03
2.3745E-02 1.2000E-03
2.2153E-02 1.2000E-03
9.9028E-03 1.2000E-03
1.6703E-02 1.2000E-03
8.5198E-03 1.2000E-03
4.2382E-03 1.2000E-03
1.3632E-02 1.2000E-03
1.1399E-02 1.2000E-03
8.5648E-03 1.2000E-03
1.7163E-02 1.2000E-03
9.0009E-03 1.2000E-03
1.9825E-03 1.2000E-03
7.9518E-03 1.2000E-03
5.8646E-03 1.2000E-03
1.4904E-02 1.2000E-03
1.1602E-02 1.2000E-03
6.7960E-03 1.2000E-03
4.8030E-03 1.2000E-03
7.0377E-03 1.2000E-03
1.5922E-02 1.2000E-03
1.6163E-02 1.2000E-03
3.5116E-03 1.2000E-03
7.1966E-03 1.2000E-03
7.2221E-03 1.2000E-03
8.3867E-03 1.2000E-03
1.5144E-02 1.2000E-03
6.0741E-03 1.2000E-03
2.6138E-03 1.2000E-03
1.2754E-02 1.2000E-03
1.3198E-02 1.2000E-03
2.8343E-03 1.2000E-03
1.1698E-02 1.2000E-03
1.0091E-02 1.2000E-03
2.4389E-02 1.2000E-03
1.6306E-02 1.2000E-03
7.3162E-03 1.2000E-03
2.4878E-02 1.2000E-03
6.2344E-02 1.2000E-03
1.1703E-01 1.2000E-03
5.0265E-02 1.2000E-03
2.0455E-02 1.2000E-03
1.5066E-01 1.2000E-03
4.9004E-02 1.2000E-03
2.5521E-02 1.2000E-03
1.2462E-01 1.2000E-03
9.6099E-02 1.2000E-03
4.5177E-02 1.2000E-03
3.2813E-02 1.2000E-03
5.4997E-02 1.2000E-03
2.4945E-02 1.2000E-03
5.3439E-02 1.2000E-03
1.4017E-02 1.2000E-03
5.9286E-03 1.2000E-03
1.7071E-02 1.2000E-03
1.7028E-02 1.2000E-03
4.9445E-03 1.2000E-03
6.6015E-03 1.2000E-03
7.7904E-03 1.2000E-03
7.4886E-03 1.2000E-03
7.7591E-03 1.2000E-03
5.7414E-03 1.2000E-03
4.2778E-03 1.2000E-03
5.6905E-03 1.2000E-03
9.3457E-03 1.2000E-03
5.4608E-03 1.2000E-03
3.9583E-03 1.2000E-03
5.6785E-03 1.2000E-03
9.9083E-03 1.2000E-03
1.2120E-02 1.2000E-03
5.7949E-03 1.2000E-03
8.6831E-03 1.2000E-03
5.6259E-03 1.2000E-03
5.0798E-03 1.2000E-03
1.2677E-02 1.2000E-03
4.4304E-03 1.2000E-03
2.7118E-03 1.2000E-03
1.1364E-02 1.2000E-03
6.1867E-03 1.2000E-03
8.7521E-04 1.2000E-03
3.5035E-03 1.2000E-03
3.3690E-03 1.2000E-03
7.5150E-03 1.2000E-03
1.1544E-02 1.2000E-03
1.3843E-03 1.2000E-03
2.6262E-03 1.2000E-03
3.2523E-03 1.2000E-03
8.7976E-03 1.2000E-03
2.4168E-03 1.2000E-03
1.7189E-03 1.2000E-03
4.5530E-03 1.2000E-03
7.2046E-03 1.2000E-03
4.8611E-03 1.2000E-03
3.5902E-03 1.2000E-03
5.0085E-03 1.2000E-03
7.6452E-03 1.2000E-03
7.2962E-03 1.2000E-03
7.1170E-03 1.2000E-03
3.2458E-03 1.2000E-03
1.5430E-03 1.2000E-03
8.0302E-03 1.2000E-03
6.7679E-03 1.2000E-03
2.6885E-03 1.2000E-03
7.7544E-03 1.2000E-03
7.7143E-03 1.2000E-03
1.5603E-03 1.2000E-03
4.1051E-03 1.2000E-03
3.1983E-03 1.2000E-03
1.3128E-02 1.2000E-03
8.9564E-03 1.2000E-03
1.9629E-03 1.2000E-03
3.4767E-03 1.2000E-03
3.9879E-03 1.2000E-03
1.3720E-02 1.2000E-03
9.9825E-03 1.2000E-03
3.0717E-03 1.2000E-03
5.7442E-03 1.2000E-03
6.6424E-03 1.2000E-03
1.2698E-02 1.2000E-03
4.3322E-03 1.2000E-03
2.9362E-03 1.2000E-03
7.4139E-03 1.2000E-03
1.5990E-02 1.2000E-03
7.9598E-04 1.2000E-03
4.4481E-03 1.2000E-03
5.7400E-03 1.2000E-03
1.4151E-02 1.2000E-03
1.6545E-02 1.2000E-03
9.5246E-04 1.2000E-03
1.0344E-03 1.2000E-03
6.4068E-03 1.2000E-03
1.6074E-02 1.2000E-03
5.1625E-03 1.2000E-03
3.7751E-03 1.2000E-03
7.2224E-03 1.2000E-03
1.1282E-02 1.2000E-03
1.5670E-02 1.2000E-03
1.9930E-03 1.2000E-03
3.5816E-03 1.2000E-03
4.9566E-03 1.2000E-03
1.5663E-02 1.2000E-03
8.0138E-03 1.2000E-03
4.4179E-03 1.2000E-03
8.4649E-03 1.2000E-03
1.4326E-02 1.2000E-03
3.2166E-03 1.2000E-03
4.0948E-03 1.2000E-03
4.1341E-03 1.2000E-03
1.2512E-02 1.2000E-03
8.0307E-03 1.2000E-03
7.0845E-03 1.2000E-03
4.9946E-03 1.2000E-03
6.5421E-03 1.2000E-03
6.4042E-03 1.2000E-03
1.4876E-02 1.2000E-03
1.0103E-03 1.2000E-03
2.1515E-03 1.2000E-03
5.3533E-03 1.2000E-03
1.0702E-02 1.2000E-03
1.7200E-02 1.2000E-03
5.7013E-03 1.2000E-03
1.1224E-03 1.2000E-03
5.9334E-03 1.2000E-03
1.0258E-02 1.2000E-03
3.6002E-03 1.2000E-03
7.4592E-03 1.2000E-03
7.3792E-03 1.2000E-03
1.2269E-02 1.2000E-03
7.4498E-03 1.2000E-03
1.7486E-03 1.2000E-03
2.3133E-03 1.2000E-03
5.8805E-03 1.2000E-03
7.3498E-03 1.2000E-03
1.4762E-02 1.2000E-03
1.0999E-02 1.2000E-03
2.7469E-03 1.2000E-03
1.2203E-02 1.2000E-03
6.1404E-03 1.2000E-03
1.7280E-03 1.2000E-03
7.2780E-03 1.2000E-03
8.6429E-03 1.2000E-03
1.3018E-02 1.2000E-03
7.7948E-03 1.2000E-03
1.1021E-03 1.2000E-03
6.9981E-03 1.2000E-03
4.1219E-03 1.2000E-03
9.1039E-03 1.2000E-03
1.4776E-02 1.2000E-03
1.3851E-02 1.2000E-03
6.5075E-03 1.2000E-03
1.1794E-02 1.2000E-03
8.6184E-03 1.2000E-03
4.3691E-03 1.2000E-03
1.1004E-02 1.2000E-03
1.1732E-02 1.2000E-03
1.7399E-03 1.2000E-03
1.0640E-02 1.2000E-03
4.0417E-03 1.2000E-03
1.3789E-02 1.2000E-03
1.2695E-02 1.2000E-03
1.1736E-02 1.2000E-03
8.4119E-04 1.2000E-03
8.4037E-03 1.2000E-03
1.0800E-02 1.2000E-03
9.7664E-03 1.2000E-03
8.7751E-03 1.2000E-03
1.1619E-02 1.2000E-03
1.6683E-02 1.2000E-03
8.2948E-03 1.2000E-03
6.2207E-03 1.2000E-03
8.3177E-03 1.2000E-03
1.3987E-02 1.2000E-03
1.4357E-02 1.2000E-03
4.9832E-03 1.2000E-03
1.3222E-02 1.2000E-03
9.3173E-03 1.2000E-03
1.1294E-02 1.2000E-03
1.9783E-02 1.2000E-03
1.0954E-02 1.2000E-03
4.6109E-03 1.2000E-03
1.5624E-02 1.2000E-03
7.0027E-03 1.2000E-03
1.8475E-02 1.2000E-03
3.4151E-02 1.2000E-03
9.2580E-03 1.2000E-03
7.3631E-03 1.2000E-03
1.4514E-02 1.2000E-03
2.0938E-03 1.2000E-03
4.4937E-03 1.2000E-03
1.0244E-02 1.2000E-03
2.7623E-02 1.2000E-03
4.3056E-03 1.2000E-03
3.3250E-02 1.2000E-03
5.5781E-03 1.2000E-03
1.2456E-02 1.2000E-03
2.4874E-02 1.2000E-03
6.5178E-03 1.2000E-03
8.2432E-03 1.2000E-03
1.7782E-02 1.2000E-03
1.3827E-02 1.2000E-03
1.6296E-03 1.2000E-03
1.6894E-02 1.2000E-03
1.1862E-02 1.2000E-03
1.1501E-02 1.2000E-03
1.5952E-02 1.2000E-03
3.5741E-02 1.2000E-03
7.0201E-03 1.2000E-03
6.8838E-03 1.2000E-03
1.2685E-02 1.2000E-03
2.6725E-02 1.2000E-03
1.2057E-02 1.2000E-03
7.9824E-03 1.2000E-03
1.3270E-02 1.2000E-03
1.2792E-02 1.2000E-03
6.0073E-03 1.2000E-03
2.4227E-02 1.2000E-03
7.5615E-03 1.2000E-03
1.2224E-02 1.2000E-03
9.8852E-03 1.2000E-03
3.2877E-02 1.2000E-03
1.1479E-02 1.2000E-03
3.5508E-03 1.2000E-03
1.7347E-02 1.2000E-03
4.3882E-02 1.2000E-03
6.6803E-04 1.2000E-03
4.2959E-03 1.2000E-03
1.4623E-02 1.2000E-03
1.9781E-02 1.2000E-03
1.9093E-02 1.2000E-03
6.5344E-03 1.2000E-03
2.6192E-02 1.2000E-03
3.8607E-03 1.2000E-03
2.0284E-02 1.2000E-03
2.3867E-02 1.2000E-03
3.6267E-03 1.2000E-03
1.8266E-02 1.2000E-03
3.5121E-02 1.2000E-03
4.2857E-03 1.2000E-03
5.7852E-03 1.2000E-03
2.1021E-02 1.2000E-03
1.1617E-02 1.2000E-03
4.0503E-02 1.2000E-03
2.2285E-02 1.2000E-03
6.0050E-03 1.2000E-03
2.0701E-02 1.2000E-03
1.7755E-02 1.2000E-03
2.2520E-02 1.2000E-03
1.7591E-02 1.2000E-03
1.5131E-02 1.2000E-03
1.6808E-02 1.2000E-03
1.6808E-02 1.2000E-03
2.9122E-08 1.2000E-03
4.9820E-04 1.2000E-03
1.3778E-04 1.2000E-03
6.2839E-04 1.2000E-03
5.6124E-04 1.2000E-03
8.3175E-04 1.2000E-03
5.1960E-04 1.2000E-03
5.6701E-04 1.2000E-03
7.3667E-04 1.2000E-03
1.6856E-03 1.2000E-03
4.9981E-04 1.2000E-03
6.6810E-04 1.2000E-03
9.8818E-04 1.2000E-03
2.8939E-03 1.2000E-03
6.9036E-04 1.2000E-03
7.4000E-04 1.2000E-03
1.2314E-03 1.2000E-03
3.1072E-03 1.2000E-03
2.9434E-03 1.2000E-03
7.7342E-04 1.2000E-03
2.0647E-03 1.2000E-03
2.0402E-03 1.2000E-03
2.6905E-03 1.2000E-03
4.5632E-03 1.2000E-03
2.3765E-03 1.2000E-03
1.9534E-03 1.2000E-03
4.3579E-03 1.2000E-03
5.2973E-03 1.2000E-03
1.7009E-03 1.2000E-03
2.6068E-03 1.2000E-03
3.7433E-03 1.2000E-03
7.7917E-03 1.2000E-03
7.2699E-03 1.2000E-03
2.5007E-03 1.2000E-03
5.5755E-03 1.2000E-03
4.5266E-03 1.2000E-03
5.6745E-03 1.2000E-03
1.0069E-02 1.2000E-03
8.4712E-03 1.2000E-03
6.2971E-03 1.2000E-03
1.8042E-02 1.2000E-03
1.0481E-02 1.2000E-03
5.3810E-04 1.2000E-03
8.1992E-03 1.2000E-03
1.0585E-02 1.2000E-03
3.2466E-02 1.2000E-03
8.8905E-03 1.2000E-03
1.0353E-02 1.2000E-03
1.4872E-02 1.2000E-03
1.7447E-02 1.2000E-03
9.2505E-03 1.2000E-03
2.1215E-02 1.2000E-03
1.9555E-02 1.2000E-03
1.1352E-02 1.2000E-03
4.0711E-02 1.2000E-03
1.5355E-02 1.2000E-03
3.1644E-02 1.2000E-03
1.2807E-02 1.2000E-03
2.0362E-02 1.2000E-03
1.3961E-02 1.2000E-03
5.9711E-03 1.2000E-03
2.2469E-02 1.2000E-03
2.0582E-02 1.2000E-03
1.6709E-02 1.2000E-03
2.7484E-02 1.2000E-03
2.4904E-02 1.2000E-03
2.8603E-03 1.2000E-03
5.1578E-03 1.2000E-03
1.0724E-02 1.2000E-03
8.7664E-03 1.2000E-03
3.7820E-02 1.2000E-03
1.5743E-02 1.2000E-03
3.7074E-03 1.2000E-03
5.1988E-03 1.2000E-03
1.4002E-02 1.2000E-03
1.6659E-02 1.2000E-03
7.3916E-03 1.2000E-03
1.3181E-02 1.2000E-03
1.1741E-02 1.2000E-03
8.4693E-03 1.2000E-03
1.0433E-02 1.2000E-03
5.4996E-03 1.2000E-03
4.9633E-03 1.2000E-03
1.1373E-02 1.2000E-03
2.4619E-03 1.2000E-03
3.5954E-03 1.2000E-03
4.1009E-03 1.2000E-03
9.0765E-03 1.2000E-03
3.1320E-03 1.2000E-03
2.6627E-03 1.2000E-03
1.2100E-02 1.2000E-03
4.8190E-03 1.2000E-03
3.0813E-03 1.2000E-03
4.6577E-03 1.2000E-03
2.6281E-03 1.2000E-03
6.4530E-03 1.2000E-03
9.0837E-03 1.2000E-03
2.6265E-03 1.2000E-03
4.5205E-03 1.2000E-03
2.4058E-03 1.2000E-03
2.3488E-03 1.2000E-03
2.6630E-03 1.2000E-03
1.7691E-03 1.2000E-03
4.1414E-03 1.2000E-03
3.8500E-03 1.2000E-03
5.1843E-03 1.2000E-03
1.2981E-03 1.2000E-03
5.6344E-03 1.2000E-03
4.6293E-03 1.2000E-03
4.3534E-03 1.2000E-03
2.0464E-03 1.2000E-03
3.8634E-03 1.2000E-03
7.1305E-03 1.2000E-03
1.4527E-03 1.2000E-03
2.2970E-03 1.2000E-03
1.2029E-03 1.2000E-03
2.7893E-03 1.2000E-03
3.7174E-03 1.2000E-03
7.4471E-03 1.2000E-03
1.4875E-03 1.2000E-03
2.5840E-03 1.2000E-03
2.9892E-03 1.2000E-03
1.6091E-03 1.2000E-03
2.7168E-03 1.2000E-03
2.5483E-03 1.2000E-03
2.2801E-03 1.2000E-03
3.9061E-03 1.2000E-03
1.4014E-03 1.2000E-03
1.3873E-03 1.2000E-03
2.9925E-03 1.2000E-03
1.8522E-03 1.2000E-03
7.9744E-04 1.2000E-03
1.7383E-03 1.2000E-03
1.4302E-03 1.2000E-03
2.2053E-03 1.2000E-03
2.2630E-03 1.2000E-03
1.9293E-03 1.2000E-03
9.6329E-04 1.2000E-03
2.3960E-03 1.2000E-03
9.2811E-04 1.2000E-03
