RMS Step   Target
2.8922E-04 8.0000E-04
2.8922E-03 8.0000E-04
9.8444E-04 8.0000E-04
1.7038E-03 8.0000E-04
1.7893E-03 8.0000E-04
1.0367E-03 8.0000E-04
6.6825E-04 8.0000E-04
8.4174E-04 8.0000E-04
1.7253E-03 8.0000E-04
6.5158E-04 8.0000E-04
3.3940E-04 8.0000E-04
9.9022E-04 8.0000E-04
1.5525E-03 8.0000E-04
1.2494E-03 8.0000E-04
6.9109E-04 8.0000E-04
9.4752E-04 8.0000E-04
1.4509E-03 8.0000E-04
1.0236E-03 8.0000E-04
1.1507E-03 8.0000E-04
9.0826E-04 8.0000E-04
1.2367E-03 8.0000E-04
1.5159E-03 8.0000E-04
1.2276E-03 8.0000E-04
5.6227E-04 8.0000E-04
1.1435E-03 8.0000E-04
9.7214E-04 8.0000E-04
4.2235E-04 8.0000E-04
7.9794E-04 8.0000E-04
5.3532E-04 8.0000E-04
2.8475E-04 8.0000E-04
8.9362E-04 8.0000E-04
7.5539E-04 8.0000E-04
5.7682E-04 8.0000E-04
1.1738E-03 8.0000E-04
5.1651E-04 8.0000E-04
1.5527E-04 8.0000E-04
5.7872E-04 8.0000E-04
4.1931E-04 8.0000E-04
1.0677E-03 8.0000E-04
7.6898E-04 8.0000E-04
4.8894E-04 8.0000E-04
3.4285E-04 8.0000E-04
5.0932E-04 8.0000E-04
1.1913E-03 8.0000E-04
1.1815E-03 8.0000E-04
2.4783E-04 8.0000E-04
4.9848E-04 8.0000E-04
4.6413E-04 8.0000E-04
5.4024E-04 8.0000E-04
9.7656E-04 8.0000E-04
4.0786E-04 8.0000E-04
1.2696E-04 8.0000E-04
8.3927E-04 8.0000E-04
8.9378E-04 8.0000E-04
1.7611E-04 8.0000E-04
7.2806E-04 8.0000E-04
6.3031E-04 8.0000E-04
1.5774E-03 8.0000E-04
1.0957E-03 8.0000E-04
4.9997E-04 8.0000E-04
1.5403E-03 8.0000E-04
3.7769E-03 8.0000E-04
7.2304E-03 8.0000E-04
2.6235E-03 8.0000E-04
1.2558E-03 8.0000E-04
7.2304E-03 8.0000E-04
3.9791E-03 8.0000E-04
1.6367E-03 8.0000E-04
4.0973E-03 8.0000E-04
5.9851E-03 8.0000E-04
2.9416E-03 8.0000E-04
8.2716E-04 8.0000E-04
1.7620E-03 8.0000E-04
1.4646E-03 8.0000E-04
2.6987E-03 8.0000E-04
7.3067E-04 8.0000E-04
3.4988E-04 8.0000E-04
1.0439E-03 8.0000E-04
1.4072E-03 8.0000E-04
3.6930E-04 8.0000E-04
4.7852E-04 8.0000E-04
6.5949E-04 8.0000E-04
7.5513E-04 8.0000E-04
7.4485E-04 8.0000E-04
4.1095E-04 8.0000E-04
2.7428E-04 8.0000E-04
4.1553E-04 8.0000E-04
7.3653E-04 8.0000E-04
2.9036E-04 8.0000E-04
3.4668E-04 8.0000E-04
4.7796E-04 8.0000E-04
6.9708E-04 8.0000E-04
8.1510E-04 8.0000E-04
3.9946E-04 8.0000E-04
5.6166E-04 8.0000E-04
3.9500E-04 8.0000E-04
3.6456E-04 8.0000E-04
8.8917E-04 8.0000E-04
3.3911E-04 8.0000E-04
1.6948E-04 8.0000E-04
7.1466E-04 8.0000E-04
4.2578E-04 8.0000E-04
5.6002E-05 8.0000E-04
2.4983E-04 8.0000E-04
2.9073E-04 8.0000E-04
5.8277E-04 8.0000E-04
8.7740E-04 8.0000E-04
1.3261E-04 8.0000E-04
1.6039E-04 8.0000E-04
2.9964E-04 8.0000E-04
8.2949E-04 8.0000E-04
2.3115E-04 8.0000E-04
1.6374E-04 8.0000E-04
4.4168E-04 8.0000E-04
6.2543E-04 8.0000E-04
4.0727E-04 8.0000E-04
2.8786E-04 8.0000E-04
3.9750E-04 8.0000E-04
5.9624E-04 8.0000E-04
5.7165E-04 8.0000E-04
5.5828E-04 8.0000E-04
2.9349E-04 8.0000E-04
1.5250E-04 8.0000E-04
6.7453E-04 8.0000E-04
5.2147E-04 8.0000E-04
2.0030E-04 8.0000E-04
5.7989E-04 8.0000E-04
5.9821E-04 8.0000E-04
1.4219E-04 8.0000E-04
3.5947E-04 8.0000E-04
2.4794E-04 8.0000E-04
9.7073E-04 8.0000E-04
6.2763E-04 8.0000E-04
1.5358E-04 8.0000E-04
2.8456E-04 8.0000E-04
2.8025E-04 8.0000E-04
9.4977E-04 8.0000E-04
6.7232E-04 8.0000E-04
2.3325E-04 8.0000E-04
3.9769E-04 8.0000E-04
4.3840E-04 8.0000E-04
8.4941E-04 8.0000E-04
2.9856E-04 8.0000E-04
2.1511E-04 8.0000E-04
5.0656E-04 8.0000E-04
1.0510E-03 8.0000E-04
6.7741E-05 8.0000E-04
2.8973E-04 8.0000E-04
3.7259E-04 8.0000E-04
9.1113E-04 8.0000E-04
1.1195E-03 8.0000E-04
1.0596E-04 8.0000E-04
1.1384E-04 8.0000E-04
4.1617E-04 8.0000E-04
1.0623E-03 8.0000E-04
3.2807E-04 8.0000E-04
2.4933E-04 8.0000E-04
4.7596E-04 8.0000E-04
7.5297E-04 8.0000E-04
1.0505E-03 8.0000E-04
1.6188E-04 8.0000E-04
2.6604E-04 8.0000E-04
3.5467E-04 8.0000E-04
1.0643E-03 8.0000E-04
5.2809E-04 8.0000E-04
2.8474E-04 8.0000E-04
5.4294E-04 8.0000E-04
9.3897E-04 8.0000E-04
2.2863E-04 8.0000E-04
2.9008E-04 8.0000E-04
2.8494E-04 8.0000E-04
8.2868E-04 8.0000E-04
5.4544E-04 8.0000E-04
4.4502E-04 8.0000E-04
3.2425E-04 8.0000E-04
4.1696E-04 8.0000E-04
4.3654E-04 8.0000E-04
9.6051E-04 8.0000E-04
1.3086E-04 8.0000E-04
1.3321E-04 8.0000E-04
3.3595E-04 8.0000E-04
6.7249E-04 8.0000E-04
1.0725E-03 8.0000E-04
3.7561E-04 8.0000E-04
1.1295E-04 8.0000E-04
3.8287E-04 8.0000E-04
6.4039E-04 8.0000E-04
2.1437E-04 8.0000E-04
4.3889E-04 8.0000E-04
4.3343E-04 8.0000E-04
7.3250E-04 8.0000E-04
4.7327E-04 8.0000E-04
1.3989E-04 8.0000E-04
2.3314E-04 8.0000E-04
3.7249E-04 8.0000E-04
4.3093E-04 8.0000E-04
8.4574E-04 8.0000E-04
6.3762E-04 8.0000E-04
1.6924E-04 8.0000E-04
7.2144E-04 8.0000E-04
3.6443E-04 8.0000E-04
1.0394E-04 8.0000E-04
4.0534E-04 8.0000E-04
4.6058E-04 8.0000E-04
6.9897E-04 8.0000E-04
4.0905E-04 8.0000E-04
1.5003E-04 8.0000E-04
3.6583E-04 8.0000E-04
2.6478E-04 8.0000E-04
4.6274E-04 8.0000E-04
7.2256E-04 8.0000E-04
6.7453E-04 8.0000E-04
3.1958E-04 8.0000E-04
5.6335E-04 8.0000E-04
4.0875E-04 8.0000E-04
2.5117E-04 8.0000E-04
6.2101E-04 8.0000E-04
5.7629E-04 8.0000E-04
1.3126E-04 8.0000E-04
4.8227E-04 8.0000E-04
2.0447E-04 8.0000E-04
6.1755E-04 8.0000E-04
5.8046E-04 8.0000E-04
5.6909E-04 8.0000E-04
7.7883E-05 8.0000E-04
3.6950E-04 8.0000E-04
4.6440E-04 8.0000E-04
4.1723E-04 8.0000E-04
3.7717E-04 8.0000E-04
4.9481E-04 8.0000E-04
7.0011E-04 8.0000E-04
3.4695E-04 8.0000E-04
2.7903E-04 8.0000E-04
3.5052E-04 8.0000E-04
5.7872E-04 8.0000E-04
5.9434E-04 8.0000E-04
2.1957E-04 8.0000E-04
5.2678E-04 8.0000E-04
3.7730E-04 8.0000E-04
4.4345E-04 8.0000E-04
7.6208E-04 8.0000E-04
4.3554E-04 8.0000E-04
2.5391E-04 8.0000E-04
5.9720E-04 8.0000E-04
3.4849E-04 8.0000E-04
7.0175E-04 8.0000E-04
1.3141E-03 8.0000E-04
3.5673E-04 8.0000E-04
2.7624E-04 8.0000E-04
5.4307E-04 8.0000E-04
2.1435E-04 8.0000E-04
1.7149E-04 8.0000E-04
4.0132E-04 8.0000E-04
1.0173E-03 8.0000E-04
2.0104E-04 8.0000E-04
1.2135E-03 8.0000E-04
3.7754E-04 8.0000E-04
4.4941E-04 8.0000E-04
8.8888E-04 8.0000E-04
2.4027E-04 8.0000E-04
3.0401E-04 8.0000E-04
6.5745E-04 8.0000E-04
4.9953E-04 8.0000E-04
1.0618E-04 8.0000E-04
6.0682E-04 8.0000E-04
4.1775E-04 8.0000E-04
3.9041E-04 8.0000E-04
5.7623E-04 8.0000E-04
1.2304E-03 8.0000E-04
3.1067E-04 8.0000E-04
2.5127E-04 8.0000E-04
4.2594E-04 8.0000E-04
8.8078E-04 8.0000E-04
3.9797E-04 8.0000E-04
2.7543E-04 8.0000E-04
4.4306E-04 8.0000E-04
4.1997E-04 8.0000E-04
2.2167E-04 8.0000E-04
7.7881E-04 8.0000E-04
3.0347E-04 8.0000E-04
3.8946E-04 8.0000E-04
3.6789E-04 8.0000E-04
1.0512E-03 8.0000E-04
3.9515E-04 8.0000E-04
1.7987E-04 8.0000E-04
5.4933E-04 8.0000E-04
1.3698E-03 8.0000E-04
6.6861E-05 8.0000E-04
1.5747E-04 8.0000E-04
4.5963E-04 8.0000E-04
6.2596E-04 8.0000E-04
5.9548E-04 8.0000E-04
2.3687E-04 8.0000E-04
8.1181E-04 8.0000E-04
2.2835E-04 8.0000E-04
6.2939E-04 8.0000E-04
7.5078E-04 8.0000E-04
1.5095E-04 8.0000E-04
5.7769E-04 8.0000E-04
1.1134E-03 8.0000E-04
1.5251E-04 8.0000E-04
1.8823E-04 8.0000E-04
6.5695E-04 8.0000E-04
4.6114E-04 8.0000E-04
1.2466E-03 8.0000E-04
6.9530E-04 8.0000E-04
1.9636E-04 8.0000E-04
6.5382E-04 8.0000E-04
5.6879E-04 8.0000E-04
7.2647E-04 8.0000E-04
5.9714E-04 8.0000E-04
5.0371E-04 8.0000E-04
5.9233E-04 8.0000E-04
5.9233E-04 8.0000E-04
9.6689E-10 8.0000E-04
3.6152E-05 8.0000E-04
1.3254E-05 8.0000E-04
5.8965E-05 8.0000E-04
6.2388E-05 8.0000E-04
1.0231E-04 8.0000E-04
7.8395E-05 8.0000E-04
8.0670E-05 8.0000E-04
9.6670E-05 8.0000E-04
2.1149E-04 8.0000E-04
6.2728E-05 8.0000E-04
8.0383E-05 8.0000E-04
1.1010E-04 8.0000E-04
3.0090E-04 8.0000E-04
7.7592E-05 8.0000E-04
7.9147E-05 8.0000E-04
1.2471E-04 8.0000E-04
3.0686E-04 8.0000E-04
2.8680E-04 8.0000E-04
7.2938E-05 8.0000E-04
1.9255E-04 8.0000E-04
1.8225E-04 8.0000E-04
2.3639E-04 8.0000E-04
3.9058E-04 8.0000E-04
1.9873E-04 8.0000E-04
1.6087E-04 8.0000E-04
3.5107E-04 8.0000E-04
4.2016E-04 8.0000E-04
1.3248E-04 8.0000E-04
2.0097E-04 8.0000E-04
2.8409E-04 8.0000E-04
5.8317E-04 8.0000E-04
5.3812E-04 8.0000E-04
1.8210E-04 8.0000E-04
4.0099E-04 8.0000E-04
3.2151E-04 8.0000E-04
3.9844E-04 8.0000E-04
6.9967E-04 8.0000E-04
5.8614E-04 8.0000E-04
4.3189E-04 8.0000E-04
1.2233E-03 8.0000E-04
7.0608E-04 8.0000E-04
6.2758E-05 8.0000E-04
5.4056E-04 8.0000E-04
6.7958E-04 8.0000E-04
2.1245E-03 8.0000E-04
5.4521E-04 8.0000E-04
6.8438E-04 8.0000E-04
9.3525E-04 8.0000E-04
1.0735E-03 8.0000E-04
5.7165E-04 8.0000E-04
1.2657E-03 8.0000E-04
1.1658E-03 8.0000E-04
6.6222E-04 8.0000E-04
2.4756E-03 8.0000E-04
8.4935E-04 8.0000E-04
1.8604E-03 8.0000E-04
8.3173E-04 8.0000E-04
1.1863E-03 8.0000E-04
8.9827E-04 8.0000E-04
4.0467E-04 8.0000E-04
1.2586E-03 8.0000E-04
1.0935E-03 8.0000E-04
9.3108E-04 8.0000E-04
1.4865E-03 8.0000E-04
1.2954E-03 8.0000E-04
1.6201E-04 8.0000E-04
2.9140E-04 8.0000E-04
5.5155E-04 8.0000E-04
5.9033E-04 8.0000E-04
1.9816E-03 8.0000E-04
9.1506E-04 8.0000E-04
2.0004E-04 8.0000E-04
4.1528E-04 8.0000E-04
7.5979E-04 8.0000E-04
9.0372E-04 8.0000E-04
4.0080E-04 8.0000E-04
6.7919E-04 8.0000E-04
6.1885E-04 8.0000E-04
4.6585E-04 8.0000E-04
5.5984E-04 8.0000E-04
3.2618E-04 8.0000E-04
3.3663E-04 8.0000E-04
6.6251E-04 8.0000E-04
2.4398E-04 8.0000E-04
2.5147E-04 8.0000E-04
4.4538E-04 8.0000E-04
5.9563E-04 8.0000E-04
1.6611E-04 8.0000E-04
2.4480E-04 8.0000E-04
6.4412E-04 8.0000E-04
5.3198E-04 8.0000E-04
3.4276E-04 8.0000E-04
2.5185E-04 8.0000E-04
1.9343E-04 8.0000E-04
4.4060E-04 8.0000E-04
6.3294E-04 8.0000E-04
2.8885E-04 8.0000E-04
3.7138E-04 8.0000E-04
2.7833E-04 8.0000E-04
3.0921E-04 8.0000E-04
3.4571E-04 8.0000E-04
1.9359E-04 8.0000E-04
3.0774E-04 8.0000E-04
4.3827E-04 8.0000E-04
3.2094E-04 8.0000E-04
1.1054E-04 8.0000E-04
3.4821E-04 8.0000E-04
4.1560E-04 8.0000E-04
2.5520E-04 8.0000E-04
2.4306E-04 8.0000E-04
3.1393E-04 8.0000E-04
6.2492E-04 8.0000E-04
1.6778E-04 8.0000E-04
1.2850E-04 8.0000E-04
1.8843E-04 8.0000E-04
4.2450E-04 8.0000E-04
2.8635E-04 8.0000E-04
4.4460E-04 8.0000E-04
2.0254E-04 8.0000E-04
3.6606E-04 8.0000E-04
2.0756E-04 8.0000E-04
1.2180E-04 8.0000E-04
2.5087E-04 8.0000E-04
3.1649E-04 8.0000E-04
1.6697E-04 8.0000E-04
3.2362E-04 8.0000E-04
2.0427E-04 8.0000E-04
2.3815E-04 8.0000E-04
4.1587E-04 8.0000E-04
1.2533E-04 8.0000E-04
5.9047E-05 8.0000E-04
2.1638E-04 8.0000E-04
2.0997E-04 8.0000E-04
2.8911E-04 8.0000E-04
3.6035E-04 8.0000E-04
2.9259E-04 8.0000E-04
6.0532E-05 8.0000E-04
1.4612E-04 8.0000E-04
1.3506E-04 8.0000E-04
