563.1
181.1
185.4
177.9
201.4
181.7
173.1
162.2
161.2
177.5
162.4
169.1
164.5
164.6
162.2
165.4
162.5
153.1
162.6
167.5
161.8
169.5
162.1
167.1
159.9
162.1
169.4
133.1
129.5
155.7
134.6
163.6
170.1
167.3
169.8
158.0
135.8
129.7
162.4
135.5
169.0
163.9
132.6
134.4
166.3
169.8
165.3
130.3
134.4
128.0
129.7
169.8
137.3
136.1
170.4
170.0
135.5
165.9
135.1
168.9
169.0
170.1
172.6
182.6
206.5
167.9
162.8
206.2
181.5
186.1
190.1
185.0
179.5
155.2
184.2
168.2
168.9
168.7
157.6
162.1
163.8
169.4
162.2
170.6
169.1
157.9
164.1
127.9
133.3
168.5
162.4
131.1
134.5
128.8
128.6
135.2
128.4
132.9
137.2
134.5
137.5
134.4
133.6
172.0
129.0
117.9
136.5
130.1
135.0
134.4
135.9
136.4
127.6
134.5
135.1
135.3
135.4
131.1
136.5
122.7
139.1
137.5
137.2
131.6
135.6
136.7
136.4
125.4
135.0
132.1
133.0
118.6
139.9
119.2
166.5
137.1
119.7
135.2
119.9
137.1
140.0
121.4
131.1
137.9
136.5
129.0
129.7
130.4
137.3
117.3
120.1
119.5
173.6
137.1
114.1
118.4
123.3
142.9
141.8
125.1
141.3
128.2
139.5
141.1
135.2
141.5
141.2
139.7
140.4
141.1
141.0
123.0
116.1
123.5
169.6
135.0
140.4
134.8
123.4
121.2
176.0
123.0
125.8
145.1
134.7
140.9
125.0
121.8
133.8
131.9
116.7
122.7
152.2
140.3
139.3
121.1
140.7
138.1
124.7
134.9
139.5
122.2
135.0
122.8
123.5
128.2
122.2
135.2
115.1
124.7
151.0
116.4
121.8
122.2
124.9
124.0
139.7
117.2
122.0
133.3
138.9
122.6
133.0
120.1
123.0
150.6
121.7
121.8
121.1
121.7
156.0
121.2
121.1
120.9
157.2
131.5
120.4
138.7
121.6
120.5
122.4
155.7
122.7
134.4
121.6
120.6
135.2
140.8
121.2
134.0
118.4
120.0
140.2
118.2
123.3
137.7
121.9
151.7
133.1
121.0
120.8
139.7
116.6
116.0
122.3
157.4
114.7
131.0
122.8
116.1
139.5
117.6
123.0
115.6
117.3
121.7
157.8
124.3
122.7
122.6
119.4
122.7
151.4
121.4
134.5
123.2
122.3
125.4
124.4
124.6
157.5
122.9
122.0
132.3
123.0
115.9
117.0
119.4
122.9
121.5
157.3
123.1
133.9
123.1
121.4
121.7
125.9
120.5
120.7
155.8
119.4
120.1
132.2
139.3
139.6
122.6
138.8
649.6
121.7
106.7
105.4
106.5
104.4
98.8
103.8
106.9
105.4
104.5
105.6
105.5
106.3
105.8
105.0
106.6
106.1
106.3
155.0
116.1
115.3
106.7
107.5
104.6
105.2
105.7
106.2
105.9
98.9
123.3
107.0
106.6
105.2
120.2
105.6
106.0
107.2
106.3
105.9
104.7
105.9
104.0
105.4
106.3
138.1
105.2
119.9
123.1
105.2
105.9
104.7
121.8
120.1
106.6
121.8
105.2
105.4
123.8
121.2
123.3
121.5
121.0
104.0
120.0
114.2
154.0
121.5
121.3
122.4
122.3
121.0
121.6
120.5
119.8
147.3
121.8
154.1
120.5
121.3
120.8
120.2
121.5
122.3
122.9
121.0
124.4
106.5
105.7
137.9
121.5
153.5
121.9
105.3
120.1
122.6
119.8
120.8
121.2
123.4
121.2
119.3
121.1
122.8
123.1
120.9
106.4
121.7
122.1
104.3
107.3
105.7
121.6
121.4
103.8
104.4
106.9
136.6
104.6
122.5
105.4
103.8
105.5
137.0
105.4
123.0
104.3
104.5
103.8
104.6
103.7
106.0
103.8
120.6
103.8
106.0
105.9
106.7
138.8
105.5
106.2
103.5
106.1
106.9
106.4
141.4
104.8
104.8
105.5
107.3
105.8
139.0
106.5
105.6
107.0
108.4
104.7
107.6
106.3
104.5
106.6
106.5
