RMS Step   Target
2.8715E-04 8.0000E-04
2.8715E-03 8.0000E-04
1.3184E-03 8.0000E-04
2.1465E-03 8.0000E-04
3.1303E-03 8.0000E-04
2.2241E-03 8.0000E-04
1.0710E-03 8.0000E-04
8.8585E-04 8.0000E-04
1.4487E-03 8.0000E-04
9.9188E-04 8.0000E-04
4.2542E-04 8.0000E-04
1.0026E-03 8.0000E-04
1.2364E-03 8.0000E-04
9.8012E-04 8.0000E-04
7.8177E-04 8.0000E-04
7.7606E-04 8.0000E-04
1.1613E-03 8.0000E-04
7.9103E-04 8.0000E-04
6.0325E-04 8.0000E-04
6.4681E-04 8.0000E-04
9.7108E-04 8.0000E-04
9.2392E-04 8.0000E-04
9.6787E-04 8.0000E-04
8.8788E-04 8.0000E-04
7.8370E-04 8.0000E-04
4.4565E-04 8.0000E-04
4.1442E-04 8.0000E-04
6.6292E-04 8.0000E-04
5.1322E-04 8.0000E-04
4.7869E-04 8.0000E-04
6.7834E-04 8.0000E-04
1.0064E-03 8.0000E-04
1.2566E-04 8.0000E-04
1.5135E-04 8.0000E-04
3.0739E-04 8.0000E-04
7.1303E-04 8.0000E-04
4.9582E-04 8.0000E-04
4.6702E-04 8.0000E-04
6.5329E-04 8.0000E-04
8.2811E-04 8.0000E-04
1.1822E-04 8.0000E-04
1.0992E-04 8.0000E-04
2.6369E-04 8.0000E-04
5.3394E-04 8.0000E-04
1.1555E-03 8.0000E-04
1.6588E-04 8.0000E-04
1.5455E-04 8.0000E-04
2.8391E-04 8.0000E-04
4.5953E-04 8.0000E-04
8.1837E-04 8.0000E-04
4.2618E-04 8.0000E-04
1.6037E-04 8.0000E-04
2.0513E-04 8.0000E-04
3.3977E-04 8.0000E-04
5.7971E-04 8.0000E-04
4.8429E-04 8.0000E-04
4.3739E-04 8.0000E-04
3.1538E-04 8.0000E-04
5.2499E-04 8.0000E-04
5.5631E-04 8.0000E-04
1.8151E-04 8.0000E-04
1.9807E-04 8.0000E-04
3.0415E-04 8.0000E-04
6.6771E-04 8.0000E-04
5.3987E-04 8.0000E-04
1.3172E-04 8.0000E-04
4.4348E-04 8.0000E-04
3.3705E-04 8.0000E-04
5.2242E-04 8.0000E-04
5.3859E-04 8.0000E-04
6.2740E-04 8.0000E-04
1.0656E-04 8.0000E-04
1.5686E-04 8.0000E-04
3.4414E-04 8.0000E-04
8.1440E-04 8.0000E-04
4.3804E-04 8.0000E-04
3.6402E-04 8.0000E-04
4.5257E-04 8.0000E-04
6.1843E-04 8.0000E-04
1.1819E-04 8.0000E-04
1.6422E-04 8.0000E-04
2.5563E-04 8.0000E-04
6.2919E-04 8.0000E-04
4.2028E-04 8.0000E-04
4.2472E-04 8.0000E-04
4.7873E-04 8.0000E-04
7.9814E-04 8.0000E-04
2.1485E-04 8.0000E-04
4.6868E-04 8.0000E-04
2.5417E-04 8.0000E-04
3.6496E-04 8.0000E-04
7.1839E-04 8.0000E-04
9.2797E-04 8.0000E-04
2.0664E-04 8.0000E-04
3.8079E-04 8.0000E-04
3.1196E-04 8.0000E-04
7.4896E-04 8.0000E-04
4.6836E-04 8.0000E-04
3.7535E-04 8.0000E-04
7.6701E-04 8.0000E-04
5.5760E-04 8.0000E-04
2.3555E-04 8.0000E-04
1.0890E-03 8.0000E-04
5.0628E-04 8.0000E-04
2.8829E-04 8.0000E-04
6.8803E-04 8.0000E-04
3.5101E-04 8.0000E-04
9.8011E-04 8.0000E-04
2.5094E-04 8.0000E-04
3.6474E-04 8.0000E-04
7.7383E-04 8.0000E-04
1.5248E-03 8.0000E-04
4.0573E-04 8.0000E-04
8.1654E-04 8.0000E-04
1.9530E-04 8.0000E-04
6.8581E-04 8.0000E-04
1.0143E-03 8.0000E-04
1.3673E-03 8.0000E-04
3.6485E-04 8.0000E-04
2.1983E-03 8.0000E-04
4.8616E-04 8.0000E-04
4.4275E-04 8.0000E-04
1.9240E-03 8.0000E-04
1.8414E-04 8.0000E-04
1.1041E-03 8.0000E-04
1.2900E-03 8.0000E-04
1.5659E-03 8.0000E-04
6.5716E-04 8.0000E-04
8.7023E-04 8.0000E-04
9.6975E-04 8.0000E-04
8.6088E-04 8.0000E-04
1.0375E-03 8.0000E-04
8.7841E-04 8.0000E-04
3.3961E-04 8.0000E-04
1.6445E-03 8.0000E-04
3.7505E-04 8.0000E-04
6.8344E-04 8.0000E-04
8.8718E-04 8.0000E-04
5.1309E-04 8.0000E-04
1.0263E-03 8.0000E-04
8.0673E-04 8.0000E-04
2.8569E-04 8.0000E-04
1.5981E-03 8.0000E-04
4.9093E-04 8.0000E-04
4.7762E-04 8.0000E-04
9.1375E-04 8.0000E-04
6.1358E-04 8.0000E-04
8.2428E-04 8.0000E-04
8.3203E-04 8.0000E-04
4.4956E-04 8.0000E-04
6.0527E-04 8.0000E-04
4.9444E-04 8.0000E-04
7.0226E-04 8.0000E-04
4.0324E-04 8.0000E-04
9.1612E-04 8.0000E-04
1.9510E-04 8.0000E-04
4.9208E-04 8.0000E-04
6.1943E-04 8.0000E-04
7.8549E-04 8.0000E-04
3.1522E-04 8.0000E-04
4.1523E-04 8.0000E-04
3.3608E-04 8.0000E-04
3.7469E-04 8.0000E-04
4.4061E-04 8.0000E-04
4.4771E-04 8.0000E-04
3.5197E-04 8.0000E-04
5.5686E-04 8.0000E-04
3.6304E-04 8.0000E-04
1.5009E-04 8.0000E-04
4.6590E-04 8.0000E-04
3.7161E-04 8.0000E-04
3.7066E-04 8.0000E-04
6.0270E-04 8.0000E-04
6.2742E-04 8.0000E-04
2.2808E-04 8.0000E-04
3.8334E-04 8.0000E-04
3.6256E-04 8.0000E-04
5.1640E-04 8.0000E-04
8.7804E-04 8.0000E-04
2.7991E-04 8.0000E-04
6.7619E-05 8.0000E-04
2.5298E-04 8.0000E-04
3.5079E-04 8.0000E-04
3.1963E-04 8.0000E-04
8.1709E-04 8.0000E-04
3.5594E-04 8.0000E-04
1.1709E-04 8.0000E-04
2.9050E-04 8.0000E-04
3.7052E-04 8.0000E-04
5.4204E-04 8.0000E-04
4.2107E-04 8.0000E-04
3.6612E-04 8.0000E-04
2.0119E-04 8.0000E-04
1.8672E-04 8.0000E-04
2.2030E-04 8.0000E-04
2.6795E-04 8.0000E-04
4.8670E-04 8.0000E-04
3.8582E-04 8.0000E-04
1.4972E-04 8.0000E-04
2.1126E-04 8.0000E-04
4.3437E-04 8.0000E-04
2.0117E-04 8.0000E-04
4.7871E-04 8.0000E-04
2.4372E-04 8.0000E-04
3.7287E-04 8.0000E-04
5.5961E-04 8.0000E-04
1.1967E-04 8.0000E-04
9.4060E-05 8.0000E-04
2.2353E-04 8.0000E-04
4.3726E-04 8.0000E-04
1.4719E-04 8.0000E-04
3.5856E-04 8.0000E-04
2.5483E-04 8.0000E-04
4.6740E-04 8.0000E-04
7.0650E-04 8.0000E-04
9.7214E-05 8.0000E-04
4.9832E-05 8.0000E-04
