RMS Grad   Target
3.4697E-03 2.0000E-04
3.1367E-03 2.0000E-04
9.0238E-04 2.0000E-04
6.6580E-04 2.0000E-04
6.8823E-04 2.0000E-04
8.7733E-04 2.0000E-04
4.6860E-04 2.0000E-04
2.8610E-04 2.0000E-04
2.7490E-04 2.0000E-04
3.2683E-04 2.0000E-04
2.2553E-04 2.0000E-04
1.7023E-04 2.0000E-04
1.7550E-04 2.0000E-04
2.7066E-04 2.0000E-04
1.5404E-04 2.0000E-04
1.1955E-04 2.0000E-04
1.4313E-04 2.0000E-04
1.7396E-04 2.0000E-04
1.1636E-04 2.0000E-04
9.9723E-05 2.0000E-04
1.1168E-04 2.0000E-04
1.1452E-04 2.0000E-04
9.8432E-05 2.0000E-04
9.9743E-05 2.0000E-04
1.1026E-04 2.0000E-04
9.4365E-05 2.0000E-04
6.8103E-05 2.0000E-04
6.9095E-05 2.0000E-04
9.2989E-05 2.0000E-04
6.4809E-05 2.0000E-04
6.5061E-05 2.0000E-04
8.1465E-05 2.0000E-04
1.1113E-04 2.0000E-04
4.8368E-05 2.0000E-04
4.5114E-05 2.0000E-04
5.2845E-05 2.0000E-04
9.9835E-05 2.0000E-04
4.9415E-05 2.0000E-04
4.3133E-05 2.0000E-04
5.4567E-05 2.0000E-04
1.0847E-04 2.0000E-04
4.0604E-05 2.0000E-04
3.1926E-05 2.0000E-04
4.7659E-05 2.0000E-04
6.0133E-05 2.0000E-04
1.3605E-04 2.0000E-04
3.8837E-05 2.0000E-04
2.6763E-05 2.0000E-04
3.6337E-05 2.0000E-04
4.6444E-05 2.0000E-04
7.2778E-05 2.0000E-04
3.9201E-05 2.0000E-04
2.8478E-05 2.0000E-04
3.4801E-05 2.0000E-04
4.5960E-05 2.0000E-04
4.1527E-05 2.0000E-04
3.2732E-05 2.0000E-04
3.2367E-05 2.0000E-04
3.4076E-05 2.0000E-04
3.6769E-05 2.0000E-04
5.0638E-05 2.0000E-04
2.8039E-05 2.0000E-04
2.6477E-05 2.0000E-04
3.4307E-05 2.0000E-04
5.2608E-05 2.0000E-04
3.4414E-05 2.0000E-04
2.8961E-05 2.0000E-04
2.5281E-05 2.0000E-04
3.1002E-05 2.0000E-04
2.7926E-05 2.0000E-04
3.5969E-05 2.0000E-04
3.9461E-05 2.0000E-04
2.3906E-05 2.0000E-04
2.5548E-05 2.0000E-04
3.2163E-05 2.0000E-04
4.2788E-05 2.0000E-04
2.3701E-05 2.0000E-04
2.2094E-05 2.0000E-04
2.7237E-05 2.0000E-04
4.4883E-05 2.0000E-04
2.3648E-05 2.0000E-04
2.3578E-05 2.0000E-04
2.6440E-05 2.0000E-04
4.3089E-05 2.0000E-04
2.4192E-05 2.0000E-04
2.3033E-05 2.0000E-04
3.2639E-05 2.0000E-04
3.0920E-05 2.0000E-04
2.1655E-05 2.0000E-04
2.5954E-05 2.0000E-04
2.4991E-05 2.0000E-04
2.5476E-05 2.0000E-04
2.8342E-05 2.0000E-04
4.8471E-05 2.0000E-04
2.4267E-05 2.0000E-04
2.0592E-05 2.0000E-04
2.2241E-05 2.0000E-04
3.3507E-05 2.0000E-04
2.1379E-05 2.0000E-04
2.1551E-05 2.0000E-04
3.5309E-05 2.0000E-04
2.8019E-05 2.0000E-04
2.1085E-05 2.0000E-04
3.4427E-05 2.0000E-04
4.4634E-05 2.0000E-04
2.3869E-05 2.0000E-04
2.4260E-05 2.0000E-04
2.7364E-05 2.0000E-04
5.2148E-05 2.0000E-04
2.2449E-05 2.0000E-04
2.1577E-05 2.0000E-04
2.6377E-05 2.0000E-04
6.5044E-05 2.0000E-04
3.2360E-05 2.0000E-04
4.3943E-05 2.0000E-04
2.9806E-05 2.0000E-04
2.8635E-05 2.0000E-04
4.2980E-05 2.0000E-04
4.8659E-05 2.0000E-04
3.2383E-05 2.0000E-04
5.9736E-05 2.0000E-04
4.3805E-05 2.0000E-04
3.0184E-05 2.0000E-04
4.8677E-05 2.0000E-04
3.9355E-05 2.0000E-04
3.6996E-05 2.0000E-04
6.2580E-05 2.0000E-04
4.8568E-05 2.0000E-04
5.1613E-05 2.0000E-04
3.6839E-05 2.0000E-04
4.5600E-05 2.0000E-04
5.0074E-05 2.0000E-04
6.6024E-05 2.0000E-04
4.2349E-05 2.0000E-04
3.9633E-05 2.0000E-04
5.9847E-05 2.0000E-04
4.8689E-05 2.0000E-04
3.8493E-05 2.0000E-04
4.1599E-05 2.0000E-04
4.5426E-05 2.0000E-04
5.6499E-05 2.0000E-04
5.0620E-05 2.0000E-04
4.0547E-05 2.0000E-04
6.2435E-05 2.0000E-04
5.3457E-05 2.0000E-04
3.5205E-05 2.0000E-04
3.9344E-05 2.0000E-04
4.6158E-05 2.0000E-04
4.1196E-05 2.0000E-04
4.5468E-05 2.0000E-04
3.5732E-05 2.0000E-04
3.5862E-05 2.0000E-04
4.1340E-05 2.0000E-04
3.6932E-05 2.0000E-04
3.8306E-05 2.0000E-04
4.4522E-05 2.0000E-04
3.0608E-05 2.0000E-04
3.1416E-05 2.0000E-04
4.2556E-05 2.0000E-04
2.8670E-05 2.0000E-04
2.6627E-05 2.0000E-04
3.4221E-05 2.0000E-04
3.5030E-05 2.0000E-04
2.8555E-05 2.0000E-04
3.1503E-05 2.0000E-04
2.9988E-05 2.0000E-04
2.5604E-05 2.0000E-04
3.2300E-05 2.0000E-04
3.2103E-05 2.0000E-04
2.5507E-05 2.0000E-04
2.9525E-05 2.0000E-04
3.7763E-05 2.0000E-04
2.8109E-05 2.0000E-04
3.1769E-05 2.0000E-04
3.1766E-05 2.0000E-04
2.6899E-05 2.0000E-04
2.5029E-05 2.0000E-04
2.9755E-05 2.0000E-04
2.2742E-05 2.0000E-04
3.2042E-05 2.0000E-04
2.8526E-05 2.0000E-04
2.1577E-05 2.0000E-04
2.4157E-05 2.0000E-04
3.1366E-05 2.0000E-04
2.4610E-05 2.0000E-04
2.7723E-05 2.0000E-04
3.0332E-05 2.0000E-04
2.0652E-05 2.0000E-04
1.7793E-05 2.0000E-04
2.3606E-05 2.0000E-04
1.8680E-05 2.0000E-04
2.3338E-05 2.0000E-04
1.7667E-05 2.0000E-04
1.8465E-05 2.0000E-04
2.0288E-05 2.0000E-04
1.8066E-05 2.0000E-04
1.7254E-05 2.0000E-04
2.7052E-05 2.0000E-04
2.1028E-05 2.0000E-04
1.5720E-05 2.0000E-04
1.6522E-05 2.0000E-04
2.5285E-05 2.0000E-04
1.8019E-05 2.0000E-04
1.6602E-05 2.0000E-04
2.0290E-05 2.0000E-04
1.7567E-05 2.0000E-04
3.3480E-05 2.0000E-04
1.7281E-05 2.0000E-04
1.5547E-05 2.0000E-04
1.7586E-05 2.0000E-04
3.7922E-05 2.0000E-04
1.9300E-05 2.0000E-04
1.5070E-05 2.0000E-04
2.0509E-05 2.0000E-04
1.9614E-05 2.0000E-04
3.8926E-05 2.0000E-04
1.6149E-05 2.0000E-04
1.3925E-05 2.0000E-04
