665.9
164.4
206.6
185.0
193.9
201.2
202.0
166.9
165.9
158.3
166.3
164.3
153.0
165.8
165.9
152.1
158.4
166.6
167.1
167.4
168.4
169.3
167.4
169.5
162.7
169.5
137.7
134.3
166.0
135.9
128.0
162.8
163.0
128.0
134.3
136.5
164.3
128.5
127.7
170.5
162.0
127.9
133.1
134.3
135.6
135.8
136.1
134.2
128.3
134.0
136.8
170.0
127.0
136.4
137.4
134.4
135.7
122.0
134.4
134.3
132.6
132.7
136.2
136.1
137.2
156.2
135.0
130.3
135.8
133.6
134.5
133.5
132.8
128.0
133.5
126.8
128.6
137.3
125.7
135.2
115.4
137.7
132.4
133.9
133.6
137.3
127.0
134.5
133.0
132.9
132.8
132.7
133.6
124.8
109.7
137.0
127.6
134.3
131.8
135.0
124.0
137.1
133.6
131.3
133.2
134.0
127.4
125.9
128.1
120.5
135.0
133.7
136.1
131.1
132.3
127.5
132.0
126.4
127.6
131.3
133.3
133.2
134.6
133.9
135.9
134.8
136.4
166.3
129.8
133.9
133.7
135.4
121.9
128.5
135.2
129.1
133.4
137.9
137.4
136.8
134.9
127.3
133.9
134.2
136.6
134.0
132.3
134.3
126.0
121.7
132.4
134.7
126.6
134.1
133.6
135.6
132.4
126.9
127.8
126.2
132.9
128.5
128.8
126.5
136.2
132.8
128.9
132.3
134.3
116.6
133.4
127.7
116.5
126.3
134.3
116.4
131.8
132.9
131.7
126.1
131.7
116.3
125.9
133.4
116.2
129.6
131.2
117.6
109.8
143.8
132.3
133.5
134.2
116.5
115.2
114.1
116.4
114.8
115.2
111.9
115.8
114.6
115.6
131.8
115.7
115.0
132.4
116.2
115.0
107.1
131.1
113.7
114.7
141.2
116.1
130.1
106.9
114.1
