RMS Step   Target
2.2222E-03 1.2000E-03
6.4679E-03 1.2000E-03
7.4050E-03 1.2000E-03
7.1898E-03 1.2000E-03
6.6567E-03 1.2000E-03
4.1789E-03 1.2000E-03
6.6044E-03 1.2000E-03
7.6723E-03 1.2000E-03
4.7018E-03 1.2000E-03
1.7537E-03 1.2000E-03
1.9776E-03 1.2000E-03
3.4199E-03 1.2000E-03
7.4845E-03 1.2000E-03
2.5238E-03 1.2000E-03
2.2749E-03 1.2000E-03
2.9812E-03 1.2000E-03
4.1178E-03 1.2000E-03
8.2971E-04 1.2000E-03
4.9914E-04 1.2000E-03
1.2917E-03 1.2000E-03
2.0504E-03 1.2000E-03
2.3082E-03 1.2000E-03
3.8995E-04 1.2000E-03
4.4576E-04 1.2000E-03
8.1059E-04 1.2000E-03
1.7166E-03 1.2000E-03
3.0040E-04 1.2000E-03
1.5738E-04 1.2000E-03
1.5738E-04 1.2000E-03
