548.1
158.7
126.4
125.6
124.5
124.1
124.9
126.1
124.8
126.8
125.3
124.2
154.4
158.4
125.7
158.4
159.0
126.0
158.6
152.9
118.0
176.4
153.0
126.5
153.7
158.3
127.0
154.9
158.5
127.3
155.3
158.5
125.6
153.2
159.5
125.2
161.4
160.0
127.3
160.5
159.7
126.2
161.2
160.0
108.9
153.9
160.9
109.3
160.7
160.5
110.5
160.5
159.7
107.9
163.6
152.8
159.3
159.1
154.0
152.3
102.6
152.0
159.3
109.4
159.9
159.9
159.7
158.4
160.3
158.6
152.7
158.8
153.5
154.2
108.7
153.8
158.9
160.1
153.2
159.3
160.3
109.8
163.0
153.5
153.2
