Max Step   Target
2.4977E-03 1.8000E-02
1.2774E-01 1.8000E-02
5.8731E-02 1.8000E-02
2.4371E-01 1.8000E-02
8.7665E-02 1.8000E-02
3.9658E-02 1.8000E-02
5.1432E-02 1.8000E-02
0.0000E+00 1.8000E-02
1.1210E-03 1.8000E-02
4.1422E-03 1.8000E-02
5.0473E-03 1.8000E-02
2.3081E-02 1.8000E-02
3.0456E-02 1.8000E-02
2.5165E-02 1.8000E-02
1.8592E-02 1.8000E-02
5.8063E-02 1.8000E-02
1.6319E-01 1.8000E-02
8.1861E-02 1.8000E-02
1.2267E-01 1.8000E-02
1.3287E-02 1.8000E-02
5.5295E-02 1.8000E-02
4.3462E-01 1.8000E-02
3.9728E-01 1.8000E-02
3.9860E-02 1.8000E-02
8.0330E-02 1.8000E-02
1.0085E-02 1.8000E-02
6.9091E-03 1.8000E-02
4.0585E-02 1.8000E-02
4.4182E-02 1.8000E-02
7.4684E-03 1.8000E-02
1.9922E-02 1.8000E-02
2.9350E-02 1.8000E-02
5.5964E-02 1.8000E-02
9.1387E-02 1.8000E-02
1.0203E-02 1.8000E-02
6.3979E-03 1.8000E-02
2.3642E-02 1.8000E-02
2.1339E-02 1.8000E-02
3.8839E-02 1.8000E-02
1.1797E-02 1.8000E-02
2.4730E-03 1.8000E-02
8.6022E-03 1.8000E-02
1.1309E-02 1.8000E-02
6.1679E-03 1.8000E-02
1.0404E-02 1.8000E-02
6.2973E-03 1.8000E-02
1.5839E-02 1.8000E-02
4.8184E-03 1.8000E-02
2.9534E-03 1.8000E-02
8.0098E-03 1.8000E-02
7.9561E-03 1.8000E-02
