RMS Grad   Target
3.3378E-03 2.0000E-04
2.9966E-03 2.0000E-04
7.8144E-04 2.0000E-04
5.3754E-04 2.0000E-04
4.8993E-04 2.0000E-04
5.6715E-04 2.0000E-04
2.7890E-04 2.0000E-04
2.1904E-04 2.0000E-04
2.2915E-04 2.0000E-04
4.3317E-04 2.0000E-04
1.6729E-04 2.0000E-04
1.4949E-04 2.0000E-04
1.8779E-04 2.0000E-04
3.0765E-04 2.0000E-04
1.5645E-04 2.0000E-04
1.1834E-04 2.0000E-04
1.5870E-04 2.0000E-04
2.4231E-04 2.0000E-04
1.4961E-04 2.0000E-04
1.2001E-04 2.0000E-04
1.5114E-04 2.0000E-04
1.4644E-04 2.0000E-04
1.6376E-04 2.0000E-04
1.2095E-04 2.0000E-04
1.0558E-04 2.0000E-04
1.3958E-04 2.0000E-04
1.0919E-04 2.0000E-04
8.0366E-05 2.0000E-04
8.4452E-05 2.0000E-04
9.3167E-05 2.0000E-04
7.5342E-05 2.0000E-04
8.6225E-05 2.0000E-04
1.1238E-04 2.0000E-04
8.1939E-05 2.0000E-04
8.2858E-05 2.0000E-04
8.7846E-05 2.0000E-04
6.1061E-05 2.0000E-04
5.7322E-05 2.0000E-04
7.0185E-05 2.0000E-04
7.2752E-05 2.0000E-04
1.3245E-04 2.0000E-04
5.8711E-05 2.0000E-04
4.1818E-05 2.0000E-04
5.5244E-05 2.0000E-04
9.5861E-05 2.0000E-04
7.4173E-05 2.0000E-04
4.5502E-05 2.0000E-04
5.1923E-05 2.0000E-04
6.7122E-05 2.0000E-04
5.0939E-05 2.0000E-04
7.7123E-05 2.0000E-04
4.9317E-05 2.0000E-04
4.0883E-05 2.0000E-04
5.8225E-05 2.0000E-04
7.5270E-05 2.0000E-04
4.6843E-05 2.0000E-04
3.8027E-05 2.0000E-04
4.5370E-05 2.0000E-04
1.1239E-04 2.0000E-04
5.4120E-05 2.0000E-04
4.3885E-05 2.0000E-04
6.4836E-05 2.0000E-04
1.2768E-04 2.0000E-04
2.8388E-04 2.0000E-04
3.3217E-04 2.0000E-04
3.6983E-04 2.0000E-04
5.3135E-04 2.0000E-04
7.2748E-04 2.0000E-04
3.3390E-04 2.0000E-04
3.1771E-04 2.0000E-04
3.3237E-04 2.0000E-04
4.7255E-04 2.0000E-04
2.0952E-04 2.0000E-04
1.2845E-04 2.0000E-04
1.3917E-04 2.0000E-04
3.8519E-04 2.0000E-04
1.1116E-04 2.0000E-04
8.8799E-05 2.0000E-04
9.7980E-05 2.0000E-04
2.4656E-04 2.0000E-04
7.8895E-05 2.0000E-04
5.2477E-05 2.0000E-04
6.5921E-05 2.0000E-04
7.7219E-05 2.0000E-04
1.0792E-04 2.0000E-04
5.0449E-05 2.0000E-04
4.8850E-05 2.0000E-04
6.2246E-05 2.0000E-04
1.1440E-04 2.0000E-04
4.7604E-05 2.0000E-04
4.0265E-05 2.0000E-04
5.0115E-05 2.0000E-04
8.4339E-05 2.0000E-04
6.1486E-05 2.0000E-04
4.2817E-05 2.0000E-04
5.5741E-05 2.0000E-04
6.1217E-05 2.0000E-04
4.5425E-05 2.0000E-04
6.3525E-05 2.0000E-04
4.9285E-05 2.0000E-04
4.0577E-05 2.0000E-04
5.0465E-05 2.0000E-04
6.0695E-05 2.0000E-04
3.3482E-05 2.0000E-04
2.7367E-05 2.0000E-04
3.7490E-05 2.0000E-04
4.9871E-05 2.0000E-04
5.8054E-05 2.0000E-04
2.8668E-05 2.0000E-04
3.1685E-05 2.0000E-04
3.5395E-05 2.0000E-04
8.7595E-05 2.0000E-04
2.9239E-05 2.0000E-04
2.5023E-05 2.0000E-04
3.2765E-05 2.0000E-04
5.6848E-05 2.0000E-04
2.9929E-05 2.0000E-04
2.4277E-05 2.0000E-04
3.5395E-05 2.0000E-04
4.6521E-05 2.0000E-04
3.6093E-05 2.0000E-04
3.5761E-05 2.0000E-04
2.7987E-05 2.0000E-04
2.8126E-05 2.0000E-04
5.3367E-05 2.0000E-04
3.5367E-05 2.0000E-04
2.7171E-05 2.0000E-04
3.0947E-05 2.0000E-04
4.9160E-05 2.0000E-04
2.8497E-05 2.0000E-04
2.4636E-05 2.0000E-04
2.8270E-05 2.0000E-04
4.7844E-05 2.0000E-04
4.6324E-05 2.0000E-04
2.6858E-05 2.0000E-04
2.7646E-05 2.0000E-04
2.8742E-05 2.0000E-04
3.8415E-05 2.0000E-04
4.2182E-05 2.0000E-04
2.6876E-05 2.0000E-04
2.7137E-05 2.0000E-04
2.9328E-05 2.0000E-04
3.9929E-05 2.0000E-04
2.3943E-05 2.0000E-04
2.6951E-05 2.0000E-04
3.3475E-05 2.0000E-04
6.6405E-05 2.0000E-04
2.6771E-05 2.0000E-04
2.2567E-05 2.0000E-04
2.6839E-05 2.0000E-04
3.9999E-05 2.0000E-04
4.4496E-05 2.0000E-04
2.2879E-05 2.0000E-04
2.5753E-05 2.0000E-04
3.0155E-05 2.0000E-04
6.6935E-05 2.0000E-04
2.3490E-05 2.0000E-04
2.0333E-05 2.0000E-04
2.8633E-05 2.0000E-04
3.8309E-05 2.0000E-04
4.0918E-05 2.0000E-04
2.2949E-05 2.0000E-04
2.5678E-05 2.0000E-04
2.9848E-05 2.0000E-04
4.4368E-05 2.0000E-04
2.4610E-05 2.0000E-04
2.3147E-05 2.0000E-04
2.6743E-05 2.0000E-04
5.6562E-05 2.0000E-04
2.5552E-05 2.0000E-04
2.0404E-05 2.0000E-04
2.4135E-05 2.0000E-04
3.9647E-05 2.0000E-04
2.9753E-05 2.0000E-04
1.9603E-05 2.0000E-04
2.3742E-05 2.0000E-04
2.5438E-05 2.0000E-04
2.5138E-05 2.0000E-04
5.2541E-05 2.0000E-04
2.2817E-05 2.0000E-04
1.9794E-05 2.0000E-04
2.6522E-05 2.0000E-04
2.7049E-05 2.0000E-04
3.6222E-05 2.0000E-04
2.2001E-05 2.0000E-04
2.1685E-05 2.0000E-04
2.6449E-05 2.0000E-04
4.4190E-05 2.0000E-04
2.1754E-05 2.0000E-04
2.0119E-05 2.0000E-04
2.1922E-05 2.0000E-04
2.7105E-05 2.0000E-04
3.0101E-05 2.0000E-04
1.9635E-05 2.0000E-04
2.1940E-05 2.0000E-04
2.8774E-05 2.0000E-04
2.2025E-05 2.0000E-04
2.5051E-05 2.0000E-04
2.3995E-05 2.0000E-04
2.1094E-05 2.0000E-04
2.9102E-05 2.0000E-04
2.9999E-05 2.0000E-04
2.0235E-05 2.0000E-04
1.7070E-05 2.0000E-04
2.0162E-05 2.0000E-04
2.5516E-05 2.0000E-04
2.5107E-05 2.0000E-04
1.9778E-05 2.0000E-04
2.4632E-05 2.0000E-04
2.1713E-05 2.0000E-04
1.9638E-05 2.0000E-04
2.5050E-05 2.0000E-04
2.3213E-05 2.0000E-04
1.8813E-05 2.0000E-04
2.2794E-05 2.0000E-04
2.4149E-05 2.0000E-04
1.9936E-05 2.0000E-04
2.1833E-05 2.0000E-04
2.9118E-05 2.0000E-04
2.0525E-05 2.0000E-04
1.7971E-05 2.0000E-04
2.1784E-05 2.0000E-04
1.9930E-05 2.0000E-04
3.8725E-05 2.0000E-04
1.7246E-05 2.0000E-04
1.5550E-05 2.0000E-04
1.8376E-05 2.0000E-04
3.0845E-05 2.0000E-04
1.9567E-05 2.0000E-04
1.8179E-05 2.0000E-04
2.1172E-05 2.0000E-04
3.6065E-05 2.0000E-04
2.1529E-05 2.0000E-04
2.0767E-05 2.0000E-04
1.9008E-05 2.0000E-04
2.2272E-05 2.0000E-04
2.3979E-05 2.0000E-04
1.8330E-05 2.0000E-04
2.0130E-05 2.0000E-04
2.3941E-05 2.0000E-04
2.0869E-05 2.0000E-04
2.9486E-05 2.0000E-04
2.3634E-05 2.0000E-04
1.9481E-05 2.0000E-04
2.3134E-05 2.0000E-04
2.6607E-05 2.0000E-04
1.8797E-05 2.0000E-04
2.0981E-05 2.0000E-04
2.3532E-05 2.0000E-04
1.8960E-05 2.0000E-04
2.6663E-05 2.0000E-04
2.1653E-05 2.0000E-04
1.9128E-05 2.0000E-04
2.3418E-05 2.0000E-04
3.0629E-05 2.0000E-04
2.2719E-05 2.0000E-04
2.2308E-05 2.0000E-04
2.4798E-05 2.0000E-04
1.8794E-05 2.0000E-04
1.9887E-05 2.0000E-04
2.1507E-05 2.0000E-04
1.9680E-05 2.0000E-04
3.2723E-05 2.0000E-04
2.2569E-05 2.0000E-04
1.7372E-05 2.0000E-04
2.0444E-05 2.0000E-04
2.9668E-05 2.0000E-04
2.0673E-05 2.0000E-04
1.9539E-05 2.0000E-04
3.0285E-05 2.0000E-04
2.0612E-05 2.0000E-04
1.5416E-05 2.0000E-04
1.7270E-05 2.0000E-04
2.3103E-05 2.0000E-04
1.8648E-05 2.0000E-04
1.6584E-05 2.0000E-04
2.2139E-05 2.0000E-04
2.1493E-05 2.0000E-04
1.6828E-05 2.0000E-04
2.2308E-05 2.0000E-04
2.6319E-05 2.0000E-04
1.9186E-05 2.0000E-04
2.2184E-05 2.0000E-04
3.1038E-05 2.0000E-04
2.0524E-05 2.0000E-04
1.4848E-05 2.0000E-04
1.7653E-05 2.0000E-04
4.6611E-05 2.0000E-04
1.8103E-05 2.0000E-04
1.5457E-05 2.0000E-04
1.8987E-05 2.0000E-04
3.7496E-05 2.0000E-04
2.0132E-05 2.0000E-04
1.7047E-05 2.0000E-04
2.5260E-05 2.0000E-04
2.5643E-05 2.0000E-04
1.9061E-05 2.0000E-04
2.2856E-05 2.0000E-04
2.0553E-05 2.0000E-04
1.8895E-05 2.0000E-04
5.1553E-05 2.0000E-04
1.9221E-05 2.0000E-04
1.5934E-05 2.0000E-04
2.0700E-05 2.0000E-04
4.5534E-05 2.0000E-04
3.9903E-05 2.0000E-04
2.6776E-05 2.0000E-04
1.4196E-05 2.0000E-04
2.0235E-05 2.0000E-04
2.2652E-05 2.0000E-04
3.6035E-05 2.0000E-04
2.0938E-05 2.0000E-04
2.0117E-05 2.0000E-04
2.9121E-05 2.0000E-04
2.9121E-05 2.0000E-04
2.9037E-05 2.0000E-04
2.5767E-05 2.0000E-04
1.6451E-05 2.0000E-04
1.6066E-05 2.0000E-04
1.8514E-05 2.0000E-04
2.0860E-05 2.0000E-04
1.3554E-05 2.0000E-04
1.3330E-05 2.0000E-04
1.5749E-05 2.0000E-04
2.7494E-05 2.0000E-04
1.3791E-05 2.0000E-04
1.4839E-05 2.0000E-04
1.6626E-05 2.0000E-04
3.7895E-05 2.0000E-04
1.5486E-05 2.0000E-04
1.4503E-05 2.0000E-04
1.6588E-05 2.0000E-04
2.7563E-05 2.0000E-04
1.9006E-05 2.0000E-04
1.3971E-05 2.0000E-04
1.8764E-05 2.0000E-04
2.2274E-05 2.0000E-04
1.7312E-05 2.0000E-04
2.4172E-05 2.0000E-04
2.0081E-05 2.0000E-04
1.9720E-05 2.0000E-04
2.2349E-05 2.0000E-04
3.2896E-05 2.0000E-04
1.7381E-05 2.0000E-04
1.7727E-05 2.0000E-04
2.1675E-05 2.0000E-04
3.3786E-05 2.0000E-04
2.1448E-05 2.0000E-04
1.6805E-05 2.0000E-04
2.6023E-05 2.0000E-04
2.9128E-05 2.0000E-04
2.3141E-05 2.0000E-04
2.7867E-05 2.0000E-04
2.9799E-05 2.0000E-04
2.7429E-05 2.0000E-04
4.0080E-05 2.0000E-04
4.0350E-05 2.0000E-04
2.6045E-05 2.0000E-04
2.6423E-05 2.0000E-04
3.2482E-05 2.0000E-04
5.0975E-05 2.0000E-04
3.4479E-05 2.0000E-04
2.8871E-05 2.0000E-04
3.4887E-05 2.0000E-04
4.8136E-05 2.0000E-04
3.6720E-05 2.0000E-04
3.8040E-05 2.0000E-04
4.2122E-05 2.0000E-04
3.5539E-05 2.0000E-04
3.6689E-05 2.0000E-04
6.0703E-05 2.0000E-04
4.6476E-05 2.0000E-04
6.3502E-05 2.0000E-04
4.3224E-05 2.0000E-04
3.6036E-05 2.0000E-04
3.7330E-05 2.0000E-04
7.1122E-05 2.0000E-04
4.0015E-05 2.0000E-04
3.7786E-05 2.0000E-04
4.6688E-05 2.0000E-04
7.3723E-05 2.0000E-04
3.3993E-05 2.0000E-04
3.0432E-05 2.0000E-04
3.6244E-05 2.0000E-04
5.0789E-05 2.0000E-04
6.6056E-05 2.0000E-04
3.2130E-05 2.0000E-04
3.2061E-05 2.0000E-04
3.9231E-05 2.0000E-04
5.0809E-05 2.0000E-04
3.8472E-05 2.0000E-04
3.2016E-05 2.0000E-04
3.6473E-05 2.0000E-04
4.1910E-05 2.0000E-04
2.9494E-05 2.0000E-04
3.1024E-05 2.0000E-04
3.2962E-05 2.0000E-04
2.8791E-05 2.0000E-04
4.1016E-05 2.0000E-04
2.9188E-05 2.0000E-04
2.8261E-05 2.0000E-04
3.6184E-05 2.0000E-04
4.1736E-05 2.0000E-04
2.4765E-05 2.0000E-04
2.4513E-05 2.0000E-04
3.1987E-05 2.0000E-04
3.3563E-05 2.0000E-04
3.0234E-05 2.0000E-04
2.2290E-05 2.0000E-04
2.2612E-05 2.0000E-04
3.3344E-05 2.0000E-04
2.7735E-05 2.0000E-04
2.3719E-05 2.0000E-04
2.3045E-05 2.0000E-04
2.6532E-05 2.0000E-04
2.1863E-05 2.0000E-04
2.6550E-05 2.0000E-04
2.0872E-05 2.0000E-04
2.1287E-05 2.0000E-04
3.3676E-05 2.0000E-04
2.2563E-05 2.0000E-04
1.7938E-05 2.0000E-04
1.9743E-05 2.0000E-04
3.6051E-05 2.0000E-04
2.1597E-05 2.0000E-04
1.8422E-05 2.0000E-04
2.0269E-05 2.0000E-04
3.9334E-05 2.0000E-04
1.8936E-05 2.0000E-04
1.6442E-05 2.0000E-04
1.9518E-05 2.0000E-04
3.2092E-05 2.0000E-04
1.7847E-05 2.0000E-04
1.6102E-05 2.0000E-04
1.6118E-05 2.0000E-04
1.9126E-05 2.0000E-04
1.7303E-05 2.0000E-04
1.4338E-05 2.0000E-04
1.9148E-05 2.0000E-04
2.0846E-05 2.0000E-04
1.4393E-05 2.0000E-04
1.3852E-05 2.0000E-04
1.6472E-05 2.0000E-04
1.5127E-05 2.0000E-04
3.0837E-05 2.0000E-04
1.4075E-05 2.0000E-04
1.2865E-05 2.0000E-04
1.4674E-05 2.0000E-04
1.9324E-05 2.0000E-04
1.3457E-05 2.0000E-04
1.4442E-05 2.0000E-04
1.7199E-05 2.0000E-04
1.1803E-05 2.0000E-04
1.2458E-05 2.0000E-04
1.3676E-05 2.0000E-04
