RMS Step   Target
2.8505E-04 8.0000E-04
2.5558E-04 8.0000E-04
6.7143E-04 8.0000E-04
1.1046E-03 8.0000E-04
1.1601E-03 8.0000E-04
8.0580E-04 8.0000E-04
8.3455E-04 8.0000E-04
1.6419E-03 8.0000E-04
3.1981E-03 8.0000E-04
6.9428E-03 8.0000E-04
9.3352E-04 8.0000E-04
8.5511E-04 8.0000E-04
1.7629E-03 8.0000E-04
2.1065E-03 8.0000E-04
2.1235E-03 8.0000E-04
1.9772E-03 8.0000E-04
5.7621E-04 8.0000E-04
1.5962E-03 8.0000E-04
1.1597E-03 8.0000E-04
1.3020E-03 8.0000E-04
2.5510E-03 8.0000E-04
1.4364E-03 8.0000E-04
2.0727E-03 8.0000E-04
5.7325E-03 8.0000E-04
1.3561E-03 8.0000E-04
6.3954E-04 8.0000E-04
8.5935E-04 8.0000E-04
2.2975E-03 8.0000E-04
1.3946E-03 8.0000E-04
1.5780E-03 8.0000E-04
1.5513E-03 8.0000E-04
2.8209E-03 8.0000E-04
1.5173E-03 8.0000E-04
9.9452E-04 8.0000E-04
1.7409E-03 8.0000E-04
3.0030E-03 8.0000E-04
8.5276E-04 8.0000E-04
5.9754E-04 8.0000E-04
1.1512E-03 8.0000E-04
1.4022E-03 8.0000E-04
2.8873E-03 8.0000E-04
5.1803E-04 8.0000E-04
6.7404E-04 8.0000E-04
1.2406E-03 8.0000E-04
3.1164E-03 8.0000E-04
1.8991E-03 8.0000E-04
2.0102E-03 8.0000E-04
1.4029E-03 8.0000E-04
1.5341E-03 8.0000E-04
1.8002E-03 8.0000E-04
1.3202E-03 8.0000E-04
1.0689E-03 8.0000E-04
1.9217E-03 8.0000E-04
1.4893E-03 8.0000E-04
5.4196E-04 8.0000E-04
8.7638E-04 8.0000E-04
1.1480E-03 8.0000E-04
1.9020E-03 8.0000E-04
1.3649E-03 8.0000E-04
1.9686E-03 8.0000E-04
1.0773E-03 8.0000E-04
9.3865E-04 8.0000E-04
8.6512E-04 8.0000E-04
9.1523E-04 8.0000E-04
1.2036E-03 8.0000E-04
2.2072E-03 8.0000E-04
5.2297E-04 8.0000E-04
5.5601E-04 8.0000E-04
6.6057E-04 8.0000E-04
1.4547E-03 8.0000E-04
1.2451E-03 8.0000E-04
1.3287E-03 8.0000E-04
1.7060E-03 8.0000E-04
9.7140E-04 8.0000E-04
1.3406E-03 8.0000E-04
8.2958E-04 8.0000E-04
8.7822E-04 8.0000E-04
1.3284E-03 8.0000E-04
1.2776E-03 8.0000E-04
6.1510E-04 8.0000E-04
1.0075E-03 8.0000E-04
1.5065E-03 8.0000E-04
1.9237E-03 8.0000E-04
7.7251E-04 8.0000E-04
1.1647E-03 8.0000E-04
6.3060E-04 8.0000E-04
8.0053E-04 8.0000E-04
1.0009E-03 8.0000E-04
2.0020E-03 8.0000E-04
2.0970E-04 8.0000E-04
1.4520E-03 8.0000E-04
9.7508E-04 8.0000E-04
1.6249E-03 8.0000E-04
1.2380E-03 8.0000E-04
7.8175E-04 8.0000E-04
4.8602E-04 8.0000E-04
7.4745E-04 8.0000E-04
8.7480E-04 8.0000E-04
7.3592E-04 8.0000E-04
1.9175E-03 8.0000E-04
1.0155E-03 8.0000E-04
2.1293E-04 8.0000E-04
4.0012E-04 8.0000E-04
3.7449E-04 8.0000E-04
1.8795E-03 8.0000E-04
5.7347E-04 8.0000E-04
6.2752E-04 8.0000E-04
6.6295E-04 8.0000E-04
1.2455E-03 8.0000E-04
3.8877E-04 8.0000E-04
1.1438E-03 8.0000E-04
5.9489E-04 8.0000E-04
2.6163E-04 8.0000E-04
1.3242E-03 8.0000E-04
7.6914E-04 8.0000E-04
1.8399E-04 8.0000E-04
8.6182E-04 8.0000E-04
5.0230E-04 8.0000E-04
1.9896E-03 8.0000E-04
5.2896E-04 8.0000E-04
1.9129E-04 8.0000E-04
6.5526E-04 8.0000E-04
9.4542E-04 8.0000E-04
7.6840E-04 8.0000E-04
9.6200E-04 8.0000E-04
6.9413E-04 8.0000E-04
1.3501E-03 8.0000E-04
1.2589E-03 8.0000E-04
3.1689E-04 8.0000E-04
9.7416E-04 8.0000E-04
5.0568E-04 8.0000E-04
1.0128E-03 8.0000E-04
1.2992E-03 8.0000E-04
7.6706E-04 8.0000E-04
3.9099E-04 8.0000E-04
1.0545E-03 8.0000E-04
9.1744E-04 8.0000E-04
1.8050E-04 8.0000E-04
6.8091E-04 8.0000E-04
4.1763E-04 8.0000E-04
1.3544E-03 8.0000E-04
7.2484E-04 8.0000E-04
4.7654E-04 8.0000E-04
2.9655E-04 8.0000E-04
8.2489E-04 8.0000E-04
4.3446E-04 8.0000E-04
6.1796E-04 8.0000E-04
6.2554E-04 8.0000E-04
8.8110E-04 8.0000E-04
3.5604E-04 8.0000E-04
4.2391E-04 8.0000E-04
3.2221E-04 8.0000E-04
5.7459E-04 8.0000E-04
7.3600E-04 8.0000E-04
7.1550E-04 8.0000E-04
1.6252E-04 8.0000E-04
5.0362E-04 8.0000E-04
4.1032E-04 8.0000E-04
2.2023E-04 8.0000E-04
5.3639E-04 8.0000E-04
3.8453E-04 8.0000E-04
7.1396E-04 8.0000E-04
3.4038E-04 8.0000E-04
1.2442E-04 8.0000E-04
2.6974E-04 8.0000E-04
3.5987E-04 8.0000E-04
4.0658E-04 8.0000E-04
4.7247E-04 8.0000E-04
3.4084E-04 8.0000E-04
2.8217E-04 8.0000E-04
4.9088E-04 8.0000E-04
1.9436E-04 8.0000E-04
2.0039E-04 8.0000E-04
3.6130E-04 8.0000E-04
7.9728E-04 8.0000E-04
1.2967E-04 8.0000E-04
2.3067E-04 8.0000E-04
2.2296E-04 8.0000E-04
6.1804E-04 8.0000E-04
4.5941E-04 8.0000E-04
1.1598E-04 8.0000E-04
3.2003E-04 8.0000E-04
5.8802E-04 8.0000E-04
8.7472E-05 8.0000E-04
3.0626E-04 8.0000E-04
2.3902E-04 8.0000E-04
6.2473E-04 8.0000E-04
4.6853E-04 8.0000E-04
1.9267E-04 8.0000E-04
2.8523E-04 8.0000E-04
3.6194E-04 8.0000E-04
5.1233E-04 8.0000E-04
7.8656E-04 8.0000E-04
6.2138E-04 8.0000E-04
1.8390E-04 8.0000E-04
4.1284E-04 8.0000E-04
3.3033E-04 8.0000E-04
2.8087E-04 8.0000E-04
8.3193E-04 8.0000E-04
5.9578E-04 8.0000E-04
1.1945E-04 8.0000E-04
4.1216E-04 8.0000E-04
3.3934E-04 8.0000E-04
9.9811E-04 8.0000E-04
3.7981E-04 8.0000E-04
1.4200E-04 8.0000E-04
4.0905E-04 8.0000E-04
6.5868E-04 8.0000E-04
3.0899E-04 8.0000E-04
6.1119E-04 8.0000E-04
3.3192E-04 8.0000E-04
6.0454E-04 8.0000E-04
6.7944E-04 8.0000E-04
3.1544E-04 8.0000E-04
2.6387E-04 8.0000E-04
3.6145E-04 8.0000E-04
7.2755E-04 8.0000E-04
1.6889E-04 8.0000E-04
2.7215E-04 8.0000E-04
2.7550E-04 8.0000E-04
7.2304E-04 8.0000E-04
4.2866E-04 8.0000E-04
2.3840E-04 8.0000E-04
3.6867E-04 8.0000E-04
4.8869E-04 8.0000E-04
2.5856E-04 8.0000E-04
5.6742E-04 8.0000E-04
3.8343E-04 8.0000E-04
5.8137E-04 8.0000E-04
8.4214E-04 8.0000E-04
1.0841E-04 8.0000E-04
5.9287E-05 8.0000E-04
2.6067E-04 8.0000E-04
6.2052E-04 8.0000E-04
6.2995E-04 8.0000E-04
3.8132E-04 8.0000E-04
6.7114E-04 8.0000E-04
2.5522E-04 8.0000E-04
1.1679E-04 8.0000E-04
4.3457E-04 8.0000E-04
4.4939E-04 8.0000E-04
3.3676E-04 8.0000E-04
8.5255E-04 8.0000E-04
1.4008E-04 8.0000E-04
5.2549E-05 8.0000E-04
