Max Step   Target
1.2112E-02 1.2000E-03
1.0968E-01 1.2000E-03
2.8264E-02 1.2000E-03
4.8011E-02 1.2000E-03
5.6011E-02 1.2000E-03
3.1450E-02 1.2000E-03
1.2410E-02 1.2000E-03
1.8022E-02 1.2000E-03
3.1689E-02 1.2000E-03
1.0425E-02 1.2000E-03
5.7657E-03 1.2000E-03
1.9877E-02 1.2000E-03
3.5642E-02 1.2000E-03
3.1209E-02 1.2000E-03
2.0230E-02 1.2000E-03
2.2257E-02 1.2000E-03
2.3574E-02 1.2000E-03
8.5401E-03 1.2000E-03
1.3321E-02 1.2000E-03
9.0541E-03 1.2000E-03
1.7160E-02 1.2000E-03
1.6467E-02 1.2000E-03
4.9730E-03 1.2000E-03
6.6753E-03 1.2000E-03
1.1901E-02 1.2000E-03
2.6324E-02 1.2000E-03
1.8975E-03 1.2000E-03
1.7112E-03 1.2000E-03
3.0406E-03 1.2000E-03
5.0568E-03 1.2000E-03
3.4092E-03 1.2000E-03
3.2297E-03 1.2000E-03
3.9093E-03 1.2000E-03
6.6434E-03 1.2000E-03
3.2873E-03 1.2000E-03
3.7398E-03 1.2000E-03
3.0092E-03 1.2000E-03
5.9033E-03 1.2000E-03
5.0037E-03 1.2000E-03
3.2505E-03 1.2000E-03
1.9880E-03 1.2000E-03
1.5398E-03 1.2000E-03
2.6123E-03 1.2000E-03
5.0002E-03 1.2000E-03
4.5622E-03 1.2000E-03
1.6009E-03 1.2000E-03
2.7520E-03 1.2000E-03
2.7000E-03 1.2000E-03
3.0381E-03 1.2000E-03
5.3206E-03 1.2000E-03
1.2067E-03 1.2000E-03
6.0989E-04 1.2000E-03
2.4473E-03 1.2000E-03
3.3196E-03 1.2000E-03
7.1583E-04 1.2000E-03
2.4782E-03 1.2000E-03
1.2188E-03 1.2000E-03
5.1754E-03 1.2000E-03
2.6352E-03 1.2000E-03
1.0012E-03 1.2000E-03
1.5551E-03 1.2000E-03
1.5613E-03 1.2000E-03
5.3492E-03 1.2000E-03
2.7817E-03 1.2000E-03
1.0485E-03 1.2000E-03
1.7046E-03 1.2000E-03
1.5426E-03 1.2000E-03
2.9399E-03 1.2000E-03
2.2456E-03 1.2000E-03
3.7297E-03 1.2000E-03
2.5037E-03 1.2000E-03
2.7300E-03 1.2000E-03
2.9267E-03 1.2000E-03
2.3046E-03 1.2000E-03
5.2338E-03 1.2000E-03
4.8184E-03 1.2000E-03
1.3795E-03 1.2000E-03
1.8792E-03 1.2000E-03
1.7905E-03 1.2000E-03
4.8714E-03 1.2000E-03
6.3192E-03 1.2000E-03
2.0823E-03 1.2000E-03
2.2369E-03 1.2000E-03
2.2928E-03 1.2000E-03
6.4617E-03 1.2000E-03
3.6330E-03 1.2000E-03
1.2207E-03 1.2000E-03
3.1940E-03 1.2000E-03
4.5879E-03 1.2000E-03
1.6035E-03 1.2000E-03
3.7382E-03 1.2000E-03
3.2080E-03 1.2000E-03
6.7761E-03 1.2000E-03
5.2061E-03 1.2000E-03
7.4335E-04 1.2000E-03
1.0987E-03 1.2000E-03
1.3878E-03 1.2000E-03
5.6818E-03 1.2000E-03
2.5866E-03 1.2000E-03
4.1354E-03 1.2000E-03
2.7115E-03 1.2000E-03
2.4368E-03 1.2000E-03
2.7394E-03 1.2000E-03
2.6224E-03 1.2000E-03
1.9374E-03 1.2000E-03
2.8463E-03 1.2000E-03
2.9626E-03 1.2000E-03
2.3661E-03 1.2000E-03
2.4452E-03 1.2000E-03
2.3704E-03 1.2000E-03
1.5855E-03 1.2000E-03
1.9138E-03 1.2000E-03
2.9676E-03 1.2000E-03
1.3316E-03 1.2000E-03
1.9142E-03 1.2000E-03
2.1317E-03 1.2000E-03
3.4490E-03 1.2000E-03
5.2337E-04 1.2000E-03
