RMS Grad   Target
3.0553E-03 2.0000E-04
2.7244E-03 2.0000E-04
7.0528E-04 2.0000E-04
4.9504E-04 2.0000E-04
4.3611E-04 2.0000E-04
5.1290E-04 2.0000E-04
2.4329E-04 2.0000E-04
1.7268E-04 2.0000E-04
1.6330E-04 2.0000E-04
2.9157E-04 2.0000E-04
1.0909E-04 2.0000E-04
9.6752E-05 2.0000E-04
1.1826E-04 2.0000E-04
2.0519E-04 2.0000E-04
1.1187E-04 2.0000E-04
8.4255E-05 2.0000E-04
1.1442E-04 2.0000E-04
1.5064E-04 2.0000E-04
9.2284E-05 2.0000E-04
7.7806E-05 2.0000E-04
8.6151E-05 2.0000E-04
7.4855E-05 2.0000E-04
1.1556E-04 2.0000E-04
6.4310E-05 2.0000E-04
5.6832E-05 2.0000E-04
6.3001E-05 2.0000E-04
1.4650E-04 2.0000E-04
4.3398E-05 2.0000E-04
3.3808E-05 2.0000E-04
3.7194E-05 2.0000E-04
6.3018E-05 2.0000E-04
3.8008E-05 2.0000E-04
3.3520E-05 2.0000E-04
4.3862E-05 2.0000E-04
6.3996E-05 2.0000E-04
3.5022E-05 2.0000E-04
2.7348E-05 2.0000E-04
3.1149E-05 2.0000E-04
3.9313E-05 2.0000E-04
3.0211E-05 2.0000E-04
2.1981E-05 2.0000E-04
2.5567E-05 2.0000E-04
2.1069E-05 2.0000E-04
2.5572E-05 2.0000E-04
4.5172E-05 2.0000E-04
3.2557E-05 2.0000E-04
2.2029E-05 2.0000E-04
2.5496E-05 2.0000E-04
3.2863E-05 2.0000E-04
2.5805E-05 2.0000E-04
3.9429E-05 2.0000E-04
2.2558E-05 2.0000E-04
1.9955E-05 2.0000E-04
2.5580E-05 2.0000E-04
3.6407E-05 2.0000E-04
2.1276E-05 2.0000E-04
2.0890E-05 2.0000E-04
1.8977E-05 2.0000E-04
2.2779E-05 2.0000E-04
3.4625E-05 2.0000E-04
1.9648E-05 2.0000E-04
1.6811E-05 2.0000E-04
1.8182E-05 2.0000E-04
2.5003E-05 2.0000E-04
2.5340E-05 2.0000E-04
1.5418E-05 2.0000E-04
1.7082E-05 2.0000E-04
1.8212E-05 2.0000E-04
1.9191E-05 2.0000E-04
1.6868E-05 2.0000E-04
1.7873E-05 2.0000E-04
1.7566E-05 2.0000E-04
1.6652E-05 2.0000E-04
1.7544E-05 2.0000E-04
1.7186E-05 2.0000E-04
1.6352E-05 2.0000E-04
2.6062E-05 2.0000E-04
1.4044E-05 2.0000E-04
1.2119E-05 2.0000E-04
1.3500E-05 2.0000E-04
1.9480E-05 2.0000E-04
2.5277E-05 2.0000E-04
1.3433E-05 2.0000E-04
1.2359E-05 2.0000E-04
1.3974E-05 2.0000E-04
2.3519E-05 2.0000E-04
1.5774E-05 2.0000E-04
1.2770E-05 2.0000E-04
1.3301E-05 2.0000E-04
2.1224E-05 2.0000E-04
1.4723E-05 2.0000E-04
1.3895E-05 2.0000E-04
1.5159E-05 2.0000E-04
1.3229E-05 2.0000E-04
2.5573E-05 2.0000E-04
1.3585E-05 2.0000E-04
1.1250E-05 2.0000E-04
1.2285E-05 2.0000E-04
1.3498E-05 2.0000E-04
1.1698E-05 2.0000E-04
1.0954E-05 2.0000E-04
1.2431E-05 2.0000E-04
1.1901E-05 2.0000E-04
1.1051E-05 2.0000E-04
1.0434E-05 2.0000E-04
1.0415E-05 2.0000E-04
1.0872E-05 2.0000E-04
1.0405E-05 2.0000E-04
9.0255E-06 2.0000E-04
1.0406E-05 2.0000E-04
1.0696E-05 2.0000E-04
8.2553E-06 2.0000E-04
9.3651E-06 2.0000E-04
1.3382E-05 2.0000E-04
8.4462E-06 2.0000E-04
7.7657E-06 2.0000E-04
1.0118E-05 2.0000E-04
1.1987E-05 2.0000E-04
9.0073E-06 2.0000E-04
