RMS Step   Target
2.2222E-03 1.2000E-03
5.7146E-03 1.2000E-03
3.9855E-03 1.2000E-03
2.4676E-03 1.2000E-03
5.9484E-03 1.2000E-03
5.7100E-03 1.2000E-03
5.1178E-03 1.2000E-03
6.0937E-03 1.2000E-03
6.6902E-03 1.2000E-03
7.8525E-03 1.2000E-03
6.2466E-03 1.2000E-03
3.9932E-03 1.2000E-03
6.8451E-03 1.2000E-03
6.8759E-03 1.2000E-03
6.4621E-03 1.2000E-03
8.9742E-03 1.2000E-03
9.4323E-03 1.2000E-03
6.8625E-03 1.2000E-03
3.9294E-03 1.2000E-03
7.4569E-03 1.2000E-03
8.8296E-03 1.2000E-03
8.5888E-03 1.2000E-03
9.2394E-03 1.2000E-03
1.8708E-03 1.2000E-03
2.4842E-03 1.2000E-03
2.8809E-03 1.2000E-03
6.2429E-03 1.2000E-03
8.2053E-03 1.2000E-03
8.0709E-03 1.2000E-03
5.0268E-03 1.2000E-03
4.2679E-03 1.2000E-03
5.2182E-03 1.2000E-03
5.6358E-03 1.2000E-03
1.9939E-03 1.2000E-03
3.0881E-03 1.2000E-03
7.8876E-03 1.2000E-03
6.7086E-03 1.2000E-03
1.7398E-03 1.2000E-03
5.0559E-03 1.2000E-03
2.2149E-03 1.2000E-03
2.7012E-03 1.2000E-03
2.1590E-03 1.2000E-03
1.0608E-03 1.2000E-03
1.3834E-03 1.2000E-03
7.2266E-04 1.2000E-03
7.3211E-03 1.2000E-03
4.8519E-03 1.2000E-03
2.5124E-03 1.2000E-03
5.6218E-04 1.2000E-03
6.2267E-04 1.2000E-03
1.7505E-03 1.2000E-03
1.4632E-03 1.2000E-03
4.2167E-04 1.2000E-03
8.3305E-04 1.2000E-03
1.1237E-03 1.2000E-03
5.2284E-04 1.2000E-03
5.2284E-04 1.2000E-03
