Max Step   Target
3.3854E-03 1.8000E-02
1.8141E-01 1.8000E-02
5.2835E-02 1.8000E-02
4.5940E-02 1.8000E-02
1.0687E-01 1.8000E-02
0.0000E+00 1.8000E-02
1.1555E-03 1.8000E-02
1.2862E-02 1.8000E-02
4.7400E-03 1.8000E-02
6.7250E-03 1.8000E-02
1.1791E-02 1.8000E-02
1.2166E-02 1.8000E-02
9.9597E-03 1.8000E-02
1.3062E-02 1.8000E-02
6.7919E-03 1.8000E-02
1.8714E-02 1.8000E-02
4.1465E-03 1.8000E-02
4.8948E-03 1.8000E-02
2.3842E-02 1.8000E-02
3.4660E-02 1.8000E-02
6.9417E-03 1.8000E-02
7.3784E-03 1.8000E-02
6.1736E-03 1.8000E-02
7.5984E-03 1.8000E-02
2.1182E-02 1.8000E-02
8.9295E-03 1.8000E-02
1.0304E-02 1.8000E-02
1.2154E-02 1.8000E-02
2.1559E-02 1.8000E-02
3.3843E-03 1.8000E-02
1.9171E-03 1.8000E-02
6.4714E-03 1.8000E-02
7.0962E-03 1.8000E-02
1.3517E-02 1.8000E-02
3.9736E-03 1.8000E-02
3.3860E-03 1.8000E-02
6.9726E-03 1.8000E-02
1.0482E-02 1.8000E-02
5.6641E-03 1.8000E-02
3.1847E-03 1.8000E-02
4.4526E-03 1.8000E-02
5.0249E-03 1.8000E-02
