RMS Grad   Target
9.6539E-04 3.0000E-03
9.3959E-04 3.0000E-03
6.8220E-04 3.0000E-03
5.0072E-04 3.0000E-03
3.6186E-04 3.0000E-03
3.2934E-04 3.0000E-03
6.9537E-04 3.0000E-03
6.2573E-04 3.0000E-03
2.2637E-04 3.0000E-03
1.9016E-04 3.0000E-03
1.5101E-04 3.0000E-03
1.2246E-04 3.0000E-03
1.2202E-04 3.0000E-03
1.3169E-04 3.0000E-03
1.4436E-04 3.0000E-03
1.1401E-04 3.0000E-03
1.6925E-04 3.0000E-03
1.1336E-04 3.0000E-03
1.2385E-04 3.0000E-03
1.8117E-04 3.0000E-03
3.6754E-04 3.0000E-03
1.4127E-04 3.0000E-03
7.3106E-05 3.0000E-03
7.6134E-05 3.0000E-03
9.1023E-05 3.0000E-03
1.7917E-04 3.0000E-03
8.4491E-05 3.0000E-03
7.5756E-05 3.0000E-03
7.5704E-05 3.0000E-03
2.2067E-04 3.0000E-03
5.4429E-05 3.0000E-03
4.1106E-05 3.0000E-03
5.8678E-05 3.0000E-03
6.9978E-05 3.0000E-03
1.1132E-04 3.0000E-03
4.6823E-05 3.0000E-03
4.5137E-05 3.0000E-03
5.6725E-05 3.0000E-03
9.0115E-05 3.0000E-03
4.2478E-05 3.0000E-03
3.4896E-05 3.0000E-03
4.7069E-05 3.0000E-03
6.6391E-05 3.0000E-03
