RMS Step   Target
2.2222E-03 1.2000E-03
5.6253E-03 1.2000E-03
7.6056E-03 1.2000E-03
8.8523E-03 1.2000E-03
1.0907E-02 1.2000E-03
1.9023E-03 1.2000E-03
1.1734E-03 1.2000E-03
1.7279E-03 1.2000E-03
2.8039E-03 1.2000E-03
1.5445E-03 1.2000E-03
4.4421E-03 1.2000E-03
2.1651E-03 1.2000E-03
1.7481E-03 1.2000E-03
1.8221E-03 1.2000E-03
3.0884E-03 1.2000E-03
4.7370E-03 1.2000E-03
9.9062E-04 1.2000E-03
4.6663E-04 1.2000E-03
4.2423E-04 1.2000E-03
8.3876E-04 1.2000E-03
1.5956E-03 1.2000E-03
4.5086E-04 1.2000E-03
3.0788E-04 1.2000E-03
5.7214E-04 1.2000E-03
1.0046E-03 1.2000E-03
2.0974E-03 1.2000E-03
5.7184E-04 1.2000E-03
1.2529E-04 1.2000E-03
1.2529E-04 1.2000E-03
