Max Step   Target
1.6390E-03 1.2000E-03
1.2825E-02 1.2000E-03
2.2619E-02 1.2000E-03
2.8142E-02 1.2000E-03
3.1149E-02 1.2000E-03
3.2060E-02 1.2000E-03
3.3213E-02 1.2000E-03
3.1153E-02 1.2000E-03
3.2253E-02 1.2000E-03
3.3269E-02 1.2000E-03
3.4715E-02 1.2000E-03
3.5316E-02 1.2000E-03
3.5542E-02 1.2000E-03
3.6395E-02 1.2000E-03
3.5701E-02 1.2000E-03
3.4175E-02 1.2000E-03
3.4337E-02 1.2000E-03
3.2956E-02 1.2000E-03
3.3683E-02 1.2000E-03
3.3736E-02 1.2000E-03
3.4701E-02 1.2000E-03
3.4047E-02 1.2000E-03
3.4805E-02 1.2000E-03
3.4120E-02 1.2000E-03
3.3361E-02 1.2000E-03
3.3148E-02 1.2000E-03
3.1500E-02 1.2000E-03
3.1730E-02 1.2000E-03
3.1639E-02 1.2000E-03
3.2198E-02 1.2000E-03
3.1901E-02 1.2000E-03
3.2499E-02 1.2000E-03
3.2056E-02 1.2000E-03
3.2650E-02 1.2000E-03
3.2059E-02 1.2000E-03
3.2941E-02 1.2000E-03
3.3205E-02 1.2000E-03
3.4308E-02 1.2000E-03
3.4500E-02 1.2000E-03
3.5523E-02 1.2000E-03
3.5746E-02 1.2000E-03
3.6774E-02 1.2000E-03
3.6982E-02 1.2000E-03
3.7711E-02 1.2000E-03
3.8038E-02 1.2000E-03
3.8641E-02 1.2000E-03
3.8869E-02 1.2000E-03
3.9303E-02 1.2000E-03
3.9509E-02 1.2000E-03
3.9753E-02 1.2000E-03
3.9918E-02 1.2000E-03
3.9935E-02 1.2000E-03
4.0023E-02 1.2000E-03
3.9328E-02 1.2000E-03
3.9603E-02 1.2000E-03
3.8776E-02 1.2000E-03
3.8636E-02 1.2000E-03
3.8017E-02 1.2000E-03
3.7190E-02 1.2000E-03
3.7226E-02 1.2000E-03
3.5059E-02 1.2000E-03
3.6860E-02 1.2000E-03
3.5952E-02 1.2000E-03
3.6205E-02 1.2000E-03
3.6365E-02 1.2000E-03
3.4338E-02 1.2000E-03
3.5920E-02 1.2000E-03
3.4370E-02 1.2000E-03
3.5207E-02 1.2000E-03
3.5175E-02 1.2000E-03
3.6244E-02 1.2000E-03
3.5434E-02 1.2000E-03
3.6877E-02 1.2000E-03
3.6950E-02 1.2000E-03
3.8232E-02 1.2000E-03
3.8387E-02 1.2000E-03
3.9587E-02 1.2000E-03
3.9622E-02 1.2000E-03
4.0378E-02 1.2000E-03
4.0522E-02 1.2000E-03
4.0615E-02 1.2000E-03
4.1014E-02 1.2000E-03
4.0407E-02 1.2000E-03
4.1019E-02 1.2000E-03
4.0033E-02 1.2000E-03
4.0278E-02 1.2000E-03
4.0158E-02 1.2000E-03
3.9143E-02 1.2000E-03
4.0654E-02 1.2000E-03
3.7912E-02 1.2000E-03
4.0429E-02 1.2000E-03
3.7711E-02 1.2000E-03
3.9645E-02 1.2000E-03
3.8314E-02 1.2000E-03
3.9761E-02 1.2000E-03
3.8949E-02 1.2000E-03
3.8153E-02 1.2000E-03
4.0295E-02 1.2000E-03
4.0210E-02 1.2000E-03
4.0855E-02 1.2000E-03
4.0124E-02 1.2000E-03
4.1073E-02 1.2000E-03
3.9286E-02 1.2000E-03
4.0957E-02 1.2000E-03
4.0000E-02 1.2000E-03
4.1057E-02 1.2000E-03
3.9830E-02 1.2000E-03
4.1431E-02 1.2000E-03
4.0304E-02 1.2000E-03
4.1203E-02 1.2000E-03
4.0647E-02 1.2000E-03
4.0319E-02 1.2000E-03
4.0403E-02 1.2000E-03
3.9270E-02 1.2000E-03
4.0117E-02 1.2000E-03
4.0219E-02 1.2000E-03
4.1840E-02 1.2000E-03
4.2020E-02 1.2000E-03
4.3709E-02 1.2000E-03
4.3842E-02 1.2000E-03
4.5804E-02 1.2000E-03
4.6227E-02 1.2000E-03
4.8432E-02 1.2000E-03
4.8480E-02 1.2000E-03
4.9920E-02 1.2000E-03
5.0566E-02 1.2000E-03
5.1649E-02 1.2000E-03
5.2147E-02 1.2000E-03
5.2915E-02 1.2000E-03
5.3467E-02 1.2000E-03
5.2622E-02 1.2000E-03
5.4744E-02 1.2000E-03
5.0124E-02 1.2000E-03
5.4777E-02 1.2000E-03
4.7630E-02 1.2000E-03
5.3578E-02 1.2000E-03
4.5595E-02 1.2000E-03
4.9119E-02 1.2000E-03
4.3588E-02 1.2000E-03
4.9881E-02 1.2000E-03
4.6668E-02 1.2000E-03
5.1676E-02 1.2000E-03
5.2279E-02 1.2000E-03
5.3277E-02 1.2000E-03
5.4047E-02 1.2000E-03
5.2854E-02 1.2000E-03
5.1235E-02 1.2000E-03
4.9205E-02 1.2000E-03
4.6529E-02 1.2000E-03
4.5539E-02 1.2000E-03
4.6518E-02 1.2000E-03
4.8700E-02 1.2000E-03
5.0991E-02 1.2000E-03
5.0782E-02 1.2000E-03
5.3763E-02 1.2000E-03
5.0398E-02 1.2000E-03
5.3208E-02 1.2000E-03
5.1096E-02 1.2000E-03
5.1595E-02 1.2000E-03
4.7766E-02 1.2000E-03
4.7616E-02 1.2000E-03
4.6232E-02 1.2000E-03
4.5964E-02 1.2000E-03
4.6781E-02 1.2000E-03
4.7043E-02 1.2000E-03
4.7970E-02 1.2000E-03
4.6697E-02 1.2000E-03
5.2060E-02 1.2000E-03
4.6861E-02 1.2000E-03
4.7775E-02 1.2000E-03
4.8009E-02 1.2000E-03
4.1814E-02 1.2000E-03
4.1105E-02 1.2000E-03
4.1630E-02 1.2000E-03
4.1431E-02 1.2000E-03
4.4789E-02 1.2000E-03
5.1276E-02 1.2000E-03
5.4065E-02 1.2000E-03
5.9841E-02 1.2000E-03
5.8424E-02 1.2000E-03
5.9759E-02 1.2000E-03
5.7650E-02 1.2000E-03
5.9817E-02 1.2000E-03
5.6774E-02 1.2000E-03
5.3413E-02 1.2000E-03
5.8694E-02 1.2000E-03
5.4136E-02 1.2000E-03
5.3794E-02 1.2000E-03
4.6372E-02 1.2000E-03
4.1922E-02 1.2000E-03
4.1818E-02 1.2000E-03
4.3428E-02 1.2000E-03
4.3933E-02 1.2000E-03
4.7435E-02 1.2000E-03
4.9918E-02 1.2000E-03
4.9458E-02 1.2000E-03
5.0677E-02 1.2000E-03
5.0786E-02 1.2000E-03
5.4111E-02 1.2000E-03
5.2222E-02 1.2000E-03
5.9713E-02 1.2000E-03
5.8988E-02 1.2000E-03
6.3062E-02 1.2000E-03
6.4012E-02 1.2000E-03
5.4268E-02 1.2000E-03
6.3385E-02 1.2000E-03
4.4607E-02 1.2000E-03
5.7064E-02 1.2000E-03
3.9765E-02 1.2000E-03
5.6144E-02 1.2000E-03
5.8872E-02 1.2000E-03
5.8558E-02 1.2000E-03
5.7814E-02 1.2000E-03
5.3656E-02 1.2000E-03
5.5086E-02 1.2000E-03
5.0649E-02 1.2000E-03
5.5092E-02 1.2000E-03
3.2655E-02 1.2000E-03
4.5695E-02 1.2000E-03
2.9304E-02 1.2000E-03
2.7991E-02 1.2000E-03
5.1726E-02 1.2000E-03
5.0759E-02 1.2000E-03
5.0843E-02 1.2000E-03
5.1245E-02 1.2000E-03
5.1445E-02 1.2000E-03
5.2232E-02 1.2000E-03
5.1579E-02 1.2000E-03
5.3599E-02 1.2000E-03
5.3346E-02 1.2000E-03
5.6061E-02 1.2000E-03
1.9185E-02 1.2000E-03
5.1500E-02 1.2000E-03
3.7831E-02 1.2000E-03
1.3632E-02 1.2000E-03
2.3765E-02 1.2000E-03
6.6490E-02 1.2000E-03
6.8071E-02 1.2000E-03
6.9846E-02 1.2000E-03
7.1993E-02 1.2000E-03
7.5846E-02 1.2000E-03
7.6996E-02 1.2000E-03
3.1785E-02 1.2000E-03
3.9711E-02 1.2000E-03
2.8285E-02 1.2000E-03
6.3630E-02 1.2000E-03
6.4534E-02 1.2000E-03
7.7147E-02 1.2000E-03
1.2063E-02 1.2000E-03
8.0868E-02 1.2000E-03
8.3457E-02 1.2000E-03
8.2572E-02 1.2000E-03
7.8264E-02 1.2000E-03
8.2090E-02 1.2000E-03
6.6247E-02 1.2000E-03
8.0189E-02 1.2000E-03
2.5986E-02 1.2000E-03
7.0207E-02 1.2000E-03
4.8696E-02 1.2000E-03
6.7901E-02 1.2000E-03
6.5264E-02 1.2000E-03
6.5213E-02 1.2000E-03
6.3217E-02 1.2000E-03
4.7365E-02 1.2000E-03
5.4194E-02 1.2000E-03
8.3192E-02 1.2000E-03
6.0753E-02 1.2000E-03
1.4075E-02 1.2000E-03
5.9280E-02 1.2000E-03
7.5297E-02 1.2000E-03
7.3614E-02 1.2000E-03
4.6246E-02 1.2000E-03
5.5799E-02 1.2000E-03
6.1805E-02 1.2000E-03
3.6014E-02 1.2000E-03
2.2190E-02 1.2000E-03
5.3891E-02 1.2000E-03
5.6989E-02 1.2000E-03
6.9225E-02 1.2000E-03
6.3917E-02 1.2000E-03
6.8246E-02 1.2000E-03
8.7715E-02 1.2000E-03
7.5061E-02 1.2000E-03
8.4594E-02 1.2000E-03
8.7113E-02 1.2000E-03
3.1906E-02 1.2000E-03
8.7044E-02 1.2000E-03
5.8336E-02 1.2000E-03
8.2008E-02 1.2000E-03
5.8942E-02 1.2000E-03
9.0930E-02 1.2000E-03
8.7637E-02 1.2000E-03
3.1950E-02 1.2000E-03
5.0788E-02 1.2000E-03
4.6097E-02 1.2000E-03
5.9175E-02 1.2000E-03
1.2464E-02 1.2000E-03
3.1070E-02 1.2000E-03
3.4917E-02 1.2000E-03
6.6514E-02 1.2000E-03
6.4965E-02 1.2000E-03
3.7900E-02 1.2000E-03
2.5008E-02 1.2000E-03
5.8570E-02 1.2000E-03
3.5500E-02 1.2000E-03
6.1591E-02 1.2000E-03
7.5796E-02 1.2000E-03
8.3624E-02 1.2000E-03
3.0051E-02 1.2000E-03
8.3114E-02 1.2000E-03
4.3871E-02 1.2000E-03
7.3708E-02 1.2000E-03
8.5476E-02 1.2000E-03
4.4360E-02 1.2000E-03
7.8330E-02 1.2000E-03
5.1459E-02 1.2000E-03
8.8504E-02 1.2000E-03
3.7212E-02 1.2000E-03
3.8076E-02 1.2000E-03
3.7901E-02 1.2000E-03
3.7113E-02 1.2000E-03
5.1254E-02 1.2000E-03
1.5509E-02 1.2000E-03
1.5828E-02 1.2000E-03
3.2372E-02 1.2000E-03
6.7845E-02 1.2000E-03
2.3768E-02 1.2000E-03
2.0871E-02 1.2000E-03
4.0857E-02 1.2000E-03
4.1278E-02 1.2000E-03
8.1370E-02 1.2000E-03
1.4625E-02 1.2000E-03
4.0660E-02 1.2000E-03
2.4922E-02 1.2000E-03
6.5977E-02 1.2000E-03
7.1699E-02 1.2000E-03
5.5459E-02 1.2000E-03
3.4045E-02 1.2000E-03
5.9882E-02 1.2000E-03
2.9808E-02 1.2000E-03
2.4142E-02 1.2000E-03
3.5582E-02 1.2000E-03
7.9440E-02 1.2000E-03
1.5625E-02 1.2000E-03
3.5215E-02 1.2000E-03
2.2129E-02 1.2000E-03
7.6133E-02 1.2000E-03
5.6922E-02 1.2000E-03
3.8064E-02 1.2000E-03
5.6636E-02 1.2000E-03
7.4142E-02 1.2000E-03
3.8276E-02 1.2000E-03
3.3751E-02 1.2000E-03
6.1995E-02 1.2000E-03
3.6921E-02 1.2000E-03
5.3721E-02 1.2000E-03
1.9580E-02 1.2000E-03
5.2516E-02 1.2000E-03
2.4829E-02 1.2000E-03
4.5349E-02 1.2000E-03
3.5643E-02 1.2000E-03
3.5075E-02 1.2000E-03
6.4949E-02 1.2000E-03
3.1124E-02 1.2000E-03
5.2012E-02 1.2000E-03
6.3874E-02 1.2000E-03
7.4717E-02 1.2000E-03
4.5810E-02 1.2000E-03
7.9812E-02 1.2000E-03
7.9063E-02 1.2000E-03
8.1730E-02 1.2000E-03
3.2680E-02 1.2000E-03
7.9306E-02 1.2000E-03
3.8676E-02 1.2000E-03
7.2431E-02 1.2000E-03
2.0610E-02 1.2000E-03
4.0271E-02 1.2000E-03
3.8008E-02 1.2000E-03
3.2265E-02 1.2000E-03
7.0538E-02 1.2000E-03
1.6708E-02 1.2000E-03
3.0971E-02 1.2000E-03
2.6892E-02 1.2000E-03
7.6695E-02 1.2000E-03
1.2230E-02 1.2000E-03
4.0081E-02 1.2000E-03
3.7473E-02 1.2000E-03
4.1710E-02 1.2000E-03
5.8053E-02 1.2000E-03
1.7670E-02 1.2000E-03
1.2983E-02 1.2000E-03
2.5238E-02 1.2000E-03
4.4369E-02 1.2000E-03
2.1732E-02 1.2000E-03
2.7488E-02 1.2000E-03
3.8091E-02 1.2000E-03
6.1879E-02 1.2000E-03
8.2990E-02 1.2000E-03
1.6009E-02 1.2000E-03
1.4753E-02 1.2000E-03
4.7340E-02 1.2000E-03
4.3877E-02 1.2000E-03
3.7909E-02 1.2000E-03
8.7264E-02 1.2000E-03
4.1386E-02 1.2000E-03
3.6852E-02 1.2000E-03
6.1517E-02 1.2000E-03
1.7051E-02 1.2000E-03
1.6184E-02 1.2000E-03
3.2019E-02 1.2000E-03
2.2620E-02 1.2000E-03
2.6321E-02 1.2000E-03
6.0892E-02 1.2000E-03
2.5863E-02 1.2000E-03
3.6367E-02 1.2000E-03
2.0999E-02 1.2000E-03
1.5125E-02 1.2000E-03
2.1405E-02 1.2000E-03
3.1227E-02 1.2000E-03
2.7709E-02 1.2000E-03
3.6965E-02 1.2000E-03
4.8756E-02 1.2000E-03
2.7807E-02 1.2000E-03
3.6976E-02 1.2000E-03
2.2769E-02 1.2000E-03
1.9001E-02 1.2000E-03
2.8947E-02 1.2000E-03
4.8902E-02 1.2000E-03
3.5768E-02 1.2000E-03
3.7508E-02 1.2000E-03
3.7650E-02 1.2000E-03
3.8150E-02 1.2000E-03
3.8391E-02 1.2000E-03
3.7547E-02 1.2000E-03
2.1412E-02 1.2000E-03
4.3625E-02 1.2000E-03
3.4216E-02 1.2000E-03
6.2028E-02 1.2000E-03
2.0668E-02 1.2000E-03
5.1513E-02 1.2000E-03
3.6788E-02 1.2000E-03
4.9786E-02 1.2000E-03
5.3856E-02 1.2000E-03
6.0057E-02 1.2000E-03
2.4565E-02 1.2000E-03
6.5636E-02 1.2000E-03
3.1983E-02 1.2000E-03
5.4879E-02 1.2000E-03
6.0597E-02 1.2000E-03
8.0631E-02 1.2000E-03
2.4757E-02 1.2000E-03
8.8596E-02 1.2000E-03
6.0407E-02 1.2000E-03
8.0348E-02 1.2000E-03
6.7765E-02 1.2000E-03
4.9214E-02 1.2000E-03
4.6134E-02 1.2000E-03
5.6654E-02 1.2000E-03
1.8154E-02 1.2000E-03
1.0679E-01 1.2000E-03
6.3289E-02 1.2000E-03
3.7720E-02 1.2000E-03
4.6032E-02 1.2000E-03
5.6375E-02 1.2000E-03
3.7280E-02 1.2000E-03
7.7693E-03 1.2000E-03
1.1520E-02 1.2000E-03
1.2719E-02 1.2000E-03
5.8402E-02 1.2000E-03
2.3102E-02 1.2000E-03
9.1028E-03 1.2000E-03
1.9038E-02 1.2000E-03
3.0460E-02 1.2000E-03
1.3287E-02 1.2000E-03
1.8648E-02 1.2000E-03
1.4185E-02 1.2000E-03
4.2767E-02 1.2000E-03
2.1514E-02 1.2000E-03
4.7936E-03 1.2000E-03
2.1920E-02 1.2000E-03
2.0855E-02 1.2000E-03
2.7805E-02 1.2000E-03
3.6691E-02 1.2000E-03
2.5285E-02 1.2000E-03
1.6784E-02 1.2000E-03
6.8756E-02 1.2000E-03
1.7111E-02 1.2000E-03
1.1895E-02 1.2000E-03
4.2272E-02 1.2000E-03
8.5247E-02 1.2000E-03
1.8146E-02 1.2000E-03
3.5175E-02 1.2000E-03
3.7219E-02 1.2000E-03
9.3331E-02 1.2000E-03
3.2826E-02 1.2000E-03
4.4396E-02 1.2000E-03
3.3749E-02 1.2000E-03
7.4351E-02 1.2000E-03
3.1376E-02 1.2000E-03
7.3054E-02 1.2000E-03
5.4375E-02 1.2000E-03
6.0827E-02 1.2000E-03
1.0278E-01 1.2000E-03
8.4246E-02 1.2000E-03
4.4017E-03 1.2000E-03
2.6530E-02 1.2000E-03
2.1992E-02 1.2000E-03
1.0540E-01 1.2000E-03
2.5730E-02 1.2000E-03
4.0696E-02 1.2000E-03
2.9300E-02 1.2000E-03
7.8669E-02 1.2000E-03
2.0764E-02 1.2000E-03
1.9788E-02 1.2000E-03
8.2973E-03 1.2000E-03
1.9680E-02 1.2000E-03
2.4808E-02 1.2000E-03
3.5031E-02 1.2000E-03
9.3853E-03 1.2000E-03
4.1487E-02 1.2000E-03
1.5355E-02 1.2000E-03
1.5501E-02 1.2000E-03
1.9262E-02 1.2000E-03
2.8548E-02 1.2000E-03
2.3726E-02 1.2000E-03
1.7408E-02 1.2000E-03
1.8697E-02 1.2000E-03
3.5821E-02 1.2000E-03
2.5904E-02 1.2000E-03
2.6046E-02 1.2000E-03
3.1939E-02 1.2000E-03
5.5290E-02 1.2000E-03
2.7355E-02 1.2000E-03
3.8365E-02 1.2000E-03
2.6843E-02 1.2000E-03
5.5007E-02 1.2000E-03
5.4147E-02 1.2000E-03
8.2765E-02 1.2000E-03
4.8295E-02 1.2000E-03
9.3454E-02 1.2000E-03
9.5874E-02 1.2000E-03
7.7038E-02 1.2000E-03
5.2375E-02 1.2000E-03
1.1187E-01 1.2000E-03
7.9577E-02 1.2000E-03
1.0502E-01 1.2000E-03
6.6673E-02 1.2000E-03
1.2365E-01 1.2000E-03
1.6365E-01 1.2000E-03
1.3623E-01 1.2000E-03
7.5599E-02 1.2000E-03
1.4151E-01 1.2000E-03
7.3015E-02 1.2000E-03
1.1121E-01 1.2000E-03
9.5795E-02 1.2000E-03
1.6260E-01 1.2000E-03
4.3633E-02 1.2000E-03
6.6312E-02 1.2000E-03
2.8138E-02 1.2000E-03
9.4950E-02 1.2000E-03
7.2456E-02 1.2000E-03
5.5264E-02 1.2000E-03
8.4593E-02 1.2000E-03
6.9759E-02 1.2000E-03
1.6981E-02 1.2000E-03
1.6243E-02 1.2000E-03
2.0837E-02 1.2000E-03
3.5212E-02 1.2000E-03
3.0774E-02 1.2000E-03
2.3385E-02 1.2000E-03
2.4215E-02 1.2000E-03
2.2950E-02 1.2000E-03
1.7359E-02 1.2000E-03
1.6080E-02 1.2000E-03
3.0470E-02 1.2000E-03
4.4359E-02 1.2000E-03
2.4295E-02 1.2000E-03
1.6060E-02 1.2000E-03
2.9921E-02 1.2000E-03
5.5939E-02 1.2000E-03
2.1841E-02 1.2000E-03
1.7603E-02 1.2000E-03
3.8920E-02 1.2000E-03
6.5355E-02 1.2000E-03
5.0074E-02 1.2000E-03
1.8828E-02 1.2000E-03
4.4690E-02 1.2000E-03
6.8059E-02 1.2000E-03
7.5210E-02 1.2000E-03
3.5103E-02 1.2000E-03
4.4476E-02 1.2000E-03
4.1600E-02 1.2000E-03
4.6700E-02 1.2000E-03
1.7204E-02 1.2000E-03
8.6976E-02 1.2000E-03
4.1010E-02 1.2000E-03
2.5935E-02 1.2000E-03
5.6358E-02 1.2000E-03
7.0827E-02 1.2000E-03
4.6007E-02 1.2000E-03
3.8722E-02 1.2000E-03
3.5620E-02 1.2000E-03
1.8353E-02 1.2000E-03
5.8004E-02 1.2000E-03
1.3130E-02 1.2000E-03
2.4656E-02 1.2000E-03
3.1545E-02 1.2000E-03
6.7218E-02 1.2000E-03
1.3935E-02 1.2000E-03
1.4315E-02 1.2000E-03
3.1828E-02 1.2000E-03
4.9047E-02 1.2000E-03
3.0469E-02 1.2000E-03
3.2232E-02 1.2000E-03
1.8472E-02 1.2000E-03
2.3293E-02 1.2000E-03
1.0735E-02 1.2000E-03
2.1349E-02 1.2000E-03
2.8946E-02 1.2000E-03
6.2518E-02 1.2000E-03
1.7978E-02 1.2000E-03
3.7626E-02 1.2000E-03
1.3314E-02 1.2000E-03
2.3938E-02 1.2000E-03
2.8717E-02 1.2000E-03
3.3164E-02 1.2000E-03
2.4738E-02 1.2000E-03
4.5180E-02 1.2000E-03
4.6192E-02 1.2000E-03
2.2724E-02 1.2000E-03
3.0861E-02 1.2000E-03
6.7253E-02 1.2000E-03
2.8678E-02 1.2000E-03
3.6489E-02 1.2000E-03
5.3874E-02 1.2000E-03
6.7291E-02 1.2000E-03
6.1381E-02 1.2000E-03
6.2546E-02 1.2000E-03
4.4233E-02 1.2000E-03
8.3123E-02 1.2000E-03
3.3276E-02 1.2000E-03
7.7228E-02 1.2000E-03
1.4005E-02 1.2000E-03
4.1569E-02 1.2000E-03
6.9984E-02 1.2000E-03
2.3945E-02 1.2000E-03
3.3331E-02 1.2000E-03
3.5024E-02 1.2000E-03
5.8796E-02 1.2000E-03
1.3486E-02 1.2000E-03
7.9308E-02 1.2000E-03
4.8989E-02 1.2000E-03
1.8643E-02 1.2000E-03
3.9831E-02 1.2000E-03
4.8430E-02 1.2000E-03
4.2817E-02 1.2000E-03
9.1171E-03 1.2000E-03
1.0339E-02 1.2000E-03
1.8675E-02 1.2000E-03
5.7431E-02 1.2000E-03
1.1922E-02 1.2000E-03
1.0610E-02 1.2000E-03
2.7847E-02 1.2000E-03
4.6443E-02 1.2000E-03
7.6734E-02 1.2000E-03
9.8933E-03 1.2000E-03
2.5601E-02 1.2000E-03
2.1753E-02 1.2000E-03
4.1507E-02 1.2000E-03
6.4316E-02 1.2000E-03
1.7318E-02 1.2000E-03
8.7360E-03 1.2000E-03
3.5151E-02 1.2000E-03
4.4487E-02 1.2000E-03
1.0131E-02 1.2000E-03
1.7500E-02 1.2000E-03
2.7563E-02 1.2000E-03
4.1222E-02 1.2000E-03
6.1613E-02 1.2000E-03
1.8962E-02 1.2000E-03
2.0637E-02 1.2000E-03
2.1191E-02 1.2000E-03
2.9723E-02 1.2000E-03
5.5551E-02 1.2000E-03
4.1219E-02 1.2000E-03
5.1341E-03 1.2000E-03
4.6648E-02 1.2000E-03
3.4019E-02 1.2000E-03
3.5639E-02 1.2000E-03
4.7368E-02 1.2000E-03
3.1097E-02 1.2000E-03
1.5856E-02 1.2000E-03
5.7651E-02 1.2000E-03
1.6688E-02 1.2000E-03
2.8949E-02 1.2000E-03
3.3443E-02 1.2000E-03
9.0372E-02 1.2000E-03
2.5456E-02 1.2000E-03
2.4464E-02 1.2000E-03
4.3370E-02 1.2000E-03
4.5767E-02 1.2000E-03
5.1632E-02 1.2000E-03
2.3944E-02 1.2000E-03
3.6771E-02 1.2000E-03
3.4744E-02 1.2000E-03
5.0180E-02 1.2000E-03
3.7800E-02 1.2000E-03
8.0478E-02 1.2000E-03
2.4407E-02 1.2000E-03
7.5506E-02 1.2000E-03
3.7409E-02 1.2000E-03
8.8554E-02 1.2000E-03
7.8041E-02 1.2000E-03
7.6957E-02 1.2000E-03
2.7364E-02 1.2000E-03
1.5620E-01 1.2000E-03
5.8340E-02 1.2000E-03
3.1899E-02 1.2000E-03
1.2708E-01 1.2000E-03
8.8671E-02 1.2000E-03
1.0723E-01 1.2000E-03
1.0063E-01 1.2000E-03
5.1223E-02 1.2000E-03
1.9193E-01 1.2000E-03
2.7691E-02 1.2000E-03
3.4774E-02 1.2000E-03
9.3005E-02 1.2000E-03
7.6461E-02 1.2000E-03
1.2640E-01 1.2000E-03
9.0540E-02 1.2000E-03
3.8540E-02 1.2000E-03
1.9882E-01 1.2000E-03
4.0958E-02 1.2000E-03
3.6391E-02 1.2000E-03
1.7395E-01 1.2000E-03
2.0670E-02 1.2000E-03
9.0041E-02 1.2000E-03
1.0886E-01 1.2000E-03
1.2576E-02 1.2000E-03
9.7576E-02 1.2000E-03
3.0510E-02 1.2000E-03
4.0323E-02 1.2000E-03
8.3440E-02 1.2000E-03
1.7053E-02 1.2000E-03
1.3544E-02 1.2000E-03
3.4104E-02 1.2000E-03
1.6720E-02 1.2000E-03
3.0105E-02 1.2000E-03
4.2601E-02 1.2000E-03
1.2566E-02 1.2000E-03
7.2433E-03 1.2000E-03
2.4355E-02 1.2000E-03
3.4031E-02 1.2000E-03
5.5653E-03 1.2000E-03
1.0511E-02 1.2000E-03
2.3080E-02 1.2000E-03
3.6390E-02 1.2000E-03
3.3746E-02 1.2000E-03
9.7416E-03 1.2000E-03
1.5232E-02 1.2000E-03
4.2613E-02 1.2000E-03
2.5296E-02 1.2000E-03
2.7119E-02 1.2000E-03
3.0962E-02 1.2000E-03
3.2990E-02 1.2000E-03
3.3432E-02 1.2000E-03
2.8593E-02 1.2000E-03
1.4561E-02 1.2000E-03
2.5777E-02 1.2000E-03
2.6083E-02 1.2000E-03
2.5188E-02 1.2000E-03
3.2612E-02 1.2000E-03
4.1516E-02 1.2000E-03
7.1607E-03 1.2000E-03
2.5043E-02 1.2000E-03
1.4121E-02 1.2000E-03
3.6363E-02 1.2000E-03
6.9631E-02 1.2000E-03
1.5359E-02 1.2000E-03
6.2250E-03 1.2000E-03
2.4975E-02 1.2000E-03
3.8443E-02 1.2000E-03
1.7786E-02 1.2000E-03
1.6425E-02 1.2000E-03
3.4305E-02 1.2000E-03
3.6170E-02 1.2000E-03
3.8833E-02 1.2000E-03
1.6159E-02 1.2000E-03
2.5292E-02 1.2000E-03
2.3917E-02 1.2000E-03
3.0832E-02 1.2000E-03
2.5605E-02 1.2000E-03
4.3088E-02 1.2000E-03
1.7056E-02 1.2000E-03
5.0909E-02 1.2000E-03
1.7627E-02 1.2000E-03
1.6341E-02 1.2000E-03
4.9241E-02 1.2000E-03
6.2703E-02 1.2000E-03
1.7510E-02 1.2000E-03
2.5942E-02 1.2000E-03
1.0937E-02 1.2000E-03
5.6069E-02 1.2000E-03
7.3854E-02 1.2000E-03
1.0458E-02 1.2000E-03
2.1662E-02 1.2000E-03
6.6400E-02 1.2000E-03
5.4622E-02 1.2000E-03
3.9753E-03 1.2000E-03
6.7256E-02 1.2000E-03
2.0516E-02 1.2000E-03
4.9130E-02 1.2000E-03
1.0376E-01 1.2000E-03
9.4806E-03 1.2000E-03
1.4153E-02 1.2000E-03
5.6293E-02 1.2000E-03
1.0568E-01 1.2000E-03
5.6168E-02 1.2000E-03
3.6140E-02 1.2000E-03
3.1803E-02 1.2000E-03
1.0525E-01 1.2000E-03
1.0568E-01 1.2000E-03
4.8148E-02 1.2000E-03
4.3961E-02 1.2000E-03
1.2033E-02 1.2000E-03
8.4692E-02 1.2000E-03
1.1901E-01 1.2000E-03
4.1506E-02 1.2000E-03
4.4470E-02 1.2000E-03
2.3795E-02 1.2000E-03
9.7166E-02 1.2000E-03
1.0800E-01 1.2000E-03
2.5199E-02 1.2000E-03
4.7054E-02 1.2000E-03
2.7757E-02 1.2000E-03
9.6742E-02 1.2000E-03
1.8043E-02 1.2000E-03
2.7250E-02 1.2000E-03
2.9579E-02 1.2000E-03
1.0045E-01 1.2000E-03
1.3575E-02 1.2000E-03
8.5218E-03 1.2000E-03
5.9454E-02 1.2000E-03
2.6901E-02 1.2000E-03
3.4697E-02 1.2000E-03
5.1578E-02 1.2000E-03
1.5307E-02 1.2000E-03
5.2437E-02 1.2000E-03
3.6267E-02 1.2000E-03
1.5544E-02 1.2000E-03
2.9384E-02 1.2000E-03
2.2808E-02 1.2000E-03
2.2486E-02 1.2000E-03
3.6664E-02 1.2000E-03
2.4553E-02 1.2000E-03
2.4254E-02 1.2000E-03
3.5581E-02 1.2000E-03
1.4069E-02 1.2000E-03
1.0240E-02 1.2000E-03
3.0908E-02 1.2000E-03
3.7505E-02 1.2000E-03
8.6478E-03 1.2000E-03
4.4619E-02 1.2000E-03
2.2810E-02 1.2000E-03
3.7849E-02 1.2000E-03
3.1548E-02 1.2000E-03
1.4107E-02 1.2000E-03
1.3535E-02 1.2000E-03
4.4800E-02 1.2000E-03
1.4328E-02 1.2000E-03
6.6103E-03 1.2000E-03
2.6783E-02 1.2000E-03
2.9100E-02 1.2000E-03
2.6343E-02 1.2000E-03
1.3836E-02 1.2000E-03
2.0604E-02 1.2000E-03
3.4374E-02 1.2000E-03
3.1050E-02 1.2000E-03
1.2339E-02 1.2000E-03
3.1554E-02 1.2000E-03
3.0176E-02 1.2000E-03
2.4139E-02 1.2000E-03
3.6106E-02 1.2000E-03
2.0918E-02 1.2000E-03
8.2843E-02 1.2000E-03
1.4109E-02 1.2000E-03
1.3295E-02 1.2000E-03
2.8614E-02 1.2000E-03
7.5961E-02 1.2000E-03
1.0775E-02 1.2000E-03
4.0402E-02 1.2000E-03
1.3938E-02 1.2000E-03
6.7510E-02 1.2000E-03
3.1644E-02 1.2000E-03
2.7413E-02 1.2000E-03
3.0774E-02 1.2000E-03
3.8081E-02 1.2000E-03
8.9902E-02 1.2000E-03
5.1058E-02 1.2000E-03
4.9861E-03 1.2000E-03
2.1478E-02 1.2000E-03
3.6686E-02 1.2000E-03
5.5810E-02 1.2000E-03
5.5246E-02 1.2000E-03
2.3023E-02 1.2000E-03
1.2132E-01 1.2000E-03
7.1754E-02 1.2000E-03
8.6653E-03 1.2000E-03
5.4896E-02 1.2000E-03
6.0388E-02 1.2000E-03
2.0214E-02 1.2000E-03
2.1590E-02 1.2000E-03
2.9934E-02 1.2000E-03
3.5105E-02 1.2000E-03
5.4899E-02 1.2000E-03
1.5474E-02 1.2000E-03
2.4411E-02 1.2000E-03
2.3932E-02 1.2000E-03
3.7044E-02 1.2000E-03
7.0495E-02 1.2000E-03
6.3939E-03 1.2000E-03
2.3286E-02 1.2000E-03
3.4031E-02 1.2000E-03
5.3054E-02 1.2000E-03
1.6254E-02 1.2000E-03
5.2676E-02 1.2000E-03
2.5990E-02 1.2000E-03
3.7298E-02 1.2000E-03
3.2782E-02 1.2000E-03
5.2798E-02 1.2000E-03
6.5390E-02 1.2000E-03
6.9443E-02 1.2000E-03
1.3637E-02 1.2000E-03
8.2113E-02 1.2000E-03
2.1478E-02 1.2000E-03
9.2999E-02 1.2000E-03
9.5595E-02 1.2000E-03
4.9320E-02 1.2000E-03
3.2132E-02 1.2000E-03
1.2336E-01 1.2000E-03
3.5076E-02 1.2000E-03
9.5587E-02 1.2000E-03
1.0159E-02 1.2000E-03
6.4045E-02 1.2000E-03
5.6651E-02 1.2000E-03
1.0197E-01 1.2000E-03
1.6638E-02 1.2000E-03
5.4239E-02 1.2000E-03
1.9461E-02 1.2000E-03
6.5971E-02 1.2000E-03
2.0314E-02 1.2000E-03
6.4656E-02 1.2000E-03
1.3473E-02 1.2000E-03
3.2829E-02 1.2000E-03
5.4714E-02 1.2000E-03
6.7833E-02 1.2000E-03
1.7223E-02 1.2000E-03
6.6485E-02 1.2000E-03
2.3198E-02 1.2000E-03
3.1509E-02 1.2000E-03
6.4902E-02 1.2000E-03
3.9193E-02 1.2000E-03
2.6513E-02 1.2000E-03
1.5476E-01 1.2000E-03
7.1725E-02 1.2000E-03
2.3643E-02 1.2000E-03
4.0363E-02 1.2000E-03
1.1240E-01 1.2000E-03
3.3979E-02 1.2000E-03
3.3393E-02 1.2000E-03
7.6904E-02 1.2000E-03
4.7772E-02 1.2000E-03
1.1221E-01 1.2000E-03
2.2504E-02 1.2000E-03
8.0048E-02 1.2000E-03
2.0452E-02 1.2000E-03
3.4781E-02 1.2000E-03
6.9248E-02 1.2000E-03
7.5286E-02 1.2000E-03
4.6824E-02 1.2000E-03
5.4590E-02 1.2000E-03
4.6094E-02 1.2000E-03
6.4951E-02 1.2000E-03
2.2246E-02 1.2000E-03
1.1996E-01 1.2000E-03
8.0117E-02 1.2000E-03
2.6167E-02 1.2000E-03
4.0865E-02 1.2000E-03
1.0147E-01 1.2000E-03
3.4300E-02 1.2000E-03
4.9204E-02 1.2000E-03
4.6444E-02 1.2000E-03
3.6739E-02 1.2000E-03
3.7937E-02 1.2000E-03
8.6452E-02 1.2000E-03
3.3333E-02 1.2000E-03
5.0023E-02 1.2000E-03
1.6656E-02 1.2000E-03
4.8474E-02 1.2000E-03
8.3721E-02 1.2000E-03
5.5327E-02 1.2000E-03
2.0110E-02 1.2000E-03
4.6105E-02 1.2000E-03
1.4777E-02 1.2000E-03
2.2548E-02 1.2000E-03
4.2667E-02 1.2000E-03
7.2589E-02 1.2000E-03
1.5293E-02 1.2000E-03
5.2259E-02 1.2000E-03
2.3570E-02 1.2000E-03
6.1938E-02 1.2000E-03
7.1419E-02 1.2000E-03
1.6480E-02 1.2000E-03
3.4477E-02 1.2000E-03
1.6126E-02 1.2000E-03
6.8614E-02 1.2000E-03
1.6430E-02 1.2000E-03
4.0800E-02 1.2000E-03
5.8271E-02 1.2000E-03
4.1197E-02 1.2000E-03
1.0084E-01 1.2000E-03
1.5324E-02 1.2000E-03
4.7642E-02 1.2000E-03
1.8696E-02 1.2000E-03
6.0260E-02 1.2000E-03
6.4735E-02 1.2000E-03
1.0762E-01 1.2000E-03
2.6097E-02 1.2000E-03
1.4586E-01 1.2000E-03
5.0051E-02 1.2000E-03
6.4051E-03 1.2000E-03
6.5354E-02 1.2000E-03
5.3205E-02 1.2000E-03
4.5128E-02 1.2000E-03
7.6531E-02 1.2000E-03
3.7466E-02 1.2000E-03
1.1639E-02 1.2000E-03
3.8798E-02 1.2000E-03
1.7498E-02 1.2000E-03
3.8250E-02 1.2000E-03
2.8751E-02 1.2000E-03
8.5872E-02 1.2000E-03
2.6952E-02 1.2000E-03
1.0705E-02 1.2000E-03
3.6736E-02 1.2000E-03
6.4278E-02 1.2000E-03
1.6469E-02 1.2000E-03
2.4593E-02 1.2000E-03
2.9044E-02 1.2000E-03
5.0238E-02 1.2000E-03
1.0563E-01 1.2000E-03
3.4419E-02 1.2000E-03
2.9376E-02 1.2000E-03
1.7322E-02 1.2000E-03
6.9192E-02 1.2000E-03
9.3330E-02 1.2000E-03
9.1941E-03 1.2000E-03
4.1787E-02 1.2000E-03
3.2539E-02 1.2000E-03
9.7533E-02 1.2000E-03
2.4378E-02 1.2000E-03
2.8343E-02 1.2000E-03
4.9247E-02 1.2000E-03
8.4343E-02 1.2000E-03
2.4854E-02 1.2000E-03
3.8292E-02 1.2000E-03
2.0257E-02 1.2000E-03
1.3832E-01 1.2000E-03
5.5053E-02 1.2000E-03
5.3339E-03 1.2000E-03
2.6807E-02 1.2000E-03
4.6409E-02 1.2000E-03
2.9770E-02 1.2000E-03
9.0427E-03 1.2000E-03
3.6171E-03 1.2000E-03
1.3648E-02 1.2000E-03
2.5815E-02 1.2000E-03
4.0734E-02 1.2000E-03
1.2781E-02 1.2000E-03
4.5866E-03 1.2000E-03
6.2817E-03 1.2000E-03
2.9429E-02 1.2000E-03
7.4825E-03 1.2000E-03
9.7855E-03 1.2000E-03
1.2106E-02 1.2000E-03
1.9082E-02 1.2000E-03
1.6488E-02 1.2000E-03
6.3923E-03 1.2000E-03
1.0805E-02 1.2000E-03
1.1431E-02 1.2000E-03
5.6696E-03 1.2000E-03
1.5512E-02 1.2000E-03
1.2481E-02 1.2000E-03
2.8269E-02 1.2000E-03
9.4841E-03 1.2000E-03
4.1637E-03 1.2000E-03
3.0980E-03 1.2000E-03
8.3160E-03 1.2000E-03
2.1208E-02 1.2000E-03
9.0613E-03 1.2000E-03
5.3335E-03 1.2000E-03
1.0824E-02 1.2000E-03
1.3840E-02 1.2000E-03
1.4639E-02 1.2000E-03
8.2930E-03 1.2000E-03
1.1517E-02 1.2000E-03
8.8852E-03 1.2000E-03
1.0667E-02 1.2000E-03
2.2202E-02 1.2000E-03
1.7340E-02 1.2000E-03
3.1700E-03 1.2000E-03
1.1940E-02 1.2000E-03
1.2069E-02 1.2000E-03
1.1813E-02 1.2000E-03
3.1129E-02 1.2000E-03
1.5379E-02 1.2000E-03
1.6982E-03 1.2000E-03
1.1922E-02 1.2000E-03
1.6628E-02 1.2000E-03
1.8700E-02 1.2000E-03
2.3200E-02 1.2000E-03
2.2460E-02 1.2000E-03
6.5752E-03 1.2000E-03
1.8576E-02 1.2000E-03
1.3367E-02 1.2000E-03
1.0992E-02 1.2000E-03
3.8136E-02 1.2000E-03
1.9340E-02 1.2000E-03
5.0287E-03 1.2000E-03
1.0184E-02 1.2000E-03
1.1939E-02 1.2000E-03
3.5757E-02 1.2000E-03
3.2058E-02 1.2000E-03
5.3384E-03 1.2000E-03
2.5213E-03 1.2000E-03
1.4561E-02 1.2000E-03
1.9083E-02 1.2000E-03
1.7452E-02 1.2000E-03
1.0419E-02 1.2000E-03
1.2408E-02 1.2000E-03
1.9232E-02 1.2000E-03
1.7175E-02 1.2000E-03
4.9557E-03 1.2000E-03
1.4893E-02 1.2000E-03
7.7324E-03 1.2000E-03
1.5021E-02 1.2000E-03
2.0358E-02 1.2000E-03
1.6407E-02 1.2000E-03
5.9186E-03 1.2000E-03
1.8311E-02 1.2000E-03
1.0089E-02 1.2000E-03
6.0064E-03 1.2000E-03
1.2546E-02 1.2000E-03
1.3473E-02 1.2000E-03
2.2998E-02 1.2000E-03
4.9802E-03 1.2000E-03
3.4239E-03 1.2000E-03
9.3924E-03 1.2000E-03
1.6968E-02 1.2000E-03
1.2478E-02 1.2000E-03
7.0460E-03 1.2000E-03
1.3392E-02 1.2000E-03
1.5646E-02 1.2000E-03
2.0335E-02 1.2000E-03
9.0182E-03 1.2000E-03
1.7054E-02 1.2000E-03
1.3088E-02 1.2000E-03
1.0420E-02 1.2000E-03
2.7458E-02 1.2000E-03
1.3776E-02 1.2000E-03
3.2672E-03 1.2000E-03
2.9192E-02 1.2000E-03
9.3468E-03 1.2000E-03
8.6405E-03 1.2000E-03
2.7044E-02 1.2000E-03
1.0672E-02 1.2000E-03
4.8197E-03 1.2000E-03
2.7081E-02 1.2000E-03
8.5421E-03 1.2000E-03
2.2376E-03 1.2000E-03
2.2084E-02 1.2000E-03
2.1475E-02 1.2000E-03
8.5233E-03 1.2000E-03
1.4824E-02 1.2000E-03
7.9394E-03 1.2000E-03
3.3707E-02 1.2000E-03
9.8524E-03 1.2000E-03
1.2843E-02 1.2000E-03
1.0389E-02 1.2000E-03
2.9479E-02 1.2000E-03
5.9317E-02 1.2000E-03
5.4697E-03 1.2000E-03
6.9444E-03 1.2000E-03
1.4730E-02 1.2000E-03
5.2480E-02 1.2000E-03
6.9112E-03 1.2000E-03
1.3294E-02 1.2000E-03
2.6540E-02 1.2000E-03
3.6321E-02 1.2000E-03
8.5412E-02 1.2000E-03
2.1775E-02 1.2000E-03
2.5041E-02 1.2000E-03
2.7750E-02 1.2000E-03
7.4174E-02 1.2000E-03
3.3906E-02 1.2000E-03
4.7621E-02 1.2000E-03
4.8156E-02 1.2000E-03
5.1676E-02 1.2000E-03
6.9872E-02 1.2000E-03
3.4948E-02 1.2000E-03
1.1774E-01 1.2000E-03
4.8009E-02 1.2000E-03
1.1823E-02 1.2000E-03
5.4083E-02 1.2000E-03
9.1327E-02 1.2000E-03
7.5354E-02 1.2000E-03
6.8319E-02 1.2000E-03
5.1205E-02 1.2000E-03
8.6439E-02 1.2000E-03
5.7561E-02 1.2000E-03
8.2719E-02 1.2000E-03
5.3307E-03 1.2000E-03
9.0453E-02 1.2000E-03
1.5821E-02 1.2000E-03
6.3713E-02 1.2000E-03
9.9751E-02 1.2000E-03
1.3511E-01 1.2000E-03
5.2577E-03 1.2000E-03
2.7697E-02 1.2000E-03
1.0177E-02 1.2000E-03
7.9052E-02 1.2000E-03
1.2284E-02 1.2000E-03
1.5562E-02 1.2000E-03
5.4874E-02 1.2000E-03
6.6956E-02 1.2000E-03
1.0863E-02 1.2000E-03
2.4731E-02 1.2000E-03
3.7213E-02 1.2000E-03
7.9560E-02 1.2000E-03
1.3976E-02 1.2000E-03
1.7559E-02 1.2000E-03
2.3147E-02 1.2000E-03
6.3413E-02 1.2000E-03
2.2150E-02 1.2000E-03
1.9025E-02 1.2000E-03
1.7583E-02 1.2000E-03
4.1418E-02 1.2000E-03
2.5037E-02 1.2000E-03
3.0383E-02 1.2000E-03
3.0898E-02 1.2000E-03
2.4329E-02 1.2000E-03
4.2338E-02 1.2000E-03
9.3093E-03 1.2000E-03
8.6262E-03 1.2000E-03
2.5415E-02 1.2000E-03
2.4506E-02 1.2000E-03
3.9951E-03 1.2000E-03
1.5800E-02 1.2000E-03
1.6808E-02 1.2000E-03
2.9650E-02 1.2000E-03
3.6410E-02 1.2000E-03
8.2527E-03 1.2000E-03
4.2680E-03 1.2000E-03
9.6878E-03 1.2000E-03
3.2416E-02 1.2000E-03
3.3358E-02 1.2000E-03
1.2054E-02 1.2000E-03
3.3459E-02 1.2000E-03
2.6570E-02 1.2000E-03
9.4458E-03 1.2000E-03
1.3919E-02 1.2000E-03
8.2660E-03 1.2000E-03
2.6136E-02 1.2000E-03
1.3731E-02 1.2000E-03
7.7683E-03 1.2000E-03
6.6778E-03 1.2000E-03
1.3649E-02 1.2000E-03
1.9526E-02 1.2000E-03
7.3107E-03 1.2000E-03
9.4401E-03 1.2000E-03
7.9464E-03 1.2000E-03
1.2600E-02 1.2000E-03
4.1597E-03 1.2000E-03
5.3938E-03 1.2000E-03
7.5413E-03 1.2000E-03
1.4012E-02 1.2000E-03
5.7773E-03 1.2000E-03
2.5708E-03 1.2000E-03
5.8118E-03 1.2000E-03
8.9025E-03 1.2000E-03
2.3367E-02 1.2000E-03
5.1118E-03 1.2000E-03
4.5341E-03 1.2000E-03
6.4027E-03 1.2000E-03
2.2713E-02 1.2000E-03
7.8270E-03 1.2000E-03
7.9473E-03 1.2000E-03
9.8619E-03 1.2000E-03
1.9779E-02 1.2000E-03
1.5853E-02 1.2000E-03
1.1585E-02 1.2000E-03
1.6227E-02 1.2000E-03
8.8512E-03 1.2000E-03
1.1291E-02 1.2000E-03
2.3807E-02 1.2000E-03
2.5542E-02 1.2000E-03
3.1667E-03 1.2000E-03
1.2457E-02 1.2000E-03
1.1913E-02 1.2000E-03
4.2573E-02 1.2000E-03
7.5465E-03 1.2000E-03
1.2628E-02 1.2000E-03
1.9114E-02 1.2000E-03
2.9558E-02 1.2000E-03
7.7888E-03 1.2000E-03
1.8626E-02 1.2000E-03
1.6805E-02 1.2000E-03
3.2976E-02 1.2000E-03
2.6914E-02 1.2000E-03
1.9560E-02 1.2000E-03
4.0700E-03 1.2000E-03
1.9738E-02 1.2000E-03
1.6785E-02 1.2000E-03
1.6373E-02 1.2000E-03
8.4722E-03 1.2000E-03
3.3312E-02 1.2000E-03
1.9772E-02 1.2000E-03
2.0667E-02 1.2000E-03
2.4964E-02 1.2000E-03
6.5859E-03 1.2000E-03
2.7691E-02 1.2000E-03
3.2630E-02 1.2000E-03
1.0940E-02 1.2000E-03
1.3685E-02 1.2000E-03
9.5403E-03 1.2000E-03
3.8104E-02 1.2000E-03
2.0036E-02 1.2000E-03
1.9085E-02 1.2000E-03
1.8082E-02 1.2000E-03
2.6341E-02 1.2000E-03
1.3249E-02 1.2000E-03
8.3277E-03 1.2000E-03
1.9529E-02 1.2000E-03
1.4782E-02 1.2000E-03
1.6577E-02 1.2000E-03
1.6058E-02 1.2000E-03
2.2554E-02 1.2000E-03
1.9121E-02 1.2000E-03
3.4918E-02 1.2000E-03
1.0617E-02 1.2000E-03
9.7526E-03 1.2000E-03
9.2242E-03 1.2000E-03
2.6698E-02 1.2000E-03
2.0937E-02 1.2000E-03
8.9274E-03 1.2000E-03
1.3309E-02 1.2000E-03
1.2993E-02 1.2000E-03
5.4500E-03 1.2000E-03
1.0256E-02 1.2000E-03
2.0404E-02 1.2000E-03
2.9563E-02 1.2000E-03
6.4196E-03 1.2000E-03
1.7697E-02 1.2000E-03
1.1471E-02 1.2000E-03
2.9293E-02 1.2000E-03
1.8197E-02 1.2000E-03
9.0389E-03 1.2000E-03
1.7864E-02 1.2000E-03
3.2580E-02 1.2000E-03
1.3176E-02 1.2000E-03
2.5269E-02 1.2000E-03
2.6948E-02 1.2000E-03
3.5287E-02 1.2000E-03
7.9429E-03 1.2000E-03
3.2434E-02 1.2000E-03
1.1714E-02 1.2000E-03
1.7656E-02 1.2000E-03
4.4836E-02 1.2000E-03
1.5888E-02 1.2000E-03
1.0436E-02 1.2000E-03
3.6369E-02 1.2000E-03
1.0639E-02 1.2000E-03
6.8316E-03 1.2000E-03
3.7320E-02 1.2000E-03
6.7160E-03 1.2000E-03
3.1835E-02 1.2000E-03
2.3167E-02 1.2000E-03
1.2499E-02 1.2000E-03
5.0253E-03 1.2000E-03
1.7735E-02 1.2000E-03
2.5704E-02 1.2000E-03
8.1184E-03 1.2000E-03
1.2405E-02 1.2000E-03
1.6415E-02 1.2000E-03
3.2939E-02 1.2000E-03
2.9606E-02 1.2000E-03
1.0754E-02 1.2000E-03
1.4349E-02 1.2000E-03
2.6128E-02 1.2000E-03
4.6869E-02 1.2000E-03
6.9811E-02 1.2000E-03
2.7159E-02 1.2000E-03
1.8374E-02 1.2000E-03
4.2789E-02 1.2000E-03
1.3753E-01 1.2000E-03
5.6323E-02 1.2000E-03
1.5019E-02 1.2000E-03
7.2261E-02 1.2000E-03
1.5985E-02 1.2000E-03
9.3287E-02 1.2000E-03
1.1874E-01 1.2000E-03
1.7085E-02 1.2000E-03
4.7073E-02 1.2000E-03
7.3885E-02 1.2000E-03
5.9533E-02 1.2000E-03
2.1646E-02 1.2000E-03
8.5055E-02 1.2000E-03
2.0621E-02 1.2000E-03
2.2543E-02 1.2000E-03
2.2076E-02 1.2000E-03
3.9042E-02 1.2000E-03
1.4334E-02 1.2000E-03
3.7990E-02 1.2000E-03
1.2008E-02 1.2000E-03
5.7697E-03 1.2000E-03
1.2909E-02 1.2000E-03
1.7972E-02 1.2000E-03
4.7184E-03 1.2000E-03
1.4109E-02 1.2000E-03
1.5926E-02 1.2000E-03
1.2720E-02 1.2000E-03
2.1078E-02 1.2000E-03
1.5161E-02 1.2000E-03
1.2457E-02 1.2000E-03
3.1560E-02 1.2000E-03
7.8382E-03 1.2000E-03
3.6309E-03 1.2000E-03
2.2813E-02 1.2000E-03
4.0723E-02 1.2000E-03
1.4267E-02 1.2000E-03
1.4405E-02 1.2000E-03
2.3835E-02 1.2000E-03
3.8552E-02 1.2000E-03
8.3235E-02 1.2000E-03
1.8656E-02 1.2000E-03
1.6305E-02 1.2000E-03
3.4782E-02 1.2000E-03
8.6307E-02 1.2000E-03
3.7270E-02 1.2000E-03
3.5737E-02 1.2000E-03
5.5481E-02 1.2000E-03
7.0333E-02 1.2000E-03
7.9067E-02 1.2000E-03
6.3841E-03 1.2000E-03
1.3212E-01 1.2000E-03
4.5831E-02 1.2000E-03
3.2709E-02 1.2000E-03
1.3891E-01 1.2000E-03
1.0684E-01 1.2000E-03
6.6932E-02 1.2000E-03
7.0689E-02 1.2000E-03
2.8190E-02 1.2000E-03
7.5657E-02 1.2000E-03
6.7829E-03 1.2000E-03
3.2525E-02 1.2000E-03
5.2269E-02 1.2000E-03
6.4543E-02 1.2000E-03
1.2983E-02 1.2000E-03
6.2186E-02 1.2000E-03
9.4093E-03 1.2000E-03
4.5735E-02 1.2000E-03
5.0606E-02 1.2000E-03
1.6516E-02 1.2000E-03
1.2912E-02 1.2000E-03
5.0769E-02 1.2000E-03
1.6966E-02 1.2000E-03
4.1168E-03 1.2000E-03
2.7926E-02 1.2000E-03
2.3833E-02 1.2000E-03
5.1094E-03 1.2000E-03
9.0189E-03 1.2000E-03
9.1054E-03 1.2000E-03
2.6174E-02 1.2000E-03
1.4225E-02 1.2000E-03
1.1495E-02 1.2000E-03
2.0718E-02 1.2000E-03
2.1149E-02 1.2000E-03
1.0320E-02 1.2000E-03
2.2069E-02 1.2000E-03
1.6905E-02 1.2000E-03
1.0977E-02 1.2000E-03
3.7227E-02 1.2000E-03
2.4128E-02 1.2000E-03
7.4470E-03 1.2000E-03
3.0859E-02 1.2000E-03
1.9915E-02 1.2000E-03
2.6603E-02 1.2000E-03
5.1570E-02 1.2000E-03
1.6860E-02 1.2000E-03
1.0858E-02 1.2000E-03
1.7707E-02 1.2000E-03
2.2157E-02 1.2000E-03
2.7151E-02 1.2000E-03
4.8999E-02 1.2000E-03
2.2451E-02 1.2000E-03
1.1667E-02 1.2000E-03
2.6631E-02 1.2000E-03
1.0946E-02 1.2000E-03
9.2282E-03 1.2000E-03
4.6027E-02 1.2000E-03
4.4371E-02 1.2000E-03
6.2274E-03 1.2000E-03
2.3723E-02 1.2000E-03
5.1513E-03 1.2000E-03
3.4929E-02 1.2000E-03
3.2362E-02 1.2000E-03
4.4823E-03 1.2000E-03
1.8413E-02 1.2000E-03
3.1871E-02 1.2000E-03
2.0890E-02 1.2000E-03
1.4162E-02 1.2000E-03
2.3766E-02 1.2000E-03
1.3918E-02 1.2000E-03
1.2015E-02 1.2000E-03
6.4089E-03 1.2000E-03
1.2576E-02 1.2000E-03
1.1247E-02 1.2000E-03
2.8626E-02 1.2000E-03
4.5080E-03 1.2000E-03
1.6244E-02 1.2000E-03
6.4133E-03 1.2000E-03
3.7523E-02 1.2000E-03
8.3404E-03 1.2000E-03
8.7640E-03 1.2000E-03
9.1744E-03 1.2000E-03
2.0016E-02 1.2000E-03
7.7148E-03 1.2000E-03
8.8008E-03 1.2000E-03
1.6113E-02 1.2000E-03
3.4861E-02 1.2000E-03
6.7039E-03 1.2000E-03
1.9824E-02 1.2000E-03
1.2092E-02 1.2000E-03
3.4087E-02 1.2000E-03
2.8927E-02 1.2000E-03
2.1902E-02 1.2000E-03
2.0113E-02 1.2000E-03
5.1472E-02 1.2000E-03
2.6927E-02 1.2000E-03
2.5915E-02 1.2000E-03
6.9943E-02 1.2000E-03
5.0133E-02 1.2000E-03
7.6642E-02 1.2000E-03
7.1085E-03 1.2000E-03
5.8761E-02 1.2000E-03
5.2120E-02 1.2000E-03
1.5691E-01 1.2000E-03
2.7282E-02 1.2000E-03
1.5093E-01 1.2000E-03
2.6400E-02 1.2000E-03
8.1247E-02 1.2000E-03
1.5426E-01 1.2000E-03
7.4126E-02 1.2000E-03
7.2589E-02 1.2000E-03
4.1632E-02 1.2000E-03
1.4189E-01 1.2000E-03
4.8025E-02 1.2000E-03
1.2220E-02 1.2000E-03
7.5327E-02 1.2000E-03
3.0339E-02 1.2000E-03
5.7641E-02 1.2000E-03
2.5847E-02 1.2000E-03
1.6712E-02 1.2000E-03
2.0145E-02 1.2000E-03
3.5261E-02 1.2000E-03
2.0265E-02 1.2000E-03
4.5663E-03 1.2000E-03
7.3097E-03 1.2000E-03
1.3698E-02 1.2000E-03
2.7124E-03 1.2000E-03
2.5694E-03 1.2000E-03
6.8665E-03 1.2000E-03
1.4357E-02 1.2000E-03
4.1638E-03 1.2000E-03
4.1750E-03 1.2000E-03
7.5359E-03 1.2000E-03
1.1039E-02 1.2000E-03
1.9280E-02 1.2000E-03
2.4689E-03 1.2000E-03
2.1114E-03 1.2000E-03
5.4717E-03 1.2000E-03
1.7575E-02 1.2000E-03
2.5956E-03 1.2000E-03
3.2421E-03 1.2000E-03
8.7150E-03 1.2000E-03
9.8719E-03 1.2000E-03
2.0116E-02 1.2000E-03
2.3722E-03 1.2000E-03
1.2932E-03 1.2000E-03
3.6198E-03 1.2000E-03
1.2270E-02 1.2000E-03
3.9003E-03 1.2000E-03
3.8146E-03 1.2000E-03
6.7196E-03 1.2000E-03
7.4466E-03 1.2000E-03
1.3664E-02 1.2000E-03
2.6521E-03 1.2000E-03
1.4413E-03 1.2000E-03
3.0336E-03 1.2000E-03
8.7276E-03 1.2000E-03
4.7702E-03 1.2000E-03
5.2867E-03 1.2000E-03
6.1112E-03 1.2000E-03
8.6630E-03 1.2000E-03
1.5102E-02 1.2000E-03
2.5033E-03 1.2000E-03
1.9586E-03 1.2000E-03
3.5862E-03 1.2000E-03
1.2645E-02 1.2000E-03
4.3466E-03 1.2000E-03
4.0501E-03 1.2000E-03
7.2843E-03 1.2000E-03
8.6537E-03 1.2000E-03
1.0192E-02 1.2000E-03
6.5635E-03 1.2000E-03
2.7219E-03 1.2000E-03
4.7685E-03 1.2000E-03
1.0167E-02 1.2000E-03
9.8622E-03 1.2000E-03
6.9967E-03 1.2000E-03
1.1075E-02 1.2000E-03
1.3733E-02 1.2000E-03
7.4394E-03 1.2000E-03
9.7405E-03 1.2000E-03
7.6261E-03 1.2000E-03
2.0821E-02 1.2000E-03
1.6207E-02 1.2000E-03
1.3172E-02 1.2000E-03
1.8058E-02 1.2000E-03
1.8745E-02 1.2000E-03
1.0816E-02 1.2000E-03
3.7003E-02 1.2000E-03
5.4128E-03 1.2000E-03
1.4192E-02 1.2000E-03
4.8803E-02 1.2000E-03
3.7806E-02 1.2000E-03
1.7140E-02 1.2000E-03
3.8760E-02 1.2000E-03
1.7227E-02 1.2000E-03
3.9671E-02 1.2000E-03
4.7103E-02 1.2000E-03
8.1573E-02 1.2000E-03
3.3503E-02 1.2000E-03
2.1849E-02 1.2000E-03
4.9494E-02 1.2000E-03
6.9155E-02 1.2000E-03
4.3420E-02 1.2000E-03
1.2828E-01 1.2000E-03
3.5812E-02 1.2000E-03
4.2119E-02 1.2000E-03
6.9106E-02 1.2000E-03
6.3197E-02 1.2000E-03
5.8411E-02 1.2000E-03
1.4882E-01 1.2000E-03
2.8024E-02 1.2000E-03
5.6322E-02 1.2000E-03
4.5552E-02 1.2000E-03
9.7015E-02 1.2000E-03
6.1724E-02 1.2000E-03
5.0392E-02 1.2000E-03
1.4451E-02 1.2000E-03
1.0277E-01 1.2000E-03
7.3570E-03 1.2000E-03
7.5012E-02 1.2000E-03
6.3414E-02 1.2000E-03
7.3988E-02 1.2000E-03
6.1769E-02 1.2000E-03
2.9137E-02 1.2000E-03
6.4578E-02 1.2000E-03
4.4915E-02 1.2000E-03
3.6048E-02 1.2000E-03
6.3059E-02 1.2000E-03
7.8618E-02 1.2000E-03
1.7198E-02 1.2000E-03
8.2578E-02 1.2000E-03
1.1803E-02 1.2000E-03
2.0824E-02 1.2000E-03
4.0223E-02 1.2000E-03
2.6709E-02 1.2000E-03
7.3698E-03 1.2000E-03
4.9540E-02 1.2000E-03
3.0986E-02 1.2000E-03
2.5369E-03 1.2000E-03
3.1606E-02 1.2000E-03
3.5418E-03 1.2000E-03
3.9766E-02 1.2000E-03
3.7499E-02 1.2000E-03
6.7506E-03 1.2000E-03
1.5389E-02 1.2000E-03
1.5389E-02 1.2000E-03
2.6751E-02 1.2000E-03
4.7842E-03 1.2000E-03
3.2469E-03 1.2000E-03
1.0683E-02 1.2000E-03
8.4117E-03 1.2000E-03
2.2360E-02 1.2000E-03
5.5340E-03 1.2000E-03
3.5219E-03 1.2000E-03
1.6306E-02 1.2000E-03
8.9011E-03 1.2000E-03
5.3027E-03 1.2000E-03
6.8420E-03 1.2000E-03
3.4660E-03 1.2000E-03
7.5197E-03 1.2000E-03
5.8550E-03 1.2000E-03
4.2502E-03 1.2000E-03
4.2489E-03 1.2000E-03
8.6699E-03 1.2000E-03
2.4683E-03 1.2000E-03
1.8173E-03 1.2000E-03
2.2303E-03 1.2000E-03
5.1103E-03 1.2000E-03
5.4618E-03 1.2000E-03
6.5043E-03 1.2000E-03
5.4479E-03 1.2000E-03
5.7068E-03 1.2000E-03
3.0933E-03 1.2000E-03
3.1137E-03 1.2000E-03
5.6196E-03 1.2000E-03
8.7779E-04 1.2000E-03
3.4061E-03 1.2000E-03
4.8503E-03 1.2000E-03
7.7314E-04 1.2000E-03
4.8405E-03 1.2000E-03
1.8320E-03 1.2000E-03
3.9766E-03 1.2000E-03
2.8916E-03 1.2000E-03
1.4532E-03 1.2000E-03
2.5732E-03 1.2000E-03
4.0611E-03 1.2000E-03
1.4226E-03 1.2000E-03
2.1369E-03 1.2000E-03
1.8190E-03 1.2000E-03
3.7556E-03 1.2000E-03
1.3511E-03 1.2000E-03
2.3151E-03 1.2000E-03
2.2193E-03 1.2000E-03
4.4033E-03 1.2000E-03
1.3240E-03 1.2000E-03
1.7199E-03 1.2000E-03
2.2677E-03 1.2000E-03
5.4156E-03 1.2000E-03
1.9546E-03 1.2000E-03
7.5053E-04 1.2000E-03
2.2068E-03 1.2000E-03
4.2791E-03 1.2000E-03
6.5547E-03 1.2000E-03
2.7677E-03 1.2000E-03
4.2330E-03 1.2000E-03
2.9569E-03 1.2000E-03
3.6187E-03 1.2000E-03
8.2238E-03 1.2000E-03
2.6989E-03 1.2000E-03
1.0708E-03 1.2000E-03
6.4193E-03 1.2000E-03
8.7198E-03 1.2000E-03
1.0232E-03 1.2000E-03
3.2761E-03 1.2000E-03
6.2773E-03 1.2000E-03
8.5301E-03 1.2000E-03
1.0335E-02 1.2000E-03
7.0704E-03 1.2000E-03
4.2747E-03 1.2000E-03
6.5164E-03 1.2000E-03
1.1114E-02 1.2000E-03
1.4610E-02 1.2000E-03
3.0827E-03 1.2000E-03
8.2572E-03 1.2000E-03
8.7684E-03 1.2000E-03
3.3538E-03 1.2000E-03
1.4021E-02 1.2000E-03
6.8165E-03 1.2000E-03
1.9795E-02 1.2000E-03
1.5270E-02 1.2000E-03
9.1226E-04 1.2000E-03
1.0022E-03 1.2000E-03
5.8719E-03 1.2000E-03
1.2377E-02 1.2000E-03
1.5972E-02 1.2000E-03
1.1226E-02 1.2000E-03
4.8537E-03 1.2000E-03
9.7141E-03 1.2000E-03
1.1649E-02 1.2000E-03
1.0881E-02 1.2000E-03
1.3599E-03 1.2000E-03
8.6826E-03 1.2000E-03
7.3791E-03 1.2000E-03
8.4848E-03 1.2000E-03
9.5119E-03 1.2000E-03
7.7669E-03 1.2000E-03
1.3423E-02 1.2000E-03
6.4419E-03 1.2000E-03
1.6433E-03 1.2000E-03
8.9299E-03 1.2000E-03
4.9158E-03 1.2000E-03
7.8488E-03 1.2000E-03
1.3194E-02 1.2000E-03
2.6663E-03 1.2000E-03
6.4134E-03 1.2000E-03
9.7456E-03 1.2000E-03
1.9428E-03 1.2000E-03
7.4450E-03 1.2000E-03
1.0070E-02 1.2000E-03
5.2525E-03 1.2000E-03
3.2220E-03 1.2000E-03
5.6671E-03 1.2000E-03
7.6667E-03 1.2000E-03
3.0439E-03 1.2000E-03
5.6707E-03 1.2000E-03
7.1436E-03 1.2000E-03
5.1644E-03 1.2000E-03
5.8657E-03 1.2000E-03
5.5600E-03 1.2000E-03
4.8094E-03 1.2000E-03
8.6192E-03 1.2000E-03
5.5435E-03 1.2000E-03
3.4961E-03 1.2000E-03
8.0985E-03 1.2000E-03
1.1420E-02 1.2000E-03
3.4445E-03 1.2000E-03
4.9580E-03 1.2000E-03
6.1449E-03 1.2000E-03
1.7476E-02 1.2000E-03
1.5750E-03 1.2000E-03
2.5292E-03 1.2000E-03
6.1295E-03 1.2000E-03
1.4744E-02 1.2000E-03
7.7329E-03 1.2000E-03
7.3420E-03 1.2000E-03
6.5228E-03 1.2000E-03
1.0033E-02 1.2000E-03
5.1277E-03 1.2000E-03
1.1619E-02 1.2000E-03
6.1505E-03 1.2000E-03
8.5083E-03 1.2000E-03
2.2600E-02 1.2000E-03
8.0301E-03 1.2000E-03
4.2249E-03 1.2000E-03
2.6436E-03 1.2000E-03
1.5016E-02 1.2000E-03
8.7263E-03 1.2000E-03
1.4693E-02 1.2000E-03
1.4954E-02 1.2000E-03
1.7457E-02 1.2000E-03
2.0264E-02 1.2000E-03
5.3171E-03 1.2000E-03
7.5043E-03 1.2000E-03
7.4880E-03 1.2000E-03
1.3636E-02 1.2000E-03
2.2943E-02 1.2000E-03
1.3100E-02 1.2000E-03
1.3450E-02 1.2000E-03
2.4082E-02 1.2000E-03
4.4457E-03 1.2000E-03
7.4004E-03 1.2000E-03
2.9343E-03 1.2000E-03
6.3401E-03 1.2000E-03
5.5744E-03 1.2000E-03
1.6351E-02 1.2000E-03
1.2946E-02 1.2000E-03
1.5156E-02 1.2000E-03
3.7694E-03 1.2000E-03
9.9985E-03 1.2000E-03
5.1589E-03 1.2000E-03
2.8261E-03 1.2000E-03
9.2091E-03 1.2000E-03
7.0872E-03 1.2000E-03
5.7068E-03 1.2000E-03
1.7530E-02 1.2000E-03
5.5595E-03 1.2000E-03
1.1301E-02 1.2000E-03
1.0304E-02 1.2000E-03
2.5961E-03 1.2000E-03
5.0219E-03 1.2000E-03
9.9140E-03 1.2000E-03
3.1197E-03 1.2000E-03
1.6632E-03 1.2000E-03
1.1986E-02 1.2000E-03
6.5276E-03 1.2000E-03
1.0172E-02 1.2000E-03
5.0579E-03 1.2000E-03
1.7608E-03 1.2000E-03
8.1600E-03 1.2000E-03
4.2631E-03 1.2000E-03
3.5319E-03 1.2000E-03
6.0448E-03 1.2000E-03
5.6113E-03 1.2000E-03
3.9915E-03 1.2000E-03
9.3805E-03 1.2000E-03
3.4896E-03 1.2000E-03
2.1685E-03 1.2000E-03
6.1616E-03 1.2000E-03
7.0329E-03 1.2000E-03
2.5867E-03 1.2000E-03
4.9699E-03 1.2000E-03
5.1190E-03 1.2000E-03
1.3477E-03 1.2000E-03
3.0481E-03 1.2000E-03
2.9616E-03 1.2000E-03
1.0904E-02 1.2000E-03
7.5825E-03 1.2000E-03
3.0060E-03 1.2000E-03
1.9249E-03 1.2000E-03
2.1910E-03 1.2000E-03
6.0628E-03 1.2000E-03
4.1494E-03 1.2000E-03
2.7616E-03 1.2000E-03
5.7494E-03 1.2000E-03
4.9609E-03 1.2000E-03
3.4329E-03 1.2000E-03
7.0255E-03 1.2000E-03
2.0842E-03 1.2000E-03
1.5700E-03 1.2000E-03
5.1538E-03 1.2000E-03
4.9351E-03 1.2000E-03
3.6770E-04 1.2000E-03
4.2930E-03 1.2000E-03
2.3950E-03 1.2000E-03
7.6333E-03 1.2000E-03
1.8621E-03 1.2000E-03
8.7255E-04 1.2000E-03
2.7409E-03 1.2000E-03
4.4727E-03 1.2000E-03
2.3621E-03 1.2000E-03
2.1028E-03 1.2000E-03
1.7760E-03 1.2000E-03
3.1968E-03 1.2000E-03
2.6929E-03 1.2000E-03
1.7511E-03 1.2000E-03
2.8856E-03 1.2000E-03
2.6298E-03 1.2000E-03
2.4214E-03 1.2000E-03
3.0750E-03 1.2000E-03
1.1418E-03 1.2000E-03
9.6172E-04 1.2000E-03
1.8719E-03 1.2000E-03
3.6792E-03 1.2000E-03
3.6830E-04 1.2000E-03
1.0982E-03 1.2000E-03
5.5779E-03 1.2000E-03
4.0559E-02 1.2000E-03
2.5462E-02 1.2000E-03
4.9355E-02 1.2000E-03
3.1100E-02 1.2000E-03
8.7284E-03 1.2000E-03
3.2301E-02 1.2000E-03
2.8657E-02 1.2000E-03
1.2794E-02 1.2000E-03
7.8928E-03 1.2000E-03
1.2012E-02 1.2000E-03
2.4662E-02 1.2000E-03
1.8319E-02 1.2000E-03
4.9097E-03 1.2000E-03
9.1530E-03 1.2000E-03
8.4204E-03 1.2000E-03
1.1523E-02 1.2000E-03
1.2377E-02 1.2000E-03
4.9695E-03 1.2000E-03
6.6175E-03 1.2000E-03
1.4499E-02 1.2000E-03
1.3765E-02 1.2000E-03
5.1438E-03 1.2000E-03
7.8207E-03 1.2000E-03
8.2648E-03 1.2000E-03
5.1325E-03 1.2000E-03
1.2842E-02 1.2000E-03
7.4051E-03 1.2000E-03
4.4936E-03 1.2000E-03
1.2216E-02 1.2000E-03
8.3004E-03 1.2000E-03
1.2967E-02 1.2000E-03
1.5303E-02 1.2000E-03
5.1221E-03 1.2000E-03
2.6047E-03 1.2000E-03
8.4856E-03 1.2000E-03
1.6303E-02 1.2000E-03
3.0399E-03 1.2000E-03
3.7013E-03 1.2000E-03
6.0135E-03 1.2000E-03
1.0611E-02 1.2000E-03
7.5773E-03 1.2000E-03
5.3293E-03 1.2000E-03
7.8435E-03 1.2000E-03
1.1754E-02 1.2000E-03
3.6841E-03 1.2000E-03
2.7862E-03 1.2000E-03
4.6777E-03 1.2000E-03
1.0082E-02 1.2000E-03
6.5558E-03 1.2000E-03
9.6606E-04 1.2000E-03
3.2749E-03 1.2000E-03
5.7884E-03 1.2000E-03
5.0010E-03 1.2000E-03
6.4470E-03 1.2000E-03
4.9152E-03 1.2000E-03
3.8620E-03 1.2000E-03
5.7245E-03 1.2000E-03
6.9338E-03 1.2000E-03
2.3964E-03 1.2000E-03
3.7627E-03 1.2000E-03
4.2266E-03 1.2000E-03
8.7795E-03 1.2000E-03
1.7887E-03 1.2000E-03
2.1854E-03 1.2000E-03
2.5109E-03 1.2000E-03
6.8656E-03 1.2000E-03
3.6908E-03 1.2000E-03
2.2028E-03 1.2000E-03
3.7874E-03 1.2000E-03
5.7751E-03 1.2000E-03
3.9348E-03 1.2000E-03
6.3476E-03 1.2000E-03
3.9854E-03 1.2000E-03
2.5205E-03 1.2000E-03
5.6562E-03 1.2000E-03
4.8583E-03 1.2000E-03
4.9495E-03 1.2000E-03
6.7626E-03 1.2000E-03
4.6869E-03 1.2000E-03
2.0142E-03 1.2000E-03
2.8095E-03 1.2000E-03
4.8693E-03 1.2000E-03
5.8470E-03 1.2000E-03
4.6560E-03 1.2000E-03
4.6541E-03 1.2000E-03
2.4315E-03 1.2000E-03
3.1508E-03 1.2000E-03
2.1460E-03 1.2000E-03
3.5261E-03 1.2000E-03
5.6608E-03 1.2000E-03
4.7608E-03 1.2000E-03
1.8701E-03 1.2000E-03
2.1410E-03 1.2000E-03
2.7446E-03 1.2000E-03
2.8597E-03 1.2000E-03
4.3558E-03 1.2000E-03
2.6982E-03 1.2000E-03
1.1968E-03 1.2000E-03
3.0345E-03 1.2000E-03
3.3328E-03 1.2000E-03
3.0513E-04 1.2000E-03
2.2067E-03 1.2000E-03
2.1691E-03 1.2000E-03
3.3326E-03 1.2000E-03
3.4191E-03 1.2000E-03
2.8482E-03 1.2000E-03
8.7887E-04 1.2000E-03
2.5989E-03 1.2000E-03
3.2524E-03 1.2000E-03
2.8129E-03 1.2000E-03
3.5031E-03 1.2000E-03
3.2045E-03 1.2000E-03
2.9038E-03 1.2000E-03
4.6801E-03 1.2000E-03
3.7575E-03 1.2000E-03
8.2485E-04 1.2000E-03
2.2328E-03 1.2000E-03
3.8441E-03 1.2000E-03
3.2356E-03 1.2000E-03
2.9897E-03 1.2000E-03
4.7755E-03 1.2000E-03
2.9244E-03 1.2000E-03
5.3123E-03 1.2000E-03
3.4972E-03 1.2000E-03
1.0479E-03 1.2000E-03
1.1085E-03 1.2000E-03
2.0336E-03 1.2000E-03
4.4572E-03 1.2000E-03
1.2044E-03 1.2000E-03
2.5453E-03 1.2000E-03
2.9553E-03 1.2000E-03
2.8908E-03 1.2000E-03
1.2424E-03 1.2000E-03
2.5077E-03 1.2000E-03
2.2466E-03 1.2000E-03
3.7362E-03 1.2000E-03
1.9144E-03 1.2000E-03
4.1089E-03 1.2000E-03
1.5399E-03 1.2000E-03
3.1632E-03 1.2000E-03
3.3030E-03 1.2000E-03
9.5204E-04 1.2000E-03
1.6457E-03 1.2000E-03
2.2060E-03 1.2000E-03
4.7975E-03 1.2000E-03
1.2527E-03 1.2000E-03
1.5752E-03 1.2000E-03
1.9260E-03 1.2000E-03
2.9609E-03 1.2000E-03
1.2713E-03 1.2000E-03
6.7895E-04 1.2000E-03
1.2860E-03 1.2000E-03
1.9105E-03 1.2000E-03
1.3245E-03 1.2000E-03
2.0560E-03 1.2000E-03
2.3449E-03 1.2000E-03
1.6276E-03 1.2000E-03
5.3520E-04 1.2000E-03
1.3781E-03 1.2000E-03
5.8233E-04 1.2000E-03
