RMS Grad   Target
1.2544E-02 2.0000E-04
1.2305E-02 2.0000E-04
1.0559E-02 2.0000E-04
7.9044E-03 2.0000E-04
5.3901E-03 2.0000E-04
3.6698E-03 2.0000E-04
2.8204E-03 2.0000E-04
2.7112E-03 2.0000E-04
2.9024E-03 2.0000E-04
3.0978E-03 2.0000E-04
3.3264E-03 2.0000E-04
3.5004E-03 2.0000E-04
3.4998E-03 2.0000E-04
3.5741E-03 2.0000E-04
3.4792E-03 2.0000E-04
3.3561E-03 2.0000E-04
3.3437E-03 2.0000E-04
3.1527E-03 2.0000E-04
3.0892E-03 2.0000E-04
2.8860E-03 2.0000E-04
2.7119E-03 2.0000E-04
2.5229E-03 2.0000E-04
2.3359E-03 2.0000E-04
2.1587E-03 2.0000E-04
1.9801E-03 2.0000E-04
1.8419E-03 2.0000E-04
1.6621E-03 2.0000E-04
1.6160E-03 2.0000E-04
1.4567E-03 2.0000E-04
1.4192E-03 2.0000E-04
1.3020E-03 2.0000E-04
1.2653E-03 2.0000E-04
1.2016E-03 2.0000E-04
1.1694E-03 2.0000E-04
1.2118E-03 2.0000E-04
1.1796E-03 2.0000E-04
1.3476E-03 2.0000E-04
1.3155E-03 2.0000E-04
1.4643E-03 2.0000E-04
1.4347E-03 2.0000E-04
1.5261E-03 2.0000E-04
1.4899E-03 2.0000E-04
1.5585E-03 2.0000E-04
1.5117E-03 2.0000E-04
1.5833E-03 2.0000E-04
1.5246E-03 2.0000E-04
1.6084E-03 2.0000E-04
1.5411E-03 2.0000E-04
1.5822E-03 2.0000E-04
1.5067E-03 2.0000E-04
1.5513E-03 2.0000E-04
1.4687E-03 2.0000E-04
1.5168E-03 2.0000E-04
1.4232E-03 2.0000E-04
1.4687E-03 2.0000E-04
1.3651E-03 2.0000E-04
1.3577E-03 2.0000E-04
1.2539E-03 2.0000E-04
1.2154E-03 2.0000E-04
1.1252E-03 2.0000E-04
1.0601E-03 2.0000E-04
1.0279E-03 2.0000E-04
9.3593E-04 2.0000E-04
8.7969E-04 2.0000E-04
9.9406E-04 2.0000E-04
9.3838E-04 2.0000E-04
1.0984E-03 2.0000E-04
1.0432E-03 2.0000E-04
1.1474E-03 2.0000E-04
1.0837E-03 2.0000E-04
1.1384E-03 2.0000E-04
1.0686E-03 2.0000E-04
1.1219E-03 2.0000E-04
1.0507E-03 2.0000E-04
1.0872E-03 2.0000E-04
1.0218E-03 2.0000E-04
1.0224E-03 2.0000E-04
9.6494E-04 2.0000E-04
9.5762E-04 2.0000E-04
9.0274E-04 2.0000E-04
9.1168E-04 2.0000E-04
8.5368E-04 2.0000E-04
8.5051E-04 2.0000E-04
8.1757E-04 2.0000E-04
7.6956E-04 2.0000E-04
8.0182E-04 2.0000E-04
7.4350E-04 2.0000E-04
8.7137E-04 2.0000E-04
8.1071E-04 2.0000E-04
1.0315E-03 2.0000E-04
9.6541E-04 2.0000E-04
1.1455E-03 2.0000E-04
1.0658E-03 2.0000E-04
1.1894E-03 2.0000E-04
1.1027E-03 2.0000E-04
1.1728E-03 2.0000E-04
1.0755E-03 2.0000E-04
1.0955E-03 2.0000E-04
9.8863E-04 2.0000E-04
1.0577E-03 2.0000E-04
9.5906E-04 2.0000E-04
1.0426E-03 2.0000E-04
9.4155E-04 2.0000E-04
1.0157E-03 2.0000E-04
9.0561E-04 2.0000E-04
9.4389E-04 2.0000E-04
8.3076E-04 2.0000E-04
8.4020E-04 2.0000E-04
7.2844E-04 2.0000E-04
7.3555E-04 2.0000E-04
6.5405E-04 2.0000E-04
6.6172E-04 2.0000E-04
6.3211E-04 2.0000E-04
6.3952E-04 2.0000E-04
6.2395E-04 2.0000E-04
7.3387E-04 2.0000E-04
7.0811E-04 2.0000E-04
8.5765E-04 2.0000E-04
8.1868E-04 2.0000E-04
1.0364E-03 2.0000E-04
9.5939E-04 2.0000E-04
1.0250E-03 2.0000E-04
9.2450E-04 2.0000E-04
9.2221E-04 2.0000E-04
8.0881E-04 2.0000E-04
7.9423E-04 2.0000E-04
6.8190E-04 2.0000E-04
6.6887E-04 2.0000E-04
5.9551E-04 2.0000E-04
5.7697E-04 2.0000E-04
5.5852E-04 2.0000E-04
5.7713E-04 2.0000E-04
5.8370E-04 2.0000E-04
6.1136E-04 2.0000E-04
6.2306E-04 2.0000E-04
6.0125E-04 2.0000E-04
7.4216E-04 2.0000E-04
6.2584E-04 2.0000E-04
8.8474E-04 2.0000E-04
6.7153E-04 2.0000E-04
8.2497E-04 2.0000E-04
6.1044E-04 2.0000E-04
6.5873E-04 2.0000E-04
5.6783E-04 2.0000E-04
5.4154E-04 2.0000E-04
5.8361E-04 2.0000E-04
5.3154E-04 2.0000E-04
6.7953E-04 2.0000E-04
6.2301E-04 2.0000E-04
7.5869E-04 2.0000E-04
6.9227E-04 2.0000E-04
7.3943E-04 2.0000E-04
6.7960E-04 2.0000E-04
7.1728E-04 2.0000E-04
6.4251E-04 2.0000E-04
7.6725E-04 2.0000E-04
6.0852E-04 2.0000E-04
7.2711E-04 2.0000E-04
5.4518E-04 2.0000E-04
6.0529E-04 2.0000E-04
5.2312E-04 2.0000E-04
4.7439E-04 2.0000E-04
6.6266E-04 2.0000E-04
5.0744E-04 2.0000E-04
6.0190E-04 2.0000E-04
4.6392E-04 2.0000E-04
5.1802E-04 2.0000E-04
4.9882E-04 2.0000E-04
6.2771E-04 2.0000E-04
5.2488E-04 2.0000E-04
5.4234E-04 2.0000E-04
7.0793E-04 2.0000E-04
5.0322E-04 2.0000E-04
7.1302E-04 2.0000E-04
4.9742E-04 2.0000E-04
4.9397E-04 2.0000E-04
4.3193E-04 2.0000E-04
4.4392E-04 2.0000E-04
4.8536E-04 2.0000E-04
4.6222E-04 2.0000E-04
6.2364E-04 2.0000E-04
5.2688E-04 2.0000E-04
6.8763E-04 2.0000E-04
5.2498E-04 2.0000E-04
5.4789E-04 2.0000E-04
4.4099E-04 2.0000E-04
6.0031E-04 2.0000E-04
4.9613E-04 2.0000E-04
5.9954E-04 2.0000E-04
5.3989E-04 2.0000E-04
5.6912E-04 2.0000E-04
5.0480E-04 2.0000E-04
6.4726E-04 2.0000E-04
5.3745E-04 2.0000E-04
5.8337E-04 2.0000E-04
5.0208E-04 2.0000E-04
5.0457E-04 2.0000E-04
4.5132E-04 2.0000E-04
5.4083E-04 2.0000E-04
4.9726E-04 2.0000E-04
5.0842E-04 2.0000E-04
4.9006E-04 2.0000E-04
5.1022E-04 2.0000E-04
4.6932E-04 2.0000E-04
6.4370E-04 2.0000E-04
5.6572E-04 2.0000E-04
6.4492E-04 2.0000E-04
4.8981E-04 2.0000E-04
7.9143E-04 2.0000E-04
4.7080E-04 2.0000E-04
6.3702E-04 2.0000E-04
5.0574E-04 2.0000E-04
5.3936E-04 2.0000E-04
4.3398E-04 2.0000E-04
5.0240E-04 2.0000E-04
4.2537E-04 2.0000E-04
6.6662E-04 2.0000E-04
4.6015E-04 2.0000E-04
5.3833E-04 2.0000E-04
7.8114E-04 2.0000E-04
5.0547E-04 2.0000E-04
4.6897E-04 2.0000E-04
5.8523E-04 2.0000E-04
5.2148E-04 2.0000E-04
4.9540E-04 2.0000E-04
3.8327E-04 2.0000E-04
3.8568E-04 2.0000E-04
4.0224E-04 2.0000E-04
4.1532E-04 2.0000E-04
5.2084E-04 2.0000E-04
4.7451E-04 2.0000E-04
8.0088E-04 2.0000E-04
3.7658E-04 2.0000E-04
4.2022E-04 2.0000E-04
9.7506E-04 2.0000E-04
4.0977E-04 2.0000E-04
2.5257E-04 2.0000E-04
3.9865E-04 2.0000E-04
4.3176E-04 2.0000E-04
4.9414E-04 2.0000E-04
3.4142E-04 2.0000E-04
4.2113E-04 2.0000E-04
4.5665E-04 2.0000E-04
4.0373E-04 2.0000E-04
5.4538E-04 2.0000E-04
4.7682E-04 2.0000E-04
4.5252E-04 2.0000E-04
4.9156E-04 2.0000E-04
5.0802E-04 2.0000E-04
3.6207E-04 2.0000E-04
3.9830E-04 2.0000E-04
5.7502E-04 2.0000E-04
4.8411E-04 2.0000E-04
4.4152E-04 2.0000E-04
3.7120E-04 2.0000E-04
4.8810E-04 2.0000E-04
5.6380E-04 2.0000E-04
4.5596E-04 2.0000E-04
4.4115E-04 2.0000E-04
4.1282E-04 2.0000E-04
4.6723E-04 2.0000E-04
4.2452E-04 2.0000E-04
5.5536E-04 2.0000E-04
4.3999E-04 2.0000E-04
5.0648E-04 2.0000E-04
4.6215E-04 2.0000E-04
6.8940E-04 2.0000E-04
5.0453E-04 2.0000E-04
4.4069E-04 2.0000E-04
4.6367E-04 2.0000E-04
6.9057E-04 2.0000E-04
3.7771E-04 2.0000E-04
3.7568E-04 2.0000E-04
4.5070E-04 2.0000E-04
6.8869E-04 2.0000E-04
3.8173E-04 2.0000E-04
3.6494E-04 2.0000E-04
5.1238E-04 2.0000E-04
5.7964E-04 2.0000E-04
4.2250E-04 2.0000E-04
4.0089E-04 2.0000E-04
4.9603E-04 2.0000E-04
6.3607E-04 2.0000E-04
4.7505E-04 2.0000E-04
3.8611E-04 2.0000E-04
5.4201E-04 2.0000E-04
5.4742E-04 2.0000E-04
5.4914E-04 2.0000E-04
4.0378E-04 2.0000E-04
5.1107E-04 2.0000E-04
4.8076E-04 2.0000E-04
4.3828E-04 2.0000E-04
4.2218E-04 2.0000E-04
4.2998E-04 2.0000E-04
3.6512E-04 2.0000E-04
4.8468E-04 2.0000E-04
5.0189E-04 2.0000E-04
3.3856E-04 2.0000E-04
3.2242E-04 2.0000E-04
4.2003E-04 2.0000E-04
3.5801E-04 2.0000E-04
4.5318E-04 2.0000E-04
3.6708E-04 2.0000E-04
3.1993E-04 2.0000E-04
4.3866E-04 2.0000E-04
3.8683E-04 2.0000E-04
3.6830E-04 2.0000E-04
5.0827E-04 2.0000E-04
4.1449E-04 2.0000E-04
5.0304E-04 2.0000E-04
4.5820E-04 2.0000E-04
4.5024E-04 2.0000E-04
4.5342E-04 2.0000E-04
4.9750E-04 2.0000E-04
3.9227E-04 2.0000E-04
3.8430E-04 2.0000E-04
5.2131E-04 2.0000E-04
4.3255E-04 2.0000E-04
5.4501E-04 2.0000E-04
3.2822E-04 2.0000E-04
2.9122E-04 2.0000E-04
3.4188E-04 2.0000E-04
5.1400E-04 2.0000E-04
2.7486E-04 2.0000E-04
2.5706E-04 2.0000E-04
3.1185E-04 2.0000E-04
6.2275E-04 2.0000E-04
2.7493E-04 2.0000E-04
2.4352E-04 2.0000E-04
3.1004E-04 2.0000E-04
4.9384E-04 2.0000E-04
3.5521E-04 2.0000E-04
2.5651E-04 2.0000E-04
4.0348E-04 2.0000E-04
3.9828E-04 2.0000E-04
3.7521E-04 2.0000E-04
3.4782E-04 2.0000E-04
3.5581E-04 2.0000E-04
3.3961E-04 2.0000E-04
4.5762E-04 2.0000E-04
3.0175E-04 2.0000E-04
2.7399E-04 2.0000E-04
3.0652E-04 2.0000E-04
5.5913E-04 2.0000E-04
2.7958E-04 2.0000E-04
2.4897E-04 2.0000E-04
2.9162E-04 2.0000E-04
3.9668E-04 2.0000E-04
2.8517E-04 2.0000E-04
2.7778E-04 2.0000E-04
3.4454E-04 2.0000E-04
3.8622E-04 2.0000E-04
2.8356E-04 2.0000E-04
2.9098E-04 2.0000E-04
3.8523E-04 2.0000E-04
3.5258E-04 2.0000E-04
3.4212E-04 2.0000E-04
3.1452E-04 2.0000E-04
3.5272E-04 2.0000E-04
2.8259E-04 2.0000E-04
3.2679E-04 2.0000E-04
3.1918E-04 2.0000E-04
3.0144E-04 2.0000E-04
3.6252E-04 2.0000E-04
3.7164E-04 2.0000E-04
3.4369E-04 2.0000E-04
3.7943E-04 2.0000E-04
4.1060E-04 2.0000E-04
3.6673E-04 2.0000E-04
3.9498E-04 2.0000E-04
3.6794E-04 2.0000E-04
4.5764E-04 2.0000E-04
3.9148E-04 2.0000E-04
3.5505E-04 2.0000E-04
4.2561E-04 2.0000E-04
4.3815E-04 2.0000E-04
3.1884E-04 2.0000E-04
3.6516E-04 2.0000E-04
3.7507E-04 2.0000E-04
3.0781E-04 2.0000E-04
4.3821E-04 2.0000E-04
3.4087E-04 2.0000E-04
3.0689E-04 2.0000E-04
3.4316E-04 2.0000E-04
3.9561E-04 2.0000E-04
2.5434E-04 2.0000E-04
2.4154E-04 2.0000E-04
2.9996E-04 2.0000E-04
2.5635E-04 2.0000E-04
5.8560E-04 2.0000E-04
2.2180E-04 2.0000E-04
2.0028E-04 2.0000E-04
2.6400E-04 2.0000E-04
5.6478E-04 2.0000E-04
2.3970E-04 2.0000E-04
1.9400E-04 2.0000E-04
2.3702E-04 2.0000E-04
3.0423E-04 2.0000E-04
5.7237E-04 2.0000E-04
1.9716E-04 2.0000E-04
1.9651E-04 2.0000E-04
3.7206E-04 2.0000E-04
2.9686E-04 2.0000E-04
2.1120E-04 2.0000E-04
2.2771E-04 2.0000E-04
2.7598E-04 2.0000E-04
2.2912E-04 2.0000E-04
3.7011E-04 2.0000E-04
2.1083E-04 2.0000E-04
2.0042E-04 2.0000E-04
2.5567E-04 2.0000E-04
2.4993E-04 2.0000E-04
1.7618E-04 2.0000E-04
1.7421E-04 2.0000E-04
2.3489E-04 2.0000E-04
2.0688E-04 2.0000E-04
2.2135E-04 2.0000E-04
1.7836E-04 2.0000E-04
1.8953E-04 2.0000E-04
2.7410E-04 2.0000E-04
1.8994E-04 2.0000E-04
1.8541E-04 2.0000E-04
2.1152E-04 2.0000E-04
2.1491E-04 2.0000E-04
2.3762E-04 2.0000E-04
1.9863E-04 2.0000E-04
1.9987E-04 2.0000E-04
2.1097E-04 2.0000E-04
2.8778E-04 2.0000E-04
1.9984E-04 2.0000E-04
1.8775E-04 2.0000E-04
2.6360E-04 2.0000E-04
2.2232E-04 2.0000E-04
2.1947E-04 2.0000E-04
2.5332E-04 2.0000E-04
2.2338E-04 2.0000E-04
2.1646E-04 2.0000E-04
3.0372E-04 2.0000E-04
2.4820E-04 2.0000E-04
2.2535E-04 2.0000E-04
2.2615E-04 2.0000E-04
2.5836E-04 2.0000E-04
2.0522E-04 2.0000E-04
2.2276E-04 2.0000E-04
2.8297E-04 2.0000E-04
2.1292E-04 2.0000E-04
2.3818E-04 2.0000E-04
3.0281E-04 2.0000E-04
2.4549E-04 2.0000E-04
2.5575E-04 2.0000E-04
3.0223E-04 2.0000E-04
2.8948E-04 2.0000E-04
2.8241E-04 2.0000E-04
2.5208E-04 2.0000E-04
2.7977E-04 2.0000E-04
2.8625E-04 2.0000E-04
2.3904E-04 2.0000E-04
2.6072E-04 2.0000E-04
3.0502E-04 2.0000E-04
2.3638E-04 2.0000E-04
3.5884E-04 2.0000E-04
3.3997E-04 2.0000E-04
2.4244E-04 2.0000E-04
1.7989E-04 2.0000E-04
2.0861E-04 2.0000E-04
4.3341E-04 2.0000E-04
1.8917E-04 2.0000E-04
1.6516E-04 2.0000E-04
1.9795E-04 2.0000E-04
4.1196E-04 2.0000E-04
1.8018E-04 2.0000E-04
1.4048E-04 2.0000E-04
1.7951E-04 2.0000E-04
3.3581E-04 2.0000E-04
1.8501E-04 2.0000E-04
1.5017E-04 2.0000E-04
1.8097E-04 2.0000E-04
3.3943E-04 2.0000E-04
1.7413E-04 2.0000E-04
1.3599E-04 2.0000E-04
1.8345E-04 2.0000E-04
2.5466E-04 2.0000E-04
1.7897E-04 2.0000E-04
1.7086E-04 2.0000E-04
1.8920E-04 2.0000E-04
1.8756E-04 2.0000E-04
3.4633E-04 2.0000E-04
1.7779E-04 2.0000E-04
1.5623E-04 2.0000E-04
1.9190E-04 2.0000E-04
4.2785E-04 2.0000E-04
2.0220E-04 2.0000E-04
1.5146E-04 2.0000E-04
1.9121E-04 2.0000E-04
3.5488E-04 2.0000E-04
2.0577E-04 2.0000E-04
1.7800E-04 2.0000E-04
2.6344E-04 2.0000E-04
2.5710E-04 2.0000E-04
2.2375E-04 2.0000E-04
2.3611E-04 2.0000E-04
2.8497E-04 2.0000E-04
2.3140E-04 2.0000E-04
2.5396E-04 2.0000E-04
3.4616E-04 2.0000E-04
2.1141E-04 2.0000E-04
2.0502E-04 2.0000E-04
2.4075E-04 2.0000E-04
3.4514E-04 2.0000E-04
1.9523E-04 2.0000E-04
1.9613E-04 2.0000E-04
2.2995E-04 2.0000E-04
2.2039E-04 2.0000E-04
2.5669E-04 2.0000E-04
1.8180E-04 2.0000E-04
1.6655E-04 2.0000E-04
2.0075E-04 2.0000E-04
2.1234E-04 2.0000E-04
1.6844E-04 2.0000E-04
1.5220E-04 2.0000E-04
2.0233E-04 2.0000E-04
1.7227E-04 2.0000E-04
1.5646E-04 2.0000E-04
1.6134E-04 2.0000E-04
1.9979E-04 2.0000E-04
1.6428E-04 2.0000E-04
1.4786E-04 2.0000E-04
1.6372E-04 2.0000E-04
2.2815E-04 2.0000E-04
1.7352E-04 2.0000E-04
1.5525E-04 2.0000E-04
1.8805E-04 2.0000E-04
2.2338E-04 2.0000E-04
1.9534E-04 2.0000E-04
1.9017E-04 2.0000E-04
2.2411E-04 2.0000E-04
2.2651E-04 2.0000E-04
2.1350E-04 2.0000E-04
2.6203E-04 2.0000E-04
2.2632E-04 2.0000E-04
2.3893E-04 2.0000E-04
3.2530E-04 2.0000E-04
2.5508E-04 2.0000E-04
2.6610E-04 2.0000E-04
3.4187E-04 2.0000E-04
4.4960E-04 2.0000E-04
3.7149E-04 2.0000E-04
3.5783E-04 2.0000E-04
4.0114E-04 2.0000E-04
6.5544E-04 2.0000E-04
4.6647E-04 2.0000E-04
6.2308E-04 2.0000E-04
4.6465E-04 2.0000E-04
3.0785E-04 2.0000E-04
3.6123E-04 2.0000E-04
4.7333E-04 2.0000E-04
4.6815E-04 2.0000E-04
3.6630E-04 2.0000E-04
3.8129E-04 2.0000E-04
3.4801E-04 2.0000E-04
3.4955E-04 2.0000E-04
3.1241E-04 2.0000E-04
2.8359E-04 2.0000E-04
2.8284E-04 2.0000E-04
3.3847E-04 2.0000E-04
2.5297E-04 2.0000E-04
2.1055E-04 2.0000E-04
2.5072E-04 2.0000E-04
2.2436E-04 2.0000E-04
1.8064E-04 2.0000E-04
1.7427E-04 2.0000E-04
2.1416E-04 2.0000E-04
1.7958E-04 2.0000E-04
1.7405E-04 2.0000E-04
1.6685E-04 2.0000E-04
1.7844E-04 2.0000E-04
2.4846E-04 2.0000E-04
1.4459E-04 2.0000E-04
1.5119E-04 2.0000E-04
1.9168E-04 2.0000E-04
2.6980E-04 2.0000E-04
1.5557E-04 2.0000E-04
1.6090E-04 2.0000E-04
2.1717E-04 2.0000E-04
2.9878E-04 2.0000E-04
1.9311E-04 2.0000E-04
1.7374E-04 2.0000E-04
2.0438E-04 2.0000E-04
2.3503E-04 2.0000E-04
2.1625E-04 2.0000E-04
1.8101E-04 2.0000E-04
1.8365E-04 2.0000E-04
2.2483E-04 2.0000E-04
1.9187E-04 2.0000E-04
1.8760E-04 2.0000E-04
2.8663E-04 2.0000E-04
2.1439E-04 2.0000E-04
1.5723E-04 2.0000E-04
1.7271E-04 2.0000E-04
2.5058E-04 2.0000E-04
1.7920E-04 2.0000E-04
2.0485E-04 2.0000E-04
2.0059E-04 2.0000E-04
1.7382E-04 2.0000E-04
2.9525E-04 2.0000E-04
1.6001E-04 2.0000E-04
1.6169E-04 2.0000E-04
1.8325E-04 2.0000E-04
2.2401E-04 2.0000E-04
1.3013E-04 2.0000E-04
1.1893E-04 2.0000E-04
1.6132E-04 2.0000E-04
1.5016E-04 2.0000E-04
1.5366E-04 2.0000E-04
1.2148E-04 2.0000E-04
1.3847E-04 2.0000E-04
1.8017E-04 2.0000E-04
1.2705E-04 2.0000E-04
1.2385E-04 2.0000E-04
1.7249E-04 2.0000E-04
1.3730E-04 2.0000E-04
1.6987E-04 2.0000E-04
1.3863E-04 2.0000E-04
1.4566E-04 2.0000E-04
1.3915E-04 2.0000E-04
1.6178E-04 2.0000E-04
1.6089E-04 2.0000E-04
1.3920E-04 2.0000E-04
1.5716E-04 2.0000E-04
2.4100E-04 2.0000E-04
1.4893E-04 2.0000E-04
1.6354E-04 2.0000E-04
2.5783E-04 2.0000E-04
1.8783E-04 2.0000E-04
1.6641E-04 2.0000E-04
1.6915E-04 2.0000E-04
2.1148E-04 2.0000E-04
1.9923E-04 2.0000E-04
2.1906E-04 2.0000E-04
1.9236E-04 2.0000E-04
2.3989E-04 2.0000E-04
3.2008E-04 2.0000E-04
1.9542E-04 2.0000E-04
1.5948E-04 2.0000E-04
1.8478E-04 2.0000E-04
2.8568E-04 2.0000E-04
1.7431E-04 2.0000E-04
1.6237E-04 2.0000E-04
2.1044E-04 2.0000E-04
1.8154E-04 2.0000E-04
1.6067E-04 2.0000E-04
2.3445E-04 2.0000E-04
2.2446E-04 2.0000E-04
1.5499E-04 2.0000E-04
1.3132E-04 2.0000E-04
1.6292E-04 2.0000E-04
2.4797E-04 2.0000E-04
1.3381E-04 2.0000E-04
1.2813E-04 2.0000E-04
1.5054E-04 2.0000E-04
3.6942E-04 2.0000E-04
1.3279E-04 2.0000E-04
1.1259E-04 2.0000E-04
1.4157E-04 2.0000E-04
2.1646E-04 2.0000E-04
1.9522E-04 2.0000E-04
1.2459E-04 2.0000E-04
1.6041E-04 2.0000E-04
1.8990E-04 2.0000E-04
1.4778E-04 2.0000E-04
2.0381E-04 2.0000E-04
1.3970E-04 2.0000E-04
1.3060E-04 2.0000E-04
1.6541E-04 2.0000E-04
2.5531E-04 2.0000E-04
1.2756E-04 2.0000E-04
1.1059E-04 2.0000E-04
1.2936E-04 2.0000E-04
2.4407E-04 2.0000E-04
1.3108E-04 2.0000E-04
1.1190E-04 2.0000E-04
1.3952E-04 2.0000E-04
1.5300E-04 2.0000E-04
1.1820E-04 2.0000E-04
1.7869E-04 2.0000E-04
1.5306E-04 2.0000E-04
1.1881E-04 2.0000E-04
1.2894E-04 2.0000E-04
1.9684E-04 2.0000E-04
1.3880E-04 2.0000E-04
1.3137E-04 2.0000E-04
1.5536E-04 2.0000E-04
1.3646E-04 2.0000E-04
1.9763E-04 2.0000E-04
1.5881E-04 2.0000E-04
1.2909E-04 2.0000E-04
1.8585E-04 2.0000E-04
1.6383E-04 2.0000E-04
1.1031E-04 2.0000E-04
1.2165E-04 2.0000E-04
1.9496E-04 2.0000E-04
1.3696E-04 2.0000E-04
1.3252E-04 2.0000E-04
1.4220E-04 2.0000E-04
1.5797E-04 2.0000E-04
1.7027E-04 2.0000E-04
1.4790E-04 2.0000E-04
1.4599E-04 2.0000E-04
1.9527E-04 2.0000E-04
1.6462E-04 2.0000E-04
1.6917E-04 2.0000E-04
1.6353E-04 2.0000E-04
1.7463E-04 2.0000E-04
2.0428E-04 2.0000E-04
2.0363E-04 2.0000E-04
1.7416E-04 2.0000E-04
3.6511E-04 2.0000E-04
1.9385E-04 2.0000E-04
1.4775E-04 2.0000E-04
2.0996E-04 2.0000E-04
2.7274E-04 2.0000E-04
2.3095E-04 2.0000E-04
2.5762E-04 2.0000E-04
1.9554E-04 2.0000E-04
4.4049E-04 2.0000E-04
3.4082E-04 2.0000E-04
1.7509E-04 2.0000E-04
2.0792E-04 2.0000E-04
2.4403E-04 2.0000E-04
4.1032E-04 2.0000E-04
2.4437E-04 2.0000E-04
1.8155E-04 2.0000E-04
4.5824E-04 2.0000E-04
2.7561E-04 2.0000E-04
1.9774E-04 2.0000E-04
2.9876E-04 2.0000E-04
2.4452E-04 2.0000E-04
2.3613E-04 2.0000E-04
4.3800E-04 2.0000E-04
2.3750E-04 2.0000E-04
3.0040E-04 2.0000E-04
2.3797E-04 2.0000E-04
1.8062E-04 2.0000E-04
2.3863E-04 2.0000E-04
2.3929E-04 2.0000E-04
1.6536E-04 2.0000E-04
1.7590E-04 2.0000E-04
1.8974E-04 2.0000E-04
1.5603E-04 2.0000E-04
2.3265E-04 2.0000E-04
1.3716E-04 2.0000E-04
1.2283E-04 2.0000E-04
1.5262E-04 2.0000E-04
2.8557E-04 2.0000E-04
1.3283E-04 2.0000E-04
1.0936E-04 2.0000E-04
1.2990E-04 2.0000E-04
2.3517E-04 2.0000E-04
1.1937E-04 2.0000E-04
1.0950E-04 2.0000E-04
1.3920E-04 2.0000E-04
2.2303E-04 2.0000E-04
1.3494E-04 2.0000E-04
1.1361E-04 2.0000E-04
1.4291E-04 2.0000E-04
1.4626E-04 2.0000E-04
1.5585E-04 2.0000E-04
1.1822E-04 2.0000E-04
1.1610E-04 2.0000E-04
1.5244E-04 2.0000E-04
1.2133E-04 2.0000E-04
1.1001E-04 2.0000E-04
1.4133E-04 2.0000E-04
1.7431E-04 2.0000E-04
1.1026E-04 2.0000E-04
1.1637E-04 2.0000E-04
1.3672E-04 2.0000E-04
1.1549E-04 2.0000E-04
2.2798E-04 2.0000E-04
1.0052E-04 2.0000E-04
9.1467E-05 2.0000E-04
1.2246E-04 2.0000E-04
2.4419E-04 2.0000E-04
1.0235E-04 2.0000E-04
7.7329E-05 2.0000E-04
1.0450E-04 2.0000E-04
1.6557E-04 2.0000E-04
1.0045E-04 2.0000E-04
8.5824E-05 2.0000E-04
1.2316E-04 2.0000E-04
1.3159E-04 2.0000E-04
9.7522E-05 2.0000E-04
1.0622E-04 2.0000E-04
1.1766E-04 2.0000E-04
1.0328E-04 2.0000E-04
1.3240E-04 2.0000E-04
9.8236E-05 2.0000E-04
9.1433E-05 2.0000E-04
1.2467E-04 2.0000E-04
1.6940E-04 2.0000E-04
9.0064E-05 2.0000E-04
8.9823E-05 2.0000E-04
1.0638E-04 2.0000E-04
1.0631E-04 2.0000E-04
1.2555E-04 2.0000E-04
8.9262E-05 2.0000E-04
8.7466E-05 2.0000E-04
1.5435E-04 2.0000E-04
1.2301E-04 2.0000E-04
8.8528E-05 2.0000E-04
1.1647E-04 2.0000E-04
1.3050E-04 2.0000E-04
1.0455E-04 2.0000E-04
1.4587E-04 2.0000E-04
1.1518E-04 2.0000E-04
1.0635E-04 2.0000E-04
1.4798E-04 2.0000E-04
2.6350E-04 2.0000E-04
1.2253E-04 2.0000E-04
1.0591E-04 2.0000E-04
1.0571E-04 2.0000E-04
1.6270E-04 2.0000E-04
3.2016E-04 2.0000E-04
1.1747E-04 2.0000E-04
1.2957E-04 2.0000E-04
1.1317E-04 2.0000E-04
1.5400E-04 2.0000E-04
3.1170E-04 2.0000E-04
1.2971E-04 2.0000E-04
1.2655E-04 2.0000E-04
1.5254E-04 2.0000E-04
1.7809E-04 2.0000E-04
2.1704E-04 2.0000E-04
1.6056E-04 2.0000E-04
1.4752E-04 2.0000E-04
1.3538E-04 2.0000E-04
2.9012E-04 2.0000E-04
1.3196E-04 2.0000E-04
1.2992E-04 2.0000E-04
1.5100E-04 2.0000E-04
2.8694E-04 2.0000E-04
1.3283E-04 2.0000E-04
1.3782E-04 2.0000E-04
2.0958E-04 2.0000E-04
1.8949E-04 2.0000E-04
1.6690E-04 2.0000E-04
1.5450E-04 2.0000E-04
1.6165E-04 2.0000E-04
2.2433E-04 2.0000E-04
1.6445E-04 2.0000E-04
1.4358E-04 2.0000E-04
1.7030E-04 2.0000E-04
1.9382E-04 2.0000E-04
1.2731E-04 2.0000E-04
1.2485E-04 2.0000E-04
1.7742E-04 2.0000E-04
1.3698E-04 2.0000E-04
1.8958E-04 2.0000E-04
1.3131E-04 2.0000E-04
1.2098E-04 2.0000E-04
1.7892E-04 2.0000E-04
1.9098E-04 2.0000E-04
1.2675E-04 2.0000E-04
1.1747E-04 2.0000E-04
1.9573E-04 2.0000E-04
1.3200E-04 2.0000E-04
1.3197E-04 2.0000E-04
1.2468E-04 2.0000E-04
1.1040E-04 2.0000E-04
2.4069E-04 2.0000E-04
1.0030E-04 2.0000E-04
9.0352E-05 2.0000E-04
1.0710E-04 2.0000E-04
2.3028E-04 2.0000E-04
1.1168E-04 2.0000E-04
8.6872E-05 2.0000E-04
1.0676E-04 2.0000E-04
1.9950E-04 2.0000E-04
1.0428E-04 2.0000E-04
8.5624E-05 2.0000E-04
1.0839E-04 2.0000E-04
1.8844E-04 2.0000E-04
1.0286E-04 2.0000E-04
9.5370E-05 2.0000E-04
1.1419E-04 2.0000E-04
2.2086E-04 2.0000E-04
1.0684E-04 2.0000E-04
9.1403E-05 2.0000E-04
1.1382E-04 2.0000E-04
2.2435E-04 2.0000E-04
1.1978E-04 2.0000E-04
1.0353E-04 2.0000E-04
1.4461E-04 2.0000E-04
1.4160E-04 2.0000E-04
1.1327E-04 2.0000E-04
1.2207E-04 2.0000E-04
1.3552E-04 2.0000E-04
1.2007E-04 2.0000E-04
1.8454E-04 2.0000E-04
1.6958E-04 2.0000E-04
1.1054E-04 2.0000E-04
1.0839E-04 2.0000E-04
1.3764E-04 2.0000E-04
1.7099E-04 2.0000E-04
1.8339E-04 2.0000E-04
1.5835E-04 2.0000E-04
2.7100E-04 2.0000E-04
1.2320E-04 2.0000E-04
9.6803E-05 2.0000E-04
1.3542E-04 2.0000E-04
2.5919E-04 2.0000E-04
1.3623E-04 2.0000E-04
1.0736E-04 2.0000E-04
1.3017E-04 2.0000E-04
2.0273E-04 2.0000E-04
1.6414E-04 2.0000E-04
9.8653E-05 2.0000E-04
1.4675E-04 2.0000E-04
1.6249E-04 2.0000E-04
1.1803E-04 2.0000E-04
1.4755E-04 2.0000E-04
1.3134E-04 2.0000E-04
1.2046E-04 2.0000E-04
1.6296E-04 2.0000E-04
1.2952E-04 2.0000E-04
1.2759E-04 2.0000E-04
1.4511E-04 2.0000E-04
2.4374E-04 2.0000E-04
1.3342E-04 2.0000E-04
1.3286E-04 2.0000E-04
1.6268E-04 2.0000E-04
2.7733E-04 2.0000E-04
1.7744E-04 2.0000E-04
1.6302E-04 2.0000E-04
2.5399E-04 2.0000E-04
2.0243E-04 2.0000E-04
1.9321E-04 2.0000E-04
2.4113E-04 2.0000E-04
2.1347E-04 2.0000E-04
1.8635E-04 2.0000E-04
2.4855E-04 2.0000E-04
3.5068E-04 2.0000E-04
2.3271E-04 2.0000E-04
1.8467E-04 2.0000E-04
2.0362E-04 2.0000E-04
2.8044E-04 2.0000E-04
2.1771E-04 2.0000E-04
1.8029E-04 2.0000E-04
1.9673E-04 2.0000E-04
2.2106E-04 2.0000E-04
1.9780E-04 2.0000E-04
2.2950E-04 2.0000E-04
2.3564E-04 2.0000E-04
1.7179E-04 2.0000E-04
1.4153E-04 2.0000E-04
2.1702E-04 2.0000E-04
1.8817E-04 2.0000E-04
1.5342E-04 2.0000E-04
1.9607E-04 2.0000E-04
2.3435E-04 2.0000E-04
1.6516E-04 2.0000E-04
1.7745E-04 2.0000E-04
2.1942E-04 2.0000E-04
1.7740E-04 2.0000E-04
4.4879E-04 2.0000E-04
2.5388E-04 2.0000E-04
1.5339E-04 2.0000E-04
1.3919E-04 2.0000E-04
2.5999E-04 2.0000E-04
3.1244E-04 2.0000E-04
1.7875E-04 2.0000E-04
1.6374E-04 2.0000E-04
2.0969E-04 2.0000E-04
2.3179E-04 2.0000E-04
2.2041E-04 2.0000E-04
2.4238E-04 2.0000E-04
2.2715E-04 2.0000E-04
1.7138E-04 2.0000E-04
1.9455E-04 2.0000E-04
2.7031E-04 2.0000E-04
2.0081E-04 2.0000E-04
1.6239E-04 2.0000E-04
1.8592E-04 2.0000E-04
2.0046E-04 2.0000E-04
1.7612E-04 2.0000E-04
4.1179E-04 2.0000E-04
2.7206E-04 2.0000E-04
1.6911E-04 2.0000E-04
1.3123E-04 2.0000E-04
2.1032E-04 2.0000E-04
3.0342E-04 2.0000E-04
1.8279E-04 2.0000E-04
1.5981E-04 2.0000E-04
1.9829E-04 2.0000E-04
1.8832E-04 2.0000E-04
4.0873E-04 2.0000E-04
1.6483E-04 2.0000E-04
2.3289E-04 2.0000E-04
1.6416E-04 2.0000E-04
1.4625E-04 2.0000E-04
2.3826E-04 2.0000E-04
1.7125E-04 2.0000E-04
1.5555E-04 2.0000E-04
2.0988E-04 2.0000E-04
1.8954E-04 2.0000E-04
1.5489E-04 2.0000E-04
1.6108E-04 2.0000E-04
2.6049E-04 2.0000E-04
1.6916E-04 2.0000E-04
1.6023E-04 2.0000E-04
1.5108E-04 2.0000E-04
1.5215E-04 2.0000E-04
2.5028E-04 2.0000E-04
1.6528E-04 2.0000E-04
1.5120E-04 2.0000E-04
1.6736E-04 2.0000E-04
2.2852E-04 2.0000E-04
1.5386E-04 2.0000E-04
1.4964E-04 2.0000E-04
2.2064E-04 2.0000E-04
1.6015E-04 2.0000E-04
2.5234E-04 2.0000E-04
2.8665E-04 2.0000E-04
2.0888E-04 2.0000E-04
1.6064E-04 2.0000E-04
1.8907E-04 2.0000E-04
2.7765E-04 2.0000E-04
2.0659E-04 2.0000E-04
1.8411E-04 2.0000E-04
3.3597E-04 2.0000E-04
2.0882E-04 2.0000E-04
1.5186E-04 2.0000E-04
1.5936E-04 2.0000E-04
2.3443E-04 2.0000E-04
1.7638E-04 2.0000E-04
2.0587E-04 2.0000E-04
2.1578E-04 2.0000E-04
1.5409E-04 2.0000E-04
1.6036E-04 2.0000E-04
2.2807E-04 2.0000E-04
1.6897E-04 2.0000E-04
2.3100E-04 2.0000E-04
2.4582E-04 2.0000E-04
1.3890E-04 2.0000E-04
9.7734E-05 2.0000E-04
1.6120E-04 2.0000E-04
2.9681E-04 2.0000E-04
1.3087E-04 2.0000E-04
1.1977E-04 2.0000E-04
1.5912E-04 2.0000E-04
1.9750E-04 2.0000E-04
4.1909E-04 2.0000E-04
1.3546E-04 2.0000E-04
1.5825E-04 2.0000E-04
1.7414E-04 2.0000E-04
2.1746E-04 2.0000E-04
2.5765E-04 2.0000E-04
1.5487E-04 2.0000E-04
1.7887E-04 2.0000E-04
2.0584E-04 2.0000E-04
2.3569E-04 2.0000E-04
1.5956E-04 2.0000E-04
1.8143E-04 2.0000E-04
2.3344E-04 2.0000E-04
2.6334E-04 2.0000E-04
1.7174E-04 2.0000E-04
1.7288E-04 2.0000E-04
2.2842E-04 2.0000E-04
2.8469E-04 2.0000E-04
2.7346E-04 2.0000E-04
1.4489E-04 2.0000E-04
1.3315E-04 2.0000E-04
1.6491E-04 2.0000E-04
3.4790E-04 2.0000E-04
1.2972E-04 2.0000E-04
1.0244E-04 2.0000E-04
1.2637E-04 2.0000E-04
1.6084E-04 2.0000E-04
2.8897E-04 2.0000E-04
9.1765E-05 2.0000E-04
8.4031E-05 2.0000E-04
1.1274E-04 2.0000E-04
2.2886E-04 2.0000E-04
1.0386E-04 2.0000E-04
7.7855E-05 2.0000E-04
9.1464E-05 2.0000E-04
1.4545E-04 2.0000E-04
9.8858E-05 2.0000E-04
7.3938E-05 2.0000E-04
1.2032E-04 2.0000E-04
1.2597E-04 2.0000E-04
8.2276E-05 2.0000E-04
7.8091E-05 2.0000E-04
8.7804E-05 2.0000E-04
1.1752E-04 2.0000E-04
1.3703E-04 2.0000E-04
8.0570E-05 2.0000E-04
6.8741E-05 2.0000E-04
8.2702E-05 2.0000E-04
1.8525E-04 2.0000E-04
7.6189E-05 2.0000E-04
6.2836E-05 2.0000E-04
7.5826E-05 2.0000E-04
1.2502E-04 2.0000E-04
7.5975E-05 2.0000E-04
6.1902E-05 2.0000E-04
1.0247E-04 2.0000E-04
7.7048E-05 2.0000E-04
6.9429E-05 2.0000E-04
1.0310E-04 2.0000E-04
9.8435E-05 2.0000E-04
7.0953E-05 2.0000E-04
7.2510E-05 2.0000E-04
9.7400E-05 2.0000E-04
8.0026E-05 2.0000E-04
1.2136E-04 2.0000E-04
9.5832E-05 2.0000E-04
7.2430E-05 2.0000E-04
7.1692E-05 2.0000E-04
1.1988E-04 2.0000E-04
8.3787E-05 2.0000E-04
8.2818E-05 2.0000E-04
1.0178E-04 2.0000E-04
8.3564E-05 2.0000E-04
1.1704E-04 2.0000E-04
9.6416E-05 2.0000E-04
7.6473E-05 2.0000E-04
8.6516E-05 2.0000E-04
1.5242E-04 2.0000E-04
8.3579E-05 2.0000E-04
6.5966E-05 2.0000E-04
7.9008E-05 2.0000E-04
1.3029E-04 2.0000E-04
1.5346E-04 2.0000E-04
6.3675E-05 2.0000E-04
6.3183E-05 2.0000E-04
8.4840E-05 2.0000E-04
1.7163E-04 2.0000E-04
7.5196E-05 2.0000E-04
6.0265E-05 2.0000E-04
7.6172E-05 2.0000E-04
1.0892E-04 2.0000E-04
8.0992E-05 2.0000E-04
5.9888E-05 2.0000E-04
9.0160E-05 2.0000E-04
8.5169E-05 2.0000E-04
7.3738E-05 2.0000E-04
8.9925E-05 2.0000E-04
6.9878E-05 2.0000E-04
8.1078E-05 2.0000E-04
7.2448E-05 2.0000E-04
9.8617E-05 2.0000E-04
6.2871E-05 2.0000E-04
6.4850E-05 2.0000E-04
7.3023E-05 2.0000E-04
1.2187E-04 2.0000E-04
5.6354E-05 2.0000E-04
5.6124E-05 2.0000E-04
6.5332E-05 2.0000E-04
1.4362E-04 2.0000E-04
6.0990E-05 2.0000E-04
4.9751E-05 2.0000E-04
6.4081E-05 2.0000E-04
1.1264E-04 2.0000E-04
6.4703E-05 2.0000E-04
5.1700E-05 2.0000E-04
8.2068E-05 2.0000E-04
8.8279E-05 2.0000E-04
6.3587E-05 2.0000E-04
8.5011E-05 2.0000E-04
8.9734E-05 2.0000E-04
6.7888E-05 2.0000E-04
7.4087E-05 2.0000E-04
8.4211E-05 2.0000E-04
6.1901E-05 2.0000E-04
6.0970E-05 2.0000E-04
7.3907E-05 2.0000E-04
6.3763E-05 2.0000E-04
9.9119E-05 2.0000E-04
6.5039E-05 2.0000E-04
5.1131E-05 2.0000E-04
4.7603E-05 2.0000E-04
1.1028E-04 2.0000E-04
6.1311E-05 2.0000E-04
4.4707E-05 2.0000E-04
5.1464E-05 2.0000E-04
1.4370E-04 2.0000E-04
5.4789E-05 2.0000E-04
5.3320E-05 2.0000E-04
5.7043E-05 2.0000E-04
6.1357E-05 2.0000E-04
1.2251E-04 2.0000E-04
5.4963E-05 2.0000E-04
5.1365E-05 2.0000E-04
6.3001E-05 2.0000E-04
1.5162E-04 2.0000E-04
6.5036E-05 2.0000E-04
4.9745E-05 2.0000E-04
6.6594E-05 2.0000E-04
1.0166E-04 2.0000E-04
1.1884E-04 2.0000E-04
1.0297E-04 2.0000E-04
8.0769E-05 2.0000E-04
6.9976E-05 2.0000E-04
9.2332E-05 2.0000E-04
1.2835E-04 2.0000E-04
8.2535E-05 2.0000E-04
7.5964E-05 2.0000E-04
1.0212E-04 2.0000E-04
1.0421E-04 2.0000E-04
1.0962E-04 2.0000E-04
1.6524E-04 2.0000E-04
1.4480E-04 2.0000E-04
9.0030E-05 2.0000E-04
8.6404E-05 2.0000E-04
1.2364E-04 2.0000E-04
1.9338E-04 2.0000E-04
1.1538E-04 2.0000E-04
9.6501E-05 2.0000E-04
1.2944E-04 2.0000E-04
1.9400E-04 2.0000E-04
1.2756E-04 2.0000E-04
1.4160E-04 2.0000E-04
1.9219E-04 2.0000E-04
1.2695E-04 2.0000E-04
1.1115E-04 2.0000E-04
1.3196E-04 2.0000E-04
1.9236E-04 2.0000E-04
1.1887E-04 2.0000E-04
1.1563E-04 2.0000E-04
1.4039E-04 2.0000E-04
1.7655E-04 2.0000E-04
1.1219E-04 2.0000E-04
1.1346E-04 2.0000E-04
1.3406E-04 2.0000E-04
2.0926E-04 2.0000E-04
1.2250E-04 2.0000E-04
1.1582E-04 2.0000E-04
1.5272E-04 2.0000E-04
1.9767E-04 2.0000E-04
1.1189E-04 2.0000E-04
1.1095E-04 2.0000E-04
1.3517E-04 2.0000E-04
1.4522E-04 2.0000E-04
1.4428E-04 2.0000E-04
1.1133E-04 2.0000E-04
1.1544E-04 2.0000E-04
1.6826E-04 2.0000E-04
1.0667E-04 2.0000E-04
1.2139E-04 2.0000E-04
1.1043E-04 2.0000E-04
9.6647E-05 2.0000E-04
1.4812E-04 2.0000E-04
1.1159E-04 2.0000E-04
9.4943E-05 2.0000E-04
1.0574E-04 2.0000E-04
2.0306E-04 2.0000E-04
9.8871E-05 2.0000E-04
7.8187E-05 2.0000E-04
1.0138E-04 2.0000E-04
1.3120E-04 2.0000E-04
2.3612E-04 2.0000E-04
7.4957E-05 2.0000E-04
7.0967E-05 2.0000E-04
9.9242E-05 2.0000E-04
1.8258E-04 2.0000E-04
9.8153E-05 2.0000E-04
7.5294E-05 2.0000E-04
9.6497E-05 2.0000E-04
1.3549E-04 2.0000E-04
9.1349E-05 2.0000E-04
7.2671E-05 2.0000E-04
8.0278E-05 2.0000E-04
1.0954E-04 2.0000E-04
1.0553E-04 2.0000E-04
6.7247E-05 2.0000E-04
6.1901E-05 2.0000E-04
7.7789E-05 2.0000E-04
8.9469E-05 2.0000E-04
6.2143E-05 2.0000E-04
6.4588E-05 2.0000E-04
7.3797E-05 2.0000E-04
9.5269E-05 2.0000E-04
5.2141E-05 2.0000E-04
5.7769E-05 2.0000E-04
6.5391E-05 2.0000E-04
1.6204E-04 2.0000E-04
5.5831E-05 2.0000E-04
4.2860E-05 2.0000E-04
5.7425E-05 2.0000E-04
6.8840E-05 2.0000E-04
1.4181E-04 2.0000E-04
4.7895E-05 2.0000E-04
4.8643E-05 2.0000E-04
6.4194E-05 2.0000E-04
1.3062E-04 2.0000E-04
5.7587E-05 2.0000E-04
4.7662E-05 2.0000E-04
6.2472E-05 2.0000E-04
1.0007E-04 2.0000E-04
6.7528E-05 2.0000E-04
5.2621E-05 2.0000E-04
8.6667E-05 2.0000E-04
6.7651E-05 2.0000E-04
6.2989E-05 2.0000E-04
7.7992E-05 2.0000E-04
1.1222E-04 2.0000E-04
6.3064E-05 2.0000E-04
5.8247E-05 2.0000E-04
6.7757E-05 2.0000E-04
1.3342E-04 2.0000E-04
6.6204E-05 2.0000E-04
5.5622E-05 2.0000E-04
7.1990E-05 2.0000E-04
1.0817E-04 2.0000E-04
6.8945E-05 2.0000E-04
5.7664E-05 2.0000E-04
7.2790E-05 2.0000E-04
6.8463E-05 2.0000E-04
1.0513E-04 2.0000E-04
5.8941E-05 2.0000E-04
5.8026E-05 2.0000E-04
7.7681E-05 2.0000E-04
1.2054E-04 2.0000E-04
6.1671E-05 2.0000E-04
6.0782E-05 2.0000E-04
8.0763E-05 2.0000E-04
1.0885E-04 2.0000E-04
6.9308E-05 2.0000E-04
6.3378E-05 2.0000E-04
7.4077E-05 2.0000E-04
9.7760E-05 2.0000E-04
9.8043E-05 2.0000E-04
6.2176E-05 2.0000E-04
6.7537E-05 2.0000E-04
8.3491E-05 2.0000E-04
9.1206E-05 2.0000E-04
6.7741E-05 2.0000E-04
7.1899E-05 2.0000E-04
8.1342E-05 2.0000E-04
8.1519E-05 2.0000E-04
8.6473E-05 2.0000E-04
6.7767E-05 2.0000E-04
7.5339E-05 2.0000E-04
1.1118E-04 2.0000E-04
6.8796E-05 2.0000E-04
6.5589E-05 2.0000E-04
8.5026E-05 2.0000E-04
9.4984E-05 2.0000E-04
1.0569E-04 2.0000E-04
6.7396E-05 2.0000E-04
6.4821E-05 2.0000E-04
7.2642E-05 2.0000E-04
8.0584E-05 2.0000E-04
6.5465E-05 2.0000E-04
6.4206E-05 2.0000E-04
6.8299E-05 2.0000E-04
8.4549E-05 2.0000E-04
5.8315E-05 2.0000E-04
5.8142E-05 2.0000E-04
7.4277E-05 2.0000E-04
9.9956E-05 2.0000E-04
5.8251E-05 2.0000E-04
6.1756E-05 2.0000E-04
9.0118E-05 2.0000E-04
7.4007E-05 2.0000E-04
6.1692E-05 2.0000E-04
6.6245E-05 2.0000E-04
7.7906E-05 2.0000E-04
7.0437E-05 2.0000E-04
7.0776E-05 2.0000E-04
7.1138E-05 2.0000E-04
7.2884E-05 2.0000E-04
1.0313E-04 2.0000E-04
7.3484E-05 2.0000E-04
8.7034E-05 2.0000E-04
7.8731E-05 2.0000E-04
6.4616E-05 2.0000E-04
8.3975E-05 2.0000E-04
9.3374E-05 2.0000E-04
7.1381E-05 2.0000E-04
9.0493E-05 2.0000E-04
9.4647E-05 2.0000E-04
6.9370E-05 2.0000E-04
7.2882E-05 2.0000E-04
9.7161E-05 2.0000E-04
8.9477E-05 2.0000E-04
9.4405E-05 2.0000E-04
6.6014E-05 2.0000E-04
6.3070E-05 2.0000E-04
7.5741E-05 2.0000E-04
1.5749E-04 2.0000E-04
6.3884E-05 2.0000E-04
5.8050E-05 2.0000E-04
7.4259E-05 2.0000E-04
1.0971E-04 2.0000E-04
9.0676E-05 2.0000E-04
6.2873E-05 2.0000E-04
8.1996E-05 2.0000E-04
1.0743E-04 2.0000E-04
1.0977E-04 2.0000E-04
1.8701E-04 2.0000E-04
1.1964E-04 2.0000E-04
8.1061E-05 2.0000E-04
8.5397E-05 2.0000E-04
1.8558E-04 2.0000E-04
2.0354E-04 2.0000E-04
1.0393E-04 2.0000E-04
1.5153E-04 2.0000E-04
1.5602E-04 2.0000E-04
1.5306E-04 2.0000E-04
2.2163E-04 2.0000E-04
1.7429E-04 2.0000E-04
1.4514E-04 2.0000E-04
1.4826E-04 2.0000E-04
1.7816E-04 2.0000E-04
1.3351E-04 2.0000E-04
1.6608E-04 2.0000E-04
1.4891E-04 2.0000E-04
1.1373E-04 2.0000E-04
1.0623E-04 2.0000E-04
1.3092E-04 2.0000E-04
9.7977E-05 2.0000E-04
1.2708E-04 2.0000E-04
1.0323E-04 2.0000E-04
9.3126E-05 2.0000E-04
1.3938E-04 2.0000E-04
1.0430E-04 2.0000E-04
7.4378E-05 2.0000E-04
7.3894E-05 2.0000E-04
1.2452E-04 2.0000E-04
8.4595E-05 2.0000E-04
7.2406E-05 2.0000E-04
8.7285E-05 2.0000E-04
7.9312E-05 2.0000E-04
1.6744E-04 2.0000E-04
7.0433E-05 2.0000E-04
6.1137E-05 2.0000E-04
7.4868E-05 2.0000E-04
1.9146E-04 2.0000E-04
7.6569E-05 2.0000E-04
5.9227E-05 2.0000E-04
7.6564E-05 2.0000E-04
1.0170E-04 2.0000E-04
1.8648E-04 2.0000E-04
6.5079E-05 2.0000E-04
6.7205E-05 2.0000E-04
9.3091E-05 2.0000E-04
1.6129E-04 2.0000E-04
8.6391E-05 2.0000E-04
8.3430E-05 2.0000E-04
1.1423E-04 2.0000E-04
1.6019E-04 2.0000E-04
1.4330E-04 2.0000E-04
1.1338E-04 2.0000E-04
2.1216E-04 2.0000E-04
1.0361E-04 2.0000E-04
8.0704E-05 2.0000E-04
1.1553E-04 2.0000E-04
1.7081E-04 2.0000E-04
1.2378E-04 2.0000E-04
1.1104E-04 2.0000E-04
2.1354E-04 2.0000E-04
1.3556E-04 2.0000E-04
1.0147E-04 2.0000E-04
1.0864E-04 2.0000E-04
1.5925E-04 2.0000E-04
1.2388E-04 2.0000E-04
8.2363E-05 2.0000E-04
1.0550E-04 2.0000E-04
1.3624E-04 2.0000E-04
9.0288E-05 2.0000E-04
9.8018E-05 2.0000E-04
9.0166E-05 2.0000E-04
7.7536E-05 2.0000E-04
1.3072E-04 2.0000E-04
7.6098E-05 2.0000E-04
7.6963E-05 2.0000E-04
8.4178E-05 2.0000E-04
1.9180E-04 2.0000E-04
8.0584E-05 2.0000E-04
5.1117E-05 2.0000E-04
7.4532E-05 2.0000E-04
1.0432E-04 2.0000E-04
7.0466E-05 2.0000E-04
6.1617E-05 2.0000E-04
8.7466E-05 2.0000E-04
8.2044E-05 2.0000E-04
6.1260E-05 2.0000E-04
7.3779E-05 2.0000E-04
8.5385E-05 2.0000E-04
6.7768E-05 2.0000E-04
8.9856E-05 2.0000E-04
9.0540E-05 2.0000E-04
6.5171E-05 2.0000E-04
5.7398E-05 2.0000E-04
7.7192E-05 2.0000E-04
6.8106E-05 2.0000E-04
1.4281E-04 2.0000E-04
5.6727E-05 2.0000E-04
5.0969E-05 2.0000E-04
8.0102E-05 2.0000E-04
7.0098E-05 2.0000E-04
5.0748E-05 2.0000E-04
5.8062E-05 2.0000E-04
7.6487E-05 2.0000E-04
5.8544E-05 2.0000E-04
7.8483E-05 2.0000E-04
5.5383E-05 2.0000E-04
4.8760E-05 2.0000E-04
6.3423E-05 2.0000E-04
1.0736E-04 2.0000E-04
5.2434E-05 2.0000E-04
4.4900E-05 2.0000E-04
5.6017E-05 2.0000E-04
6.6646E-05 2.0000E-04
5.6884E-05 2.0000E-04
4.1371E-05 2.0000E-04
4.3424E-05 2.0000E-04
7.7950E-05 2.0000E-04
4.0909E-05 2.0000E-04
3.6794E-05 2.0000E-04
4.8581E-05 2.0000E-04
7.0334E-05 2.0000E-04
4.1398E-05 2.0000E-04
3.8761E-05 2.0000E-04
4.8142E-05 2.0000E-04
4.5818E-05 2.0000E-04
7.2581E-05 2.0000E-04
3.8361E-05 2.0000E-04
3.8420E-05 2.0000E-04
5.2270E-05 2.0000E-04
4.4956E-05 2.0000E-04
4.0801E-05 2.0000E-04
3.9678E-05 2.0000E-04
4.4885E-05 2.0000E-04
5.9322E-05 2.0000E-04
3.9231E-05 2.0000E-04
4.0248E-05 2.0000E-04
5.6191E-05 2.0000E-04
6.3566E-05 2.0000E-04
4.0639E-05 2.0000E-04
4.6090E-05 2.0000E-04
5.8274E-05 2.0000E-04
5.2023E-05 2.0000E-04
6.1578E-05 2.0000E-04
5.0273E-05 2.0000E-04
5.2408E-05 2.0000E-04
8.8147E-05 2.0000E-04
5.6070E-05 2.0000E-04
5.9992E-05 2.0000E-04
8.9266E-05 2.0000E-04
1.0577E-04 2.0000E-04
1.0012E-04 2.0000E-04
8.3694E-05 2.0000E-04
1.0380E-04 2.0000E-04
9.7369E-05 2.0000E-04
1.6133E-04 2.0000E-04
1.5842E-04 2.0000E-04
2.0610E-04 2.0000E-04
1.2580E-04 2.0000E-04
1.1585E-04 2.0000E-04
1.8469E-04 2.0000E-04
2.9445E-04 2.0000E-04
1.8810E-04 2.0000E-04
2.6765E-04 2.0000E-04
2.6312E-04 2.0000E-04
1.4735E-04 2.0000E-04
1.0124E-04 2.0000E-04
1.1493E-04 2.0000E-04
1.8209E-04 2.0000E-04
1.5983E-04 2.0000E-04
9.9578E-05 2.0000E-04
1.2136E-04 2.0000E-04
1.1592E-04 2.0000E-04
1.1599E-04 2.0000E-04
9.0413E-05 2.0000E-04
7.9862E-05 2.0000E-04
7.9350E-05 2.0000E-04
1.4012E-04 2.0000E-04
6.6018E-05 2.0000E-04
5.8851E-05 2.0000E-04
6.8295E-05 2.0000E-04
1.6846E-04 2.0000E-04
5.9317E-05 2.0000E-04
4.5266E-05 2.0000E-04
5.5773E-05 2.0000E-04
7.3324E-05 2.0000E-04
9.5840E-05 2.0000E-04
4.3758E-05 2.0000E-04
4.7904E-05 2.0000E-04
5.5625E-05 2.0000E-04
1.5459E-04 2.0000E-04
4.2467E-05 2.0000E-04
3.2873E-05 2.0000E-04
4.3002E-05 2.0000E-04
5.6776E-05 2.0000E-04
7.5450E-05 2.0000E-04
3.2393E-05 2.0000E-04
3.5482E-05 2.0000E-04
4.2107E-05 2.0000E-04
1.1297E-04 2.0000E-04
3.3606E-05 2.0000E-04
2.5906E-05 2.0000E-04
3.3336E-05 2.0000E-04
4.0682E-05 2.0000E-04
8.5098E-05 2.0000E-04
2.7578E-05 2.0000E-04
2.6890E-05 2.0000E-04
3.3640E-05 2.0000E-04
7.6895E-05 2.0000E-04
3.1301E-05 2.0000E-04
2.4142E-05 2.0000E-04
3.0850E-05 2.0000E-04
3.9856E-05 2.0000E-04
6.0515E-05 2.0000E-04
2.3426E-05 2.0000E-04
2.5412E-05 2.0000E-04
3.0348E-05 2.0000E-04
7.8845E-05 2.0000E-04
2.5700E-05 2.0000E-04
1.9034E-05 2.0000E-04
2.5765E-05 2.0000E-04
2.9316E-05 2.0000E-04
5.4608E-05 2.0000E-04
2.2862E-05 2.0000E-04
1.8593E-05 2.0000E-04
2.4726E-05 2.0000E-04
4.3608E-05 2.0000E-04
2.4120E-05 2.0000E-04
2.0013E-05 2.0000E-04
2.8328E-05 2.0000E-04
4.3609E-05 2.0000E-04
2.6312E-05 2.0000E-04
2.1750E-05 2.0000E-04
2.7185E-05 2.0000E-04
3.9105E-05 2.0000E-04
3.0760E-05 2.0000E-04
2.6610E-05 2.0000E-04
3.8682E-05 2.0000E-04
3.4997E-05 2.0000E-04
3.1189E-05 2.0000E-04
5.4532E-05 2.0000E-04
3.5032E-05 2.0000E-04
3.1033E-05 2.0000E-04
3.1513E-05 2.0000E-04
5.3914E-05 2.0000E-04
3.7434E-05 2.0000E-04
3.6419E-05 2.0000E-04
4.0838E-05 2.0000E-04
4.2839E-05 2.0000E-04
4.6771E-05 2.0000E-04
8.5948E-05 2.0000E-04
8.2548E-05 2.0000E-04
3.6689E-05 2.0000E-04
4.6434E-05 2.0000E-04
7.2477E-05 2.0000E-04
7.2109E-05 2.0000E-04
1.2260E-04 2.0000E-04
7.7669E-05 2.0000E-04
5.9104E-05 2.0000E-04
8.0206E-05 2.0000E-04
9.4676E-05 2.0000E-04
8.2556E-05 2.0000E-04
2.1263E-04 2.0000E-04
8.7653E-05 2.0000E-04
8.6791E-05 2.0000E-04
8.2433E-05 2.0000E-04
1.0503E-04 2.0000E-04
2.0917E-04 2.0000E-04
1.1281E-04 2.0000E-04
8.6091E-05 2.0000E-04
1.3108E-04 2.0000E-04
8.9156E-05 2.0000E-04
8.1727E-05 2.0000E-04
8.5775E-05 2.0000E-04
1.4249E-04 2.0000E-04
9.2269E-05 2.0000E-04
1.0600E-04 2.0000E-04
9.0685E-05 2.0000E-04
1.0048E-04 2.0000E-04
9.0741E-05 2.0000E-04
1.0919E-04 2.0000E-04
8.5512E-05 2.0000E-04
6.5238E-05 2.0000E-04
7.5983E-05 2.0000E-04
8.1900E-05 2.0000E-04
5.2747E-05 2.0000E-04
6.6100E-05 2.0000E-04
8.4578E-05 2.0000E-04
6.0910E-05 2.0000E-04
5.8516E-05 2.0000E-04
1.0809E-04 2.0000E-04
5.3848E-05 2.0000E-04
4.9339E-05 2.0000E-04
5.3210E-05 2.0000E-04
6.5071E-05 2.0000E-04
6.5248E-05 2.0000E-04
4.3786E-05 2.0000E-04
4.1050E-05 2.0000E-04
4.7596E-05 2.0000E-04
1.0761E-04 2.0000E-04
3.6924E-05 2.0000E-04
3.3972E-05 2.0000E-04
4.3204E-05 2.0000E-04
6.5129E-05 2.0000E-04
4.8412E-05 2.0000E-04
3.0004E-05 2.0000E-04
3.9392E-05 2.0000E-04
4.7394E-05 2.0000E-04
4.2593E-05 2.0000E-04
4.3031E-05 2.0000E-04
3.2740E-05 2.0000E-04
3.3155E-05 2.0000E-04
5.4816E-05 2.0000E-04
2.8957E-05 2.0000E-04
2.7505E-05 2.0000E-04
3.3928E-05 2.0000E-04
6.4395E-05 2.0000E-04
2.7799E-05 2.0000E-04
2.2117E-05 2.0000E-04
2.6113E-05 2.0000E-04
3.6400E-05 2.0000E-04
3.1894E-05 2.0000E-04
1.8916E-05 2.0000E-04
2.3878E-05 2.0000E-04
3.1383E-05 2.0000E-04
2.1876E-05 2.0000E-04
2.4075E-05 2.0000E-04
2.4470E-05 2.0000E-04
2.0822E-05 2.0000E-04
2.4840E-05 2.0000E-04
2.8667E-05 2.0000E-04
1.9763E-05 2.0000E-04
1.6094E-05 2.0000E-04
2.1398E-05 2.0000E-04
1.9102E-05 2.0000E-04
2.4054E-05 2.0000E-04
1.7855E-05 2.0000E-04
1.8286E-05 2.0000E-04
2.6720E-05 2.0000E-04
1.6169E-05 2.0000E-04
1.5207E-05 2.0000E-04
1.8189E-05 2.0000E-04
2.3378E-05 2.0000E-04
1.4866E-05 2.0000E-04
1.4881E-05 2.0000E-04
1.8322E-05 2.0000E-04
2.7750E-05 2.0000E-04
1.3894E-05 2.0000E-04
1.3831E-05 2.0000E-04
1.5825E-05 2.0000E-04
3.7114E-05 2.0000E-04
1.3617E-05 2.0000E-04
1.1533E-05 2.0000E-04
1.4812E-05 2.0000E-04
2.2300E-05 2.0000E-04
1.7909E-05 2.0000E-04
1.3510E-05 2.0000E-04
1.8448E-05 2.0000E-04
2.0832E-05 2.0000E-04
1.6878E-05 2.0000E-04
3.1118E-05 2.0000E-04
1.6568E-05 2.0000E-04
1.5383E-05 2.0000E-04
1.9158E-05 2.0000E-04
4.1940E-05 2.0000E-04
1.8504E-05 2.0000E-04
1.3514E-05 2.0000E-04
1.8462E-05 2.0000E-04
1.9573E-05 2.0000E-04
4.3156E-05 2.0000E-04
1.7777E-05 2.0000E-04
1.3786E-05 2.0000E-04
1.8127E-05 2.0000E-04
3.0434E-05 2.0000E-04
1.9184E-05 2.0000E-04
1.4821E-05 2.0000E-04
2.6533E-05 2.0000E-04
2.8924E-05 2.0000E-04
1.9334E-05 2.0000E-04
1.8879E-05 2.0000E-04
2.2315E-05 2.0000E-04
2.1564E-05 2.0000E-04
5.5478E-05 2.0000E-04
2.1667E-05 2.0000E-04
1.4789E-05 2.0000E-04
1.9504E-05 2.0000E-04
2.3233E-05 2.0000E-04
4.7479E-05 2.0000E-04
1.9495E-05 2.0000E-04
1.6692E-05 2.0000E-04
2.1389E-05 2.0000E-04
4.6108E-05 2.0000E-04
2.1358E-05 2.0000E-04
1.7450E-05 2.0000E-04
2.2537E-05 2.0000E-04
3.8642E-05 2.0000E-04
2.1638E-05 2.0000E-04
1.9063E-05 2.0000E-04
2.3120E-05 2.0000E-04
4.5678E-05 2.0000E-04
2.0823E-05 2.0000E-04
1.8045E-05 2.0000E-04
2.1016E-05 2.0000E-04
3.6049E-05 2.0000E-04
2.1093E-05 2.0000E-04
1.8023E-05 2.0000E-04
2.6185E-05 2.0000E-04
3.0625E-05 2.0000E-04
1.8082E-05 2.0000E-04
1.7381E-05 2.0000E-04
2.2380E-05 2.0000E-04
2.6733E-05 2.0000E-04
1.9157E-05 2.0000E-04
1.9362E-05 2.0000E-04
2.4069E-05 2.0000E-04
2.1922E-05 2.0000E-04
1.8264E-05 2.0000E-04
1.9074E-05 2.0000E-04
2.3305E-05 2.0000E-04
2.1148E-05 2.0000E-04
1.9480E-05 2.0000E-04
1.8748E-05 2.0000E-04
2.2564E-05 2.0000E-04
2.9299E-05 2.0000E-04
1.7908E-05 2.0000E-04
1.8308E-05 2.0000E-04
2.3949E-05 2.0000E-04
2.8181E-05 2.0000E-04
1.9082E-05 2.0000E-04
2.0343E-05 2.0000E-04
2.4359E-05 2.0000E-04
4.8507E-05 2.0000E-04
1.7335E-05 2.0000E-04
1.6174E-05 2.0000E-04
2.1041E-05 2.0000E-04
3.7969E-05 2.0000E-04
2.1019E-05 2.0000E-04
1.6620E-05 2.0000E-04
2.4800E-05 2.0000E-04
2.8951E-05 2.0000E-04
2.0664E-05 2.0000E-04
2.3261E-05 2.0000E-04
2.6276E-05 2.0000E-04
2.3538E-05 2.0000E-04
4.7706E-05 2.0000E-04
2.3939E-05 2.0000E-04
1.7943E-05 2.0000E-04
1.9594E-05 2.0000E-04
4.5035E-05 2.0000E-04
2.1783E-05 2.0000E-04
1.7490E-05 2.0000E-04
2.1811E-05 2.0000E-04
2.9272E-05 2.0000E-04
3.1899E-05 2.0000E-04
1.9069E-05 2.0000E-04
2.3141E-05 2.0000E-04
2.7130E-05 2.0000E-04
2.8265E-05 2.0000E-04
2.2524E-05 2.0000E-04
2.3669E-05 2.0000E-04
2.6099E-05 2.0000E-04
2.3036E-05 2.0000E-04
2.5241E-05 2.0000E-04
2.4537E-05 2.0000E-04
2.2378E-05 2.0000E-04
2.3701E-05 2.0000E-04
2.3288E-05 2.0000E-04
2.2854E-05 2.0000E-04
2.3236E-05 2.0000E-04
1.9999E-05 2.0000E-04
2.0240E-05 2.0000E-04
2.1206E-05 2.0000E-04
2.5026E-05 2.0000E-04
1.7071E-05 2.0000E-04
1.9727E-05 2.0000E-04
2.7694E-05 2.0000E-04
1.7521E-05 2.0000E-04
1.7429E-05 2.0000E-04
2.4723E-05 2.0000E-04
1.9920E-05 2.0000E-04
1.8037E-05 2.0000E-04
1.8668E-05 2.0000E-04
1.9312E-05 2.0000E-04
3.3235E-05 2.0000E-04
1.5548E-05 2.0000E-04
1.5414E-05 2.0000E-04
1.9250E-05 2.0000E-04
3.7601E-05 2.0000E-04
1.7379E-05 2.0000E-04
1.3723E-05 2.0000E-04
1.7078E-05 2.0000E-04
2.7509E-05 2.0000E-04
1.6524E-05 2.0000E-04
1.3137E-05 2.0000E-04
1.8011E-05 2.0000E-04
2.0753E-05 2.0000E-04
1.5923E-05 2.0000E-04
1.7229E-05 2.0000E-04
1.6294E-05 2.0000E-04
1.5820E-05 2.0000E-04
2.3688E-05 2.0000E-04
1.4792E-05 2.0000E-04
1.4086E-05 2.0000E-04
1.7204E-05 2.0000E-04
3.2027E-05 2.0000E-04
1.3741E-05 2.0000E-04
1.1322E-05 2.0000E-04
1.4493E-05 2.0000E-04
1.8985E-05 2.0000E-04
3.3767E-05 2.0000E-04
1.1878E-05 2.0000E-04
1.0549E-05 2.0000E-04
1.4638E-05 2.0000E-04
2.4342E-05 2.0000E-04
1.4384E-05 2.0000E-04
1.0803E-05 2.0000E-04
1.6151E-05 2.0000E-04
1.7978E-05 2.0000E-04
1.3667E-05 2.0000E-04
1.8023E-05 2.0000E-04
1.4853E-05 2.0000E-04
1.2928E-05 2.0000E-04
1.6848E-05 2.0000E-04
1.9405E-05 2.0000E-04
1.2564E-05 2.0000E-04
9.6355E-06 2.0000E-04
1.1415E-05 2.0000E-04
2.9808E-05 2.0000E-04
1.0153E-05 2.0000E-04
8.9023E-06 2.0000E-04
1.1437E-05 2.0000E-04
2.2727E-05 2.0000E-04
1.0978E-05 2.0000E-04
8.1252E-06 2.0000E-04
1.0380E-05 2.0000E-04
1.8069E-05 2.0000E-04
1.1041E-05 2.0000E-04
8.5802E-06 2.0000E-04
1.1538E-05 2.0000E-04
1.1833E-05 2.0000E-04
1.0017E-05 2.0000E-04
1.5093E-05 2.0000E-04
9.3404E-06 2.0000E-04
9.2564E-06 2.0000E-04
1.1101E-05 2.0000E-04
2.3411E-05 2.0000E-04
8.9554E-06 2.0000E-04
7.1123E-06 2.0000E-04
1.4578E-03 2.0000E-04
1.2146E-03 2.0000E-04
5.4893E-04 2.0000E-04
4.5045E-04 2.0000E-04
5.5452E-04 2.0000E-04
3.5081E-04 2.0000E-04
2.3059E-04 2.0000E-04
1.7080E-04 2.0000E-04
2.7110E-04 2.0000E-04
1.3133E-04 2.0000E-04
1.1765E-04 2.0000E-04
1.5239E-04 2.0000E-04
2.4217E-04 2.0000E-04
1.3811E-04 2.0000E-04
9.0335E-05 2.0000E-04
1.0731E-04 2.0000E-04
1.2496E-04 2.0000E-04
9.1098E-05 2.0000E-04
1.0457E-04 2.0000E-04
8.5309E-05 2.0000E-04
8.7893E-05 2.0000E-04
1.4325E-04 2.0000E-04
9.0824E-05 2.0000E-04
6.7572E-05 2.0000E-04
7.7028E-05 2.0000E-04
9.4550E-05 2.0000E-04
6.8720E-05 2.0000E-04
6.8870E-05 2.0000E-04
9.0994E-05 2.0000E-04
6.4548E-05 2.0000E-04
6.2004E-05 2.0000E-04
7.5324E-05 2.0000E-04
6.0003E-05 2.0000E-04
1.0206E-04 2.0000E-04
5.1359E-05 2.0000E-04
4.6031E-05 2.0000E-04
5.7909E-05 2.0000E-04
1.0817E-04 2.0000E-04
4.2721E-05 2.0000E-04
3.4090E-05 2.0000E-04
4.0095E-05 2.0000E-04
7.3631E-05 2.0000E-04
4.2090E-05 2.0000E-04
3.7776E-05 2.0000E-04
4.8493E-05 2.0000E-04
7.4166E-05 2.0000E-04
3.4099E-05 2.0000E-04
3.1894E-05 2.0000E-04
3.5421E-05 2.0000E-04
7.5242E-05 2.0000E-04
2.9262E-05 2.0000E-04
2.3453E-05 2.0000E-04
3.0734E-05 2.0000E-04
4.6110E-05 2.0000E-04
3.0450E-05 2.0000E-04
2.7824E-05 2.0000E-04
3.5936E-05 2.0000E-04
2.9932E-05 2.0000E-04
2.9415E-05 2.0000E-04
5.1122E-05 2.0000E-04
2.9260E-05 2.0000E-04
2.5590E-05 2.0000E-04
3.1297E-05 2.0000E-04
5.0865E-05 2.0000E-04
2.3690E-05 2.0000E-04
2.2856E-05 2.0000E-04
2.6234E-05 2.0000E-04
5.1934E-05 2.0000E-04
2.3272E-05 2.0000E-04
1.9334E-05 2.0000E-04
2.7411E-05 2.0000E-04
4.2125E-05 2.0000E-04
2.7993E-05 2.0000E-04
2.3328E-05 2.0000E-04
3.3160E-05 2.0000E-04
2.3775E-05 2.0000E-04
2.4857E-05 2.0000E-04
2.9604E-05 2.0000E-04
2.4372E-05 2.0000E-04
2.3648E-05 2.0000E-04
2.8207E-05 2.0000E-04
2.0785E-05 2.0000E-04
1.9737E-05 2.0000E-04
2.8300E-05 2.0000E-04
2.2275E-05 2.0000E-04
1.9184E-05 2.0000E-04
2.2300E-05 2.0000E-04
2.0630E-05 2.0000E-04
2.1022E-05 2.0000E-04
2.1673E-05 2.0000E-04
1.9731E-05 2.0000E-04
2.5112E-05 2.0000E-04
1.9608E-05 2.0000E-04
1.6057E-05 2.0000E-04
2.0697E-05 2.0000E-04
2.1457E-05 2.0000E-04
1.6380E-05 2.0000E-04
2.2600E-05 2.0000E-04
1.7369E-05 2.0000E-04
1.4902E-05 2.0000E-04
1.5778E-05 2.0000E-04
3.3454E-05 2.0000E-04
1.6334E-05 2.0000E-04
1.2516E-05 2.0000E-04
1.5091E-05 2.0000E-04
1.4886E-05 2.0000E-04
2.6213E-05 2.0000E-04
1.6734E-05 2.0000E-04
1.3002E-05 2.0000E-04
1.6426E-05 2.0000E-04
2.0189E-05 2.0000E-04
1.9949E-05 2.0000E-04
1.2662E-05 2.0000E-04
1.1900E-05 2.0000E-04
1.5523E-05 2.0000E-04
2.1109E-05 2.0000E-04
1.5322E-05 2.0000E-04
1.2366E-05 2.0000E-04
1.3824E-05 2.0000E-04
1.9765E-05 2.0000E-04
1.5886E-05 2.0000E-04
1.0673E-05 2.0000E-04
1.3857E-05 2.0000E-04
1.4156E-05 2.0000E-04
1.3767E-05 2.0000E-04
2.3750E-05 2.0000E-04
1.2817E-05 2.0000E-04
1.0552E-05 2.0000E-04
1.3209E-05 2.0000E-04
1.3966E-05 2.0000E-04
1.0887E-05 2.0000E-04
9.7551E-06 2.0000E-04
1.2478E-05 2.0000E-04
1.8375E-05 2.0000E-04
1.1190E-05 2.0000E-04
9.4994E-06 2.0000E-04
1.2201E-05 2.0000E-04
1.5316E-05 2.0000E-04
1.1592E-05 2.0000E-04
1.0499E-05 2.0000E-04
1.0619E-05 2.0000E-04
1.1613E-05 2.0000E-04
2.0676E-05 2.0000E-04
1.2680E-05 2.0000E-04
9.6297E-06 2.0000E-04
1.1340E-05 2.0000E-04
2.2051E-05 2.0000E-04
9.5439E-06 2.0000E-04
9.0700E-06 2.0000E-04
1.1045E-05 2.0000E-04
2.3119E-05 2.0000E-04
1.1273E-05 2.0000E-04
8.6748E-06 2.0000E-04
1.0398E-05 2.0000E-04
1.8336E-05 2.0000E-04
1.0939E-05 2.0000E-04
9.0535E-06 2.0000E-04
1.3658E-05 2.0000E-04
1.2788E-05 2.0000E-04
1.0055E-05 2.0000E-04
1.2179E-05 2.0000E-04
9.7037E-06 2.0000E-04
