RMS Grad   Target
1.2404E-03 3.0000E-03
1.2162E-03 3.0000E-03
1.2306E-03 3.0000E-03
6.3700E-04 3.0000E-03
4.6342E-04 3.0000E-03
5.5832E-04 3.0000E-03
8.7131E-04 3.0000E-03
2.5957E-04 3.0000E-03
1.6898E-04 3.0000E-03
1.7586E-04 3.0000E-03
1.6360E-04 3.0000E-03
1.4674E-04 3.0000E-03
1.3619E-04 3.0000E-03
1.2564E-04 3.0000E-03
4.3848E-04 3.0000E-03
5.4358E-04 3.0000E-03
1.6604E-04 3.0000E-03
1.0592E-04 3.0000E-03
1.1940E-04 3.0000E-03
1.1915E-04 3.0000E-03
2.2558E-04 3.0000E-03
8.6688E-05 3.0000E-03
8.8495E-05 3.0000E-03
1.1563E-04 3.0000E-03
3.2112E-04 3.0000E-03
7.0580E-05 3.0000E-03
5.5045E-05 3.0000E-03
6.6846E-05 3.0000E-03
8.8574E-05 3.0000E-03
1.3688E-04 3.0000E-03
5.0702E-05 3.0000E-03
4.7676E-05 3.0000E-03
5.9156E-05 3.0000E-03
1.3094E-04 3.0000E-03
5.1798E-05 3.0000E-03
4.3162E-05 3.0000E-03
5.2636E-05 3.0000E-03
7.2104E-05 3.0000E-03
1.1088E-04 3.0000E-03
3.3904E-05 3.0000E-03
2.9507E-05 3.0000E-03
