0.000000000000000000e+00 0.000000000000000000e+00
2.380099999999999993e-01 -6.123879156269999846e-02
5.297300000000000342e-01 1.278831966549999997e-02
7.675600000000000200e-01 4.757804613450000025e-02
9.853899999999999881e-01 1.990378226847999976e-01
1.209529999999999994e+00 3.216752951033999830e-01
1.423280000000000101e+00 5.538925934123000161e-01
1.642949999999999910e+00 7.774513342865000398e-01
1.925629999999999953e+00 7.224206147625999996e-01
2.250770000000000159e+00 1.079754108791000089e+00
2.589269999999999960e+00 2.701588393325600190e+00
2.917689999999999895e+00 7.543516424059300896e+00
3.217589999999999950e+00 1.322645856022369948e+01
3.514629999999999921e+00 1.493997366668349969e+01
3.850769999999999804e+00 1.361463217632419997e+01
4.105970000000000120e+00 1.322910093787180053e+01
4.396600000000000286e+00 1.450664356167950153e+01
4.695140000000000313e+00 1.668150817950949971e+01
4.975920000000000343e+00 1.623758446756750118e+01
5.293999999999999595e+00 1.459002959313730052e+01
5.562490000000000379e+00 1.442110235056119905e+01
5.791280000000000427e+00 1.423289207016960134e+01
6.073140000000000427e+00 1.412401367383950124e+01
6.313729999999999620e+00 1.407828659100230162e+01
