RMS Grad   Target
1.2991E-03 3.0000E-03
1.2749E-03 3.0000E-03
1.4321E-03 3.0000E-03
6.6151E-04 3.0000E-03
4.8509E-04 3.0000E-03
6.5385E-04 3.0000E-03
9.3183E-04 3.0000E-03
2.5705E-04 3.0000E-03
1.7257E-04 3.0000E-03
1.7781E-04 3.0000E-03
1.6039E-04 3.0000E-03
1.5471E-04 3.0000E-03
1.4722E-04 3.0000E-03
1.4871E-04 3.0000E-03
1.4504E-04 3.0000E-03
1.1009E-04 3.0000E-03
1.0565E-04 3.0000E-03
1.4054E-04 3.0000E-03
1.8625E-04 3.0000E-03
1.5760E-04 3.0000E-03
1.6196E-04 3.0000E-03
4.7528E-04 3.0000E-03
9.8711E-05 3.0000E-03
6.7266E-05 3.0000E-03
6.8125E-05 3.0000E-03
6.2520E-05 3.0000E-03
1.4425E-04 3.0000E-03
6.8997E-05 3.0000E-03
6.3449E-05 3.0000E-03
8.2077E-05 3.0000E-03
2.0275E-04 3.0000E-03
5.4644E-05 3.0000E-03
3.9732E-05 3.0000E-03
5.3306E-05 3.0000E-03
8.6378E-05 3.0000E-03
5.8899E-05 3.0000E-03
5.3224E-05 3.0000E-03
1.1880E-04 3.0000E-03
5.1661E-05 3.0000E-03
3.9261E-05 3.0000E-03
4.2096E-05 3.0000E-03
6.0659E-05 3.0000E-03
3.5742E-05 3.0000E-03
2.7255E-05 3.0000E-03
3.6841E-05 3.0000E-03
