Max Step   Target
9.4621E-03 1.8000E-03
6.5995E-03 1.8000E-03
1.3015E-02 1.8000E-03
8.0416E-03 1.8000E-03
6.8059E-03 1.8000E-03
1.1115E-02 1.8000E-03
1.0091E-02 1.8000E-03
2.7788E-03 1.8000E-03
2.4062E-03 1.8000E-03
3.5747E-03 1.8000E-03
6.0213E-03 1.8000E-03
7.1739E-03 1.8000E-03
2.0982E-03 1.8000E-03
1.6815E-03 1.8000E-03
2.6147E-03 1.8000E-03
6.7011E-03 1.8000E-03
1.2422E-02 1.8000E-03
1.5990E-03 1.8000E-03
1.5921E-03 1.8000E-03
2.2536E-03 1.8000E-03
3.4629E-03 1.8000E-03
4.5838E-03 1.8000E-03
2.3934E-03 1.8000E-03
2.8318E-04 1.8000E-03
2.8318E-04 1.8000E-03
