RMS Step   Target
2.2222E-03 1.2000E-03
1.4510E-03 1.2000E-03
2.8930E-03 1.2000E-03
2.2440E-03 1.2000E-03
2.1260E-03 1.2000E-03
3.5135E-03 1.2000E-03
3.3577E-03 1.2000E-03
6.3790E-04 1.2000E-03
6.8521E-04 1.2000E-03
1.2021E-03 1.2000E-03
2.2725E-03 1.2000E-03
2.8152E-03 1.2000E-03
4.8390E-04 1.2000E-03
4.1211E-04 1.2000E-03
1.0835E-03 1.2000E-03
2.6165E-03 1.2000E-03
4.5685E-03 1.2000E-03
4.3832E-04 1.2000E-03
6.2790E-04 1.2000E-03
9.1388E-04 1.2000E-03
1.4424E-03 1.2000E-03
1.9018E-03 1.2000E-03
8.8489E-04 1.2000E-03
1.1191E-04 1.2000E-03
1.1191E-04 1.2000E-03
