Max Step   Target
6.0275E-03 1.2000E-03
2.1396E-02 1.2000E-03
1.6793E-02 1.2000E-03
4.2108E-03 1.2000E-03
9.9591E-03 1.2000E-03
7.1067E-03 1.2000E-03
9.5242E-03 1.2000E-03
3.6396E-03 1.2000E-03
5.2626E-03 1.2000E-03
7.2497E-03 1.2000E-03
1.6036E-02 1.2000E-03
2.7948E-03 1.2000E-03
1.2454E-03 1.2000E-03
3.0439E-03 1.2000E-03
3.1816E-03 1.2000E-03
1.0116E-02 1.2000E-03
4.7733E-03 1.2000E-03
1.3770E-03 1.2000E-03
1.4012E-03 1.2000E-03
2.7586E-03 1.2000E-03
7.4811E-03 1.2000E-03
7.7542E-03 1.2000E-03
1.2248E-03 1.2000E-03
2.1312E-03 1.2000E-03
2.2867E-03 1.2000E-03
2.6401E-03 1.2000E-03
2.5733E-03 1.2000E-03
6.4426E-04 1.2000E-03
1.5967E-03 1.2000E-03
2.1168E-03 1.2000E-03
3.5990E-03 1.2000E-03
4.8744E-04 1.2000E-03
4.2416E-04 1.2000E-03
