RMS Step   Target
2.2222E-03 8.0000E-04
6.7966E-03 8.0000E-04
4.2318E-03 8.0000E-04
1.1162E-03 8.0000E-04
2.0633E-03 8.0000E-04
1.5800E-03 8.0000E-04
2.9385E-03 8.0000E-04
1.0645E-03 8.0000E-04
1.5582E-03 8.0000E-04
2.2166E-03 8.0000E-04
4.6562E-03 8.0000E-04
6.4968E-04 8.0000E-04
4.3170E-04 8.0000E-04
1.2305E-03 8.0000E-04
1.0449E-03 8.0000E-04
3.4155E-03 8.0000E-04
1.3868E-03 8.0000E-04
4.7747E-04 8.0000E-04
5.2182E-04 8.0000E-04
9.7471E-04 8.0000E-04
2.4491E-03 8.0000E-04
2.5982E-03 8.0000E-04
3.9522E-04 8.0000E-04
5.2315E-04 8.0000E-04
5.8625E-04 8.0000E-04
8.0207E-04 8.0000E-04
8.3850E-04 8.0000E-04
2.9264E-04 8.0000E-04
6.5878E-04 8.0000E-04
9.1785E-04 8.0000E-04
1.4661E-03 8.0000E-04
1.9616E-04 8.0000E-04
1.3732E-04 8.0000E-04
