596.2
176.5
203.3
175.9
189.1
196.9
194.5
174.4
166.8
177.4
174.3
181.1
178.1
166.2
167.2
167.7
171.6
172.0
178.6
166.3
180.2
174.5
155.9
173.6
170.5
172.6
171.4
173.5
179.5
180.5
136.1
143.1
174.4
181.9
179.5
145.3
136.8
141.9
164.2
144.7
132.5
138.2
179.1
134.7
145.9
146.2
182.2
174.0
166.9
130.3
136.9
144.4
171.0
131.7
134.8
141.6
133.4
142.4
133.9
141.2
141.9
142.1
140.1
141.1
132.8
141.4
142.5
136.5
140.5
140.3
139.2
140.1
139.2
140.4
134.6
123.3
136.5
126.3
176.9
134.2
122.4
132.5
118.6
145.0
136.3
140.4
133.8
140.1
142.7
141.2
135.2
123.3
133.9
140.8
142.9
140.6
107.6
116.7
121.5
134.5
122.2
140.4
122.7
129.2
134.0
120.1
119.5
146.0
140.0
138.5
119.1
110.3
119.7
137.4
143.7
129.3
124.1
119.8
156.8
139.2
118.0
139.8
138.9
121.7
122.3
121.5
122.4
170.4
139.3
123.0
122.0
121.9
140.6
120.4
122.2
114.8
120.3
148.9
116.9
121.7
142.3
123.5
122.2
141.9
122.2
121.4
130.0
113.8
114.4
157.5
121.5
122.6
123.4
113.5
150.2
133.2
119.9
115.2
120.2
121.6
114.1
118.6
114.0
117.1
110.9
118.5
120.9
116.1
120.6
120.1
121.8
119.8
122.8
120.2
118.6
119.7
119.4
120.0
148.4
118.3
120.3
119.1
121.5
109.1
119.9
112.4
120.4
113.2
115.3
135.5
120.7
117.9
134.0
119.1
119.3
155.4
135.3
118.0
119.7
119.3
120.1
120.7
156.4
137.6
136.9
136.0
120.5
137.8
137.5
123.4
115.9
122.4
139.1
133.4
108.3
131.7
137.4
131.9
133.6
122.5
119.5
141.2
132.3
131.6
140.6
132.5
134.3
137.5
138.1
115.9
138.2
133.4
134.9
139.7
141.3
113.9
140.7
138.2
141.3
131.7
134.9
139.9
137.8
132.9
116.8
126.4
136.2
133.5
138.7
133.1
133.1
140.6
132.6
139.2
140.3
140.1
138.6
139.6
139.8
138.3
131.4
132.7
133.3
134.8
173.9
139.0
128.9
136.3
134.6
132.9
141.1
125.9
175.0
138.5
131.5
132.1
125.3
133.3
132.2
131.0
126.2
148.4
128.2
127.5
128.4
163.5
116.4
128.3
128.9
162.1
163.6
122.2
155.8
128.3
122.1
122.3
129.5
128.6
161.8
129.7
162.2
155.3
126.9
130.0
127.3
128.7
161.4
128.3
127.1
127.8
128.6
128.5
127.1
129.6
129.6
129.2
162.1
128.4
127.2
127.3
126.9
127.4
126.4
562.5
124.8
124.8
123.0
122.6
123.4
123.1
123.0
106.7
121.5
125.2
107.3
138.8
117.9
124.1
123.4
123.0
124.0
125.2
122.0
123.5
124.0
107.0
119.6
124.8
124.4
123.0
125.7
123.8
124.2
123.3
116.8
122.5
123.9
124.2
125.2
124.0
123.0
124.0
116.6
124.5
109.4
121.8
106.8
123.8
124.7
122.3
123.7
107.0
107.1
139.6
123.1
124.3
123.9
101.6
107.4
121.5
123.3
107.6
106.6
139.9
123.2
105.4
107.4
106.5
156.0
107.0
107.6
141.3
123.5
124.0
107.0
106.3
106.7
122.2
122.3
124.2
106.8
158.5
123.1
121.5
124.5
123.9
124.2
123.9
125.1
125.0
123.4
124.1
123.3
124.6
122.5
123.0
125.1
123.3
122.3
123.8
122.0
123.6
124.3
123.9
122.2
127.8
123.3
123.2
123.9
105.7
123.1
123.7
124.4
119.9
124.2
122.7
124.7
125.1
123.3
125.4
124.2
108.4
125.1
128.9
127.2
125.0
124.4
125.4
125.0
124.8
124.4
122.8
123.9
123.9
124.2
110.2
117.4
126.6
107.8
107.1
140.8
123.7
123.6
121.7
123.7
125.1
106.6
106.8
141.5
124.1
125.3
109.0
107.4
141.5
107.1
122.2
123.1
106.6
124.9
124.0
108.0
108.8
110.6
123.2
126.8
107.5
108.9
139.7
106.3
126.1
120.6
106.7
126.1
123.6
108.2
109.5
143.9
117.1
118.3
124.1
124.3
108.3
125.2
123.6
124.8
125.5
119.8
123.0
128.3
152.4
126.0
124.1
118.9
123.1
124.5
124.8
123.1
126.3
122.1
125.2
124.1
125.6
124.3
124.1
124.4
124.7
124.6
124.9
124.9
123.5
124.9
125.4
106.8
106.8
160.0
117.3
107.5
108.9
139.6
123.6
107.8
126.5
106.9
125.5
123.5
107.7
107.8
140.7
124.8
118.0
123.9
124.4
122.7
109.6
124.8
123.8
107.7
108.3
140.4
108.0
126.4
123.2
108.2
124.6
118.6
109.1
124.4
122.5
101.7
125.3
109.4
107.7
123.8
124.8
107.4
106.7
140.1
123.5
124.9
107.3
107.1
108.2
123.4
123.7
108.6
106.0
108.3
108.1
108.2
141.6
109.4
124.6
107.0
107.8
106.7
135.5
106.3
108.0
102.7
107.5
107.2
107.8
124.9
109.5
108.8
106.5
142.9
108.1
125.6
107.2
107.4
101.4
135.0
107.2
107.9
108.4
108.7
108.7
140.4
118.1
108.5
108.2
108.7
139.7
106.5
108.3
107.7
105.1
110.1
108.6
107.2
140.0
108.6
108.4
109.1
107.8
102.1
140.7
109.2
124.0
107.7
106.3
123.6
108.8
109.0
123.3
110.5
107.1
108.2
107.7
140.5
125.6
109.0
107.0
106.1
136.8
108.8
124.5
108.0
109.2
140.6
127.0
125.7
123.1
123.8
107.0
123.6
125.6
107.9
124.6
123.6
125.1
125.8
125.7
106.7
123.0
122.8
124.8
123.5
123.4
123.1
117.7
122.3
124.6
125.2
126.5
125.9
127.0
101.1
132.8
123.6
124.4
123.8
554.5
125.0
108.7
108.8
111.0
106.8
111.4
109.4
107.3
110.7
107.2
111.5
109.1
108.3
109.0
108.0
111.6
108.7
109.6
109.0
108.5
152.6
126.8
110.3
126.1
125.9
158.7
125.4
124.3
126.4
123.6
125.3
124.8
126.9
126.1
121.9
154.0
124.5
153.5
157.9
127.2
159.1
158.1
124.8
126.4
127.5
159.3
158.0
159.8
160.2
126.8
125.2
161.0
159.7
127.0
125.2
127.4
126.6
125.6
158.1
126.6
127.2
125.6
160.1
125.5
129.8
126.6
158.6
124.3
127.4
124.6
125.0
126.9
125.1
126.5
125.7
158.6
126.6
126.2
127.8
124.2
125.0
124.0
125.9
126.8
124.8
124.9
124.4
125.2
128.0
126.4
124.7
126.0
126.0
124.5
126.3
125.7
125.8
128.9
126.0
124.8
124.6
110.4
109.7
124.2
110.2
108.9
106.8
139.6
108.9
124.1
125.0
107.2
123.6
125.5
110.0
124.7
123.9
105.8
124.0
122.1
124.5
125.9
123.9
125.6
124.2
124.7
106.6
107.1
108.8
134.7
124.0
126.2
106.9
107.7
142.1
109.4
108.7
107.9
106.6
108.0
106.5
111.9
124.8
110.0
107.0
126.2
105.2
106.8
105.3
122.1
111.1
109.6
142.8
125.4
123.3
125.2
125.4
107.8
108.0
126.4
124.0
110.5
125.0
125.4
123.4
125.6
125.1
125.1
123.9
124.6
123.9
117.3
123.6
125.0
125.6
125.8
126.8
123.7
123.9
129.3
125.1
123.3
123.4
126.0
124.8
124.9
124.8
123.6
126.5
126.4
108.4
124.1
125.3
110.0
126.0
124.9
123.8
117.8
109.1
141.8
126.4
125.1
102.0
142.5
125.9
107.0
121.0
127.7
107.6
125.6
127.2
108.3
124.8
107.6
125.8
123.7
107.4
106.4
142.0
108.0
108.0
139.1
120.3
108.2
108.9
107.8
141.3
109.4
118.8
109.6
109.9
100.1
108.5
111.0
109.7
110.2
141.8
109.4
108.5
108.8
108.8
108.0
107.7
108.0
108.6
109.1
106.9
106.5
142.4
107.8
108.7
109.4
108.9
107.8
106.5
125.6
126.6
107.7
107.6
141.7
108.3
124.8
109.8
106.2
117.0
109.1
109.1
108.9
140.2
107.4
125.0
108.2
109.1
106.9
100.6
109.6
108.2
106.8
107.0
106.8
110.1
107.6
105.6
108.2
136.8
107.0
107.1
108.8
108.0
107.2
108.9
109.2
108.1
106.8
141.2
109.3
123.6
109.9
108.2
110.0
107.6
107.0
106.5
109.0
108.5
107.6
108.3
110.8
108.4
141.4
108.1
108.9
108.2
109.5
109.3
108.2
107.2
107.9
106.9
108.2
108.3
108.8
106.8
109.7
109.3
102.0
109.3
105.3
108.0
109.2
108.0
107.0
107.9
108.0
108.9
107.9
109.2
107.8
107.8
