715.7
170.5
170.0
169.7
170.1
170.8
193.5
170.8
172.1
164.2
170.2
170.6
171.2
170.4
169.9
171.2
171.4
170.8
172.0
169.1
170.4
171.1
170.7
170.8
235.6
174.1
168.1
170.1
170.1
170.6
170.7
169.7
171.9
169.8
172.0
170.0
170.9
170.4
172.0
171.3
172.0
170.5
172.6
169.9
170.5
174.2
235.1
169.0
169.7
170.3
171.7
171.3
170.7
170.5
173.1
170.7
187.7
187.5
188.7
187.3
186.9
187.8
189.4
187.3
188.9
172.3
173.2
173.2
235.6
153.5
155.1
153.6
147.7
154.0
171.0
171.8
172.8
171.6
189.4
188.1
188.3
190.9
187.9
186.7
187.5
188.1
189.1
172.8
172.3
170.9
238.0
148.5
153.3
154.7
155.1
171.3
164.7
172.2
173.0
190.6
189.6
189.9
187.8
188.8
190.9
189.1
189.7
188.5
170.7
171.2
238.0
155.9
154.7
150.6
155.3
156.7
173.6
172.2
173.9
189.7
190.3
191.3
189.3
190.6
190.4
193.7
191.7
188.8
173.4
172.3
171.3
237.1
154.3
155.6
157.2
153.4
154.9
172.5
173.9
195.9
199.4
203.9
193.9
187.7
193.1
190.4
183.0
188.6
183.3
173.2
172.6
171.0
236.7
157.2
155.0
172.2
170.6
173.9
184.0
186.7
189.1
191.7
186.0
190.0
188.2
190.8
188.0
171.5
188.4
239.5
150.2
171.8
173.3
189.3
187.8
187.6
190.6
190.9
191.0
187.2
190.0
189.1
189.2
188.9
206.1
221.7
154.8
173.8
173.3
191.4
191.2
190.4
189.2
189.6
189.3
189.5
188.3
189.3
188.3
207.4
216.3
189.2
187.7
192.1
206.7
190.6
209.0
160.4
196.8
191.6
210.4
193.8
192.1
209.3
159.2
193.4
173.7
173.8
126.8
158.7
152.9
157.5
159.3
126.3
152.1
153.7
157.5
124.7
125.1
124.6
161.4
127.2
126.2
