573.4
159.2
187.5
177.0
193.6
177.0
170.2
160.1
140.3
170.6
160.7
159.5
160.1
160.1
195.0
176.5
160.6
160.0
160.0
179.7
188.6
177.2
188.9
194.5
179.2
190.0
163.9
195.1
176.9
179.0
165.4
177.5
176.0
161.5
159.8
158.6
159.8
118.1
120.6
158.4
160.6
159.6
124.6
126.5
118.8
159.2
128.1
158.9
128.6
159.8
160.1
124.9
125.1
119.0
159.7
153.2
126.8
158.9
124.2
127.1
125.8
126.3
124.0
157.3
124.8
128.0
126.0
126.6
126.2
125.7
126.7
120.1
127.0
125.2
127.0
104.6
154.1
125.3
124.2
127.1
127.8
126.5
126.8
126.5
125.8
104.9
124.2
125.7
125.6
125.8
126.0
126.7
128.1
125.4
125.1
120.2
125.9
128.1
109.2
126.1
126.7
108.4
124.9
126.9
126.2
112.3
126.2
125.7
126.4
126.5
109.5
108.3
125.9
104.0
136.1
109.7
128.3
126.5
109.2
128.2
118.8
110.0
126.1
104.7
109.9
126.2
124.9
110.3
108.6
111.7
126.0
125.9
110.0
109.6
134.9
125.1
126.5
110.1
108.0
110.5
124.8
108.8
109.0
109.0
142.1
120.4
124.5
107.8
108.7
125.6
121.0
125.9
110.0
125.9
126.2
124.9
125.4
125.1
125.3
156.0
124.7
156.7
117.5
151.6
116.5
157.6
156.6
157.9
158.7
151.0
151.0
157.5
158.6
158.1
158.2
157.2
123.4
158.7
158.7
158.5
157.2
158.1
158.6
124.4
156.5
156.9
155.9
156.9
124.2
156.7
158.2
159.7
123.6
151.6
124.2
156.5
125.1
123.0
157.4
155.5
124.3
125.2
158.1
156.4
124.3
123.7
159.5
123.6
150.9
124.7
122.6
157.6
125.2
124.5
124.1
123.5
157.7
158.7
123.2
126.8
123.7
157.8
152.6
123.7
124.8
123.6
158.5
149.8
124.9
124.9
159.8
158.2
157.4
156.4
155.2
151.9
124.4
158.5
157.6
119.0
125.2
127.1
158.5
157.8
124.3
158.9
117.8
156.6
149.9
123.8
124.3
123.6
156.7
126.0
156.0
123.7
124.1
157.9
159.3
124.3
125.1
124.2
158.9
118.4
155.6
125.4
124.6
118.1
157.1
157.4
125.6
125.3
124.8
123.8
125.1
156.1
123.9
122.7
125.1
123.7
122.9
157.7
124.5
124.9
122.8
123.8
157.4
156.4
123.7
124.9
123.5
123.3
122.7
125.1
124.8
123.0
123.3
123.3
122.9
155.9
123.2
124.4
123.9
157.3
122.2
124.8
123.2
123.3
156.2
125.1
125.0
116.3
123.4
124.7
124.4
122.8
115.6
122.0
122.8
124.7
123.6
124.2
125.8
123.8
550.0
126.2
110.0
110.5
110.7
109.4
110.6
103.8
110.4
109.9
110.5
109.5
111.5
110.3
109.8
112.7
111.0
110.5
104.2
109.9
112.2
127.1
127.4
110.5
120.2
127.6
122.4
161.0
119.8
128.4
125.9
125.9
125.7
119.3
128.4
127.2
122.4
121.1
121.9
127.4
118.3
127.5
158.5
126.4
120.5
127.8
125.0
125.7
126.8
127.4
118.6
160.5
123.2
124.4
125.1
124.0
125.7
124.7
126.4
126.3
126.4
124.7
119.8
124.6
125.3
126.5
125.5
125.3
122.8
124.2
124.6
125.4
125.7
126.6
108.0
125.5
107.7
136.5
125.7
125.5
108.6
123.7
125.8
124.2
125.0
125.8
101.3
125.6
124.4
108.1
109.4
142.1
108.8
126.7
108.4
108.7
125.0
108.8
108.1
110.5
119.3
119.4
107.7
107.5
109.4
139.0
109.9
108.6
109.7
120.7
106.4
107.5
107.4
142.9
108.0
106.9
107.6
126.0
114.4
109.6
112.3
109.2
109.4
108.4
108.9
126.5
108.6
108.7
111.4
110.4
106.8
108.8
137.0
110.4
127.3
111.3
108.8
108.7
141.2
107.9
128.7
107.4
108.5
107.6
145.0
108.6
124.7
109.5
107.3
125.7
106.6
108.2
125.0
108.2
108.2
109.6
110.3
107.9
127.3
107.6
110.0
107.3
140.8
110.1
125.3
109.0
109.3
107.9
107.6
108.1
109.6
107.3
106.6
111.5
108.4
109.5
107.0
108.7
109.4
106.4
110.2
108.5
107.5
107.6
108.5
109.1
108.8
141.6
108.6
107.3
108.0
108.5
109.6
108.3
