Energy     Target
1.8344E-02 6.6667E-07
1.6155E-01 6.6667E-07
2.5329E-01 6.6667E-07
2.2979E-01 6.6667E-07
1.6288E-01 6.6667E-07
1.1919E-01 6.6667E-07
9.2517E-02 6.6667E-07
7.6257E-02 6.6667E-07
6.6497E-02 6.6667E-07
6.0097E-02 6.6667E-07
5.5520E-02 6.6667E-07
5.3282E-02 6.6667E-07
5.0116E-02 6.6667E-07
4.7909E-02 6.6667E-07
4.6504E-02 6.6667E-07
4.3278E-02 6.6667E-07
4.2762E-02 6.6667E-07
4.0558E-02 6.6667E-07
3.9074E-02 6.6667E-07
3.7188E-02 6.6667E-07
3.5466E-02 6.6667E-07
3.4020E-02 6.6667E-07
3.2061E-02 6.6667E-07
3.0555E-02 6.6667E-07
2.9107E-02 6.6667E-07
2.7427E-02 6.6667E-07
2.5730E-02 6.6667E-07
2.4694E-02 6.6667E-07
2.3160E-02 6.6667E-07
2.1922E-02 6.6667E-07
2.0932E-02 6.6667E-07
1.9638E-02 6.6667E-07
1.8767E-02 6.6667E-07
1.7637E-02 6.6667E-07
1.6964E-02 6.6667E-07
1.5843E-02 6.6667E-07
1.5518E-02 6.6667E-07
1.4924E-02 6.6667E-07
1.4481E-02 6.6667E-07
1.4079E-02 6.6667E-07
1.3669E-02 6.6667E-07
1.3378E-02 6.6667E-07
1.3366E-02 6.6667E-07
1.3159E-02 6.6667E-07
1.3258E-02 6.6667E-07
1.3093E-02 6.6667E-07
1.3167E-02 6.6667E-07
1.2900E-02 6.6667E-07
1.3255E-02 6.6667E-07
1.2866E-02 6.6667E-07
1.3230E-02 6.6667E-07
1.2850E-02 6.6667E-07
1.2967E-02 6.6667E-07
1.2586E-02 6.6667E-07
1.2677E-02 6.6667E-07
1.2204E-02 6.6667E-07
1.2412E-02 6.6667E-07
1.1535E-02 6.6667E-07
1.2173E-02 6.6667E-07
1.0623E-02 6.6667E-07
1.1595E-02 6.6667E-07
1.0184E-02 6.6667E-07
1.1254E-02 6.6667E-07
1.0116E-02 6.6667E-07
1.0951E-02 6.6667E-07
9.9400E-03 6.6667E-07
1.0530E-02 6.6667E-07
9.8610E-03 6.6667E-07
1.0221E-02 6.6667E-07
9.8542E-03 6.6667E-07
1.0077E-02 6.6667E-07
9.8216E-03 6.6667E-07
9.8374E-03 6.6667E-07
9.6309E-03 6.6667E-07
9.5162E-03 6.6667E-07
9.2887E-03 6.6667E-07
9.0939E-03 6.6667E-07
8.9340E-03 6.6667E-07
8.3944E-03 6.6667E-07
8.5611E-03 6.6667E-07
7.6576E-03 6.6667E-07
8.0907E-03 6.6667E-07
7.0227E-03 6.6667E-07
7.4971E-03 6.6667E-07
6.5752E-03 6.6667E-07
7.0106E-03 6.6667E-07
6.1759E-03 6.6667E-07
6.6580E-03 6.6667E-07
6.1206E-03 6.6667E-07
6.6251E-03 6.6667E-07
6.4439E-03 6.6667E-07
7.0332E-03 6.6667E-07
6.6542E-03 6.6667E-07
7.7025E-03 6.6667E-07
7.1209E-03 6.6667E-07
8.2735E-03 6.6667E-07
7.7265E-03 6.6667E-07
8.2521E-03 6.6667E-07
7.8146E-03 6.6667E-07
7.8036E-03 6.6667E-07
7.3598E-03 6.6667E-07
7.1448E-03 6.6667E-07
6.8090E-03 6.6667E-07
6.2930E-03 6.6667E-07
6.1756E-03 6.6667E-07
5.6386E-03 6.6667E-07
5.5418E-03 6.6667E-07
5.1036E-03 6.6667E-07
5.1879E-03 6.6667E-07
4.7735E-03 6.6667E-07
4.9047E-03 6.6667E-07
4.6991E-03 6.6667E-07
4.9072E-03 6.6667E-07
4.7192E-03 6.6667E-07
5.1594E-03 6.6667E-07
4.9344E-03 6.6667E-07
5.4307E-03 6.6667E-07
5.3825E-03 6.6667E-07
5.6217E-03 6.6667E-07
5.8604E-03 6.6667E-07
5.6834E-03 6.6667E-07
5.9749E-03 6.6667E-07
5.6530E-03 6.6667E-07
5.7379E-03 6.6667E-07
5.5812E-03 6.6667E-07
5.4701E-03 6.6667E-07
5.6593E-03 6.6667E-07
5.3784E-03 6.6667E-07
6.2538E-03 6.6667E-07
5.3626E-03 6.6667E-07
6.8237E-03 6.6667E-07
4.5811E-03 6.6667E-07
7.0336E-03 6.6667E-07
4.6419E-03 6.6667E-07
5.7423E-03 6.6667E-07
4.2748E-03 6.6667E-07
4.8137E-03 6.6667E-07
3.9684E-03 6.6667E-07
4.5440E-03 6.6667E-07
3.5909E-03 6.6667E-07
4.2619E-03 6.6667E-07
3.7358E-03 6.6667E-07
4.4681E-03 6.6667E-07
3.5335E-03 6.6667E-07
5.0414E-03 6.6667E-07
3.1901E-03 6.6667E-07
4.5821E-03 6.6667E-07
3.2085E-03 6.6667E-07
4.5974E-03 6.6667E-07
3.7833E-03 6.6667E-07
4.5191E-03 6.6667E-07
4.0778E-03 6.6667E-07
4.1337E-03 6.6667E-07
4.0889E-03 6.6667E-07
3.5233E-03 6.6667E-07
3.6718E-03 6.6667E-07
3.2727E-03 6.6667E-07
3.5070E-03 6.6667E-07
2.9518E-03 6.6667E-07
3.9041E-03 6.6667E-07
2.3580E-03 6.6667E-07
3.3577E-03 6.6667E-07
2.9291E-03 6.6667E-07
3.8766E-03 6.6667E-07
3.4101E-03 6.6667E-07
3.9592E-03 6.6667E-07
3.5831E-03 6.6667E-07
3.6817E-03 6.6667E-07
3.6217E-03 6.6667E-07
3.2319E-03 6.6667E-07
3.7264E-03 6.6667E-07
2.8839E-03 6.6667E-07
3.9968E-03 6.6667E-07
2.3637E-03 6.6667E-07
3.7740E-03 6.6667E-07
2.3735E-03 6.6667E-07
3.7304E-03 6.6667E-07
2.8022E-03 6.6667E-07
3.7425E-03 6.6667E-07
2.9701E-03 6.6667E-07
3.3374E-03 6.6667E-07
2.8812E-03 6.6667E-07
2.9081E-03 6.6667E-07
2.6721E-03 6.6667E-07
2.5601E-03 6.6667E-07
2.7726E-03 6.6667E-07
2.5896E-03 6.6667E-07
2.6968E-03 6.6667E-07
2.2528E-03 6.6667E-07
2.4549E-03 6.6667E-07
2.6544E-03 6.6667E-07
2.4021E-03 6.6667E-07
2.0230E-03 6.6667E-07
1.8825E-03 6.6667E-07
1.9792E-03 6.6667E-07
2.0155E-03 6.6667E-07
1.9853E-03 6.6667E-07
1.9762E-03 6.6667E-07
2.2084E-03 6.6667E-07
2.0397E-03 6.6667E-07
2.4710E-03 6.6667E-07
2.0439E-03 6.6667E-07
2.9521E-03 6.6667E-07
1.6656E-03 6.6667E-07
2.6997E-03 6.6667E-07
1.6526E-03 6.6667E-07
2.7605E-03 6.6667E-07
2.6133E-03 6.6667E-07
2.0626E-03 6.6667E-07
1.7088E-03 6.6667E-07
1.6815E-03 6.6667E-07
1.6139E-03 6.6667E-07
1.7353E-03 6.6667E-07
1.6976E-03 6.6667E-07
1.8914E-03 6.6667E-07
1.8022E-03 6.6667E-07
1.8954E-03 6.6667E-07
1.8265E-03 6.6667E-07
1.9378E-03 6.6667E-07
1.6868E-03 6.6667E-07
1.9690E-03 6.6667E-07
2.0373E-03 6.6667E-07
1.8556E-03 6.6667E-07
1.8037E-03 6.6667E-07
1.9650E-03 6.6667E-07
1.7070E-03 6.6667E-07
1.4434E-03 6.6667E-07
1.3928E-03 6.6667E-07
1.4917E-03 6.6667E-07
1.5407E-03 6.6667E-07
1.4503E-03 6.6667E-07
1.8552E-03 6.6667E-07
1.3431E-03 6.6667E-07
1.8301E-03 6.6667E-07
1.4580E-03 6.6667E-07
1.4907E-03 6.6667E-07
1.4087E-03 6.6667E-07
1.1394E-03 6.6667E-07
1.4024E-03 6.6667E-07
1.8094E-03 6.6667E-07
1.2472E-03 6.6667E-07
1.4866E-03 6.6667E-07
1.3482E-03 6.6667E-07
1.4904E-03 6.6667E-07
1.5046E-03 6.6667E-07
1.5036E-03 6.6667E-07
1.6065E-03 6.6667E-07
1.4146E-03 6.6667E-07
1.3883E-03 6.6667E-07
1.8259E-03 6.6667E-07
1.7511E-03 6.6667E-07
1.4654E-03 6.6667E-07
1.3166E-03 6.6667E-07
1.4486E-03 6.6667E-07
1.5044E-03 6.6667E-07
1.4850E-03 6.6667E-07
1.7747E-03 6.6667E-07
1.5109E-03 6.6667E-07
1.7459E-03 6.6667E-07
1.1682E-03 6.6667E-07
1.3106E-03 6.6667E-07
1.5091E-03 6.6667E-07
1.3769E-03 6.6667E-07
1.4517E-03 6.6667E-07
1.3572E-03 6.6667E-07
1.3918E-03 6.6667E-07
1.3076E-03 6.6667E-07
1.6257E-03 6.6667E-07
1.5031E-03 6.6667E-07
1.9764E-03 6.6667E-07
1.5076E-03 6.6667E-07
1.6423E-03 6.6667E-07
1.2795E-03 6.6667E-07
1.2999E-03 6.6667E-07
1.1370E-03 6.6667E-07
1.5043E-03 6.6667E-07
1.3965E-03 6.6667E-07
1.6446E-03 6.6667E-07
1.3898E-03 6.6667E-07
1.5349E-03 6.6667E-07
1.4208E-03 6.6667E-07
1.1647E-03 6.6667E-07
9.3806E-04 6.6667E-07
1.3772E-03 6.6667E-07
9.9924E-04 6.6667E-07
9.9088E-04 6.6667E-07
8.9396E-04 6.6667E-07
9.4090E-04 6.6667E-07
1.1601E-03 6.6667E-07
1.2514E-03 6.6667E-07
8.4619E-04 6.6667E-07
8.7471E-04 6.6667E-07
1.5029E-03 6.6667E-07
1.0434E-03 6.6667E-07
1.0511E-03 6.6667E-07
1.4975E-03 6.6667E-07
8.7628E-04 6.6667E-07
9.9020E-04 6.6667E-07
9.5358E-04 6.6667E-07
9.9367E-04 6.6667E-07
7.2302E-04 6.6667E-07
8.5394E-04 6.6667E-07
1.2394E-03 6.6667E-07
1.0462E-03 6.6667E-07
7.7374E-04 6.6667E-07
9.4460E-04 6.6667E-07
6.3837E-04 6.6667E-07
7.7859E-04 6.6667E-07
8.5765E-04 6.6667E-07
6.0420E-04 6.6667E-07
9.1315E-04 6.6667E-07
9.0305E-04 6.6667E-07
8.5150E-04 6.6667E-07
7.5580E-04 6.6667E-07
8.8840E-04 6.6667E-07
1.0487E-03 6.6667E-07
9.9274E-04 6.6667E-07
7.9551E-04 6.6667E-07
1.0115E-03 6.6667E-07
7.1035E-04 6.6667E-07
9.4776E-04 6.6667E-07
7.2673E-04 6.6667E-07
7.4735E-04 6.6667E-07
9.1635E-04 6.6667E-07
8.7548E-04 6.6667E-07
8.4592E-04 6.6667E-07
6.3888E-04 6.6667E-07
7.6578E-04 6.6667E-07
8.2940E-04 6.6667E-07
7.3243E-04 6.6667E-07
5.2326E-04 6.6667E-07
7.7033E-04 6.6667E-07
6.6183E-04 6.6667E-07
7.4845E-04 6.6667E-07
9.5312E-04 6.6667E-07
8.2874E-04 6.6667E-07
7.3251E-04 6.6667E-07
7.8013E-04 6.6667E-07
7.5544E-04 6.6667E-07
8.9016E-04 6.6667E-07
9.7189E-04 6.6667E-07
7.8059E-04 6.6667E-07
7.1694E-04 6.6667E-07
8.6165E-04 6.6667E-07
7.3716E-04 6.6667E-07
7.5723E-04 6.6667E-07
7.3535E-04 6.6667E-07
7.1267E-04 6.6667E-07
8.6375E-04 6.6667E-07
7.7911E-04 6.6667E-07
7.2532E-04 6.6667E-07
6.8446E-04 6.6667E-07
7.6451E-04 6.6667E-07
7.6501E-04 6.6667E-07
8.3257E-04 6.6667E-07
7.0882E-04 6.6667E-07
6.6239E-04 6.6667E-07
5.7821E-04 6.6667E-07
6.3336E-04 6.6667E-07
7.2969E-04 6.6667E-07
8.1210E-04 6.6667E-07
8.1438E-04 6.6667E-07
7.3020E-04 6.6667E-07
6.7756E-04 6.6667E-07
6.7389E-04 6.6667E-07
6.8151E-04 6.6667E-07
6.6608E-04 6.6667E-07
5.3510E-04 6.6667E-07
5.2653E-04 6.6667E-07
5.5824E-04 6.6667E-07
5.2147E-04 6.6667E-07
5.7055E-04 6.6667E-07
6.6233E-04 6.6667E-07
5.8732E-04 6.6667E-07
4.4726E-04 6.6667E-07
6.5561E-04 6.6667E-07
4.9441E-04 6.6667E-07
5.7672E-04 6.6667E-07
6.6572E-04 6.6667E-07
4.1389E-04 6.6667E-07
5.2873E-04 6.6667E-07
5.8995E-04 6.6667E-07
4.0336E-04 6.6667E-07
3.8511E-04 6.6667E-07
5.8194E-04 6.6667E-07
3.7969E-04 6.6667E-07
4.6092E-04 6.6667E-07
4.3187E-04 6.6667E-07
3.5322E-04 6.6667E-07
3.6167E-04 6.6667E-07
4.4112E-04 6.6667E-07
2.8063E-04 6.6667E-07
3.5223E-04 6.6667E-07
2.5870E-04 6.6667E-07
4.9055E-04 6.6667E-07
2.8432E-04 6.6667E-07
2.7699E-04 6.6667E-07
5.0214E-04 6.6667E-07
2.6291E-04 6.6667E-07
5.6786E-04 6.6667E-07
2.3094E-04 6.6667E-07
3.2434E-04 6.6667E-07
4.3199E-04 6.6667E-07
5.4581E-04 6.6667E-07
4.5529E-04 6.6667E-07
4.1536E-04 6.6667E-07
5.2004E-04 6.6667E-07
5.2728E-04 6.6667E-07
5.7442E-04 6.6667E-07
5.7119E-04 6.6667E-07
4.9014E-04 6.6667E-07
5.4540E-04 6.6667E-07
5.8112E-04 6.6667E-07
8.0038E-04 6.6667E-07
6.5632E-04 6.6667E-07
7.2705E-04 6.6667E-07
6.3415E-04 6.6667E-07
6.0613E-04 6.6667E-07
5.9324E-04 6.6667E-07
7.8277E-04 6.6667E-07
6.7222E-04 6.6667E-07
7.3021E-04 6.6667E-07
6.7370E-04 6.6667E-07
6.7850E-04 6.6667E-07
5.8898E-04 6.6667E-07
6.9993E-04 6.6667E-07
6.3120E-04 6.6667E-07
5.9574E-04 6.6667E-07
5.7227E-04 6.6667E-07
6.1927E-04 6.6667E-07
5.7924E-04 6.6667E-07
6.2413E-04 6.6667E-07
5.7752E-04 6.6667E-07
6.3265E-04 6.6667E-07
5.5023E-04 6.6667E-07
5.8940E-04 6.6667E-07
6.1769E-04 6.6667E-07
5.6275E-04 6.6667E-07
5.7584E-04 6.6667E-07
8.2634E-04 6.6667E-07
5.6341E-04 6.6667E-07
5.9952E-04 6.6667E-07
5.9896E-04 6.6667E-07
5.6709E-04 6.6667E-07
5.8941E-04 6.6667E-07
9.6538E-04 6.6667E-07
7.6278E-04 6.6667E-07
8.7100E-04 6.6667E-07
8.7680E-04 6.6667E-07
9.7055E-04 6.6667E-07
7.4245E-04 6.6667E-07
9.6562E-04 6.6667E-07
8.2250E-04 6.6667E-07
9.0823E-04 6.6667E-07
9.2304E-04 6.6667E-07
1.0209E-03 6.6667E-07
9.3627E-04 6.6667E-07
9.4604E-04 6.6667E-07
8.3766E-04 6.6667E-07
9.3099E-04 6.6667E-07
7.0862E-04 6.6667E-07
7.8497E-04 6.6667E-07
8.4985E-04 6.6667E-07
7.4959E-04 6.6667E-07
7.1221E-04 6.6667E-07
7.2594E-04 6.6667E-07
6.6673E-04 6.6667E-07
5.8806E-04 6.6667E-07
6.0277E-04 6.6667E-07
7.8242E-04 6.6667E-07
5.7246E-04 6.6667E-07
5.3438E-04 6.6667E-07
6.4877E-04 6.6667E-07
4.5217E-04 6.6667E-07
5.2350E-04 6.6667E-07
6.0200E-04 6.6667E-07
4.0981E-04 6.6667E-07
4.5229E-04 6.6667E-07
5.7583E-04 6.6667E-07
3.8565E-04 6.6667E-07
5.5723E-04 6.6667E-07
4.4623E-04 6.6667E-07
4.6399E-04 6.6667E-07
4.0508E-04 6.6667E-07
3.7215E-04 6.6667E-07
3.5714E-04 6.6667E-07
3.8255E-04 6.6667E-07
3.5603E-04 6.6667E-07
3.5862E-04 6.6667E-07
3.4733E-04 6.6667E-07
3.4701E-04 6.6667E-07
3.2777E-04 6.6667E-07
3.1861E-04 6.6667E-07
2.7255E-04 6.6667E-07
3.2179E-04 6.6667E-07
3.0873E-04 6.6667E-07
3.0600E-04 6.6667E-07
3.8605E-04 6.6667E-07
2.4888E-04 6.6667E-07
2.9739E-04 6.6667E-07
3.6694E-04 6.6667E-07
2.6632E-04 6.6667E-07
2.0410E-04 6.6667E-07
4.4527E-04 6.6667E-07
2.6389E-04 6.6667E-07
2.2604E-04 6.6667E-07
4.4141E-04 6.6667E-07
2.8743E-04 6.6667E-07
3.9399E-04 6.6667E-07
4.2303E-04 6.6667E-07
3.8021E-04 6.6667E-07
3.0192E-04 6.6667E-07
4.1986E-04 6.6667E-07
4.0589E-04 6.6667E-07
4.3044E-04 6.6667E-07
4.2688E-04 6.6667E-07
3.9192E-04 6.6667E-07
4.5646E-04 6.6667E-07
4.5565E-04 6.6667E-07
3.9647E-04 6.6667E-07
3.8434E-04 6.6667E-07
5.0264E-04 6.6667E-07
4.2488E-04 6.6667E-07
5.4443E-04 6.6667E-07
5.3413E-04 6.6667E-07
4.7381E-04 6.6667E-07
3.8718E-04 6.6667E-07
5.3335E-04 6.6667E-07
3.9569E-04 6.6667E-07
5.1549E-04 6.6667E-07
5.9651E-04 6.6667E-07
5.2956E-04 6.6667E-07
7.6205E-04 6.6667E-07
5.8305E-04 6.6667E-07
5.7481E-04 6.6667E-07
5.8380E-04 6.6667E-07
5.1459E-04 6.6667E-07
6.2034E-04 6.6667E-07
7.2457E-04 6.6667E-07
5.3590E-04 6.6667E-07
5.3868E-04 6.6667E-07
6.3646E-04 6.6667E-07
4.6127E-04 6.6667E-07
4.1142E-04 6.6667E-07
5.8572E-04 6.6667E-07
3.5211E-04 6.6667E-07
4.2990E-04 6.6667E-07
4.7114E-04 6.6667E-07
2.9827E-04 6.6667E-07
2.6662E-04 6.6667E-07
4.9127E-04 6.6667E-07
2.7200E-04 6.6667E-07
3.2599E-04 6.6667E-07
3.2477E-04 6.6667E-07
2.4804E-04 6.6667E-07
1.9801E-04 6.6667E-07
4.6657E-04 6.6667E-07
1.7995E-04 6.6667E-07
2.6662E-04 6.6667E-07
2.4836E-04 6.6667E-07
3.2613E-04 6.6667E-07
2.7312E-04 6.6667E-07
2.5738E-04 6.6667E-07
2.5179E-04 6.6667E-07
2.8654E-04 6.6667E-07
2.9119E-04 6.6667E-07
2.1146E-04 6.6667E-07
3.1368E-04 6.6667E-07
3.0736E-04 6.6667E-07
2.8770E-04 6.6667E-07
2.2330E-04 6.6667E-07
2.5956E-04 6.6667E-07
2.5962E-04 6.6667E-07
2.4107E-04 6.6667E-07
2.1418E-04 6.6667E-07
2.0098E-04 6.6667E-07
2.2352E-04 6.6667E-07
1.8065E-04 6.6667E-07
1.6346E-04 6.6667E-07
1.4580E-04 6.6667E-07
1.7374E-04 6.6667E-07
1.4420E-04 6.6667E-07
1.3161E-04 6.6667E-07
1.3526E-04 6.6667E-07
1.2985E-04 6.6667E-07
1.2653E-04 6.6667E-07
1.3785E-04 6.6667E-07
1.2027E-04 6.6667E-07
1.1598E-04 6.6667E-07
1.5496E-04 6.6667E-07
1.1325E-04 6.6667E-07
1.4438E-04 6.6667E-07
1.7290E-04 6.6667E-07
1.2959E-04 6.6667E-07
1.3298E-04 6.6667E-07
2.1609E-04 6.6667E-07
1.5436E-04 6.6667E-07
1.1482E-04 6.6667E-07
1.9086E-04 6.6667E-07
1.2559E-04 6.6667E-07
1.4709E-04 6.6667E-07
1.9060E-04 6.6667E-07
1.6163E-04 6.6667E-07
1.9219E-04 6.6667E-07
2.1521E-04 6.6667E-07
1.9326E-04 6.6667E-07
1.7423E-04 6.6667E-07
2.0682E-04 6.6667E-07
1.7948E-04 6.6667E-07
2.1497E-04 6.6667E-07
2.3336E-04 6.6667E-07
1.1789E-04 6.6667E-07
2.1774E-04 6.6667E-07
1.8330E-04 6.6667E-07
2.0546E-04 6.6667E-07
2.3180E-04 6.6667E-07
2.8156E-04 6.6667E-07
2.2148E-04 6.6667E-07
2.7571E-04 6.6667E-07
2.4476E-04 6.6667E-07
2.6170E-04 6.6667E-07
2.1083E-04 6.6667E-07
1.7581E-04 6.6667E-07
2.1052E-04 6.6667E-07
3.6848E-04 6.6667E-07
2.7508E-04 6.6667E-07
2.4229E-04 6.6667E-07
3.9542E-04 6.6667E-07
2.3708E-04 6.6667E-07
3.2968E-04 6.6667E-07
2.6686E-04 6.6667E-07
3.8681E-04 6.6667E-07
2.9222E-04 6.6667E-07
2.7508E-04 6.6667E-07
3.7289E-04 6.6667E-07
4.8054E-04 6.6667E-07
3.8530E-04 6.6667E-07
3.2982E-04 6.6667E-07
5.2236E-04 6.6667E-07
3.9743E-04 6.6667E-07
3.3924E-04 6.6667E-07
3.1844E-04 6.6667E-07
3.3610E-04 6.6667E-07
3.1016E-04 6.6667E-07
5.3089E-04 6.6667E-07
3.7223E-04 6.6667E-07
4.8218E-04 6.6667E-07
5.0742E-04 6.6667E-07
2.8904E-04 6.6667E-07
4.5126E-04 6.6667E-07
3.6974E-04 6.6667E-07
4.2472E-04 6.6667E-07
3.6172E-04 6.6667E-07
2.4960E-04 6.6667E-07
3.7297E-04 6.6667E-07
5.1237E-04 6.6667E-07
3.1078E-04 6.6667E-07
3.2844E-04 6.6667E-07
5.3838E-04 6.6667E-07
2.7915E-04 6.6667E-07
3.5246E-04 6.6667E-07
3.7746E-04 6.6667E-07
2.5965E-04 6.6667E-07
2.0398E-04 6.6667E-07
4.1276E-04 6.6667E-07
2.1028E-04 6.6667E-07
2.7781E-04 6.6667E-07
2.5306E-04 6.6667E-07
3.4500E-04 6.6667E-07
1.9809E-04 6.6667E-07
2.1215E-04 6.6667E-07
2.3415E-04 6.6667E-07
3.0442E-04 6.6667E-07
2.3931E-04 6.6667E-07
2.0940E-04 6.6667E-07
2.5736E-04 6.6667E-07
2.1900E-04 6.6667E-07
2.4880E-04 6.6667E-07
1.8463E-04 6.6667E-07
2.0257E-04 6.6667E-07
1.3460E-04 6.6667E-07
3.1662E-04 6.6667E-07
1.6931E-04 6.6667E-07
1.8506E-04 6.6667E-07
2.2298E-04 6.6667E-07
2.4621E-04 6.6667E-07
1.7214E-04 6.6667E-07
2.1880E-04 6.6667E-07
1.5784E-04 6.6667E-07
1.7861E-04 6.6667E-07
2.4845E-04 6.6667E-07
1.5160E-04 6.6667E-07
1.0927E-04 6.6667E-07
2.6733E-04 6.6667E-07
1.1274E-04 6.6667E-07
1.2410E-04 6.6667E-07
2.6178E-04 6.6667E-07
9.9847E-05 6.6667E-07
1.3283E-04 6.6667E-07
2.4517E-04 6.6667E-07
1.2590E-04 6.6667E-07
1.5350E-04 6.6667E-07
2.0985E-04 6.6667E-07
1.8076E-04 6.6667E-07
1.3652E-04 6.6667E-07
2.5645E-04 6.6667E-07
1.6535E-04 6.6667E-07
1.6075E-04 6.6667E-07
2.4169E-04 6.6667E-07
1.6110E-04 6.6667E-07
2.3756E-04 6.6667E-07
1.8782E-04 6.6667E-07
1.4901E-04 6.6667E-07
1.6787E-04 6.6667E-07
1.7746E-04 6.6667E-07
1.1968E-04 6.6667E-07
2.1140E-04 6.6667E-07
1.3277E-04 6.6667E-07
1.5652E-04 6.6667E-07
1.6516E-04 6.6667E-07
1.1021E-04 6.6667E-07
1.4297E-04 6.6667E-07
1.3659E-04 6.6667E-07
1.2310E-04 6.6667E-07
9.8600E-05 6.6667E-07
1.2687E-04 6.6667E-07
1.0687E-04 6.6667E-07
9.6942E-05 6.6667E-07
1.1860E-04 6.6667E-07
9.5111E-05 6.6667E-07
1.2698E-04 6.6667E-07
1.3833E-04 6.6667E-07
8.0063E-05 6.6667E-07
1.2968E-04 6.6667E-07
7.8828E-05 6.6667E-07
1.4607E-04 6.6667E-07
9.9214E-05 6.6667E-07
8.4456E-05 6.6667E-07
1.0559E-04 6.6667E-07
1.4102E-04 6.6667E-07
1.5324E-04 6.6667E-07
1.0809E-04 6.6667E-07
1.6650E-04 6.6667E-07
1.3036E-04 6.6667E-07
1.2282E-04 6.6667E-07
1.5455E-04 6.6667E-07
1.1258E-04 6.6667E-07
1.3289E-04 6.6667E-07
1.4842E-04 6.6667E-07
1.1222E-04 6.6667E-07
1.5588E-04 6.6667E-07
1.3404E-04 6.6667E-07
1.4119E-04 6.6667E-07
1.1902E-04 6.6667E-07
1.6230E-04 6.6667E-07
1.4986E-04 6.6667E-07
2.1039E-04 6.6667E-07
1.3688E-04 6.6667E-07
1.8026E-04 6.6667E-07
8.7816E-05 6.6667E-07
2.7912E-04 6.6667E-07
1.3648E-04 6.6667E-07
1.6753E-04 6.6667E-07
2.0925E-04 6.6667E-07
1.8946E-04 6.6667E-07
1.9235E-04 6.6667E-07
1.4746E-04 6.6667E-07
1.3444E-04 6.6667E-07
2.2811E-04 6.6667E-07
1.6427E-04 6.6667E-07
1.9106E-04 6.6667E-07
1.2626E-04 6.6667E-07
1.7875E-04 6.6667E-07
1.7166E-04 6.6667E-07
2.1402E-04 6.6667E-07
1.3963E-04 6.6667E-07
1.7062E-04 6.6667E-07
1.6398E-04 6.6667E-07
2.0717E-04 6.6667E-07
1.8195E-04 6.6667E-07
1.1117E-04 6.6667E-07
1.7983E-04 6.6667E-07
2.0517E-04 6.6667E-07
1.7836E-04 6.6667E-07
1.7674E-04 6.6667E-07
1.9220E-04 6.6667E-07
2.0201E-04 6.6667E-07
1.6243E-04 6.6667E-07
1.7045E-04 6.6667E-07
1.6424E-04 6.6667E-07
1.8815E-04 6.6667E-07
1.2911E-04 6.6667E-07
2.0504E-04 6.6667E-07
1.6855E-04 6.6667E-07
1.3729E-04 6.6667E-07
1.8421E-04 6.6667E-07
2.1979E-04 6.6667E-07
2.2664E-04 6.6667E-07
1.8652E-04 6.6667E-07
2.3513E-04 6.6667E-07
2.2751E-04 6.6667E-07
2.2798E-04 6.6667E-07
2.2043E-04 6.6667E-07
2.8633E-04 6.6667E-07
2.7987E-04 6.6667E-07
2.6813E-04 6.6667E-07
2.7957E-04 6.6667E-07
2.7672E-04 6.6667E-07
3.5955E-04 6.6667E-07
3.1202E-04 6.6667E-07
2.9994E-04 6.6667E-07
2.8571E-04 6.6667E-07
3.5426E-04 6.6667E-07
3.1764E-04 6.6667E-07
3.0402E-04 6.6667E-07
4.3147E-04 6.6667E-07
2.8674E-04 6.6667E-07
3.6554E-04 6.6667E-07
1.9120E-04 6.6667E-07
4.0627E-04 6.6667E-07
2.3280E-04 6.6667E-07
3.6278E-04 6.6667E-07
1.9629E-04 6.6667E-07
3.6580E-04 6.6667E-07
1.9300E-04 6.6667E-07
1.9569E-04 6.6667E-07
2.2790E-04 6.6667E-07
2.6880E-04 6.6667E-07
1.7513E-04 6.6667E-07
1.9560E-04 6.6667E-07
1.3679E-04 6.6667E-07
1.3839E-04 6.6667E-07
1.5221E-04 6.6667E-07
7.9267E-05 6.6667E-07
1.3877E-04 6.6667E-07
7.9847E-06 6.6667E-07
2.0270E-04 6.6667E-07
5.7178E-05 6.6667E-07
8.9516E-05 6.6667E-07
7.2018E-05 6.6667E-07
1.0258E-04 6.6667E-07
7.5630E-05 6.6667E-07
6.5688E-05 6.6667E-07
7.5412E-05 6.6667E-07
9.2478E-05 6.6667E-07
6.5978E-05 6.6667E-07
6.9855E-05 6.6667E-07
6.4396E-05 6.6667E-07
8.1184E-05 6.6667E-07
8.2055E-05 6.6667E-07
6.2323E-05 6.6667E-07
8.3807E-05 6.6667E-07
9.0203E-05 6.6667E-07
5.9637E-05 6.6667E-07
8.4115E-05 6.6667E-07
5.6791E-05 6.6667E-07
8.9444E-05 6.6667E-07
7.0052E-05 6.6667E-07
5.9773E-05 6.6667E-07
6.7611E-05 6.6667E-07
9.6581E-05 6.6667E-07
5.6960E-05 6.6667E-07
7.5903E-05 6.6667E-07
5.1734E-05 6.6667E-07
6.4265E-05 6.6667E-07
6.8631E-05 6.6667E-07
4.0854E-05 6.6667E-07
6.2356E-05 6.6667E-07
7.2844E-05 6.6667E-07
3.8728E-05 6.6667E-07
6.1163E-05 6.6667E-07
3.8302E-05 6.6667E-07
5.2495E-05 6.6667E-07
5.4278E-05 6.6667E-07
3.6973E-05 6.6667E-07
6.8545E-05 6.6667E-07
5.3662E-05 6.6667E-07
4.0104E-05 6.6667E-07
4.2431E-05 6.6667E-07
3.6678E-05 6.6667E-07
5.9652E-05 6.6667E-07
4.7825E-05 6.6667E-07
4.5641E-05 6.6667E-07
3.8037E-05 6.6667E-07
4.1995E-05 6.6667E-07
4.4875E-05 6.6667E-07
4.2929E-05 6.6667E-07
4.1064E-05 6.6667E-07
4.4940E-05 6.6667E-07
3.9788E-05 6.6667E-07
3.7601E-05 6.6667E-07
3.0949E-05 6.6667E-07
3.2654E-05 6.6667E-07
3.7106E-05 6.6667E-07
3.1641E-05 6.6667E-07
3.7590E-05 6.6667E-07
4.0657E-05 6.6667E-07
3.8826E-05 6.6667E-07
3.7190E-05 6.6667E-07
4.0135E-05 6.6667E-07
3.9462E-05 6.6667E-07
3.0884E-05 6.6667E-07
3.1734E-05 6.6667E-07
3.7621E-05 6.6667E-07
4.3859E-05 6.6667E-07
3.5786E-05 6.6667E-07
3.5573E-05 6.6667E-07
4.3890E-05 6.6667E-07
5.0206E-05 6.6667E-07
4.6330E-05 6.6667E-07
4.6073E-05 6.6667E-07
4.6156E-05 6.6667E-07
4.4862E-05 6.6667E-07
4.6500E-05 6.6667E-07
6.3721E-05 6.6667E-07
4.8225E-05 6.6667E-07
6.4018E-05 6.6667E-07
7.2789E-05 6.6667E-07
5.1592E-05 6.6667E-07
4.0759E-05 6.6667E-07
7.3057E-05 6.6667E-07
4.9983E-05 6.6667E-07
5.9392E-05 6.6667E-07
7.6880E-05 6.6667E-07
4.1326E-05 6.6667E-07
5.6838E-05 6.6667E-07
6.0262E-05 6.6667E-07
7.2093E-05 6.6667E-07
3.3341E-05 6.6667E-07
5.1292E-05 6.6667E-07
3.4607E-05 6.6667E-07
4.4991E-05 6.6667E-07
5.2009E-05 6.6667E-07
4.2870E-05 6.6667E-07
5.3143E-05 6.6667E-07
4.2041E-05 6.6667E-07
4.6360E-05 6.6667E-07
4.9087E-05 6.6667E-07
4.7618E-05 6.6667E-07
5.2944E-05 6.6667E-07
4.4757E-05 6.6667E-07
5.6336E-05 6.6667E-07
4.3839E-05 6.6667E-07
5.3449E-05 6.6667E-07
6.8582E-05 6.6667E-07
4.1417E-05 6.6667E-07
5.3720E-05 6.6667E-07
8.5150E-05 6.6667E-07
5.7393E-05 6.6667E-07
7.1132E-05 6.6667E-07
8.0262E-05 6.6667E-07
8.9255E-05 6.6667E-07
5.7306E-05 6.6667E-07
7.9259E-05 6.6667E-07
1.0698E-04 6.6667E-07
8.9626E-05 6.6667E-07
1.1619E-04 6.6667E-07
1.4895E-04 6.6667E-07
1.2529E-04 6.6667E-07
1.5859E-04 6.6667E-07
1.6667E-04 6.6667E-07
1.4379E-04 6.6667E-07
3.8810E-05 6.6667E-07
2.4314E-04 6.6667E-07
1.1736E-04 6.6667E-07
1.5304E-04 6.6667E-07
2.0380E-04 6.6667E-07
3.0089E-04 6.6667E-07
2.9007E-04 6.6667E-07
2.3361E-04 6.6667E-07
3.1489E-04 6.6667E-07
4.4930E-04 6.6667E-07
3.9813E-04 6.6667E-07
5.5454E-04 6.6667E-07
3.5604E-04 6.6667E-07
6.3555E-04 6.6667E-07
6.3440E-04 6.6667E-07
5.2235E-04 6.6667E-07
9.6726E-04 6.6667E-07
9.0976E-04 6.6667E-07
1.0148E-03 6.6667E-07
4.4853E-04 6.6667E-07
9.5360E-04 6.6667E-07
8.5573E-04 6.6667E-07
1.0087E-03 6.6667E-07
9.2980E-04 6.6667E-07
8.4425E-04 6.6667E-07
6.1018E-04 6.6667E-07
3.8738E-04 6.6667E-07
7.7589E-04 6.6667E-07
5.8677E-04 6.6667E-07
5.0002E-04 6.6667E-07
6.2463E-04 6.6667E-07
5.4895E-04 6.6667E-07
3.8704E-04 6.6667E-07
5.9021E-04 6.6667E-07
3.2928E-04 6.6667E-07
4.8022E-04 6.6667E-07
3.5627E-04 6.6667E-07
2.9799E-04 6.6667E-07
4.2423E-04 6.6667E-07
5.3783E-04 6.6667E-07
4.5793E-04 6.6667E-07
3.0662E-04 6.6667E-07
5.3786E-04 6.6667E-07
1.9050E-04 6.6667E-07
3.3153E-04 6.6667E-07
2.6499E-04 6.6667E-07
2.5851E-04 6.6667E-07
3.5486E-04 6.6667E-07
2.7924E-04 6.6667E-07
2.4359E-04 6.6667E-07
2.0866E-04 6.6667E-07
2.2433E-04 6.6667E-07
1.8426E-04 6.6667E-07
3.4849E-04 6.6667E-07
1.3615E-04 6.6667E-07
2.2155E-04 6.6667E-07
2.2649E-04 6.6667E-07
2.7482E-04 6.6667E-07
2.0345E-04 6.6667E-07
2.3303E-04 6.6667E-07
2.0453E-04 6.6667E-07
2.6380E-04 6.6667E-07
2.4087E-04 6.6667E-07
2.0793E-04 6.6667E-07
2.6964E-04 6.6667E-07
3.0578E-04 6.6667E-07
2.2855E-04 6.6667E-07
2.4455E-04 6.6667E-07
2.2115E-04 6.6667E-07
2.6154E-04 6.6667E-07
3.9690E-04 6.6667E-07
2.0955E-04 6.6667E-07
2.0807E-04 6.6667E-07
4.0627E-04 6.6667E-07
2.1815E-04 6.6667E-07
3.2951E-04 6.6667E-07
2.6099E-04 6.6667E-07
3.2476E-04 6.6667E-07
2.0543E-04 6.6667E-07
2.4278E-04 6.6667E-07
2.4535E-04 6.6667E-07
2.4843E-04 6.6667E-07
2.0546E-04 6.6667E-07
1.7803E-04 6.6667E-07
1.6965E-04 6.6667E-07
2.1381E-04 6.6667E-07
1.1153E-04 6.6667E-07
1.4101E-04 6.6667E-07
1.0602E-04 6.6667E-07
1.8063E-04 6.6667E-07
9.1921E-05 6.6667E-07
1.0350E-04 6.6667E-07
1.3249E-04 6.6667E-07
1.2110E-04 6.6667E-07
8.3975E-05 6.6667E-07
1.0022E-04 6.6667E-07
7.4555E-05 6.6667E-07
9.9756E-05 6.6667E-07
9.1809E-05 6.6667E-07
6.1616E-05 6.6667E-07
8.2623E-05 6.6667E-07
8.8434E-05 6.6667E-07
7.7650E-05 6.6667E-07
6.3862E-05 6.6667E-07
8.5985E-05 6.6667E-07
5.8330E-05 6.6667E-07
7.2134E-05 6.6667E-07
5.7903E-05 6.6667E-07
5.4163E-05 6.6667E-07
7.7991E-05 6.6667E-07
8.2866E-05 6.6667E-07
4.5884E-05 6.6667E-07
6.5812E-05 6.6667E-07
4.3310E-05 6.6667E-07
5.0414E-05 6.6667E-07
6.3031E-05 6.6667E-07
3.0363E-05 6.6667E-07
5.7337E-05 6.6667E-07
3.9359E-05 6.6667E-07
7.4959E-05 6.6667E-07
3.3865E-05 6.6667E-07
3.9652E-05 6.6667E-07
4.0443E-05 6.6667E-07
5.7146E-05 6.6667E-07
3.5968E-05 6.6667E-07
3.9674E-05 6.6667E-07
3.9082E-05 6.6667E-07
5.4976E-05 6.6667E-07
4.6103E-05 6.6667E-07
4.0044E-05 6.6667E-07
3.5676E-05 6.6667E-07
5.5146E-05 6.6667E-07
4.1724E-05 6.6667E-07
4.0708E-05 6.6667E-07
4.7138E-05 6.6667E-07
5.9620E-05 6.6667E-07
4.0387E-05 6.6667E-07
4.6001E-05 6.6667E-07
3.9577E-05 6.6667E-07
4.4397E-05 6.6667E-07
6.0966E-05 6.6667E-07
2.7427E-05 6.6667E-07
3.0648E-05 6.6667E-07
6.9637E-05 6.6667E-07
1.8578E-05 6.6667E-07
2.4661E-05 6.6667E-07
2.7715E-05 6.6667E-07
2.9603E-05 6.6667E-07
4.1197E-05 6.6667E-07
1.5170E-05 6.6667E-07
4.3539E-05 6.6667E-07
1.9112E-05 6.6667E-07
2.5199E-05 6.6667E-07
3.5658E-05 6.6667E-07
3.5237E-05 6.6667E-07
2.6564E-05 6.6667E-07
2.6112E-05 6.6667E-07
2.4654E-05 6.6667E-07
3.4679E-05 6.6667E-07
2.5382E-05 6.6667E-07
2.0222E-05 6.6667E-07
2.9907E-05 6.6667E-07
2.4058E-05 6.6667E-07
2.7932E-05 6.6667E-07
2.3416E-05 6.6667E-07
2.0315E-05 6.6667E-07
2.9079E-05 6.6667E-07
3.7857E-05 6.6667E-07
1.8701E-05 6.6667E-07
3.1585E-05 6.6667E-07
1.7218E-05 6.6667E-07
2.7688E-05 6.6667E-07
2.4791E-05 6.6667E-07
1.7757E-05 6.6667E-07
3.5569E-05 6.6667E-07
2.0855E-05 6.6667E-07
2.5018E-05 6.6667E-07
2.0858E-05 6.6667E-07
2.1857E-05 6.6667E-07
1.9106E-05 6.6667E-07
2.7575E-05 6.6667E-07
1.5428E-05 6.6667E-07
1.5814E-05 6.6667E-07
1.9743E-05 6.6667E-07
2.2958E-05 6.6667E-07
1.9455E-05 6.6667E-07
1.5292E-05 6.6667E-07
2.0363E-05 6.6667E-07
2.1124E-05 6.6667E-07
1.8552E-05 6.6667E-07
1.5446E-05 6.6667E-07
2.1043E-05 6.6667E-07
1.9750E-05 6.6667E-07
1.9412E-05 6.6667E-07
1.8148E-05 6.6667E-07
1.6574E-05 6.6667E-07
1.9680E-05 6.6667E-07
2.8512E-05 6.6667E-07
1.2575E-05 6.6667E-07
1.7067E-05 6.6667E-07
1.7632E-05 6.6667E-07
2.1770E-05 6.6667E-07
2.4184E-05 6.6667E-07
1.4777E-05 6.6667E-07
2.0734E-05 6.6667E-07
2.1231E-05 6.6667E-07
2.4968E-05 6.6667E-07
1.2527E-05 6.6667E-07
2.3389E-05 6.6667E-07
1.2306E-05 6.6667E-07
2.8540E-05 6.6667E-07
1.9319E-05 6.6667E-07
1.7174E-05 6.6667E-07
2.2394E-05 6.6667E-07
2.8592E-05 6.6667E-07
2.4953E-05 6.6667E-07
2.8215E-05 6.6667E-07
2.4559E-05 6.6667E-07
3.8316E-05 6.6667E-07
3.1274E-05 6.6667E-07
2.1854E-05 6.6667E-07
4.1208E-05 6.6667E-07
2.1603E-05 6.6667E-07
3.8829E-05 6.6667E-07
3.4811E-05 6.6667E-07
2.4141E-05 6.6667E-07
4.1815E-05 6.6667E-07
6.6589E-05 6.6667E-07
5.4656E-05 6.6667E-07
6.4066E-05 6.6667E-07
4.6273E-05 6.6667E-07
7.3399E-05 6.6667E-07
2.5953E-05 6.6667E-07
9.9694E-05 6.6667E-07
5.7107E-05 6.6667E-07
7.5887E-05 6.6667E-07
8.9881E-05 6.6667E-07
8.2640E-05 6.6667E-07
1.2431E-04 6.6667E-07
1.3367E-04 6.6667E-07
9.0724E-05 6.6667E-07
1.0124E-04 6.6667E-07
1.0969E-04 6.6667E-07
1.2689E-04 6.6667E-07
1.2523E-04 6.6667E-07
1.2931E-04 6.6667E-07
1.6137E-04 6.6667E-07
1.2185E-04 6.6667E-07
1.0967E-04 6.6667E-07
6.6602E-05 6.6667E-07
9.3061E-05 6.6667E-07
9.5503E-05 6.6667E-07
7.1562E-05 6.6667E-07
1.1789E-04 6.6667E-07
7.6842E-05 6.6667E-07
5.9928E-05 6.6667E-07
7.0575E-05 6.6667E-07
5.6222E-05 6.6667E-07
6.3786E-05 6.6667E-07
5.5480E-05 6.6667E-07
4.9073E-05 6.6667E-07
4.3600E-05 6.6667E-07
5.2445E-05 6.6667E-07
4.3663E-05 6.6667E-07
3.6186E-05 6.6667E-07
4.2051E-05 6.6667E-07
3.5380E-05 6.6667E-07
4.5557E-05 6.6667E-07
2.9074E-05 6.6667E-07
3.5664E-05 6.6667E-07
1.9662E-05 6.6667E-07
5.6573E-05 6.6667E-07
2.3073E-05 6.6667E-07
2.5776E-05 6.6667E-07
3.0112E-05 6.6667E-07
3.7380E-05 6.6667E-07
3.7593E-05 6.6667E-07
2.7562E-05 6.6667E-07
2.7727E-05 6.6667E-07
3.3068E-05 6.6667E-07
2.4684E-05 6.6667E-07
2.7643E-05 6.6667E-07
2.8425E-05 6.6667E-07
2.5795E-05 6.6667E-07
2.2132E-05 6.6667E-07
2.5585E-05 6.6667E-07
1.9685E-05 6.6667E-07
1.9401E-05 6.6667E-07
1.9618E-05 6.6667E-07
1.6054E-05 6.6667E-07
1.8673E-05 6.6667E-07
1.9045E-05 6.6667E-07
1.7004E-05 6.6667E-07
1.5720E-05 6.6667E-07
1.8314E-05 6.6667E-07
1.5100E-05 6.6667E-07
1.5145E-05 6.6667E-07
1.8082E-05 6.6667E-07
1.3479E-05 6.6667E-07
1.5948E-05 6.6667E-07
1.9044E-05 6.6667E-07
1.4592E-05 6.6667E-07
1.3884E-05 6.6667E-07
1.6776E-05 6.6667E-07
1.3884E-05 6.6667E-07
1.7315E-05 6.6667E-07
1.6961E-05 6.6667E-07
1.5315E-05 6.6667E-07
1.3202E-05 6.6667E-07
2.0208E-05 6.6667E-07
1.2759E-05 6.6667E-07
1.2289E-05 6.6667E-07
2.0688E-05 6.6667E-07
1.1226E-05 6.6667E-07
1.5760E-05 6.6667E-07
1.5083E-05 6.6667E-07
1.4173E-05 6.6667E-07
1.0113E-05 6.6667E-07
1.3350E-05 6.6667E-07
9.8687E-06 6.6667E-07
1.0116E-05 6.6667E-07
1.2458E-05 6.6667E-07
7.6924E-06 6.6667E-07
1.0853E-05 6.6667E-07
1.1578E-05 6.6667E-07
1.0935E-05 6.6667E-07
7.4830E-06 6.6667E-07
1.1713E-05 6.6667E-07
8.4296E-06 6.6667E-07
7.3527E-06 6.6667E-07
1.3787E-05 6.6667E-07
7.5886E-06 6.6667E-07
1.0478E-05 6.6667E-07
1.4423E-05 6.6667E-07
1.2673E-05 6.6667E-07
7.1165E-06 6.6667E-07
1.4661E-05 6.6667E-07
7.9364E-06 6.6667E-07
1.2764E-05 6.6667E-07
1.2472E-05 6.6667E-07
1.0657E-05 6.6667E-07
1.5851E-05 6.6667E-07
2.0091E-05 6.6667E-07
1.1273E-05 6.6667E-07
1.3562E-05 6.6667E-07
1.4707E-05 6.6667E-07
1.9321E-05 6.6667E-07
1.7218E-05 6.6667E-07
1.5833E-05 6.6667E-07
1.6402E-05 6.6667E-07
1.6877E-05 6.6667E-07
1.4037E-05 6.6667E-07
1.4641E-05 6.6667E-07
1.5504E-05 6.6667E-07
1.4233E-05 6.6667E-07
1.1317E-05 6.6667E-07
1.2699E-05 6.6667E-07
1.2453E-05 6.6667E-07
1.3361E-05 6.6667E-07
1.2619E-05 6.6667E-07
1.1760E-05 6.6667E-07
1.2142E-05 6.6667E-07
1.3081E-05 6.6667E-07
1.2708E-05 6.6667E-07
8.5167E-06 6.6667E-07
1.6493E-05 6.6667E-07
1.7299E-06 6.6667E-07
1.5182E-05 6.6667E-07
7.2893E-06 6.6667E-07
1.0096E-05 6.6667E-07
9.7813E-06 6.6667E-07
1.2730E-05 6.6667E-07
1.0191E-05 6.6667E-07
1.0564E-05 6.6667E-07
1.0163E-05 6.6667E-07
1.1636E-05 6.6667E-07
8.3487E-06 6.6667E-07
7.7832E-06 6.6667E-07
7.9458E-06 6.6667E-07
9.4215E-06 6.6667E-07
6.4802E-06 6.6667E-07
1.1027E-05 6.6667E-07
6.9108E-06 6.6667E-07
7.0727E-06 6.6667E-07
9.6220E-06 6.6667E-07
9.0108E-06 6.6667E-07
7.9123E-06 6.6667E-07
7.2899E-06 6.6667E-07
6.5182E-06 6.6667E-07
8.5749E-06 6.6667E-07
6.0984E-06 6.6667E-07
5.3334E-06 6.6667E-07
5.9627E-06 6.6667E-07
3.9270E-06 6.6667E-07
7.3645E-06 6.6667E-07
3.3352E-06 6.6667E-07
4.9496E-06 6.6667E-07
5.2019E-06 6.6667E-07
6.8596E-06 6.6667E-07
3.4913E-06 6.6667E-07
4.1016E-06 6.6667E-07
3.7051E-06 6.6667E-07
4.6967E-06 6.6667E-07
4.9949E-06 6.6667E-07
2.8829E-06 6.6667E-07
3.8387E-06 6.6667E-07
4.4168E-06 6.6667E-07
4.0270E-06 6.6667E-07
2.2754E-06 6.6667E-07
5.1726E-06 6.6667E-07
1.6804E-06 6.6667E-07
4.2101E-06 6.6667E-07
2.5164E-06 6.6667E-07
2.6276E-06 6.6667E-07
4.5558E-06 6.6667E-07
2.3208E-06 6.6667E-07
4.7917E-06 6.6667E-07
2.7395E-06 6.6667E-07
3.2715E-06 6.6667E-07
3.1006E-06 6.6667E-07
4.0104E-06 6.6667E-07
2.7475E-06 6.6667E-07
3.3709E-06 6.6667E-07
2.5903E-06 6.6667E-07
3.4079E-06 6.6667E-07
3.5039E-06 6.6667E-07
2.3892E-06 6.6667E-07
3.6975E-06 6.6667E-07
4.2762E-06 6.6667E-07
2.4240E-06 6.6667E-07
3.7909E-06 6.6667E-07
2.0341E-06 6.6667E-07
3.1622E-06 6.6667E-07
3.3496E-06 6.6667E-07
2.1343E-06 6.6667E-07
4.5171E-06 6.6667E-07
1.4132E-06 6.6667E-07
4.2744E-06 6.6667E-07
1.5750E-06 6.6667E-07
2.4959E-06 6.6667E-07
3.2712E-06 6.6667E-07
3.8890E-06 6.6667E-07
2.5030E-06 6.6667E-07
3.1832E-06 6.6667E-07
2.1791E-06 6.6667E-07
2.5512E-06 6.6667E-07
3.8592E-06 6.6667E-07
1.9392E-06 6.6667E-07
3.8898E-06 6.6667E-07
2.4536E-06 6.6667E-07
3.3684E-06 6.6667E-07
2.4341E-06 6.6667E-07
2.4940E-06 6.6667E-07
2.8852E-06 6.6667E-07
3.3932E-06 6.6667E-07
3.2652E-06 6.6667E-07
2.9351E-06 6.6667E-07
2.9852E-06 6.6667E-07
4.3580E-06 6.6667E-07
2.7460E-06 6.6667E-07
3.2281E-06 6.6667E-07
4.7104E-06 6.6667E-07
5.1068E-06 6.6667E-07
3.7848E-06 6.6667E-07
4.5081E-06 6.6667E-07
3.6826E-06 6.6667E-07
4.8529E-06 6.6667E-07
5.1995E-06 6.6667E-07
4.4030E-06 6.6667E-07
3.3371E-06 6.6667E-07
5.6929E-06 6.6667E-07
3.3025E-06 6.6667E-07
4.1517E-06 6.6667E-07
5.3985E-06 6.6667E-07
4.1440E-06 6.6667E-07
5.0589E-06 6.6667E-07
6.3420E-06 6.6667E-07
3.8908E-06 6.6667E-07
6.4519E-06 6.6667E-07
4.7455E-06 6.6667E-07
5.5772E-06 6.6667E-07
7.3102E-06 6.6667E-07
4.3659E-06 6.6667E-07
7.0308E-06 6.6667E-07
8.1952E-06 6.6667E-07
5.0319E-06 6.6667E-07
7.8293E-06 6.6667E-07
5.7662E-06 6.6667E-07
8.7956E-06 6.6667E-07
7.4188E-06 6.6667E-07
6.5060E-06 6.6667E-07
8.1049E-06 6.6667E-07
1.2663E-05 6.6667E-07
1.0026E-05 6.6667E-07
9.4785E-06 6.6667E-07
1.3581E-05 6.6667E-07
1.1896E-05 6.6667E-07
1.3960E-05 6.6667E-07
1.5837E-05 6.6667E-07
1.2041E-05 6.6667E-07
1.1931E-05 6.6667E-07
1.9124E-05 6.6667E-07
1.4253E-05 6.6667E-07
1.1009E-05 6.6667E-07
1.7622E-05 6.6667E-07
1.2505E-05 6.6667E-07
1.8819E-05 6.6667E-07
1.7752E-05 6.6667E-07
1.8925E-05 6.6667E-07
1.6813E-05 6.6667E-07
1.6878E-05 6.6667E-07
2.1221E-05 6.6667E-07
2.1530E-05 6.6667E-07
1.7906E-05 6.6667E-07
1.8358E-05 6.6667E-07
2.5015E-05 6.6667E-07
2.3815E-05 6.6667E-07
2.0029E-05 6.6667E-07
2.0326E-05 6.6667E-07
2.3642E-05 6.6667E-07
2.4506E-05 6.6667E-07
2.9039E-05 6.6667E-07
2.0280E-05 6.6667E-07
2.1471E-05 6.6667E-07
3.7652E-05 6.6667E-07
1.7045E-05 6.6667E-07
2.1215E-05 6.6667E-07
4.7895E-05 6.6667E-07
2.2807E-05 6.6667E-07
2.2624E-05 6.6667E-07
5.4179E-05 6.6667E-07
2.3075E-05 6.6667E-07
2.6681E-05 6.6667E-07
5.5405E-05 6.6667E-07
3.0507E-05 6.6667E-07
3.2244E-05 6.6667E-07
6.0648E-05 6.6667E-07
7.5801E-06 6.6667E-07
6.4611E-05 6.6667E-07
2.8974E-05 6.6667E-07
4.0853E-05 6.6667E-07
5.6239E-05 6.6667E-07
6.0300E-05 6.6667E-07
4.9719E-05 6.6667E-07
5.5939E-05 6.6667E-07
6.3294E-05 6.6667E-07
6.3673E-05 6.6667E-07
5.2945E-05 6.6667E-07
5.2299E-05 6.6667E-07
3.5864E-05 6.6667E-07
5.8003E-05 6.6667E-07
7.7848E-05 6.6667E-07
5.1554E-05 6.6667E-07
6.7011E-05 6.6667E-07
5.1228E-05 6.6667E-07
4.8143E-05 6.6667E-07
5.1170E-05 6.6667E-07
4.7390E-05 6.6667E-07
4.6513E-05 6.6667E-07
3.7867E-05 6.6667E-07
3.6417E-05 6.6667E-07
4.0042E-05 6.6667E-07
3.6484E-05 6.6667E-07
2.4300E-05 6.6667E-07
2.6116E-05 6.6667E-07
1.7680E-05 6.6667E-07
4.3821E-05 6.6667E-07
2.1576E-05 6.6667E-07
2.0670E-05 6.6667E-07
2.7281E-05 6.6667E-07
2.8904E-05 6.6667E-07
1.8065E-05 6.6667E-07
2.2187E-05 6.6667E-07
1.6170E-05 6.6667E-07
1.8425E-05 6.6667E-07
2.4548E-05 6.6667E-07
1.2128E-05 6.6667E-07
1.1819E-05 6.6667E-07
2.4911E-05 6.6667E-07
1.1854E-05 6.6667E-07
9.6283E-06 6.6667E-07
1.5112E-05 6.6667E-07
1.0840E-05 6.6667E-07
1.3704E-05 6.6667E-07
1.5361E-05 6.6667E-07
8.9698E-06 6.6667E-07
1.2413E-05 6.6667E-07
8.3275E-06 6.6667E-07
9.0400E-06 6.6667E-07
1.4585E-05 6.6667E-07
6.9596E-06 6.6667E-07
1.2719E-05 6.6667E-07
9.9109E-06 6.6667E-07
1.5226E-05 6.6667E-07
8.2437E-06 6.6667E-07
8.6563E-06 6.6667E-07
5.0452E-06 6.6667E-07
1.6919E-05 6.6667E-07
9.6973E-06 6.6667E-07
9.4874E-06 6.6667E-07
1.4221E-05 6.6667E-07
1.1712E-05 6.6667E-07
1.3789E-05 6.6667E-07
8.1357E-06 6.6667E-07
1.0228E-05 6.6667E-07
4.1981E-06 6.6667E-07
1.9922E-05 6.6667E-07
7.0355E-06 6.6667E-07
9.5958E-06 6.6667E-07
1.3824E-05 6.6667E-07
9.2463E-06 6.6667E-07
1.8622E-05 6.6667E-07
8.0170E-06 6.6667E-07
1.0871E-05 6.6667E-07
1.3442E-05 6.6667E-07
1.7612E-05 6.6667E-07
1.3909E-05 6.6667E-07
1.5039E-05 6.6667E-07
1.2250E-05 6.6667E-07
1.6880E-05 6.6667E-07
1.9367E-05 6.6667E-07
1.3771E-05 6.6667E-07
1.8519E-05 6.6667E-07
2.3839E-05 6.6667E-07
2.0854E-05 6.6667E-07
2.6911E-05 6.6667E-07
1.8600E-05 6.6667E-07
2.6638E-05 6.6667E-07
2.8944E-05 6.6667E-07
2.0182E-05 6.6667E-07
3.0863E-05 6.6667E-07
5.3390E-05 6.6667E-07
3.4403E-05 6.6667E-07
5.5736E-05 6.6667E-07
3.5779E-05 6.6667E-07
4.9821E-05 6.6667E-07
5.7196E-05 6.6667E-07
9.0525E-05 6.6667E-07
9.8024E-05 6.6667E-07
8.1715E-05 6.6667E-07
7.9730E-05 6.6667E-07
3.7492E-05 6.6667E-07
1.2142E-04 6.6667E-07
6.1463E-05 6.6667E-07
1.2762E-04 6.6667E-07
8.6676E-05 6.6667E-07
1.2948E-04 6.6667E-07
1.1536E-04 6.6667E-07
1.1195E-04 6.6667E-07
9.4549E-05 6.6667E-07
9.4455E-05 6.6667E-07
1.1847E-04 6.6667E-07
1.1508E-04 6.6667E-07
1.1365E-04 6.6667E-07
1.2276E-04 6.6667E-07
1.1649E-04 6.6667E-07
1.2762E-04 6.6667E-07
9.2096E-05 6.6667E-07
1.1504E-04 6.6667E-07
1.9677E-05 6.6667E-07
2.0084E-04 6.6667E-07
6.3151E-05 6.6667E-07
9.1292E-05 6.6667E-07
1.0963E-04 6.6667E-07
1.2473E-04 6.6667E-07
1.1237E-04 6.6667E-07
1.1174E-04 6.6667E-07
9.1791E-05 6.6667E-07
1.3825E-04 6.6667E-07
1.0182E-04 6.6667E-07
7.0354E-05 6.6667E-07
1.0245E-04 6.6667E-07
8.9551E-05 6.6667E-07
1.0409E-04 6.6667E-07
1.2773E-04 6.6667E-07
1.0477E-04 6.6667E-07
1.2697E-04 6.6667E-07
1.4648E-04 6.6667E-07
1.3961E-04 6.6667E-07
9.4695E-05 6.6667E-07
1.9501E-04 6.6667E-07
8.3415E-05 6.6667E-07
1.8765E-04 6.6667E-07
1.3328E-04 6.6667E-07
1.2170E-04 6.6667E-07
1.2401E-04 6.6667E-07
1.8371E-04 6.6667E-07
1.5506E-04 6.6667E-07
1.1626E-04 6.6667E-07
1.5462E-04 6.6667E-07
1.4215E-04 6.6667E-07
1.1045E-04 6.6667E-07
1.1202E-04 6.6667E-07
1.0610E-04 6.6667E-07
1.4707E-04 6.6667E-07
9.0776E-05 6.6667E-07
1.0919E-04 6.6667E-07
9.2986E-05 6.6667E-07
1.6557E-04 6.6667E-07
8.3370E-05 6.6667E-07
9.4542E-05 6.6667E-07
8.0192E-05 6.6667E-07
1.3365E-04 6.6667E-07
1.1687E-04 6.6667E-07
8.5642E-05 6.6667E-07
1.1214E-04 6.6667E-07
1.4160E-04 6.6667E-07
1.1152E-04 6.6667E-07
1.1530E-04 6.6667E-07
1.0017E-04 6.6667E-07
1.5801E-04 6.6667E-07
1.1262E-04 6.6667E-07
9.0443E-05 6.6667E-07
1.1358E-04 6.6667E-07
1.6172E-04 6.6667E-07
1.1434E-04 6.6667E-07
1.0702E-04 6.6667E-07
1.4645E-04 6.6667E-07
1.1945E-04 6.6667E-07
1.0496E-04 6.6667E-07
1.0680E-04 6.6667E-07
8.0050E-05 6.6667E-07
1.1246E-04 6.6667E-07
1.4299E-04 6.6667E-07
9.5603E-05 6.6667E-07
8.5675E-05 6.6667E-07
1.3581E-04 6.6667E-07
8.1136E-05 6.6667E-07
9.5653E-05 6.6667E-07
1.1074E-04 6.6667E-07
7.4260E-05 6.6667E-07
5.8032E-05 6.6667E-07
9.0716E-05 6.6667E-07
6.5416E-05 6.6667E-07
5.7949E-05 6.6667E-07
9.9912E-05 6.6667E-07
4.3713E-05 6.6667E-07
5.5245E-05 6.6667E-07
6.4254E-05 6.6667E-07
5.2092E-05 6.6667E-07
9.1919E-05 6.6667E-07
5.6780E-05 6.6667E-07
6.4972E-05 6.6667E-07
4.3213E-05 6.6667E-07
5.2695E-05 6.6667E-07
4.6474E-05 6.6667E-07
8.4834E-05 6.6667E-07
4.0309E-05 6.6667E-07
4.9173E-05 6.6667E-07
6.3544E-05 6.6667E-07
6.5053E-05 6.6667E-07
5.1693E-05 6.6667E-07
5.2415E-05 6.6667E-07
4.4555E-05 6.6667E-07
7.4994E-05 6.6667E-07
4.7454E-05 6.6667E-07
4.5942E-05 6.6667E-07
4.7142E-05 6.6667E-07
5.0486E-05 6.6667E-07
5.9550E-05 6.6667E-07
4.9917E-05 6.6667E-07
5.4245E-05 6.6667E-07
4.9498E-05 6.6667E-07
6.3786E-05 6.6667E-07
5.5583E-05 6.6667E-07
4.6523E-05 6.6667E-07
6.2110E-05 6.6667E-07
5.0422E-05 6.6667E-07
5.3811E-05 6.6667E-07
5.0234E-05 6.6667E-07
4.3306E-05 6.6667E-07
5.9748E-05 6.6667E-07
5.6726E-05 6.6667E-07
4.5930E-05 6.6667E-07
3.3553E-05 6.6667E-07
5.1815E-05 6.6667E-07
5.5316E-05 6.6667E-07
5.2462E-05 6.6667E-07
5.9605E-05 6.6667E-07
6.7825E-05 6.6667E-07
5.2615E-05 6.6667E-07
5.8060E-05 6.6667E-07
3.9914E-05 6.6667E-07
6.3794E-05 6.6667E-07
4.6137E-05 6.6667E-07
4.2228E-05 6.6667E-07
4.7070E-05 6.6667E-07
6.9738E-05 6.6667E-07
3.9345E-05 6.6667E-07
4.8409E-05 6.6667E-07
3.5539E-05 6.6667E-07
4.2035E-05 6.6667E-07
5.4711E-05 6.6667E-07
2.9028E-05 6.6667E-07
3.8085E-05 6.6667E-07
4.2932E-05 6.6667E-07
3.7085E-05 6.6667E-07
2.0489E-05 6.6667E-07
4.1010E-05 6.6667E-07
1.2167E-05 6.6667E-07
3.5347E-05 6.6667E-07
2.0658E-05 6.6667E-07
2.4887E-05 6.6667E-07
2.0737E-05 6.6667E-07
2.9064E-05 6.6667E-07
1.6388E-05 6.6667E-07
2.0849E-05 6.6667E-07
1.9453E-05 6.6667E-07
2.0713E-05 6.6667E-07
2.1592E-05 6.6667E-07
1.4109E-05 6.6667E-07
2.3004E-05 6.6667E-07
1.8806E-05 6.6667E-07
2.2110E-05 6.6667E-07
1.6215E-05 6.6667E-07
1.9136E-05 6.6667E-07
1.7228E-05 6.6667E-07
2.3195E-05 6.6667E-07
1.7043E-05 6.6667E-07
1.6726E-05 6.6667E-07
7.3901E-06 6.6667E-07
3.2802E-05 6.6667E-07
1.3634E-05 6.6667E-07
1.6436E-05 6.6667E-07
1.7403E-05 6.6667E-07
2.3549E-05 6.6667E-07
2.3600E-05 6.6667E-07
1.9022E-05 6.6667E-07
2.1756E-05 6.6667E-07
2.5783E-05 6.6667E-07
2.1352E-05 6.6667E-07
2.2260E-05 6.6667E-07
2.2745E-05 6.6667E-07
2.4835E-05 6.6667E-07
2.2032E-05 6.6667E-07
2.8006E-05 6.6667E-07
2.7921E-05 6.6667E-07
3.0467E-05 6.6667E-07
3.0613E-05 6.6667E-07
3.3115E-05 6.6667E-07
3.2804E-05 6.6667E-07
2.9940E-05 6.6667E-07
3.2994E-05 6.6667E-07
4.3445E-05 6.6667E-07
3.4582E-05 6.6667E-07
3.9883E-05 6.6667E-07
1.4788E-05 6.6667E-07
4.3057E-05 6.6667E-07
2.6387E-05 6.6667E-07
6.0420E-05 6.6667E-07
3.6952E-05 6.6667E-07
5.1300E-05 6.6667E-07
5.6233E-05 6.6667E-07
2.4897E-05 6.6667E-07
4.2746E-05 6.6667E-07
4.5220E-05 6.6667E-07
5.0506E-05 6.6667E-07
5.2249E-05 6.6667E-07
5.0167E-05 6.6667E-07
4.5628E-05 6.6667E-07
3.6525E-05 6.6667E-07
3.3949E-05 6.6667E-07
3.9806E-05 6.6667E-07
4.5444E-05 6.6667E-07
4.0054E-05 6.6667E-07
5.3629E-05 6.6667E-07
6.9797E-05 6.6667E-07
2.8109E-05 6.6667E-07
3.2896E-05 6.6667E-07
4.2090E-05 6.6667E-07
4.5674E-05 6.6667E-07
4.8847E-05 6.6667E-07
3.4785E-05 6.6667E-07
4.4485E-05 6.6667E-07
4.4901E-05 6.6667E-07
4.5009E-05 6.6667E-07
2.7686E-05 6.6667E-07
4.0026E-05 6.6667E-07
1.9863E-05 6.6667E-07
3.6246E-05 6.6667E-07
2.7104E-05 6.6667E-07
2.5359E-05 6.6667E-07
3.6175E-05 6.6667E-07
3.4953E-05 6.6667E-07
2.6757E-05 6.6667E-07
2.4648E-05 6.6667E-07
2.9674E-05 6.6667E-07
3.2807E-05 6.6667E-07
2.4337E-05 6.6667E-07
2.4373E-05 6.6667E-07
2.5669E-05 6.6667E-07
2.3296E-05 6.6667E-07
2.2591E-05 6.6667E-07
1.7154E-05 6.6667E-07
2.0584E-05 6.6667E-07
3.0888E-05 6.6667E-07
1.7655E-05 6.6667E-07
1.6217E-05 6.6667E-07
3.1549E-05 6.6667E-07
1.4130E-05 6.6667E-07
1.5938E-05 6.6667E-07
3.3623E-05 6.6667E-07
1.3633E-05 6.6667E-07
1.8594E-05 6.6667E-07
2.6558E-05 6.6667E-07
1.6134E-05 6.6667E-07
1.3822E-05 6.6667E-07
2.5076E-05 6.6667E-07
1.4472E-05 6.6667E-07
1.7572E-05 6.6667E-07
1.7850E-05 6.6667E-07
1.3195E-05 6.6667E-07
1.4638E-05 6.6667E-07
2.0520E-05 6.6667E-07
1.0648E-05 6.6667E-07
1.4753E-05 6.6667E-07
9.7671E-06 6.6667E-07
1.9605E-05 6.6667E-07
9.4085E-06 6.6667E-07
8.5348E-06 6.6667E-07
1.0676E-05 6.6667E-07
1.9085E-05 6.6667E-07
9.1205E-06 6.6667E-07
8.8370E-06 6.6667E-07
1.5267E-05 6.6667E-07
9.4292E-06 6.6667E-07
1.2475E-05 6.6667E-07
9.7988E-06 6.6667E-07
6.3032E-06 6.6667E-07
8.0623E-06 6.6667E-07
7.4712E-06 6.6667E-07
9.0110E-06 6.6667E-07
8.9497E-06 6.6667E-07
8.6292E-06 6.6667E-07
6.1007E-06 6.6667E-07
7.5182E-06 6.6667E-07
5.8007E-06 6.6667E-07
5.9208E-06 6.6667E-07
6.8839E-06 6.6667E-07
4.2065E-06 6.6667E-07
6.3876E-06 6.6667E-07
5.6367E-06 6.6667E-07
5.1864E-06 6.6667E-07
3.4723E-06 6.6667E-07
5.8980E-06 6.6667E-07
3.3880E-06 6.6667E-07
5.5740E-06 6.6667E-07
4.0422E-06 6.6667E-07
4.0078E-06 6.6667E-07
7.3056E-06 6.6667E-07
1.8281E-07 6.6667E-07
9.0652E-06 6.6667E-07
2.2536E-06 6.6667E-07
3.6637E-06 6.6667E-07
4.6924E-06 6.6667E-07
5.2034E-06 6.6667E-07
4.1559E-06 6.6667E-07
3.0618E-06 6.6667E-07
4.8453E-06 6.6667E-07
4.5291E-06 6.6667E-07
2.5837E-06 6.6667E-07
4.0333E-06 6.6667E-07
2.6310E-06 6.6667E-07
3.2390E-06 6.6667E-07
4.5396E-06 6.6667E-07
2.5212E-06 6.6667E-07
4.1455E-06 6.6667E-07
2.8005E-06 6.6667E-07
4.0419E-06 6.6667E-07
2.4528E-06 6.6667E-07
2.8255E-06 6.6667E-07
3.5828E-06 6.6667E-07
4.0065E-06 6.6667E-07
4.1330E-06 6.6667E-07
3.5612E-06 6.6667E-07
4.3858E-06 6.6667E-07
4.3252E-06 6.6667E-07
3.6751E-06 6.6667E-07
4.9309E-06 6.6667E-07
3.0587E-06 6.6667E-07
5.0085E-06 6.6667E-07
5.0750E-06 6.6667E-07
4.2556E-06 6.6667E-07
7.1060E-06 6.6667E-07
3.6814E-06 6.6667E-07
9.6104E-06 6.6667E-07
5.0789E-06 6.6667E-07
7.5934E-06 6.6667E-07
9.3781E-06 6.6667E-07
9.3862E-06 6.6667E-07
1.5703E-05 6.6667E-07
1.0690E-05 6.6667E-07
1.8093E-05 6.6667E-07
1.6505E-05 6.6667E-07
1.5921E-05 6.6667E-07
5.8529E-06 6.6667E-07
4.3973E-05 6.6667E-07
1.9344E-05 6.6667E-07
3.9045E-05 6.6667E-07
4.0380E-05 6.6667E-07
7.8727E-05 6.6667E-07
6.8228E-05 6.6667E-07
1.1224E-04 6.6667E-07
6.2933E-05 6.6667E-07
1.0636E-04 6.6667E-07
1.0748E-04 6.6667E-07
1.4185E-04 6.6667E-07
1.3236E-04 6.6667E-07
2.3717E-04 6.6667E-07
1.1329E-04 6.6667E-07
3.5809E-05 6.6667E-07
2.3062E-04 6.6667E-07
1.5240E-04 6.6667E-07
1.5935E-04 6.6667E-07
1.9947E-04 6.6667E-07
2.1979E-04 6.6667E-07
2.0645E-04 6.6667E-07
2.3319E-04 6.6667E-07
1.7324E-04 6.6667E-07
2.2336E-04 6.6667E-07
1.5553E-04 6.6667E-07
1.5208E-04 6.6667E-07
1.7214E-04 6.6667E-07
3.0866E-04 6.6667E-07
2.1029E-04 6.6667E-07
1.5160E-04 6.6667E-07
2.6036E-04 6.6667E-07
1.1424E-04 6.6667E-07
2.0759E-04 6.6667E-07
9.7182E-06 6.6667E-07
3.2771E-04 6.6667E-07
1.0299E-04 6.6667E-07
1.3937E-04 6.6667E-07
1.6954E-04 6.6667E-07
1.1431E-04 6.6667E-07
1.3942E-04 6.6667E-07
8.0345E-05 6.6667E-07
1.0650E-04 6.6667E-07
8.9756E-05 6.6667E-07
1.0207E-04 6.6667E-07
7.9634E-05 6.6667E-07
6.4554E-05 6.6667E-07
5.8816E-05 6.6667E-07
1.1164E-04 6.6667E-07
4.8132E-05 6.6667E-07
5.9681E-05 6.6667E-07
7.3126E-05 6.6667E-07
8.4748E-05 6.6667E-07
6.4492E-05 6.6667E-07
5.8707E-05 6.6667E-07
6.6820E-05 6.6667E-07
7.0808E-05 6.6667E-07
5.9912E-05 6.6667E-07
4.4319E-05 6.6667E-07
4.3909E-05 6.6667E-07
5.5476E-05 6.6667E-07
3.4965E-05 6.6667E-07
3.4283E-05 6.6667E-07
4.2686E-05 6.6667E-07
3.0403E-05 6.6667E-07
3.9441E-05 6.6667E-07
3.2864E-05 6.6667E-07
3.2369E-05 6.6667E-07
2.5622E-05 6.6667E-07
2.6835E-05 6.6667E-07
2.5705E-05 6.6667E-07
2.2544E-05 6.6667E-07
2.5200E-05 6.6667E-07
2.1301E-05 6.6667E-07
2.0878E-05 6.6667E-07
2.0526E-05 6.6667E-07
1.8067E-05 6.6667E-07
1.9992E-05 6.6667E-07
1.7944E-05 6.6667E-07
1.7517E-05 6.6667E-07
1.6293E-05 6.6667E-07
1.4484E-05 6.6667E-07
1.6270E-05 6.6667E-07
1.4014E-05 6.6667E-07
1.1108E-05 6.6667E-07
1.6802E-05 6.6667E-07
9.6833E-06 6.6667E-07
9.7476E-06 6.6667E-07
1.6409E-05 6.6667E-07
7.7083E-06 6.6667E-07
1.3171E-05 6.6667E-07
6.3350E-06 6.6667E-07
1.2859E-05 6.6667E-07
6.4565E-06 6.6667E-07
8.0810E-06 6.6667E-07
1.0686E-05 6.6667E-07
1.0663E-05 6.6667E-07
7.7632E-06 6.6667E-07
9.8081E-06 6.6667E-07
7.4796E-06 6.6667E-07
1.0491E-05 6.6667E-07
7.7068E-06 6.6667E-07
1.0053E-05 6.6667E-07
5.2838E-06 6.6667E-07
1.0116E-05 6.6667E-07
3.8109E-06 6.6667E-07
1.0123E-05 6.6667E-07
6.4387E-06 6.6667E-07
6.9102E-06 6.6667E-07
1.0235E-05 6.6667E-07
6.2588E-06 6.6667E-07
9.4944E-06 6.6667E-07
5.9172E-06 6.6667E-07
7.9095E-06 6.6667E-07
4.7945E-06 6.6667E-07
1.1531E-05 6.6667E-07
5.6935E-06 6.6667E-07
6.1144E-06 6.6667E-07
9.6426E-06 6.6667E-07
6.1339E-06 6.6667E-07
9.8541E-06 6.6667E-07
6.0505E-06 6.6667E-07
7.5016E-06 6.6667E-07
6.3347E-06 6.6667E-07
9.9659E-06 6.6667E-07
6.4784E-06 6.6667E-07
6.5878E-06 6.6667E-07
9.2428E-06 6.6667E-07
7.2408E-06 6.6667E-07
8.4466E-06 6.6667E-07
6.1722E-06 6.6667E-07
6.4589E-06 6.6667E-07
7.6542E-06 6.6667E-07
1.1720E-05 6.6667E-07
5.6219E-06 6.6667E-07
7.2625E-06 6.6667E-07
8.2433E-06 6.6667E-07
1.0458E-05 6.6667E-07
9.4259E-06 6.6667E-07
8.9812E-06 6.6667E-07
7.4085E-06 6.6667E-07
1.1359E-05 6.6667E-07
9.5408E-06 6.6667E-07
9.5059E-06 6.6667E-07
7.9717E-06 6.6667E-07
1.3146E-05 6.6667E-07
7.5340E-06 6.6667E-07
9.3546E-06 6.6667E-07
1.0951E-05 6.6667E-07
7.3212E-06 6.6667E-07
1.3192E-05 6.6667E-07
1.3053E-05 6.6667E-07
9.2775E-06 6.6667E-07
1.2666E-05 6.6667E-07
1.0604E-05 6.6667E-07
1.8427E-05 6.6667E-07
1.1843E-05 6.6667E-07
1.2685E-05 6.6667E-07
1.0675E-05 6.6667E-07
1.3601E-05 6.6667E-07
1.3235E-05 6.6667E-07
1.7311E-05 6.6667E-07
1.5073E-05 6.6667E-07
1.5357E-05 6.6667E-07
1.4002E-05 6.6667E-07
1.8466E-05 6.6667E-07
1.1654E-05 6.6667E-07
1.4052E-05 6.6667E-07
1.6106E-05 6.6667E-07
1.8951E-05 6.6667E-07
8.0698E-06 6.6667E-07
1.2952E-05 6.6667E-07
9.4382E-06 6.6667E-07
1.6946E-05 6.6667E-07
1.4268E-05 6.6667E-07
1.3622E-05 6.6667E-07
2.1126E-05 6.6667E-07
1.2959E-05 6.6667E-07
1.4639E-05 6.6667E-07
1.7735E-05 6.6667E-07
2.0092E-05 6.6667E-07
1.3565E-05 6.6667E-07
1.6159E-05 6.6667E-07
1.2928E-05 6.6667E-07
1.3109E-05 6.6667E-07
1.7493E-05 6.6667E-07
1.1491E-05 6.6667E-07
9.8927E-06 6.6667E-07
2.0105E-05 6.6667E-07
1.1671E-05 6.6667E-07
1.3948E-05 6.6667E-07
1.8418E-05 6.6667E-07
1.1569E-05 6.6667E-07
1.1415E-05 6.6667E-07
1.4426E-05 6.6667E-07
1.1763E-05 6.6667E-07
9.6399E-06 6.6667E-07
1.7251E-05 6.6667E-07
9.1107E-06 6.6667E-07
9.8953E-06 6.6667E-07
1.1472E-05 6.6667E-07
7.9972E-06 6.6667E-07
1.2152E-05 6.6667E-07
1.1040E-05 6.6667E-07
7.5699E-06 6.6667E-07
9.5342E-06 6.6667E-07
9.1606E-06 6.6667E-07
1.1835E-05 6.6667E-07
9.4688E-06 6.6667E-07
8.5812E-06 6.6667E-07
7.4480E-06 6.6667E-07
7.8946E-06 6.6667E-07
8.0751E-06 6.6667E-07
6.8039E-06 6.6667E-07
5.1213E-06 6.6667E-07
8.3881E-06 6.6667E-07
3.7127E-06 6.6667E-07
5.4959E-06 6.6667E-07
4.8765E-06 6.6667E-07
4.2736E-06 6.6667E-07
7.8807E-06 6.6667E-07
4.6473E-06 6.6667E-07
6.4179E-06 6.6667E-07
3.3690E-06 6.6667E-07
4.3790E-06 6.6667E-07
4.0797E-06 6.6667E-07
7.0587E-06 6.6667E-07
3.5914E-06 6.6667E-07
4.2258E-06 6.6667E-07
4.8811E-06 6.6667E-07
5.4379E-06 6.6667E-07
4.0838E-06 6.6667E-07
4.6888E-06 6.6667E-07
4.0936E-06 6.6667E-07
5.7454E-06 6.6667E-07
4.4992E-06 6.6667E-07
4.2391E-06 6.6667E-07
4.2936E-06 6.6667E-07
5.2289E-06 6.6667E-07
3.0266E-06 6.6667E-07
5.8707E-06 6.6667E-07
3.5701E-06 6.6667E-07
4.2060E-06 6.6667E-07
5.5166E-06 6.6667E-07
5.6167E-06 6.6667E-07
4.1833E-06 6.6667E-07
5.4801E-06 6.6667E-07
3.9792E-06 6.6667E-07
5.3526E-06 6.6667E-07
5.9240E-06 6.6667E-07
4.1134E-06 6.6667E-07
3.3566E-06 6.6667E-07
7.6954E-06 6.6667E-07
4.6833E-06 6.6667E-07
3.3425E-06 6.6667E-07
5.4534E-06 6.6667E-07
4.9714E-06 6.6667E-07
3.8031E-06 6.6667E-07
7.3576E-06 6.6667E-07
3.5976E-06 6.6667E-07
4.6759E-06 6.6667E-07
5.3284E-06 6.6667E-07
6.4730E-06 6.6667E-07
5.4065E-06 6.6667E-07
5.1139E-06 6.6667E-07
4.5637E-06 6.6667E-07
5.3097E-06 6.6667E-07
5.9254E-06 6.6667E-07
4.5544E-06 6.6667E-07
4.6040E-06 6.6667E-07
6.7916E-06 6.6667E-07
4.4115E-06 6.6667E-07
6.5203E-06 6.6667E-07
6.2914E-06 6.6667E-07
6.2487E-06 6.6667E-07
4.3031E-06 6.6667E-07
5.7951E-06 6.6667E-07
4.8599E-06 6.6667E-07
5.1508E-06 6.6667E-07
6.6526E-06 6.6667E-07
4.6506E-06 6.6667E-07
6.9393E-06 6.6667E-07
5.9898E-06 6.6667E-07
4.2665E-06 6.6667E-07
5.3142E-06 6.6667E-07
5.2586E-06 6.6667E-07
5.3694E-06 6.6667E-07
6.0466E-06 6.6667E-07
5.1348E-06 6.6667E-07
8.2399E-06 6.6667E-07
5.9597E-06 6.6667E-07
6.0527E-06 6.6667E-07
6.3449E-06 6.6667E-07
5.6857E-06 6.6667E-07
6.3647E-06 6.6667E-07
6.9566E-06 6.6667E-07
6.1546E-06 6.6667E-07
5.8485E-06 6.6667E-07
6.2043E-06 6.6667E-07
5.0850E-06 6.6667E-07
5.8786E-06 6.6667E-07
6.3948E-06 6.6667E-07
5.4188E-06 6.6667E-07
6.0273E-06 6.6667E-07
6.2438E-06 6.6667E-07
6.0267E-06 6.6667E-07
5.5163E-06 6.6667E-07
6.0717E-06 6.6667E-07
4.7152E-06 6.6667E-07
5.0626E-06 6.6667E-07
6.1819E-06 6.6667E-07
4.4262E-06 6.6667E-07
5.0955E-06 6.6667E-07
6.4033E-06 6.6667E-07
4.3604E-06 6.6667E-07
5.0531E-06 6.6667E-07
7.4494E-06 6.6667E-07
5.4100E-06 6.6667E-07
4.7182E-06 6.6667E-07
7.0011E-06 6.6667E-07
5.0451E-06 6.6667E-07
7.9298E-06 6.6667E-07
6.1976E-06 6.6667E-07
7.0939E-06 6.6667E-07
5.7095E-06 6.6667E-07
4.9558E-06 6.6667E-07
6.5996E-06 6.6667E-07
6.7865E-06 6.6667E-07
7.8266E-06 6.6667E-07
8.3297E-06 6.6667E-07
1.0744E-05 6.6667E-07
1.0486E-05 6.6667E-07
1.0633E-05 6.6667E-07
1.0778E-05 6.6667E-07
1.2618E-05 6.6667E-07
1.4816E-05 6.6667E-07
1.3917E-05 6.6667E-07
1.7892E-05 6.6667E-07
2.1593E-05 6.6667E-07
2.2302E-05 6.6667E-07
2.8969E-05 6.6667E-07
3.3636E-05 6.6667E-07
2.0057E-05 6.6667E-07
3.5649E-05 6.6667E-07
3.8094E-05 6.6667E-07
4.4461E-05 6.6667E-07
4.6723E-05 6.6667E-07
3.8266E-05 6.6667E-07
8.9228E-05 6.6667E-07
4.8875E-05 6.6667E-07
4.9046E-05 6.6667E-07
8.6327E-05 6.6667E-07
7.6996E-05 6.6667E-07
9.4426E-05 6.6667E-07
8.9402E-05 6.6667E-07
1.1735E-04 6.6667E-07
1.1053E-04 6.6667E-07
9.5388E-05 6.6667E-07
8.3341E-05 6.6667E-07
9.8093E-05 6.6667E-07
8.0235E-05 6.6667E-07
9.5351E-05 6.6667E-07
7.7738E-05 6.6667E-07
9.2539E-05 6.6667E-07
1.2111E-04 6.6667E-07
1.0612E-04 6.6667E-07
8.4406E-05 6.6667E-07
1.2834E-04 6.6667E-07
8.0912E-05 6.6667E-07
1.1368E-04 6.6667E-07
1.1771E-04 6.6667E-07
8.4731E-05 6.6667E-07
1.0464E-04 6.6667E-07
1.0573E-04 6.6667E-07
1.2251E-04 6.6667E-07
1.1198E-04 6.6667E-07
1.8258E-04 6.6667E-07
1.3126E-04 6.6667E-07
1.6815E-04 6.6667E-07
1.9429E-04 6.6667E-07
1.4318E-04 6.6667E-07
1.7189E-04 6.6667E-07
2.5903E-04 6.6667E-07
1.8816E-04 6.6667E-07
3.0701E-04 6.6667E-07
2.5367E-04 6.6667E-07
2.2336E-04 6.6667E-07
1.9885E-04 6.6667E-07
1.3504E-04 6.6667E-07
2.4266E-04 6.6667E-07
1.4368E-04 6.6667E-07
1.4445E-04 6.6667E-07
1.6236E-04 6.6667E-07
1.2788E-04 6.6667E-07
1.4649E-04 6.6667E-07
1.4391E-04 6.6667E-07
8.2861E-05 6.6667E-07
1.3038E-04 6.6667E-07
9.8284E-05 6.6667E-07
5.6461E-05 6.6667E-07
6.6080E-05 6.6667E-07
6.4057E-05 6.6667E-07
7.2420E-05 6.6667E-07
6.1865E-05 6.6667E-07
5.9435E-05 6.6667E-07
4.9513E-05 6.6667E-07
5.0726E-05 6.6667E-07
4.4829E-05 6.6667E-07
4.0461E-05 6.6667E-07
3.7924E-05 6.6667E-07
4.5523E-05 6.6667E-07
3.5335E-05 6.6667E-07
3.6759E-05 6.6667E-07
3.8098E-05 6.6667E-07
3.1258E-05 6.6667E-07
3.8349E-05 6.6667E-07
4.2715E-05 6.6667E-07
3.4382E-05 6.6667E-07
2.5617E-05 6.6667E-07
3.4884E-05 6.6667E-07
2.3464E-05 6.6667E-07
2.9974E-05 6.6667E-07
2.9433E-05 6.6667E-07
2.2585E-05 6.6667E-07
1.2347E-05 6.6667E-07
4.4694E-05 6.6667E-07
1.3477E-05 6.6667E-07
2.0637E-05 6.6667E-07
2.0636E-05 6.6667E-07
2.3018E-05 6.6667E-07
1.5625E-05 6.6667E-07
1.9016E-05 6.6667E-07
1.2699E-05 6.6667E-07
1.2007E-05 6.6667E-07
1.5977E-05 6.6667E-07
8.2890E-06 6.6667E-07
1.6582E-05 6.6667E-07
6.8072E-06 6.6667E-07
1.2606E-05 6.6667E-07
8.2988E-06 6.6667E-07
7.7820E-06 6.6667E-07
1.2418E-05 6.6667E-07
9.4278E-06 6.6667E-07
9.0669E-06 6.6667E-07
6.8948E-06 6.6667E-07
7.5173E-06 6.6667E-07
9.1476E-06 6.6667E-07
1.1274E-05 6.6667E-07
6.5257E-06 6.6667E-07
7.6088E-06 6.6667E-07
6.6257E-06 6.6667E-07
1.0714E-05 6.6667E-07
6.3268E-06 6.6667E-07
6.3439E-06 6.6667E-07
8.5080E-06 6.6667E-07
8.7156E-06 6.6667E-07
6.0939E-06 6.6667E-07
7.3624E-06 6.6667E-07
5.1511E-06 6.6667E-07
6.0777E-06 6.6667E-07
7.4770E-06 6.6667E-07
5.3128E-06 6.6667E-07
3.4059E-06 6.6667E-07
9.4581E-06 6.6667E-07
3.3471E-06 6.6667E-07
4.2240E-06 6.6667E-07
4.5687E-06 6.6667E-07
4.6924E-06 6.6667E-07
6.5460E-06 6.6667E-07
3.6789E-06 6.6667E-07
5.2991E-06 6.6667E-07
3.0379E-06 6.6667E-07
3.8938E-06 6.6667E-07
3.1809E-06 6.6667E-07
5.7052E-06 6.6667E-07
2.6414E-06 6.6667E-07
2.8079E-06 6.6667E-07
3.6830E-06 6.6667E-07
2.7237E-06 6.6667E-07
3.7727E-06 6.6667E-07
2.0117E-06 6.6667E-07
2.5000E-06 6.6667E-07
1.6452E-06 6.6667E-07
4.1001E-06 6.6667E-07
1.5464E-06 6.6667E-07
1.8575E-06 6.6667E-07
2.5585E-06 6.6667E-07
9.2006E-08 6.6667E-07
4.4759E-06 6.6667E-07
1.0814E-06 6.6667E-07
1.8688E-06 6.6667E-07
2.4026E-06 6.6667E-07
2.1707E-06 6.6667E-07
2.1619E-06 6.6667E-07
1.7508E-06 6.6667E-07
1.6680E-06 6.6667E-07
1.5274E-06 6.6667E-07
3.0342E-06 6.6667E-07
1.1785E-06 6.6667E-07
1.5779E-06 6.6667E-07
2.0826E-06 6.6667E-07
2.2350E-06 6.6667E-07
1.5651E-06 6.6667E-07
1.8274E-06 6.6667E-07
1.3714E-06 6.6667E-07
1.4729E-06 6.6667E-07
1.8961E-06 6.6667E-07
1.2787E-06 6.6667E-07
8.2744E-07 6.6667E-07
2.4974E-06 6.6667E-07
4.6283E-07 6.6667E-07
1.0882E-06 6.6667E-07
9.6530E-07 6.6667E-07
1.1341E-06 6.6667E-07
1.3596E-06 6.6667E-07
2.2125E-06 6.6667E-07
1.5348E-06 6.6667E-07
1.0503E-06 6.6667E-07
6.8623E-07 6.6667E-07
9.6516E-07 6.6667E-07
1.1917E-06 6.6667E-07
1.1671E-06 6.6667E-07
8.8330E-07 6.6667E-07
7.4799E-07 6.6667E-07
1.1470E-06 6.6667E-07
9.6990E-07 6.6667E-07
8.7437E-07 6.6667E-07
7.4403E-07 6.6667E-07
9.0425E-07 6.6667E-07
8.9489E-07 6.6667E-07
6.4899E-07 6.6667E-07
6.9430E-07 6.6667E-07
6.3215E-07 6.6667E-07
1.9126E-03 6.6667E-07
6.5547E-03 6.6667E-07
1.8062E-03 6.6667E-07
1.9799E-03 6.6667E-07
9.7369E-04 6.6667E-07
5.0854E-04 6.6667E-07
4.5760E-04 6.6667E-07
2.9316E-04 6.6667E-07
1.1673E-04 6.6667E-07
1.2868E-04 6.6667E-07
1.0394E-04 6.6667E-07
1.3867E-04 6.6667E-07
1.0378E-04 6.6667E-07
9.8755E-05 6.6667E-07
7.1470E-05 6.6667E-07
5.7248E-05 6.6667E-07
7.9228E-05 6.6667E-07
7.7004E-05 6.6667E-07
4.6827E-05 6.6667E-07
6.2422E-05 6.6667E-07
5.7434E-05 6.6667E-07
7.2455E-05 6.6667E-07
7.3143E-05 6.6667E-07
3.4976E-05 6.6667E-07
2.6994E-05 6.6667E-07
4.5913E-05 6.6667E-07
3.3337E-05 6.6667E-07
5.0287E-05 6.6667E-07
3.1914E-05 6.6667E-07
2.7429E-05 6.6667E-07
2.4379E-05 6.6667E-07
2.3798E-05 6.6667E-07
2.7956E-05 6.6667E-07
2.6376E-05 6.6667E-07
1.6623E-05 6.6667E-07
2.1602E-05 6.6667E-07
2.8190E-05 6.6667E-07
2.6234E-05 6.6667E-07
1.6548E-05 6.6667E-07
1.4432E-05 6.6667E-07
1.5833E-05 6.6667E-07
2.3447E-05 6.6667E-07
1.7871E-05 6.6667E-07
1.7022E-05 6.6667E-07
1.7090E-05 6.6667E-07
1.6769E-05 6.6667E-07
1.8004E-05 6.6667E-07
1.1825E-05 6.6667E-07
1.2456E-05 6.6667E-07
1.1976E-05 6.6667E-07
1.2775E-05 6.6667E-07
1.0733E-05 6.6667E-07
8.0618E-06 6.6667E-07
1.0718E-05 6.6667E-07
1.0894E-05 6.6667E-07
9.5379E-06 6.6667E-07
9.8366E-06 6.6667E-07
8.3854E-06 6.6667E-07
8.4297E-06 6.6667E-07
6.8441E-06 6.6667E-07
7.2429E-06 6.6667E-07
5.7614E-06 6.6667E-07
4.7036E-06 6.6667E-07
5.2477E-06 6.6667E-07
5.8476E-06 6.6667E-07
6.1660E-06 6.6667E-07
6.4299E-06 6.6667E-07
5.1762E-06 6.6667E-07
6.0507E-06 6.6667E-07
5.6770E-06 6.6667E-07
4.3063E-06 6.6667E-07
4.3859E-06 6.6667E-07
5.1497E-06 6.6667E-07
4.3206E-06 6.6667E-07
4.3073E-06 6.6667E-07
3.8119E-06 6.6667E-07
5.0235E-06 6.6667E-07
4.5717E-06 6.6667E-07
5.7855E-06 6.6667E-07
3.3002E-06 6.6667E-07
1.8119E-06 6.6667E-07
4.5425E-06 6.6667E-07
4.8457E-06 6.6667E-07
4.2168E-06 6.6667E-07
3.5785E-06 6.6667E-07
2.9946E-06 6.6667E-07
3.4098E-06 6.6667E-07
3.5980E-06 6.6667E-07
3.0352E-06 6.6667E-07
3.7195E-06 6.6667E-07
2.8774E-06 6.6667E-07
2.7725E-06 6.6667E-07
2.5831E-06 6.6667E-07
2.6434E-06 6.6667E-07
2.3551E-06 6.6667E-07
3.3679E-06 6.6667E-07
3.1949E-06 6.6667E-07
1.4453E-06 6.6667E-07
1.9245E-06 6.6667E-07
2.0055E-06 6.6667E-07
2.1703E-06 6.6667E-07
1.2493E-06 6.6667E-07
3.3396E-06 6.6667E-07
5.8480E-07 6.6667E-07
2.8259E-06 6.6667E-07
2.8053E-06 6.6667E-07
7.9888E-07 6.6667E-07
2.9199E-06 6.6667E-07
1.9128E-06 6.6667E-07
6.7154E-07 6.6667E-07
2.0456E-06 6.6667E-07
2.0516E-06 6.6667E-07
4.6061E-07 6.6667E-07
1.8769E-06 6.6667E-07
1.3187E-06 6.6667E-07
2.4282E-06 6.6667E-07
4.3098E-07 6.6667E-07
2.4713E-06 6.6667E-07
4.7102E-07 6.6667E-07
1.7717E-06 6.6667E-07
1.4452E-06 6.6667E-07
1.5444E-06 6.6667E-07
8.8001E-07 6.6667E-07
1.5981E-06 6.6667E-07
1.6491E-06 6.6667E-07
5.1880E-08 6.6667E-07
2.2215E-06 6.6667E-07
1.6691E-06 6.6667E-07
8.1367E-08 6.6667E-07
2.4527E-06 6.6667E-07
4.7457E-07 6.6667E-07
1.8005E-06 6.6667E-07
1.2601E-06 6.6667E-07
1.2880E-06 6.6667E-07
1.1648E-06 6.6667E-07
6.7595E-07 6.6667E-07
1.7771E-06 6.6667E-07
5.0539E-07 6.6667E-07
1.1648E-06 6.6667E-07
6.2284E-07 6.6667E-07
