RMS Grad   Target
1.3082E-02 2.0000E-04
1.2843E-02 2.0000E-04
1.1097E-02 2.0000E-04
8.4175E-03 2.0000E-04
5.8423E-03 2.0000E-04
4.0011E-03 2.0000E-04
2.9708E-03 2.0000E-04
2.7061E-03 2.0000E-04
2.8085E-03 2.0000E-04
3.0084E-03 2.0000E-04
3.2507E-03 2.0000E-04
3.4438E-03 2.0000E-04
3.4593E-03 2.0000E-04
3.5331E-03 2.0000E-04
3.4768E-03 2.0000E-04
3.3557E-03 2.0000E-04
3.3578E-03 2.0000E-04
3.1745E-03 2.0000E-04
3.0702E-03 2.0000E-04
2.8765E-03 2.0000E-04
2.6794E-03 2.0000E-04
2.5146E-03 2.0000E-04
2.3010E-03 2.0000E-04
2.1279E-03 2.0000E-04
1.9699E-03 2.0000E-04
1.7850E-03 2.0000E-04
1.6179E-03 2.0000E-04
1.5430E-03 2.0000E-04
1.3735E-03 2.0000E-04
1.3010E-03 2.0000E-04
1.2163E-03 2.0000E-04
1.1440E-03 2.0000E-04
1.1392E-03 2.0000E-04
1.0982E-03 2.0000E-04
1.2142E-03 2.0000E-04
1.1837E-03 2.0000E-04
1.3378E-03 2.0000E-04
1.2958E-03 2.0000E-04
1.4006E-03 2.0000E-04
1.3570E-03 2.0000E-04
1.4216E-03 2.0000E-04
1.3736E-03 2.0000E-04
1.4340E-03 2.0000E-04
1.3788E-03 2.0000E-04
1.4378E-03 2.0000E-04
1.3751E-03 2.0000E-04
1.4244E-03 2.0000E-04
1.3576E-03 2.0000E-04
1.3832E-03 2.0000E-04
1.3136E-03 2.0000E-04
1.3314E-03 2.0000E-04
1.2525E-03 2.0000E-04
1.2819E-03 2.0000E-04
1.1937E-03 2.0000E-04
1.2327E-03 2.0000E-04
1.1396E-03 2.0000E-04
1.1348E-03 2.0000E-04
1.0594E-03 2.0000E-04
1.0600E-03 2.0000E-04
9.9613E-04 2.0000E-04
1.1047E-03 2.0000E-04
1.0546E-03 2.0000E-04
1.2628E-03 2.0000E-04
1.2118E-03 2.0000E-04
1.3701E-03 2.0000E-04
1.3017E-03 2.0000E-04
1.4268E-03 2.0000E-04
1.3406E-03 2.0000E-04
1.4095E-03 2.0000E-04
1.3088E-03 2.0000E-04
1.3161E-03 2.0000E-04
1.2031E-03 2.0000E-04
1.1998E-03 2.0000E-04
1.0862E-03 2.0000E-04
1.0608E-03 2.0000E-04
9.5461E-04 2.0000E-04
9.1112E-04 2.0000E-04
8.2531E-04 2.0000E-04
7.7454E-04 2.0000E-04
7.2923E-04 2.0000E-04
6.8041E-04 2.0000E-04
6.9501E-04 2.0000E-04
6.5399E-04 2.0000E-04
7.6325E-04 2.0000E-04
7.3228E-04 2.0000E-04
9.1313E-04 2.0000E-04
8.8010E-04 2.0000E-04
1.0965E-03 2.0000E-04
1.0469E-03 2.0000E-04
1.2137E-03 2.0000E-04
1.1507E-03 2.0000E-04
1.2153E-03 2.0000E-04
1.1476E-03 2.0000E-04
1.1892E-03 2.0000E-04
1.1171E-03 2.0000E-04
1.1169E-03 2.0000E-04
1.0351E-03 2.0000E-04
1.0241E-03 2.0000E-04
9.3891E-04 2.0000E-04
9.5045E-04 2.0000E-04
8.6956E-04 2.0000E-04
8.9199E-04 2.0000E-04
8.0776E-04 2.0000E-04
8.2391E-04 2.0000E-04
7.5251E-04 2.0000E-04
7.4605E-04 2.0000E-04
6.8150E-04 2.0000E-04
6.9033E-04 2.0000E-04
6.4482E-04 2.0000E-04
6.2826E-04 2.0000E-04
6.0974E-04 2.0000E-04
6.1610E-04 2.0000E-04
6.0223E-04 2.0000E-04
6.1081E-04 2.0000E-04
6.2023E-04 2.0000E-04
6.2188E-04 2.0000E-04
6.2654E-04 2.0000E-04
6.4883E-04 2.0000E-04
6.1977E-04 2.0000E-04
7.0367E-04 2.0000E-04
6.3430E-04 2.0000E-04
7.7844E-04 2.0000E-04
6.7241E-04 2.0000E-04
8.1087E-04 2.0000E-04
6.6928E-04 2.0000E-04
7.1902E-04 2.0000E-04
6.1799E-04 2.0000E-04
6.3301E-04 2.0000E-04
7.0066E-04 2.0000E-04
6.4286E-04 2.0000E-04
8.2408E-04 2.0000E-04
7.1239E-04 2.0000E-04
1.1108E-03 2.0000E-04
7.9397E-04 2.0000E-04
8.7952E-04 2.0000E-04
6.5790E-04 2.0000E-04
7.2017E-04 2.0000E-04
5.9770E-04 2.0000E-04
6.7530E-04 2.0000E-04
5.9321E-04 2.0000E-04
7.0696E-04 2.0000E-04
6.4311E-04 2.0000E-04
7.3921E-04 2.0000E-04
6.6394E-04 2.0000E-04
6.8579E-04 2.0000E-04
6.3573E-04 2.0000E-04
5.7881E-04 2.0000E-04
5.2025E-04 2.0000E-04
7.9243E-04 2.0000E-04
6.0220E-04 2.0000E-04
7.2049E-04 2.0000E-04
4.9109E-04 2.0000E-04
5.3924E-04 2.0000E-04
5.0373E-04 2.0000E-04
4.9946E-04 2.0000E-04
5.7346E-04 2.0000E-04
4.8565E-04 2.0000E-04
5.8726E-04 2.0000E-04
4.7884E-04 2.0000E-04
5.4401E-04 2.0000E-04
5.4097E-04 2.0000E-04
5.0614E-04 2.0000E-04
4.7711E-04 2.0000E-04
7.1707E-04 2.0000E-04
5.8207E-04 2.0000E-04
7.2347E-04 2.0000E-04
5.4079E-04 2.0000E-04
5.6259E-04 2.0000E-04
4.5658E-04 2.0000E-04
5.0289E-04 2.0000E-04
5.3721E-04 2.0000E-04
5.2674E-04 2.0000E-04
6.8352E-04 2.0000E-04
5.9106E-04 2.0000E-04
6.6641E-04 2.0000E-04
5.4973E-04 2.0000E-04
6.7329E-04 2.0000E-04
5.4501E-04 2.0000E-04
6.2663E-04 2.0000E-04
5.0781E-04 2.0000E-04
5.9728E-04 2.0000E-04
4.6625E-04 2.0000E-04
5.2989E-04 2.0000E-04
4.3282E-04 2.0000E-04
4.7882E-04 2.0000E-04
4.5823E-04 2.0000E-04
5.3581E-04 2.0000E-04
4.6792E-04 2.0000E-04
5.8009E-04 2.0000E-04
6.4632E-04 2.0000E-04
5.1069E-04 2.0000E-04
5.1392E-04 2.0000E-04
4.3189E-04 2.0000E-04
3.7123E-04 2.0000E-04
3.6501E-04 2.0000E-04
3.3174E-04 2.0000E-04
3.7333E-04 2.0000E-04
3.5655E-04 2.0000E-04
4.0545E-04 2.0000E-04
4.2256E-04 2.0000E-04
4.4659E-04 2.0000E-04
4.3189E-04 2.0000E-04
5.2117E-04 2.0000E-04
4.7571E-04 2.0000E-04
5.9094E-04 2.0000E-04
4.6640E-04 2.0000E-04
9.2249E-04 2.0000E-04
4.3811E-04 2.0000E-04
3.9627E-04 2.0000E-04
4.6927E-04 2.0000E-04
4.6592E-04 2.0000E-04
4.1836E-04 2.0000E-04
4.7378E-04 2.0000E-04
3.9737E-04 2.0000E-04
4.0574E-04 2.0000E-04
3.4893E-04 2.0000E-04
3.5550E-04 2.0000E-04
4.5605E-04 2.0000E-04
3.8147E-04 2.0000E-04
6.3823E-04 2.0000E-04
4.1941E-04 2.0000E-04
6.7796E-04 2.0000E-04
5.1388E-04 2.0000E-04
4.5645E-04 2.0000E-04
7.4589E-04 2.0000E-04
4.4158E-04 2.0000E-04
4.1845E-04 2.0000E-04
4.0142E-04 2.0000E-04
4.1161E-04 2.0000E-04
3.6775E-04 2.0000E-04
3.4317E-04 2.0000E-04
3.4727E-04 2.0000E-04
4.7880E-04 2.0000E-04
4.0375E-04 2.0000E-04
6.3829E-04 2.0000E-04
4.8594E-04 2.0000E-04
3.8123E-04 2.0000E-04
5.4113E-04 2.0000E-04
3.5149E-04 2.0000E-04
3.8084E-04 2.0000E-04
4.4151E-04 2.0000E-04
6.3374E-04 2.0000E-04
3.7920E-04 2.0000E-04
3.2776E-04 2.0000E-04
4.7079E-04 2.0000E-04
4.6626E-04 2.0000E-04
5.3661E-04 2.0000E-04
3.5536E-04 2.0000E-04
4.0615E-04 2.0000E-04
7.1220E-04 2.0000E-04
5.0849E-04 2.0000E-04
4.0008E-04 2.0000E-04
3.3898E-04 2.0000E-04
4.1990E-04 2.0000E-04
3.4567E-04 2.0000E-04
4.2746E-04 2.0000E-04
3.5093E-04 2.0000E-04
3.9440E-04 2.0000E-04
4.8501E-04 2.0000E-04
3.9031E-04 2.0000E-04
6.3495E-04 2.0000E-04
5.0402E-04 2.0000E-04
5.1268E-04 2.0000E-04
4.1982E-04 2.0000E-04
4.1845E-04 2.0000E-04
3.4996E-04 2.0000E-04
3.7550E-04 2.0000E-04
4.0986E-04 2.0000E-04
3.9317E-04 2.0000E-04
5.3332E-04 2.0000E-04
4.3476E-04 2.0000E-04
5.0364E-04 2.0000E-04
4.9068E-04 2.0000E-04
5.3359E-04 2.0000E-04
4.4584E-04 2.0000E-04
4.1672E-04 2.0000E-04
3.9575E-04 2.0000E-04
4.2793E-04 2.0000E-04
3.8461E-04 2.0000E-04
5.3114E-04 2.0000E-04
3.9738E-04 2.0000E-04
4.2132E-04 2.0000E-04
3.7579E-04 2.0000E-04
3.7420E-04 2.0000E-04
3.5980E-04 2.0000E-04
4.7550E-04 2.0000E-04
3.7202E-04 2.0000E-04
3.4945E-04 2.0000E-04
4.2713E-04 2.0000E-04
3.3526E-04 2.0000E-04
3.9329E-04 2.0000E-04
4.1910E-04 2.0000E-04
3.3962E-04 2.0000E-04
4.5522E-04 2.0000E-04
5.1177E-04 2.0000E-04
3.6383E-04 2.0000E-04
3.2764E-04 2.0000E-04
4.5020E-04 2.0000E-04
5.2821E-04 2.0000E-04
4.5143E-04 2.0000E-04
3.4762E-04 2.0000E-04
3.3561E-04 2.0000E-04
3.2203E-04 2.0000E-04
4.9048E-04 2.0000E-04
3.7242E-04 2.0000E-04
3.0796E-04 2.0000E-04
3.0526E-04 2.0000E-04
5.3736E-04 2.0000E-04
3.1517E-04 2.0000E-04
2.6415E-04 2.0000E-04
3.5716E-04 2.0000E-04
4.4602E-04 2.0000E-04
3.5011E-04 2.0000E-04
3.3046E-04 2.0000E-04
3.2332E-04 2.0000E-04
3.1206E-04 2.0000E-04
4.1757E-04 2.0000E-04
3.5775E-04 2.0000E-04
3.0944E-04 2.0000E-04
3.2228E-04 2.0000E-04
5.4730E-04 2.0000E-04
2.8553E-04 2.0000E-04
2.7102E-04 2.0000E-04
3.6697E-04 2.0000E-04
3.7704E-04 2.0000E-04
3.3414E-04 2.0000E-04
3.0179E-04 2.0000E-04
3.1410E-04 2.0000E-04
2.5881E-04 2.0000E-04
3.7438E-04 2.0000E-04
3.0618E-04 2.0000E-04
4.6885E-04 2.0000E-04
3.9637E-04 2.0000E-04
2.6690E-04 2.0000E-04
2.6315E-04 2.0000E-04
3.8108E-04 2.0000E-04
4.2004E-04 2.0000E-04
2.6153E-04 2.0000E-04
3.0473E-04 2.0000E-04
3.7401E-04 2.0000E-04
3.3371E-04 2.0000E-04
3.2187E-04 2.0000E-04
3.5245E-04 2.0000E-04
3.0541E-04 2.0000E-04
3.1218E-04 2.0000E-04
4.0890E-04 2.0000E-04
2.8715E-04 2.0000E-04
2.5657E-04 2.0000E-04
3.0683E-04 2.0000E-04
3.3307E-04 2.0000E-04
3.2061E-04 2.0000E-04
2.4859E-04 2.0000E-04
2.8928E-04 2.0000E-04
3.0045E-04 2.0000E-04
3.0455E-04 2.0000E-04
2.9380E-04 2.0000E-04
3.6232E-04 2.0000E-04
3.6193E-04 2.0000E-04
3.1124E-04 2.0000E-04
2.7342E-04 2.0000E-04
2.6900E-04 2.0000E-04
3.6522E-04 2.0000E-04
2.9983E-04 2.0000E-04
2.6206E-04 2.0000E-04
2.9132E-04 2.0000E-04
3.1465E-04 2.0000E-04
2.5400E-04 2.0000E-04
2.7283E-04 2.0000E-04
3.2016E-04 2.0000E-04
3.1118E-04 2.0000E-04
3.1851E-04 2.0000E-04
2.6538E-04 2.0000E-04
2.5082E-04 2.0000E-04
3.7838E-04 2.0000E-04
2.8197E-04 2.0000E-04
2.2166E-04 2.0000E-04
2.4486E-04 2.0000E-04
3.9365E-04 2.0000E-04
2.6944E-04 2.0000E-04
2.5071E-04 2.0000E-04
2.9056E-04 2.0000E-04
2.5415E-04 2.0000E-04
2.8634E-04 2.0000E-04
2.3869E-04 2.0000E-04
2.2086E-04 2.0000E-04
2.4584E-04 2.0000E-04
3.8462E-04 2.0000E-04
2.1163E-04 2.0000E-04
1.9200E-04 2.0000E-04
2.2785E-04 2.0000E-04
3.7500E-04 2.0000E-04
1.8598E-04 2.0000E-04
1.8306E-04 2.0000E-04
2.2377E-04 2.0000E-04
4.6527E-04 2.0000E-04
1.9217E-04 2.0000E-04
1.6225E-04 2.0000E-04
1.9863E-04 2.0000E-04
2.6328E-04 2.0000E-04
4.7358E-04 2.0000E-04
1.8056E-04 2.0000E-04
2.6068E-04 2.0000E-04
2.3981E-04 2.0000E-04
2.1032E-04 2.0000E-04
2.5454E-04 2.0000E-04
2.9056E-04 2.0000E-04
2.5012E-04 2.0000E-04
2.3029E-04 2.0000E-04
2.9680E-04 2.0000E-04
3.0045E-04 2.0000E-04
2.9586E-04 2.0000E-04
3.1469E-04 2.0000E-04
2.9994E-04 2.0000E-04
2.5558E-04 2.0000E-04
2.8634E-04 2.0000E-04
4.0253E-04 2.0000E-04
2.9504E-04 2.0000E-04
2.8106E-04 2.0000E-04
3.5787E-04 2.0000E-04
2.8334E-04 2.0000E-04
2.6900E-04 2.0000E-04
3.5332E-04 2.0000E-04
2.9592E-04 2.0000E-04
2.6855E-04 2.0000E-04
3.0809E-04 2.0000E-04
2.9655E-04 2.0000E-04
2.6713E-04 2.0000E-04
3.6218E-04 2.0000E-04
2.7845E-04 2.0000E-04
3.0283E-04 2.0000E-04
2.3985E-04 2.0000E-04
2.9377E-04 2.0000E-04
2.7635E-04 2.0000E-04
2.4947E-04 2.0000E-04
2.7499E-04 2.0000E-04
2.7857E-04 2.0000E-04
2.4970E-04 2.0000E-04
2.9824E-04 2.0000E-04
2.9056E-04 2.0000E-04
2.5566E-04 2.0000E-04
3.0242E-04 2.0000E-04
4.3488E-04 2.0000E-04
3.0416E-04 2.0000E-04
3.8858E-04 2.0000E-04
3.0318E-04 2.0000E-04
2.6177E-04 2.0000E-04
2.8510E-04 2.0000E-04
3.9534E-04 2.0000E-04
3.4249E-04 2.0000E-04
3.4325E-04 2.0000E-04
3.2267E-04 2.0000E-04
3.8555E-04 2.0000E-04
3.5215E-04 2.0000E-04
3.4020E-04 2.0000E-04
3.3001E-04 2.0000E-04
3.9448E-04 2.0000E-04
3.0454E-04 2.0000E-04
3.6606E-04 2.0000E-04
3.4137E-04 2.0000E-04
3.8746E-04 2.0000E-04
3.4814E-04 2.0000E-04
4.3915E-04 2.0000E-04
3.0500E-04 2.0000E-04
2.7861E-04 2.0000E-04
3.4963E-04 2.0000E-04
3.8338E-04 2.0000E-04
3.2134E-04 2.0000E-04
3.2154E-04 2.0000E-04
3.3159E-04 2.0000E-04
2.6361E-04 2.0000E-04
2.9928E-04 2.0000E-04
3.1581E-04 2.0000E-04
2.4466E-04 2.0000E-04
2.5467E-04 2.0000E-04
3.1757E-04 2.0000E-04
2.5407E-04 2.0000E-04
3.0904E-04 2.0000E-04
3.2481E-04 2.0000E-04
2.5110E-04 2.0000E-04
2.1242E-04 2.0000E-04
2.4442E-04 2.0000E-04
2.0177E-04 2.0000E-04
2.9785E-04 2.0000E-04
1.9719E-04 2.0000E-04
2.1025E-04 2.0000E-04
2.3096E-04 2.0000E-04
2.0493E-04 2.0000E-04
1.8156E-04 2.0000E-04
2.1021E-04 2.0000E-04
2.3534E-04 2.0000E-04
1.9105E-04 2.0000E-04
1.8549E-04 2.0000E-04
2.5493E-04 2.0000E-04
1.8265E-04 2.0000E-04
1.6589E-04 2.0000E-04
2.1991E-04 2.0000E-04
2.5372E-04 2.0000E-04
1.7691E-04 2.0000E-04
1.9419E-04 2.0000E-04
2.4887E-04 2.0000E-04
1.8798E-04 2.0000E-04
2.7337E-04 2.0000E-04
2.0008E-04 2.0000E-04
1.7670E-04 2.0000E-04
2.7543E-04 2.0000E-04
2.7903E-04 2.0000E-04
1.8758E-04 2.0000E-04
1.7456E-04 2.0000E-04
2.2532E-04 2.0000E-04
1.9953E-04 2.0000E-04
2.5878E-04 2.0000E-04
1.9423E-04 2.0000E-04
2.0198E-04 2.0000E-04
2.2225E-04 2.0000E-04
2.5756E-04 2.0000E-04
2.0006E-04 2.0000E-04
2.0662E-04 2.0000E-04
2.6023E-04 2.0000E-04
2.1146E-04 2.0000E-04
2.8706E-04 2.0000E-04
2.6402E-04 2.0000E-04
2.4579E-04 2.0000E-04
2.2172E-04 2.0000E-04
2.7369E-04 2.0000E-04
2.2341E-04 2.0000E-04
3.0724E-04 2.0000E-04
2.4604E-04 2.0000E-04
2.3606E-04 2.0000E-04
2.7943E-04 2.0000E-04
3.3178E-04 2.0000E-04
2.4738E-04 2.0000E-04
2.5494E-04 2.0000E-04
2.8195E-04 2.0000E-04
2.6854E-04 2.0000E-04
3.6102E-04 2.0000E-04
2.6607E-04 2.0000E-04
3.1629E-04 2.0000E-04
2.8858E-04 2.0000E-04
2.5588E-04 2.0000E-04
2.9939E-04 2.0000E-04
3.0638E-04 2.0000E-04
2.2711E-04 2.0000E-04
2.8111E-04 2.0000E-04
3.0747E-04 2.0000E-04
2.1567E-04 2.0000E-04
2.2923E-04 2.0000E-04
3.2604E-04 2.0000E-04
2.3725E-04 2.0000E-04
3.0483E-04 2.0000E-04
2.1339E-04 2.0000E-04
1.8833E-04 2.0000E-04
2.1454E-04 2.0000E-04
3.4170E-04 2.0000E-04
1.7836E-04 2.0000E-04
1.6048E-04 2.0000E-04
1.8150E-04 2.0000E-04
4.7756E-04 2.0000E-04
1.6534E-04 2.0000E-04
1.3528E-04 2.0000E-04
1.8757E-04 2.0000E-04
3.0304E-04 2.0000E-04
1.7556E-04 2.0000E-04
1.5411E-04 2.0000E-04
2.0203E-04 2.0000E-04
2.8640E-04 2.0000E-04
1.7549E-04 2.0000E-04
1.7901E-04 2.0000E-04
2.2476E-04 2.0000E-04
2.1908E-04 2.0000E-04
2.7048E-04 2.0000E-04
1.6832E-04 2.0000E-04
1.7850E-04 2.0000E-04
2.0486E-04 2.0000E-04
2.1252E-04 2.0000E-04
1.6970E-04 2.0000E-04
1.5973E-04 2.0000E-04
1.8445E-04 2.0000E-04
1.7900E-04 2.0000E-04
1.3900E-04 2.0000E-04
1.3397E-04 2.0000E-04
1.4457E-04 2.0000E-04
1.4448E-04 2.0000E-04
1.2824E-04 2.0000E-04
1.2135E-04 2.0000E-04
1.4374E-04 2.0000E-04
1.2102E-04 2.0000E-04
1.1315E-04 2.0000E-04
1.4175E-04 2.0000E-04
1.5257E-04 2.0000E-04
1.0881E-04 2.0000E-04
1.1964E-04 2.0000E-04
1.7271E-04 2.0000E-04
1.2403E-04 2.0000E-04
1.4220E-04 2.0000E-04
1.5461E-04 2.0000E-04
1.3567E-04 2.0000E-04
2.0622E-04 2.0000E-04
1.8232E-04 2.0000E-04
1.3014E-04 2.0000E-04
1.1930E-04 2.0000E-04
1.7653E-04 2.0000E-04
1.2803E-04 2.0000E-04
1.3573E-04 2.0000E-04
1.6618E-04 2.0000E-04
1.3980E-04 2.0000E-04
1.6346E-04 2.0000E-04
1.5548E-04 2.0000E-04
1.3363E-04 2.0000E-04
1.3469E-04 2.0000E-04
1.8662E-04 2.0000E-04
1.4302E-04 2.0000E-04
1.6581E-04 2.0000E-04
2.6084E-04 2.0000E-04
1.7818E-04 2.0000E-04
1.4706E-04 2.0000E-04
1.6146E-04 2.0000E-04
2.4864E-04 2.0000E-04
1.7438E-04 2.0000E-04
1.5326E-04 2.0000E-04
1.8647E-04 2.0000E-04
2.5166E-04 2.0000E-04
1.9192E-04 2.0000E-04
2.4168E-04 2.0000E-04
2.2708E-04 2.0000E-04
1.6650E-04 2.0000E-04
1.7482E-04 2.0000E-04
2.0482E-04 2.0000E-04
3.8622E-04 2.0000E-04
1.6403E-04 2.0000E-04
1.6746E-04 2.0000E-04
2.0215E-04 2.0000E-04
3.6517E-04 2.0000E-04
1.8211E-04 2.0000E-04
1.9727E-04 2.0000E-04
2.3387E-04 2.0000E-04
2.3713E-04 2.0000E-04
2.5169E-04 2.0000E-04
2.2586E-04 2.0000E-04
2.0779E-04 2.0000E-04
2.5783E-04 2.0000E-04
3.1536E-04 2.0000E-04
2.2102E-04 2.0000E-04
3.8334E-04 2.0000E-04
2.6162E-04 2.0000E-04
1.7208E-04 2.0000E-04
2.1544E-04 2.0000E-04
2.4392E-04 2.0000E-04
3.8101E-04 2.0000E-04
1.8688E-04 2.0000E-04
1.9356E-04 2.0000E-04
2.5672E-04 2.0000E-04
3.5918E-04 2.0000E-04
2.0422E-04 2.0000E-04
2.2389E-04 2.0000E-04
2.7786E-04 2.0000E-04
2.0230E-04 2.0000E-04
2.4567E-04 2.0000E-04
2.4636E-04 2.0000E-04
2.0567E-04 2.0000E-04
2.2822E-04 2.0000E-04
3.5948E-04 2.0000E-04
2.0338E-04 2.0000E-04
1.6072E-04 2.0000E-04
1.8258E-04 2.0000E-04
4.2166E-04 2.0000E-04
1.6215E-04 2.0000E-04
1.4678E-04 2.0000E-04
1.8800E-04 2.0000E-04
3.4163E-04 2.0000E-04
1.8357E-04 2.0000E-04
1.4277E-04 2.0000E-04
1.7171E-04 2.0000E-04
2.1589E-04 2.0000E-04
1.6940E-04 2.0000E-04
1.7922E-04 2.0000E-04
1.5950E-04 2.0000E-04
1.6445E-04 2.0000E-04
2.8699E-04 2.0000E-04
1.4206E-04 2.0000E-04
1.4353E-04 2.0000E-04
1.7299E-04 2.0000E-04
3.8642E-04 2.0000E-04
1.5163E-04 2.0000E-04
1.2301E-04 2.0000E-04
1.6013E-04 2.0000E-04
2.3905E-04 2.0000E-04
1.5945E-04 2.0000E-04
1.1853E-04 2.0000E-04
1.7155E-04 2.0000E-04
2.0012E-04 2.0000E-04
1.5810E-04 2.0000E-04
2.1245E-04 2.0000E-04
1.7696E-04 2.0000E-04
1.3904E-04 2.0000E-04
1.4811E-04 2.0000E-04
1.9348E-04 2.0000E-04
1.4773E-04 2.0000E-04
1.5156E-04 2.0000E-04
1.9245E-04 2.0000E-04
1.4479E-04 2.0000E-04
1.3722E-04 2.0000E-04
1.5336E-04 2.0000E-04
1.2751E-04 2.0000E-04
2.0821E-04 2.0000E-04
1.5602E-04 2.0000E-04
1.3245E-04 2.0000E-04
1.8413E-04 2.0000E-04
2.1850E-04 2.0000E-04
1.4161E-04 2.0000E-04
1.2638E-04 2.0000E-04
1.5109E-04 2.0000E-04
1.9427E-04 2.0000E-04
1.6950E-04 2.0000E-04
1.4346E-04 2.0000E-04
2.4558E-04 2.0000E-04
1.4963E-04 2.0000E-04
1.1615E-04 2.0000E-04
1.2929E-04 2.0000E-04
1.9478E-04 2.0000E-04
1.2803E-04 2.0000E-04
1.1582E-04 2.0000E-04
1.3598E-04 2.0000E-04
1.1940E-04 2.0000E-04
1.6954E-04 2.0000E-04
1.0565E-04 2.0000E-04
1.0455E-04 2.0000E-04
1.4409E-04 2.0000E-04
1.6646E-04 2.0000E-04
1.0028E-04 2.0000E-04
9.8952E-05 2.0000E-04
1.1993E-04 2.0000E-04
2.1098E-04 2.0000E-04
1.1166E-04 2.0000E-04
1.0149E-04 2.0000E-04
1.1896E-04 2.0000E-04
2.6136E-04 2.0000E-04
1.1639E-04 2.0000E-04
9.2939E-05 2.0000E-04
1.3341E-04 2.0000E-04
1.8440E-04 2.0000E-04
1.1992E-04 2.0000E-04
1.0950E-04 2.0000E-04
1.3329E-04 2.0000E-04
1.4354E-04 2.0000E-04
1.5898E-04 2.0000E-04
1.1495E-04 2.0000E-04
1.1890E-04 2.0000E-04
1.9030E-04 2.0000E-04
1.1944E-04 2.0000E-04
1.1010E-04 2.0000E-04
1.4995E-04 2.0000E-04
1.4090E-04 2.0000E-04
1.7328E-04 2.0000E-04
1.2856E-04 2.0000E-04
1.3099E-04 2.0000E-04
1.2948E-04 2.0000E-04
2.6734E-04 2.0000E-04
1.2371E-04 2.0000E-04
1.1688E-04 2.0000E-04
1.4136E-04 2.0000E-04
3.7331E-04 2.0000E-04
1.4064E-04 2.0000E-04
1.0646E-04 2.0000E-04
1.3852E-04 2.0000E-04
2.0636E-04 2.0000E-04
2.1844E-04 2.0000E-04
1.4805E-04 2.0000E-04
1.5020E-04 2.0000E-04
1.4750E-04 2.0000E-04
1.4691E-04 2.0000E-04
2.6813E-04 2.0000E-04
1.3019E-04 2.0000E-04
1.1926E-04 2.0000E-04
1.4370E-04 2.0000E-04
2.7935E-04 2.0000E-04
1.3484E-04 2.0000E-04
1.1258E-04 2.0000E-04
1.4269E-04 2.0000E-04
2.4077E-04 2.0000E-04
1.4883E-04 2.0000E-04
1.3474E-04 2.0000E-04
1.9285E-04 2.0000E-04
1.6112E-04 2.0000E-04
1.5437E-04 2.0000E-04
1.4795E-04 2.0000E-04
1.8855E-04 2.0000E-04
1.3676E-04 2.0000E-04
1.2463E-04 2.0000E-04
2.1752E-04 2.0000E-04
1.3827E-04 2.0000E-04
1.2570E-04 2.0000E-04
1.5701E-04 2.0000E-04
2.9197E-04 2.0000E-04
1.4391E-04 2.0000E-04
1.2573E-04 2.0000E-04
1.6258E-04 2.0000E-04
1.8020E-04 2.0000E-04
1.5694E-04 2.0000E-04
1.4447E-04 2.0000E-04
1.7530E-04 2.0000E-04
1.6377E-04 2.0000E-04
1.6589E-04 2.0000E-04
1.7215E-04 2.0000E-04
1.7145E-04 2.0000E-04
1.9935E-04 2.0000E-04
2.1615E-04 2.0000E-04
1.8473E-04 2.0000E-04
2.1467E-04 2.0000E-04
1.9281E-04 2.0000E-04
1.8833E-04 2.0000E-04
2.6505E-04 2.0000E-04
1.7806E-04 2.0000E-04
1.6751E-04 2.0000E-04
2.4703E-04 2.0000E-04
2.5910E-04 2.0000E-04
1.7902E-04 2.0000E-04
1.8961E-04 2.0000E-04
2.6390E-04 2.0000E-04
2.6217E-04 2.0000E-04
3.8908E-04 2.0000E-04
1.7755E-04 2.0000E-04
1.5223E-04 2.0000E-04
2.0011E-04 2.0000E-04
4.2098E-04 2.0000E-04
1.7335E-04 2.0000E-04
1.3385E-04 2.0000E-04
1.6730E-04 2.0000E-04
2.7565E-04 2.0000E-04
1.5891E-04 2.0000E-04
1.1920E-04 2.0000E-04
1.6787E-04 2.0000E-04
2.0581E-04 2.0000E-04
1.2625E-04 2.0000E-04
1.0822E-04 2.0000E-04
1.2905E-04 2.0000E-04
1.1918E-04 2.0000E-04
3.1176E-04 2.0000E-04
9.4587E-05 2.0000E-04
7.1400E-05 2.0000E-04
9.4786E-05 2.0000E-04
1.9381E-04 2.0000E-04
9.4892E-05 2.0000E-04
7.3377E-05 2.0000E-04
9.4502E-05 2.0000E-04
1.7119E-04 2.0000E-04
8.9331E-05 2.0000E-04
7.2747E-05 2.0000E-04
9.8491E-05 2.0000E-04
1.5481E-04 2.0000E-04
9.0675E-05 2.0000E-04
7.7297E-05 2.0000E-04
9.6151E-05 2.0000E-04
1.6673E-04 2.0000E-04
9.3843E-05 2.0000E-04
8.2293E-05 2.0000E-04
9.8892E-05 2.0000E-04
1.9652E-04 2.0000E-04
9.6056E-05 2.0000E-04
7.8238E-05 2.0000E-04
9.3242E-05 2.0000E-04
1.8294E-04 2.0000E-04
8.5973E-05 2.0000E-04
7.1194E-05 2.0000E-04
9.8037E-05 2.0000E-04
1.5207E-04 2.0000E-04
8.6172E-05 2.0000E-04
6.8467E-05 2.0000E-04
7.8337E-05 2.0000E-04
1.5796E-04 2.0000E-04
7.7816E-05 2.0000E-04
6.6365E-05 2.0000E-04
8.3201E-05 2.0000E-04
1.4548E-04 2.0000E-04
7.8155E-05 2.0000E-04
6.4003E-05 2.0000E-04
7.3660E-05 2.0000E-04
1.2230E-04 2.0000E-04
1.0031E-04 2.0000E-04
5.6428E-05 2.0000E-04
6.4482E-05 2.0000E-04
8.3791E-05 2.0000E-04
7.9728E-05 2.0000E-04
8.8436E-05 2.0000E-04
6.7901E-05 2.0000E-04
6.8061E-05 2.0000E-04
9.1858E-05 2.0000E-04
6.3937E-05 2.0000E-04
6.4966E-05 2.0000E-04
1.0373E-04 2.0000E-04
6.3961E-05 2.0000E-04
5.9592E-05 2.0000E-04
9.5794E-05 2.0000E-04
8.1973E-05 2.0000E-04
7.9423E-05 2.0000E-04
6.0026E-05 2.0000E-04
6.2710E-05 2.0000E-04
8.1184E-05 2.0000E-04
7.0719E-05 2.0000E-04
6.1597E-05 2.0000E-04
6.6773E-05 2.0000E-04
8.5159E-05 2.0000E-04
6.3407E-05 2.0000E-04
6.2357E-05 2.0000E-04
7.8127E-05 2.0000E-04
7.4776E-05 2.0000E-04
6.1262E-05 2.0000E-04
7.4811E-05 2.0000E-04
6.5028E-05 2.0000E-04
6.4544E-05 2.0000E-04
9.2991E-05 2.0000E-04
7.7462E-05 2.0000E-04
7.5716E-05 2.0000E-04
9.4202E-05 2.0000E-04
9.7233E-05 2.0000E-04
7.3397E-05 2.0000E-04
7.2318E-05 2.0000E-04
1.0573E-04 2.0000E-04
8.2679E-05 2.0000E-04
1.0436E-04 2.0000E-04
9.1168E-05 2.0000E-04
6.9763E-05 2.0000E-04
7.4373E-05 2.0000E-04
1.3045E-04 2.0000E-04
8.6943E-05 2.0000E-04
7.1652E-05 2.0000E-04
9.6110E-05 2.0000E-04
8.2851E-05 2.0000E-04
1.6433E-04 2.0000E-04
7.9319E-05 2.0000E-04
6.9087E-05 2.0000E-04
9.1469E-05 2.0000E-04
9.2922E-05 2.0000E-04
8.0395E-05 2.0000E-04
6.5175E-05 2.0000E-04
7.5900E-05 2.0000E-04
6.7649E-05 2.0000E-04
1.0502E-04 2.0000E-04
6.4438E-05 2.0000E-04
6.3309E-05 2.0000E-04
9.5662E-05 2.0000E-04
8.2837E-05 2.0000E-04
6.4155E-05 2.0000E-04
7.7422E-05 2.0000E-04
1.0763E-04 2.0000E-04
7.8982E-05 2.0000E-04
8.5099E-05 2.0000E-04
1.0727E-04 2.0000E-04
9.1176E-05 2.0000E-04
9.4563E-05 2.0000E-04
9.3444E-05 2.0000E-04
8.9730E-05 2.0000E-04
1.7806E-04 2.0000E-04
1.2683E-04 2.0000E-04
1.1188E-04 2.0000E-04
9.7531E-05 2.0000E-04
1.1280E-04 2.0000E-04
1.7586E-04 2.0000E-04
1.3668E-04 2.0000E-04
1.5161E-04 2.0000E-04
1.2273E-04 2.0000E-04
1.2970E-04 2.0000E-04
2.0354E-04 2.0000E-04
2.1193E-04 2.0000E-04
3.1398E-04 2.0000E-04
1.2982E-04 2.0000E-04
1.4800E-04 2.0000E-04
2.0513E-04 2.0000E-04
2.7984E-04 2.0000E-04
2.3447E-04 2.0000E-04
2.3538E-04 2.0000E-04
3.2632E-04 2.0000E-04
2.2353E-04 2.0000E-04
2.0602E-04 2.0000E-04
3.2838E-04 2.0000E-04
3.0268E-04 2.0000E-04
4.6490E-04 2.0000E-04
3.7264E-04 2.0000E-04
3.8505E-04 2.0000E-04
3.6926E-04 2.0000E-04
3.5371E-04 2.0000E-04
4.4883E-04 2.0000E-04
4.3684E-04 2.0000E-04
5.1146E-04 2.0000E-04
3.2331E-04 2.0000E-04
3.0232E-04 2.0000E-04
3.9391E-04 2.0000E-04
4.6613E-04 2.0000E-04
3.0367E-04 2.0000E-04
3.1138E-04 2.0000E-04
4.9267E-04 2.0000E-04
2.4779E-04 2.0000E-04
2.4352E-04 2.0000E-04
2.7169E-04 2.0000E-04
3.6166E-04 2.0000E-04
2.4213E-04 2.0000E-04
2.1940E-04 2.0000E-04
2.4824E-04 2.0000E-04
4.4973E-04 2.0000E-04
2.1126E-04 2.0000E-04
2.3208E-04 2.0000E-04
2.5364E-04 2.0000E-04
2.1431E-04 2.0000E-04
3.4219E-04 2.0000E-04
2.4115E-04 2.0000E-04
2.0825E-04 2.0000E-04
2.3700E-04 2.0000E-04
4.0706E-04 2.0000E-04
1.9397E-04 2.0000E-04
1.4719E-04 2.0000E-04
1.8657E-04 2.0000E-04
2.6433E-04 2.0000E-04
2.5775E-04 2.0000E-04
1.3625E-04 2.0000E-04
1.5477E-04 2.0000E-04
1.8615E-04 2.0000E-04
4.0124E-04 2.0000E-04
1.4718E-04 2.0000E-04
1.3525E-04 2.0000E-04
1.6591E-04 2.0000E-04
2.9399E-04 2.0000E-04
1.5497E-04 2.0000E-04
1.3025E-04 2.0000E-04
1.7140E-04 2.0000E-04
2.9693E-04 2.0000E-04
1.6443E-04 2.0000E-04
1.3880E-04 2.0000E-04
1.7554E-04 2.0000E-04
2.9885E-04 2.0000E-04
1.8223E-04 2.0000E-04
1.3952E-04 2.0000E-04
1.8370E-04 2.0000E-04
2.4257E-04 2.0000E-04
1.8570E-04 2.0000E-04
2.0096E-04 2.0000E-04
2.5033E-04 2.0000E-04
1.7882E-04 2.0000E-04
1.5765E-04 2.0000E-04
2.1113E-04 2.0000E-04
1.8837E-04 2.0000E-04
3.1906E-04 2.0000E-04
1.6140E-04 2.0000E-04
1.4948E-04 2.0000E-04
1.9281E-04 2.0000E-04
2.5852E-04 2.0000E-04
1.4478E-04 2.0000E-04
1.3772E-04 2.0000E-04
1.5972E-04 2.0000E-04
2.7982E-04 2.0000E-04
1.1884E-04 2.0000E-04
1.1432E-04 2.0000E-04
1.3779E-04 2.0000E-04
2.7919E-04 2.0000E-04
1.1411E-04 2.0000E-04
9.4387E-05 2.0000E-04
1.1579E-04 2.0000E-04
1.7054E-04 2.0000E-04
1.2331E-04 2.0000E-04
8.1517E-05 2.0000E-04
1.1653E-04 2.0000E-04
1.2551E-04 2.0000E-04
1.0222E-04 2.0000E-04
1.0954E-04 2.0000E-04
9.4187E-05 2.0000E-04
9.8781E-05 2.0000E-04
1.3155E-04 2.0000E-04
9.1795E-05 2.0000E-04
8.5839E-05 2.0000E-04
1.0602E-04 2.0000E-04
1.6553E-04 2.0000E-04
8.0312E-05 2.0000E-04
7.3604E-05 2.0000E-04
8.7696E-05 2.0000E-04
1.6502E-04 2.0000E-04
8.3354E-05 2.0000E-04
6.3279E-05 2.0000E-04
9.1843E-05 2.0000E-04
1.2875E-04 2.0000E-04
8.0176E-05 2.0000E-04
6.4652E-05 2.0000E-04
7.8685E-05 2.0000E-04
7.3425E-05 2.0000E-04
1.8288E-04 2.0000E-04
6.5774E-05 2.0000E-04
5.2552E-05 2.0000E-04
6.3859E-05 2.0000E-04
1.4653E-04 2.0000E-04
6.5509E-05 2.0000E-04
5.2034E-05 2.0000E-04
6.7339E-05 2.0000E-04
1.3717E-04 2.0000E-04
7.1803E-05 2.0000E-04
5.7216E-05 2.0000E-04
7.0553E-05 2.0000E-04
1.4561E-04 2.0000E-04
6.9246E-05 2.0000E-04
6.0909E-05 2.0000E-04
7.2881E-05 2.0000E-04
1.3738E-04 2.0000E-04
7.2178E-05 2.0000E-04
5.8473E-05 2.0000E-04
8.1200E-05 2.0000E-04
1.0578E-04 2.0000E-04
7.2329E-05 2.0000E-04
7.0666E-05 2.0000E-04
9.0958E-05 2.0000E-04
7.1958E-05 2.0000E-04
8.8473E-05 2.0000E-04
1.1371E-04 2.0000E-04
5.8322E-05 2.0000E-04
4.3617E-05 2.0000E-04
6.2024E-05 2.0000E-04
6.9590E-05 2.0000E-04
1.3794E-04 2.0000E-04
4.8801E-05 2.0000E-04
4.3793E-05 2.0000E-04
5.6287E-05 2.0000E-04
8.6634E-05 2.0000E-04
7.4152E-05 2.0000E-04
4.3449E-05 2.0000E-04
5.2134E-05 2.0000E-04
6.6922E-05 2.0000E-04
6.8559E-05 2.0000E-04
5.3350E-05 2.0000E-04
5.1952E-05 2.0000E-04
6.3836E-05 2.0000E-04
9.7383E-05 2.0000E-04
4.8312E-05 2.0000E-04
4.7415E-05 2.0000E-04
5.5090E-05 2.0000E-04
1.1866E-04 2.0000E-04
5.4200E-05 2.0000E-04
4.4081E-05 2.0000E-04
5.6220E-05 2.0000E-04
1.0908E-04 2.0000E-04
5.5630E-05 2.0000E-04
4.2937E-05 2.0000E-04
5.0747E-05 2.0000E-04
6.3438E-05 2.0000E-04
7.9833E-05 2.0000E-04
4.2228E-05 2.0000E-04
4.4620E-05 2.0000E-04
5.7294E-05 2.0000E-04
1.0209E-04 2.0000E-04
4.3055E-05 2.0000E-04
4.2152E-05 2.0000E-04
5.5305E-05 2.0000E-04
7.4921E-05 2.0000E-04
5.0333E-05 2.0000E-04
4.0716E-05 2.0000E-04
5.0299E-05 2.0000E-04
5.5104E-05 2.0000E-04
6.0429E-05 2.0000E-04
4.2586E-05 2.0000E-04
4.4946E-05 2.0000E-04
5.8506E-05 2.0000E-04
7.5481E-05 2.0000E-04
4.2247E-05 2.0000E-04
4.5498E-05 2.0000E-04
5.3848E-05 2.0000E-04
1.0921E-04 2.0000E-04
4.5516E-05 2.0000E-04
3.8085E-05 2.0000E-04
5.2085E-05 2.0000E-04
7.2348E-05 2.0000E-04
4.8618E-05 2.0000E-04
4.4970E-05 2.0000E-04
5.5141E-05 2.0000E-04
5.0381E-05 2.0000E-04
9.6847E-05 2.0000E-04
4.2782E-05 2.0000E-04
4.0852E-05 2.0000E-04
5.1761E-05 2.0000E-04
1.2236E-04 2.0000E-04
5.3677E-05 2.0000E-04
3.8514E-05 2.0000E-04
5.2992E-05 2.0000E-04
7.2982E-05 2.0000E-04
6.4880E-05 2.0000E-04
4.5569E-05 2.0000E-04
5.8079E-05 2.0000E-04
5.9775E-05 2.0000E-04
8.7473E-05 2.0000E-04
6.9256E-05 2.0000E-04
5.8559E-05 2.0000E-04
5.7769E-05 2.0000E-04
1.3368E-04 2.0000E-04
6.7568E-05 2.0000E-04
6.3142E-05 2.0000E-04
9.4413E-05 2.0000E-04
7.9975E-05 2.0000E-04
7.2306E-05 2.0000E-04
1.4068E-04 2.0000E-04
7.4333E-05 2.0000E-04
7.7995E-05 2.0000E-04
9.7787E-05 2.0000E-04
2.2825E-04 2.0000E-04
1.3483E-04 2.0000E-04
1.4539E-04 2.0000E-04
8.5863E-05 2.0000E-04
1.0174E-04 2.0000E-04
1.1844E-04 2.0000E-04
1.9065E-04 2.0000E-04
1.1438E-04 2.0000E-04
1.4868E-04 2.0000E-04
1.7145E-04 2.0000E-04
1.3614E-04 2.0000E-04
1.1476E-04 2.0000E-04
1.2898E-04 2.0000E-04
1.5243E-04 2.0000E-04
1.2687E-04 2.0000E-04
1.8657E-04 2.0000E-04
1.3464E-04 2.0000E-04
1.6014E-04 2.0000E-04
9.3311E-05 2.0000E-04
1.0383E-04 2.0000E-04
1.1328E-04 2.0000E-04
1.2364E-04 2.0000E-04
1.2057E-04 2.0000E-04
8.4356E-05 2.0000E-04
8.1452E-05 2.0000E-04
9.0282E-05 2.0000E-04
1.1118E-04 2.0000E-04
6.9697E-05 2.0000E-04
7.3768E-05 2.0000E-04
8.3420E-05 2.0000E-04
9.6961E-05 2.0000E-04
6.6362E-05 2.0000E-04
6.2602E-05 2.0000E-04
7.3209E-05 2.0000E-04
1.2470E-04 2.0000E-04
5.8033E-05 2.0000E-04
5.5510E-05 2.0000E-04
6.7510E-05 2.0000E-04
1.6962E-04 2.0000E-04
6.0396E-05 2.0000E-04
4.8935E-05 2.0000E-04
6.6538E-05 2.0000E-04
7.4744E-05 2.0000E-04
5.7127E-05 2.0000E-04
5.9152E-05 2.0000E-04
7.6681E-05 2.0000E-04
5.4155E-05 2.0000E-04
5.0987E-05 2.0000E-04
7.0512E-05 2.0000E-04
5.3510E-05 2.0000E-04
5.1944E-05 2.0000E-04
6.2147E-05 2.0000E-04
5.1069E-05 2.0000E-04
4.7478E-05 2.0000E-04
5.9313E-05 2.0000E-04
4.7219E-05 2.0000E-04
4.4425E-05 2.0000E-04
4.9844E-05 2.0000E-04
4.6608E-05 2.0000E-04
4.7357E-05 2.0000E-04
4.6239E-05 2.0000E-04
4.1532E-05 2.0000E-04
4.3635E-05 2.0000E-04
5.4577E-05 2.0000E-04
3.8993E-05 2.0000E-04
4.0584E-05 2.0000E-04
5.2108E-05 2.0000E-04
4.0049E-05 2.0000E-04
4.4065E-05 2.0000E-04
5.6690E-05 2.0000E-04
3.9506E-05 2.0000E-04
3.6398E-05 2.0000E-04
5.3078E-05 2.0000E-04
4.2364E-05 2.0000E-04
4.5602E-05 2.0000E-04
4.6166E-05 2.0000E-04
3.8690E-05 2.0000E-04
4.9103E-05 2.0000E-04
5.9988E-05 2.0000E-04
4.0858E-05 2.0000E-04
3.8306E-05 2.0000E-04
4.7221E-05 2.0000E-04
3.7144E-05 2.0000E-04
5.6157E-05 2.0000E-04
3.7772E-05 2.0000E-04
3.3004E-05 2.0000E-04
4.1901E-05 2.0000E-04
5.2911E-05 2.0000E-04
3.4052E-05 2.0000E-04
2.9985E-05 2.0000E-04
4.0926E-05 2.0000E-04
3.2285E-05 2.0000E-04
4.9146E-05 2.0000E-04
3.3583E-05 2.0000E-04
2.8521E-05 2.0000E-04
4.3732E-05 2.0000E-04
4.6002E-05 2.0000E-04
3.2576E-05 2.0000E-04
3.0315E-05 2.0000E-04
4.1824E-05 2.0000E-04
3.5544E-05 2.0000E-04
6.5658E-05 2.0000E-04
3.8265E-05 2.0000E-04
3.0921E-05 2.0000E-04
3.2874E-05 2.0000E-04
7.0340E-05 2.0000E-04
3.6654E-05 2.0000E-04
3.1318E-05 2.0000E-04
3.7003E-05 2.0000E-04
8.7795E-05 2.0000E-04
4.1164E-05 2.0000E-04
3.2785E-05 2.0000E-04
4.4526E-05 2.0000E-04
5.3933E-05 2.0000E-04
4.0142E-05 2.0000E-04
4.2137E-05 2.0000E-04
4.5240E-05 2.0000E-04
4.5807E-05 2.0000E-04
4.2289E-05 2.0000E-04
4.0707E-05 2.0000E-04
3.9065E-05 2.0000E-04
4.9321E-05 2.0000E-04
4.0264E-05 2.0000E-04
3.9492E-05 2.0000E-04
4.5325E-05 2.0000E-04
4.2201E-05 2.0000E-04
3.2947E-05 2.0000E-04
4.1178E-05 2.0000E-04
3.7639E-05 2.0000E-04
3.3154E-05 2.0000E-04
6.0829E-05 2.0000E-04
3.6792E-05 2.0000E-04
3.2832E-05 2.0000E-04
4.1882E-05 2.0000E-04
9.3006E-05 2.0000E-04
3.4209E-05 2.0000E-04
2.3471E-05 2.0000E-04
3.5166E-05 2.0000E-04
5.1399E-05 2.0000E-04
3.3170E-05 2.0000E-04
2.9112E-05 2.0000E-04
4.0535E-05 2.0000E-04
3.9085E-05 2.0000E-04
3.2327E-05 2.0000E-04
4.9095E-05 2.0000E-04
3.0083E-05 2.0000E-04
2.9616E-05 2.0000E-04
3.4003E-05 2.0000E-04
6.9619E-05 2.0000E-04
3.0317E-05 2.0000E-04
2.4866E-05 2.0000E-04
2.9272E-05 2.0000E-04
3.8875E-05 2.0000E-04
4.0745E-05 2.0000E-04
2.3495E-05 2.0000E-04
2.7314E-05 2.0000E-04
3.4278E-05 2.0000E-04
3.2811E-05 2.0000E-04
2.5168E-05 2.0000E-04
2.5134E-05 2.0000E-04
2.7751E-05 2.0000E-04
5.5096E-05 2.0000E-04
2.1092E-05 2.0000E-04
2.0011E-05 2.0000E-04
2.4047E-05 2.0000E-04
5.1788E-05 2.0000E-04
2.2168E-05 2.0000E-04
1.7053E-05 2.0000E-04
2.3669E-05 2.0000E-04
3.5549E-05 2.0000E-04
2.2979E-05 2.0000E-04
1.9474E-05 2.0000E-04
2.3725E-05 2.0000E-04
2.1104E-05 2.0000E-04
3.4877E-05 2.0000E-04
1.9534E-05 2.0000E-04
1.7688E-05 2.0000E-04
2.4345E-05 2.0000E-04
4.7038E-05 2.0000E-04
1.9511E-05 2.0000E-04
1.4497E-05 2.0000E-04
1.8769E-05 2.0000E-04
2.1414E-05 2.0000E-04
4.1228E-05 2.0000E-04
1.7774E-05 2.0000E-04
1.4433E-05 2.0000E-04
1.8204E-05 2.0000E-04
3.5918E-05 2.0000E-04
1.7470E-05 2.0000E-04
1.4653E-05 2.0000E-04
2.1122E-05 2.0000E-04
3.4687E-05 2.0000E-04
1.9332E-05 2.0000E-04
1.5876E-05 2.0000E-04
1.8423E-05 2.0000E-04
3.7286E-05 2.0000E-04
1.9046E-05 2.0000E-04
1.5202E-05 2.0000E-04
1.9681E-05 2.0000E-04
3.6341E-05 2.0000E-04
1.9512E-05 2.0000E-04
1.5184E-05 2.0000E-04
1.7306E-05 2.0000E-04
2.4684E-05 2.0000E-04
4.1735E-05 2.0000E-04
1.3781E-05 2.0000E-04
1.3300E-05 2.0000E-04
1.7228E-05 2.0000E-04
3.3735E-05 2.0000E-04
1.7847E-05 2.0000E-04
1.3793E-05 2.0000E-04
2.0641E-05 2.0000E-04
2.8287E-05 2.0000E-04
1.8048E-05 2.0000E-04
1.5461E-05 2.0000E-04
1.8998E-05 2.0000E-04
1.8249E-05 2.0000E-04
3.5042E-05 2.0000E-04
1.7453E-05 2.0000E-04
1.4886E-05 2.0000E-04
1.8549E-05 2.0000E-04
3.0778E-05 2.0000E-04
1.7733E-05 2.0000E-04
1.7318E-05 2.0000E-04
2.0655E-05 2.0000E-04
4.1220E-05 2.0000E-04
1.8168E-05 2.0000E-04
1.7191E-05 2.0000E-04
2.1333E-05 2.0000E-04
3.5250E-05 2.0000E-04
2.3118E-05 2.0000E-04
1.7306E-05 2.0000E-04
2.4669E-05 2.0000E-04
2.8519E-05 2.0000E-04
2.3719E-05 2.0000E-04
3.7796E-05 2.0000E-04
2.3593E-05 2.0000E-04
2.2835E-05 2.0000E-04
2.7803E-05 2.0000E-04
3.8529E-05 2.0000E-04
2.1964E-05 2.0000E-04
2.2128E-05 2.0000E-04
2.5630E-05 2.0000E-04
4.3098E-05 2.0000E-04
2.4225E-05 2.0000E-04
2.1829E-05 2.0000E-04
2.8482E-05 2.0000E-04
4.3904E-05 2.0000E-04
2.6590E-05 2.0000E-04
2.3697E-05 2.0000E-04
2.7274E-05 2.0000E-04
5.0315E-05 2.0000E-04
2.6777E-05 2.0000E-04
2.4750E-05 2.0000E-04
3.0339E-05 2.0000E-04
5.5582E-05 2.0000E-04
3.5243E-05 2.0000E-04
3.9389E-05 2.0000E-04
3.3734E-05 2.0000E-04
3.1014E-05 2.0000E-04
4.2910E-05 2.0000E-04
4.1354E-05 2.0000E-04
3.2544E-05 2.0000E-04
3.7166E-05 2.0000E-04
5.1674E-05 2.0000E-04
3.9707E-05 2.0000E-04
4.3674E-05 2.0000E-04
4.7157E-05 2.0000E-04
4.0453E-05 2.0000E-04
6.5445E-05 2.0000E-04
5.4140E-05 2.0000E-04
4.7337E-05 2.0000E-04
4.6051E-05 2.0000E-04
4.0550E-05 2.0000E-04
4.0143E-05 2.0000E-04
7.1735E-05 2.0000E-04
4.2233E-05 2.0000E-04
3.8640E-05 2.0000E-04
4.8984E-05 2.0000E-04
7.3349E-05 2.0000E-04
4.4752E-05 2.0000E-04
4.2288E-05 2.0000E-04
5.1113E-05 2.0000E-04
7.1746E-05 2.0000E-04
5.0719E-05 2.0000E-04
4.6001E-05 2.0000E-04
6.2669E-05 2.0000E-04
6.0289E-05 2.0000E-04
4.5960E-05 2.0000E-04
6.1868E-05 2.0000E-04
7.2383E-05 2.0000E-04
5.4410E-05 2.0000E-04
5.6823E-05 2.0000E-04
7.5946E-05 2.0000E-04
6.0485E-05 2.0000E-04
7.5313E-05 2.0000E-04
7.5879E-05 2.0000E-04
6.0327E-05 2.0000E-04
7.0550E-05 2.0000E-04
8.6922E-05 2.0000E-04
7.0267E-05 2.0000E-04
8.5126E-05 2.0000E-04
7.1674E-05 2.0000E-04
6.2870E-05 2.0000E-04
8.6233E-05 2.0000E-04
1.8029E-04 2.0000E-04
7.3546E-05 2.0000E-04
5.3469E-05 2.0000E-04
7.6914E-05 2.0000E-04
9.8588E-05 2.0000E-04
1.0550E-04 2.0000E-04
6.8948E-05 2.0000E-04
7.6057E-05 2.0000E-04
1.0566E-04 2.0000E-04
1.1248E-04 2.0000E-04
6.7414E-05 2.0000E-04
1.1537E-04 2.0000E-04
1.1737E-04 2.0000E-04
7.3240E-05 2.0000E-04
7.0969E-05 2.0000E-04
9.3345E-05 2.0000E-04
7.9325E-05 2.0000E-04
8.7852E-05 2.0000E-04
7.3008E-05 2.0000E-04
7.4913E-05 2.0000E-04
1.1149E-04 2.0000E-04
6.3146E-05 2.0000E-04
6.4017E-05 2.0000E-04
7.6621E-05 2.0000E-04
1.0379E-04 2.0000E-04
5.7526E-05 2.0000E-04
5.4892E-05 2.0000E-04
6.0234E-05 2.0000E-04
1.4557E-04 2.0000E-04
5.8805E-05 2.0000E-04
4.1728E-05 2.0000E-04
5.1564E-05 2.0000E-04
8.7209E-05 2.0000E-04
5.9205E-05 2.0000E-04
4.0977E-05 2.0000E-04
4.8962E-05 2.0000E-04
6.7793E-05 2.0000E-04
4.8992E-05 2.0000E-04
4.9042E-05 2.0000E-04
5.1772E-05 2.0000E-04
4.2992E-05 2.0000E-04
6.7012E-05 2.0000E-04
6.5895E-05 2.0000E-04
3.8760E-05 2.0000E-04
2.7826E-05 2.0000E-04
3.6048E-05 2.0000E-04
6.6171E-05 2.0000E-04
3.5826E-05 2.0000E-04
2.7226E-05 2.0000E-04
3.9939E-05 2.0000E-04
5.5484E-05 2.0000E-04
3.7605E-05 2.0000E-04
3.0719E-05 2.0000E-04
3.6687E-05 2.0000E-04
3.4698E-05 2.0000E-04
7.7659E-05 2.0000E-04
3.2696E-05 2.0000E-04
2.6305E-05 2.0000E-04
3.1210E-05 2.0000E-04
9.0034E-05 2.0000E-04
3.6823E-05 2.0000E-04
2.6777E-05 2.0000E-04
3.5217E-05 2.0000E-04
4.5696E-05 2.0000E-04
6.3995E-05 2.0000E-04
2.8041E-05 2.0000E-04
3.1107E-05 2.0000E-04
3.6910E-05 2.0000E-04
1.0370E-04 2.0000E-04
3.3619E-05 2.0000E-04
2.5234E-05 2.0000E-04
3.3841E-05 2.0000E-04
4.3586E-05 2.0000E-04
8.5340E-05 2.0000E-04
3.1399E-05 2.0000E-04
3.0398E-05 2.0000E-04
3.8260E-05 2.0000E-04
7.3707E-05 2.0000E-04
4.0773E-05 2.0000E-04
3.3417E-05 2.0000E-04
4.2936E-05 2.0000E-04
7.9115E-05 2.0000E-04
4.4170E-05 2.0000E-04
3.8143E-05 2.0000E-04
4.6423E-05 2.0000E-04
7.8858E-05 2.0000E-04
5.1806E-05 2.0000E-04
4.6017E-05 2.0000E-04
5.9207E-05 2.0000E-04
1.0579E-04 2.0000E-04
5.6898E-05 2.0000E-04
5.8903E-05 2.0000E-04
7.6899E-05 2.0000E-04
6.6765E-05 2.0000E-04
6.8274E-05 2.0000E-04
1.4793E-04 2.0000E-04
6.6877E-05 2.0000E-04
8.3519E-05 2.0000E-04
9.3834E-05 2.0000E-04
1.1697E-04 2.0000E-04
9.0842E-05 2.0000E-04
1.0426E-04 2.0000E-04
1.2013E-04 2.0000E-04
1.1628E-04 2.0000E-04
1.9418E-04 2.0000E-04
1.2108E-04 2.0000E-04
9.3509E-05 2.0000E-04
1.0763E-04 2.0000E-04
1.3629E-04 2.0000E-04
1.2700E-04 2.0000E-04
1.8061E-04 2.0000E-04
1.0397E-04 2.0000E-04
1.1055E-04 2.0000E-04
1.5561E-04 2.0000E-04
1.3979E-04 2.0000E-04
1.0897E-04 2.0000E-04
1.0494E-04 2.0000E-04
1.2293E-04 2.0000E-04
1.9025E-04 2.0000E-04
9.8439E-05 2.0000E-04
1.0596E-04 2.0000E-04
1.2923E-04 2.0000E-04
3.3494E-04 2.0000E-04
1.0697E-04 2.0000E-04
7.8868E-05 2.0000E-04
1.0537E-04 2.0000E-04
1.4852E-04 2.0000E-04
1.4288E-04 2.0000E-04
1.0249E-04 2.0000E-04
1.0613E-04 2.0000E-04
1.2082E-04 2.0000E-04
1.6282E-04 2.0000E-04
1.3349E-04 2.0000E-04
9.8635E-05 2.0000E-04
1.0571E-04 2.0000E-04
1.3466E-04 2.0000E-04
1.0876E-04 2.0000E-04
1.3007E-04 2.0000E-04
1.2659E-04 2.0000E-04
1.1833E-04 2.0000E-04
2.0913E-04 2.0000E-04
1.2361E-04 2.0000E-04
1.1257E-04 2.0000E-04
1.4701E-04 2.0000E-04
2.9962E-04 2.0000E-04
1.3543E-04 2.0000E-04
1.0154E-04 2.0000E-04
1.4339E-04 2.0000E-04
2.4638E-04 2.0000E-04
1.3068E-04 2.0000E-04
1.1366E-04 2.0000E-04
1.4697E-04 2.0000E-04
1.7968E-04 2.0000E-04
1.2583E-04 2.0000E-04
1.0387E-04 2.0000E-04
1.2624E-04 2.0000E-04
2.1795E-04 2.0000E-04
1.0333E-04 2.0000E-04
9.9253E-05 2.0000E-04
1.1806E-04 2.0000E-04
2.6429E-04 2.0000E-04
1.0928E-04 2.0000E-04
9.0017E-05 2.0000E-04
1.1213E-04 2.0000E-04
2.1653E-04 2.0000E-04
1.1250E-04 2.0000E-04
9.5909E-05 2.0000E-04
1.1580E-04 2.0000E-04
2.1105E-04 2.0000E-04
1.1111E-04 2.0000E-04
1.0050E-04 2.0000E-04
1.2413E-04 2.0000E-04
2.5321E-04 2.0000E-04
1.2345E-04 2.0000E-04
1.2307E-04 2.0000E-04
1.4265E-04 2.0000E-04
1.2769E-04 2.0000E-04
1.3865E-04 2.0000E-04
1.3799E-04 2.0000E-04
1.1340E-04 2.0000E-04
1.4632E-04 2.0000E-04
1.5984E-04 2.0000E-04
1.1986E-04 2.0000E-04
1.4066E-04 2.0000E-04
1.2469E-04 2.0000E-04
1.0919E-04 2.0000E-04
1.4568E-04 2.0000E-04
1.3522E-04 2.0000E-04
9.9168E-05 2.0000E-04
1.0336E-04 2.0000E-04
1.3699E-04 2.0000E-04
1.0421E-04 2.0000E-04
1.4006E-04 2.0000E-04
1.1372E-04 2.0000E-04
1.0616E-04 2.0000E-04
1.2342E-04 2.0000E-04
1.0604E-04 2.0000E-04
8.4766E-05 2.0000E-04
1.0351E-04 2.0000E-04
1.5772E-04 2.0000E-04
8.4037E-05 2.0000E-04
6.8080E-05 2.0000E-04
8.2418E-05 2.0000E-04
1.2927E-04 2.0000E-04
1.4742E-04 2.0000E-04
6.6289E-05 2.0000E-04
6.8012E-05 2.0000E-04
8.7145E-05 2.0000E-04
1.9670E-04 2.0000E-04
7.7151E-05 2.0000E-04
6.0791E-05 2.0000E-04
7.8627E-05 2.0000E-04
1.0861E-04 2.0000E-04
9.9375E-05 2.0000E-04
6.5927E-05 2.0000E-04
7.8950E-05 2.0000E-04
9.0209E-05 2.0000E-04
9.2893E-05 2.0000E-04
1.1308E-04 2.0000E-04
7.0084E-05 2.0000E-04
6.9907E-05 2.0000E-04
9.4714E-05 2.0000E-04
9.3298E-05 2.0000E-04
7.3397E-05 2.0000E-04
8.1047E-05 2.0000E-04
9.0428E-05 2.0000E-04
8.8142E-05 2.0000E-04
8.9122E-05 2.0000E-04
7.5725E-05 2.0000E-04
7.7974E-05 2.0000E-04
1.2767E-04 2.0000E-04
7.5172E-05 2.0000E-04
7.0169E-05 2.0000E-04
8.7780E-05 2.0000E-04
1.0575E-04 2.0000E-04
8.3986E-05 2.0000E-04
9.3747E-05 2.0000E-04
1.2583E-04 2.0000E-04
7.6338E-05 2.0000E-04
7.1926E-05 2.0000E-04
8.7502E-05 2.0000E-04
1.4374E-04 2.0000E-04
7.7029E-05 2.0000E-04
7.0870E-05 2.0000E-04
8.7200E-05 2.0000E-04
1.6588E-04 2.0000E-04
7.4829E-05 2.0000E-04
6.4618E-05 2.0000E-04
8.1646E-05 2.0000E-04
1.4763E-04 2.0000E-04
7.5172E-05 2.0000E-04
5.7976E-05 2.0000E-04
7.8722E-05 2.0000E-04
1.0678E-04 2.0000E-04
7.0413E-05 2.0000E-04
6.3258E-05 2.0000E-04
8.1696E-05 2.0000E-04
6.8075E-05 2.0000E-04
1.1096E-04 2.0000E-04
6.2606E-05 2.0000E-04
5.2521E-05 2.0000E-04
6.5783E-05 2.0000E-04
1.2673E-04 2.0000E-04
5.1613E-05 2.0000E-04
3.7906E-05 2.0000E-04
5.1352E-05 2.0000E-04
9.6911E-05 2.0000E-04
4.6947E-05 2.0000E-04
3.7639E-05 2.0000E-04
5.0819E-05 2.0000E-04
7.7647E-05 2.0000E-04
4.6218E-05 2.0000E-04
3.8417E-05 2.0000E-04
4.9994E-05 2.0000E-04
4.7950E-05 2.0000E-04
8.1125E-05 2.0000E-04
3.9818E-05 2.0000E-04
3.8514E-05 2.0000E-04
5.0193E-05 2.0000E-04
8.7062E-05 2.0000E-04
4.1943E-05 2.0000E-04
4.1110E-05 2.0000E-04
4.8524E-05 2.0000E-04
1.3015E-04 2.0000E-04
4.5442E-05 2.0000E-04
3.5209E-05 2.0000E-04
4.8003E-05 2.0000E-04
7.5292E-05 2.0000E-04
4.6302E-05 2.0000E-04
4.1376E-05 2.0000E-04
6.3155E-05 2.0000E-04
5.3661E-05 2.0000E-04
4.8506E-05 2.0000E-04
7.9150E-05 2.0000E-04
5.4960E-05 2.0000E-04
5.7961E-05 2.0000E-04
5.1753E-05 2.0000E-04
8.4932E-05 2.0000E-04
5.6677E-05 2.0000E-04
5.6928E-05 2.0000E-04
6.0900E-05 2.0000E-04
9.4592E-05 2.0000E-04
7.4998E-05 2.0000E-04
9.4552E-05 2.0000E-04
6.2814E-05 2.0000E-04
6.1648E-05 2.0000E-04
7.6804E-05 2.0000E-04
1.2091E-04 2.0000E-04
6.4388E-05 2.0000E-04
1.4883E-04 2.0000E-04
7.8347E-05 2.0000E-04
5.5128E-05 2.0000E-04
8.6630E-05 2.0000E-04
7.9994E-05 2.0000E-04
1.4663E-04 2.0000E-04
6.8751E-05 2.0000E-04
1.0524E-04 2.0000E-04
7.5825E-05 2.0000E-04
7.5106E-05 2.0000E-04
8.1366E-05 2.0000E-04
8.6670E-05 2.0000E-04
9.2941E-05 2.0000E-04
6.6644E-05 2.0000E-04
1.3500E-04 2.0000E-04
9.9090E-05 2.0000E-04
5.7542E-05 2.0000E-04
8.3247E-05 2.0000E-04
8.6992E-05 2.0000E-04
1.6670E-04 2.0000E-04
6.9501E-05 2.0000E-04
5.3596E-05 2.0000E-04
9.9192E-05 2.0000E-04
8.0135E-05 2.0000E-04
5.7779E-05 2.0000E-04
8.2321E-05 2.0000E-04
7.5257E-05 2.0000E-04
6.5575E-05 2.0000E-04
1.2421E-04 2.0000E-04
6.2227E-05 2.0000E-04
6.1548E-05 2.0000E-04
6.8398E-05 2.0000E-04
1.2305E-04 2.0000E-04
6.1296E-05 2.0000E-04
5.0256E-05 2.0000E-04
5.6916E-05 2.0000E-04
8.9412E-05 2.0000E-04
6.5755E-05 2.0000E-04
5.2576E-05 2.0000E-04
5.7560E-05 2.0000E-04
8.9497E-05 2.0000E-04
5.5449E-05 2.0000E-04
4.7844E-05 2.0000E-04
6.7933E-05 2.0000E-04
6.2235E-05 2.0000E-04
5.9653E-05 2.0000E-04
6.0243E-05 2.0000E-04
7.2496E-05 2.0000E-04
5.9637E-05 2.0000E-04
6.5742E-05 2.0000E-04
6.5746E-05 2.0000E-04
4.9101E-05 2.0000E-04
5.4327E-05 2.0000E-04
7.4831E-05 2.0000E-04
5.3980E-05 2.0000E-04
6.2942E-05 2.0000E-04
5.1505E-05 2.0000E-04
4.3865E-05 2.0000E-04
7.0778E-05 2.0000E-04
5.5508E-05 2.0000E-04
4.4992E-05 2.0000E-04
6.3944E-05 2.0000E-04
7.2755E-05 2.0000E-04
4.6148E-05 2.0000E-04
4.6644E-05 2.0000E-04
5.4434E-05 2.0000E-04
8.9845E-05 2.0000E-04
4.2727E-05 2.0000E-04
3.7104E-05 2.0000E-04
4.6040E-05 2.0000E-04
9.5568E-05 2.0000E-04
4.6062E-05 2.0000E-04
3.8272E-05 2.0000E-04
5.4882E-05 2.0000E-04
4.0911E-05 2.0000E-04
4.2094E-05 2.0000E-04
5.2446E-05 2.0000E-04
3.4198E-05 2.0000E-04
3.4319E-05 2.0000E-04
3.5833E-05 2.0000E-04
4.5541E-05 2.0000E-04
3.9154E-05 2.0000E-04
4.1090E-05 2.0000E-04
3.2228E-05 2.0000E-04
3.1533E-05 2.0000E-04
3.3083E-05 2.0000E-04
4.3241E-05 2.0000E-04
2.9757E-05 2.0000E-04
2.3273E-05 2.0000E-04
2.9327E-05 2.0000E-04
3.9476E-05 2.0000E-04
2.5239E-05 2.0000E-04
2.5474E-05 2.0000E-04
2.8648E-05 2.0000E-04
2.8089E-05 2.0000E-04
3.9955E-05 2.0000E-04
2.3471E-05 2.0000E-04
2.1105E-05 2.0000E-04
2.6202E-05 2.0000E-04
4.9369E-05 2.0000E-04
2.1882E-05 2.0000E-04
1.9364E-05 2.0000E-04
2.3309E-05 2.0000E-04
3.0547E-05 2.0000E-04
6.5420E-05 2.0000E-04
1.8260E-05 2.0000E-04
1.7617E-05 2.0000E-04
2.4775E-05 2.0000E-04
2.7553E-05 2.0000E-04
2.7873E-05 2.0000E-04
2.0226E-05 2.0000E-04
1.9828E-05 2.0000E-04
3.5733E-05 2.0000E-04
2.3183E-05 2.0000E-04
1.6938E-05 2.0000E-04
1.9102E-05 2.0000E-04
3.1156E-05 2.0000E-04
2.1949E-05 2.0000E-04
1.6934E-05 2.0000E-04
2.1173E-05 2.0000E-04
2.0020E-05 2.0000E-04
4.0849E-05 2.0000E-04
1.7591E-05 2.0000E-04
1.7766E-05 2.0000E-04
2.1280E-05 2.0000E-04
2.8753E-05 2.0000E-04
2.1674E-05 2.0000E-04
1.9691E-05 2.0000E-04
2.2652E-05 2.0000E-04
2.7315E-05 2.0000E-04
2.2232E-05 2.0000E-04
2.0825E-05 2.0000E-04
2.3202E-05 2.0000E-04
4.5462E-05 2.0000E-04
2.3327E-05 2.0000E-04
2.0815E-05 2.0000E-04
2.5092E-05 2.0000E-04
5.3987E-05 2.0000E-04
6.3379E-05 2.0000E-04
3.3474E-05 2.0000E-04
2.0554E-05 2.0000E-04
2.9782E-05 2.0000E-04
3.9077E-05 2.0000E-04
8.0775E-05 2.0000E-04
3.5788E-05 2.0000E-04
3.4317E-05 2.0000E-04
4.6178E-05 2.0000E-04
1.1584E-04 2.0000E-04
1.0764E-04 2.0000E-04
1.5690E-04 2.0000E-04
4.1028E-05 2.0000E-04
4.5556E-05 2.0000E-04
1.1679E-04 2.0000E-04
7.9501E-05 2.0000E-04
6.7353E-05 2.0000E-04
2.0542E-04 2.0000E-04
1.2160E-04 2.0000E-04
1.9145E-04 2.0000E-04
9.5293E-05 2.0000E-04
1.0272E-04 2.0000E-04
1.1105E-04 2.0000E-04
2.7754E-04 2.0000E-04
1.2852E-04 2.0000E-04
1.4505E-04 2.0000E-04
2.9685E-04 2.0000E-04
1.4426E-04 2.0000E-04
1.0712E-04 2.0000E-04
1.4421E-04 2.0000E-04
2.0901E-04 2.0000E-04
1.5963E-04 2.0000E-04
1.2696E-04 2.0000E-04
1.5133E-04 2.0000E-04
2.5781E-04 2.0000E-04
1.6308E-04 2.0000E-04
1.9464E-04 2.0000E-04
1.9643E-04 2.0000E-04
1.4939E-04 2.0000E-04
1.4813E-04 2.0000E-04
1.6605E-04 2.0000E-04
3.0955E-04 2.0000E-04
1.1779E-04 2.0000E-04
1.1804E-04 2.0000E-04
1.4967E-04 2.0000E-04
4.3573E-04 2.0000E-04
1.3478E-04 2.0000E-04
9.2597E-05 2.0000E-04
1.1853E-04 2.0000E-04
1.3596E-04 2.0000E-04
1.9628E-04 2.0000E-04
8.8755E-05 2.0000E-04
9.0730E-05 2.0000E-04
1.2792E-04 2.0000E-04
1.7804E-04 2.0000E-04
9.1961E-05 2.0000E-04
8.5821E-05 2.0000E-04
9.7577E-05 2.0000E-04
2.3054E-04 2.0000E-04
8.3591E-05 2.0000E-04
8.0551E-05 2.0000E-04
1.0641E-04 2.0000E-04
1.0561E-04 2.0000E-04
1.0098E-04 2.0000E-04
7.8829E-05 2.0000E-04
8.4545E-05 2.0000E-04
1.1186E-04 2.0000E-04
8.0975E-05 2.0000E-04
7.7985E-05 2.0000E-04
8.5559E-05 2.0000E-04
6.8292E-05 2.0000E-04
7.2736E-05 2.0000E-04
9.8638E-05 2.0000E-04
6.3858E-05 2.0000E-04
5.3345E-05 2.0000E-04
6.9727E-05 2.0000E-04
6.7819E-05 2.0000E-04
6.2961E-05 2.0000E-04
5.4734E-05 2.0000E-04
5.5665E-05 2.0000E-04
5.8247E-05 2.0000E-04
5.6348E-05 2.0000E-04
4.8862E-05 2.0000E-04
4.9359E-05 2.0000E-04
6.3358E-05 2.0000E-04
4.5690E-05 2.0000E-04
4.2559E-05 2.0000E-04
5.6438E-05 2.0000E-04
4.4961E-05 2.0000E-04
3.9128E-05 2.0000E-04
5.9724E-05 2.0000E-04
4.3189E-05 2.0000E-04
3.8550E-05 2.0000E-04
5.6398E-05 2.0000E-04
4.5163E-05 2.0000E-04
3.5537E-05 2.0000E-04
4.2551E-05 2.0000E-04
5.6218E-05 2.0000E-04
3.8304E-05 2.0000E-04
3.1190E-05 2.0000E-04
3.6729E-05 2.0000E-04
3.1999E-05 2.0000E-04
7.7741E-05 2.0000E-04
2.9703E-05 2.0000E-04
2.4194E-05 2.0000E-04
3.0603E-05 2.0000E-04
4.7621E-05 2.0000E-04
3.6164E-05 2.0000E-04
2.4527E-05 2.0000E-04
3.2515E-05 2.0000E-04
4.1457E-05 2.0000E-04
3.2108E-05 2.0000E-04
6.3481E-05 2.0000E-04
2.8416E-05 2.0000E-04
2.6121E-05 2.0000E-04
3.0639E-05 2.0000E-04
7.0938E-05 2.0000E-04
3.0172E-05 2.0000E-04
2.3039E-05 2.0000E-04
2.8965E-05 2.0000E-04
3.2990E-05 2.0000E-04
5.3883E-05 2.0000E-04
2.4128E-05 2.0000E-04
2.4372E-05 2.0000E-04
3.1328E-05 2.0000E-04
7.4265E-05 2.0000E-04
2.8391E-05 2.0000E-04
2.2348E-05 2.0000E-04
2.8102E-05 2.0000E-04
3.2980E-05 2.0000E-04
5.5227E-05 2.0000E-04
2.5223E-05 2.0000E-04
2.3345E-05 2.0000E-04
3.0668E-05 2.0000E-04
6.3153E-05 2.0000E-04
2.8972E-05 2.0000E-04
2.3952E-05 2.0000E-04
2.9232E-05 2.0000E-04
3.9129E-05 2.0000E-04
5.0637E-05 2.0000E-04
2.3541E-05 2.0000E-04
2.6566E-05 2.0000E-04
3.2685E-05 2.0000E-04
7.0043E-05 2.0000E-04
2.8199E-05 2.0000E-04
2.3426E-05 2.0000E-04
3.1357E-05 2.0000E-04
4.6724E-05 2.0000E-04
3.4984E-05 2.0000E-04
2.8861E-05 2.0000E-04
4.1966E-05 2.0000E-04
3.4828E-05 2.0000E-04
3.5523E-05 2.0000E-04
5.0497E-05 2.0000E-04
3.4051E-05 2.0000E-04
3.2689E-05 2.0000E-04
4.1827E-05 2.0000E-04
6.3419E-05 2.0000E-04
3.5147E-05 2.0000E-04
3.2723E-05 2.0000E-04
3.9236E-05 2.0000E-04
5.7668E-05 2.0000E-04
4.4494E-05 2.0000E-04
2.9850E-05 2.0000E-04
4.1648E-05 2.0000E-04
4.4834E-05 2.0000E-04
4.3481E-05 2.0000E-04
6.6724E-05 2.0000E-04
3.8894E-05 2.0000E-04
3.7667E-05 2.0000E-04
4.2972E-05 2.0000E-04
7.3935E-05 2.0000E-04
4.0470E-05 2.0000E-04
3.8063E-05 2.0000E-04
4.5437E-05 2.0000E-04
8.3426E-05 2.0000E-04
3.8333E-05 2.0000E-04
3.4809E-05 2.0000E-04
4.2623E-05 2.0000E-04
7.5321E-05 2.0000E-04
4.3053E-05 2.0000E-04
6.3811E-05 2.0000E-04
5.6741E-05 2.0000E-04
3.8095E-05 2.0000E-04
3.6140E-05 2.0000E-04
4.4554E-05 2.0000E-04
9.3809E-05 2.0000E-04
3.9729E-05 2.0000E-04
3.1248E-05 2.0000E-04
4.0514E-05 2.0000E-04
6.8757E-05 2.0000E-04
4.0377E-05 2.0000E-04
3.1669E-05 2.0000E-04
5.6715E-05 2.0000E-04
4.9037E-05 2.0000E-04
4.5003E-05 2.0000E-04
6.1722E-05 2.0000E-04
4.8399E-05 2.0000E-04
3.5885E-05 2.0000E-04
3.5869E-05 2.0000E-04
5.3722E-05 2.0000E-04
3.8285E-05 2.0000E-04
4.0804E-05 2.0000E-04
4.3091E-05 2.0000E-04
3.4750E-05 2.0000E-04
4.8243E-05 2.0000E-04
4.1602E-05 2.0000E-04
3.5466E-05 2.0000E-04
4.5036E-05 2.0000E-04
6.3008E-05 2.0000E-04
3.4879E-05 2.0000E-04
2.7896E-05 2.0000E-04
3.3774E-05 2.0000E-04
5.3397E-05 2.0000E-04
4.1865E-05 2.0000E-04
2.9617E-05 2.0000E-04
2.8156E-05 2.0000E-04
3.8339E-05 2.0000E-04
3.5440E-05 2.0000E-04
3.0193E-05 2.0000E-04
3.1039E-05 2.0000E-04
3.2095E-05 2.0000E-04
2.6084E-05 2.0000E-04
4.1289E-05 2.0000E-04
2.9199E-05 2.0000E-04
2.4840E-05 2.0000E-04
3.1297E-05 2.0000E-04
4.9528E-05 2.0000E-04
2.4051E-05 2.0000E-04
1.9279E-05 2.0000E-04
2.3212E-05 2.0000E-04
3.5767E-05 2.0000E-04
4.6114E-05 2.0000E-04
1.8714E-05 2.0000E-04
1.8986E-05 2.0000E-04
2.4084E-05 2.0000E-04
5.5037E-05 2.0000E-04
2.2077E-05 2.0000E-04
1.8427E-05 2.0000E-04
2.3059E-05 2.0000E-04
3.4026E-05 2.0000E-04
2.4212E-05 2.0000E-04
1.8661E-05 2.0000E-04
2.4330E-05 2.0000E-04
2.6881E-05 2.0000E-04
2.3503E-05 2.0000E-04
3.4169E-05 2.0000E-04
2.1976E-05 2.0000E-04
2.2223E-05 2.0000E-04
2.5312E-05 2.0000E-04
5.0262E-05 2.0000E-04
2.1041E-05 2.0000E-04
1.9041E-05 2.0000E-04
2.2982E-05 2.0000E-04
3.4335E-05 2.0000E-04
2.6768E-05 2.0000E-04
1.8186E-05 2.0000E-04
2.3667E-05 2.0000E-04
3.3585E-05 2.0000E-04
2.4022E-05 2.0000E-04
3.0971E-05 2.0000E-04
2.7008E-05 2.0000E-04
2.3307E-05 2.0000E-04
4.1572E-05 2.0000E-04
3.5745E-05 2.0000E-04
2.1569E-05 2.0000E-04
1.6901E-05 2.0000E-04
2.3436E-05 2.0000E-04
5.6955E-05 2.0000E-04
2.2158E-05 2.0000E-04
1.7733E-05 2.0000E-04
2.3499E-05 2.0000E-04
3.7609E-05 2.0000E-04
2.5241E-05 2.0000E-04
2.0964E-05 2.0000E-04
3.5164E-05 2.0000E-04
2.6067E-05 2.0000E-04
2.4451E-05 2.0000E-04
2.8683E-05 2.0000E-04
3.4005E-05 2.0000E-04
2.4262E-05 2.0000E-04
2.4008E-05 2.0000E-04
3.0070E-05 2.0000E-04
2.5614E-05 2.0000E-04
4.0783E-05 2.0000E-04
2.3514E-05 2.0000E-04
2.2235E-05 2.0000E-04
2.8860E-05 2.0000E-04
3.7671E-05 2.0000E-04
2.3725E-05 2.0000E-04
2.3163E-05 2.0000E-04
2.7190E-05 2.0000E-04
3.7848E-05 2.0000E-04
2.5527E-05 2.0000E-04
2.4628E-05 2.0000E-04
3.3840E-05 2.0000E-04
3.1140E-05 2.0000E-04
2.3099E-05 2.0000E-04
2.3753E-05 2.0000E-04
3.0296E-05 2.0000E-04
2.6695E-05 2.0000E-04
3.8132E-05 2.0000E-04
2.5137E-05 2.0000E-04
2.3804E-05 2.0000E-04
3.4045E-05 2.0000E-04
2.6501E-05 2.0000E-04
2.8028E-05 2.0000E-04
3.2039E-05 2.0000E-04
2.6746E-05 2.0000E-04
2.9983E-05 2.0000E-04
2.6292E-05 2.0000E-04
2.6488E-05 2.0000E-04
2.7197E-05 2.0000E-04
2.7542E-05 2.0000E-04
2.4861E-05 2.0000E-04
2.8846E-05 2.0000E-04
2.8391E-05 2.0000E-04
2.3552E-05 2.0000E-04
2.4984E-05 2.0000E-04
3.0050E-05 2.0000E-04
2.2930E-05 2.0000E-04
2.7030E-05 2.0000E-04
2.8758E-05 2.0000E-04
2.5967E-05 2.0000E-04
2.8822E-05 2.0000E-04
2.6774E-05 2.0000E-04
2.4857E-05 2.0000E-04
3.3331E-05 2.0000E-04
3.3902E-05 2.0000E-04
2.3205E-05 2.0000E-04
2.2854E-05 2.0000E-04
3.0549E-05 2.0000E-04
2.6547E-05 2.0000E-04
4.5380E-05 2.0000E-04
2.5324E-05 2.0000E-04
2.5020E-05 2.0000E-04
3.9422E-05 2.0000E-04
3.0024E-05 2.0000E-04
2.5990E-05 2.0000E-04
2.9323E-05 2.0000E-04
4.0313E-05 2.0000E-04
3.3263E-05 2.0000E-04
3.2104E-05 2.0000E-04
3.9523E-05 2.0000E-04
3.8095E-05 2.0000E-04
4.4061E-05 2.0000E-04
5.0825E-05 2.0000E-04
5.8316E-05 2.0000E-04
4.9891E-05 2.0000E-04
5.7634E-05 2.0000E-04
5.2423E-05 2.0000E-04
6.7164E-05 2.0000E-04
8.5019E-05 2.0000E-04
1.2781E-04 2.0000E-04
9.8314E-05 2.0000E-04
5.9170E-05 2.0000E-04
9.0872E-05 2.0000E-04
1.2227E-04 2.0000E-04
1.9068E-04 2.0000E-04
8.0454E-05 2.0000E-04
1.0817E-04 2.0000E-04
1.6150E-04 2.0000E-04
1.2934E-04 2.0000E-04
1.1713E-04 2.0000E-04
1.1426E-04 2.0000E-04
1.5547E-04 2.0000E-04
1.6381E-04 2.0000E-04
9.9493E-05 2.0000E-04
1.0763E-04 2.0000E-04
1.3520E-04 2.0000E-04
1.3646E-04 2.0000E-04
1.4624E-04 2.0000E-04
1.2636E-04 2.0000E-04
1.0520E-04 2.0000E-04
9.4409E-05 2.0000E-04
1.4934E-04 2.0000E-04
1.3386E-04 2.0000E-04
9.5885E-05 2.0000E-04
1.1331E-04 2.0000E-04
1.2405E-04 2.0000E-04
1.0835E-04 2.0000E-04
1.3611E-04 2.0000E-04
1.2206E-04 2.0000E-04
1.0918E-04 2.0000E-04
1.7236E-04 2.0000E-04
1.2724E-04 2.0000E-04
1.1727E-04 2.0000E-04
1.3231E-04 2.0000E-04
2.1776E-04 2.0000E-04
1.5535E-04 2.0000E-04
2.4953E-04 2.0000E-04
1.9166E-04 2.0000E-04
1.4902E-04 2.0000E-04
2.2013E-04 2.0000E-04
1.9700E-04 2.0000E-04
1.6618E-04 2.0000E-04
2.0401E-04 2.0000E-04
1.5948E-04 2.0000E-04
1.4974E-04 2.0000E-04
3.2408E-04 2.0000E-04
1.6604E-04 2.0000E-04
1.6478E-04 2.0000E-04
1.1362E-04 2.0000E-04
1.2778E-04 2.0000E-04
2.1671E-04 2.0000E-04
1.2662E-04 2.0000E-04
1.0096E-04 2.0000E-04
1.0635E-04 2.0000E-04
1.8179E-04 2.0000E-04
1.3376E-04 2.0000E-04
8.3368E-05 2.0000E-04
7.7032E-05 2.0000E-04
1.0038E-04 2.0000E-04
9.0452E-05 2.0000E-04
7.7017E-05 2.0000E-04
7.5942E-05 2.0000E-04
8.7625E-05 2.0000E-04
6.6171E-05 2.0000E-04
6.8241E-05 2.0000E-04
8.2916E-05 2.0000E-04
6.1268E-05 2.0000E-04
6.2791E-05 2.0000E-04
8.2233E-05 2.0000E-04
6.1152E-05 2.0000E-04
5.9947E-05 2.0000E-04
6.7217E-05 2.0000E-04
6.3005E-05 2.0000E-04
8.8701E-05 2.0000E-04
6.7209E-05 2.0000E-04
5.3678E-05 2.0000E-04
5.8781E-05 2.0000E-04
1.0279E-04 2.0000E-04
5.4566E-05 2.0000E-04
4.7433E-05 2.0000E-04
5.4256E-05 2.0000E-04
1.5164E-04 2.0000E-04
4.5809E-05 2.0000E-04
3.6481E-05 2.0000E-04
4.4108E-05 2.0000E-04
7.5605E-05 2.0000E-04
4.2305E-05 2.0000E-04
3.3457E-05 2.0000E-04
5.2687E-05 2.0000E-04
6.2291E-05 2.0000E-04
3.8265E-05 2.0000E-04
3.3686E-05 2.0000E-04
3.9239E-05 2.0000E-04
3.6079E-05 2.0000E-04
7.7548E-05 2.0000E-04
3.3877E-05 2.0000E-04
2.5428E-05 2.0000E-04
3.0356E-05 2.0000E-04
4.6071E-05 2.0000E-04
4.9460E-05 2.0000E-04
2.3900E-05 2.0000E-04
2.7362E-05 2.0000E-04
3.4686E-05 2.0000E-04
6.2016E-05 2.0000E-04
2.7712E-05 2.0000E-04
2.6708E-05 2.0000E-04
3.1650E-05 2.0000E-04
6.8525E-05 2.0000E-04
2.9113E-05 2.0000E-04
2.3285E-05 2.0000E-04
2.8643E-05 2.0000E-04
4.4625E-05 2.0000E-04
3.1761E-05 2.0000E-04
2.1631E-05 2.0000E-04
2.9731E-05 2.0000E-04
3.6810E-05 2.0000E-04
2.8404E-05 2.0000E-04
4.2287E-05 2.0000E-04
2.8695E-05 2.0000E-04
2.4497E-05 2.0000E-04
3.6638E-05 2.0000E-04
4.6329E-05 2.0000E-04
2.3591E-05 2.0000E-04
1.6866E-05 2.0000E-04
2.3381E-05 2.0000E-04
2.7174E-05 2.0000E-04
4.1541E-05 2.0000E-04
1.7428E-05 2.0000E-04
1.8068E-05 2.0000E-04
2.2405E-05 2.0000E-04
5.1382E-05 2.0000E-04
1.9503E-05 2.0000E-04
1.4848E-05 2.0000E-04
1.8327E-05 2.0000E-04
2.3457E-05 2.0000E-04
3.5491E-05 2.0000E-04
1.4423E-05 2.0000E-04
1.5593E-05 2.0000E-04
1.8715E-05 2.0000E-04
4.5925E-05 2.0000E-04
1.5662E-05 2.0000E-04
1.1758E-05 2.0000E-04
1.5154E-05 2.0000E-04
1.8071E-05 2.0000E-04
4.6999E-05 2.0000E-04
1.2681E-05 2.0000E-04
1.0957E-05 2.0000E-04
1.4498E-05 2.0000E-04
2.0326E-05 2.0000E-04
2.3590E-05 2.0000E-04
1.1951E-05 2.0000E-04
1.4171E-05 2.0000E-04
1.6765E-05 2.0000E-04
3.6874E-05 2.0000E-04
1.2605E-05 2.0000E-04
1.1356E-05 2.0000E-04
1.4517E-05 2.0000E-04
2.2669E-05 2.0000E-04
1.4255E-05 2.0000E-04
1.0747E-05 2.0000E-04
1.7075E-05 2.0000E-04
1.7749E-05 2.0000E-04
1.3980E-05 2.0000E-04
2.1422E-05 2.0000E-04
1.5236E-05 2.0000E-04
1.2831E-05 2.0000E-04
1.5634E-05 2.0000E-04
2.5119E-05 2.0000E-04
1.2129E-05 2.0000E-04
8.4228E-06 2.0000E-04
1.1778E-05 2.0000E-04
1.2402E-05 2.0000E-04
2.4686E-05 2.0000E-04
1.6069E-05 2.0000E-04
7.3850E-06 2.0000E-04
7.9116E-06 2.0000E-04
1.2062E-05 2.0000E-04
1.6839E-05 2.0000E-04
9.7417E-06 2.0000E-04
8.8813E-06 2.0000E-04
1.1102E-05 2.0000E-04
1.2270E-05 2.0000E-04
1.2037E-05 2.0000E-04
8.5655E-06 2.0000E-04
9.1144E-06 2.0000E-04
1.2736E-05 2.0000E-04
1.0135E-05 2.0000E-04
7.7564E-06 2.0000E-04
1.0260E-05 2.0000E-04
1.0046E-05 2.0000E-04
1.4788E-03 2.0000E-04
1.2322E-03 2.0000E-04
5.5066E-04 2.0000E-04
4.7179E-04 2.0000E-04
5.9873E-04 2.0000E-04
4.3739E-04 2.0000E-04
2.2970E-04 2.0000E-04
1.5943E-04 2.0000E-04
1.6397E-04 2.0000E-04
2.0621E-04 2.0000E-04
1.0756E-04 2.0000E-04
9.7780E-05 2.0000E-04
1.4740E-04 2.0000E-04
1.9045E-04 2.0000E-04
9.2588E-05 2.0000E-04
8.1539E-05 2.0000E-04
9.9781E-05 2.0000E-04
1.5631E-04 2.0000E-04
8.9616E-05 2.0000E-04
6.9678E-05 2.0000E-04
9.0179E-05 2.0000E-04
1.2693E-04 2.0000E-04
8.9420E-05 2.0000E-04
8.3802E-05 2.0000E-04
9.1001E-05 2.0000E-04
6.2903E-05 2.0000E-04
5.4570E-05 2.0000E-04
7.1542E-05 2.0000E-04
8.6213E-05 2.0000E-04
9.2422E-05 2.0000E-04
5.1189E-05 2.0000E-04
4.9255E-05 2.0000E-04
6.2860E-05 2.0000E-04
9.2518E-05 2.0000E-04
4.6574E-05 2.0000E-04
4.4862E-05 2.0000E-04
5.9120E-05 2.0000E-04
8.8088E-05 2.0000E-04
5.2424E-05 2.0000E-04
3.5065E-05 2.0000E-04
4.4905E-05 2.0000E-04
5.4867E-05 2.0000E-04
5.0085E-05 2.0000E-04
5.5251E-05 2.0000E-04
4.2669E-05 2.0000E-04
4.5174E-05 2.0000E-04
5.5784E-05 2.0000E-04
4.1614E-05 2.0000E-04
3.4905E-05 2.0000E-04
3.9737E-05 2.0000E-04
5.0609E-05 2.0000E-04
3.3814E-05 2.0000E-04
3.1205E-05 2.0000E-04
3.8083E-05 2.0000E-04
3.4756E-05 2.0000E-04
3.3338E-05 2.0000E-04
3.2098E-05 2.0000E-04
3.3782E-05 2.0000E-04
3.3093E-05 2.0000E-04
2.9407E-05 2.0000E-04
2.7380E-05 2.0000E-04
3.3323E-05 2.0000E-04
3.1679E-05 2.0000E-04
2.2282E-05 2.0000E-04
2.6539E-05 2.0000E-04
3.6159E-05 2.0000E-04
2.3940E-05 2.0000E-04
2.2523E-05 2.0000E-04
3.2056E-05 2.0000E-04
2.7127E-05 2.0000E-04
2.2932E-05 2.0000E-04
2.9431E-05 2.0000E-04
2.4577E-05 2.0000E-04
2.5305E-05 2.0000E-04
3.3354E-05 2.0000E-04
1.9799E-05 2.0000E-04
2.1229E-05 2.0000E-04
2.7132E-05 2.0000E-04
4.8947E-05 2.0000E-04
2.2034E-05 2.0000E-04
1.6770E-05 2.0000E-04
2.0817E-05 2.0000E-04
2.6189E-05 2.0000E-04
2.3999E-05 2.0000E-04
2.4283E-05 2.0000E-04
1.8558E-05 2.0000E-04
1.8165E-05 2.0000E-04
2.4170E-05 2.0000E-04
1.9199E-05 2.0000E-04
1.7349E-05 2.0000E-04
2.4886E-05 2.0000E-04
2.5569E-05 2.0000E-04
1.6524E-05 2.0000E-04
1.7694E-05 2.0000E-04
2.0915E-05 2.0000E-04
1.8358E-05 2.0000E-04
3.4972E-05 2.0000E-04
1.7268E-05 2.0000E-04
1.3932E-05 2.0000E-04
1.5767E-05 2.0000E-04
2.0993E-05 2.0000E-04
1.7933E-05 2.0000E-04
1.4327E-05 2.0000E-04
1.3926E-05 2.0000E-04
1.7536E-05 2.0000E-04
1.6197E-05 2.0000E-04
1.5702E-05 2.0000E-04
1.7322E-05 2.0000E-04
1.2636E-05 2.0000E-04
1.2820E-05 2.0000E-04
2.0533E-05 2.0000E-04
1.3660E-05 2.0000E-04
1.1379E-05 2.0000E-04
1.4913E-05 2.0000E-04
1.9094E-05 2.0000E-04
1.1629E-05 2.0000E-04
1.2846E-05 2.0000E-04
1.4607E-05 2.0000E-04
1.2895E-05 2.0000E-04
1.7146E-05 2.0000E-04
1.1689E-05 2.0000E-04
1.0643E-05 2.0000E-04
1.5751E-05 2.0000E-04
1.4524E-05 2.0000E-04
1.0624E-05 2.0000E-04
1.1915E-05 2.0000E-04
1.8799E-05 2.0000E-04
1.2582E-05 2.0000E-04
9.6690E-06 2.0000E-04
1.1936E-05 2.0000E-04
1.3633E-05 2.0000E-04
1.3983E-05 2.0000E-04
1.1104E-05 2.0000E-04
1.0774E-05 2.0000E-04
1.1851E-05 2.0000E-04
1.6126E-05 2.0000E-04
1.0073E-05 2.0000E-04
1.0279E-05 2.0000E-04
1.2186E-05 2.0000E-04
1.6306E-05 2.0000E-04
9.7535E-06 2.0000E-04
