668.5
149.8
190.5
178.8
181.7
193.7
157.4
163.0
161.6
158.4
162.9
126.9
128.1
156.0
162.0
122.0
123.1
156.1
156.7
130.4
127.9
126.6
129.1
161.9
162.9
149.2
128.8
130.5
128.3
162.3
161.9
127.6
128.2
127.9
161.1
128.2
129.5
130.0
164.7
128.8
127.9
128.9
122.6
156.2
127.8
127.6
130.6
127.5
160.8
128.1
128.2
128.1
127.5
117.9
127.9
128.9
127.8
127.4
127.7
127.0
122.3
120.6
128.9
131.1
112.7
124.4
129.0
129.2
130.9
122.0
128.9
122.3
126.0
111.3
121.7
129.2
127.5
129.6
128.4
128.7
119.9
111.6
112.1
142.9
128.6
127.2
130.2
128.6
128.4
124.2
122.9
128.7
130.1
113.6
123.2
112.8
112.9
162.7
104.2
113.1
113.8
111.8
107.4
112.1
112.4
112.8
112.4
112.8
105.7
111.3
113.2
113.1
106.2
112.2
111.2
114.5
113.1
113.2
106.7
111.4
112.0
110.9
111.6
112.3
107.1
112.0
111.4
112.6
106.1
104.5
112.0
113.6
110.3
112.8
113.6
107.7
112.3
113.2
106.8
108.5
110.9
107.7
