Max Step   Target
7.5321E-03 1.8000E-03
6.6619E-03 1.8000E-03
2.6921E-02 1.8000E-03
3.3913E-02 1.8000E-03
3.4551E-02 1.8000E-03
1.6729E-02 1.8000E-03
1.0968E-02 1.8000E-03
6.8800E-03 1.8000E-03
6.5184E-03 1.8000E-03
4.4723E-03 1.8000E-03
7.6584E-03 1.8000E-03
8.7005E-03 1.8000E-03
3.7493E-03 1.8000E-03
3.1345E-03 1.8000E-03
4.2371E-03 1.8000E-03
9.5883E-03 1.8000E-03
2.4223E-03 1.8000E-03
1.4434E-03 1.8000E-03
2.9314E-03 1.8000E-03
4.8204E-03 1.8000E-03
1.5560E-03 1.8000E-03
5.3206E-04 1.8000E-03
5.3206E-04 1.8000E-03
