RMS Step   Target
1.4278E-04 8.0000E-04
4.8535E-05 8.0000E-04
2.1201E-04 8.0000E-04
2.5026E-04 8.0000E-04
5.9861E-04 8.0000E-04
9.3729E-04 8.0000E-04
1.2813E-04 8.0000E-04
1.9592E-04 8.0000E-04
3.7174E-04 8.0000E-04
8.9627E-04 8.0000E-04
8.4314E-04 8.0000E-04
3.0330E-04 8.0000E-04
7.4887E-04 8.0000E-04
8.0280E-04 8.0000E-04
7.1824E-04 8.0000E-04
1.2701E-03 8.0000E-04
6.7282E-04 8.0000E-04
4.7209E-04 8.0000E-04
2.0999E-03 8.0000E-04
5.3904E-04 8.0000E-04
2.0651E-04 8.0000E-04
1.6063E-03 8.0000E-04
2.0975E-03 8.0000E-04
5.9844E-04 8.0000E-04
4.0075E-04 8.0000E-04
2.0305E-03 8.0000E-04
5.4506E-04 8.0000E-04
2.1174E-03 8.0000E-04
1.8124E-03 8.0000E-04
6.0874E-04 8.0000E-04
2.4833E-03 8.0000E-04
9.4943E-04 8.0000E-04
6.5745E-04 8.0000E-04
1.7976E-03 8.0000E-04
5.7829E-04 8.0000E-04
1.6362E-03 8.0000E-04
1.3428E-03 8.0000E-04
2.5876E-04 8.0000E-04
1.3238E-03 8.0000E-04
4.6791E-04 8.0000E-04
1.1136E-03 8.0000E-04
8.9219E-04 8.0000E-04
9.5860E-04 8.0000E-04
8.5380E-04 8.0000E-04
1.1270E-03 8.0000E-04
3.3329E-04 8.0000E-04
6.4663E-04 8.0000E-04
6.8534E-04 8.0000E-04
8.1419E-04 8.0000E-04
6.4512E-04 8.0000E-04
6.9565E-04 8.0000E-04
1.1570E-03 8.0000E-04
6.8552E-04 8.0000E-04
5.4781E-04 8.0000E-04
8.6176E-04 8.0000E-04
5.3248E-04 8.0000E-04
1.0129E-03 8.0000E-04
6.0491E-04 8.0000E-04
1.1714E-03 8.0000E-04
3.0069E-04 8.0000E-04
7.8671E-04 8.0000E-04
9.6013E-04 8.0000E-04
1.3255E-03 8.0000E-04
9.2093E-04 8.0000E-04
6.3554E-04 8.0000E-04
9.2726E-04 8.0000E-04
9.1464E-04 8.0000E-04
7.0025E-04 8.0000E-04
1.9097E-03 8.0000E-04
7.2618E-04 8.0000E-04
1.1715E-03 8.0000E-04
6.5797E-04 8.0000E-04
1.0399E-03 8.0000E-04
1.3114E-03 8.0000E-04
7.4447E-04 8.0000E-04
4.6737E-04 8.0000E-04
6.7955E-04 8.0000E-04
1.3301E-03 8.0000E-04
1.8630E-04 8.0000E-04
3.8587E-04 8.0000E-04
1.0049E-03 8.0000E-04
1.0494E-03 8.0000E-04
1.0930E-03 8.0000E-04
2.4582E-04 8.0000E-04
3.7616E-04 8.0000E-04
8.7024E-04 8.0000E-04
8.2517E-04 8.0000E-04
4.8186E-04 8.0000E-04
6.2235E-04 8.0000E-04
7.9520E-04 8.0000E-04
7.0873E-04 8.0000E-04
2.0810E-04 8.0000E-04
2.9675E-04 8.0000E-04
3.6329E-04 8.0000E-04
7.8556E-04 8.0000E-04
3.9197E-04 8.0000E-04
3.7328E-04 8.0000E-04
4.8745E-04 8.0000E-04
7.2094E-04 8.0000E-04
3.6119E-04 8.0000E-04
4.0930E-04 8.0000E-04
3.6374E-04 8.0000E-04
3.7318E-04 8.0000E-04
6.5037E-04 8.0000E-04
6.1421E-04 8.0000E-04
2.4535E-04 8.0000E-04
5.0929E-04 8.0000E-04
5.0180E-04 8.0000E-04
2.5358E-04 8.0000E-04
5.5900E-04 8.0000E-04
3.8103E-04 8.0000E-04
5.9429E-04 8.0000E-04
7.3142E-04 8.0000E-04
3.3646E-04 8.0000E-04
1.8230E-04 8.0000E-04
4.0644E-04 8.0000E-04
9.7937E-04 8.0000E-04
2.0685E-04 8.0000E-04
2.5967E-04 8.0000E-04
4.0520E-04 8.0000E-04
7.3879E-04 8.0000E-04
5.0729E-04 8.0000E-04
2.0425E-04 8.0000E-04
4.5972E-04 8.0000E-04
6.0272E-04 8.0000E-04
5.1164E-04 8.0000E-04
5.0125E-04 8.0000E-04
4.7562E-04 8.0000E-04
5.7771E-04 8.0000E-04
6.4758E-04 8.0000E-04
4.9191E-04 8.0000E-04
4.3163E-04 8.0000E-04
5.7975E-04 8.0000E-04
6.1033E-04 8.0000E-04
5.3336E-04 8.0000E-04
6.3431E-04 8.0000E-04
7.5386E-04 8.0000E-04
7.0312E-04 8.0000E-04
1.0055E-03 8.0000E-04
9.0780E-04 8.0000E-04
1.0459E-03 8.0000E-04
9.0095E-04 8.0000E-04
1.5000E-03 8.0000E-04
5.6973E-04 8.0000E-04
7.5995E-04 8.0000E-04
1.2793E-03 8.0000E-04
2.5645E-03 8.0000E-04
1.6648E-03 8.0000E-04
9.1657E-04 8.0000E-04
1.1530E-03 8.0000E-04
1.0377E-03 8.0000E-04
9.6539E-04 8.0000E-04
6.6951E-04 8.0000E-04
3.2532E-03 8.0000E-04
1.4413E-03 8.0000E-04
4.5546E-04 8.0000E-04
1.4651E-03 8.0000E-04
2.4841E-03 8.0000E-04
6.1136E-04 8.0000E-04
5.4343E-04 8.0000E-04
1.0155E-03 8.0000E-04
1.1511E-03 8.0000E-04
1.1146E-03 8.0000E-04
2.8105E-04 8.0000E-04
3.2423E-04 8.0000E-04
4.1638E-04 8.0000E-04
1.8836E-03 8.0000E-04
1.2714E-03 8.0000E-04
6.5025E-04 8.0000E-04
3.2325E-04 8.0000E-04
8.9444E-04 8.0000E-04
5.1818E-04 8.0000E-04
3.3452E-04 8.0000E-04
4.3442E-04 8.0000E-04
3.0488E-04 8.0000E-04
6.8578E-04 8.0000E-04
3.4471E-04 8.0000E-04
1.7872E-04 8.0000E-04
3.7360E-04 8.0000E-04
5.4092E-04 8.0000E-04
2.2555E-04 8.0000E-04
4.6612E-04 8.0000E-04
2.6121E-04 8.0000E-04
7.9434E-04 8.0000E-04
3.0853E-04 8.0000E-04
1.4812E-04 8.0000E-04
3.0591E-04 8.0000E-04
2.9917E-04 8.0000E-04
6.6615E-04 8.0000E-04
4.9847E-04 8.0000E-04
3.3494E-04 8.0000E-04
3.7726E-04 8.0000E-04
4.0872E-04 8.0000E-04
2.3511E-04 8.0000E-04
2.2019E-04 8.0000E-04
3.5412E-04 8.0000E-04
5.2883E-04 8.0000E-04
4.2082E-04 8.0000E-04
3.7399E-04 8.0000E-04
3.5800E-04 8.0000E-04
3.5752E-04 8.0000E-04
5.0739E-04 8.0000E-04
1.7105E-04 8.0000E-04
2.6330E-04 8.0000E-04
3.2407E-04 8.0000E-04
5.5375E-04 8.0000E-04
2.8144E-04 8.0000E-04
2.0269E-04 8.0000E-04
2.3915E-04 8.0000E-04
3.1574E-04 8.0000E-04
3.2348E-04 8.0000E-04
2.4914E-04 8.0000E-04
3.2365E-04 8.0000E-04
4.1284E-04 8.0000E-04
1.8235E-04 8.0000E-04
1.7352E-04 8.0000E-04
2.4624E-04 8.0000E-04
3.4003E-04 8.0000E-04
2.3964E-04 8.0000E-04
3.3980E-04 8.0000E-04
2.8289E-04 8.0000E-04
2.2743E-04 8.0000E-04
4.4495E-04 8.0000E-04
1.9933E-04 8.0000E-04
1.1240E-04 8.0000E-04
3.6387E-04 8.0000E-04
3.0441E-04 8.0000E-04
1.2786E-04 8.0000E-04
4.1573E-04 8.0000E-04
2.0156E-04 8.0000E-04
2.8957E-04 8.0000E-04
5.7594E-04 8.0000E-04
2.1584E-04 8.0000E-04
4.3044E-05 8.0000E-04
2.9981E-04 8.0000E-04
4.9468E-04 8.0000E-04
7.1887E-05 8.0000E-04
2.0108E-04 8.0000E-04
3.4454E-04 8.0000E-04
4.7709E-04 8.0000E-04
8.6292E-04 8.0000E-04
7.2922E-05 8.0000E-04
9.4480E-05 8.0000E-04
1.8699E-04 8.0000E-04
7.6396E-04 8.0000E-04
3.4730E-04 8.0000E-04
3.8007E-04 8.0000E-04
6.5103E-04 8.0000E-04
1.1666E-03 8.0000E-04
1.0137E-04 8.0000E-04
1.8591E-04 8.0000E-04
2.9383E-04 8.0000E-04
8.6151E-04 8.0000E-04
1.2041E-03 8.0000E-04
6.5403E-04 8.0000E-04
9.5115E-04 8.0000E-04
8.8106E-04 8.0000E-04
1.0758E-03 8.0000E-04
2.1432E-03 8.0000E-04
8.7753E-04 8.0000E-04
1.3954E-03 8.0000E-04
2.0566E-03 8.0000E-04
3.9318E-03 8.0000E-04
4.5617E-04 8.0000E-04
2.2612E-03 8.0000E-04
2.3282E-03 8.0000E-04
7.1392E-03 8.0000E-04
2.3415E-03 8.0000E-04
4.8081E-03 8.0000E-04
2.1665E-03 8.0000E-04
6.2498E-03 8.0000E-04
8.7219E-04 8.0000E-04
3.9827E-03 8.0000E-04
7.1392E-03 8.0000E-04
2.6849E-03 8.0000E-04
2.9015E-03 8.0000E-04
3.4018E-03 8.0000E-04
3.6165E-03 8.0000E-04
1.1335E-03 8.0000E-04
7.1392E-03 8.0000E-04
1.4067E-03 8.0000E-04
1.5975E-03 8.0000E-04
5.4875E-03 8.0000E-04
5.3693E-03 8.0000E-04
4.4222E-04 8.0000E-04
1.9058E-03 8.0000E-04
8.5235E-04 8.0000E-04
7.1312E-03 8.0000E-04
1.5292E-03 8.0000E-04
1.8907E-03 8.0000E-04
2.8958E-03 8.0000E-04
5.8898E-03 8.0000E-04
8.3330E-04 8.0000E-04
2.1180E-03 8.0000E-04
1.2453E-03 8.0000E-04
3.4831E-03 8.0000E-04
2.6254E-03 8.0000E-04
1.1879E-03 8.0000E-04
1.7207E-03 8.0000E-04
2.2899E-03 8.0000E-04
2.1097E-03 8.0000E-04
6.9712E-04 8.0000E-04
1.5035E-03 8.0000E-04
1.1943E-03 8.0000E-04
2.8176E-03 8.0000E-04
1.0797E-03 8.0000E-04
2.0585E-03 8.0000E-04
1.0342E-03 8.0000E-04
2.3194E-03 8.0000E-04
1.0332E-03 8.0000E-04
1.1329E-03 8.0000E-04
1.6583E-03 8.0000E-04
1.4792E-03 8.0000E-04
1.4792E-03 8.0000E-04
8.2002E-10 8.0000E-04
1.4278E-04 8.0000E-04
7.7532E-05 8.0000E-04
4.1293E-04 8.0000E-04
2.3678E-04 8.0000E-04
3.1352E-04 8.0000E-04
9.0930E-04 8.0000E-04
2.1476E-04 8.0000E-04
1.0223E-04 8.0000E-04
5.1246E-04 8.0000E-04
9.8114E-04 8.0000E-04
1.0477E-04 8.0000E-04
2.4657E-04 8.0000E-04
5.6573E-04 8.0000E-04
7.6790E-04 8.0000E-04
1.6119E-03 8.0000E-04
1.6276E-04 8.0000E-04
1.5889E-04 8.0000E-04
4.8178E-04 8.0000E-04
1.1314E-03 8.0000E-04
5.7647E-04 8.0000E-04
6.1743E-04 8.0000E-04
7.4554E-04 8.0000E-04
1.2994E-03 8.0000E-04
1.3243E-03 8.0000E-04
4.4663E-04 8.0000E-04
7.7273E-04 8.0000E-04
6.3471E-04 8.0000E-04
7.8155E-04 8.0000E-04
2.0282E-03 8.0000E-04
1.0770E-03 8.0000E-04
4.3346E-04 8.0000E-04
1.8765E-03 8.0000E-04
9.6335E-04 8.0000E-04
5.2794E-04 8.0000E-04
1.6752E-03 8.0000E-04
1.5436E-03 8.0000E-04
9.2083E-04 8.0000E-04
1.9223E-03 8.0000E-04
8.1270E-04 8.0000E-04
1.0527E-03 8.0000E-04
1.9708E-03 8.0000E-04
2.4462E-03 8.0000E-04
4.4012E-04 8.0000E-04
1.5572E-03 8.0000E-04
6.9748E-04 8.0000E-04
1.5508E-03 8.0000E-04
2.8044E-03 8.0000E-04
3.4645E-04 8.0000E-04
9.0671E-04 8.0000E-04
2.4483E-03 8.0000E-04
2.0184E-03 8.0000E-04
7.8689E-04 8.0000E-04
1.9936E-03 8.0000E-04
9.8447E-04 8.0000E-04
3.8280E-03 8.0000E-04
1.0983E-03 8.0000E-04
5.0209E-04 8.0000E-04
1.5316E-03 8.0000E-04
2.9904E-03 8.0000E-04
2.7414E-04 8.0000E-04
1.2295E-03 8.0000E-04
5.2667E-04 8.0000E-04
2.8792E-03 8.0000E-04
5.9712E-04 8.0000E-04
1.3651E-03 8.0000E-04
1.4071E-03 8.0000E-04
1.8299E-03 8.0000E-04
1.4286E-03 8.0000E-04
1.6675E-03 8.0000E-04
1.2668E-03 8.0000E-04
1.0626E-03 8.0000E-04
1.3017E-03 8.0000E-04
9.7105E-04 8.0000E-04
1.9380E-03 8.0000E-04
2.2321E-03 8.0000E-04
5.9094E-04 8.0000E-04
8.4521E-04 8.0000E-04
3.7098E-04 8.0000E-04
1.4160E-03 8.0000E-04
2.4965E-03 8.0000E-04
2.5435E-04 8.0000E-04
5.5367E-04 8.0000E-04
7.9667E-04 8.0000E-04
1.9896E-03 8.0000E-04
7.2079E-04 8.0000E-04
3.7592E-04 8.0000E-04
1.6705E-03 8.0000E-04
4.7499E-04 8.0000E-04
6.2749E-04 8.0000E-04
1.3984E-03 8.0000E-04
7.8737E-04 8.0000E-04
4.2836E-04 8.0000E-04
1.0894E-03 8.0000E-04
3.6879E-04 8.0000E-04
2.2707E-04 8.0000E-04
1.2238E-03 8.0000E-04
5.7554E-04 8.0000E-04
1.2157E-04 8.0000E-04
8.4846E-04 8.0000E-04
4.0356E-04 8.0000E-04
1.4765E-03 8.0000E-04
7.9217E-04 8.0000E-04
2.2240E-04 8.0000E-04
4.0617E-04 8.0000E-04
3.8263E-04 8.0000E-04
1.3959E-03 8.0000E-04
3.7647E-04 8.0000E-04
3.0061E-04 8.0000E-04
7.0840E-04 8.0000E-04
1.0593E-03 8.0000E-04
3.2882E-04 8.0000E-04
3.7734E-04 8.0000E-04
3.7961E-04 8.0000E-04
1.0388E-03 8.0000E-04
1.1344E-03 8.0000E-04
1.5652E-04 8.0000E-04
5.2706E-04 8.0000E-04
3.6451E-04 8.0000E-04
1.2016E-03 8.0000E-04
1.0096E-03 8.0000E-04
3.1415E-04 8.0000E-04
4.2730E-04 8.0000E-04
5.2900E-04 8.0000E-04
1.0876E-03 8.0000E-04
7.6915E-04 8.0000E-04
6.2681E-04 8.0000E-04
6.5393E-04 8.0000E-04
9.9460E-04 8.0000E-04
3.4072E-04 8.0000E-04
3.6170E-04 8.0000E-04
5.8265E-04 8.0000E-04
1.4278E-03 8.0000E-04
4.7028E-04 8.0000E-04
3.7356E-04 8.0000E-04
5.8244E-04 8.0000E-04
1.1985E-03 8.0000E-04
7.2387E-04 8.0000E-04
3.1878E-04 8.0000E-04
6.2537E-04 8.0000E-04
9.5268E-04 8.0000E-04
8.5299E-04 8.0000E-04
7.8934E-04 8.0000E-04
7.6980E-04 8.0000E-04
9.7971E-04 8.0000E-04
1.1075E-03 8.0000E-04
7.7957E-04 8.0000E-04
1.0923E-03 8.0000E-04
7.6252E-04 8.0000E-04
1.2926E-03 8.0000E-04
1.2132E-03 8.0000E-04
1.1117E-03 8.0000E-04
1.1725E-03 8.0000E-04
1.3994E-03 8.0000E-04
4.4130E-04 8.0000E-04
1.6409E-03 8.0000E-04
1.3530E-03 8.0000E-04
2.3560E-03 8.0000E-04
2.0246E-03 8.0000E-04
2.4100E-03 8.0000E-04
7.0699E-04 8.0000E-04
3.4289E-03 8.0000E-04
6.1674E-04 8.0000E-04
2.9585E-03 8.0000E-04
3.7364E-03 8.0000E-04
4.9619E-03 8.0000E-04
9.8068E-04 8.0000E-04
5.5313E-03 8.0000E-04
5.6034E-04 8.0000E-04
2.7009E-03 8.0000E-04
3.1606E-03 8.0000E-04
5.7069E-03 8.0000E-04
2.6777E-03 8.0000E-04
2.8515E-03 8.0000E-04
8.4346E-04 8.0000E-04
1.3010E-03 8.0000E-04
1.4512E-03 8.0000E-04
2.5964E-03 8.0000E-04
5.2518E-04 8.0000E-04
8.7328E-04 8.0000E-04
1.3747E-03 8.0000E-04
2.2102E-03 8.0000E-04
4.3823E-03 8.0000E-04
3.3830E-03 8.0000E-04
8.6602E-04 8.0000E-04
9.1670E-04 8.0000E-04
1.8715E-03 8.0000E-04
1.0977E-03 8.0000E-04
1.6867E-03 8.0000E-04
1.1792E-03 8.0000E-04
2.4320E-03 8.0000E-04
2.4618E-03 8.0000E-04
6.1148E-04 8.0000E-04
2.2194E-03 8.0000E-04
9.8723E-04 8.0000E-04
8.8957E-04 8.0000E-04
2.0539E-03 8.0000E-04
1.6390E-03 8.0000E-04
9.5733E-04 8.0000E-04
2.3216E-03 8.0000E-04
1.1844E-03 8.0000E-04
2.3686E-03 8.0000E-04
1.4761E-03 8.0000E-04
1.7012E-03 8.0000E-04
9.2281E-04 8.0000E-04
1.5742E-03 8.0000E-04
2.2336E-03 8.0000E-04
4.1467E-04 8.0000E-04
1.2797E-03 8.0000E-04
9.0569E-04 8.0000E-04
2.7868E-03 8.0000E-04
6.5215E-04 8.0000E-04
9.3480E-04 8.0000E-04
1.4503E-03 8.0000E-04
1.4054E-03 8.0000E-04
9.5549E-04 8.0000E-04
1.5070E-03 8.0000E-04
8.9596E-04 8.0000E-04
1.1326E-03 8.0000E-04
8.0009E-04 8.0000E-04
9.5656E-04 8.0000E-04
1.4216E-03 8.0000E-04
1.6664E-03 8.0000E-04
5.7749E-04 8.0000E-04
9.0169E-04 8.0000E-04
1.1601E-03 8.0000E-04
5.8473E-04 8.0000E-04
1.2284E-03 8.0000E-04
7.6471E-04 8.0000E-04
1.5436E-03 8.0000E-04
1.1848E-03 8.0000E-04
1.2733E-03 8.0000E-04
3.2849E-04 8.0000E-04
1.0148E-03 8.0000E-04
1.7281E-03 8.0000E-04
1.3146E-03 8.0000E-04
1.3247E-03 8.0000E-04
1.4852E-03 8.0000E-04
2.0896E-03 8.0000E-04
1.3724E-03 8.0000E-04
2.5832E-03 8.0000E-04
1.9546E-03 8.0000E-04
2.9081E-03 8.0000E-04
3.3901E-03 8.0000E-04
4.7927E-03 8.0000E-04
2.1226E-03 8.0000E-04
1.6433E-03 8.0000E-04
5.6226E-03 8.0000E-04
3.6200E-03 8.0000E-04
1.4601E-03 8.0000E-04
3.8775E-03 8.0000E-04
1.2282E-03 8.0000E-04
1.1189E-03 8.0000E-04
2.6888E-03 8.0000E-04
1.9494E-03 8.0000E-04
9.3967E-04 8.0000E-04
1.3403E-03 8.0000E-04
1.1104E-03 8.0000E-04
2.5312E-03 8.0000E-04
7.1624E-04 8.0000E-04
1.2725E-03 8.0000E-04
1.1736E-03 8.0000E-04
1.1187E-03 8.0000E-04
2.2809E-03 8.0000E-04
9.9175E-04 8.0000E-04
1.4590E-03 8.0000E-04
1.7576E-03 8.0000E-04
1.0572E-03 8.0000E-04
7.0426E-04 8.0000E-04
1.4341E-03 8.0000E-04
1.3135E-03 8.0000E-04
7.7885E-04 8.0000E-04
2.1882E-03 8.0000E-04
1.3409E-03 8.0000E-04
9.3867E-04 8.0000E-04
1.8486E-03 8.0000E-04
8.3027E-04 8.0000E-04
8.1911E-04 8.0000E-04
1.6628E-03 8.0000E-04
2.2641E-03 8.0000E-04
7.8851E-04 8.0000E-04
8.4240E-04 8.0000E-04
1.7335E-03 8.0000E-04
3.2852E-03 8.0000E-04
9.8831E-04 8.0000E-04
6.4244E-04 8.0000E-04
1.1853E-03 8.0000E-04
2.3288E-03 8.0000E-04
5.6348E-04 8.0000E-04
1.2132E-03 8.0000E-04
1.1906E-03 8.0000E-04
3.1770E-03 8.0000E-04
1.7222E-03 8.0000E-04
6.1547E-04 8.0000E-04
1.4932E-03 8.0000E-04
1.3335E-03 8.0000E-04
7.8443E-04 8.0000E-04
4.0838E-03 8.0000E-04
1.5450E-03 8.0000E-04
7.4589E-04 8.0000E-04
2.1532E-03 8.0000E-04
1.5693E-03 8.0000E-04
2.8043E-03 8.0000E-04
5.8569E-04 8.0000E-04
5.8302E-04 8.0000E-04
1.1891E-03 8.0000E-04
2.3443E-03 8.0000E-04
2.0088E-03 8.0000E-04
1.7018E-03 8.0000E-04
1.3524E-03 8.0000E-04
2.3391E-03 8.0000E-04
5.7769E-04 8.0000E-04
1.3713E-03 8.0000E-04
9.5563E-04 8.0000E-04
2.7136E-03 8.0000E-04
1.8500E-03 8.0000E-04
4.0720E-04 8.0000E-04
1.0635E-03 8.0000E-04
7.0853E-04 8.0000E-04
1.7491E-03 8.0000E-04
1.4734E-03 8.0000E-04
6.8325E-04 8.0000E-04
2.5183E-03 8.0000E-04
7.5696E-04 8.0000E-04
7.6968E-04 8.0000E-04
1.0023E-03 8.0000E-04
1.3719E-03 8.0000E-04
1.1743E-03 8.0000E-04
9.7231E-04 8.0000E-04
1.3937E-03 8.0000E-04
4.8208E-04 8.0000E-04
1.5678E-03 8.0000E-04
6.9809E-04 8.0000E-04
1.4374E-03 8.0000E-04
6.6969E-04 8.0000E-04
1.1758E-03 8.0000E-04
9.9522E-04 8.0000E-04
1.1056E-03 8.0000E-04
1.1056E-03 8.0000E-04
9.4893E-10 8.0000E-04
1.4278E-04 8.0000E-04
4.7211E-05 8.0000E-04
7.5667E-05 8.0000E-04
1.5012E-04 8.0000E-04
2.2792E-04 8.0000E-04
5.9829E-04 8.0000E-04
9.8728E-05 8.0000E-04
6.3552E-05 8.0000E-04
2.2381E-04 8.0000E-04
3.9592E-04 8.0000E-04
7.1205E-04 8.0000E-04
1.5224E-04 8.0000E-04
1.8437E-04 8.0000E-04
2.7974E-04 8.0000E-04
7.3316E-04 8.0000E-04
2.5062E-04 8.0000E-04
2.0179E-04 8.0000E-04
3.4987E-04 8.0000E-04
6.1530E-04 8.0000E-04
5.6904E-04 8.0000E-04
2.3145E-04 8.0000E-04
2.6349E-04 8.0000E-04
2.8347E-04 8.0000E-04
6.6755E-04 8.0000E-04
7.6541E-04 8.0000E-04
7.7245E-05 8.0000E-04
1.8062E-04 8.0000E-04
3.8651E-04 8.0000E-04
8.8979E-04 8.0000E-04
6.9733E-04 8.0000E-04
4.8677E-04 8.0000E-04
5.8664E-04 8.0000E-04
6.2997E-04 8.0000E-04
3.9103E-04 8.0000E-04
5.4722E-04 8.0000E-04
3.9493E-04 8.0000E-04
5.1299E-04 8.0000E-04
7.7648E-04 8.0000E-04
3.9196E-04 8.0000E-04
1.7896E-04 8.0000E-04
4.7280E-04 8.0000E-04
5.8198E-04 8.0000E-04
1.9129E-04 8.0000E-04
3.7170E-04 8.0000E-04
3.6938E-04 8.0000E-04
7.7656E-04 8.0000E-04
4.3082E-04 8.0000E-04
2.4780E-04 8.0000E-04
4.7440E-04 8.0000E-04
6.2371E-04 8.0000E-04
2.1389E-04 8.0000E-04
5.1805E-04 8.0000E-04
3.2847E-04 8.0000E-04
9.3597E-04 8.0000E-04
2.8204E-04 8.0000E-04
5.0706E-05 8.0000E-04
2.1843E-04 8.0000E-04
5.3866E-04 8.0000E-04
3.1841E-04 8.0000E-04
6.4133E-04 8.0000E-04
4.3045E-04 8.0000E-04
1.0889E-03 8.0000E-04
1.9390E-04 8.0000E-04
3.0196E-04 8.0000E-04
2.9418E-04 8.0000E-04
2.3199E-04 8.0000E-04
5.6310E-04 8.0000E-04
5.0382E-04 8.0000E-04
5.6789E-04 8.0000E-04
9.1075E-04 8.0000E-04
7.4309E-04 8.0000E-04
2.3160E-04 8.0000E-04
4.7611E-04 8.0000E-04
2.8307E-04 8.0000E-04
1.2885E-04 8.0000E-04
3.9921E-04 8.0000E-04
2.1961E-04 8.0000E-04
1.0230E-03 8.0000E-04
1.1509E-03 8.0000E-04
1.6236E-04 8.0000E-04
3.7833E-04 8.0000E-04
2.1968E-04 8.0000E-04
5.3882E-04 8.0000E-04
3.1134E-04 8.0000E-04
3.2645E-04 8.0000E-04
3.2871E-04 8.0000E-04
4.0647E-04 8.0000E-04
6.0574E-04 8.0000E-04
8.2978E-04 8.0000E-04
6.7353E-04 8.0000E-04
3.2362E-04 8.0000E-04
4.7920E-04 8.0000E-04
3.3310E-04 8.0000E-04
2.3499E-04 8.0000E-04
1.7764E-04 8.0000E-04
2.8620E-04 8.0000E-04
3.2975E-04 8.0000E-04
3.7481E-04 8.0000E-04
4.1890E-04 8.0000E-04
2.5969E-04 8.0000E-04
4.6097E-04 8.0000E-04
6.3560E-04 8.0000E-04
3.3867E-04 8.0000E-04
2.1704E-04 8.0000E-04
2.2228E-04 8.0000E-04
5.6696E-04 8.0000E-04
1.3139E-04 8.0000E-04
4.7562E-04 8.0000E-04
2.4975E-04 8.0000E-04
1.4751E-04 8.0000E-04
2.2084E-04 8.0000E-04
2.9973E-04 8.0000E-04
1.6719E-04 8.0000E-04
3.2566E-04 8.0000E-04
2.9090E-04 8.0000E-04
1.9038E-04 8.0000E-04
4.3964E-04 8.0000E-04
2.6683E-04 8.0000E-04
1.2208E-04 8.0000E-04
5.0923E-04 8.0000E-04
2.4204E-04 8.0000E-04
8.6516E-05 8.0000E-04
3.3618E-04 8.0000E-04
1.6718E-04 8.0000E-04
1.3608E-04 8.0000E-04
3.3029E-04 8.0000E-04
1.4648E-04 8.0000E-04
3.3187E-05 8.0000E-04
3.1096E-04 8.0000E-04
1.8876E-04 8.0000E-04
1.3696E-04 8.0000E-04
3.0801E-04 8.0000E-04
1.3999E-04 8.0000E-04
1.6505E-04 8.0000E-04
3.4478E-04 8.0000E-04
4.8603E-05 8.0000E-04
