Max Step   Target
1.2129E-02 1.2000E-03
1.1309E-01 1.2000E-03
2.9372E-02 1.2000E-03
4.9158E-02 1.2000E-03
5.5718E-02 1.2000E-03
3.2904E-02 1.2000E-03
1.3446E-02 1.2000E-03
2.1315E-02 1.2000E-03
3.8031E-02 1.2000E-03
1.0289E-02 1.2000E-03
8.1248E-03 1.2000E-03
2.2353E-02 1.2000E-03
3.9011E-02 1.2000E-03
6.8494E-02 1.2000E-03
6.0177E-03 1.2000E-03
4.3334E-03 1.2000E-03
1.0967E-02 1.2000E-03
2.4986E-02 1.2000E-03
1.4755E-02 1.2000E-03
8.0311E-03 1.2000E-03
1.2270E-02 1.2000E-03
1.8428E-02 1.2000E-03
3.2436E-02 1.2000E-03
3.9167E-03 1.2000E-03
3.3019E-03 1.2000E-03
7.8095E-03 1.2000E-03
1.1534E-02 1.2000E-03
1.2993E-02 1.2000E-03
6.4780E-03 1.2000E-03
5.2651E-03 1.2000E-03
5.9482E-03 1.2000E-03
4.9516E-03 1.2000E-03
9.2486E-03 1.2000E-03
5.9177E-03 1.2000E-03
4.0237E-03 1.2000E-03
9.9957E-03 1.2000E-03
4.0277E-03 1.2000E-03
1.2563E-03 1.2000E-03
7.4121E-03 1.2000E-03
9.4849E-03 1.2000E-03
1.0402E-03 1.2000E-03
2.3367E-03 1.2000E-03
3.5792E-03 1.2000E-03
8.1757E-03 1.2000E-03
1.2494E-02 1.2000E-03
2.7888E-03 1.2000E-03
2.4663E-03 1.2000E-03
2.8869E-03 1.2000E-03
5.8593E-03 1.2000E-03
3.1358E-03 1.2000E-03
2.6749E-03 1.2000E-03
2.8340E-03 1.2000E-03
3.5127E-03 1.2000E-03
3.3965E-03 1.2000E-03
4.2199E-03 1.2000E-03
2.9556E-03 1.2000E-03
2.5161E-03 1.2000E-03
5.5353E-03 1.2000E-03
4.1859E-03 1.2000E-03
9.8945E-04 1.2000E-03
2.8593E-03 1.2000E-03
2.5303E-03 1.2000E-03
2.9255E-03 1.2000E-03
4.6905E-03 1.2000E-03
1.4680E-03 1.2000E-03
7.5860E-04 1.2000E-03
1.8165E-03 1.2000E-03
2.8354E-03 1.2000E-03
2.7596E-03 1.2000E-03
3.7361E-03 1.2000E-03
2.1378E-03 1.2000E-03
1.0445E-03 1.2000E-03
1.2715E-03 1.2000E-03
1.4123E-03 1.2000E-03
1.8875E-03 1.2000E-03
2.2423E-03 1.2000E-03
3.2729E-03 1.2000E-03
2.2012E-03 1.2000E-03
9.4166E-04 1.2000E-03
1.7338E-03 1.2000E-03
2.4004E-03 1.2000E-03
1.1382E-03 1.2000E-03
2.2229E-03 1.2000E-03
1.4538E-03 1.2000E-03
3.2752E-03 1.2000E-03
1.7984E-03 1.2000E-03
5.1704E-04 1.2000E-03
