RMS Grad   Target
3.1121E-03 2.0000E-04
2.7795E-03 2.0000E-04
7.1577E-04 2.0000E-04
4.9500E-04 2.0000E-04
4.3263E-04 2.0000E-04
5.0620E-04 2.0000E-04
2.4591E-04 2.0000E-04
1.8131E-04 2.0000E-04
1.7699E-04 2.0000E-04
3.3511E-04 2.0000E-04
1.2085E-04 2.0000E-04
1.0716E-04 2.0000E-04
1.3484E-04 2.0000E-04
1.6761E-04 2.0000E-04
2.5155E-04 2.0000E-04
8.7898E-05 2.0000E-04
8.7628E-05 2.0000E-04
1.0843E-04 2.0000E-04
2.3391E-04 2.0000E-04
9.1351E-05 2.0000E-04
6.8874E-05 2.0000E-04
8.2752E-05 2.0000E-04
1.0455E-04 2.0000E-04
1.4069E-04 2.0000E-04
5.6320E-05 2.0000E-04
5.8361E-05 2.0000E-04
6.5438E-05 2.0000E-04
1.0271E-04 2.0000E-04
4.5647E-05 2.0000E-04
3.6149E-05 2.0000E-04
5.0941E-05 2.0000E-04
6.6221E-05 2.0000E-04
5.2531E-05 2.0000E-04
6.0953E-05 2.0000E-04
6.6452E-05 2.0000E-04
5.1675E-05 2.0000E-04
6.7943E-05 2.0000E-04
4.2982E-05 2.0000E-04
3.7173E-05 2.0000E-04
5.0402E-05 2.0000E-04
8.4541E-05 2.0000E-04
3.4558E-05 2.0000E-04
2.5787E-05 2.0000E-04
3.0390E-05 2.0000E-04
4.9139E-05 2.0000E-04
5.5815E-05 2.0000E-04
3.0698E-05 2.0000E-04
2.7854E-05 2.0000E-04
3.5755E-05 2.0000E-04
3.4175E-05 2.0000E-04
3.1769E-05 2.0000E-04
2.4069E-05 2.0000E-04
2.6724E-05 2.0000E-04
2.9083E-05 2.0000E-04
2.6953E-05 2.0000E-04
2.8816E-05 2.0000E-04
2.7804E-05 2.0000E-04
2.5329E-05 2.0000E-04
3.9960E-05 2.0000E-04
3.2911E-05 2.0000E-04
2.2085E-05 2.0000E-04
2.3328E-05 2.0000E-04
2.8493E-05 2.0000E-04
2.2640E-05 2.0000E-04
3.6769E-05 2.0000E-04
2.0442E-05 2.0000E-04
1.5519E-05 2.0000E-04
1.6090E-05 2.0000E-04
2.9277E-05 2.0000E-04
2.0954E-05 2.0000E-04
1.4949E-05 2.0000E-04
2.2869E-05 2.0000E-04
1.7917E-05 2.0000E-04
1.6358E-05 2.0000E-04
2.2177E-05 2.0000E-04
1.7822E-05 2.0000E-04
1.5591E-05 2.0000E-04
2.3283E-05 2.0000E-04
1.5718E-05 2.0000E-04
1.4294E-05 2.0000E-04
1.8805E-05 2.0000E-04
2.7026E-05 2.0000E-04
1.4758E-05 2.0000E-04
1.3259E-05 2.0000E-04
1.4787E-05 2.0000E-04
2.1288E-05 2.0000E-04
1.4993E-05 2.0000E-04
1.3473E-05 2.0000E-04
