Max Step   Target
1.2466E-02 1.2000E-03
1.1194E-01 1.2000E-03
3.0980E-02 1.2000E-03
5.2267E-02 1.2000E-03
4.8502E-02 1.2000E-03
2.3655E-02 1.2000E-03
1.0539E-02 1.2000E-03
2.6467E-02 1.2000E-03
4.3394E-02 1.2000E-03
3.2994E-02 1.2000E-03
1.9090E-02 1.2000E-03
3.8454E-02 1.2000E-03
5.7457E-02 1.2000E-03
1.2220E-02 1.2000E-03
1.6348E-02 1.2000E-03
1.8798E-02 1.2000E-03
3.8150E-02 1.2000E-03
3.4617E-02 1.2000E-03
1.6209E-02 1.2000E-03
1.1381E-02 1.2000E-03
1.8004E-02 1.2000E-03
3.1423E-02 1.2000E-03
3.3347E-02 1.2000E-03
7.5913E-03 1.2000E-03
4.0894E-03 1.2000E-03
1.1534E-02 1.2000E-03
2.6188E-02 1.2000E-03
1.0369E-02 1.2000E-03
4.1511E-03 1.2000E-03
6.6331E-03 1.2000E-03
8.4093E-03 1.2000E-03
8.6964E-03 1.2000E-03
8.8083E-03 1.2000E-03
8.1511E-03 1.2000E-03
8.0552E-03 1.2000E-03
5.6196E-03 1.2000E-03
4.9310E-03 1.2000E-03
3.1667E-03 1.2000E-03
5.9566E-03 1.2000E-03
1.2357E-02 1.2000E-03
1.0034E-02 1.2000E-03
1.9175E-03 1.2000E-03
1.0706E-03 1.2000E-03
3.4809E-03 1.2000E-03
9.1792E-03 1.2000E-03
1.6500E-02 1.2000E-03
1.9580E-03 1.2000E-03
3.5638E-03 1.2000E-03
4.8505E-03 1.2000E-03
1.0241E-02 1.2000E-03
1.4561E-02 1.2000E-03
2.3099E-03 1.2000E-03
1.2623E-03 1.2000E-03
4.0040E-03 1.2000E-03
9.2549E-03 1.2000E-03
1.3035E-02 1.2000E-03
2.8772E-03 1.2000E-03
6.2981E-03 1.2000E-03
5.6167E-03 1.2000E-03
8.8349E-03 1.2000E-03
9.4789E-03 1.2000E-03
3.4537E-03 1.2000E-03
1.2842E-03 1.2000E-03
4.5884E-03 1.2000E-03
8.8143E-03 1.2000E-03
1.5955E-03 1.2000E-03
2.2584E-03 1.2000E-03
2.9933E-03 1.2000E-03
5.1895E-03 1.2000E-03
5.1598E-03 1.2000E-03
2.8461E-03 1.2000E-03
4.8181E-03 1.2000E-03
3.7705E-03 1.2000E-03
8.7335E-04 1.2000E-03
4.0237E-03 1.2000E-03
3.3003E-03 1.2000E-03
1.0585E-02 1.2000E-03
3.7532E-03 1.2000E-03
1.4771E-03 1.2000E-03
5.3511E-03 1.2000E-03
6.7061E-03 1.2000E-03
3.0481E-03 1.2000E-03
4.6771E-03 1.2000E-03
4.0644E-03 1.2000E-03
1.1731E-02 1.2000E-03
8.0872E-03 1.2000E-03
2.1015E-03 1.2000E-03
1.2807E-03 1.2000E-03
2.9034E-03 1.2000E-03
8.7316E-03 1.2000E-03
5.6809E-03 1.2000E-03
4.8685E-03 1.2000E-03
5.5570E-03 1.2000E-03
8.5845E-03 1.2000E-03
2.2629E-03 1.2000E-03
8.9473E-04 1.2000E-03
2.3886E-03 1.2000E-03
4.3618E-03 1.2000E-03
6.1079E-03 1.2000E-03
4.6530E-03 1.2000E-03
5.5744E-03 1.2000E-03
5.6103E-03 1.2000E-03
5.6014E-04 1.2000E-03
1.6185E-03 1.2000E-03
3.2001E-03 1.2000E-03
8.4445E-03 1.2000E-03
9.3273E-03 1.2000E-03
1.1751E-03 1.2000E-03
2.0805E-03 1.2000E-03
3.3069E-03 1.2000E-03
6.5203E-03 1.2000E-03
5.3826E-03 1.2000E-03
2.4726E-03 1.2000E-03
4.0981E-03 1.2000E-03
4.1685E-03 1.2000E-03
3.0672E-03 1.2000E-03
5.1648E-03 1.2000E-03
2.6289E-03 1.2000E-03
2.3848E-03 1.2000E-03
7.9449E-03 1.2000E-03
3.4699E-03 1.2000E-03
3.5670E-04 1.2000E-03
3.9858E-03 1.2000E-03
4.5522E-03 1.2000E-03
1.4672E-03 1.2000E-03
4.2677E-03 1.2000E-03
3.6318E-03 1.2000E-03
6.9354E-03 1.2000E-03
5.6454E-03 1.2000E-03
1.0696E-03 1.2000E-03
5.5789E-04 1.2000E-03
