RMS Step   Target
2.8531E-04 8.0000E-04
2.7170E-03 8.0000E-04
8.1691E-04 8.0000E-04
1.4092E-03 8.0000E-04
1.5175E-03 8.0000E-04
1.0088E-03 8.0000E-04
3.6684E-04 8.0000E-04
7.8081E-04 8.0000E-04
1.1384E-03 8.0000E-04
8.4665E-04 8.0000E-04
4.8459E-04 8.0000E-04
9.4512E-04 8.0000E-04
1.3976E-03 8.0000E-04
3.6247E-04 8.0000E-04
5.1704E-04 8.0000E-04
6.1153E-04 8.0000E-04
1.4259E-03 8.0000E-04
1.5461E-03 8.0000E-04
7.6843E-04 8.0000E-04
4.9113E-04 8.0000E-04
7.6882E-04 8.0000E-04
1.3339E-03 8.0000E-04
1.4026E-03 8.0000E-04
3.8597E-04 8.0000E-04
2.2937E-04 8.0000E-04
5.3886E-04 8.0000E-04
1.1876E-03 8.0000E-04
4.8004E-04 8.0000E-04
2.2753E-04 8.0000E-04
4.0310E-04 8.0000E-04
6.3715E-04 8.0000E-04
6.1455E-04 8.0000E-04
6.5457E-04 8.0000E-04
6.6457E-04 8.0000E-04
6.1908E-04 8.0000E-04
3.6914E-04 8.0000E-04
4.1345E-04 8.0000E-04
2.2170E-04 8.0000E-04
4.1076E-04 8.0000E-04
8.3760E-04 8.0000E-04
6.6919E-04 8.0000E-04
1.3198E-04 8.0000E-04
7.6725E-05 8.0000E-04
2.2963E-04 8.0000E-04
5.8318E-04 8.0000E-04
1.0674E-03 8.0000E-04
1.4722E-04 8.0000E-04
2.5787E-04 8.0000E-04
3.4472E-04 8.0000E-04
7.7417E-04 8.0000E-04
1.0766E-03 8.0000E-04
1.6744E-04 8.0000E-04
9.9948E-05 8.0000E-04
2.5953E-04 8.0000E-04
5.9960E-04 8.0000E-04
8.4489E-04 8.0000E-04
2.1466E-04 8.0000E-04
4.4623E-04 8.0000E-04
3.6787E-04 8.0000E-04
5.8921E-04 8.0000E-04
6.4211E-04 8.0000E-04
2.4476E-04 8.0000E-04
1.2516E-04 8.0000E-04
3.9940E-04 8.0000E-04
7.2430E-04 8.0000E-04
1.4222E-04 8.0000E-04
1.9304E-04 8.0000E-04
2.7845E-04 8.0000E-04
4.9703E-04 8.0000E-04
4.8443E-04 8.0000E-04
2.4183E-04 8.0000E-04
4.2450E-04 8.0000E-04
3.5727E-04 8.0000E-04
7.3559E-05 8.0000E-04
3.4710E-04 8.0000E-04
2.7842E-04 8.0000E-04
8.6685E-04 8.0000E-04
2.8392E-04 8.0000E-04
1.2310E-04 8.0000E-04
4.2958E-04 8.0000E-04
5.0345E-04 8.0000E-04
2.3582E-04 8.0000E-04
3.6345E-04 8.0000E-04
3.1961E-04 8.0000E-04
8.9994E-04 8.0000E-04
6.3434E-04 8.0000E-04
1.8821E-04 8.0000E-04
1.0214E-04 8.0000E-04
2.2890E-04 8.0000E-04
6.6437E-04 8.0000E-04
4.2396E-04 8.0000E-04
3.6593E-04 8.0000E-04
4.1137E-04 8.0000E-04
6.3757E-04 8.0000E-04
1.8733E-04 8.0000E-04
1.2211E-04 8.0000E-04
1.8738E-04 8.0000E-04
3.2696E-04 8.0000E-04
4.4405E-04 8.0000E-04
3.3107E-04 8.0000E-04
3.9948E-04 8.0000E-04
4.0738E-04 8.0000E-04
7.0948E-05 8.0000E-04
1.5776E-04 8.0000E-04
2.2700E-04 8.0000E-04
5.7430E-04 8.0000E-04
6.2533E-04 8.0000E-04
8.4732E-05 8.0000E-04
1.4629E-04 8.0000E-04
2.2132E-04 8.0000E-04
4.4639E-04 8.0000E-04
3.7088E-04 8.0000E-04
1.7132E-04 8.0000E-04
2.7628E-04 8.0000E-04
2.8293E-04 8.0000E-04
2.0228E-04 8.0000E-04
3.5441E-04 8.0000E-04
1.9216E-04 8.0000E-04
1.8525E-04 8.0000E-04
5.8591E-04 8.0000E-04
2.4857E-04 8.0000E-04
4.4011E-05 8.0000E-04
2.8732E-04 8.0000E-04
3.3144E-04 8.0000E-04
9.8970E-05 8.0000E-04
2.9850E-04 8.0000E-04
2.6136E-04 8.0000E-04
5.1525E-04 8.0000E-04
4.4544E-04 8.0000E-04
1.0287E-04 8.0000E-04
4.6871E-05 8.0000E-04
