RMS Grad   Target
3.2391E-03 2.0000E-04
2.8887E-03 2.0000E-04
7.0926E-04 2.0000E-04
4.8163E-04 2.0000E-04
4.0724E-04 2.0000E-04
4.6137E-04 2.0000E-04
2.4511E-04 2.0000E-04
1.7775E-04 2.0000E-04
1.8025E-04 2.0000E-04
2.8215E-04 2.0000E-04
1.4326E-04 2.0000E-04
1.2569E-04 2.0000E-04
1.6110E-04 2.0000E-04
2.8926E-04 2.0000E-04
1.3162E-04 2.0000E-04
1.0526E-04 2.0000E-04
1.2797E-04 2.0000E-04
1.4781E-04 2.0000E-04
3.0726E-04 2.0000E-04
1.1612E-04 2.0000E-04
9.2226E-05 2.0000E-04
1.1086E-04 2.0000E-04
1.1824E-04 2.0000E-04
2.3190E-04 2.0000E-04
7.2928E-05 2.0000E-04
6.6208E-05 2.0000E-04
8.0581E-05 2.0000E-04
1.8232E-04 2.0000E-04
6.8102E-05 2.0000E-04
4.9302E-05 2.0000E-04
5.6650E-05 2.0000E-04
1.0517E-04 2.0000E-04
6.9994E-05 2.0000E-04
5.4746E-05 2.0000E-04
7.8378E-05 2.0000E-04
6.7389E-05 2.0000E-04
4.8626E-05 2.0000E-04
4.8746E-05 2.0000E-04
4.5567E-05 2.0000E-04
5.2201E-05 2.0000E-04
7.2630E-05 2.0000E-04
7.7027E-05 2.0000E-04
3.1316E-05 2.0000E-04
2.8964E-05 2.0000E-04
4.1466E-05 2.0000E-04
5.9129E-05 2.0000E-04
9.2672E-05 2.0000E-04
3.8878E-05 2.0000E-04
3.5348E-05 2.0000E-04
4.2842E-05 2.0000E-04
5.6772E-05 2.0000E-04
9.1365E-05 2.0000E-04
3.2651E-05 2.0000E-04
2.8897E-05 2.0000E-04
3.6740E-05 2.0000E-04
5.5388E-05 2.0000E-04
4.3785E-05 2.0000E-04
2.7528E-05 2.0000E-04
3.5909E-05 2.0000E-04
4.6477E-05 2.0000E-04
3.4638E-05 2.0000E-04
5.8247E-05 2.0000E-04
2.9584E-05 2.0000E-04
2.8382E-05 2.0000E-04
3.5521E-05 2.0000E-04
7.1959E-05 2.0000E-04
2.9402E-05 2.0000E-04
2.3084E-05 2.0000E-04
2.6551E-05 2.0000E-04
4.5404E-05 2.0000E-04
2.8323E-05 2.0000E-04
2.4024E-05 2.0000E-04
3.6674E-05 2.0000E-04
3.2745E-05 2.0000E-04
2.3065E-05 2.0000E-04
2.9925E-05 2.0000E-04
2.9684E-05 2.0000E-04
3.7948E-05 2.0000E-04
3.4079E-05 2.0000E-04
2.6095E-05 2.0000E-04
2.5379E-05 2.0000E-04
4.1255E-05 2.0000E-04
2.7711E-05 2.0000E-04
2.5648E-05 2.0000E-04
2.5828E-05 2.0000E-04
3.4119E-05 2.0000E-04
4.1759E-05 2.0000E-04
2.0821E-05 2.0000E-04
1.8291E-05 2.0000E-04
2.2993E-05 2.0000E-04
4.5403E-05 2.0000E-04
2.2087E-05 2.0000E-04
1.9798E-05 2.0000E-04
2.4481E-05 2.0000E-04
4.5793E-05 2.0000E-04
2.1949E-05 2.0000E-04
1.7613E-05 2.0000E-04
2.0816E-05 2.0000E-04
2.3325E-05 2.0000E-04
2.2681E-05 2.0000E-04
1.8191E-05 2.0000E-04
2.1361E-05 2.0000E-04
3.1500E-05 2.0000E-04
1.7272E-05 2.0000E-04
1.7046E-05 2.0000E-04
2.2469E-05 2.0000E-04
2.4349E-05 2.0000E-04
2.7798E-05 2.0000E-04
1.6908E-05 2.0000E-04
1.8101E-05 2.0000E-04
2.3575E-05 2.0000E-04
1.9622E-05 2.0000E-04
2.1606E-05 2.0000E-04
1.6674E-05 2.0000E-04
1.7648E-05 2.0000E-04
2.5455E-05 2.0000E-04
1.7020E-05 2.0000E-04
1.7429E-05 2.0000E-04
1.9212E-05 2.0000E-04
1.8356E-05 2.0000E-04
3.6203E-05 2.0000E-04
1.6762E-05 2.0000E-04
1.3690E-05 2.0000E-04
1.6930E-05 2.0000E-04
2.7109E-05 2.0000E-04
1.5604E-05 2.0000E-04
1.3627E-05 2.0000E-04
1.6764E-05 2.0000E-04
2.0436E-05 2.0000E-04
3.8624E-05 2.0000E-04
1.4050E-05 2.0000E-04
1.1248E-05 2.0000E-04
