Max Step   Target
1.1834E-02 1.2000E-03
1.0786E-01 1.2000E-03
2.7409E-02 1.2000E-03
4.9482E-02 1.2000E-03
4.8688E-02 1.2000E-03
2.3944E-02 1.2000E-03
1.2928E-02 1.2000E-03
1.5904E-02 1.2000E-03
3.2687E-02 1.2000E-03
8.0538E-03 1.2000E-03
5.7947E-03 1.2000E-03
2.1123E-02 1.2000E-03
3.6227E-02 1.2000E-03
5.3236E-02 1.2000E-03
5.5588E-03 1.2000E-03
6.8369E-03 1.2000E-03
1.2762E-02 1.2000E-03
2.8891E-02 1.2000E-03
1.0393E-02 1.2000E-03
6.3696E-03 1.2000E-03
1.3231E-02 1.2000E-03
2.9031E-02 1.2000E-03
4.3959E-03 1.2000E-03
6.0855E-03 1.2000E-03
1.1811E-02 1.2000E-03
2.0109E-02 1.2000E-03
1.8843E-02 1.2000E-03
1.8358E-03 1.2000E-03
3.2282E-03 1.2000E-03
4.7897E-03 1.2000E-03
7.2546E-03 1.2000E-03
9.7426E-03 1.2000E-03
5.4803E-03 1.2000E-03
3.0638E-03 1.2000E-03
6.9947E-03 1.2000E-03
6.6958E-03 1.2000E-03
1.3743E-03 1.2000E-03
3.1608E-03 1.2000E-03
4.3188E-03 1.2000E-03
1.0296E-02 1.2000E-03
7.0092E-03 1.2000E-03
1.2668E-03 1.2000E-03
2.0533E-03 1.2000E-03
3.7473E-03 1.2000E-03
8.3640E-03 1.2000E-03
7.3466E-03 1.2000E-03
2.3922E-03 1.2000E-03
2.7799E-03 1.2000E-03
3.3181E-03 1.2000E-03
7.1535E-03 1.2000E-03
6.6311E-03 1.2000E-03
1.9252E-03 1.2000E-03
3.9449E-03 1.2000E-03
4.6510E-03 1.2000E-03
8.2188E-03 1.2000E-03
6.1524E-03 1.2000E-03
1.7597E-03 1.2000E-03
2.8789E-03 1.2000E-03
4.7762E-03 1.2000E-03
8.4761E-03 1.2000E-03
1.7592E-03 1.2000E-03
1.6896E-03 1.2000E-03
2.7720E-03 1.2000E-03
6.5132E-03 1.2000E-03
4.2115E-03 1.2000E-03
2.3592E-03 1.2000E-03
3.2457E-03 1.2000E-03
4.6651E-03 1.2000E-03
3.9093E-03 1.2000E-03
5.6440E-03 1.2000E-03
3.7460E-03 1.2000E-03
1.0742E-03 1.2000E-03
3.2042E-03 1.2000E-03
2.8805E-03 1.2000E-03
6.4679E-03 1.2000E-03
6.7583E-03 1.2000E-03
2.1618E-03 1.2000E-03
2.7555E-03 1.2000E-03
3.0836E-03 1.2000E-03
5.5042E-03 1.2000E-03
5.3587E-03 1.2000E-03
3.3356E-03 1.2000E-03
3.5910E-03 1.2000E-03
4.7045E-03 1.2000E-03
4.6237E-03 1.2000E-03
4.5518E-03 1.2000E-03
4.9593E-03 1.2000E-03
4.5973E-03 1.2000E-03
5.1280E-03 1.2000E-03
4.5115E-03 1.2000E-03
2.8101E-03 1.2000E-03
3.1270E-03 1.2000E-03
4.1193E-03 1.2000E-03
2.9948E-03 1.2000E-03
3.4952E-03 1.2000E-03
4.0399E-03 1.2000E-03
4.9554E-03 1.2000E-03
6.1745E-03 1.2000E-03
6.5531E-03 1.2000E-03
1.5022E-03 1.2000E-03
2.5250E-03 1.2000E-03
3.1793E-03 1.2000E-03
1.0873E-02 1.2000E-03
4.2411E-03 1.2000E-03
1.4293E-03 1.2000E-03
4.1585E-03 1.2000E-03
5.7837E-03 1.2000E-03
1.7107E-03 1.2000E-03
3.7256E-03 1.2000E-03
3.6217E-03 1.2000E-03
7.1707E-03 1.2000E-03
1.1128E-02 1.2000E-03
4.7727E-04 1.2000E-03
8.5322E-04 1.2000E-03
