RMS Grad   Target
2.9999E-03 2.0000E-04
2.6720E-03 2.0000E-04
6.9002E-04 2.0000E-04
4.9244E-04 2.0000E-04
4.3886E-04 2.0000E-04
5.3521E-04 2.0000E-04
2.4746E-04 2.0000E-04
1.8401E-04 2.0000E-04
1.8273E-04 2.0000E-04
3.7040E-04 2.0000E-04
1.2497E-04 2.0000E-04
1.0902E-04 2.0000E-04
1.3890E-04 2.0000E-04
1.8751E-04 2.0000E-04
1.6384E-04 2.0000E-04
8.4588E-05 2.0000E-04
9.3524E-05 2.0000E-04
1.1162E-04 2.0000E-04
1.3643E-04 2.0000E-04
8.6146E-05 2.0000E-04
7.8871E-05 2.0000E-04
8.6395E-05 2.0000E-04
2.0308E-04 2.0000E-04
7.0831E-05 2.0000E-04
5.3507E-05 2.0000E-04
6.3152E-05 2.0000E-04
9.9011E-05 2.0000E-04
6.5163E-05 2.0000E-04
3.6702E-05 2.0000E-04
3.9457E-05 2.0000E-04
5.8408E-05 2.0000E-04
4.8716E-05 2.0000E-04
7.7310E-05 2.0000E-04
4.2872E-05 2.0000E-04
3.9352E-05 2.0000E-04
5.7178E-05 2.0000E-04
6.4246E-05 2.0000E-04
3.4790E-05 2.0000E-04
3.3184E-05 2.0000E-04
4.1033E-05 2.0000E-04
6.7201E-05 2.0000E-04
4.4402E-05 2.0000E-04
2.6798E-05 2.0000E-04
3.2025E-05 2.0000E-04
4.5591E-05 2.0000E-04
5.5593E-05 2.0000E-04
4.8380E-05 2.0000E-04
2.9350E-05 2.0000E-04
3.2003E-05 2.0000E-04
4.0845E-05 2.0000E-04
5.3344E-05 2.0000E-04
3.6950E-05 2.0000E-04
2.8427E-05 2.0000E-04
3.8385E-05 2.0000E-04
4.3282E-05 2.0000E-04
3.6092E-05 2.0000E-04
4.6129E-05 2.0000E-04
3.0795E-05 2.0000E-04
3.2082E-05 2.0000E-04
3.6096E-05 2.0000E-04
5.2003E-05 2.0000E-04
2.4497E-05 2.0000E-04
2.4310E-05 2.0000E-04
2.9971E-05 2.0000E-04
5.1623E-05 2.0000E-04
2.6810E-05 2.0000E-04
2.1399E-05 2.0000E-04
2.6511E-05 2.0000E-04
3.7509E-05 2.0000E-04
2.6732E-05 2.0000E-04
2.4704E-05 2.0000E-04
3.4653E-05 2.0000E-04
2.1937E-05 2.0000E-04
2.2507E-05 2.0000E-04
2.5090E-05 2.0000E-04
3.0137E-05 2.0000E-04
3.3855E-05 2.0000E-04
2.1202E-05 2.0000E-04
2.0815E-05 2.0000E-04
2.3634E-05 2.0000E-04
2.0484E-05 2.0000E-04
2.8834E-05 2.0000E-04
2.0358E-05 2.0000E-04
1.9115E-05 2.0000E-04
2.6808E-05 2.0000E-04
2.1484E-05 2.0000E-04
1.9870E-05 2.0000E-04
2.3788E-05 2.0000E-04
2.2415E-05 2.0000E-04
2.1360E-05 2.0000E-04
2.1557E-05 2.0000E-04
1.9151E-05 2.0000E-04
1.8092E-05 2.0000E-04
2.5304E-05 2.0000E-04
1.8618E-05 2.0000E-04
1.5644E-05 2.0000E-04
2.0333E-05 2.0000E-04
2.1819E-05 2.0000E-04
2.1138E-05 2.0000E-04
2.7620E-05 2.0000E-04
1.7619E-05 2.0000E-04
1.9790E-05 2.0000E-04
1.9315E-05 2.0000E-04
3.0379E-05 2.0000E-04
2.0983E-05 2.0000E-04
1.6572E-05 2.0000E-04
1.6649E-05 2.0000E-04
3.4146E-05 2.0000E-04
1.7891E-05 2.0000E-04
1.5355E-05 2.0000E-04
1.8215E-05 2.0000E-04
2.2295E-05 2.0000E-04
4.1774E-05 2.0000E-04
1.5317E-05 2.0000E-04
1.4007E-05 2.0000E-04
