450.1
214.2
217.5
213.8
214.1
224.2
231.2
200.2
203.6
204.9
217.0
209.7
206.7
200.9
202.4
206.4
209.0
197.8
204.7
208.2
199.5
198.4
211.1
205.1
185.8
209.0
203.4
201.8
193.4
180.5
188.8
180.9
212.5
182.2
198.8
202.1
205.7
186.8
186.1
177.4
199.2
196.5
184.6
185.9
185.8
188.7
189.2
180.6
189.6
197.3
221.2
190.8
213.2
182.7
186.0
186.8
194.8
201.1
195.6
193.8
195.9
190.3
190.7
195.6
188.3
188.8
186.1
185.7
181.2
184.0
176.3
175.3
172.8
182.8
185.8
180.9
190.3
180.0
182.3
191.1
185.3
193.6
190.9
179.0
183.8
187.0
177.3
184.4
180.7
185.4
179.3
174.7
175.4
169.6
169.0
172.7
170.8
174.6
175.3
175.8
193.9
189.5
174.5
198.3
180.8
172.5
172.6
188.7
171.5
165.1
176.9
180.1
180.0
189.2
191.6
