RMS Grad   Target
1.0639E-03 3.0000E-04
9.1190E-04 3.0000E-04
6.5711E-04 3.0000E-04
6.8749E-04 3.0000E-04
1.3540E-03 3.0000E-04
7.1616E-04 3.0000E-04
6.2269E-04 3.0000E-04
6.2510E-04 3.0000E-04
1.4469E-03 3.0000E-04
4.7815E-04 3.0000E-04
3.3634E-04 3.0000E-04
4.7423E-04 3.0000E-04
5.1560E-04 3.0000E-04
1.5815E-03 3.0000E-04
5.7657E-04 3.0000E-04
3.2360E-04 3.0000E-04
2.4557E-04 3.0000E-04
6.4449E-04 3.0000E-04
1.9363E-04 3.0000E-04
1.2312E-04 3.0000E-04
1.4193E-04 3.0000E-04
1.7742E-04 3.0000E-04
2.4371E-04 3.0000E-04
9.5442E-05 3.0000E-04
9.2230E-05 3.0000E-04
1.0480E-04 3.0000E-04
1.9017E-04 3.0000E-04
5.2381E-05 3.0000E-04
4.3220E-05 3.0000E-04
4.3220E-05 3.0000E-04
