Max Step   Target
1.6589E-03 1.2000E-03
4.3965E-03 1.2000E-03
5.1035E-03 1.2000E-03
1.6174E-02 1.2000E-03
1.6698E-02 1.2000E-03
5.9758E-03 1.2000E-03
1.1267E-03 1.2000E-03
2.6726E-03 1.2000E-03
5.6899E-03 1.2000E-03
1.1730E-02 1.2000E-03
8.2895E-03 1.2000E-03
5.3509E-03 1.2000E-03
3.9518E-03 1.2000E-03
4.5196E-03 1.2000E-03
9.4853E-03 1.2000E-03
6.3516E-03 1.2000E-03
6.6990E-03 1.2000E-03
1.1973E-02 1.2000E-03
7.8520E-03 1.2000E-03
1.4227E-03 1.2000E-03
4.6349E-03 1.2000E-03
8.0660E-03 1.2000E-03
1.1643E-02 1.2000E-03
1.3128E-02 1.2000E-03
5.1994E-03 1.2000E-03
2.9453E-03 1.2000E-03
7.3818E-03 1.2000E-03
1.0544E-02 1.2000E-03
5.2038E-03 1.2000E-03
9.1153E-03 1.2000E-03
8.7959E-03 1.2000E-03
1.5947E-02 1.2000E-03
6.7225E-03 1.2000E-03
3.7347E-03 1.2000E-03
7.8364E-03 1.2000E-03
1.5729E-02 1.2000E-03
4.9364E-03 1.2000E-03
1.1162E-02 1.2000E-03
9.6853E-03 1.2000E-03
1.9241E-02 1.2000E-03
7.9009E-03 1.2000E-03
6.8326E-03 1.2000E-03
4.0944E-03 1.2000E-03
1.3388E-02 1.2000E-03
1.6959E-02 1.2000E-03
8.9214E-03 1.2000E-03
1.4458E-02 1.2000E-03
1.1765E-02 1.2000E-03
2.1218E-02 1.2000E-03
1.6162E-02 1.2000E-03
2.8116E-03 1.2000E-03
2.0958E-03 1.2000E-03
6.4790E-03 1.2000E-03
2.6448E-02 1.2000E-03
1.0006E-02 1.2000E-03
1.6632E-02 1.2000E-03
1.7117E-02 1.2000E-03
2.5392E-02 1.2000E-03
1.2269E-02 1.2000E-03
1.3630E-02 1.2000E-03
4.1419E-03 1.2000E-03
4.1441E-03 1.2000E-03
1.4998E-02 1.2000E-03
2.5255E-02 1.2000E-03
7.0087E-04 1.2000E-03
1.1159E-02 1.2000E-03
1.6865E-02 1.2000E-03
3.0079E-02 1.2000E-03
4.7721E-02 1.2000E-03
9.5074E-03 1.2000E-03
2.9300E-03 1.2000E-03
6.9174E-03 1.2000E-03
2.5800E-02 1.2000E-03
1.1793E-02 1.2000E-03
1.7001E-02 1.2000E-03
1.7065E-02 1.2000E-03
2.8298E-02 1.2000E-03
2.3033E-02 1.2000E-03
6.7955E-03 1.2000E-03
6.7955E-03 1.2000E-03
1.4223E-08 1.2000E-03
1.5308E-03 1.2000E-03
4.9961E-04 1.2000E-03
1.2252E-03 1.2000E-03
1.2382E-03 1.2000E-03
4.0510E-03 1.2000E-03
3.4408E-03 1.2000E-03
1.4363E-03 1.2000E-03
4.2301E-03 1.2000E-03
5.3272E-03 1.2000E-03
3.7926E-03 1.2000E-03
9.4760E-03 1.2000E-03
5.1843E-03 1.2000E-03
6.4169E-03 1.2000E-03
1.7567E-02 1.2000E-03
3.6212E-03 1.2000E-03
1.1587E-03 1.2000E-03
9.5844E-03 1.2000E-03
1.7782E-02 1.2000E-03
2.5658E-03 1.2000E-03
6.3838E-03 1.2000E-03
1.1393E-02 1.2000E-03
1.6507E-02 1.2000E-03
1.9128E-02 1.2000E-03
1.4181E-02 1.2000E-03
1.1575E-02 1.2000E-03
1.3384E-02 1.2000E-03
1.8248E-02 1.2000E-03
1.4806E-02 1.2000E-03
1.8052E-02 1.2000E-03
1.8285E-02 1.2000E-03
1.8447E-02 1.2000E-03
2.4381E-02 1.2000E-03
1.0607E-02 1.2000E-03
1.7946E-02 1.2000E-03
2.5653E-02 1.2000E-03
3.0803E-02 1.2000E-03
1.1843E-02 1.2000E-03
2.4082E-02 1.2000E-03
3.1347E-02 1.2000E-03
2.2481E-02 1.2000E-03
3.0970E-02 1.2000E-03
2.7663E-02 1.2000E-03
6.3802E-02 1.2000E-03
8.6070E-03 1.2000E-03
7.1554E-03 1.2000E-03
9.8360E-03 1.2000E-03
5.7196E-02 1.2000E-03
5.2885E-03 1.2000E-03
4.3619E-02 1.2000E-03
1.4400E-02 1.2000E-03
4.3554E-02 1.2000E-03
6.9238E-02 1.2000E-03
8.5405E-03 1.2000E-03
1.2916E-02 1.2000E-03
3.8583E-02 1.2000E-03
3.3493E-02 1.2000E-03
5.8030E-03 1.2000E-03
3.0002E-02 1.2000E-03
1.0810E-02 1.2000E-03
3.7965E-02 1.2000E-03
4.3132E-02 1.2000E-03
3.2462E-02 1.2000E-03
1.0775E-02 1.2000E-03
5.4394E-02 1.2000E-03
1.0598E-02 1.2000E-03
2.2956E-02 1.2000E-03
2.1452E-02 1.2000E-03
3.1855E-02 1.2000E-03
3.2118E-02 1.2000E-03
4.9763E-02 1.2000E-03
2.2474E-03 1.2000E-03
3.8530E-02 1.2000E-03
4.5646E-03 1.2000E-03
3.1711E-02 1.2000E-03
3.5575E-02 1.2000E-03
3.4946E-02 1.2000E-03
2.0688E-02 1.2000E-03
3.0189E-02 1.2000E-03
1.8521E-02 1.2000E-03
4.0358E-02 1.2000E-03
1.5095E-02 1.2000E-03
7.5558E-02 1.2000E-03
4.3058E-02 1.2000E-03
1.2302E-02 1.2000E-03
2.5127E-02 1.2000E-03
3.1988E-02 1.2000E-03
1.3869E-02 1.2000E-03
6.1288E-03 1.2000E-03
4.8817E-03 1.2000E-03
1.0147E-02 1.2000E-03
1.7464E-02 1.2000E-03
2.1169E-02 1.2000E-03
2.0583E-02 1.2000E-03
1.0303E-02 1.2000E-03
2.0587E-02 1.2000E-03
1.1502E-02 1.2000E-03
1.0803E-02 1.2000E-03
1.7888E-02 1.2000E-03
1.1461E-02 1.2000E-03
2.1288E-02 1.2000E-03
3.4186E-02 1.2000E-03
8.8386E-03 1.2000E-03
1.9825E-02 1.2000E-03
1.9348E-02 1.2000E-03
1.9312E-02 1.2000E-03
2.1289E-02 1.2000E-03
1.4088E-02 1.2000E-03
3.1241E-02 1.2000E-03
1.7300E-02 1.2000E-03
1.1993E-02 1.2000E-03
2.2885E-02 1.2000E-03
3.4701E-02 1.2000E-03
5.8486E-03 1.2000E-03
2.1109E-02 1.2000E-03
7.1175E-03 1.2000E-03
3.7283E-02 1.2000E-03
2.3585E-02 1.2000E-03
1.8178E-02 1.2000E-03
2.9935E-02 1.2000E-03
4.3808E-02 1.2000E-03
3.9691E-02 1.2000E-03
3.7628E-02 1.2000E-03
4.8153E-02 1.2000E-03
8.3032E-02 1.2000E-03
3.8206E-02 1.2000E-03
3.3739E-02 1.2000E-03
3.6589E-02 1.2000E-03
4.3473E-02 1.2000E-03
7.0699E-02 1.2000E-03
1.1491E-01 1.2000E-03
5.4339E-02 1.2000E-03
6.8468E-02 1.2000E-03
2.7075E-02 1.2000E-03
4.9853E-02 1.2000E-03
2.9616E-02 1.2000E-03
7.8389E-02 1.2000E-03
3.9422E-02 1.2000E-03
3.6333E-02 1.2000E-03
1.9905E-02 1.2000E-03
2.0978E-02 1.2000E-03
2.6836E-02 1.2000E-03
2.8952E-02 1.2000E-03
4.9192E-02 1.2000E-03
2.9747E-02 1.2000E-03
1.6176E-02 1.2000E-03
3.5075E-02 1.2000E-03
3.1717E-02 1.2000E-03
2.9251E-02 1.2000E-03
3.9368E-02 1.2000E-03
5.8834E-02 1.2000E-03
1.6568E-02 1.2000E-03
2.8018E-02 1.2000E-03
5.7701E-02 1.2000E-03
1.0524E-01 1.2000E-03
3.1779E-02 1.2000E-03
5.3175E-02 1.2000E-03
5.2989E-02 1.2000E-03
1.1068E-01 1.2000E-03
2.5739E-02 1.2000E-03
7.8782E-02 1.2000E-03
1.9707E-02 1.2000E-03
4.3081E-02 1.2000E-03
7.8871E-02 1.2000E-03
1.0248E-01 1.2000E-03
3.9326E-02 1.2000E-03
1.8502E-02 1.2000E-03
8.1397E-02 1.2000E-03
2.6532E-02 1.2000E-03
8.5654E-02 1.2000E-03
1.2214E-01 1.2000E-03
4.8247E-02 1.2000E-03
7.3478E-02 1.2000E-03
3.5495E-02 1.2000E-03
8.4605E-02 1.2000E-03
6.4233E-02 1.2000E-03
1.2868E-01 1.2000E-03
2.3344E-02 1.2000E-03
1.0569E-01 1.2000E-03
1.4179E-02 1.2000E-03
3.7885E-02 1.2000E-03
7.9635E-02 1.2000E-03
1.3065E-01 1.2000E-03
2.6031E-02 1.2000E-03
5.4901E-02 1.2000E-03
1.9029E-02 1.2000E-03
1.2838E-01 1.2000E-03
1.8551E-02 1.2000E-03
2.1684E-02 1.2000E-03
1.0730E-01 1.2000E-03
8.7678E-02 1.2000E-03
4.3183E-02 1.2000E-03
8.6542E-02 1.2000E-03
1.5042E-02 1.2000E-03
6.0525E-02 1.2000E-03
7.6059E-02 1.2000E-03
2.1856E-02 1.2000E-03
6.5286E-02 1.2000E-03
1.0015E-01 1.2000E-03
1.1025E-02 1.2000E-03
6.5400E-02 1.2000E-03
2.4497E-02 1.2000E-03
6.5083E-02 1.2000E-03
4.6921E-02 1.2000E-03
3.6778E-02 1.2000E-03
5.0791E-02 1.2000E-03
2.9876E-02 1.2000E-03
3.3208E-02 1.2000E-03
3.4408E-02 1.2000E-03
6.4734E-02 1.2000E-03
2.8649E-02 1.2000E-03
2.6868E-02 1.2000E-03
4.2259E-02 1.2000E-03
7.8138E-02 1.2000E-03
4.8214E-02 1.2000E-03
3.4356E-03 1.2000E-03
1.9366E-02 1.2000E-03
2.1163E-02 1.2000E-03
6.3119E-02 1.2000E-03
3.3518E-02 1.2000E-03
7.3441E-03 1.2000E-03
4.1228E-02 1.2000E-03
3.6244E-02 1.2000E-03
2.7215E-02 1.2000E-03
3.9390E-02 1.2000E-03
9.3610E-03 1.2000E-03
4.6876E-02 1.2000E-03
2.1795E-02 1.2000E-03
1.8894E-02 1.2000E-03
1.9325E-02 1.2000E-03
4.6341E-02 1.2000E-03
9.6858E-03 1.2000E-03
1.0737E-02 1.2000E-03
2.2061E-02 1.2000E-03
3.7044E-02 1.2000E-03
2.2960E-02 1.2000E-03
1.9429E-02 1.2000E-03
3.6684E-02 1.2000E-03
2.2904E-02 1.2000E-03
4.7213E-02 1.2000E-03
6.5876E-03 1.2000E-03
2.4487E-02 1.2000E-03
1.4760E-02 1.2000E-03
4.7421E-02 1.2000E-03
3.6831E-02 1.2000E-03
1.0609E-02 1.2000E-03
3.1828E-02 1.2000E-03
3.6657E-02 1.2000E-03
5.2129E-03 1.2000E-03
3.6330E-02 1.2000E-03
9.8158E-03 1.2000E-03
4.0326E-02 1.2000E-03
5.3851E-02 1.2000E-03
5.3851E-02 1.2000E-03
1.5627E-02 1.2000E-03
1.3441E-02 1.2000E-03
1.6814E-02 1.2000E-03
3.0303E-02 1.2000E-03
1.6867E-02 1.2000E-03
4.3921E-02 1.2000E-03
1.4888E-02 1.2000E-03
2.4957E-02 1.2000E-03
2.3179E-02 1.2000E-03
4.9794E-02 1.2000E-03
1.2075E-02 1.2000E-03
2.5538E-02 1.2000E-03
1.8421E-02 1.2000E-03
5.3771E-02 1.2000E-03
5.5100E-02 1.2000E-03
6.3751E-03 1.2000E-03
1.2805E-02 1.2000E-03
2.1397E-02 1.2000E-03
5.6816E-02 1.2000E-03
2.0280E-02 1.2000E-03
2.3078E-02 1.2000E-03
2.2298E-02 1.2000E-03
7.3611E-02 1.2000E-03
2.3155E-02 1.2000E-03
2.6794E-02 1.2000E-03
3.8653E-03 1.2000E-03
3.2598E-02 1.2000E-03
5.7322E-02 1.2000E-03
2.6601E-02 1.2000E-03
1.9322E-02 1.2000E-03
3.7805E-02 1.2000E-03
5.7468E-02 1.2000E-03
1.0791E-02 1.2000E-03
3.8406E-02 1.2000E-03
5.8439E-03 1.2000E-03
5.2564E-02 1.2000E-03
4.5528E-02 1.2000E-03
2.8135E-02 1.2000E-03
2.8827E-02 1.2000E-03
6.4934E-02 1.2000E-03
1.0007E-02 1.2000E-03
4.1424E-02 1.2000E-03
7.9824E-03 1.2000E-03
3.0756E-02 1.2000E-03
3.5521E-02 1.2000E-03
2.5895E-02 1.2000E-03
2.4226E-02 1.2000E-03
2.3178E-02 1.2000E-03
1.9578E-02 1.2000E-03
1.8753E-02 1.2000E-03
3.6811E-03 1.2000E-03
1.9330E-02 1.2000E-03
8.6747E-03 1.2000E-03
1.1854E-02 1.2000E-03
1.3415E-02 1.2000E-03
2.6527E-02 1.2000E-03
9.8638E-03 1.2000E-03
1.0664E-02 1.2000E-03
2.2125E-02 1.2000E-03
1.3434E-02 1.2000E-03
2.1983E-02 1.2000E-03
8.8378E-03 1.2000E-03
3.5516E-03 1.2000E-03
8.2553E-03 1.2000E-03
9.6580E-03 1.2000E-03
2.7592E-03 1.2000E-03
8.9049E-03 1.2000E-03
4.9534E-03 1.2000E-03
1.3429E-02 1.2000E-03
4.4705E-03 1.2000E-03
4.3723E-03 1.2000E-03
5.1852E-03 1.2000E-03
1.2350E-02 1.2000E-03
2.9597E-03 1.2000E-03
7.2989E-03 1.2000E-03
4.3809E-03 1.2000E-03
1.0539E-02 1.2000E-03
6.2512E-03 1.2000E-03
4.1701E-03 1.2000E-03
4.2593E-03 1.2000E-03
6.2438E-03 1.2000E-03
3.6840E-03 1.2000E-03
6.4103E-03 1.2000E-03
4.4963E-03 1.2000E-03
9.1357E-03 1.2000E-03
4.0069E-03 1.2000E-03
6.1311E-03 1.2000E-03
3.2395E-03 1.2000E-03
5.4285E-03 1.2000E-03
6.5798E-03 1.2000E-03
5.9819E-03 1.2000E-03
9.6316E-03 1.2000E-03
5.2948E-03 1.2000E-03
5.7725E-03 1.2000E-03
3.5664E-03 1.2000E-03
2.8181E-03 1.2000E-03
5.2804E-03 1.2000E-03
1.2285E-02 1.2000E-03
1.8551E-03 1.2000E-03
6.5722E-03 1.2000E-03
5.6928E-03 1.2000E-03
1.8034E-02 1.2000E-03
3.8068E-03 1.2000E-03
3.1708E-03 1.2000E-03
6.0282E-03 1.2000E-03
1.4575E-02 1.2000E-03
4.2103E-03 1.2000E-03
1.0123E-02 1.2000E-03
8.9330E-03 1.2000E-03
2.4802E-02 1.2000E-03
9.2601E-03 1.2000E-03
1.4444E-03 1.2000E-03
4.2547E-03 1.2000E-03
1.4786E-02 1.2000E-03
4.6776E-03 1.2000E-03
1.9384E-02 1.2000E-03
8.1545E-03 1.2000E-03
2.6070E-02 1.2000E-03
2.1370E-02 1.2000E-03
1.8569E-03 1.2000E-03
2.6951E-03 1.2000E-03
4.7714E-03 1.2000E-03
9.7255E-03 1.2000E-03
2.8246E-02 1.2000E-03
8.3140E-03 1.2000E-03
1.5213E-02 1.2000E-03
1.9429E-02 1.2000E-03
4.1344E-02 1.2000E-03
5.3051E-03 1.2000E-03
1.0567E-02 1.2000E-03
5.1176E-03 1.2000E-03
2.6954E-02 1.2000E-03
1.1196E-02 1.2000E-03
1.9417E-02 1.2000E-03
2.2827E-02 1.2000E-03
5.8791E-02 1.2000E-03
2.5441E-02 1.2000E-03
6.3582E-03 1.2000E-03
2.7229E-02 1.2000E-03
3.1453E-02 1.2000E-03
3.3042E-02 1.2000E-03
3.1682E-02 1.2000E-03
6.4829E-02 1.2000E-03
1.1908E-02 1.2000E-03
1.9136E-02 1.2000E-03
4.0236E-02 1.2000E-03
8.3189E-02 1.2000E-03
6.1840E-02 1.2000E-03
7.1178E-02 1.2000E-03
3.9172E-02 1.2000E-03
6.5033E-02 1.2000E-03
6.6798E-02 1.2000E-03
1.3619E-01 1.2000E-03
6.2441E-02 1.2000E-03
3.2566E-02 1.2000E-03
6.6880E-02 1.2000E-03
4.5986E-02 1.2000E-03
4.5541E-02 1.2000E-03
5.8970E-02 1.2000E-03
3.1705E-02 1.2000E-03
4.6973E-02 1.2000E-03
1.9647E-02 1.2000E-03
3.0419E-02 1.2000E-03
4.1088E-02 1.2000E-03
2.0462E-02 1.2000E-03
1.7204E-02 1.2000E-03
4.7079E-02 1.2000E-03
3.3401E-02 1.2000E-03
9.4865E-03 1.2000E-03
1.2042E-02 1.2000E-03
3.8933E-02 1.2000E-03
8.6457E-03 1.2000E-03
9.3465E-03 1.2000E-03
1.1313E-02 1.2000E-03
1.3534E-02 1.2000E-03
3.7729E-03 1.2000E-03
1.0869E-02 1.2000E-03
6.4848E-03 1.2000E-03
2.8897E-02 1.2000E-03
7.7077E-03 1.2000E-03
4.5723E-03 1.2000E-03
6.7888E-03 1.2000E-03
1.0508E-02 1.2000E-03
3.8932E-03 1.2000E-03
1.3719E-02 1.2000E-03
5.9839E-03 1.2000E-03
6.7105E-03 1.2000E-03
1.5108E-02 1.2000E-03
4.9367E-03 1.2000E-03
4.2190E-03 1.2000E-03
9.7253E-03 1.2000E-03
1.0793E-02 1.2000E-03
3.8928E-03 1.2000E-03
1.0750E-02 1.2000E-03
7.8802E-03 1.2000E-03
2.4896E-02 1.2000E-03
1.4946E-02 1.2000E-03
2.5786E-03 1.2000E-03
6.7487E-03 1.2000E-03
5.9784E-03 1.2000E-03
2.3136E-02 1.2000E-03
7.8198E-03 1.2000E-03
4.9105E-03 1.2000E-03
1.1329E-02 1.2000E-03
1.7312E-02 1.2000E-03
6.0886E-03 1.2000E-03
7.1401E-03 1.2000E-03
8.5098E-03 1.2000E-03
2.0778E-02 1.2000E-03
9.2182E-03 1.2000E-03
1.0332E-02 1.2000E-03
1.2245E-02 1.2000E-03
2.6484E-02 1.2000E-03
5.0808E-03 1.2000E-03
1.5379E-02 1.2000E-03
9.8710E-03 1.2000E-03
2.2876E-02 1.2000E-03
2.0279E-02 1.2000E-03
1.6972E-02 1.2000E-03
1.3810E-02 1.2000E-03
2.7411E-02 1.2000E-03
2.9516E-02 1.2000E-03
1.8733E-02 1.2000E-03
2.1434E-02 1.2000E-03
2.4402E-02 1.2000E-03
2.4238E-02 1.2000E-03
5.5409E-02 1.2000E-03
1.5876E-02 1.2000E-03
3.6008E-02 1.2000E-03
1.3611E-02 1.2000E-03
5.2754E-02 1.2000E-03
2.8198E-02 1.2000E-03
7.4907E-02 1.2000E-03
2.8851E-02 1.2000E-03
4.7879E-02 1.2000E-03
7.1470E-03 1.2000E-03
3.9941E-02 1.2000E-03
1.1319E-02 1.2000E-03
4.0425E-02 1.2000E-03
3.9168E-02 1.2000E-03
2.8432E-02 1.2000E-03
4.8452E-02 1.2000E-03
7.0399E-03 1.2000E-03
4.5500E-02 1.2000E-03
4.3590E-03 1.2000E-03
1.9179E-02 1.2000E-03
2.2189E-02 1.2000E-03
5.2524E-02 1.2000E-03
3.6040E-02 1.2000E-03
1.6424E-03 1.2000E-03
2.9014E-02 1.2000E-03
3.4261E-03 1.2000E-03
3.4121E-02 1.2000E-03
3.6685E-02 1.2000E-03
1.5480E-02 1.2000E-03
2.6120E-02 1.2000E-03
2.4992E-02 1.2000E-03
1.8316E-02 1.2000E-03
3.1482E-03 1.2000E-03
3.0392E-02 1.2000E-03
1.2141E-02 1.2000E-03
1.2180E-02 1.2000E-03
2.6672E-02 1.2000E-03
1.7232E-02 1.2000E-03
1.8304E-02 1.2000E-03
1.9163E-02 1.2000E-03
1.3697E-02 1.2000E-03
1.0758E-02 1.2000E-03
1.9971E-02 1.2000E-03
1.6212E-02 1.2000E-03
1.2569E-02 1.2000E-03
1.7026E-02 1.2000E-03
1.8841E-02 1.2000E-03
8.7841E-03 1.2000E-03
1.9580E-02 1.2000E-03
9.5006E-03 1.2000E-03
1.4911E-02 1.2000E-03
7.3857E-03 1.2000E-03
1.5542E-02 1.2000E-03
7.7448E-03 1.2000E-03
7.1498E-03 1.2000E-03
6.1079E-03 1.2000E-03
9.6724E-03 1.2000E-03
6.5438E-03 1.2000E-03
3.8431E-03 1.2000E-03
4.6773E-03 1.2000E-03
7.1272E-03 1.2000E-03
6.3481E-03 1.2000E-03
5.5580E-03 1.2000E-03
7.6552E-03 1.2000E-03
7.6807E-03 1.2000E-03
2.0061E-03 1.2000E-03
6.1545E-03 1.2000E-03
7.3362E-03 1.2000E-03
9.3919E-03 1.2000E-03
6.7378E-03 1.2000E-03
4.7989E-03 1.2000E-03
7.1717E-03 1.2000E-03
1.0911E-02 1.2000E-03
7.7438E-03 1.2000E-03
6.6124E-03 1.2000E-03
6.8761E-03 1.2000E-03
1.0018E-02 1.2000E-03
8.0444E-03 1.2000E-03
1.0372E-02 1.2000E-03
1.0372E-02 1.2000E-03
6.6614E-03 1.2000E-03
1.0686E-02 1.2000E-03
1.1018E-02 1.2000E-03
8.9287E-03 1.2000E-03
1.3680E-02 1.2000E-03
1.6201E-02 1.2000E-03
7.3242E-03 1.2000E-03
2.4966E-02 1.2000E-03
8.1217E-03 1.2000E-03
9.3487E-03 1.2000E-03
2.2297E-02 1.2000E-03
2.1860E-02 1.2000E-03
2.2156E-02 1.2000E-03
3.0640E-02 1.2000E-03
4.7799E-03 1.2000E-03
3.0016E-02 1.2000E-03
3.9005E-03 1.2000E-03
3.0208E-02 1.2000E-03
3.4090E-02 1.2000E-03
3.4258E-02 1.2000E-03
3.0261E-02 1.2000E-03
6.1064E-02 1.2000E-03
2.9822E-02 1.2000E-03
7.2332E-03 1.2000E-03
2.2296E-02 1.2000E-03
4.9871E-02 1.2000E-03
1.4444E-02 1.2000E-03
4.5558E-02 1.2000E-03
4.4845E-02 1.2000E-03
4.7038E-02 1.2000E-03
2.6341E-02 1.2000E-03
2.0604E-02 1.2000E-03
4.6692E-02 1.2000E-03
7.6570E-03 1.2000E-03
1.9455E-02 1.2000E-03
2.4614E-02 1.2000E-03
3.5030E-02 1.2000E-03
5.1490E-02 1.2000E-03
3.4448E-03 1.2000E-03
2.0014E-02 1.2000E-03
1.3375E-02 1.2000E-03
7.8202E-02 1.2000E-03
1.8120E-02 1.2000E-03
1.3789E-02 1.2000E-03
3.2048E-02 1.2000E-03
6.0185E-02 1.2000E-03
1.1395E-02 1.2000E-03
6.6801E-03 1.2000E-03
1.4194E-02 1.2000E-03
3.8531E-02 1.2000E-03
2.7916E-02 1.2000E-03
1.5673E-02 1.2000E-03
1.8966E-02 1.2000E-03
2.9643E-02 1.2000E-03
1.9723E-02 1.2000E-03
3.5975E-02 1.2000E-03
6.5582E-03 1.2000E-03
1.5336E-02 1.2000E-03
2.9421E-02 1.2000E-03
2.1265E-02 1.2000E-03
1.4449E-02 1.2000E-03
1.8851E-02 1.2000E-03
2.1172E-02 1.2000E-03
9.6932E-03 1.2000E-03
2.1670E-02 1.2000E-03
7.3002E-03 1.2000E-03
2.8084E-02 1.2000E-03
1.9588E-02 1.2000E-03
2.1727E-02 1.2000E-03
1.9300E-02 1.2000E-03
2.1824E-02 1.2000E-03
2.3517E-02 1.2000E-03
9.4147E-03 1.2000E-03
1.0241E-02 1.2000E-03
2.0715E-02 1.2000E-03
1.1833E-02 1.2000E-03
1.0415E-02 1.2000E-03
1.5894E-02 1.2000E-03
2.7756E-02 1.2000E-03
8.0382E-03 1.2000E-03
1.3302E-02 1.2000E-03
4.6298E-03 1.2000E-03
1.9712E-02 1.2000E-03
4.1476E-02 1.2000E-03
7.4564E-03 1.2000E-03
2.7602E-03 1.2000E-03
5.8469E-03 1.2000E-03
1.1644E-02 1.2000E-03
3.7164E-03 1.2000E-03
1.3411E-02 1.2000E-03
9.8763E-03 1.2000E-03
2.2982E-02 1.2000E-03
1.4606E-02 1.2000E-03
1.4004E-03 1.2000E-03
5.7114E-03 1.2000E-03
1.0082E-02 1.2000E-03
8.4298E-03 1.2000E-03
1.6320E-02 1.2000E-03
8.9089E-03 1.2000E-03
4.5340E-03 1.2000E-03
1.4332E-02 1.2000E-03
8.8630E-03 1.2000E-03
7.4288E-04 1.2000E-03
1.2408E-02 1.2000E-03
8.7091E-03 1.2000E-03
4.5975E-03 1.2000E-03
2.1164E-02 1.2000E-03
2.1921E-03 1.2000E-03
7.9112E-03 1.2000E-03
3.8860E-03 1.2000E-03
2.2745E-02 1.2000E-03
1.7846E-03 1.2000E-03
8.2418E-03 1.2000E-03
6.0860E-03 1.2000E-03
1.1366E-02 1.2000E-03
1.9875E-02 1.2000E-03
1.3212E-02 1.2000E-03
1.4879E-03 1.2000E-03
3.4427E-03 1.2000E-03
7.5476E-03 1.2000E-03
1.4095E-02 1.2000E-03
2.1782E-02 1.2000E-03
1.3074E-02 1.2000E-03
1.3704E-03 1.2000E-03
8.6887E-03 1.2000E-03
6.1018E-03 1.2000E-03
8.7308E-03 1.2000E-03
1.5549E-02 1.2000E-03
1.4002E-02 1.2000E-03
1.6067E-02 1.2000E-03
1.6601E-02 1.2000E-03
3.0355E-03 1.2000E-03
4.5898E-03 1.2000E-03
6.8028E-03 1.2000E-03
3.6052E-02 1.2000E-03
8.4495E-03 1.2000E-03
1.3151E-02 1.2000E-03
1.7183E-02 1.2000E-03
2.8986E-02 1.2000E-03
4.9408E-03 1.2000E-03
2.3349E-02 1.2000E-03
7.4170E-03 1.2000E-03
2.8475E-02 1.2000E-03
4.2173E-02 1.2000E-03
3.4710E-02 1.2000E-03
8.1070E-03 1.2000E-03
5.0066E-02 1.2000E-03
2.0292E-02 1.2000E-03
3.6901E-02 1.2000E-03
6.0563E-02 1.2000E-03
3.0120E-02 1.2000E-03
4.6575E-02 1.2000E-03
1.1552E-01 1.2000E-03
9.8154E-02 1.2000E-03
1.3335E-02 1.2000E-03
3.4540E-02 1.2000E-03
5.1560E-02 1.2000E-03
2.6245E-02 1.2000E-03
6.8979E-02 1.2000E-03
2.5678E-02 1.2000E-03
2.4012E-02 1.2000E-03
1.0470E-02 1.2000E-03
4.7985E-02 1.2000E-03
1.3004E-02 1.2000E-03
1.4122E-02 1.2000E-03
2.2108E-02 1.2000E-03
3.5125E-02 1.2000E-03
1.2434E-02 1.2000E-03
6.6412E-03 1.2000E-03
1.2062E-02 1.2000E-03
2.0340E-02 1.2000E-03
1.0796E-02 1.2000E-03
5.4254E-03 1.2000E-03
5.5182E-03 1.2000E-03
8.1228E-03 1.2000E-03
8.4341E-03 1.2000E-03
1.2639E-02 1.2000E-03
1.1691E-02 1.2000E-03
1.5651E-02 1.2000E-03
1.0892E-02 1.2000E-03
9.8289E-03 1.2000E-03
1.5004E-02 1.2000E-03
5.0002E-03 1.2000E-03
9.1967E-03 1.2000E-03
5.8150E-03 1.2000E-03
7.8033E-03 1.2000E-03
1.1289E-02 1.2000E-03
6.9441E-03 1.2000E-03
4.4239E-03 1.2000E-03
1.1372E-02 1.2000E-03
1.0874E-02 1.2000E-03
2.4890E-03 1.2000E-03
6.2743E-03 1.2000E-03
7.4619E-03 1.2000E-03
2.1621E-02 1.2000E-03
5.5673E-03 1.2000E-03
3.0242E-03 1.2000E-03
8.2854E-03 1.2000E-03
1.7968E-02 1.2000E-03
5.7653E-03 1.2000E-03
9.9056E-03 1.2000E-03
8.4793E-03 1.2000E-03
2.1512E-02 1.2000E-03
6.4164E-03 1.2000E-03
5.8643E-03 1.2000E-03
6.7580E-03 1.2000E-03
1.4940E-02 1.2000E-03
1.1208E-02 1.2000E-03
1.5628E-02 1.2000E-03
1.2553E-02 1.2000E-03
1.6824E-02 1.2000E-03
1.7781E-02 1.2000E-03
3.1843E-03 1.2000E-03
4.6791E-03 1.2000E-03
9.2389E-03 1.2000E-03
1.8292E-02 1.2000E-03
1.3723E-02 1.2000E-03
1.1667E-02 1.2000E-03
1.6224E-02 1.2000E-03
2.2666E-02 1.2000E-03
6.0254E-03 1.2000E-03
3.8028E-03 1.2000E-03
2.1163E-02 1.2000E-03
6.8579E-03 1.2000E-03
7.9330E-03 1.2000E-03
1.6430E-02 1.2000E-03
2.7373E-02 1.2000E-03
1.6341E-02 1.2000E-03
7.4228E-03 1.2000E-03
9.5256E-03 1.2000E-03
9.4594E-03 1.2000E-03
9.6186E-03 1.2000E-03
7.5853E-03 1.2000E-03
6.2748E-03 1.2000E-03
7.4906E-03 1.2000E-03
1.7064E-02 1.2000E-03
9.6485E-03 1.2000E-03
1.0526E-02 1.2000E-03
1.3462E-02 1.2000E-03
2.5258E-02 1.2000E-03
5.2940E-03 1.2000E-03
2.0689E-02 1.2000E-03
2.6965E-03 1.2000E-03
4.1857E-03 1.2000E-03
1.3228E-02 1.2000E-03
1.1629E-02 1.2000E-03
1.1550E-02 1.2000E-03
1.6069E-02 1.2000E-03
8.4376E-03 1.2000E-03
4.4503E-03 1.2000E-03
1.8490E-02 1.2000E-03
1.6018E-02 1.2000E-03
4.1964E-03 1.2000E-03
2.1916E-02 1.2000E-03
2.9223E-03 1.2000E-03
2.1717E-02 1.2000E-03
1.5959E-02 1.2000E-03
1.0543E-02 1.2000E-03
4.3759E-03 1.2000E-03
2.1196E-02 1.2000E-03
1.0770E-02 1.2000E-03
6.0697E-03 1.2000E-03
1.4254E-02 1.2000E-03
6.4209E-03 1.2000E-03
2.3529E-02 1.2000E-03
1.0834E-02 1.2000E-03
1.9560E-02 1.2000E-03
6.2781E-03 1.2000E-03
2.0922E-02 1.2000E-03
1.4516E-02 1.2000E-03
1.9498E-02 1.2000E-03
1.5050E-02 1.2000E-03
1.5445E-02 1.2000E-03
1.9293E-02 1.2000E-03
1.7948E-02 1.2000E-03
1.4858E-02 1.2000E-03
2.5507E-02 1.2000E-03
1.3401E-02 1.2000E-03
2.4034E-02 1.2000E-03
1.4432E-02 1.2000E-03
1.8866E-02 1.2000E-03
8.4852E-03 1.2000E-03
2.7601E-02 1.2000E-03
1.7253E-02 1.2000E-03
1.3849E-02 1.2000E-03
1.7078E-02 1.2000E-03
1.9131E-02 1.2000E-03
8.8109E-03 1.2000E-03
4.0716E-02 1.2000E-03
1.1864E-02 1.2000E-03
1.2929E-02 1.2000E-03
1.2829E-02 1.2000E-03
3.7903E-02 1.2000E-03
5.3316E-03 1.2000E-03
1.0035E-02 1.2000E-03
1.0146E-02 1.2000E-03
3.7644E-02 1.2000E-03
1.2874E-02 1.2000E-03
1.9011E-02 1.2000E-03
1.2306E-02 1.2000E-03
3.1306E-02 1.2000E-03
9.3876E-03 1.2000E-03
1.0991E-02 1.2000E-03
1.6112E-02 1.2000E-03
2.1274E-02 1.2000E-03
1.3046E-02 1.2000E-03
2.7794E-02 1.2000E-03
5.4248E-03 1.2000E-03
2.2940E-02 1.2000E-03
1.0104E-02 1.2000E-03
1.6143E-02 1.2000E-03
3.1838E-02 1.2000E-03
2.5050E-02 1.2000E-03
2.8520E-03 1.2000E-03
3.0977E-02 1.2000E-03
8.4071E-03 1.2000E-03
1.6038E-02 1.2000E-03
4.0144E-02 1.2000E-03
2.5434E-02 1.2000E-03
3.7569E-03 1.2000E-03
3.0523E-02 1.2000E-03
6.1233E-03 1.2000E-03
2.8022E-02 1.2000E-03
3.8819E-02 1.2000E-03
2.1136E-02 1.2000E-03
1.5131E-02 1.2000E-03
1.7569E-02 1.2000E-03
3.4564E-02 1.2000E-03
3.1983E-02 1.2000E-03
7.3723E-03 1.2000E-03
2.0730E-02 1.2000E-03
1.3519E-02 1.2000E-03
3.6871E-02 1.2000E-03
1.0553E-02 1.2000E-03
5.2722E-03 1.2000E-03
1.8901E-02 1.2000E-03
2.2251E-02 1.2000E-03
1.5698E-02 1.2000E-03
1.2387E-02 1.2000E-03
4.5857E-02 1.2000E-03
1.6852E-02 1.2000E-03
3.4776E-03 1.2000E-03
1.2908E-02 1.2000E-03
2.0576E-02 1.2000E-03
2.2466E-02 1.2000E-03
7.9739E-03 1.2000E-03
7.4030E-03 1.2000E-03
1.2774E-02 1.2000E-03
1.3357E-02 1.2000E-03
1.2955E-02 1.2000E-03
1.2616E-02 1.2000E-03
1.2902E-02 1.2000E-03
1.4578E-02 1.2000E-03
1.0883E-02 1.2000E-03
1.1538E-02 1.2000E-03
1.4571E-02 1.2000E-03
1.2974E-02 1.2000E-03
8.5364E-03 1.2000E-03
1.3717E-02 1.2000E-03
8.7775E-03 1.2000E-03
1.4590E-02 1.2000E-03
9.2961E-03 1.2000E-03
1.2547E-02 1.2000E-03
6.8312E-03 1.2000E-03
1.1933E-02 1.2000E-03
3.9951E-03 1.2000E-03
9.6296E-03 1.2000E-03
8.7197E-03 1.2000E-03
1.2139E-02 1.2000E-03
3.1819E-03 1.2000E-03
1.7111E-02 1.2000E-03
7.7125E-03 1.2000E-03
5.5323E-03 1.2000E-03
8.6583E-03 1.2000E-03
3.4170E-03 1.2000E-03
5.0187E-03 1.2000E-03
1.3575E-02 1.2000E-03
4.9438E-03 1.2000E-03
4.0479E-03 1.2000E-03
4.7315E-03 1.2000E-03
1.5150E-02 1.2000E-03
3.7001E-03 1.2000E-03
2.7685E-03 1.2000E-03
4.5915E-03 1.2000E-03
7.7069E-03 1.2000E-03
7.2081E-03 1.2000E-03
2.5573E-03 1.2000E-03
3.9933E-03 1.2000E-03
5.5831E-03 1.2000E-03
3.1573E-03 1.2000E-03
4.9480E-03 1.2000E-03
6.6666E-03 1.2000E-03
1.0309E-02 1.2000E-03
5.2068E-04 1.2000E-03
1.0289E-03 1.2000E-03
3.2773E-03 1.2000E-03
7.5810E-03 1.2000E-03
3.1418E-03 1.2000E-03
4.3362E-03 1.2000E-03
3.2999E-03 1.2000E-03
7.3143E-03 1.2000E-03
7.1360E-03 1.2000E-03
2.9208E-03 1.2000E-03
2.4478E-03 1.2000E-03
3.1672E-03 1.2000E-03
6.3400E-03 1.2000E-03
7.4605E-03 1.2000E-03
4.2144E-03 1.2000E-03
2.9413E-03 1.2000E-03
2.5813E-03 1.2000E-03
3.8027E-03 1.2000E-03
3.2005E-03 1.2000E-03
3.1019E-03 1.2000E-03
4.3292E-03 1.2000E-03
5.9886E-03 1.2000E-03
1.7465E-03 1.2000E-03
1.9160E-03 1.2000E-03
2.6682E-03 1.2000E-03
5.3022E-03 1.2000E-03
2.4395E-03 1.2000E-03
1.4124E-03 1.2000E-03
3.2234E-03 1.2000E-03
4.3974E-03 1.2000E-03
3.4798E-03 1.2000E-03
1.2147E-03 1.2000E-03
2.9894E-03 1.2000E-03
3.8348E-03 1.2000E-03
1.5441E-03 1.2000E-03
2.9829E-03 1.2000E-03
1.9204E-03 1.2000E-03
4.1200E-03 1.2000E-03
3.6634E-03 1.2000E-03
1.3560E-03 1.2000E-03
1.5813E-03 1.2000E-03
2.0563E-03 1.2000E-03
4.6615E-03 1.2000E-03
2.4070E-03 1.2000E-03
1.1058E-03 1.2000E-03
1.7734E-03 1.2000E-03
2.3983E-03 1.2000E-03
1.9326E-03 1.2000E-03
2.0125E-03 1.2000E-03
1.7045E-03 1.2000E-03
1.9801E-03 1.2000E-03
1.4922E-03 1.2000E-03
1.8301E-03 1.2000E-03
1.0000E-03 1.2000E-03
