RMS Grad   Target
7.0512E-04 2.0000E-04
5.1938E-04 2.0000E-04
4.0486E-04 2.0000E-04
4.5195E-04 2.0000E-04
6.2159E-04 2.0000E-04
9.1681E-04 2.0000E-04
1.9817E-04 2.0000E-04
1.3627E-04 2.0000E-04
1.7041E-04 2.0000E-04
2.4992E-04 2.0000E-04
2.7390E-04 2.0000E-04
2.0613E-04 2.0000E-04
1.5774E-04 2.0000E-04
1.6404E-04 2.0000E-04
1.5692E-04 2.0000E-04
1.8435E-04 2.0000E-04
1.4544E-04 2.0000E-04
1.4874E-04 2.0000E-04
2.1679E-04 2.0000E-04
1.3694E-04 2.0000E-04
1.0095E-04 2.0000E-04
1.1707E-04 2.0000E-04
1.6075E-04 2.0000E-04
1.2947E-04 2.0000E-04
1.5495E-04 2.0000E-04
1.0330E-04 2.0000E-04
9.8096E-05 2.0000E-04
1.3721E-04 2.0000E-04
1.3865E-04 2.0000E-04
9.3964E-05 2.0000E-04
9.3859E-05 2.0000E-04
1.1734E-04 2.0000E-04
1.1651E-04 2.0000E-04
1.0561E-04 2.0000E-04
9.0117E-05 2.0000E-04
9.9493E-05 2.0000E-04
1.6850E-04 2.0000E-04
8.7952E-05 2.0000E-04
8.0404E-05 2.0000E-04
1.0452E-04 2.0000E-04
9.6961E-05 2.0000E-04
9.3441E-05 2.0000E-04
8.0895E-05 2.0000E-04
7.9042E-05 2.0000E-04
1.0225E-04 2.0000E-04
1.1681E-04 2.0000E-04
7.3364E-05 2.0000E-04
6.7129E-05 2.0000E-04
8.8077E-05 2.0000E-04
8.9253E-05 2.0000E-04
1.4473E-04 2.0000E-04
6.8639E-05 2.0000E-04
6.3863E-05 2.0000E-04
7.7508E-05 2.0000E-04
1.6980E-04 2.0000E-04
7.4586E-05 2.0000E-04
6.5566E-05 2.0000E-04
9.5957E-05 2.0000E-04
8.4770E-05 2.0000E-04
6.6801E-05 2.0000E-04
1.1481E-04 2.0000E-04
7.5410E-05 2.0000E-04
6.8655E-05 2.0000E-04
8.3331E-05 2.0000E-04
1.4772E-04 2.0000E-04
7.2219E-05 2.0000E-04
5.4476E-05 2.0000E-04
6.8414E-05 2.0000E-04
8.7334E-05 2.0000E-04
1.7128E-04 2.0000E-04
5.7766E-05 2.0000E-04
4.9508E-05 2.0000E-04
8.1483E-05 2.0000E-04
9.0690E-05 2.0000E-04
6.3580E-05 2.0000E-04
6.3392E-05 2.0000E-04
7.1968E-05 2.0000E-04
6.9837E-05 2.0000E-04
1.1840E-04 2.0000E-04
6.0378E-05 2.0000E-04
6.0378E-05 2.0000E-04
6.0423E-05 2.0000E-04
9.0134E-05 2.0000E-04
5.0494E-05 2.0000E-04
4.0124E-05 2.0000E-04
4.4516E-05 2.0000E-04
7.1096E-05 2.0000E-04
5.3145E-05 2.0000E-04
3.9829E-05 2.0000E-04
4.8758E-05 2.0000E-04
6.8415E-05 2.0000E-04
4.9798E-05 2.0000E-04
4.8342E-05 2.0000E-04
5.4977E-05 2.0000E-04
5.1114E-05 2.0000E-04
1.1604E-04 2.0000E-04
4.6076E-05 2.0000E-04
3.9942E-05 2.0000E-04
4.9190E-05 2.0000E-04
1.1649E-04 2.0000E-04
4.8749E-05 2.0000E-04
3.6481E-05 2.0000E-04
4.9177E-05 2.0000E-04
5.6239E-05 2.0000E-04
8.3587E-05 2.0000E-04
4.5966E-05 2.0000E-04
4.5005E-05 2.0000E-04
6.2630E-05 2.0000E-04
6.2002E-05 2.0000E-04
4.7255E-05 2.0000E-04
5.1542E-05 2.0000E-04
6.0744E-05 2.0000E-04
5.0105E-05 2.0000E-04
6.0775E-05 2.0000E-04
5.3252E-05 2.0000E-04
5.5236E-05 2.0000E-04
8.3561E-05 2.0000E-04
5.5363E-05 2.0000E-04
5.7141E-05 2.0000E-04
6.9036E-05 2.0000E-04
8.8926E-05 2.0000E-04
5.3283E-05 2.0000E-04
5.6827E-05 2.0000E-04
6.6175E-05 2.0000E-04
1.1648E-04 2.0000E-04
5.5377E-05 2.0000E-04
5.3744E-05 2.0000E-04
6.5546E-05 2.0000E-04
1.1301E-04 2.0000E-04
5.7434E-05 2.0000E-04
6.4322E-05 2.0000E-04
7.3546E-05 2.0000E-04
6.7530E-05 2.0000E-04
6.5116E-05 2.0000E-04
6.2140E-05 2.0000E-04
5.1986E-05 2.0000E-04
5.3809E-05 2.0000E-04
9.5261E-05 2.0000E-04
5.9233E-05 2.0000E-04
5.5610E-05 2.0000E-04
5.8381E-05 2.0000E-04
5.7556E-05 2.0000E-04
6.7672E-05 2.0000E-04
7.0714E-05 2.0000E-04
5.5077E-05 2.0000E-04
6.4498E-05 2.0000E-04
9.1312E-05 2.0000E-04
5.3111E-05 2.0000E-04
4.9102E-05 2.0000E-04
6.4322E-05 2.0000E-04
1.0574E-04 2.0000E-04
7.0142E-05 2.0000E-04
5.5837E-05 2.0000E-04
6.6909E-05 2.0000E-04
5.8128E-05 2.0000E-04
5.8571E-05 2.0000E-04
6.6839E-05 2.0000E-04
6.5429E-05 2.0000E-04
6.4205E-05 2.0000E-04
6.3651E-05 2.0000E-04
7.6492E-05 2.0000E-04
7.4577E-05 2.0000E-04
7.0464E-05 2.0000E-04
1.1061E-04 2.0000E-04
9.1006E-05 2.0000E-04
5.3600E-05 2.0000E-04
4.6603E-05 2.0000E-04
5.9212E-05 2.0000E-04
1.2712E-04 2.0000E-04
4.2393E-05 2.0000E-04
3.0850E-05 2.0000E-04
3.9146E-05 2.0000E-04
4.6457E-05 2.0000E-04
8.2406E-05 2.0000E-04
4.2243E-05 2.0000E-04
3.5225E-05 2.0000E-04
5.1192E-05 2.0000E-04
6.3014E-05 2.0000E-04
3.9847E-05 2.0000E-04
4.1456E-05 2.0000E-04
4.8170E-05 2.0000E-04
4.0990E-05 2.0000E-04
7.5906E-05 2.0000E-04
4.3615E-05 2.0000E-04
5.1010E-05 2.0000E-04
8.0539E-05 2.0000E-04
4.5077E-05 2.0000E-04
4.4390E-05 2.0000E-04
5.0823E-05 2.0000E-04
8.7443E-05 2.0000E-04
4.7274E-05 2.0000E-04
4.0594E-05 2.0000E-04
5.3962E-05 2.0000E-04
9.0468E-05 2.0000E-04
5.0424E-05 2.0000E-04
4.7864E-05 2.0000E-04
5.4724E-05 2.0000E-04
6.7411E-05 2.0000E-04
6.8782E-05 2.0000E-04
4.9216E-05 2.0000E-04
5.5942E-05 2.0000E-04
8.6513E-05 2.0000E-04
6.8439E-05 2.0000E-04
6.6074E-05 2.0000E-04
9.1747E-05 2.0000E-04
1.4817E-04 2.0000E-04
1.8004E-04 2.0000E-04
7.4287E-05 2.0000E-04
8.0099E-05 2.0000E-04
1.0758E-04 2.0000E-04
1.4852E-04 2.0000E-04
2.4478E-04 2.0000E-04
1.6322E-04 2.0000E-04
1.4238E-04 2.0000E-04
9.0241E-05 2.0000E-04
1.0896E-04 2.0000E-04
1.3224E-04 2.0000E-04
2.0253E-04 2.0000E-04
1.3319E-04 2.0000E-04
1.4468E-04 2.0000E-04
1.0967E-04 2.0000E-04
1.2385E-04 2.0000E-04
9.9059E-05 2.0000E-04
1.0701E-04 2.0000E-04
1.6025E-04 2.0000E-04
1.1242E-04 2.0000E-04
1.0332E-04 2.0000E-04
1.3657E-04 2.0000E-04
1.5645E-04 2.0000E-04
1.1807E-04 2.0000E-04
1.3958E-04 2.0000E-04
1.8909E-04 2.0000E-04
1.2318E-04 2.0000E-04
9.5693E-05 2.0000E-04
1.2617E-04 2.0000E-04
1.9149E-04 2.0000E-04
1.3093E-04 2.0000E-04
1.1875E-04 2.0000E-04
1.4317E-04 2.0000E-04
2.2391E-04 2.0000E-04
1.7775E-04 2.0000E-04
2.0030E-04 2.0000E-04
1.2734E-04 2.0000E-04
1.2656E-04 2.0000E-04
1.5171E-04 2.0000E-04
2.9434E-04 2.0000E-04
1.4996E-04 2.0000E-04
1.3788E-04 2.0000E-04
2.2130E-04 2.0000E-04
1.8603E-04 2.0000E-04
1.9647E-04 2.0000E-04
3.1391E-04 2.0000E-04
2.0341E-04 2.0000E-04
2.2300E-04 2.0000E-04
1.7108E-04 2.0000E-04
1.8448E-04 2.0000E-04
2.0869E-04 2.0000E-04
2.4915E-04 2.0000E-04
2.4023E-04 2.0000E-04
2.7175E-04 2.0000E-04
1.5599E-04 2.0000E-04
1.4316E-04 2.0000E-04
1.7003E-04 2.0000E-04
3.8353E-04 2.0000E-04
1.6392E-04 2.0000E-04
1.6364E-04 2.0000E-04
2.6266E-04 2.0000E-04
2.5945E-04 2.0000E-04
1.6520E-04 2.0000E-04
1.1921E-04 2.0000E-04
1.8296E-04 2.0000E-04
2.4596E-04 2.0000E-04
1.4180E-04 2.0000E-04
1.7968E-04 2.0000E-04
1.9881E-04 2.0000E-04
1.2732E-04 2.0000E-04
1.5941E-04 2.0000E-04
1.6111E-04 2.0000E-04
1.4125E-04 2.0000E-04
2.0625E-04 2.0000E-04
1.5203E-04 2.0000E-04
1.4405E-04 2.0000E-04
1.1879E-04 2.0000E-04
1.3837E-04 2.0000E-04
1.6000E-04 2.0000E-04
1.0978E-04 2.0000E-04
1.0126E-04 2.0000E-04
1.3055E-04 2.0000E-04
1.0119E-04 2.0000E-04
1.1104E-04 2.0000E-04
1.5472E-04 2.0000E-04
1.2837E-04 2.0000E-04
8.6956E-05 2.0000E-04
8.4738E-05 2.0000E-04
1.1894E-04 2.0000E-04
1.2777E-04 2.0000E-04
7.7470E-05 2.0000E-04
7.6596E-05 2.0000E-04
9.7009E-05 2.0000E-04
1.4013E-04 2.0000E-04
8.2644E-05 2.0000E-04
7.3961E-05 2.0000E-04
8.4317E-05 2.0000E-04
1.3890E-04 2.0000E-04
8.0506E-05 2.0000E-04
7.4223E-05 2.0000E-04
9.4211E-05 2.0000E-04
9.2742E-05 2.0000E-04
8.2423E-05 2.0000E-04
6.6935E-05 2.0000E-04
7.1969E-05 2.0000E-04
1.0835E-04 2.0000E-04
6.5203E-05 2.0000E-04
6.4051E-05 2.0000E-04
8.3309E-05 2.0000E-04
9.6016E-05 2.0000E-04
6.5078E-05 2.0000E-04
6.8936E-05 2.0000E-04
8.6004E-05 2.0000E-04
8.2109E-05 2.0000E-04
8.7635E-05 2.0000E-04
6.6189E-05 2.0000E-04
6.8800E-05 2.0000E-04
6.5755E-05 2.0000E-04
8.6051E-05 2.0000E-04
7.6004E-05 2.0000E-04
6.1136E-05 2.0000E-04
6.8619E-05 2.0000E-04
1.0880E-04 2.0000E-04
6.4808E-05 2.0000E-04
6.4040E-05 2.0000E-04
7.2338E-05 2.0000E-04
6.0873E-05 2.0000E-04
7.5309E-05 2.0000E-04
7.5309E-05 2.0000E-04
6.9290E-05 2.0000E-04
5.7485E-05 2.0000E-04
5.9745E-05 2.0000E-04
8.0062E-05 2.0000E-04
6.0083E-05 2.0000E-04
6.7081E-05 2.0000E-04
7.1656E-05 2.0000E-04
5.9325E-05 2.0000E-04
7.3553E-05 2.0000E-04
8.3116E-05 2.0000E-04
6.4737E-05 2.0000E-04
5.7568E-05 2.0000E-04
5.9172E-05 2.0000E-04
5.6857E-05 2.0000E-04
1.0393E-04 2.0000E-04
5.6850E-05 2.0000E-04
5.2269E-05 2.0000E-04
6.5105E-05 2.0000E-04
1.1339E-04 2.0000E-04
5.6569E-05 2.0000E-04
5.3218E-05 2.0000E-04
6.4476E-05 2.0000E-04
1.2060E-04 2.0000E-04
6.3627E-05 2.0000E-04
7.0107E-05 2.0000E-04
6.2008E-05 2.0000E-04
6.0621E-05 2.0000E-04
9.4506E-05 2.0000E-04
6.2589E-05 2.0000E-04
5.8277E-05 2.0000E-04
6.9979E-05 2.0000E-04
1.0426E-04 2.0000E-04
6.3352E-05 2.0000E-04
6.8174E-05 2.0000E-04
7.7904E-05 2.0000E-04
7.9557E-05 2.0000E-04
7.6235E-05 2.0000E-04
6.5608E-05 2.0000E-04
6.4840E-05 2.0000E-04
9.4631E-05 2.0000E-04
7.0256E-05 2.0000E-04
7.4527E-05 2.0000E-04
7.5994E-05 2.0000E-04
6.1848E-05 2.0000E-04
6.3332E-05 2.0000E-04
8.4933E-05 2.0000E-04
6.3257E-05 2.0000E-04
5.5403E-05 2.0000E-04
7.2128E-05 2.0000E-04
6.1606E-05 2.0000E-04
5.4494E-05 2.0000E-04
7.3058E-05 2.0000E-04
6.1520E-05 2.0000E-04
5.1271E-05 2.0000E-04
5.7607E-05 2.0000E-04
7.3039E-05 2.0000E-04
5.1641E-05 2.0000E-04
5.5610E-05 2.0000E-04
4.9258E-05 2.0000E-04
4.3734E-05 2.0000E-04
5.8887E-05 2.0000E-04
5.4243E-05 2.0000E-04
4.2126E-05 2.0000E-04
4.0220E-05 2.0000E-04
7.2807E-05 2.0000E-04
4.5462E-05 2.0000E-04
3.6652E-05 2.0000E-04
3.7458E-05 2.0000E-04
7.2516E-05 2.0000E-04
3.5253E-05 2.0000E-04
3.1337E-05 2.0000E-04
4.9836E-05 2.0000E-04
6.1186E-05 2.0000E-04
2.8939E-05 2.0000E-04
2.5475E-05 2.0000E-04
3.1349E-05 2.0000E-04
5.8120E-05 2.0000E-04
2.8724E-05 2.0000E-04
2.6158E-05 2.0000E-04
3.4678E-05 2.0000E-04
5.4584E-05 2.0000E-04
2.9099E-05 2.0000E-04
2.5376E-05 2.0000E-04
3.3021E-05 2.0000E-04
4.8956E-05 2.0000E-04
3.1943E-05 2.0000E-04
2.6263E-05 2.0000E-04
3.3466E-05 2.0000E-04
4.1301E-05 2.0000E-04
3.1047E-05 2.0000E-04
2.7399E-05 2.0000E-04
3.3955E-05 2.0000E-04
3.2121E-05 2.0000E-04
3.4986E-05 2.0000E-04
3.0953E-05 2.0000E-04
2.6650E-05 2.0000E-04
3.0316E-05 2.0000E-04
5.3252E-05 2.0000E-04
3.0091E-05 2.0000E-04
2.6832E-05 2.0000E-04
3.1079E-05 2.0000E-04
5.6889E-05 2.0000E-04
2.9331E-05 2.0000E-04
2.7275E-05 2.0000E-04
3.3704E-05 2.0000E-04
5.8134E-05 2.0000E-04
3.2148E-05 2.0000E-04
2.9216E-05 2.0000E-04
3.3782E-05 2.0000E-04
5.8661E-05 2.0000E-04
3.3624E-05 2.0000E-04
2.6220E-05 2.0000E-04
3.2397E-05 2.0000E-04
5.3728E-05 2.0000E-04
3.5460E-05 2.0000E-04
2.9130E-05 2.0000E-04
3.0823E-05 2.0000E-04
2.9105E-05 2.0000E-04
8.3697E-05 2.0000E-04
3.1449E-05 2.0000E-04
2.2337E-05 2.0000E-04
2.9389E-05 2.0000E-04
3.9464E-05 2.0000E-04
5.1311E-05 2.0000E-04
2.9363E-05 2.0000E-04
3.1469E-05 2.0000E-04
3.5465E-05 2.0000E-04
5.2526E-05 2.0000E-04
3.3890E-05 2.0000E-04
3.3498E-05 2.0000E-04
3.8022E-05 2.0000E-04
6.0632E-05 2.0000E-04
3.6401E-05 2.0000E-04
3.3075E-05 2.0000E-04
3.6881E-05 2.0000E-04
5.8714E-05 2.0000E-04
4.3919E-05 2.0000E-04
3.8345E-05 2.0000E-04
5.0974E-05 2.0000E-04
6.9218E-05 2.0000E-04
4.8075E-05 2.0000E-04
6.7751E-05 2.0000E-04
5.8932E-05 2.0000E-04
4.0449E-05 2.0000E-04
4.6410E-05 2.0000E-04
6.8432E-05 2.0000E-04
6.2804E-05 2.0000E-04
5.9535E-05 2.0000E-04
7.6557E-05 2.0000E-04
8.6220E-05 2.0000E-04
7.6767E-05 2.0000E-04
1.1640E-04 2.0000E-04
1.1108E-04 2.0000E-04
1.5501E-04 2.0000E-04
7.6262E-05 2.0000E-04
7.0324E-05 2.0000E-04
8.8513E-05 2.0000E-04
1.5793E-04 2.0000E-04
8.7194E-05 2.0000E-04
6.5755E-05 2.0000E-04
1.0714E-04 2.0000E-04
9.9273E-05 2.0000E-04
7.0502E-05 2.0000E-04
8.0473E-05 2.0000E-04
8.6085E-05 2.0000E-04
7.6869E-05 2.0000E-04
1.3791E-04 2.0000E-04
7.0720E-05 2.0000E-04
6.0748E-05 2.0000E-04
6.1890E-05 2.0000E-04
1.1875E-04 2.0000E-04
5.9282E-05 2.0000E-04
5.4982E-05 2.0000E-04
6.3521E-05 2.0000E-04
1.2966E-04 2.0000E-04
5.2203E-05 2.0000E-04
4.9799E-05 2.0000E-04
6.0262E-05 2.0000E-04
1.0331E-04 2.0000E-04
5.6460E-05 2.0000E-04
4.5117E-05 2.0000E-04
6.2186E-05 2.0000E-04
8.0674E-05 2.0000E-04
5.4041E-05 2.0000E-04
5.1272E-05 2.0000E-04
6.1286E-05 2.0000E-04
5.2896E-05 2.0000E-04
1.0324E-04 2.0000E-04
4.7303E-05 2.0000E-04
4.3299E-05 2.0000E-04
6.0283E-05 2.0000E-04
1.0640E-04 2.0000E-04
4.8848E-05 2.0000E-04
4.0728E-05 2.0000E-04
5.0402E-05 2.0000E-04
7.4688E-05 2.0000E-04
8.0873E-05 2.0000E-04
3.6723E-05 2.0000E-04
3.9178E-05 2.0000E-04
5.0388E-05 2.0000E-04
9.8022E-05 2.0000E-04
4.2829E-05 2.0000E-04
3.7298E-05 2.0000E-04
4.5762E-05 2.0000E-04
7.9374E-05 2.0000E-04
4.1224E-05 2.0000E-04
3.4984E-05 2.0000E-04
4.3221E-05 2.0000E-04
8.0731E-05 2.0000E-04
4.2292E-05 2.0000E-04
3.5245E-05 2.0000E-04
4.4439E-05 2.0000E-04
7.1815E-05 2.0000E-04
4.5928E-05 2.0000E-04
4.1712E-05 2.0000E-04
4.7910E-05 2.0000E-04
4.9209E-05 2.0000E-04
4.8678E-05 2.0000E-04
4.0686E-05 2.0000E-04
4.1216E-05 2.0000E-04
5.3130E-05 2.0000E-04
5.9517E-05 2.0000E-04
4.3285E-05 2.0000E-04
4.7945E-05 2.0000E-04
5.9215E-05 2.0000E-04
4.9507E-05 2.0000E-04
9.5092E-05 2.0000E-04
7.2080E-05 2.0000E-04
7.5515E-05 2.0000E-04
4.8544E-05 2.0000E-04
5.4628E-05 2.0000E-04
6.7003E-05 2.0000E-04
6.9307E-05 2.0000E-04
8.5412E-05 2.0000E-04
6.3459E-05 2.0000E-04
8.3537E-05 2.0000E-04
7.2842E-05 2.0000E-04
5.5346E-05 2.0000E-04
6.7236E-05 2.0000E-04
8.2750E-05 2.0000E-04
5.8557E-05 2.0000E-04
6.3004E-05 2.0000E-04
7.4541E-05 2.0000E-04
8.5509E-05 2.0000E-04
6.5997E-05 2.0000E-04
5.4185E-05 2.0000E-04
5.6277E-05 2.0000E-04
8.1387E-05 2.0000E-04
7.8062E-05 2.0000E-04
4.9594E-05 2.0000E-04
5.9081E-05 2.0000E-04
6.6817E-05 2.0000E-04
5.0212E-05 2.0000E-04
6.1805E-05 2.0000E-04
6.0691E-05 2.0000E-04
5.5073E-05 2.0000E-04
9.0046E-05 2.0000E-04
4.6167E-05 2.0000E-04
5.4020E-05 2.0000E-04
6.4488E-05 2.0000E-04
7.1151E-05 2.0000E-04
4.7660E-05 2.0000E-04
5.3482E-05 2.0000E-04
7.0351E-05 2.0000E-04
5.4384E-05 2.0000E-04
5.0680E-05 2.0000E-04
5.8893E-05 2.0000E-04
6.4552E-05 2.0000E-04
5.1154E-05 2.0000E-04
5.2845E-05 2.0000E-04
5.8810E-05 2.0000E-04
5.9706E-05 2.0000E-04
5.0340E-05 2.0000E-04
5.5145E-05 2.0000E-04
6.4056E-05 2.0000E-04
5.6982E-05 2.0000E-04
5.1167E-05 2.0000E-04
5.6196E-05 2.0000E-04
5.7740E-05 2.0000E-04
4.4619E-05 2.0000E-04
4.5558E-05 2.0000E-04
5.0910E-05 2.0000E-04
4.9096E-05 2.0000E-04
4.6197E-05 2.0000E-04
4.1051E-05 2.0000E-04
3.9676E-05 2.0000E-04
5.5711E-05 2.0000E-04
3.9196E-05 2.0000E-04
3.8956E-05 2.0000E-04
4.9336E-05 2.0000E-04
5.2112E-05 2.0000E-04
3.2678E-05 2.0000E-04
3.5178E-05 2.0000E-04
4.3791E-05 2.0000E-04
4.1668E-05 2.0000E-04
4.2724E-05 2.0000E-04
3.3639E-05 2.0000E-04
3.6198E-05 2.0000E-04
4.3931E-05 2.0000E-04
3.5145E-05 2.0000E-04
3.3239E-05 2.0000E-04
3.6351E-05 2.0000E-04
3.8545E-05 2.0000E-04
3.7621E-05 2.0000E-04
3.9544E-05 2.0000E-04
3.9544E-05 2.0000E-04
3.5887E-05 2.0000E-04
3.9108E-05 2.0000E-04
4.0683E-05 2.0000E-04
3.4398E-05 2.0000E-04
3.8109E-05 2.0000E-04
4.6950E-05 2.0000E-04
4.0722E-05 2.0000E-04
5.4490E-05 2.0000E-04
4.7689E-05 2.0000E-04
3.7356E-05 2.0000E-04
4.2161E-05 2.0000E-04
5.2688E-05 2.0000E-04
4.6848E-05 2.0000E-04
6.8536E-05 2.0000E-04
4.8462E-05 2.0000E-04
6.3092E-05 2.0000E-04
4.3699E-05 2.0000E-04
4.8200E-05 2.0000E-04
6.4896E-05 2.0000E-04
6.4527E-05 2.0000E-04
5.8915E-05 2.0000E-04
1.2023E-04 2.0000E-04
1.3137E-04 2.0000E-04
4.7003E-05 2.0000E-04
4.6028E-05 2.0000E-04
9.2356E-05 2.0000E-04
8.6299E-05 2.0000E-04
7.1029E-05 2.0000E-04
7.5460E-05 2.0000E-04
7.5795E-05 2.0000E-04
6.5108E-05 2.0000E-04
6.3253E-05 2.0000E-04
1.1793E-04 2.0000E-04
1.3633E-04 2.0000E-04
6.4623E-05 2.0000E-04
7.0772E-05 2.0000E-04
8.2831E-05 2.0000E-04
2.0348E-04 2.0000E-04
7.3216E-05 2.0000E-04
6.0466E-05 2.0000E-04
7.1957E-05 2.0000E-04
1.2297E-04 2.0000E-04
6.0641E-05 2.0000E-04
5.3809E-05 2.0000E-04
6.8541E-05 2.0000E-04
1.7226E-04 2.0000E-04
6.5071E-05 2.0000E-04
5.3054E-05 2.0000E-04
6.4146E-05 2.0000E-04
1.0377E-04 2.0000E-04
7.6197E-05 2.0000E-04
5.8057E-05 2.0000E-04
6.8543E-05 2.0000E-04
9.6506E-05 2.0000E-04
8.4745E-05 2.0000E-04
6.8098E-05 2.0000E-04
5.6199E-05 2.0000E-04
6.0485E-05 2.0000E-04
8.1781E-05 2.0000E-04
5.5165E-05 2.0000E-04
5.3375E-05 2.0000E-04
6.5049E-05 2.0000E-04
6.9173E-05 2.0000E-04
5.8538E-05 2.0000E-04
5.9134E-05 2.0000E-04
6.3561E-05 2.0000E-04
5.8715E-05 2.0000E-04
4.9888E-05 2.0000E-04
5.7712E-05 2.0000E-04
6.1634E-05 2.0000E-04
4.6857E-05 2.0000E-04
5.5867E-05 2.0000E-04
5.3416E-05 2.0000E-04
4.3464E-05 2.0000E-04
6.1832E-05 2.0000E-04
5.3891E-05 2.0000E-04
4.4952E-05 2.0000E-04
5.3241E-05 2.0000E-04
7.6686E-05 2.0000E-04
4.5104E-05 2.0000E-04
4.7114E-05 2.0000E-04
4.6689E-05 2.0000E-04
3.7981E-05 2.0000E-04
6.3265E-05 2.0000E-04
4.2325E-05 2.0000E-04
3.5108E-05 2.0000E-04
3.9172E-05 2.0000E-04
7.2116E-05 2.0000E-04
3.9421E-05 2.0000E-04
3.2317E-05 2.0000E-04
3.7485E-05 2.0000E-04
6.5350E-05 2.0000E-04
4.0801E-05 2.0000E-04
2.9338E-05 2.0000E-04
3.5823E-05 2.0000E-04
4.8717E-05 2.0000E-04
3.5581E-05 2.0000E-04
3.9379E-05 2.0000E-04
4.1227E-05 2.0000E-04
3.3685E-05 2.0000E-04
4.7423E-05 2.0000E-04
4.0517E-05 2.0000E-04
3.1286E-05 2.0000E-04
2.9714E-05 2.0000E-04
4.5536E-05 2.0000E-04
3.3694E-05 2.0000E-04
3.2940E-05 2.0000E-04
3.9410E-05 2.0000E-04
3.2563E-05 2.0000E-04
3.5847E-05 2.0000E-04
3.9057E-05 2.0000E-04
2.8130E-05 2.0000E-04
2.9773E-05 2.0000E-04
3.5349E-05 2.0000E-04
2.8102E-05 2.0000E-04
3.8252E-05 2.0000E-04
3.8505E-05 2.0000E-04
2.4856E-05 2.0000E-04
2.3496E-05 2.0000E-04
3.4095E-05 2.0000E-04
2.7909E-05 2.0000E-04
4.5730E-05 2.0000E-04
2.6613E-05 2.0000E-04
2.3558E-05 2.0000E-04
3.3717E-05 2.0000E-04
4.2036E-05 2.0000E-04
2.6624E-05 2.0000E-04
2.4973E-05 2.0000E-04
2.9756E-05 2.0000E-04
3.4965E-05 2.0000E-04
4.4904E-05 2.0000E-04
2.7710E-05 2.0000E-04
2.4898E-05 2.0000E-04
2.9238E-05 2.0000E-04
4.4241E-05 2.0000E-04
3.1049E-05 2.0000E-04
2.8884E-05 2.0000E-04
3.8235E-05 2.0000E-04
4.8822E-05 2.0000E-04
3.6053E-05 2.0000E-04
4.1231E-05 2.0000E-04
3.7245E-05 2.0000E-04
3.7030E-05 2.0000E-04
6.5535E-05 2.0000E-04
4.3700E-05 2.0000E-04
4.1336E-05 2.0000E-04
6.5409E-05 2.0000E-04
7.1129E-05 2.0000E-04
5.3357E-05 2.0000E-04
6.6369E-05 2.0000E-04
7.0517E-05 2.0000E-04
7.3630E-05 2.0000E-04
1.5747E-04 2.0000E-04
1.7131E-04 2.0000E-04
9.3155E-05 2.0000E-04
5.1347E-05 2.0000E-04
7.0512E-05 2.0000E-04
9.6016E-05 2.0000E-04
1.0831E-04 2.0000E-04
7.1103E-05 2.0000E-04
7.7251E-05 2.0000E-04
8.2536E-05 2.0000E-04
9.4438E-05 2.0000E-04
6.2698E-05 2.0000E-04
6.5174E-05 2.0000E-04
7.5249E-05 2.0000E-04
8.9676E-05 2.0000E-04
5.9118E-05 2.0000E-04
5.6865E-05 2.0000E-04
6.5802E-05 2.0000E-04
8.0234E-05 2.0000E-04
5.8630E-05 2.0000E-04
5.0895E-05 2.0000E-04
5.7867E-05 2.0000E-04
7.4358E-05 2.0000E-04
4.9926E-05 2.0000E-04
4.8349E-05 2.0000E-04
6.5226E-05 2.0000E-04
4.8561E-05 2.0000E-04
4.9942E-05 2.0000E-04
5.5213E-05 2.0000E-04
5.2754E-05 2.0000E-04
4.4667E-05 2.0000E-04
4.8193E-05 2.0000E-04
4.4697E-05 2.0000E-04
4.0692E-05 2.0000E-04
5.5800E-05 2.0000E-04
3.9837E-05 2.0000E-04
3.8051E-05 2.0000E-04
4.9102E-05 2.0000E-04
6.4502E-05 2.0000E-04
3.4231E-05 2.0000E-04
3.3050E-05 2.0000E-04
3.8819E-05 2.0000E-04
6.9334E-05 2.0000E-04
3.3078E-05 2.0000E-04
3.1162E-05 2.0000E-04
3.7291E-05 2.0000E-04
7.2598E-05 2.0000E-04
3.6181E-05 2.0000E-04
2.8755E-05 2.0000E-04
3.4925E-05 2.0000E-04
5.3305E-05 2.0000E-04
3.2277E-05 2.0000E-04
2.7347E-05 2.0000E-04
3.3580E-05 2.0000E-04
4.6057E-05 2.0000E-04
3.1510E-05 2.0000E-04
2.6930E-05 2.0000E-04
3.1517E-05 2.0000E-04
3.3160E-05 2.0000E-04
3.7911E-05 2.0000E-04
2.5866E-05 2.0000E-04
2.7707E-05 2.0000E-04
3.3211E-05 2.0000E-04
3.4230E-05 2.0000E-04
2.6812E-05 2.0000E-04
2.6333E-05 2.0000E-04
3.0583E-05 2.0000E-04
3.7780E-05 2.0000E-04
2.3567E-05 2.0000E-04
2.6151E-05 2.0000E-04
4.5523E-05 2.0000E-04
2.5323E-05 2.0000E-04
2.0550E-05 2.0000E-04
2.5701E-05 2.0000E-04
3.5586E-05 2.0000E-04
2.2529E-05 2.0000E-04
2.0064E-05 2.0000E-04
2.4607E-05 2.0000E-04
2.6960E-05 2.0000E-04
2.3978E-05 2.0000E-04
2.2175E-05 2.0000E-04
2.1789E-05 2.0000E-04
2.2052E-05 2.0000E-04
3.2416E-05 2.0000E-04
2.1983E-05 2.0000E-04
2.0194E-05 2.0000E-04
2.7182E-05 2.0000E-04
2.6170E-05 2.0000E-04
2.7452E-05 2.0000E-04
2.7541E-05 2.0000E-04
2.1163E-05 2.0000E-04
1.9681E-05 2.0000E-04
2.7020E-05 2.0000E-04
2.5488E-05 2.0000E-04
2.0790E-05 2.0000E-04
2.7933E-05 2.0000E-04
2.7328E-05 2.0000E-04
2.2248E-05 2.0000E-04
2.5931E-05 2.0000E-04
3.6959E-05 2.0000E-04
2.4460E-05 2.0000E-04
2.2351E-05 2.0000E-04
2.8709E-05 2.0000E-04
2.3935E-05 2.0000E-04
3.2880E-05 2.0000E-04
2.4528E-05 2.0000E-04
2.3738E-05 2.0000E-04
3.1703E-05 2.0000E-04
3.5226E-05 2.0000E-04
2.2117E-05 2.0000E-04
2.5367E-05 2.0000E-04
3.0198E-05 2.0000E-04
3.0141E-05 2.0000E-04
3.5886E-05 2.0000E-04
2.9124E-05 2.0000E-04
3.0662E-05 2.0000E-04
3.0853E-05 2.0000E-04
3.2683E-05 2.0000E-04
3.6499E-05 2.0000E-04
3.1142E-05 2.0000E-04
2.7976E-05 2.0000E-04
4.3326E-05 2.0000E-04
3.5108E-05 2.0000E-04
3.0898E-05 2.0000E-04
4.2867E-05 2.0000E-04
4.2328E-05 2.0000E-04
3.7506E-05 2.0000E-04
5.1668E-05 2.0000E-04
4.0638E-05 2.0000E-04
3.9157E-05 2.0000E-04
4.9261E-05 2.0000E-04
5.4086E-05 2.0000E-04
3.7838E-05 2.0000E-04
4.2915E-05 2.0000E-04
5.3537E-05 2.0000E-04
4.4073E-05 2.0000E-04
7.7749E-05 2.0000E-04
4.2007E-05 2.0000E-04
3.9322E-05 2.0000E-04
4.6324E-05 2.0000E-04
6.5530E-05 2.0000E-04
4.0514E-05 2.0000E-04
3.9057E-05 2.0000E-04
4.5822E-05 2.0000E-04
6.7884E-05 2.0000E-04
4.0714E-05 2.0000E-04
4.0377E-05 2.0000E-04
4.8102E-05 2.0000E-04
5.3828E-05 2.0000E-04
3.7413E-05 2.0000E-04
3.9268E-05 2.0000E-04
5.2392E-05 2.0000E-04
4.1426E-05 2.0000E-04
4.9059E-05 2.0000E-04
4.6314E-05 2.0000E-04
4.6805E-05 2.0000E-04
4.8450E-05 2.0000E-04
4.4370E-05 2.0000E-04
4.0079E-05 2.0000E-04
5.6281E-05 2.0000E-04
5.6949E-05 2.0000E-04
4.3611E-05 2.0000E-04
5.8383E-05 2.0000E-04
4.9858E-05 2.0000E-04
4.0657E-05 2.0000E-04
5.3753E-05 2.0000E-04
6.6461E-05 2.0000E-04
4.5500E-05 2.0000E-04
4.5475E-05 2.0000E-04
4.7645E-05 2.0000E-04
4.4864E-05 2.0000E-04
8.0307E-05 2.0000E-04
4.8632E-05 2.0000E-04
4.7246E-05 2.0000E-04
4.0328E-05 2.0000E-04
4.8264E-05 2.0000E-04
6.1518E-05 2.0000E-04
4.0824E-05 2.0000E-04
3.6466E-05 2.0000E-04
4.7964E-05 2.0000E-04
5.9903E-05 2.0000E-04
4.5962E-05 2.0000E-04
3.8411E-05 2.0000E-04
4.5840E-05 2.0000E-04
6.5211E-05 2.0000E-04
3.9474E-05 2.0000E-04
4.2048E-05 2.0000E-04
7.3266E-05 2.0000E-04
4.7754E-05 2.0000E-04
3.6582E-05 2.0000E-04
3.8783E-05 2.0000E-04
5.1188E-05 2.0000E-04
4.3086E-05 2.0000E-04
3.6048E-05 2.0000E-04
3.8606E-05 2.0000E-04
5.0607E-05 2.0000E-04
3.6597E-05 2.0000E-04
3.5403E-05 2.0000E-04
4.1459E-05 2.0000E-04
3.8328E-05 2.0000E-04
3.7064E-05 2.0000E-04
3.9436E-05 2.0000E-04
3.4879E-05 2.0000E-04
3.6635E-05 2.0000E-04
4.6056E-05 2.0000E-04
3.3848E-05 2.0000E-04
3.2794E-05 2.0000E-04
4.8407E-05 2.0000E-04
3.2791E-05 2.0000E-04
3.2235E-05 2.0000E-04
3.7310E-05 2.0000E-04
3.3141E-05 2.0000E-04
3.4020E-05 2.0000E-04
2.9957E-05 2.0000E-04
3.1454E-05 2.0000E-04
4.5187E-05 2.0000E-04
2.9066E-05 2.0000E-04
2.7852E-05 2.0000E-04
3.5091E-05 2.0000E-04
4.2782E-05 2.0000E-04
2.7353E-05 2.0000E-04
2.4793E-05 2.0000E-04
3.0749E-05 2.0000E-04
2.7642E-05 2.0000E-04
4.2169E-05 2.0000E-04
2.4998E-05 2.0000E-04
2.3802E-05 2.0000E-04
2.9429E-05 2.0000E-04
3.8366E-05 2.0000E-04
2.3296E-05 2.0000E-04
2.4719E-05 2.0000E-04
2.7115E-05 2.0000E-04
3.7892E-05 2.0000E-04
2.5870E-05 2.0000E-04
2.1896E-05 2.0000E-04
2.4109E-05 2.0000E-04
3.9199E-05 2.0000E-04
2.2694E-05 2.0000E-04
2.0206E-05 2.0000E-04
2.3075E-05 2.0000E-04
4.5385E-05 2.0000E-04
1.8578E-05 2.0000E-04
1.7866E-05 2.0000E-04
2.1968E-05 2.0000E-04
4.5141E-05 2.0000E-04
2.1027E-05 2.0000E-04
1.7045E-05 2.0000E-04
1.9297E-05 2.0000E-04
2.6406E-05 2.0000E-04
2.4645E-05 2.0000E-04
1.6154E-05 2.0000E-04
1.8052E-05 2.0000E-04
2.0328E-05 2.0000E-04
1.6326E-05 2.0000E-04
2.7878E-05 2.0000E-04
1.6523E-05 2.0000E-04
1.4857E-05 2.0000E-04
1.6468E-05 2.0000E-04
2.1794E-05 2.0000E-04
1.4715E-05 2.0000E-04
1.3721E-05 2.0000E-04
1.5149E-05 2.0000E-04
2.4853E-05 2.0000E-04
1.2002E-05 2.0000E-04
1.1760E-05 2.0000E-04
1.3541E-05 2.0000E-04
2.5953E-05 2.0000E-04
1.1632E-05 2.0000E-04
1.0501E-05 2.0000E-04
1.2714E-05 2.0000E-04
2.2733E-05 2.0000E-04
1.2033E-05 2.0000E-04
9.7091E-06 2.0000E-04
1.2617E-05 2.0000E-04
2.0993E-05 2.0000E-04
1.1520E-05 2.0000E-04
9.9546E-06 2.0000E-04
1.2296E-05 2.0000E-04
1.4691E-05 2.0000E-04
1.3664E-05 2.0000E-04
1.0349E-05 2.0000E-04
1.0958E-05 2.0000E-04
1.2446E-05 2.0000E-04
1.3626E-05 2.0000E-04
1.2657E-05 2.0000E-04
9.3164E-06 2.0000E-04
9.2503E-06 2.0000E-04
1.6080E-05 2.0000E-04
1.0115E-05 2.0000E-04
8.7275E-06 2.0000E-04
1.2035E-05 2.0000E-04
1.0862E-05 2.0000E-04
9.7020E-06 2.0000E-04
1.3009E-05 2.0000E-04
1.0362E-05 2.0000E-04
