347.5
164.4
163.6
161.1
178.2
167.2
165.4
163.7
175.0
166.3
159.5
159.2
172.2
170.9
168.6
172.7
184.9
168.1
162.4
164.8
181.1
165.5
162.6
162.9
214.7
159.8
160.8
163.6
172.5
164.6
168.8
162.7
177.7
161.2
161.3
169.3
186.1
165.3
165.5
163.6
192.5
157.9
163.5
164.3
192.8
157.6
183.4
167.8
174.4
159.1
151.4
162.1
163.0
183.1
159.2
161.0
174.6
183.0
170.1
166.5
178.1
179.2
166.0
174.2
177.3
161.8
172.1
169.0
195.5
155.2
154.0
154.3
160.9
159.1
165.0
166.2
163.8
177.1
181.0
168.0
173.3
176.6
168.7
175.5
177.0
160.3
165.4
166.6
161.3
163.2
197.6
153.9
150.8
156.7
156.4
151.8
165.5
160.0
166.1
174.8
171.6
171.2
177.4
170.1
172.8
175.3
160.0
160.3
162.1
166.0
182.6
184.5
157.0
153.7
159.6
153.5
162.4
166.7
162.5
173.5
167.5
167.1
174.1
178.3
172.7
166.8
172.3
167.1
164.7
178.4
191.7
156.5
150.7
155.7
158.7
171.7
162.6
165.0
171.6
171.9
172.4
174.6
173.3
177.0
175.1
175.0
159.6
163.9
189.1
190.6
157.7
157.6
156.2
168.2
163.2
165.0
161.2
174.7
171.5
171.7
177.7
171.2
171.3
176.7
168.9
174.1
176.2
179.3
195.8
155.3
153.6
156.1
169.8
159.9
160.3
165.4
178.6
169.5
169.1
179.6
175.5
166.3
177.2
171.9
167.8
174.3
162.5
159.5
176.4
179.4
149.8
158.3
153.6
160.0
169.4
163.6
171.9
178.5
172.3
165.5
173.7
166.2
170.8
171.5
171.6
167.6
170.5
157.1
162.7
152.5
186.9
196.8
158.3
158.9
155.5
160.2
157.7
172.5
172.7
167.6
174.8
176.1
171.3
170.4
179.7
172.7
169.1
172.0
172.5
167.2
150.8
189.8
191.4
185.9
159.0
186.9
196.3
190.4
188.4
153.3
174.4
158.1
155.7
159.2
158.2
157.6
150.7
160.3
155.0
161.1
158.8
143.0
147.8
146.0
155.5
143.3
140.7
160.9
160.7
145.9
155.9
141.7
140.7
155.3
143.6
