Max Step   Target
1.1821E-02 1.2000E-03
1.1056E-01 1.2000E-03
3.0291E-02 1.2000E-03
5.4558E-02 1.2000E-03
4.7314E-02 1.2000E-03
3.1364E-02 1.2000E-03
1.1611E-02 1.2000E-03
2.3782E-02 1.2000E-03
4.4255E-02 1.2000E-03
2.1004E-02 1.2000E-03
1.9721E-02 1.2000E-03
3.5010E-02 1.2000E-03
6.2516E-02 1.2000E-03
9.0495E-02 1.2000E-03
1.8640E-02 1.2000E-03
6.0802E-03 1.2000E-03
1.2773E-02 1.2000E-03
3.0802E-02 1.2000E-03
2.4121E-02 1.2000E-03
1.4138E-02 1.2000E-03
1.4640E-02 1.2000E-03
2.3193E-02 1.2000E-03
2.8452E-02 1.2000E-03
8.3077E-03 1.2000E-03
1.3208E-02 1.2000E-03
1.1023E-02 1.2000E-03
1.3466E-02 1.2000E-03
2.3121E-02 1.2000E-03
3.4268E-03 1.2000E-03
2.0777E-03 1.2000E-03
7.7421E-03 1.2000E-03
7.8500E-03 1.2000E-03
5.7576E-03 1.2000E-03
1.4345E-02 1.2000E-03
6.7907E-03 1.2000E-03
1.9998E-03 1.2000E-03
4.8399E-03 1.2000E-03
2.9182E-03 1.2000E-03
8.0461E-03 1.2000E-03
5.6001E-03 1.2000E-03
5.0073E-03 1.2000E-03
3.3413E-03 1.2000E-03
3.8290E-03 1.2000E-03
5.4788E-03 1.2000E-03
4.1953E-03 1.2000E-03
4.1755E-03 1.2000E-03
4.2755E-03 1.2000E-03
3.6028E-03 1.2000E-03
9.4194E-03 1.2000E-03
5.1487E-03 1.2000E-03
2.2064E-03 1.2000E-03
4.3075E-03 1.2000E-03
4.5438E-03 1.2000E-03
3.5365E-03 1.2000E-03
3.5198E-03 1.2000E-03
3.1436E-03 1.2000E-03
1.9789E-03 1.2000E-03
4.2949E-03 1.2000E-03
2.8312E-03 1.2000E-03
1.3554E-03 1.2000E-03
2.6509E-03 1.2000E-03
1.9163E-03 1.2000E-03
4.7128E-03 1.2000E-03
4.5320E-03 1.2000E-03
1.0196E-03 1.2000E-03
1.5287E-03 1.2000E-03
1.6176E-03 1.2000E-03
4.5767E-03 1.2000E-03
2.6374E-03 1.2000E-03
1.4401E-03 1.2000E-03
2.3192E-03 1.2000E-03
1.8022E-03 1.2000E-03
1.7529E-03 1.2000E-03
1.9171E-03 1.2000E-03
2.4318E-03 1.2000E-03
1.7667E-03 1.2000E-03
3.4684E-03 1.2000E-03
6.4593E-04 1.2000E-03
1.2580E-03 1.2000E-03
1.8938E-03 1.2000E-03
2.5897E-03 1.2000E-03
2.4147E-03 1.2000E-03
1.9596E-03 1.2000E-03
1.2648E-03 1.2000E-03
1.3779E-03 1.2000E-03
5.2942E-04 1.2000E-03
1.3555E-03 1.2000E-03
2.0173E-03 1.2000E-03
2.8497E-03 1.2000E-03
7.5441E-04 1.2000E-03
1.4682E-03 1.2000E-03
4.6218E-04 1.2000E-03
2.2045E-03 1.2000E-03
8.9574E-04 1.2000E-03
1.0435E-03 1.2000E-03
