303.0
131.5
116.9
128.3
121.3
114.6
123.4
120.9
121.4
117.5
122.3
121.1
120.7
121.0
125.7
118.6
115.9
122.2
126.1
123.6
117.4
116.4
118.0
119.8
118.8
121.0
122.2
119.8
117.2
121.0
119.6
133.6
119.1
113.3
116.8
119.6
121.9
114.9
118.2
118.7
116.2
114.1
124.5
119.4
119.9
123.8
119.6
119.4
118.4
117.1
121.8
116.8
122.4
117.7
119.8
116.9
118.0
126.1
118.8
114.1
119.9
126.8
118.0
128.8
113.0
119.2
122.0
120.8
122.1
117.0
119.6
117.7
121.0
115.8
120.1
120.1
116.2
120.1
124.7
120.9
117.0
118.4
117.4
117.4
124.5
122.3
117.8
118.8
120.9
124.6
124.2
119.2
120.7
123.1
119.4
121.0
120.3
118.3
118.7
120.1
127.0
116.5
130.7
122.5
125.4
118.5
117.1
118.1
117.6
119.6
120.3
119.9
119.0
118.2
119.7
122.9
123.7
126.0
117.0
117.1
119.1
121.0
119.6
116.9
117.0
118.3
123.7
122.1
116.9
118.1
120.7
120.4
117.9
117.6
122.6
116.6
121.0
118.2
123.2
121.1
118.3
117.4
118.7
128.4
117.3
120.4
122.7
130.4
114.9
115.6
119.0
120.5
117.8
116.6
115.1
117.5
117.1
117.4
112.3
115.5
120.6
119.1
115.5
123.9
117.6
117.7
112.6
117.5
130.3
114.4
115.1
120.0
120.8
116.5
117.9
117.2
122.5
117.3
115.8
127.2
115.8
123.2
117.9
115.3
119.1
126.5
118.3
124.3
116.6
119.3
119.2
115.3
118.4
114.6
119.2
118.6
116.5
113.6
121.3
118.5
126.8
118.6
113.9
119.6
114.3
116.6
116.7
117.0
124.3
117.8
117.2
130.4
115.0
119.6
132.6
122.0
118.7
111.3
121.2
116.5
122.8
128.3
112.4
118.3
115.7
118.2
124.9
115.8
117.6
118.9
117.6
119.4
125.5
119.2
118.9
119.9
119.2
119.5
116.8
117.7
119.0
118.3
116.8
118.1
121.8
118.1
119.8
119.8
118.3
123.6
115.7
115.4
118.0
115.8
116.9
118.6
120.4
119.2
113.0
