Max Step   Target
1.2843E-03 1.2000E-03
4.2115E-03 1.2000E-03
4.8593E-03 1.2000E-03
1.5601E-02 1.2000E-03
8.7578E-03 1.2000E-03
3.4219E-03 1.2000E-03
2.8376E-03 1.2000E-03
3.1646E-03 1.2000E-03
1.2406E-02 1.2000E-03
1.9282E-02 1.2000E-03
3.8716E-03 1.2000E-03
2.4871E-03 1.2000E-03
6.2761E-03 1.2000E-03
9.1568E-03 1.2000E-03
1.0411E-02 1.2000E-03
7.4432E-03 1.2000E-03
6.1754E-03 1.2000E-03
9.1809E-03 1.2000E-03
1.4040E-02 1.2000E-03
2.3031E-03 1.2000E-03
9.2561E-04 1.2000E-03
4.5901E-03 1.2000E-03
9.4718E-03 1.2000E-03
2.0930E-02 1.2000E-03
3.5226E-03 1.2000E-03
3.1125E-03 1.2000E-03
6.6058E-03 1.2000E-03
1.3537E-02 1.2000E-03
1.3781E-02 1.2000E-03
2.8508E-03 1.2000E-03
7.4969E-03 1.2000E-03
8.1806E-03 1.2000E-03
7.1689E-03 1.2000E-03
1.4853E-02 1.2000E-03
8.0782E-03 1.2000E-03
2.6080E-03 1.2000E-03
1.9926E-02 1.2000E-03
5.1890E-03 1.2000E-03
2.3929E-03 1.2000E-03
1.0607E-02 1.2000E-03
1.3825E-02 1.2000E-03
1.0544E-02 1.2000E-03
1.1683E-02 1.2000E-03
9.9862E-03 1.2000E-03
6.7703E-03 1.2000E-03
1.1062E-02 1.2000E-03
1.3681E-02 1.2000E-03
3.3434E-03 1.2000E-03
1.1061E-02 1.2000E-03
1.0878E-02 1.2000E-03
1.5065E-02 1.2000E-03
1.9233E-02 1.2000E-03
7.4383E-03 1.2000E-03
1.1538E-03 1.2000E-03
7.4642E-03 1.2000E-03
1.9152E-02 1.2000E-03
2.4596E-03 1.2000E-03
1.1663E-02 1.2000E-03
1.2980E-02 1.2000E-03
2.4900E-02 1.2000E-03
1.5820E-02 1.2000E-03
1.7920E-03 1.2000E-03
4.1743E-03 1.2000E-03
9.6443E-03 1.2000E-03
1.9268E-02 1.2000E-03
2.0676E-02 1.2000E-03
1.3026E-02 1.2000E-03
1.4861E-02 1.2000E-03
1.6461E-02 1.2000E-03
2.5006E-02 1.2000E-03
4.9455E-03 1.2000E-03
5.2688E-03 1.2000E-03
1.0460E-02 1.2000E-03
2.0540E-02 1.2000E-03
2.7823E-02 1.2000E-03
3.1331E-02 1.2000E-03
2.0368E-02 1.2000E-03
2.0368E-02 1.2000E-03
2.1887E-08 1.2000E-03
1.7696E-03 1.2000E-03
7.1653E-04 1.2000E-03
6.6621E-04 1.2000E-03
1.2322E-03 1.2000E-03
2.3809E-03 1.2000E-03
4.1731E-03 1.2000E-03
2.9910E-03 1.2000E-03
2.2160E-03 1.2000E-03
3.6672E-03 1.2000E-03
7.5999E-03 1.2000E-03
9.1113E-03 1.2000E-03
3.8236E-03 1.2000E-03
5.0127E-03 1.2000E-03
6.1254E-03 1.2000E-03
8.6532E-03 1.2000E-03
1.9223E-02 1.2000E-03
5.0691E-03 1.2000E-03
1.7209E-03 1.2000E-03
1.1942E-02 1.2000E-03
2.2231E-02 1.2000E-03
1.1810E-03 1.2000E-03
6.4474E-03 1.2000E-03
1.3137E-02 1.2000E-03
2.0065E-02 1.2000E-03
2.5108E-02 1.2000E-03
1.4306E-02 1.2000E-03
1.1097E-02 1.2000E-03
1.4698E-02 1.2000E-03
3.0964E-02 1.2000E-03
4.5748E-03 1.2000E-03
1.0841E-02 1.2000E-03
1.3790E-02 1.2000E-03
3.8095E-02 1.2000E-03
6.1722E-03 1.2000E-03
1.7441E-02 1.2000E-03
2.0084E-02 1.2000E-03
2.2962E-02 1.2000E-03
1.4005E-02 1.2000E-03
2.1983E-02 1.2000E-03
1.1777E-02 1.2000E-03
1.1077E-02 1.2000E-03
2.7363E-02 1.2000E-03
2.2981E-02 1.2000E-03
4.4143E-03 1.2000E-03
1.9490E-02 1.2000E-03
1.3242E-02 1.2000E-03
1.4350E-02 1.2000E-03
2.8391E-02 1.2000E-03
1.2154E-02 1.2000E-03
1.1376E-03 1.2000E-03
1.0141E-02 1.2000E-03
7.2185E-03 1.2000E-03
1.3458E-02 1.2000E-03
8.3283E-03 1.2000E-03
9.0286E-03 1.2000E-03
2.6032E-03 1.2000E-03
7.8970E-03 1.2000E-03
5.4714E-03 1.2000E-03
6.2873E-03 1.2000E-03
1.3517E-02 1.2000E-03
1.3876E-02 1.2000E-03
6.2999E-03 1.2000E-03
1.6541E-03 1.2000E-03
8.5667E-03 1.2000E-03
8.0196E-03 1.2000E-03
1.2145E-02 1.2000E-03
4.7220E-03 1.2000E-03
9.2702E-03 1.2000E-03
7.7360E-03 1.2000E-03
7.8547E-03 1.2000E-03
5.3421E-03 1.2000E-03
3.9956E-03 1.2000E-03
1.3134E-02 1.2000E-03
8.1313E-03 1.2000E-03
5.3473E-03 1.2000E-03
1.4476E-02 1.2000E-03
6.7564E-03 1.2000E-03
5.6745E-03 1.2000E-03
1.0057E-02 1.2000E-03
8.0028E-03 1.2000E-03
9.2228E-03 1.2000E-03
1.4237E-02 1.2000E-03
2.3692E-03 1.2000E-03
3.6780E-03 1.2000E-03
2.7153E-03 1.2000E-03
1.4125E-02 1.2000E-03
4.4230E-03 1.2000E-03
3.9628E-03 1.2000E-03
3.0680E-03 1.2000E-03
8.9248E-03 1.2000E-03
6.0295E-03 1.2000E-03
2.5092E-03 1.2000E-03
5.5202E-03 1.2000E-03
5.8258E-03 1.2000E-03
4.4668E-03 1.2000E-03
6.6174E-03 1.2000E-03
7.9470E-03 1.2000E-03
5.5431E-03 1.2000E-03
6.9890E-03 1.2000E-03
4.9018E-03 1.2000E-03
3.2108E-03 1.2000E-03
6.2957E-03 1.2000E-03
6.9827E-03 1.2000E-03
8.2592E-03 1.2000E-03
5.6331E-03 1.2000E-03
5.4944E-03 1.2000E-03
5.9953E-03 1.2000E-03
5.7765E-03 1.2000E-03
7.6210E-03 1.2000E-03
6.0903E-03 1.2000E-03
5.4804E-03 1.2000E-03
3.5978E-03 1.2000E-03
9.5290E-03 1.2000E-03
3.3642E-03 1.2000E-03
1.0133E-02 1.2000E-03
5.0515E-03 1.2000E-03
2.4407E-03 1.2000E-03
5.3849E-03 1.2000E-03
7.5508E-03 1.2000E-03
6.0538E-03 1.2000E-03
8.5581E-03 1.2000E-03
8.5815E-03 1.2000E-03
4.5950E-03 1.2000E-03
8.3903E-03 1.2000E-03
6.7428E-03 1.2000E-03
3.2536E-03 1.2000E-03
1.2022E-02 1.2000E-03
7.1405E-03 1.2000E-03
2.4887E-03 1.2000E-03
1.0163E-02 1.2000E-03
8.1575E-03 1.2000E-03
1.2421E-02 1.2000E-03
1.3300E-02 1.2000E-03
7.6364E-03 1.2000E-03
5.4992E-03 1.2000E-03
9.2438E-03 1.2000E-03
1.6011E-02 1.2000E-03
5.7323E-03 1.2000E-03
7.4980E-03 1.2000E-03
1.0369E-02 1.2000E-03
2.2917E-02 1.2000E-03
4.5260E-03 1.2000E-03
1.0521E-02 1.2000E-03
5.1305E-03 1.2000E-03
2.8905E-02 1.2000E-03
4.4978E-03 1.2000E-03
5.4719E-03 1.2000E-03
8.9909E-03 1.2000E-03
2.6101E-02 1.2000E-03
1.0035E-02 1.2000E-03
8.4183E-03 1.2000E-03
1.2516E-02 1.2000E-03
1.9698E-02 1.2000E-03
2.9619E-03 1.2000E-03
1.0910E-02 1.2000E-03
4.2756E-03 1.2000E-03
2.9190E-02 1.2000E-03
1.9453E-02 1.2000E-03
2.2436E-03 1.2000E-03
1.7067E-02 1.2000E-03
5.9229E-03 1.2000E-03
2.0466E-02 1.2000E-03
1.5183E-02 1.2000E-03
9.7603E-03 1.2000E-03
3.3653E-03 1.2000E-03
1.5446E-02 1.2000E-03
3.1882E-03 1.2000E-03
3.6655E-03 1.2000E-03
1.6845E-02 1.2000E-03
4.7963E-03 1.2000E-03
3.7738E-03 1.2000E-03
6.8521E-03 1.2000E-03
7.0355E-03 1.2000E-03
9.7664E-03 1.2000E-03
1.1246E-02 1.2000E-03
2.2662E-03 1.2000E-03
1.0335E-02 1.2000E-03
4.3951E-03 1.2000E-03
1.4474E-02 1.2000E-03
5.3175E-03 1.2000E-03
4.3138E-03 1.2000E-03
4.1813E-03 1.2000E-03
8.8753E-03 1.2000E-03
3.6899E-03 1.2000E-03
1.0703E-02 1.2000E-03
3.4145E-03 1.2000E-03
9.1201E-03 1.2000E-03
3.3810E-03 1.2000E-03
3.6779E-03 1.2000E-03
4.4037E-03 1.2000E-03
9.8234E-03 1.2000E-03
1.6463E-03 1.2000E-03
5.2386E-03 1.2000E-03
2.1112E-03 1.2000E-03
9.9864E-03 1.2000E-03
4.3109E-03 1.2000E-03
3.7283E-03 1.2000E-03
7.2490E-04 1.2000E-03
2.3985E-03 1.2000E-03
3.8136E-03 1.2000E-03
2.9119E-03 1.2000E-03
3.4355E-03 1.2000E-03
2.2112E-03 1.2000E-03
9.2667E-03 1.2000E-03
3.3976E-03 1.2000E-03
1.4983E-03 1.2000E-03
2.3091E-03 1.2000E-03
3.2535E-03 1.2000E-03
1.3211E-03 1.2000E-03
3.3851E-03 1.2000E-03
1.8385E-03 1.2000E-03
4.6053E-03 1.2000E-03
4.5647E-03 1.2000E-03
7.7815E-04 1.2000E-03
7.9608E-04 1.2000E-03
1.6798E-03 1.2000E-03
4.8045E-03 1.2000E-03
1.5388E-03 1.2000E-03
1.1897E-03 1.2000E-03
2.2944E-03 1.2000E-03
3.9880E-03 1.2000E-03
8.9237E-04 1.2000E-03
6.8166E-04 1.2000E-03
1.2239E-03 1.2000E-03
2.6808E-03 1.2000E-03
3.7241E-03 1.2000E-03
8.5305E-04 1.2000E-03
1.0968E-03 1.2000E-03
1.6844E-03 1.2000E-03
3.2549E-03 1.2000E-03
2.9351E-03 1.2000E-03
7.2719E-04 1.2000E-03
1.1929E-03 1.2000E-03
1.3637E-03 1.2000E-03
3.1369E-03 1.2000E-03
1.3751E-03 1.2000E-03
1.7835E-03 1.2000E-03
3.1377E-03 1.2000E-03
4.5371E-03 1.2000E-03
1.1376E-03 1.2000E-03
1.5314E-03 1.2000E-03
1.4807E-03 1.2000E-03
3.8183E-03 1.2000E-03
6.9153E-04 1.2000E-03
3.9629E-04 1.2000E-03
1.3263E-03 1.2000E-03
2.8406E-03 1.2000E-03
2.0437E-03 1.2000E-03
2.1836E-03 1.2000E-03
2.2122E-03 1.2000E-03
3.8393E-03 1.2000E-03
1.1559E-03 1.2000E-03
5.8601E-04 1.2000E-03
1.0694E-03 1.2000E-03
2.3466E-03 1.2000E-03
1.3288E-03 1.2000E-03
1.4130E-03 1.2000E-03
1.5345E-03 1.2000E-03
3.2181E-03 1.2000E-03
1.3190E-03 1.2000E-03
8.7980E-04 1.2000E-03
1.5382E-03 1.2000E-03
2.8538E-03 1.2000E-03
2.1887E-03 1.2000E-03
2.4294E-03 1.2000E-03
2.1841E-03 1.2000E-03
2.3837E-03 1.2000E-03
1.9469E-03 1.2000E-03
2.4955E-03 1.2000E-03
7.9516E-04 1.2000E-03
7.9516E-04 1.2000E-03
