RMS Grad   Target
4.1478E-04 2.0000E-04
3.8524E-04 2.0000E-04
3.6610E-04 2.0000E-04
3.5279E-04 2.0000E-04
3.4287E-04 2.0000E-04
3.3506E-04 2.0000E-04
3.2869E-04 2.0000E-04
3.2335E-04 2.0000E-04
3.1879E-04 2.0000E-04
3.1483E-04 2.0000E-04
3.1137E-04 2.0000E-04
3.0831E-04 2.0000E-04
3.0557E-04 2.0000E-04
3.0312E-04 2.0000E-04
3.0068E-04 2.0000E-04
2.9846E-04 2.0000E-04
2.9635E-04 2.0000E-04
2.9423E-04 2.0000E-04
2.9228E-04 2.0000E-04
2.9033E-04 2.0000E-04
2.8842E-04 2.0000E-04
2.8659E-04 2.0000E-04
2.8476E-04 2.0000E-04
2.8297E-04 2.0000E-04
2.8120E-04 2.0000E-04
2.7948E-04 2.0000E-04
2.7772E-04 2.0000E-04
2.7604E-04 2.0000E-04
2.7435E-04 2.0000E-04
2.7264E-04 2.0000E-04
2.7103E-04 2.0000E-04
2.6933E-04 2.0000E-04
2.6769E-04 2.0000E-04
2.6608E-04 2.0000E-04
2.6441E-04 2.0000E-04
2.6283E-04 2.0000E-04
2.6122E-04 2.0000E-04
2.5958E-04 2.0000E-04
2.5803E-04 2.0000E-04
2.5642E-04 2.0000E-04
2.5482E-04 2.0000E-04
2.5328E-04 2.0000E-04
2.5168E-04 2.0000E-04
2.5011E-04 2.0000E-04
2.4858E-04 2.0000E-04
2.4701E-04 2.0000E-04
2.4545E-04 2.0000E-04
2.4395E-04 2.0000E-04
2.4237E-04 2.0000E-04
2.4086E-04 2.0000E-04
2.3935E-04 2.0000E-04
2.3778E-04 2.0000E-04
2.3638E-04 2.0000E-04
2.3480E-04 2.0000E-04
2.3331E-04 2.0000E-04
2.3198E-04 2.0000E-04
2.3034E-04 2.0000E-04
2.2912E-04 2.0000E-04
2.2764E-04 2.0000E-04
2.2599E-04 2.0000E-04
2.2497E-04 2.0000E-04
2.2300E-04 2.0000E-04
2.2171E-04 2.0000E-04
2.2070E-04 2.0000E-04
2.1903E-04 2.0000E-04
2.1838E-04 2.0000E-04
2.1680E-04 2.0000E-04
2.1546E-04 2.0000E-04
2.1426E-04 2.0000E-04
2.1277E-04 2.0000E-04
2.1153E-04 2.0000E-04
2.1018E-04 2.0000E-04
2.0894E-04 2.0000E-04
2.0752E-04 2.0000E-04
2.0627E-04 2.0000E-04
2.0511E-04 2.0000E-04
2.0376E-04 2.0000E-04
2.0292E-04 2.0000E-04
2.0162E-04 2.0000E-04
2.0035E-04 2.0000E-04
1.9923E-04 2.0000E-04
1.9776E-04 2.0000E-04
1.9657E-04 2.0000E-04
1.9561E-04 2.0000E-04
1.9437E-04 2.0000E-04
1.9325E-04 2.0000E-04
1.9214E-04 2.0000E-04
1.9076E-04 2.0000E-04
1.8964E-04 2.0000E-04
1.8878E-04 2.0000E-04
1.8762E-04 2.0000E-04
1.8669E-04 2.0000E-04
1.8562E-04 2.0000E-04
1.8430E-04 2.0000E-04
1.8329E-04 2.0000E-04
1.8220E-04 2.0000E-04
1.8113E-04 2.0000E-04
1.8040E-04 2.0000E-04
1.7932E-04 2.0000E-04
1.7847E-04 2.0000E-04
1.7745E-04 2.0000E-04
1.7649E-04 2.0000E-04
1.7553E-04 2.0000E-04
1.7447E-04 2.0000E-04
1.7352E-04 2.0000E-04
1.7261E-04 2.0000E-04
1.7162E-04 2.0000E-04
1.7092E-04 2.0000E-04
1.6999E-04 2.0000E-04
1.6904E-04 2.0000E-04
1.6815E-04 2.0000E-04
1.6734E-04 2.0000E-04
1.6643E-04 2.0000E-04
1.6576E-04 2.0000E-04
1.6485E-04 2.0000E-04
1.6414E-04 2.0000E-04
1.6326E-04 2.0000E-04
1.6256E-04 2.0000E-04
1.6170E-04 2.0000E-04
1.6103E-04 2.0000E-04
1.6022E-04 2.0000E-04
1.5944E-04 2.0000E-04
1.5863E-04 2.0000E-04
1.5808E-04 2.0000E-04
1.5724E-04 2.0000E-04
1.5672E-04 2.0000E-04
1.5593E-04 2.0000E-04
1.5511E-04 2.0000E-04
1.5436E-04 2.0000E-04
1.5376E-04 2.0000E-04
1.5300E-04 2.0000E-04
1.5238E-04 2.0000E-04
1.5168E-04 2.0000E-04
1.5078E-04 2.0000E-04
1.5008E-04 2.0000E-04
1.4946E-04 2.0000E-04
1.4875E-04 2.0000E-04
1.4813E-04 2.0000E-04
1.4744E-04 2.0000E-04
1.4691E-04 2.0000E-04
1.4623E-04 2.0000E-04
1.4579E-04 2.0000E-04
1.4512E-04 2.0000E-04
1.4461E-04 2.0000E-04
1.4398E-04 2.0000E-04
1.4314E-04 2.0000E-04
1.4251E-04 2.0000E-04
1.4191E-04 2.0000E-04
1.4129E-04 2.0000E-04
1.4074E-04 2.0000E-04
1.4013E-04 2.0000E-04
1.3968E-04 2.0000E-04
1.3907E-04 2.0000E-04
1.3873E-04 2.0000E-04
1.3813E-04 2.0000E-04
1.3752E-04 2.0000E-04
1.3696E-04 2.0000E-04
1.3627E-04 2.0000E-04
1.3570E-04 2.0000E-04
1.3535E-04 2.0000E-04
1.3478E-04 2.0000E-04
1.3434E-04 2.0000E-04
1.3379E-04 2.0000E-04
1.3343E-04 2.0000E-04
1.3288E-04 2.0000E-04
1.3268E-04 2.0000E-04
1.3212E-04 2.0000E-04
1.3186E-04 2.0000E-04
1.3130E-04 2.0000E-04
1.3109E-04 2.0000E-04
1.3054E-04 2.0000E-04
1.3016E-04 2.0000E-04
1.2965E-04 2.0000E-04
1.2924E-04 2.0000E-04
1.2873E-04 2.0000E-04
1.2843E-04 2.0000E-04
1.2792E-04 2.0000E-04
1.2750E-04 2.0000E-04
1.2700E-04 2.0000E-04
1.2654E-04 2.0000E-04
1.2654E-04 2.0000E-04
1.2648E-04 2.0000E-04
1.0724E-04 2.0000E-04
9.7333E-05 2.0000E-04
9.1038E-05 2.0000E-04
8.6728E-05 2.0000E-04
8.3267E-05 2.0000E-04
8.0105E-05 2.0000E-04
7.7508E-05 2.0000E-04
7.5082E-05 2.0000E-04
7.2742E-05 2.0000E-04
7.0707E-05 2.0000E-04
6.8689E-05 2.0000E-04
6.6769E-05 2.0000E-04
6.5057E-05 2.0000E-04
6.3328E-05 2.0000E-04
6.1714E-05 2.0000E-04
6.0245E-05 2.0000E-04
5.8740E-05 2.0000E-04
5.7364E-05 2.0000E-04
5.6096E-05 2.0000E-04
5.4797E-05 2.0000E-04
5.3591E-05 2.0000E-04
5.2472E-05 2.0000E-04
5.1341E-05 2.0000E-04
5.0299E-05 2.0000E-04
4.9274E-05 2.0000E-04
4.8314E-05 2.0000E-04
4.7368E-05 2.0000E-04
4.6476E-05 2.0000E-04
4.5605E-05 2.0000E-04
4.4792E-05 2.0000E-04
4.3974E-05 2.0000E-04
4.3244E-05 2.0000E-04
4.2478E-05 2.0000E-04
4.1815E-05 2.0000E-04
4.1092E-05 2.0000E-04
4.0539E-05 2.0000E-04
3.9842E-05 2.0000E-04
3.9416E-05 2.0000E-04
3.8783E-05 2.0000E-04
3.8452E-05 2.0000E-04
3.7867E-05 2.0000E-04
3.7673E-05 2.0000E-04
3.7112E-05 2.0000E-04
3.7117E-05 2.0000E-04
3.6618E-05 2.0000E-04
3.6494E-05 2.0000E-04
3.6031E-05 2.0000E-04
3.5864E-05 2.0000E-04
3.5421E-05 2.0000E-04
3.5329E-05 2.0000E-04
3.4922E-05 2.0000E-04
3.4806E-05 2.0000E-04
3.4437E-05 2.0000E-04
3.4309E-05 2.0000E-04
3.3937E-05 2.0000E-04
3.3724E-05 2.0000E-04
3.3351E-05 2.0000E-04
3.3348E-05 2.0000E-04
3.2956E-05 2.0000E-04
3.2910E-05 2.0000E-04
3.2623E-05 2.0000E-04
3.2508E-05 2.0000E-04
3.2195E-05 2.0000E-04
3.2363E-05 2.0000E-04
3.2015E-05 2.0000E-04
3.2167E-05 2.0000E-04
3.1825E-05 2.0000E-04
3.1974E-05 2.0000E-04
3.1642E-05 2.0000E-04
3.1608E-05 2.0000E-04
3.1417E-05 2.0000E-04
3.1546E-05 2.0000E-04
3.1226E-05 2.0000E-04
3.1444E-05 2.0000E-04
3.1196E-05 2.0000E-04
3.1598E-05 2.0000E-04
3.1219E-05 2.0000E-04
3.1395E-05 2.0000E-04
3.1158E-05 2.0000E-04
3.1356E-05 2.0000E-04
3.1130E-05 2.0000E-04
3.1365E-05 2.0000E-04
3.1118E-05 2.0000E-04
3.1491E-05 2.0000E-04
3.1120E-05 2.0000E-04
3.1441E-05 2.0000E-04
3.1147E-05 2.0000E-04
3.1389E-05 2.0000E-04
3.1212E-05 2.0000E-04
3.1467E-05 2.0000E-04
3.1148E-05 2.0000E-04
3.1406E-05 2.0000E-04
3.1144E-05 2.0000E-04
3.1653E-05 2.0000E-04
3.1347E-05 2.0000E-04
3.1893E-05 2.0000E-04
3.1633E-05 2.0000E-04
3.2290E-05 2.0000E-04
3.2018E-05 2.0000E-04
3.2572E-05 2.0000E-04
3.2320E-05 2.0000E-04
3.2917E-05 2.0000E-04
3.2680E-05 2.0000E-04
3.3282E-05 2.0000E-04
3.3015E-05 2.0000E-04
3.3509E-05 2.0000E-04
3.3304E-05 2.0000E-04
3.3492E-05 2.0000E-04
3.3304E-05 2.0000E-04
3.3480E-05 2.0000E-04
3.3240E-05 2.0000E-04
3.3635E-05 2.0000E-04
3.3468E-05 2.0000E-04
3.4023E-05 2.0000E-04
3.3756E-05 2.0000E-04
3.4240E-05 2.0000E-04
3.4076E-05 2.0000E-04
3.4571E-05 2.0000E-04
3.4223E-05 2.0000E-04
3.4695E-05 2.0000E-04
3.4508E-05 2.0000E-04
3.4805E-05 2.0000E-04
3.4634E-05 2.0000E-04
3.5012E-05 2.0000E-04
3.4804E-05 2.0000E-04
3.5492E-05 2.0000E-04
3.5220E-05 2.0000E-04
3.5765E-05 2.0000E-04
3.5443E-05 2.0000E-04
3.5645E-05 2.0000E-04
3.5520E-05 2.0000E-04
3.6107E-05 2.0000E-04
3.5847E-05 2.0000E-04
3.6344E-05 2.0000E-04
3.6182E-05 2.0000E-04
3.6756E-05 2.0000E-04
3.6365E-05 2.0000E-04
3.6623E-05 2.0000E-04
3.6415E-05 2.0000E-04
3.6798E-05 2.0000E-04
3.6627E-05 2.0000E-04
3.7134E-05 2.0000E-04
3.6921E-05 2.0000E-04
3.7256E-05 2.0000E-04
3.6995E-05 2.0000E-04
3.7526E-05 2.0000E-04
3.7207E-05 2.0000E-04
3.7563E-05 2.0000E-04
3.7377E-05 2.0000E-04
3.7902E-05 2.0000E-04
3.7732E-05 2.0000E-04
3.8292E-05 2.0000E-04
3.8031E-05 2.0000E-04
3.8173E-05 2.0000E-04
3.7963E-05 2.0000E-04
3.8392E-05 2.0000E-04
3.8145E-05 2.0000E-04
3.8492E-05 2.0000E-04
3.8345E-05 2.0000E-04
3.8624E-05 2.0000E-04
3.8413E-05 2.0000E-04
3.8074E-05 2.0000E-04
3.7961E-05 2.0000E-04
3.7919E-05 2.0000E-04
3.7785E-05 2.0000E-04
3.7618E-05 2.0000E-04
3.7504E-05 2.0000E-04
3.7504E-05 2.0000E-04
3.7514E-05 2.0000E-04
1.9910E-05 2.0000E-04
1.9649E-05 2.0000E-04
2.1264E-05 2.0000E-04
2.2450E-05 2.0000E-04
2.3386E-05 2.0000E-04
2.4009E-05 2.0000E-04
2.4569E-05 2.0000E-04
2.5028E-05 2.0000E-04
2.5341E-05 2.0000E-04
2.5702E-05 2.0000E-04
2.5959E-05 2.0000E-04
2.6130E-05 2.0000E-04
2.6327E-05 2.0000E-04
2.6469E-05 2.0000E-04
2.6541E-05 2.0000E-04
2.6673E-05 2.0000E-04
2.6704E-05 2.0000E-04
2.6769E-05 2.0000E-04
2.6772E-05 2.0000E-04
2.6880E-05 2.0000E-04
2.6803E-05 2.0000E-04
2.7067E-05 2.0000E-04
2.6984E-05 2.0000E-04
2.7628E-05 2.0000E-04
2.7430E-05 2.0000E-04
2.8096E-05 2.0000E-04
2.7714E-05 2.0000E-04
2.8151E-05 2.0000E-04
2.7999E-05 2.0000E-04
2.8163E-05 2.0000E-04
2.8018E-05 2.0000E-04
2.8170E-05 2.0000E-04
2.8054E-05 2.0000E-04
2.8267E-05 2.0000E-04
2.8058E-05 2.0000E-04
2.8509E-05 2.0000E-04
2.8183E-05 2.0000E-04
2.8556E-05 2.0000E-04
2.8342E-05 2.0000E-04
2.8501E-05 2.0000E-04
2.8360E-05 2.0000E-04
2.8645E-05 2.0000E-04
2.8379E-05 2.0000E-04
2.8642E-05 2.0000E-04
2.8401E-05 2.0000E-04
2.8728E-05 2.0000E-04
2.8513E-05 2.0000E-04
2.8807E-05 2.0000E-04
2.8517E-05 2.0000E-04
2.8826E-05 2.0000E-04
2.8637E-05 2.0000E-04
2.8735E-05 2.0000E-04
2.8564E-05 2.0000E-04
2.8695E-05 2.0000E-04
2.8445E-05 2.0000E-04
2.9084E-05 2.0000E-04
2.8755E-05 2.0000E-04
2.9061E-05 2.0000E-04
2.8845E-05 2.0000E-04
2.8942E-05 2.0000E-04
2.8823E-05 2.0000E-04
2.8742E-05 2.0000E-04
2.8625E-05 2.0000E-04
2.8638E-05 2.0000E-04
2.8409E-05 2.0000E-04
2.8799E-05 2.0000E-04
2.8494E-05 2.0000E-04
2.8689E-05 2.0000E-04
2.8437E-05 2.0000E-04
2.8589E-05 2.0000E-04
2.8427E-05 2.0000E-04
2.8416E-05 2.0000E-04
2.8231E-05 2.0000E-04
2.8691E-05 2.0000E-04
2.8400E-05 2.0000E-04
2.8794E-05 2.0000E-04
2.8537E-05 2.0000E-04
2.8982E-05 2.0000E-04
2.8725E-05 2.0000E-04
2.9094E-05 2.0000E-04
2.8849E-05 2.0000E-04
2.9003E-05 2.0000E-04
2.8800E-05 2.0000E-04
2.9158E-05 2.0000E-04
2.8911E-05 2.0000E-04
2.9306E-05 2.0000E-04
2.9080E-05 2.0000E-04
2.9528E-05 2.0000E-04
2.9262E-05 2.0000E-04
2.9722E-05 2.0000E-04
2.9427E-05 2.0000E-04
2.9887E-05 2.0000E-04
2.9657E-05 2.0000E-04
2.9989E-05 2.0000E-04
2.9726E-05 2.0000E-04
3.0192E-05 2.0000E-04
2.9916E-05 2.0000E-04
3.0395E-05 2.0000E-04
3.0120E-05 2.0000E-04
3.0496E-05 2.0000E-04
3.0238E-05 2.0000E-04
3.0727E-05 2.0000E-04
3.0451E-05 2.0000E-04
3.0727E-05 2.0000E-04
3.0476E-05 2.0000E-04
3.0974E-05 2.0000E-04
3.0674E-05 2.0000E-04
3.1017E-05 2.0000E-04
3.0737E-05 2.0000E-04
3.1026E-05 2.0000E-04
3.0830E-05 2.0000E-04
3.1090E-05 2.0000E-04
3.0885E-05 2.0000E-04
3.1261E-05 2.0000E-04
3.0990E-05 2.0000E-04
3.1267E-05 2.0000E-04
3.0956E-05 2.0000E-04
3.1356E-05 2.0000E-04
3.1121E-05 2.0000E-04
3.1263E-05 2.0000E-04
3.1041E-05 2.0000E-04
3.1442E-05 2.0000E-04
3.1184E-05 2.0000E-04
3.1470E-05 2.0000E-04
3.1240E-05 2.0000E-04
3.1668E-05 2.0000E-04
3.1398E-05 2.0000E-04
3.1776E-05 2.0000E-04
3.1553E-05 2.0000E-04
3.1826E-05 2.0000E-04
3.1566E-05 2.0000E-04
3.1852E-05 2.0000E-04
3.1640E-05 2.0000E-04
3.1804E-05 2.0000E-04
3.1591E-05 2.0000E-04
3.2016E-05 2.0000E-04
3.1759E-05 2.0000E-04
3.2146E-05 2.0000E-04
3.1869E-05 2.0000E-04
3.2298E-05 2.0000E-04
3.2107E-05 2.0000E-04
3.2507E-05 2.0000E-04
3.2183E-05 2.0000E-04
3.2532E-05 2.0000E-04
3.2351E-05 2.0000E-04
3.2718E-05 2.0000E-04
3.2430E-05 2.0000E-04
3.2784E-05 2.0000E-04
3.2569E-05 2.0000E-04
3.2967E-05 2.0000E-04
3.2725E-05 2.0000E-04
3.3076E-05 2.0000E-04
3.2796E-05 2.0000E-04
3.3193E-05 2.0000E-04
3.2941E-05 2.0000E-04
3.3219E-05 2.0000E-04
3.2981E-05 2.0000E-04
3.3438E-05 2.0000E-04
3.3142E-05 2.0000E-04
3.3424E-05 2.0000E-04
3.3152E-05 2.0000E-04
3.3395E-05 2.0000E-04
3.3193E-05 2.0000E-04
3.3448E-05 2.0000E-04
3.3224E-05 2.0000E-04
3.3224E-05 2.0000E-04
3.3057E-05 2.0000E-04
1.4731E-05 2.0000E-04
1.0520E-05 2.0000E-04
9.8035E-06 2.0000E-04
1.2898E-05 2.0000E-04
