RMS Grad   Target
7.2317E-04 2.0000E-04
5.3385E-04 2.0000E-04
4.1633E-04 2.0000E-04
4.7090E-04 2.0000E-04
5.9820E-04 2.0000E-04
5.8415E-04 2.0000E-04
2.1044E-04 2.0000E-04
1.5048E-04 2.0000E-04
1.7269E-04 2.0000E-04
2.9702E-04 2.0000E-04
3.6531E-04 2.0000E-04
1.6333E-04 2.0000E-04
1.3008E-04 2.0000E-04
1.4328E-04 2.0000E-04
3.1335E-04 2.0000E-04
1.3321E-04 2.0000E-04
1.1602E-04 2.0000E-04
1.5769E-04 2.0000E-04
3.0424E-04 2.0000E-04
1.3004E-04 2.0000E-04
8.8276E-05 2.0000E-04
1.0567E-04 2.0000E-04
1.4541E-04 2.0000E-04
2.4725E-04 2.0000E-04
9.4944E-05 2.0000E-04
8.2505E-05 2.0000E-04
9.7814E-05 2.0000E-04
1.6838E-04 2.0000E-04
1.0502E-04 2.0000E-04
7.6027E-05 2.0000E-04
1.0060E-04 2.0000E-04
1.5361E-04 2.0000E-04
9.9990E-05 2.0000E-04
8.0828E-05 2.0000E-04
9.9484E-05 2.0000E-04
9.3120E-05 2.0000E-04
2.3830E-04 2.0000E-04
7.4917E-05 2.0000E-04
6.4863E-05 2.0000E-04
8.4027E-05 2.0000E-04
2.0560E-04 2.0000E-04
7.8492E-05 2.0000E-04
5.5098E-05 2.0000E-04
7.4129E-05 2.0000E-04
8.5693E-05 2.0000E-04
1.2432E-04 2.0000E-04
6.2979E-05 2.0000E-04
6.1150E-05 2.0000E-04
8.1331E-05 2.0000E-04
1.1598E-04 2.0000E-04
6.0683E-05 2.0000E-04
6.5874E-05 2.0000E-04
7.3453E-05 2.0000E-04
1.6682E-04 2.0000E-04
5.6901E-05 2.0000E-04
4.8253E-05 2.0000E-04
6.4801E-05 2.0000E-04
1.1153E-04 2.0000E-04
6.5075E-05 2.0000E-04
4.8949E-05 2.0000E-04
7.1861E-05 2.0000E-04
7.0891E-05 2.0000E-04
5.6338E-05 2.0000E-04
1.0896E-04 2.0000E-04
5.9518E-05 2.0000E-04
5.4145E-05 2.0000E-04
6.8685E-05 2.0000E-04
1.2604E-04 2.0000E-04
5.6674E-05 2.0000E-04
4.3373E-05 2.0000E-04
5.5895E-05 2.0000E-04
7.1323E-05 2.0000E-04
1.1679E-04 2.0000E-04
4.6279E-05 2.0000E-04
4.4378E-05 2.0000E-04
5.4779E-05 2.0000E-04
1.1075E-04 2.0000E-04
5.9451E-05 2.0000E-04
4.6081E-05 2.0000E-04
4.6081E-05 2.0000E-04
6.5498E-05 2.0000E-04
7.7579E-05 2.0000E-04
5.7242E-05 2.0000E-04
6.4943E-05 2.0000E-04
7.7664E-05 2.0000E-04
6.3677E-05 2.0000E-04
8.8691E-05 2.0000E-04
7.8448E-05 2.0000E-04
6.5099E-05 2.0000E-04
7.6985E-05 2.0000E-04
1.0931E-04 2.0000E-04
6.9762E-05 2.0000E-04
5.9091E-05 2.0000E-04
6.7776E-05 2.0000E-04
1.5251E-04 2.0000E-04
8.2221E-05 2.0000E-04
7.1318E-05 2.0000E-04
1.3410E-04 2.0000E-04
1.1456E-04 2.0000E-04
9.0228E-05 2.0000E-04
1.0141E-04 2.0000E-04
1.2289E-04 2.0000E-04
1.0192E-04 2.0000E-04
1.7618E-04 2.0000E-04
1.0789E-04 2.0000E-04
1.3101E-04 2.0000E-04
2.0607E-04 2.0000E-04
1.3338E-04 2.0000E-04
1.0657E-04 2.0000E-04
1.2079E-04 2.0000E-04
1.8459E-04 2.0000E-04
1.3915E-04 2.0000E-04
1.3411E-04 2.0000E-04
1.8320E-04 2.0000E-04
2.6588E-04 2.0000E-04
1.3342E-04 2.0000E-04
1.1615E-04 2.0000E-04
1.3867E-04 2.0000E-04
1.8024E-04 2.0000E-04
1.8165E-04 2.0000E-04
1.0023E-04 2.0000E-04
1.0639E-04 2.0000E-04
1.3842E-04 2.0000E-04
1.1422E-04 2.0000E-04
1.1941E-04 2.0000E-04
9.8756E-05 2.0000E-04
1.0255E-04 2.0000E-04
1.8556E-04 2.0000E-04
8.2016E-05 2.0000E-04
7.8502E-05 2.0000E-04
1.0615E-04 2.0000E-04
1.1696E-04 2.0000E-04
8.0570E-05 2.0000E-04
8.2758E-05 2.0000E-04
9.6188E-05 2.0000E-04
8.0491E-05 2.0000E-04
1.2253E-04 2.0000E-04
7.8817E-05 2.0000E-04
7.3218E-05 2.0000E-04
9.1092E-05 2.0000E-04
1.2965E-04 2.0000E-04
6.6548E-05 2.0000E-04
6.8743E-05 2.0000E-04
8.0230E-05 2.0000E-04
1.7812E-04 2.0000E-04
6.6495E-05 2.0000E-04
5.5263E-05 2.0000E-04
6.9215E-05 2.0000E-04
1.2265E-04 2.0000E-04
6.7498E-05 2.0000E-04
5.3511E-05 2.0000E-04
7.3037E-05 2.0000E-04
9.0143E-05 2.0000E-04
5.9742E-05 2.0000E-04
5.5784E-05 2.0000E-04
6.8755E-05 2.0000E-04
6.0772E-05 2.0000E-04
1.1660E-04 2.0000E-04
5.1071E-05 2.0000E-04
4.5792E-05 2.0000E-04
5.6441E-05 2.0000E-04
1.1977E-04 2.0000E-04
5.0129E-05 2.0000E-04
4.0902E-05 2.0000E-04
5.3393E-05 2.0000E-04
8.4913E-05 2.0000E-04
5.4684E-05 2.0000E-04
4.2196E-05 2.0000E-04
5.8081E-05 2.0000E-04
7.3646E-05 2.0000E-04
5.3188E-05 2.0000E-04
5.5225E-05 2.0000E-04
6.5845E-05 2.0000E-04
5.1980E-05 2.0000E-04
5.6210E-05 2.0000E-04
6.1477E-05 2.0000E-04
5.2722E-05 2.0000E-04
6.3359E-05 2.0000E-04
7.6343E-05 2.0000E-04
4.5977E-05 2.0000E-04
3.9933E-05 2.0000E-04
4.8241E-05 2.0000E-04
1.0226E-04 2.0000E-04
4.1685E-05 2.0000E-04
3.8098E-05 2.0000E-04
4.7459E-05 2.0000E-04
8.6942E-05 2.0000E-04
4.5647E-05 2.0000E-04
4.2279E-05 2.0000E-04
4.6680E-05 2.0000E-04
7.8138E-05 2.0000E-04
4.4444E-05 2.0000E-04
4.2969E-05 2.0000E-04
5.7113E-05 2.0000E-04
6.3054E-05 2.0000E-04
4.3841E-05 2.0000E-04
4.9841E-05 2.0000E-04
5.4256E-05 2.0000E-04
4.7814E-05 2.0000E-04
6.9712E-05 2.0000E-04
5.8836E-05 2.0000E-04
4.4023E-05 2.0000E-04
4.5492E-05 2.0000E-04
6.3183E-05 2.0000E-04
4.5194E-05 2.0000E-04
4.9604E-05 2.0000E-04
5.1034E-05 2.0000E-04
4.3577E-05 2.0000E-04
6.1009E-05 2.0000E-04
6.3548E-05 2.0000E-04
4.4028E-05 2.0000E-04
4.2483E-05 2.0000E-04
5.4750E-05 2.0000E-04
4.3670E-05 2.0000E-04
6.8313E-05 2.0000E-04
4.7070E-05 2.0000E-04
4.4683E-05 2.0000E-04
4.5984E-05 2.0000E-04
5.9943E-05 2.0000E-04
4.4051E-05 2.0000E-04
5.0791E-05 2.0000E-04
6.8117E-05 2.0000E-04
4.9790E-05 2.0000E-04
5.5875E-05 2.0000E-04
6.7341E-05 2.0000E-04
5.4735E-05 2.0000E-04
9.7582E-05 2.0000E-04
1.0282E-04 2.0000E-04
5.4202E-05 2.0000E-04
4.2371E-05 2.0000E-04
7.2669E-05 2.0000E-04
9.3766E-05 2.0000E-04
9.4584E-05 2.0000E-04
6.6923E-05 2.0000E-04
9.4420E-05 2.0000E-04
1.1842E-04 2.0000E-04
1.6925E-04 2.0000E-04
1.1535E-04 2.0000E-04
8.2738E-05 2.0000E-04
1.1586E-04 2.0000E-04
1.4347E-04 2.0000E-04
1.3534E-04 2.0000E-04
1.8070E-04 2.0000E-04
1.9330E-04 2.0000E-04
1.0153E-04 2.0000E-04
9.2898E-05 2.0000E-04
1.0936E-04 2.0000E-04
1.8687E-04 2.0000E-04
9.6152E-05 2.0000E-04
8.9323E-05 2.0000E-04
9.9389E-05 2.0000E-04
1.1146E-04 2.0000E-04
8.1114E-05 2.0000E-04
8.6293E-05 2.0000E-04
7.4160E-05 2.0000E-04
7.0713E-05 2.0000E-04
9.0764E-05 2.0000E-04
6.3165E-05 2.0000E-04
6.0224E-05 2.0000E-04
7.3124E-05 2.0000E-04
6.6516E-05 2.0000E-04
5.5339E-05 2.0000E-04
5.7545E-05 2.0000E-04
6.5930E-05 2.0000E-04
4.9831E-05 2.0000E-04
5.2700E-05 2.0000E-04
5.5122E-05 2.0000E-04
4.4009E-05 2.0000E-04
5.8597E-05 2.0000E-04
5.1727E-05 2.0000E-04
4.0627E-05 2.0000E-04
4.5065E-05 2.0000E-04
6.7832E-05 2.0000E-04
3.9891E-05 2.0000E-04
3.1807E-05 2.0000E-04
3.5604E-05 2.0000E-04
8.4857E-05 2.0000E-04
3.5090E-05 2.0000E-04
2.8542E-05 2.0000E-04
3.4193E-05 2.0000E-04
6.4718E-05 2.0000E-04
3.4211E-05 2.0000E-04
2.7880E-05 2.0000E-04
3.2489E-05 2.0000E-04
6.3589E-05 2.0000E-04
3.0678E-05 2.0000E-04
2.6711E-05 2.0000E-04
3.1955E-05 2.0000E-04
5.8453E-05 2.0000E-04
2.8790E-05 2.0000E-04
2.4390E-05 2.0000E-04
2.9733E-05 2.0000E-04
5.9654E-05 2.0000E-04
2.8808E-05 2.0000E-04
2.2421E-05 2.0000E-04
2.6500E-05 2.0000E-04
4.3119E-05 2.0000E-04
2.5585E-05 2.0000E-04
2.1668E-05 2.0000E-04
2.7313E-05 2.0000E-04
3.0104E-05 2.0000E-04
2.4426E-05 2.0000E-04
2.3733E-05 2.0000E-04
2.6366E-05 2.0000E-04
2.3492E-05 2.0000E-04
4.4881E-05 2.0000E-04
1.9886E-05 2.0000E-04
1.7685E-05 2.0000E-04
2.1425E-05 2.0000E-04
4.8364E-05 2.0000E-04
2.1683E-05 2.0000E-04
1.6318E-05 2.0000E-04
1.9654E-05 2.0000E-04
2.9041E-05 2.0000E-04
2.5456E-05 2.0000E-04
1.7909E-05 2.0000E-04
1.9522E-05 2.0000E-04
2.3180E-05 2.0000E-04
2.1395E-05 2.0000E-04
3.1720E-05 2.0000E-04
1.9629E-05 2.0000E-04
1.7269E-05 2.0000E-04
1.9393E-05 2.0000E-04
3.0106E-05 2.0000E-04
1.9418E-05 2.0000E-04
1.7192E-05 2.0000E-04
2.1228E-05 2.0000E-04
2.1228E-05 2.0000E-04
3.1664E-05 2.0000E-04
1.8990E-05 2.0000E-04
1.6281E-05 2.0000E-04
1.8862E-05 2.0000E-04
2.0421E-05 2.0000E-04
3.3627E-05 2.0000E-04
1.7632E-05 2.0000E-04
1.5964E-05 2.0000E-04
1.8104E-05 2.0000E-04
2.7950E-05 2.0000E-04
1.6019E-05 2.0000E-04
1.4537E-05 2.0000E-04
1.9841E-05 2.0000E-04
3.0823E-05 2.0000E-04
1.7202E-05 2.0000E-04
1.4407E-05 2.0000E-04
1.6300E-05 2.0000E-04
2.9017E-05 2.0000E-04
1.7377E-05 2.0000E-04
1.4167E-05 2.0000E-04
1.5806E-05 2.0000E-04
3.1004E-05 2.0000E-04
1.7141E-05 2.0000E-04
1.2639E-05 2.0000E-04
1.4496E-05 2.0000E-04
2.4301E-05 2.0000E-04
1.9212E-05 2.0000E-04
1.2493E-05 2.0000E-04
1.3425E-05 2.0000E-04
2.0015E-05 2.0000E-04
1.6176E-05 2.0000E-04
1.7429E-05 2.0000E-04
1.7811E-05 2.0000E-04
1.3708E-05 2.0000E-04
1.6725E-05 2.0000E-04
2.7175E-05 2.0000E-04
1.5276E-05 2.0000E-04
1.2258E-05 2.0000E-04
1.4992E-05 2.0000E-04
2.2592E-05 2.0000E-04
1.4005E-05 2.0000E-04
1.3593E-05 2.0000E-04
1.8400E-05 2.0000E-04
1.9308E-05 2.0000E-04
1.3949E-05 2.0000E-04
1.5936E-05 2.0000E-04
2.1738E-05 2.0000E-04
1.6806E-05 2.0000E-04
1.9594E-05 2.0000E-04
1.9327E-05 2.0000E-04
1.6106E-05 2.0000E-04
1.8115E-05 2.0000E-04
2.6215E-05 2.0000E-04
1.8165E-05 2.0000E-04
1.4315E-05 2.0000E-04
1.8748E-05 2.0000E-04
1.8809E-05 2.0000E-04
4.8888E-05 2.0000E-04
2.1444E-05 2.0000E-04
2.4673E-05 2.0000E-04
1.6130E-05 2.0000E-04
1.8604E-05 2.0000E-04
2.2572E-05 2.0000E-04
4.2802E-05 2.0000E-04
2.0829E-05 2.0000E-04
1.8332E-05 2.0000E-04
2.2272E-05 2.0000E-04
4.9690E-05 2.0000E-04
3.1329E-05 2.0000E-04
3.4449E-05 2.0000E-04
2.8581E-05 2.0000E-04
3.4614E-05 2.0000E-04
4.0626E-05 2.0000E-04
7.7286E-05 2.0000E-04
4.8421E-05 2.0000E-04
2.7135E-05 2.0000E-04
5.0485E-05 2.0000E-04
5.1727E-05 2.0000E-04
8.2999E-05 2.0000E-04
7.2595E-05 2.0000E-04
1.0290E-04 2.0000E-04
9.2834E-05 2.0000E-04
4.6767E-05 2.0000E-04
7.1785E-05 2.0000E-04
7.6159E-05 2.0000E-04
1.1983E-04 2.0000E-04
8.6305E-05 2.0000E-04
8.6832E-05 2.0000E-04
8.2938E-05 2.0000E-04
1.2430E-04 2.0000E-04
6.8126E-05 2.0000E-04
7.0904E-05 2.0000E-04
1.3470E-04 2.0000E-04
1.0196E-04 2.0000E-04
8.2026E-05 2.0000E-04
1.0645E-04 2.0000E-04
1.0451E-04 2.0000E-04
7.5367E-05 2.0000E-04
1.3286E-04 2.0000E-04
1.2569E-04 2.0000E-04
8.3967E-05 2.0000E-04
8.2502E-05 2.0000E-04
8.6270E-05 2.0000E-04
1.2415E-04 2.0000E-04
7.5806E-05 2.0000E-04
6.6528E-05 2.0000E-04
1.5599E-04 2.0000E-04
8.8752E-05 2.0000E-04
5.7314E-05 2.0000E-04
6.6533E-05 2.0000E-04
8.6493E-05 2.0000E-04
1.0973E-04 2.0000E-04
6.2440E-05 2.0000E-04
5.9400E-05 2.0000E-04
7.4452E-05 2.0000E-04
1.1722E-04 2.0000E-04
5.0940E-05 2.0000E-04
4.8741E-05 2.0000E-04
5.7597E-05 2.0000E-04
1.4997E-04 2.0000E-04
5.1593E-05 2.0000E-04
5.4406E-05 2.0000E-04
7.9243E-05 2.0000E-04
5.1986E-05 2.0000E-04
5.8575E-05 2.0000E-04
5.9080E-05 2.0000E-04
8.7283E-05 2.0000E-04
4.7277E-05 2.0000E-04
4.7680E-05 2.0000E-04
5.5262E-05 2.0000E-04
1.1333E-04 2.0000E-04
5.2014E-05 2.0000E-04
4.0288E-05 2.0000E-04
5.0645E-05 2.0000E-04
6.7124E-05 2.0000E-04
8.6340E-05 2.0000E-04
4.1300E-05 2.0000E-04
4.7302E-05 2.0000E-04
6.4143E-05 2.0000E-04
6.0348E-05 2.0000E-04
6.3156E-05 2.0000E-04
5.1908E-05 2.0000E-04
5.5777E-05 2.0000E-04
9.4254E-05 2.0000E-04
5.8397E-05 2.0000E-04
5.1731E-05 2.0000E-04
6.4452E-05 2.0000E-04
9.0362E-05 2.0000E-04
6.9315E-05 2.0000E-04
9.6375E-05 2.0000E-04
7.9214E-05 2.0000E-04
6.0003E-05 2.0000E-04
7.2932E-05 2.0000E-04
8.0086E-05 2.0000E-04
8.1085E-05 2.0000E-04
1.9577E-04 2.0000E-04
1.0628E-04 2.0000E-04
1.6776E-04 2.0000E-04
7.6775E-05 2.0000E-04
7.2304E-05 2.0000E-04
1.0619E-04 2.0000E-04
1.5684E-04 2.0000E-04
1.3660E-04 2.0000E-04
1.3709E-04 2.0000E-04
1.1703E-04 2.0000E-04
1.0205E-04 2.0000E-04
1.1752E-04 2.0000E-04
1.6520E-04 2.0000E-04
1.0814E-04 2.0000E-04
9.9648E-05 2.0000E-04
1.1095E-04 2.0000E-04
1.5968E-04 2.0000E-04
1.3784E-04 2.0000E-04
8.8411E-05 2.0000E-04
8.1727E-05 2.0000E-04
1.2675E-04 2.0000E-04
9.4922E-05 2.0000E-04
7.1932E-05 2.0000E-04
7.8988E-05 2.0000E-04
1.1235E-04 2.0000E-04
7.2751E-05 2.0000E-04
7.3113E-05 2.0000E-04
7.0714E-05 2.0000E-04
6.5643E-05 2.0000E-04
1.0796E-04 2.0000E-04
5.9137E-05 2.0000E-04
5.1677E-05 2.0000E-04
6.3484E-05 2.0000E-04
1.3142E-04 2.0000E-04
5.3334E-05 2.0000E-04
4.0881E-05 2.0000E-04
5.8304E-05 2.0000E-04
8.1110E-05 2.0000E-04
4.8883E-05 2.0000E-04
4.4604E-05 2.0000E-04
5.8287E-05 2.0000E-04
5.3748E-05 2.0000E-04
5.2614E-05 2.0000E-04
4.2601E-05 2.0000E-04
4.3712E-05 2.0000E-04
7.7332E-05 2.0000E-04
3.9814E-05 2.0000E-04
3.6499E-05 2.0000E-04
5.0421E-05 2.0000E-04
7.5717E-05 2.0000E-04
3.9904E-05 2.0000E-04
3.7205E-05 2.0000E-04
4.0878E-05 2.0000E-04
7.7630E-05 2.0000E-04
3.4222E-05 2.0000E-04
3.2943E-05 2.0000E-04
3.6909E-05 2.0000E-04
7.8127E-05 2.0000E-04
3.4242E-05 2.0000E-04
2.8030E-05 2.0000E-04
3.3790E-05 2.0000E-04
5.0853E-05 2.0000E-04
4.5092E-05 2.0000E-04
2.6034E-05 2.0000E-04
3.0403E-05 2.0000E-04
3.7038E-05 2.0000E-04
4.7727E-05 2.0000E-04
3.6148E-05 2.0000E-04
2.8859E-05 2.0000E-04
3.1140E-05 2.0000E-04
4.9775E-05 2.0000E-04
3.1846E-05 2.0000E-04
2.9561E-05 2.0000E-04
3.4678E-05 2.0000E-04
3.3385E-05 2.0000E-04
7.1625E-05 2.0000E-04
2.8982E-05 2.0000E-04
2.6665E-05 2.0000E-04
3.4894E-05 2.0000E-04
7.4658E-05 2.0000E-04
3.5088E-05 2.0000E-04
2.7757E-05 2.0000E-04
3.5358E-05 2.0000E-04
4.9164E-05 2.0000E-04
3.7513E-05 2.0000E-04
3.1687E-05 2.0000E-04
4.4159E-05 2.0000E-04
4.8785E-05 2.0000E-04
3.7610E-05 2.0000E-04
4.8515E-05 2.0000E-04
4.5806E-05 2.0000E-04
3.9547E-05 2.0000E-04
5.8035E-05 2.0000E-04
5.1529E-05 2.0000E-04
4.3936E-05 2.0000E-04
3.6725E-05 2.0000E-04
3.4056E-05 2.0000E-04
4.5929E-05 2.0000E-04
4.3950E-05 2.0000E-04
3.5275E-05 2.0000E-04
4.1435E-05 2.0000E-04
4.6668E-05 2.0000E-04
3.6152E-05 2.0000E-04
4.0605E-05 2.0000E-04
6.2240E-05 2.0000E-04
3.5561E-05 2.0000E-04
2.9989E-05 2.0000E-04
3.5508E-05 2.0000E-04
6.4291E-05 2.0000E-04
4.2847E-05 2.0000E-04
3.1348E-05 2.0000E-04
2.9371E-05 2.0000E-04
3.4678E-05 2.0000E-04
3.5155E-05 2.0000E-04
3.7843E-05 2.0000E-04
2.6423E-05 2.0000E-04
2.5322E-05 2.0000E-04
4.1363E-05 2.0000E-04
3.2066E-05 2.0000E-04
2.3030E-05 2.0000E-04
2.7001E-05 2.0000E-04
3.9277E-05 2.0000E-04
2.6079E-05 2.0000E-04
2.2649E-05 2.0000E-04
2.9996E-05 2.0000E-04
2.5973E-05 2.0000E-04
3.2179E-05 2.0000E-04
3.2523E-05 2.0000E-04
2.3032E-05 2.0000E-04
2.0204E-05 2.0000E-04
3.2254E-05 2.0000E-04
2.3694E-05 2.0000E-04
2.3013E-05 2.0000E-04
3.3756E-05 2.0000E-04
2.2994E-05 2.0000E-04
2.3822E-05 2.0000E-04
3.0533E-05 2.0000E-04
2.6231E-05 2.0000E-04
2.9387E-05 2.0000E-04
2.9287E-05 2.0000E-04
2.4973E-05 2.0000E-04
2.5945E-05 2.0000E-04
4.0229E-05 2.0000E-04
2.8313E-05 2.0000E-04
2.9622E-05 2.0000E-04
4.3532E-05 2.0000E-04
3.9601E-05 2.0000E-04
5.5077E-05 2.0000E-04
5.5077E-05 2.0000E-04
5.5065E-05 2.0000E-04
4.5177E-05 2.0000E-04
3.4230E-05 2.0000E-04
2.8188E-05 2.0000E-04
4.2426E-05 2.0000E-04
3.6709E-05 2.0000E-04
6.5486E-05 2.0000E-04
3.6149E-05 2.0000E-04
3.6181E-05 2.0000E-04
5.6009E-05 2.0000E-04
9.3554E-05 2.0000E-04
5.2016E-05 2.0000E-04
5.1081E-05 2.0000E-04
6.9618E-05 2.0000E-04
1.1802E-04 2.0000E-04
1.3372E-04 2.0000E-04
1.1821E-04 2.0000E-04
3.0301E-04 2.0000E-04
1.6384E-04 2.0000E-04
1.1775E-04 2.0000E-04
1.5947E-04 2.0000E-04
1.5377E-04 2.0000E-04
1.6644E-04 2.0000E-04
2.0082E-04 2.0000E-04
1.1442E-04 2.0000E-04
1.4052E-04 2.0000E-04
1.5261E-04 2.0000E-04
1.1363E-04 2.0000E-04
1.0346E-04 2.0000E-04
1.1316E-04 2.0000E-04
1.0934E-04 2.0000E-04
9.6454E-05 2.0000E-04
7.5782E-05 2.0000E-04
7.8679E-05 2.0000E-04
7.7404E-05 2.0000E-04
6.2087E-05 2.0000E-04
6.5957E-05 2.0000E-04
6.3286E-05 2.0000E-04
5.3499E-05 2.0000E-04
5.7568E-05 2.0000E-04
5.4958E-05 2.0000E-04
4.6173E-05 2.0000E-04
5.2873E-05 2.0000E-04
6.1875E-05 2.0000E-04
4.3097E-05 2.0000E-04
4.1783E-05 2.0000E-04
6.2925E-05 2.0000E-04
4.2345E-05 2.0000E-04
3.6936E-05 2.0000E-04
4.7810E-05 2.0000E-04
3.6804E-05 2.0000E-04
4.4704E-05 2.0000E-04
5.4211E-05 2.0000E-04
2.8698E-05 2.0000E-04
2.5979E-05 2.0000E-04
2.8952E-05 2.0000E-04
7.0910E-05 2.0000E-04
2.3949E-05 2.0000E-04
1.9945E-05 2.0000E-04
2.4937E-05 2.0000E-04
3.8207E-05 2.0000E-04
2.3632E-05 2.0000E-04
1.9358E-05 2.0000E-04
2.7925E-05 2.0000E-04
3.2664E-05 2.0000E-04
2.2571E-05 2.0000E-04
2.0209E-05 2.0000E-04
2.1969E-05 2.0000E-04
2.1785E-05 2.0000E-04
3.2088E-05 2.0000E-04
2.6937E-05 2.0000E-04
1.7145E-05 2.0000E-04
1.6220E-05 2.0000E-04
2.0938E-05 2.0000E-04
2.8686E-05 2.0000E-04
1.9036E-05 2.0000E-04
1.7394E-05 2.0000E-04
2.0061E-05 2.0000E-04
3.4001E-05 2.0000E-04
1.6676E-05 2.0000E-04
1.4190E-05 2.0000E-04
1.7282E-05 2.0000E-04
2.5826E-05 2.0000E-04
1.9821E-05 2.0000E-04
1.5097E-05 2.0000E-04
1.6915E-05 2.0000E-04
2.3641E-05 2.0000E-04
1.7886E-05 2.0000E-04
1.9398E-05 2.0000E-04
2.0831E-05 2.0000E-04
1.6658E-05 2.0000E-04
1.8627E-05 2.0000E-04
2.8019E-05 2.0000E-04
1.6561E-05 2.0000E-04
1.2702E-05 2.0000E-04
1.4855E-05 2.0000E-04
2.2197E-05 2.0000E-04
2.6545E-05 2.0000E-04
1.2591E-05 2.0000E-04
1.1865E-05 2.0000E-04
1.3971E-05 2.0000E-04
2.6112E-05 2.0000E-04
1.3046E-05 2.0000E-04
1.1459E-05 2.0000E-04
1.2566E-05 2.0000E-04
1.8040E-05 2.0000E-04
1.2895E-05 2.0000E-04
1.0912E-05 2.0000E-04
1.3907E-05 2.0000E-04
1.2946E-05 2.0000E-04
1.2718E-05 2.0000E-04
1.3627E-05 2.0000E-04
1.2363E-05 2.0000E-04
1.1445E-05 2.0000E-04
2.4868E-05 2.0000E-04
1.1155E-05 2.0000E-04
1.0779E-05 2.0000E-04
1.3774E-05 2.0000E-04
2.5904E-05 2.0000E-04
1.2397E-05 2.0000E-04
9.7033E-06 2.0000E-04
1.2356E-05 2.0000E-04
1.9428E-05 2.0000E-04
1.3093E-05 2.0000E-04
9.9486E-06 2.0000E-04
1.4614E-05 2.0000E-04
1.4158E-05 2.0000E-04
1.1780E-05 2.0000E-04
2.0767E-05 2.0000E-04
1.4036E-05 2.0000E-04
1.2289E-05 2.0000E-04
1.4461E-05 2.0000E-04
2.8850E-05 2.0000E-04
1.3894E-05 2.0000E-04
1.0829E-05 2.0000E-04
1.4972E-05 2.0000E-04
2.1733E-05 2.0000E-04
2.2023E-05 2.0000E-04
1.5459E-05 2.0000E-04
2.0067E-05 2.0000E-04
2.1357E-05 2.0000E-04
1.9190E-05 2.0000E-04
4.2360E-05 2.0000E-04
2.4856E-05 2.0000E-04
2.2913E-05 2.0000E-04
2.7982E-05 2.0000E-04
4.1601E-05 2.0000E-04
4.5811E-05 2.0000E-04
4.7277E-05 2.0000E-04
4.0011E-05 2.0000E-04
4.8758E-05 2.0000E-04
5.5221E-05 2.0000E-04
5.7564E-05 2.0000E-04
8.0437E-05 2.0000E-04
9.9066E-05 2.0000E-04
9.5228E-05 2.0000E-04
4.8097E-05 2.0000E-04
4.1937E-05 2.0000E-04
5.5332E-05 2.0000E-04
1.0305E-04 2.0000E-04
4.9483E-05 2.0000E-04
4.4612E-05 2.0000E-04
5.1027E-05 2.0000E-04
8.4771E-05 2.0000E-04
4.3120E-05 2.0000E-04
3.8112E-05 2.0000E-04
4.3692E-05 2.0000E-04
5.8719E-05 2.0000E-04
3.8634E-05 2.0000E-04
3.4781E-05 2.0000E-04
4.3084E-05 2.0000E-04
6.0468E-05 2.0000E-04
3.4542E-05 2.0000E-04
3.3169E-05 2.0000E-04
3.7481E-05 2.0000E-04
7.8320E-05 2.0000E-04
2.8694E-05 2.0000E-04
2.6294E-05 2.0000E-04
3.6309E-05 2.0000E-04
5.7266E-05 2.0000E-04
3.1159E-05 2.0000E-04
2.6558E-05 2.0000E-04
3.0713E-05 2.0000E-04
4.0207E-05 2.0000E-04
3.6618E-05 2.0000E-04
2.6390E-05 2.0000E-04
2.7575E-05 2.0000E-04
4.1710E-05 2.0000E-04
2.6080E-05 2.0000E-04
2.3154E-05 2.0000E-04
2.7070E-05 2.0000E-04
2.5349E-05 2.0000E-04
3.4350E-05 2.0000E-04
2.3465E-05 2.0000E-04
2.2173E-05 2.0000E-04
2.3734E-05 2.0000E-04
2.1922E-05 2.0000E-04
2.6084E-05 2.0000E-04
1.8051E-05 2.0000E-04
1.6007E-05 2.0000E-04
2.1270E-05 2.0000E-04
1.8127E-05 2.0000E-04
1.9094E-05 2.0000E-04
1.9412E-05 2.0000E-04
1.5597E-05 2.0000E-04
1.7154E-05 2.0000E-04
2.3906E-05 2.0000E-04
1.5435E-05 2.0000E-04
1.4882E-05 2.0000E-04
1.7076E-05 2.0000E-04
1.7619E-05 2.0000E-04
1.3909E-05 2.0000E-04
1.4699E-05 2.0000E-04
1.9085E-05 2.0000E-04
1.8613E-05 2.0000E-04
1.2706E-05 2.0000E-04
1.4326E-05 2.0000E-04
1.6780E-05 2.0000E-04
2.1955E-05 2.0000E-04
1.2279E-05 2.0000E-04
1.2264E-05 2.0000E-04
1.4512E-05 2.0000E-04
3.4524E-05 2.0000E-04
1.2884E-05 2.0000E-04
9.7508E-06 2.0000E-04
1.2641E-05 2.0000E-04
1.6935E-05 2.0000E-04
2.2366E-05 2.0000E-04
9.5904E-06 2.0000E-04
9.9560E-06 2.0000E-04
1.1966E-05 2.0000E-04
2.0343E-05 2.0000E-04
1.0135E-05 2.0000E-04
8.3936E-06 2.0000E-04
1.0988E-05 2.0000E-04
1.6650E-05 2.0000E-04
1.0030E-05 2.0000E-04
7.8173E-06 2.0000E-04
1.0567E-05 2.0000E-04
