RMS Step   Target
2.2222E-03 1.2000E-03
4.3868E-03 1.2000E-03
5.3154E-03 1.2000E-03
4.9980E-03 1.2000E-03
4.7289E-03 1.2000E-03
4.5354E-03 1.2000E-03
4.5753E-03 1.2000E-03
2.4047E-03 1.2000E-03
1.7212E-03 1.2000E-03
2.9213E-03 1.2000E-03
1.5955E-03 1.2000E-03
7.2010E-04 1.2000E-03
1.1974E-03 1.2000E-03
1.8056E-03 1.2000E-03
3.6408E-03 1.2000E-03
7.1667E-03 1.2000E-03
2.0796E-03 1.2000E-03
7.2860E-04 1.2000E-03
1.5286E-03 1.2000E-03
1.6481E-03 1.2000E-03
5.3920E-04 1.2000E-03
1.0420E-03 1.2000E-03
1.1102E-03 1.2000E-03
1.7663E-03 1.2000E-03
3.6653E-03 1.2000E-03
1.3626E-03 1.2000E-03
2.7302E-04 1.2000E-03
8.9428E-04 1.2000E-03
1.1364E-03 1.2000E-03
2.9125E-04 1.2000E-03
4.2202E-04 1.2000E-03
4.2202E-04 1.2000E-03
