RMS Step   Target
2.8849E-04 8.0000E-04
2.8849E-03 8.0000E-04
9.2262E-04 8.0000E-04
1.4552E-03 8.0000E-04
1.5658E-03 8.0000E-04
1.0363E-03 8.0000E-04
3.7192E-04 8.0000E-04
6.6457E-04 8.0000E-04
1.0789E-03 8.0000E-04
1.0752E-03 8.0000E-04
5.5431E-04 8.0000E-04
1.3175E-03 8.0000E-04
1.5062E-03 8.0000E-04
5.0882E-04 8.0000E-04
7.5075E-04 8.0000E-04
6.2747E-04 8.0000E-04
1.8957E-03 8.0000E-04
2.3053E-03 8.0000E-04
2.8308E-04 8.0000E-04
8.0483E-04 8.0000E-04
1.0201E-03 8.0000E-04
3.5259E-03 8.0000E-04
9.2726E-04 8.0000E-04
3.0213E-04 8.0000E-04
1.1472E-03 8.0000E-04
1.8220E-03 8.0000E-04
1.0830E-03 8.0000E-04
7.8094E-04 8.0000E-04
7.6247E-04 8.0000E-04
1.3156E-03 8.0000E-04
5.4209E-04 8.0000E-04
7.4616E-04 8.0000E-04
9.3490E-04 8.0000E-04
2.0296E-03 8.0000E-04
3.9978E-04 8.0000E-04
2.8093E-04 8.0000E-04
5.0710E-04 8.0000E-04
8.0699E-04 8.0000E-04
1.9116E-03 8.0000E-04
3.3489E-04 8.0000E-04
3.6831E-04 8.0000E-04
6.9668E-04 8.0000E-04
7.0385E-04 8.0000E-04
7.0897E-04 8.0000E-04
6.3477E-04 8.0000E-04
9.0902E-04 8.0000E-04
1.5737E-03 8.0000E-04
2.6063E-04 8.0000E-04
1.5684E-04 8.0000E-04
4.8185E-04 8.0000E-04
1.0279E-03 8.0000E-04
1.8201E-03 8.0000E-04
2.9599E-04 8.0000E-04
3.6979E-04 8.0000E-04
6.1015E-04 8.0000E-04
1.3003E-03 8.0000E-04
1.0741E-03 8.0000E-04
1.6355E-04 8.0000E-04
3.1361E-04 8.0000E-04
5.7853E-04 8.0000E-04
7.7504E-04 8.0000E-04
1.1531E-03 8.0000E-04
8.7093E-04 8.0000E-04
1.8725E-04 8.0000E-04
6.0026E-04 8.0000E-04
7.1420E-04 8.0000E-04
2.2319E-04 8.0000E-04
6.2241E-04 8.0000E-04
5.2420E-04 8.0000E-04
1.2323E-03 8.0000E-04
3.2940E-04 8.0000E-04
1.3615E-04 8.0000E-04
3.7547E-04 8.0000E-04
7.6577E-04 8.0000E-04
2.7518E-04 8.0000E-04
6.7278E-04 8.0000E-04
5.9896E-04 8.0000E-04
9.2219E-04 8.0000E-04
2.6767E-04 8.0000E-04
8.6667E-05 8.0000E-04
3.1550E-04 8.0000E-04
4.2764E-04 8.0000E-04
8.0345E-04 8.0000E-04
3.1338E-04 8.0000E-04
1.9059E-04 8.0000E-04
3.9131E-04 8.0000E-04
9.6674E-04 8.0000E-04
1.5456E-04 8.0000E-04
2.1945E-04 8.0000E-04
3.9958E-04 8.0000E-04
5.8299E-04 8.0000E-04
1.0095E-03 8.0000E-04
1.0044E-04 8.0000E-04
1.4575E-04 8.0000E-04
2.4297E-04 8.0000E-04
8.3262E-04 8.0000E-04
4.3980E-04 8.0000E-04
1.5026E-04 8.0000E-04
3.4512E-04 8.0000E-04
4.1236E-04 8.0000E-04
7.5491E-04 8.0000E-04
3.0645E-04 8.0000E-04
1.0628E-04 8.0000E-04
1.9673E-04 8.0000E-04
4.2257E-04 8.0000E-04
7.3007E-04 8.0000E-04
5.3870E-04 8.0000E-04
2.2706E-04 8.0000E-04
2.3086E-04 8.0000E-04
4.5489E-04 8.0000E-04
4.9218E-04 8.0000E-04
4.1652E-04 8.0000E-04
4.0238E-04 8.0000E-04
3.9698E-04 8.0000E-04
4.5784E-04 8.0000E-04
2.8934E-04 8.0000E-04
3.6991E-04 8.0000E-04
4.9855E-04 8.0000E-04
3.1794E-04 8.0000E-04
3.1283E-04 8.0000E-04
3.8872E-04 8.0000E-04
5.4446E-04 8.0000E-04
3.0711E-04 8.0000E-04
2.4579E-04 8.0000E-04
2.9790E-04 8.0000E-04
5.9413E-04 8.0000E-04
2.8922E-04 8.0000E-04
2.0807E-04 8.0000E-04
2.5902E-04 8.0000E-04
6.4993E-04 8.0000E-04
3.3000E-04 8.0000E-04
2.6112E-04 8.0000E-04
3.3460E-04 8.0000E-04
5.4787E-04 8.0000E-04
3.8882E-04 8.0000E-04
3.9259E-04 8.0000E-04
2.0853E-04 8.0000E-04
4.5134E-04 8.0000E-04
6.3576E-04 8.0000E-04
2.8591E-04 8.0000E-04
3.0468E-04 8.0000E-04
3.2971E-04 8.0000E-04
7.1952E-04 8.0000E-04
3.9903E-04 8.0000E-04
2.4431E-04 8.0000E-04
4.6336E-04 8.0000E-04
6.9470E-04 8.0000E-04
1.4884E-04 8.0000E-04
3.8732E-04 8.0000E-04
3.5091E-04 8.0000E-04
1.0270E-03 8.0000E-04
6.1414E-04 8.0000E-04
9.0057E-04 8.0000E-04
4.9434E-04 8.0000E-04
2.8574E-04 8.0000E-04
9.0456E-04 8.0000E-04
9.0497E-04 8.0000E-04
7.4786E-04 8.0000E-04
8.3367E-04 8.0000E-04
1.2933E-03 8.0000E-04
4.6660E-04 8.0000E-04
1.2499E-03 8.0000E-04
8.5531E-04 8.0000E-04
8.6380E-04 8.0000E-04
2.4988E-03 8.0000E-04
1.2209E-03 8.0000E-04
2.8729E-04 8.0000E-04
1.7105E-03 8.0000E-04
9.1175E-04 8.0000E-04
2.2315E-03 8.0000E-04
1.1766E-03 8.0000E-04
8.3405E-04 8.0000E-04
9.8157E-04 8.0000E-04
2.6751E-03 8.0000E-04
4.0273E-04 8.0000E-04
2.1570E-03 8.0000E-04
5.3777E-04 8.0000E-04
1.1349E-03 8.0000E-04
1.7997E-03 8.0000E-04
9.1314E-04 8.0000E-04
1.5028E-03 8.0000E-04
1.4480E-03 8.0000E-04
3.9570E-04 8.0000E-04
1.2467E-03 8.0000E-04
6.0094E-04 8.0000E-04
1.3715E-03 8.0000E-04
5.0405E-04 8.0000E-04
9.1855E-04 8.0000E-04
9.3567E-04 8.0000E-04
5.1610E-04 8.0000E-04
3.4890E-04 8.0000E-04
4.4102E-04 8.0000E-04
9.8310E-04 8.0000E-04
2.8625E-04 8.0000E-04
3.1883E-04 8.0000E-04
4.9711E-04 8.0000E-04
9.0596E-04 8.0000E-04
4.5092E-04 8.0000E-04
3.2272E-04 8.0000E-04
4.0718E-04 8.0000E-04
1.0085E-03 8.0000E-04
3.3944E-04 8.0000E-04
3.5261E-04 8.0000E-04
7.6898E-04 8.0000E-04
5.9715E-04 8.0000E-04
7.2220E-04 8.0000E-04
6.4049E-04 8.0000E-04
3.7422E-04 8.0000E-04
6.3924E-04 8.0000E-04
7.7327E-04 8.0000E-04
5.2250E-04 8.0000E-04
6.9114E-04 8.0000E-04
7.1354E-04 8.0000E-04
5.8077E-04 8.0000E-04
6.7391E-04 8.0000E-04
5.3152E-04 8.0000E-04
7.4660E-04 8.0000E-04
1.2035E-03 8.0000E-04
6.6017E-04 8.0000E-04
4.1446E-04 8.0000E-04
8.0966E-04 8.0000E-04
1.6780E-03 8.0000E-04
6.1916E-04 8.0000E-04
7.4999E-04 8.0000E-04
8.4902E-04 8.0000E-04
2.1341E-03 8.0000E-04
1.0107E-03 8.0000E-04
1.3511E-03 8.0000E-04
1.2522E-03 8.0000E-04
2.0127E-03 8.0000E-04
1.3152E-03 8.0000E-04
3.1082E-03 8.0000E-04
1.1272E-03 8.0000E-04
2.2755E-03 8.0000E-04
5.1945E-03 8.0000E-04
5.6475E-03 8.0000E-04
3.2346E-03 8.0000E-04
2.0431E-03 8.0000E-04
8.8987E-04 8.0000E-04
3.2534E-03 8.0000E-04
1.2600E-03 8.0000E-04
1.7849E-03 8.0000E-04
1.1077E-03 8.0000E-04
2.4013E-03 8.0000E-04
2.2735E-03 8.0000E-04
2.0151E-03 8.0000E-04
6.4872E-04 8.0000E-04
6.7901E-04 8.0000E-04
1.0099E-03 8.0000E-04
2.0989E-03 8.0000E-04
8.5322E-04 8.0000E-04
5.9268E-04 8.0000E-04
7.0291E-04 8.0000E-04
1.0341E-03 8.0000E-04
4.5246E-04 8.0000E-04
4.6964E-04 8.0000E-04
7.5823E-04 8.0000E-04
1.2209E-03 8.0000E-04
5.9669E-04 8.0000E-04
4.5826E-04 8.0000E-04
4.4273E-04 8.0000E-04
9.0398E-04 8.0000E-04
5.0018E-04 8.0000E-04
5.2213E-04 8.0000E-04
5.1446E-04 8.0000E-04
6.0100E-04 8.0000E-04
4.1804E-04 8.0000E-04
5.5276E-04 8.0000E-04
4.4047E-04 8.0000E-04
4.3386E-04 8.0000E-04
5.1631E-04 8.0000E-04
4.3357E-04 8.0000E-04
3.8852E-04 8.0000E-04
4.9489E-04 8.0000E-04
4.1320E-04 8.0000E-04
3.5239E-04 8.0000E-04
6.7972E-04 8.0000E-04
3.6039E-04 8.0000E-04
1.7553E-04 8.0000E-04
4.8244E-04 8.0000E-04
6.9080E-04 8.0000E-04
1.5835E-04 8.0000E-04
2.3945E-04 8.0000E-04
4.6151E-04 8.0000E-04
8.6381E-04 8.0000E-04
5.3490E-04 8.0000E-04
2.7799E-04 8.0000E-04
3.7178E-04 8.0000E-04
6.5455E-04 8.0000E-04
5.8439E-04 8.0000E-04
5.2605E-04 8.0000E-04
6.0665E-04 8.0000E-04
7.7271E-04 8.0000E-04
5.8530E-04 8.0000E-04
5.5319E-04 8.0000E-04
3.7887E-04 8.0000E-04
4.2627E-04 8.0000E-04
1.1602E-03 8.0000E-04
9.0492E-04 8.0000E-04
1.7450E-04 8.0000E-04
8.0732E-04 8.0000E-04
8.1635E-04 8.0000E-04
7.4718E-04 8.0000E-04
8.8857E-04 8.0000E-04
6.9653E-04 8.0000E-04
6.4617E-04 8.0000E-04
1.5715E-03 8.0000E-04
9.1602E-04 8.0000E-04
7.7084E-04 8.0000E-04
1.9609E-03 8.0000E-04
2.5230E-03 8.0000E-04
4.3133E-04 8.0000E-04
1.3181E-03 8.0000E-04
7.4643E-04 8.0000E-04
1.3664E-03 8.0000E-04
3.3217E-03 8.0000E-04
4.8051E-04 8.0000E-04
1.6615E-03 8.0000E-04
5.1916E-03 8.0000E-04
1.0688E-03 8.0000E-04
3.7423E-03 8.0000E-04
1.0335E-03 8.0000E-04
2.4331E-03 8.0000E-04
2.5285E-03 8.0000E-04
4.7032E-03 8.0000E-04
1.4844E-03 8.0000E-04
4.9060E-03 8.0000E-04
2.0820E-03 8.0000E-04
9.8184E-04 8.0000E-04
3.2469E-03 8.0000E-04
3.1879E-03 8.0000E-04
3.0428E-03 8.0000E-04
1.3017E-03 8.0000E-04
2.6861E-03 8.0000E-04
3.3682E-04 8.0000E-04
1.6511E-03 8.0000E-04
2.6073E-03 8.0000E-04
3.2629E-03 8.0000E-04
6.8310E-04 8.0000E-04
2.9310E-03 8.0000E-04
1.0642E-03 8.0000E-04
8.4835E-04 8.0000E-04
2.7438E-03 8.0000E-04
1.0142E-03 8.0000E-04
1.7076E-03 8.0000E-04
1.7076E-03 8.0000E-04
1.2224E-09 8.0000E-04
2.8849E-04 8.0000E-04
9.6443E-05 8.0000E-04
1.0229E-04 8.0000E-04
2.4043E-04 8.0000E-04
2.9635E-04 8.0000E-04
8.2127E-04 8.0000E-04
1.8408E-04 8.0000E-04
1.2706E-04 8.0000E-04
3.9750E-04 8.0000E-04
7.1450E-04 8.0000E-04
3.3621E-04 8.0000E-04
3.4697E-04 8.0000E-04
3.8792E-04 8.0000E-04
8.2383E-04 8.0000E-04
9.4103E-04 8.0000E-04
3.3077E-04 8.0000E-04
4.7979E-04 8.0000E-04
5.5258E-04 8.0000E-04
8.7013E-04 8.0000E-04
1.2745E-03 8.0000E-04
6.7659E-04 8.0000E-04
3.3195E-04 8.0000E-04
9.4619E-04 8.0000E-04
1.0539E-03 8.0000E-04
4.9163E-04 8.0000E-04
8.3254E-04 8.0000E-04
7.8022E-04 8.0000E-04
7.6558E-04 8.0000E-04
1.2510E-03 8.0000E-04
2.1535E-04 8.0000E-04
6.5201E-04 8.0000E-04
1.0056E-03 8.0000E-04
1.8614E-03 8.0000E-04
5.5986E-04 8.0000E-04
6.7976E-04 8.0000E-04
7.7916E-04 8.0000E-04
1.4274E-03 8.0000E-04
8.4097E-04 8.0000E-04
1.0118E-03 8.0000E-04
1.5685E-03 8.0000E-04
1.7615E-03 8.0000E-04
9.3479E-04 8.0000E-04
2.6412E-04 8.0000E-04
1.5276E-03 8.0000E-04
7.0452E-04 8.0000E-04
7.0525E-04 8.0000E-04
1.3863E-03 8.0000E-04
8.2892E-04 8.0000E-04
1.1207E-03 8.0000E-04
1.2265E-03 8.0000E-04
5.1152E-04 8.0000E-04
5.4240E-04 8.0000E-04
1.2331E-03 8.0000E-04
1.3639E-03 8.0000E-04
1.4755E-03 8.0000E-04
3.1226E-04 8.0000E-04
9.9372E-04 8.0000E-04
6.8882E-04 8.0000E-04
1.1066E-03 8.0000E-04
9.0926E-04 8.0000E-04
6.1750E-04 8.0000E-04
1.0141E-03 8.0000E-04
8.1597E-04 8.0000E-04
1.1112E-04 8.0000E-04
3.1242E-04 8.0000E-04
8.1668E-04 8.0000E-04
1.6830E-03 8.0000E-04
4.3608E-04 8.0000E-04
1.6779E-04 8.0000E-04
6.5184E-04 8.0000E-04
1.2706E-03 8.0000E-04
3.6475E-04 8.0000E-04
9.0005E-04 8.0000E-04
4.9495E-04 8.0000E-04
9.6643E-04 8.0000E-04
1.2926E-03 8.0000E-04
6.1200E-04 8.0000E-04
8.8895E-04 8.0000E-04
1.0385E-03 8.0000E-04
1.1218E-03 8.0000E-04
7.9054E-04 8.0000E-04
1.1391E-03 8.0000E-04
7.8122E-04 8.0000E-04
4.4654E-04 8.0000E-04
1.4572E-03 8.0000E-04
7.4999E-04 8.0000E-04
2.1030E-03 8.0000E-04
1.3775E-03 8.0000E-04
6.6946E-04 8.0000E-04
4.0315E-04 8.0000E-04
1.6393E-03 8.0000E-04
1.4455E-03 8.0000E-04
6.8046E-04 8.0000E-04
2.4417E-03 8.0000E-04
7.7099E-04 8.0000E-04
2.3482E-03 8.0000E-04
7.5158E-04 8.0000E-04
8.2027E-04 8.0000E-04
6.7043E-04 8.0000E-04
2.0414E-03 8.0000E-04
9.6411E-04 8.0000E-04
5.0077E-04 8.0000E-04
1.9068E-03 8.0000E-04
1.5635E-03 8.0000E-04
5.3249E-04 8.0000E-04
5.2151E-04 8.0000E-04
6.8756E-04 8.0000E-04
1.7315E-03 8.0000E-04
5.7068E-04 8.0000E-04
4.4016E-04 8.0000E-04
1.2949E-03 8.0000E-04
1.2888E-03 8.0000E-04
2.3418E-03 8.0000E-04
5.4625E-04 8.0000E-04
8.2546E-04 8.0000E-04
6.2042E-04 8.0000E-04
9.4513E-04 8.0000E-04
1.7785E-03 8.0000E-04
1.4775E-03 8.0000E-04
8.1595E-04 8.0000E-04
1.5280E-03 8.0000E-04
1.0884E-03 8.0000E-04
6.4727E-04 8.0000E-04
3.4583E-03 8.0000E-04
1.0919E-03 8.0000E-04
5.1229E-04 8.0000E-04
1.2103E-03 8.0000E-04
3.6430E-03 8.0000E-04
1.0801E-03 8.0000E-04
1.0842E-03 8.0000E-04
1.5749E-03 8.0000E-04
3.9610E-03 8.0000E-04
6.9953E-04 8.0000E-04
1.6199E-03 8.0000E-04
9.5420E-04 8.0000E-04
3.2710E-03 8.0000E-04
1.6119E-03 8.0000E-04
1.1160E-03 8.0000E-04
1.1352E-03 8.0000E-04
2.5081E-03 8.0000E-04
2.0994E-03 8.0000E-04
6.4860E-04 8.0000E-04
1.3599E-03 8.0000E-04
8.2283E-04 8.0000E-04
2.0158E-03 8.0000E-04
1.4924E-03 8.0000E-04
1.6075E-03 8.0000E-04
9.3155E-04 8.0000E-04
1.3221E-03 8.0000E-04
1.0322E-03 8.0000E-04
1.0392E-03 8.0000E-04
1.0393E-03 8.0000E-04
1.2515E-03 8.0000E-04
6.7685E-04 8.0000E-04
1.2238E-03 8.0000E-04
9.8364E-04 8.0000E-04
1.0862E-03 8.0000E-04
1.1753E-03 8.0000E-04
5.4782E-04 8.0000E-04
3.1167E-04 8.0000E-04
7.4978E-04 8.0000E-04
8.1241E-04 8.0000E-04
8.2371E-04 8.0000E-04
1.3938E-03 8.0000E-04
8.3188E-04 8.0000E-04
3.7143E-04 8.0000E-04
9.0398E-04 8.0000E-04
5.6465E-04 8.0000E-04
5.0673E-04 8.0000E-04
1.6806E-03 8.0000E-04
7.5495E-04 8.0000E-04
1.3083E-04 8.0000E-04
7.5645E-04 8.0000E-04
5.8535E-04 8.0000E-04
7.5959E-04 8.0000E-04
1.5585E-03 8.0000E-04
6.5858E-04 8.0000E-04
1.9376E-04 8.0000E-04
4.2128E-04 8.0000E-04
1.0711E-03 8.0000E-04
1.8615E-04 8.0000E-04
5.0446E-04 8.0000E-04
6.9867E-04 8.0000E-04
9.8962E-04 8.0000E-04
1.3159E-03 8.0000E-04
3.7230E-04 8.0000E-04
2.2696E-04 8.0000E-04
2.8881E-04 8.0000E-04
6.5068E-04 8.0000E-04
9.6950E-04 8.0000E-04
4.9375E-04 8.0000E-04
5.0236E-04 8.0000E-04
7.9430E-04 8.0000E-04
5.5838E-04 8.0000E-04
3.5141E-04 8.0000E-04
4.6813E-04 8.0000E-04
3.8612E-04 8.0000E-04
2.6199E-04 8.0000E-04
7.3684E-04 8.0000E-04
5.7321E-04 8.0000E-04
2.4481E-04 8.0000E-04
9.0934E-04 8.0000E-04
3.4919E-04 8.0000E-04
6.2551E-04 8.0000E-04
9.1188E-04 8.0000E-04
2.2235E-04 8.0000E-04
2.9631E-04 8.0000E-04
3.1784E-04 8.0000E-04
5.6159E-04 8.0000E-04
6.6427E-04 8.0000E-04
1.0818E-03 8.0000E-04
6.5149E-04 8.0000E-04
5.8735E-04 8.0000E-04
4.1540E-04 8.0000E-04
3.2978E-04 8.0000E-04
3.7048E-04 8.0000E-04
6.9792E-04 8.0000E-04
7.2374E-04 8.0000E-04
3.9711E-04 8.0000E-04
4.2821E-04 8.0000E-04
4.8056E-04 8.0000E-04
4.5733E-04 8.0000E-04
5.6925E-04 8.0000E-04
7.0557E-04 8.0000E-04
5.1112E-04 8.0000E-04
7.3908E-04 8.0000E-04
5.7858E-04 8.0000E-04
3.6016E-04 8.0000E-04
4.8898E-04 8.0000E-04
3.1073E-04 8.0000E-04
3.7698E-04 8.0000E-04
6.8393E-04 8.0000E-04
7.5089E-04 8.0000E-04
1.0691E-04 8.0000E-04
4.8404E-04 8.0000E-04
4.2604E-04 8.0000E-04
9.0510E-04 8.0000E-04
1.1788E-03 8.0000E-04
2.3729E-04 8.0000E-04
1.3729E-04 8.0000E-04
2.8352E-04 8.0000E-04
6.8077E-04 8.0000E-04
4.2873E-04 8.0000E-04
6.4812E-04 8.0000E-04
5.3991E-04 8.0000E-04
1.0473E-03 8.0000E-04
6.7598E-04 8.0000E-04
2.4099E-04 8.0000E-04
3.9996E-04 8.0000E-04
5.0580E-04 8.0000E-04
4.8722E-04 8.0000E-04
1.2925E-03 8.0000E-04
7.3361E-04 8.0000E-04
3.1584E-04 8.0000E-04
1.0329E-03 8.0000E-04
3.8970E-04 8.0000E-04
1.1657E-04 8.0000E-04
1.3118E-03 8.0000E-04
5.2566E-04 8.0000E-04
7.0806E-04 8.0000E-04
1.5826E-03 8.0000E-04
9.9509E-04 8.0000E-04
4.4341E-04 8.0000E-04
1.2915E-03 8.0000E-04
6.1195E-04 8.0000E-04
1.3234E-04 8.0000E-04
7.1948E-04 8.0000E-04
1.2191E-03 8.0000E-04
6.0197E-04 8.0000E-04
1.1002E-03 8.0000E-04
3.4088E-04 8.0000E-04
1.5118E-03 8.0000E-04
2.7717E-04 8.0000E-04
3.3567E-04 8.0000E-04
4.9497E-04 8.0000E-04
1.5461E-03 8.0000E-04
3.5131E-04 8.0000E-04
9.9899E-04 8.0000E-04
3.5892E-04 8.0000E-04
1.0267E-03 8.0000E-04
1.5283E-03 8.0000E-04
1.5015E-04 8.0000E-04
1.3705E-04 8.0000E-04
4.4693E-04 8.0000E-04
1.2205E-03 8.0000E-04
2.6435E-04 8.0000E-04
5.4019E-04 8.0000E-04
4.2040E-04 8.0000E-04
1.7580E-03 8.0000E-04
6.4095E-04 8.0000E-04
7.6889E-04 8.0000E-04
2.2426E-04 8.0000E-04
6.4524E-04 8.0000E-04
9.4253E-04 8.0000E-04
9.9402E-04 8.0000E-04
2.4789E-04 8.0000E-04
2.8829E-04 8.0000E-04
4.5613E-04 8.0000E-04
7.9905E-04 8.0000E-04
5.5031E-04 8.0000E-04
2.3509E-04 8.0000E-04
5.0808E-04 8.0000E-04
6.2872E-04 8.0000E-04
3.7296E-04 8.0000E-04
2.8808E-04 8.0000E-04
8.1277E-04 8.0000E-04
5.7108E-04 8.0000E-04
4.2861E-04 8.0000E-04
6.0413E-04 8.0000E-04
1.9436E-04 8.0000E-04
5.0202E-04 8.0000E-04
7.4411E-04 8.0000E-04
2.6952E-04 8.0000E-04
1.9445E-04 8.0000E-04
3.0184E-04 8.0000E-04
6.3518E-04 8.0000E-04
2.4972E-04 8.0000E-04
2.3150E-04 8.0000E-04
2.9506E-04 8.0000E-04
6.0077E-04 8.0000E-04
2.2187E-04 8.0000E-04
2.7811E-04 8.0000E-04
2.6559E-04 8.0000E-04
4.7792E-04 8.0000E-04
4.3810E-04 8.0000E-04
2.6759E-04 8.0000E-04
2.5766E-04 8.0000E-04
4.0700E-04 8.0000E-04
2.9429E-04 8.0000E-04
3.4532E-04 8.0000E-04
3.2218E-04 8.0000E-04
3.1444E-04 8.0000E-04
4.4941E-04 8.0000E-04
3.0792E-04 8.0000E-04
2.0322E-04 8.0000E-04
4.7810E-04 8.0000E-04
4.3394E-04 8.0000E-04
1.1935E-04 8.0000E-04
2.5538E-04 8.0000E-04
2.4672E-04 8.0000E-04
5.7395E-04 8.0000E-04
2.8974E-04 8.0000E-04
8.0280E-05 8.0000E-04
1.7193E-04 8.0000E-04
3.1063E-04 8.0000E-04
3.1063E-04 8.0000E-04
1.0624E-09 8.0000E-04
3.6062E-05 8.0000E-04
1.2853E-05 8.0000E-04
1.2846E-05 8.0000E-04
