Max Step   Target
3.7886E-03 1.8000E-02
1.2607E-01 1.8000E-02
5.6024E-02 1.8000E-02
2.3704E-01 1.8000E-02
9.4312E-02 1.8000E-02
1.8223E-02 1.8000E-02
0.0000E+00 1.8000E-02
1.4892E-03 1.8000E-02
4.5808E-03 1.8000E-02
9.5266E-03 1.8000E-02
1.3015E-02 1.8000E-02
1.3215E-02 1.8000E-02
9.4734E-03 1.8000E-02
2.1163E-02 1.8000E-02
7.3377E-03 1.8000E-02
8.9702E-03 1.8000E-02
5.0937E-02 1.8000E-02
4.5137E-02 1.8000E-02
2.2039E-02 1.8000E-02
1.6744E-03 1.8000E-02
6.5704E-03 1.8000E-02
5.6735E-03 1.8000E-02
2.0799E-02 1.8000E-02
1.4572E-02 1.8000E-02
9.7338E-03 1.8000E-02
1.1029E-02 1.8000E-02
5.8257E-03 1.8000E-02
3.2976E-03 1.8000E-02
7.5325E-04 1.8000E-02
