RMS Grad   Target
7.9565E-04 3.0000E-03
7.5941E-04 3.0000E-03
4.6566E-04 3.0000E-03
3.7853E-04 3.0000E-03
4.8575E-04 3.0000E-03
4.3901E-04 3.0000E-03
2.0259E-04 3.0000E-03
1.6372E-04 3.0000E-03
1.4203E-04 3.0000E-03
1.2399E-04 3.0000E-03
9.9308E-05 3.0000E-03
1.2392E-04 3.0000E-03
1.0207E-04 3.0000E-03
9.0445E-05 3.0000E-03
1.3904E-04 3.0000E-03
1.2776E-04 3.0000E-03
1.4406E-04 3.0000E-03
2.1747E-04 3.0000E-03
5.6341E-04 3.0000E-03
9.6288E-05 3.0000E-03
6.8746E-05 3.0000E-03
9.1632E-05 3.0000E-03
1.1164E-04 3.0000E-03
2.3976E-04 3.0000E-03
1.3132E-04 3.0000E-03
9.9751E-05 3.0000E-03
7.6634E-05 3.0000E-03
1.6563E-04 3.0000E-03
3.5960E-05 3.0000E-03
2.3818E-05 3.0000E-03
