RMS Step   Target
5.6785E-05 1.2000E-02
1.7797E-03 1.2000E-02
6.1197E-04 1.2000E-02
2.4142E-03 1.2000E-02
8.2408E-04 1.2000E-02
3.0569E-04 1.2000E-02
0.0000E+00 1.2000E-02
6.7755E-05 1.2000E-02
1.9586E-04 1.2000E-02
3.9936E-04 1.2000E-02
5.9401E-04 1.2000E-02
6.5730E-04 1.2000E-02
2.8392E-04 1.2000E-02
7.5939E-04 1.2000E-02
3.9786E-04 1.2000E-02
4.1292E-04 1.2000E-02
2.3321E-03 1.2000E-02
2.3607E-03 1.2000E-02
1.1795E-03 1.2000E-02
9.0544E-05 1.2000E-02
4.6144E-04 1.2000E-02
4.4236E-04 1.2000E-02
1.6267E-03 1.2000E-02
1.0256E-03 1.2000E-02
5.8156E-04 1.2000E-02
6.6629E-04 1.2000E-02
4.1593E-04 1.2000E-02
1.7955E-04 1.2000E-02
4.5213E-05 1.2000E-02
