512.3
176.5
176.1
169.4
171.7
175.0
172.9
177.9
179.8
173.4
178.6
176.8
171.3
166.9
180.0
177.0
177.3
179.0
177.9
178.9
172.9
177.6
177.0
179.6
220.0
177.4
176.9
179.0
169.9
169.7
178.5
177.7
177.1
173.4
175.4
180.2
177.2
179.7
171.5
177.4
178.3
179.7
179.6
172.3
179.3
182.2
223.1
162.6
162.9
160.0
162.4
184.3
172.5
180.5
180.9
179.2
176.1
180.3
179.4
173.8
173.0
174.2
181.5
179.4
174.5
179.0
177.1
173.0
218.7
165.0
159.1
162.7
158.4
156.4
165.8
181.9
181.3
175.0
173.4
180.2
169.2
175.2
174.6
181.1
181.7
182.6
182.8
183.6
174.3
162.5
229.3
163.3
162.6
159.3
162.6
157.9
163.6
174.5
176.4
179.4
181.1
181.5
199.4
190.7
191.2
198.0
183.2
163.5
181.4
175.8
164.8
151.3
225.3
178.9
156.8
155.9
163.4
149.9
164.0
163.5
163.7
174.8
180.0
176.4
197.6
199.4
198.5
192.1
191.2
183.0
176.5
180.2
156.7
228.4
160.6
156.0
156.3
163.4
158.2
158.5
159.4
158.2
167.2
170.6
157.8
198.1
192.9
191.0
191.0
194.0
169.1
174.3
184.6
163.0
230.0
154.1
161.4
163.6
156.6
161.9
163.5
161.8
165.6
172.9
173.4
201.6
204.8
217.2
207.8
169.7
160.9
166.0
161.5
161.6
166.9
160.7
179.7
178.4
202.3
211.8
224.5
162.8
159.6
169.7
186.8
210.0
209.2
163.9
163.3
219.8
216.4
163.6
169.7
218.7
213.2
172.8
161.5
220.9
166.5
169.6
124.2
123.4
172.7
189.4
191.1
132.3
138.2
140.2
171.8
173.4
174.9
161.3
173.9
128.1
115.5
