RMS Step   Target
5.7844E-05 1.2000E-02
3.8066E-03 1.2000E-02
9.6129E-04 1.2000E-02
9.4356E-04 1.2000E-02
2.6790E-03 1.2000E-02
1.4700E-03 1.2000E-02
4.1893E-04 1.2000E-02
0.0000E+00 1.2000E-02
9.2326E-05 1.2000E-02
1.6738E-04 1.2000E-02
2.3041E-04 1.2000E-02
2.7994E-04 1.2000E-02
5.9153E-04 1.2000E-02
2.8922E-04 1.2000E-02
4.4897E-04 1.2000E-02
1.4115E-03 1.2000E-02
2.0385E-03 1.2000E-02
6.8666E-04 1.2000E-02
6.3011E-04 1.2000E-02
5.7214E-04 1.2000E-02
1.3527E-03 1.2000E-02
3.4841E-04 1.2000E-02
2.9863E-04 1.2000E-02
7.6956E-04 1.2000E-02
1.3198E-03 1.2000E-02
7.0778E-04 1.2000E-02
1.6719E-04 1.2000E-02
6.4146E-04 1.2000E-02
1.0004E-03 1.2000E-02
6.1925E-04 1.2000E-02
4.6836E-04 1.2000E-02
2.7258E-04 1.2000E-02
4.6423E-04 1.2000E-02
6.4302E-04 1.2000E-02
3.6738E-04 1.2000E-02
1.1817E-04 1.2000E-02
2.0990E-04 1.2000E-02
4.6838E-04 1.2000E-02
5.1605E-04 1.2000E-02
8.3016E-04 1.2000E-02
7.5499E-04 1.2000E-02
2.1021E-04 1.2000E-02
2.4368E-04 1.2000E-02
2.5771E-04 1.2000E-02
7.3105E-04 1.2000E-02
3.6751E-04 1.2000E-02
3.6751E-04 1.2000E-02
2.8922E-04 1.2000E-02
2.1781E-04 1.2000E-02
2.6457E-05 1.2000E-02
