RMS Grad   Target
6.7757E-04 3.0000E-03
6.4832E-04 3.0000E-03
4.1941E-04 3.0000E-03
3.1542E-04 3.0000E-03
2.4611E-04 3.0000E-03
3.0934E-04 3.0000E-03
2.6298E-04 3.0000E-03
2.0363E-04 3.0000E-03
2.3634E-04 3.0000E-03
1.5249E-04 3.0000E-03
1.2192E-04 3.0000E-03
1.0728E-04 3.0000E-03
2.0766E-04 3.0000E-03
2.1891E-04 3.0000E-03
8.4010E-05 3.0000E-03
7.7127E-05 3.0000E-03
1.8894E-04 3.0000E-03
2.9436E-04 3.0000E-03
3.2745E-04 3.0000E-03
8.6062E-04 3.0000E-03
1.8991E-04 3.0000E-03
8.5950E-05 3.0000E-03
1.2026E-04 3.0000E-03
2.6459E-04 3.0000E-03
6.8495E-04 3.0000E-03
1.5948E-04 3.0000E-03
6.3286E-05 3.0000E-03
5.3517E-05 3.0000E-03
2.1856E-04 3.0000E-03
3.9510E-05 3.0000E-03
2.9338E-05 3.0000E-03
3.1054E-05 3.0000E-03
1.6522E-04 3.0000E-03
9.1114E-05 3.0000E-03
8.9938E-05 3.0000E-03
2.8818E-05 3.0000E-03
4.5063E-05 3.0000E-03
