Max Step   Target
5.9943E-03 1.8000E-03
1.2008E-02 1.8000E-03
2.5000E-02 1.8000E-03
2.5000E-02 1.8000E-03
6.5552E-03 1.8000E-03
2.0523E-03 1.8000E-03
1.1026E-02 1.8000E-03
1.1226E-02 1.8000E-03
1.5467E-02 1.8000E-03
2.7939E-03 1.8000E-03
3.3828E-03 1.8000E-03
4.6656E-03 1.8000E-03
1.2012E-02 1.8000E-03
5.7051E-03 1.8000E-03
5.4092E-03 1.8000E-03
6.2418E-03 1.8000E-03
7.8793E-03 1.8000E-03
2.4107E-03 1.8000E-03
7.8110E-04 1.8000E-03
1.6411E-03 1.8000E-03
3.0554E-03 1.8000E-03
9.2445E-04 1.8000E-03
1.1042E-03 1.8000E-03
1.2671E-03 1.8000E-03
1.7148E-03 1.8000E-03
4.3160E-03 1.8000E-03
1.7551E-03 1.8000E-03
3.4287E-04 1.8000E-03
3.4287E-04 1.8000E-03
