RMS Grad   Target
1.5292E-03 3.0000E-04
1.1519E-03 3.0000E-04
1.2728E-03 3.0000E-04
1.6219E-03 3.0000E-04
8.2065E-04 3.0000E-04
5.7691E-04 3.0000E-04
6.6262E-04 3.0000E-04
6.5911E-04 3.0000E-04
1.4096E-03 3.0000E-04
3.1748E-04 3.0000E-04
2.4504E-04 3.0000E-04
2.5687E-04 3.0000E-04
4.2784E-04 3.0000E-04
1.8453E-04 3.0000E-04
1.4726E-04 3.0000E-04
1.8925E-04 3.0000E-04
2.9801E-04 3.0000E-04
2.3905E-04 3.0000E-04
1.5115E-04 3.0000E-04
1.8890E-04 3.0000E-04
2.6089E-04 3.0000E-04
1.5428E-04 3.0000E-04
8.5713E-05 3.0000E-04
8.3850E-05 3.0000E-04
1.1218E-04 3.0000E-04
6.8279E-05 3.0000E-04
6.8279E-05 3.0000E-04
