562.3
120.4
153.0
122.0
154.9
170.5
153.6
121.0
120.9
123.9
121.1
151.8
152.9
120.6
120.8
154.6
154.1
120.2
119.1
121.1
154.2
119.4
121.9
120.9
119.7
120.0
153.7
120.1
120.5
124.1
122.1
119.7
154.2
119.7
121.2
154.7
121.4
118.7
122.3
119.6
121.2
120.9
121.7
122.6
121.6
121.7
120.9
121.6
122.7
119.8
120.8
121.3
120.0
122.4
121.0
122.2
121.4
120.1
122.9
122.5
122.0
121.1
120.9
121.4
120.7
120.5
121.4
120.2
120.3
123.2
120.6
120.5
121.1
103.9
121.9
120.6
105.0
119.4
120.0
103.7
103.0
137.0
530.0
164.3
125.8
117.4
115.2
134.7
141.7
139.8
125.0
139.7
117.0
131.9
137.3
121.2
139.2
141.1
112.3
137.5
132.6
121.9
117.7
121.0
132.1
140.3
136.5
122.5
115.9
141.1
130.5
132.8
138.8
141.0
118.7
123.3
145.0
140.6
135.7
140.3
139.8
132.7
114.3
133.9
140.4
119.9
141.1
141.4
123.4
137.9
124.8
142.3
139.1
120.4
121.9
127.4
124.3
118.8
158.1
133.7
122.5
129.8
141.2
124.4
130.6
131.3
122.4
139.4
118.7
129.6
121.7
120.3
153.0
138.4
120.5
131.4
134.3
136.9
141.1
140.5
119.0
134.0
137.6
117.5
127.1
135.5
120.0
139.3
117.9
121.1
152.9
136.3
119.3
132.8
140.0
137.2
133.9
131.6
135.3
134.0
135.9
139.2
140.1
135.4
141.1
131.4
133.2
130.4
138.0
141.4
171.4
139.8
138.6
137.2
139.1
141.3
141.7
130.6
138.4
125.5
132.6
135.1
133.3
140.9
140.2
134.9
142.9
142.4
128.6
137.7
140.6
141.9
167.1
142.6
130.5
136.4
137.3
140.3
139.1
134.4
137.6
133.9
135.8
133.0
134.8
134.9
138.4
134.1
137.2
139.1
170.2
137.4
131.7
132.8
133.1
131.6
139.7
136.7
137.7
142.7
134.9
133.1
136.1
139.1
142.3
134.1
129.2
127.2
138.8
133.7
133.5
140.2
164.2
130.3
127.7
134.1
132.7
120.3
137.9
133.6
126.0
138.0
140.7
141.1
129.4
140.6
141.1
127.1
124.7
169.2
128.3
133.2
140.9
140.6
138.4
128.7
137.7
131.5
136.5
138.0
132.3
138.4
138.7
132.6
133.6
140.7
132.7
134.7
122.2
139.8
134.3
123.6
121.7
167.7
115.4
120.5
123.1
121.0
136.2
116.4
140.2
119.1
137.5
126.8
124.1
129.0
138.4
124.3
123.1
149.2
133.2
127.8
116.4
120.5
118.2
158.2
132.5
135.2
121.6
116.2
174.9
108.3
120.3
111.9
135.7
133.1
119.0
111.4
137.9
116.0
123.5
121.7
116.2
153.2
135.5
131.6
134.0
135.1
142.0
124.3
122.0
154.1
138.2
134.9
136.9
140.1
127.8
567.3
121.5
124.0
118.7
107.1
133.4
125.3
116.8
105.3
123.6
122.9
107.6
107.0
139.9
116.7
107.5
107.9
104.9
106.9
106.5
123.2
106.4
105.7
121.3
123.2
106.3
106.5
106.4
123.8
106.1
105.5
106.9
121.6
122.2
106.9
104.6
107.8
139.4
105.9
107.1
102.2
121.6
122.7
108.0
122.5
123.1
107.6
104.7
109.0
137.7
108.0
107.5
121.3
116.8
107.6
116.9
123.7
123.1
121.3
121.9
126.4
124.1
123.1
106.9
123.5
115.1
122.4
123.6
122.1
123.3
123.0
117.8
123.4
123.2
122.9
122.0
123.7
120.9
121.4
122.1
104.8
122.0
122.0
123.6
122.7
124.5
122.6
124.3
122.9
107.3
120.5
120.9
106.6
123.0
125.8
108.2
106.3
103.8
122.9
121.6
104.5
105.0
105.3
138.3
106.1
99.5
99.1
139.5
123.3
104.9
125.1
122.3
106.4
105.4
106.6
106.8
107.6
106.6
106.1
114.2
121.5
105.6
104.8
105.6
106.3
122.4
120.5
106.6
122.8
121.7
107.9
123.1
106.4
105.3
138.6
106.2
121.1
122.5
106.3
123.1
123.1
106.8
122.2
123.4
106.5
122.5
106.1
123.9
122.6
121.8
120.4
120.4
106.4
121.8
121.1
123.8
121.5
122.0
105.7
122.7
122.5
107.3
122.9
106.9
154.1
123.6
105.3
122.5
120.8
106.2
104.6
138.9
122.6
122.3
121.8
121.7
105.5
122.3
123.3
123.0
121.6
122.1
121.9
123.6
123.2
122.4
121.5
120.9
122.0
105.6
121.2
122.1
104.3
124.0
115.9
104.1
121.6
123.5
104.2
123.7
107.2
104.7
120.9
121.7
105.7
106.9
108.1
122.3
123.2
106.4
105.1
104.3
106.5
120.4
121.1
105.0
121.3
124.7
106.5
122.9
122.1
106.9
122.1
104.4
106.1
138.9
106.8
106.2
107.4
122.3
121.6
106.4
105.9
106.4
108.0
121.8
123.3
108.7
155.4
121.9
122.3
122.6
123.7
121.5
123.0
122.3
121.6
122.8
118.5
115.9
124.8
122.4
123.1
122.1
124.3
121.6
156.6
124.0
123.9
120.5
124.8
156.8
117.4
124.1
122.2
115.8
122.4
122.9
121.2
123.2
116.7
121.9
121.6
106.5
123.4
153.8
123.2
122.0
123.0
122.0
122.0
154.6
121.0
122.6
122.3
122.3
122.5
123.0
121.9
115.8
121.9
123.3
121.5
124.9
120.9
123.2
122.9
116.1
123.6
122.7
561.2
108.7
108.4
108.3
107.6
106.8
106.0
109.3
107.6
108.8
106.1
107.2
108.5
107.5
108.2
107.9
108.6
107.8
110.7
125.0
124.5
108.8
108.6
107.9
108.7
156.5
118.7
125.2
117.9
126.1
123.4
124.5
110.5
116.4
124.5
123.7
122.9
116.6
124.8
123.5
124.5
107.8
124.1
124.5
123.2
122.2
105.3
117.4
126.5
109.6
125.2
125.9
124.1
124.6
111.8
126.1
126.1
125.2
107.5
108.6
101.6
123.9
123.8
124.6
108.8
124.3
124.8
107.4
103.4
108.1
124.3
102.6
107.2
109.9
117.0
107.7
108.3
101.1
100.8
109.1
108.9
108.2
108.2
108.0
100.1
108.5
110.4
108.6
101.5
109.0
107.9
108.0
110.1
109.4
108.7
102.2
133.6
107.4
108.4
107.2
108.3
107.6
109.5
107.9
108.9
108.1
102.9
108.0
109.8
106.1
108.9
107.5
106.7
107.8
108.7
108.6
108.2
107.6
107.4
102.0
107.8
108.1
108.5
107.3
106.8
100.7
107.4
101.7
107.6
108.5
106.9
106.9
107.3
106.6
103.3
106.9
101.8
108.4
109.4
