Max Step   Target
1.2340E-02 1.2000E-03
1.1510E-01 1.2000E-03
3.3165E-02 1.2000E-03
5.9898E-02 1.2000E-03
6.3815E-02 1.2000E-03
3.6419E-02 1.2000E-03
2.0933E-02 1.2000E-03
2.9413E-02 1.2000E-03
5.7696E-02 1.2000E-03
2.4081E-02 1.2000E-03
1.0689E-02 1.2000E-03
3.6094E-02 1.2000E-03
5.6310E-02 1.2000E-03
3.5287E-02 1.2000E-03
2.6447E-02 1.2000E-03
2.4062E-02 1.2000E-03
4.0665E-02 1.2000E-03
2.4522E-02 1.2000E-03
1.2776E-02 1.2000E-03
1.6438E-02 1.2000E-03
1.8661E-02 1.2000E-03
2.1510E-02 1.2000E-03
2.9982E-02 1.2000E-03
9.9270E-03 1.2000E-03
7.2331E-03 1.2000E-03
2.1241E-02 1.2000E-03
2.1557E-02 1.2000E-03
2.3470E-03 1.2000E-03
3.9325E-03 1.2000E-03
3.5745E-03 1.2000E-03
9.3350E-03 1.2000E-03
1.2635E-02 1.2000E-03
4.7068E-03 1.2000E-03
8.1849E-03 1.2000E-03
9.9677E-03 1.2000E-03
1.2556E-02 1.2000E-03
4.4636E-03 1.2000E-03
5.4492E-03 1.2000E-03
1.0333E-02 1.2000E-03
1.4925E-02 1.2000E-03
1.7531E-03 1.2000E-03
4.1803E-03 1.2000E-03
5.8141E-03 1.2000E-03
1.1636E-02 1.2000E-03
1.7438E-02 1.2000E-03
8.8788E-03 1.2000E-03
8.1897E-03 1.2000E-03
5.7748E-03 1.2000E-03
8.2139E-03 1.2000E-03
1.5269E-02 1.2000E-03
5.4458E-03 1.2000E-03
4.4217E-03 1.2000E-03
1.3615E-02 1.2000E-03
2.7650E-02 1.2000E-03
1.4054E-02 1.2000E-03
6.2106E-02 1.2000E-03
1.0500E-01 1.2000E-03
4.0854E-02 1.2000E-03
2.3013E-02 1.2000E-03
1.6064E-01 1.2000E-03
8.7217E-02 1.2000E-03
2.3604E-02 1.2000E-03
1.1355E-01 1.2000E-03
1.0062E-01 1.2000E-03
6.7911E-02 1.2000E-03
5.9725E-02 1.2000E-03
2.4769E-02 1.2000E-03
1.3308E-02 1.2000E-03
3.0441E-02 1.2000E-03
3.1526E-02 1.2000E-03
8.3379E-03 1.2000E-03
1.0613E-02 1.2000E-03
9.3197E-03 1.2000E-03
3.3909E-02 1.2000E-03
1.0316E-02 1.2000E-03
6.7935E-03 1.2000E-03
1.5523E-02 1.2000E-03
2.0011E-02 1.2000E-03
5.0082E-03 1.2000E-03
4.7583E-03 1.2000E-03
8.0380E-03 1.2000E-03
1.2174E-02 1.2000E-03
1.6711E-02 1.2000E-03
2.6881E-03 1.2000E-03
4.8375E-03 1.2000E-03
1.1237E-02 1.2000E-03
1.4641E-02 1.2000E-03
1.5889E-02 1.2000E-03
9.3583E-03 1.2000E-03
7.9281E-03 1.2000E-03
1.5089E-02 1.2000E-03
4.3671E-03 1.2000E-03
2.7533E-03 1.2000E-03
1.1703E-02 1.2000E-03
2.1715E-02 1.2000E-03
1.5784E-03 1.2000E-03
5.0487E-03 1.2000E-03
9.2353E-03 1.2000E-03
1.2956E-02 1.2000E-03
1.9206E-02 1.2000E-03
1.0105E-03 1.2000E-03
1.7009E-03 1.2000E-03
6.1718E-03 1.2000E-03
7.3353E-03 1.2000E-03
1.0653E-02 1.2000E-03
6.1485E-03 1.2000E-03
9.0341E-03 1.2000E-03
7.3368E-03 1.2000E-03
3.8832E-03 1.2000E-03
2.8806E-03 1.2000E-03
3.6765E-03 1.2000E-03
2.4382E-03 1.2000E-03
9.8575E-03 1.2000E-03
2.3112E-03 1.2000E-03
3.6527E-03 1.2000E-03
4.5324E-03 1.2000E-03
8.4786E-03 1.2000E-03
1.5664E-03 1.2000E-03
2.3665E-03 1.2000E-03
2.5572E-03 1.2000E-03
5.8049E-03 1.2000E-03
6.2659E-03 1.2000E-03
5.0265E-03 1.2000E-03
4.5979E-03 1.2000E-03
3.2810E-03 1.2000E-03
2.2005E-03 1.2000E-03
4.3862E-03 1.2000E-03
3.0966E-03 1.2000E-03
3.4818E-03 1.2000E-03
4.9222E-03 1.2000E-03
3.9866E-03 1.2000E-03
2.0960E-03 1.2000E-03
4.5840E-03 1.2000E-03
1.9001E-03 1.2000E-03
8.6723E-04 1.2000E-03
