Max Step   Target
3.4200E-03 1.8000E-02
1.8679E-01 1.8000E-02
4.5622E-02 1.8000E-02
5.5009E-02 1.8000E-02
1.3091E-01 1.8000E-02
9.3938E-02 1.8000E-02
2.2175E-02 1.8000E-02
0.0000E+00 1.8000E-02
1.7921E-03 1.8000E-02
2.0936E-03 1.8000E-02
7.1979E-03 1.8000E-02
4.2779E-02 1.8000E-02
4.9241E-02 1.8000E-02
1.9538E-02 1.8000E-02
4.5072E-03 1.8000E-02
2.5910E-02 1.8000E-02
1.7808E-02 1.8000E-02
9.0320E-03 1.8000E-02
1.1707E-02 1.8000E-02
9.9970E-03 1.8000E-02
1.7338E-02 1.8000E-02
1.0542E-02 1.8000E-02
3.2708E-03 1.8000E-02
8.0369E-03 1.8000E-02
1.3781E-02 1.8000E-02
