RMS Grad   Target
1.0602E-03 3.0000E-03
1.0339E-03 3.0000E-03
8.0251E-04 3.0000E-03
5.3836E-04 3.0000E-03
4.1687E-04 3.0000E-03
6.1210E-04 3.0000E-03
3.9513E-04 3.0000E-03
2.0227E-04 3.0000E-03
1.8534E-04 3.0000E-03
1.5115E-04 3.0000E-03
1.4596E-04 3.0000E-03
1.1210E-04 3.0000E-03
1.1432E-04 3.0000E-03
1.7804E-04 3.0000E-03
1.5706E-04 3.0000E-03
2.1678E-04 3.0000E-03
4.7553E-04 3.0000E-03
9.7832E-05 3.0000E-03
7.5568E-05 3.0000E-03
8.4725E-05 3.0000E-03
9.4427E-05 3.0000E-03
7.1675E-05 3.0000E-03
5.8763E-05 3.0000E-03
6.3938E-05 3.0000E-03
8.9315E-05 3.0000E-03
5.6076E-05 3.0000E-03
5.1699E-05 3.0000E-03
6.1038E-05 3.0000E-03
3.5866E-05 3.0000E-03
3.1680E-05 3.0000E-03
3.8251E-05 3.0000E-03
