RMS Grad   Target
6.9440E-03 3.0000E-03
6.8658E-03 3.0000E-03
6.3510E-04 3.0000E-03
4.8294E-04 3.0000E-03
3.8388E-04 3.0000E-03
4.3865E-04 3.0000E-03
3.8583E-04 3.0000E-03
5.4121E-04 3.0000E-03
3.0173E-04 3.0000E-03
1.7331E-04 3.0000E-03
1.0380E-04 3.0000E-03
1.7739E-04 3.0000E-03
1.5516E-04 3.0000E-03
1.5602E-04 3.0000E-03
2.4940E-04 3.0000E-03
3.3136E-04 3.0000E-03
4.5693E-04 3.0000E-03
3.0447E-04 3.0000E-03
2.5539E-04 3.0000E-03
2.3475E-04 3.0000E-03
5.3030E-04 3.0000E-03
2.8280E-04 3.0000E-03
4.1098E-04 3.0000E-03
2.7066E-04 3.0000E-03
2.9030E-04 3.0000E-03
1.9634E-04 3.0000E-03
1.7151E-04 3.0000E-03
3.8521E-04 3.0000E-03
2.8163E-04 3.0000E-03
3.6212E-04 3.0000E-03
2.6572E-04 3.0000E-03
1.0429E-03 3.0000E-03
2.4214E-04 3.0000E-03
1.6267E-04 3.0000E-03
4.2047E-04 3.0000E-03
3.0505E-04 3.0000E-03
3.9252E-04 3.0000E-03
5.6048E-04 3.0000E-03
3.4070E-03 3.0000E-03
3.8258E-03 3.0000E-03
4.3252E-03 3.0000E-03
4.2975E-03 3.0000E-03
4.2994E-03 3.0000E-03
4.2808E-03 3.0000E-03
4.2534E-03 3.0000E-03
4.2274E-03 3.0000E-03
4.2051E-03 3.0000E-03
4.1852E-03 3.0000E-03
4.1672E-03 3.0000E-03
4.1505E-03 3.0000E-03
4.1342E-03 3.0000E-03
4.1179E-03 3.0000E-03
4.1002E-03 3.0000E-03
4.0809E-03 3.0000E-03
4.0570E-03 3.0000E-03
4.0264E-03 3.0000E-03
3.9758E-03 3.0000E-03
3.5135E-03 3.0000E-03
3.6001E-03 3.0000E-03
3.5510E-03 3.0000E-03
3.5064E-03 3.0000E-03
3.4601E-03 3.0000E-03
3.4114E-03 3.0000E-03
3.3595E-03 3.0000E-03
3.3064E-03 3.0000E-03
3.2562E-03 3.0000E-03
3.2136E-03 3.0000E-03
3.1870E-03 3.0000E-03
3.1162E-03 3.0000E-03
3.0955E-03 3.0000E-03
3.0831E-03 3.0000E-03
3.0760E-03 3.0000E-03
3.0707E-03 3.0000E-03
3.0700E-03 3.0000E-03
3.0701E-03 3.0000E-03
3.0652E-03 3.0000E-03
3.0577E-03 3.0000E-03
3.0416E-03 3.0000E-03
3.0317E-03 3.0000E-03
2.9944E-03 3.0000E-03
6.7697E-04 3.0000E-03
6.4776E-04 3.0000E-03
4.0195E-04 3.0000E-03
3.1661E-04 3.0000E-03
2.2373E-04 3.0000E-03
1.8487E-04 3.0000E-03
2.8525E-04 3.0000E-03
2.2804E-04 3.0000E-03
1.5302E-04 3.0000E-03
1.1767E-04 3.0000E-03
1.2386E-04 3.0000E-03
2.9921E-04 3.0000E-03
1.4844E-04 3.0000E-03
9.6103E-05 3.0000E-03
1.1952E-04 3.0000E-03
2.3311E-04 3.0000E-03
3.0972E-04 3.0000E-03
2.5251E-04 3.0000E-03
3.9664E-04 3.0000E-03
6.2065E-05 3.0000E-03
5.1711E-05 3.0000E-03
