RMS Step   Target
5.6445E-05 1.2000E-02
3.5088E-03 1.2000E-02
8.7031E-04 1.2000E-02
1.0173E-03 1.2000E-02
2.2308E-03 1.2000E-02
1.2904E-03 1.2000E-02
3.6856E-04 1.2000E-02
0.0000E+00 1.2000E-02
8.4014E-05 1.2000E-02
9.2624E-05 1.2000E-02
2.8222E-04 1.2000E-02
7.7817E-04 1.2000E-02
1.0012E-03 1.2000E-02
1.4028E-03 1.2000E-02
1.6659E-03 1.2000E-02
3.4347E-04 1.2000E-02
5.0523E-04 1.2000E-02
8.9588E-04 1.2000E-02
3.6735E-03 1.2000E-02
5.9285E-04 1.2000E-02
9.6277E-04 1.2000E-02
1.6604E-02 1.2000E-02
1.3859E-03 1.2000E-02
2.2546E-02 1.2000E-02
2.7119E-02 1.2000E-02
1.0217E-02 1.2000E-02
6.3046E-03 1.2000E-02
1.4757E-02 1.2000E-02
3.7001E-02 1.2000E-02
4.4436E-02 1.2000E-02
3.4091E-02 1.2000E-02
2.9605E-02 1.2000E-02
3.9437E-02 1.2000E-02
4.3252E-02 1.2000E-02
4.3940E-02 1.2000E-02
4.2724E-02 1.2000E-02
1.5236E-02 1.2000E-02
3.8810E-02 1.2000E-02
4.4424E-02 1.2000E-02
4.3310E-02 1.2000E-02
4.0419E-02 1.2000E-02
3.9600E-02 1.2000E-02
3.7752E-02 1.2000E-02
