Max Step   Target
6.4394E-04 1.2000E-03
1.0517E-03 1.2000E-03
1.2804E-03 1.2000E-03
1.4447E-03 1.2000E-03
1.5909E-03 1.2000E-03
1.6919E-03 1.2000E-03
1.7672E-03 1.2000E-03
1.8195E-03 1.2000E-03
1.8526E-03 1.2000E-03
1.8586E-03 1.2000E-03
1.8338E-03 1.2000E-03
1.8149E-03 1.2000E-03
1.7835E-03 1.2000E-03
1.7386E-03 1.2000E-03
1.6626E-03 1.2000E-03
1.6599E-03 1.2000E-03
1.5691E-03 1.2000E-03
1.5272E-03 1.2000E-03
1.5129E-03 1.2000E-03
1.4287E-03 1.2000E-03
1.3933E-03 1.2000E-03
1.3791E-03 1.2000E-03
1.2916E-03 1.2000E-03
1.2944E-03 1.2000E-03
1.2246E-03 1.2000E-03
1.2164E-03 1.2000E-03
1.1465E-03 1.2000E-03
1.1463E-03 1.2000E-03
1.1032E-03 1.2000E-03
1.0980E-03 1.2000E-03
9.7763E-04 1.2000E-03
1.0292E-03 1.2000E-03
9.1624E-04 1.2000E-03
9.7783E-04 1.2000E-03
9.3435E-04 1.2000E-03
9.2354E-04 1.2000E-03
9.0110E-04 1.2000E-03
9.0680E-04 1.2000E-03
9.0531E-04 1.2000E-03
9.1162E-04 1.2000E-03
8.7209E-04 1.2000E-03
8.9931E-04 1.2000E-03
8.9088E-04 1.2000E-03
8.9662E-04 1.2000E-03
8.8633E-04 1.2000E-03
8.9370E-04 1.2000E-03
8.7794E-04 1.2000E-03
8.8565E-04 1.2000E-03
8.7580E-04 1.2000E-03
8.7659E-04 1.2000E-03
8.6687E-04 1.2000E-03
8.7354E-04 1.2000E-03
8.5241E-04 1.2000E-03
8.6783E-04 1.2000E-03
8.5814E-04 1.2000E-03
8.6556E-04 1.2000E-03
8.5448E-04 1.2000E-03
8.5647E-04 1.2000E-03
8.5111E-04 1.2000E-03
8.5438E-04 1.2000E-03
8.6144E-04 1.2000E-03
8.5817E-04 1.2000E-03
8.9166E-04 1.2000E-03
8.7985E-04 1.2000E-03
8.9465E-04 1.2000E-03
8.9790E-04 1.2000E-03
9.1290E-04 1.2000E-03
9.1397E-04 1.2000E-03
9.3278E-04 1.2000E-03
9.2820E-04 1.2000E-03
9.5419E-04 1.2000E-03
9.4286E-04 1.2000E-03
9.7825E-04 1.2000E-03
9.6196E-04 1.2000E-03
9.9505E-04 1.2000E-03
9.8282E-04 1.2000E-03
9.9689E-04 1.2000E-03
9.9940E-04 1.2000E-03
1.0215E-03 1.2000E-03
1.0151E-03 1.2000E-03
1.0456E-03 1.2000E-03
1.0315E-03 1.2000E-03
1.0524E-03 1.2000E-03
1.0496E-03 1.2000E-03
1.0728E-03 1.2000E-03
1.0665E-03 1.2000E-03
1.0711E-03 1.2000E-03
1.0793E-03 1.2000E-03
1.0944E-03 1.2000E-03
1.0940E-03 1.2000E-03
1.1014E-03 1.2000E-03
1.1072E-03 1.2000E-03
1.1290E-03 1.2000E-03
1.1217E-03 1.2000E-03
1.1279E-03 1.2000E-03
1.1343E-03 1.2000E-03
1.1402E-03 1.2000E-03
1.1482E-03 1.2000E-03
1.1468E-03 1.2000E-03
1.1595E-03 1.2000E-03
1.1685E-03 1.2000E-03
1.1702E-03 1.2000E-03
1.1823E-03 1.2000E-03
1.1809E-03 1.2000E-03
1.1800E-03 1.2000E-03
1.1904E-03 1.2000E-03
1.1918E-03 1.2000E-03
1.2009E-03 1.2000E-03
1.1999E-03 1.2000E-03
1.2095E-03 1.2000E-03
1.2149E-03 1.2000E-03
1.2186E-03 1.2000E-03
1.2255E-03 1.2000E-03
1.2262E-03 1.2000E-03
1.2301E-03 1.2000E-03
1.2358E-03 1.2000E-03
1.2366E-03 1.2000E-03
1.2439E-03 1.2000E-03
1.2443E-03 1.2000E-03
1.2514E-03 1.2000E-03
1.2540E-03 1.2000E-03
1.2580E-03 1.2000E-03
1.2627E-03 1.2000E-03
1.2647E-03 1.2000E-03
1.2706E-03 1.2000E-03
1.2718E-03 1.2000E-03
1.2738E-03 1.2000E-03
1.2791E-03 1.2000E-03
1.2802E-03 1.2000E-03
1.2848E-03 1.2000E-03
1.2886E-03 1.2000E-03
1.2904E-03 1.2000E-03
1.2981E-03 1.2000E-03
1.2971E-03 1.2000E-03
1.3011E-03 1.2000E-03
1.3029E-03 1.2000E-03
1.3069E-03 1.2000E-03
1.3089E-03 1.2000E-03
1.3107E-03 1.2000E-03
1.3144E-03 1.2000E-03
1.3195E-03 1.2000E-03
1.3205E-03 1.2000E-03
1.3240E-03 1.2000E-03
1.3252E-03 1.2000E-03
1.3285E-03 1.2000E-03
1.3301E-03 1.2000E-03
1.3322E-03 1.2000E-03
1.3351E-03 1.2000E-03
1.3357E-03 1.2000E-03
1.3404E-03 1.2000E-03
1.3405E-03 1.2000E-03
1.3445E-03 1.2000E-03
1.3461E-03 1.2000E-03
1.3485E-03 1.2000E-03
1.3487E-03 1.2000E-03
1.3520E-03 1.2000E-03
1.3520E-03 1.2000E-03
1.3552E-03 1.2000E-03
1.3557E-03 1.2000E-03
1.3580E-03 1.2000E-03
1.3580E-03 1.2000E-03
1.3605E-03 1.2000E-03
1.3607E-03 1.2000E-03
1.3627E-03 1.2000E-03
1.3636E-03 1.2000E-03
1.3648E-03 1.2000E-03
1.3642E-03 1.2000E-03
1.3664E-03 1.2000E-03
1.3662E-03 1.2000E-03
1.3677E-03 1.2000E-03
1.3671E-03 1.2000E-03
1.3683E-03 1.2000E-03
1.3681E-03 1.2000E-03
1.3692E-03 1.2000E-03
1.3683E-03 1.2000E-03
1.3693E-03 1.2000E-03
1.3693E-03 1.2000E-03
1.3694E-03 1.2000E-03
1.3678E-03 1.2000E-03
1.3689E-03 1.2000E-03
1.3678E-03 1.2000E-03
1.3679E-03 1.2000E-03
1.3669E-03 1.2000E-03
1.3668E-03 1.2000E-03
1.3649E-03 1.2000E-03
1.3653E-03 1.2000E-03
1.3636E-03 1.2000E-03
1.3631E-03 1.2000E-03
1.3616E-03 1.2000E-03
1.3604E-03 1.2000E-03
1.3583E-03 1.2000E-03
1.3577E-03 1.2000E-03
1.3535E-03 1.2000E-03
1.3544E-03 1.2000E-03
1.3502E-03 1.2000E-03
1.3505E-03 1.2000E-03
1.3464E-03 1.2000E-03
1.3456E-03 1.2000E-03
1.3440E-03 1.2000E-03
1.3403E-03 1.2000E-03
1.3380E-03 1.2000E-03
1.3351E-03 1.2000E-03
1.3256E-03 1.2000E-03
1.3289E-03 1.2000E-03
1.3228E-03 1.2000E-03
1.3209E-03 1.2000E-03
1.3162E-03 1.2000E-03
1.3127E-03 1.2000E-03
1.3106E-03 1.2000E-03
1.3054E-03 1.2000E-03
1.2971E-03 1.2000E-03
1.2964E-03 1.2000E-03
1.2899E-03 1.2000E-03
1.2853E-03 1.2000E-03
1.2814E-03 1.2000E-03
1.2752E-03 1.2000E-03
1.2687E-03 1.2000E-03
1.2640E-03 1.2000E-03
1.2517E-03 1.2000E-03
1.2522E-03 1.2000E-03
1.2462E-03 1.2000E-03
1.2394E-03 1.2000E-03
1.2264E-03 1.2000E-03
1.2257E-03 1.2000E-03
1.2200E-03 1.2000E-03
1.2118E-03 1.2000E-03
1.2023E-03 1.2000E-03
1.1967E-03 1.2000E-03
1.1886E-03 1.2000E-03
1.1829E-03 1.2000E-03
1.1710E-03 1.2000E-03
1.1654E-03 1.2000E-03
1.1618E-03 1.2000E-03
1.1495E-03 1.2000E-03
1.1407E-03 1.2000E-03
1.1346E-03 1.2000E-03
1.1142E-03 1.2000E-03
1.1156E-03 1.2000E-03
1.1066E-03 1.2000E-03
1.0979E-03 1.2000E-03
1.0908E-03 1.2000E-03
1.0803E-03 1.2000E-03
1.0790E-03 1.2000E-03
1.0605E-03 1.2000E-03
1.0549E-03 1.2000E-03
1.0424E-03 1.2000E-03
1.0339E-03 1.2000E-03
1.0255E-03 1.2000E-03
1.0080E-03 1.2000E-03
1.0044E-03 1.2000E-03
1.0001E-03 1.2000E-03
9.8518E-04 1.2000E-03
9.8138E-04 1.2000E-03
9.6319E-04 1.2000E-03
9.6356E-04 1.2000E-03
9.4471E-04 1.2000E-03
9.3477E-04 1.2000E-03
9.2432E-04 1.2000E-03
