558.1
123.1
123.9
155.5
154.9
188.6
156.0
156.2
156.3
155.9
154.5
154.4
154.6
153.3
147.0
154.2
147.4
153.5
153.1
153.6
153.4
154.2
153.9
153.1
154.9
153.0
154.4
152.1
152.1
153.5
153.1
152.0
153.2
153.5
123.0
152.9
151.8
154.1
153.5
156.2
153.0
155.2
122.5
119.0
120.8
153.5
124.4
154.2
120.6
119.9
155.5
120.9
121.9
153.2
121.8
120.1
120.6
121.8
154.5
152.5
123.0
121.8
152.3
121.4
151.9
121.1
119.2
154.0
155.4
119.8
121.2
120.2
121.2
151.8
122.5
147.0
122.5
122.6
119.5
123.4
153.6
122.1
122.2
120.8
151.9
120.3
121.3
120.2
119.9
120.9
119.7
120.6
121.8
128.2
121.9
114.0
153.1
154.2
121.0
121.4
122.5
119.0
121.6
122.0
121.6
119.7
121.1
121.8
121.1
119.9
121.1
120.9
120.6
121.5
118.4
119.6
120.0
122.9
120.8
121.0
104.5
120.6
122.9
97.4
103.6
136.9
121.0
120.7
105.2
104.2
132.8
120.6
119.9
105.1
121.0
120.7
120.3
120.5
104.5
103.9
103.7
106.1
104.4
136.0
123.4
102.8
105.4
105.2
103.7
137.5
119.0
103.1
105.3
104.3
136.2
105.3
117.7
122.0
121.5
103.0
104.6
103.0
105.1
104.2
139.1
104.4
105.1
105.0
104.0
106.8
106.5
105.0
106.3
103.7
105.8
106.2
105.5
105.7
98.9
104.7
107.4
105.9
100.0
106.2
139.0
105.1
104.1
121.6
104.9
105.8
105.6
103.9
137.6
103.7
106.1
105.2
103.6
103.0
106.6
104.0
105.3
105.5
105.0
105.3
105.3
105.3
105.8
107.6
103.7
106.7
104.9
106.1
105.5
105.3
104.3
106.0
106.5
106.2
106.3
105.8
103.2
106.4
105.3
105.3
105.4
104.5
105.1
104.1
104.8
105.8
104.5
104.8
105.2
106.8
104.3
104.3
103.4
103.9
104.1
105.5
103.2
105.4
105.6
104.3
103.8
104.9
106.4
105.0
104.5
