Max Step   Target
6.5745E-03 1.8000E-03
2.5000E-02 1.8000E-03
2.5000E-02 1.8000E-03
1.6104E-02 1.8000E-03
2.5000E-02 1.8000E-03
2.5000E-02 1.8000E-03
2.5000E-02 1.8000E-03
2.5000E-02 1.8000E-03
2.5000E-02 1.8000E-03
1.2986E-02 1.8000E-03
1.3085E-02 1.8000E-03
1.2029E-02 1.8000E-03
7.4017E-03 1.8000E-03
2.0322E-02 1.8000E-03
1.8646E-02 1.8000E-03
1.4315E-02 1.8000E-03
6.9436E-03 1.8000E-03
5.0503E-03 1.8000E-03
3.0475E-03 1.8000E-03
2.7084E-03 1.8000E-03
4.9889E-03 1.8000E-03
7.0965E-03 1.8000E-03
1.0132E-03 1.8000E-03
1.6895E-03 1.8000E-03
3.3165E-03 1.8000E-03
4.0481E-03 1.8000E-03
6.2867E-03 1.8000E-03
2.4609E-03 1.8000E-03
4.3138E-04 1.8000E-03
4.3138E-04 1.8000E-03
