Energy     Target
1.8227E-02 6.6667E-07
1.6058E-01 6.6667E-07
2.5191E-01 6.6667E-07
2.2831E-01 6.6667E-07
1.6117E-01 6.6667E-07
1.1736E-01 6.6667E-07
9.0971E-02 6.6667E-07
7.4951E-02 6.6667E-07
6.5702E-02 6.6667E-07
5.9384E-02 6.6667E-07
5.5195E-02 6.6667E-07
5.2966E-02 6.6667E-07
5.0021E-02 6.6667E-07
4.7520E-02 6.6667E-07
4.6302E-02 6.6667E-07
4.3157E-02 6.6667E-07
4.2616E-02 6.6667E-07
4.0517E-02 6.6667E-07
3.8855E-02 6.6667E-07
3.7080E-02 6.6667E-07
3.5170E-02 6.6667E-07
3.3701E-02 6.6667E-07
3.1764E-02 6.6667E-07
3.0051E-02 6.6667E-07
2.8670E-02 6.6667E-07
2.6908E-02 6.6667E-07
2.5327E-02 6.6667E-07
2.4183E-02 6.6667E-07
2.2711E-02 6.6667E-07
2.1446E-02 6.6667E-07
2.0408E-02 6.6667E-07
1.9280E-02 6.6667E-07
1.8218E-02 6.6667E-07
1.7317E-02 6.6667E-07
1.6442E-02 6.6667E-07
1.5634E-02 6.6667E-07
1.5162E-02 6.6667E-07
1.4673E-02 6.6667E-07
1.4101E-02 6.6667E-07
1.3934E-02 6.6667E-07
1.3338E-02 6.6667E-07
1.3365E-02 6.6667E-07
1.2531E-02 6.6667E-07
1.2752E-02 6.6667E-07
1.1553E-02 6.6667E-07
1.2437E-02 6.6667E-07
1.2679E-02 6.6667E-07
1.2887E-02 6.6667E-07
1.2821E-02 6.6667E-07
1.3142E-02 6.6667E-07
1.3058E-02 6.6667E-07
1.3492E-02 6.6667E-07
1.3200E-02 6.6667E-07
1.3684E-02 6.6667E-07
1.3134E-02 6.6667E-07
1.3530E-02 6.6667E-07
1.2759E-02 6.6667E-07
1.3185E-02 6.6667E-07
1.2067E-02 6.6667E-07
1.2617E-02 6.6667E-07
1.0897E-02 6.6667E-07
1.1742E-02 6.6667E-07
1.0223E-02 6.6667E-07
1.0820E-02 6.6667E-07
9.6492E-03 6.6667E-07
9.9483E-03 6.6667E-07
9.2412E-03 6.6667E-07
9.3119E-03 6.6667E-07
8.9782E-03 6.6667E-07
8.8511E-03 6.6667E-07
8.7259E-03 6.6667E-07
8.5892E-03 6.6667E-07
8.4874E-03 6.6667E-07
8.5125E-03 6.6667E-07
8.3723E-03 6.6667E-07
8.2447E-03 6.6667E-07
8.2557E-03 6.6667E-07
7.8622E-03 6.6667E-07
8.0085E-03 6.6667E-07
7.4339E-03 6.6667E-07
7.7482E-03 6.6667E-07
6.8562E-03 6.6667E-07
7.4543E-03 6.6667E-07
6.1973E-03 6.6667E-07
6.9294E-03 6.6667E-07
5.9109E-03 6.6667E-07
6.7985E-03 6.6667E-07
5.8219E-03 6.6667E-07
7.0066E-03 6.6667E-07
6.1292E-03 6.6667E-07
7.5024E-03 6.6667E-07
6.5478E-03 6.6667E-07
7.9548E-03 6.6667E-07
6.9640E-03 6.6667E-07
7.9613E-03 6.6667E-07
7.1082E-03 6.6667E-07
7.4245E-03 6.6667E-07
6.7002E-03 6.6667E-07
6.5883E-03 6.6667E-07
6.1321E-03 6.6667E-07
5.7849E-03 6.6667E-07
5.6242E-03 6.6667E-07
5.0631E-03 6.6667E-07
5.2383E-03 6.6667E-07
4.4888E-03 6.6667E-07
5.0669E-03 6.6667E-07
4.1786E-03 6.6667E-07
4.9643E-03 6.6667E-07
4.3096E-03 6.6667E-07
5.0806E-03 6.6667E-07
4.2881E-03 6.6667E-07
5.3351E-03 6.6667E-07
4.5350E-03 6.6667E-07
5.7309E-03 6.6667E-07
4.7131E-03 6.6667E-07
6.0616E-03 6.6667E-07
4.8173E-03 6.6667E-07
5.9165E-03 6.6667E-07
4.8777E-03 6.6667E-07
5.4387E-03 6.6667E-07
4.5630E-03 6.6667E-07
4.9066E-03 6.6667E-07
4.3087E-03 6.6667E-07
4.6130E-03 6.6667E-07
3.9927E-03 6.6667E-07
4.5185E-03 6.6667E-07
3.7715E-03 6.6667E-07
4.5816E-03 6.6667E-07
3.7825E-03 6.6667E-07
4.6505E-03 6.6667E-07
4.0053E-03 6.6667E-07
4.7690E-03 6.6667E-07
4.0439E-03 6.6667E-07
4.8617E-03 6.6667E-07
4.3869E-03 6.6667E-07
5.1386E-03 6.6667E-07
4.3523E-03 6.6667E-07
5.2226E-03 6.6667E-07
4.1795E-03 6.6667E-07
5.0562E-03 6.6667E-07
3.9195E-03 6.6667E-07
4.7555E-03 6.6667E-07
3.6574E-03 6.6667E-07
4.6047E-03 6.6667E-07
3.5465E-03 6.6667E-07
4.6935E-03 6.6667E-07
3.3692E-03 6.6667E-07
5.2050E-03 6.6667E-07
3.5073E-03 6.6667E-07
5.4673E-03 6.6667E-07
3.4118E-03 6.6667E-07
5.1161E-03 6.6667E-07
3.0906E-03 6.6667E-07
4.7317E-03 6.6667E-07
2.8494E-03 6.6667E-07
4.2601E-03 6.6667E-07
2.4348E-03 6.6667E-07
3.6586E-03 6.6667E-07
2.8513E-03 6.6667E-07
4.4166E-03 6.6667E-07
2.9429E-03 6.6667E-07
3.8164E-03 6.6667E-07
1.8592E-03 6.6667E-07
2.2679E-03 6.6667E-07
2.5078E-03 6.6667E-07
3.1686E-03 6.6667E-07
2.8459E-03 6.6667E-07
2.9751E-03 6.6667E-07
2.6978E-03 6.6667E-07
2.6794E-03 6.6667E-07
2.1781E-03 6.6667E-07
2.3907E-03 6.6667E-07
2.3593E-03 6.6667E-07
3.1658E-03 6.6667E-07
2.4117E-03 6.6667E-07
3.3782E-03 6.6667E-07
1.6938E-03 6.6667E-07
2.7582E-03 6.6667E-07
2.0765E-03 6.6667E-07
2.4084E-03 6.6667E-07
2.2516E-03 6.6667E-07
2.3603E-03 6.6667E-07
2.3706E-03 6.6667E-07
2.3065E-03 6.6667E-07
2.3299E-03 6.6667E-07
1.9740E-03 6.6667E-07
2.1323E-03 6.6667E-07
1.6543E-03 6.6667E-07
2.2722E-03 6.6667E-07
1.8664E-03 6.6667E-07
3.2807E-03 6.6667E-07
2.1985E-03 6.6667E-07
3.0982E-03 6.6667E-07
2.1185E-03 6.6667E-07
2.1999E-03 6.6667E-07
1.7559E-03 6.6667E-07
2.1747E-03 6.6667E-07
2.0134E-03 6.6667E-07
2.4687E-03 6.6667E-07
2.0271E-03 6.6667E-07
2.4035E-03 6.6667E-07
1.8068E-03 6.6667E-07
2.1397E-03 6.6667E-07
1.5790E-03 6.6667E-07
1.9733E-03 6.6667E-07
1.5663E-03 6.6667E-07
2.2397E-03 6.6667E-07
2.2920E-03 6.6667E-07
3.1730E-03 6.6667E-07
2.5353E-03 6.6667E-07
2.3810E-03 6.6667E-07
1.8258E-03 6.6667E-07
2.1122E-03 6.6667E-07
2.3785E-03 6.6667E-07
2.4380E-03 6.6667E-07
2.0498E-03 6.6667E-07
2.0542E-03 6.6667E-07
1.8933E-03 6.6667E-07
1.8290E-03 6.6667E-07
1.7410E-03 6.6667E-07
1.8803E-03 6.6667E-07
1.4988E-03 6.6667E-07
1.9601E-03 6.6667E-07
2.2139E-03 6.6667E-07
2.6471E-03 6.6667E-07
1.7668E-03 6.6667E-07
1.4476E-03 6.6667E-07
1.3467E-03 6.6667E-07
2.3558E-03 6.6667E-07
1.7904E-03 6.6667E-07
1.4373E-03 6.6667E-07
1.6052E-03 6.6667E-07
1.3425E-03 6.6667E-07
1.9170E-03 6.6667E-07
1.8128E-03 6.6667E-07
2.1357E-03 6.6667E-07
1.6910E-03 6.6667E-07
1.5685E-03 6.6667E-07
1.3226E-03 6.6667E-07
2.2220E-03 6.6667E-07
1.5143E-03 6.6667E-07
1.7828E-03 6.6667E-07
1.8296E-03 6.6667E-07
1.6559E-03 6.6667E-07
2.0200E-03 6.6667E-07
1.2877E-03 6.6667E-07
1.9668E-03 6.6667E-07
1.4756E-03 6.6667E-07
1.3965E-03 6.6667E-07
1.7071E-03 6.6667E-07
1.5084E-03 6.6667E-07
1.6181E-03 6.6667E-07
1.8130E-03 6.6667E-07
1.7984E-03 6.6667E-07
1.6607E-03 6.6667E-07
1.6553E-03 6.6667E-07
1.4427E-03 6.6667E-07
1.6605E-03 6.6667E-07
1.6873E-03 6.6667E-07
1.8658E-03 6.6667E-07
1.5985E-03 6.6667E-07
1.3621E-03 6.6667E-07
1.3207E-03 6.6667E-07
1.6590E-03 6.6667E-07
1.6380E-03 6.6667E-07
1.6064E-03 6.6667E-07
1.1601E-03 6.6667E-07
1.1009E-03 6.6667E-07
1.5942E-03 6.6667E-07
1.3806E-03 6.6667E-07
1.2701E-03 6.6667E-07
9.0356E-04 6.6667E-07
1.1965E-03 6.6667E-07
1.2762E-03 6.6667E-07
1.3333E-03 6.6667E-07
1.0265E-03 6.6667E-07
1.0405E-03 6.6667E-07
1.0511E-03 6.6667E-07
1.2383E-03 6.6667E-07
1.1897E-03 6.6667E-07
1.0135E-03 6.6667E-07
1.1283E-03 6.6667E-07
9.6622E-04 6.6667E-07
8.1971E-04 6.6667E-07
7.4288E-04 6.6667E-07
1.2808E-03 6.6667E-07
8.5559E-04 6.6667E-07
1.0015E-03 6.6667E-07
7.9559E-04 6.6667E-07
8.4908E-04 6.6667E-07
7.8282E-04 6.6667E-07
8.2273E-04 6.6667E-07
7.7384E-04 6.6667E-07
6.6147E-04 6.6667E-07
8.2181E-04 6.6667E-07
8.0756E-04 6.6667E-07
7.4729E-04 6.6667E-07
8.3658E-04 6.6667E-07
6.7447E-04 6.6667E-07
7.2762E-04 6.6667E-07
7.5311E-04 6.6667E-07
5.6845E-04 6.6667E-07
8.7999E-04 6.6667E-07
7.9895E-04 6.6667E-07
7.0431E-04 6.6667E-07
8.0333E-04 6.6667E-07
7.3285E-04 6.6667E-07
7.3543E-04 6.6667E-07
5.2798E-04 6.6667E-07
7.2519E-04 6.6667E-07
5.9760E-04 6.6667E-07
6.7650E-04 6.6667E-07
6.4847E-04 6.6667E-07
3.8921E-04 6.6667E-07
6.5512E-04 6.6667E-07
4.8371E-04 6.6667E-07
6.5083E-04 6.6667E-07
4.6899E-04 6.6667E-07
4.8298E-04 6.6667E-07
4.6997E-04 6.6667E-07
5.7382E-04 6.6667E-07
4.7881E-04 6.6667E-07
4.7616E-04 6.6667E-07
4.1852E-04 6.6667E-07
6.8041E-04 6.6667E-07
4.2148E-04 6.6667E-07
4.3690E-04 6.6667E-07
5.6747E-04 6.6667E-07
7.6785E-04 6.6667E-07
6.5747E-04 6.6667E-07
7.6507E-04 6.6667E-07
5.8157E-04 6.6667E-07
8.5020E-04 6.6667E-07
7.2218E-04 6.6667E-07
8.0625E-04 6.6667E-07
6.4421E-04 6.6667E-07
8.8955E-04 6.6667E-07
7.0193E-04 6.6667E-07
7.3410E-04 6.6667E-07
8.9133E-04 6.6667E-07
8.0681E-04 6.6667E-07
7.5820E-04 6.6667E-07
9.4142E-04 6.6667E-07
6.9283E-04 6.6667E-07
7.9521E-04 6.6667E-07
6.4209E-04 6.6667E-07
3.6604E-04 6.6667E-07
7.2204E-04 6.6667E-07
8.2245E-04 6.6667E-07
6.2546E-04 6.6667E-07
8.3880E-04 6.6667E-07
8.4297E-04 6.6667E-07
5.5846E-04 6.6667E-07
7.8918E-04 6.6667E-07
5.9743E-04 6.6667E-07
7.4701E-04 6.6667E-07
8.6493E-04 6.6667E-07
5.4327E-04 6.6667E-07
8.1287E-04 6.6667E-07
7.2842E-04 6.6667E-07
6.9164E-04 6.6667E-07
6.9980E-04 6.6667E-07
6.1205E-04 6.6667E-07
9.6524E-04 6.6667E-07
6.9869E-04 6.6667E-07
8.4096E-04 6.6667E-07
7.2883E-04 6.6667E-07
7.2481E-04 6.6667E-07
7.0370E-04 6.6667E-07
7.8043E-04 6.6667E-07
6.3654E-04 6.6667E-07
5.6571E-04 6.6667E-07
5.4288E-04 6.6667E-07
6.1221E-04 6.6667E-07
6.6651E-04 6.6667E-07
5.6721E-04 6.6667E-07
5.7137E-04 6.6667E-07
7.9139E-04 6.6667E-07
4.7694E-04 6.6667E-07
4.3750E-04 6.6667E-07
7.5298E-04 6.6667E-07
3.7558E-04 6.6667E-07
4.3394E-04 6.6667E-07
7.3573E-04 6.6667E-07
3.5256E-04 6.6667E-07
3.9893E-04 6.6667E-07
7.2662E-04 6.6667E-07
4.4369E-04 6.6667E-07
5.2196E-04 6.6667E-07
5.3038E-04 6.6667E-07
5.2466E-04 6.6667E-07
5.5966E-04 6.6667E-07
5.0300E-04 6.6667E-07
4.1203E-04 6.6667E-07
5.5939E-04 6.6667E-07
3.1853E-04 6.6667E-07
4.0010E-04 6.6667E-07
4.5743E-04 6.6667E-07
3.7214E-04 6.6667E-07
4.3437E-04 6.6667E-07
4.8919E-04 6.6667E-07
3.8038E-04 6.6667E-07
3.5835E-04 6.6667E-07
3.7272E-04 6.6667E-07
4.2627E-04 6.6667E-07
3.4047E-04 6.6667E-07
4.0158E-04 6.6667E-07
3.5990E-04 6.6667E-07
3.4270E-04 6.6667E-07
3.8513E-04 6.6667E-07
2.7266E-04 6.6667E-07
3.5360E-04 6.6667E-07
3.8163E-04 6.6667E-07
3.4543E-04 6.6667E-07
2.2370E-04 6.6667E-07
4.3508E-04 6.6667E-07
2.3855E-04 6.6667E-07
3.1219E-04 6.6667E-07
3.2475E-04 6.6667E-07
2.4242E-04 6.6667E-07
3.5986E-04 6.6667E-07
3.8504E-04 6.6667E-07
2.9393E-04 6.6667E-07
3.0090E-04 6.6667E-07
3.2075E-04 6.6667E-07
3.7138E-04 6.6667E-07
3.2486E-04 6.6667E-07
3.0871E-04 6.6667E-07
2.8790E-04 6.6667E-07
3.7655E-04 6.6667E-07
2.7135E-04 6.6667E-07
2.4182E-04 6.6667E-07
3.5711E-04 6.6667E-07
4.5914E-04 6.6667E-07
3.3020E-04 6.6667E-07
3.5997E-04 6.6667E-07
4.1140E-04 6.6667E-07
3.1726E-04 6.6667E-07
2.6565E-04 6.6667E-07
3.5790E-04 6.6667E-07
3.1740E-04 6.6667E-07
3.5263E-04 6.6667E-07
3.4494E-04 6.6667E-07
3.2568E-04 6.6667E-07
3.4755E-04 6.6667E-07
3.4523E-04 6.6667E-07
2.9034E-04 6.6667E-07
2.6929E-04 6.6667E-07
3.2733E-04 6.6667E-07
2.8744E-04 6.6667E-07
3.2513E-04 6.6667E-07
3.2415E-04 6.6667E-07
3.1746E-04 6.6667E-07
3.1135E-04 6.6667E-07
2.9666E-04 6.6667E-07
2.9387E-04 6.6667E-07
3.1825E-04 6.6667E-07
3.4528E-04 6.6667E-07
3.2235E-04 6.6667E-07
2.9071E-04 6.6667E-07
2.8475E-04 6.6667E-07
2.8640E-04 6.6667E-07
3.7181E-04 6.6667E-07
3.8228E-04 6.6667E-07
3.5431E-04 6.6667E-07
3.9455E-04 6.6667E-07
3.9531E-04 6.6667E-07
4.4422E-04 6.6667E-07
4.3942E-04 6.6667E-07
4.1794E-04 6.6667E-07
3.8521E-04 6.6667E-07
3.0910E-04 6.6667E-07
4.1452E-04 6.6667E-07
4.0117E-04 6.6667E-07
4.5783E-04 6.6667E-07
4.3556E-04 6.6667E-07
3.9392E-04 6.6667E-07
3.5904E-04 6.6667E-07
3.6231E-04 6.6667E-07
3.8558E-04 6.6667E-07
4.3085E-04 6.6667E-07
3.7707E-04 6.6667E-07
2.8771E-04 6.6667E-07
4.0670E-04 6.6667E-07
3.3487E-04 6.6667E-07
3.9734E-04 6.6667E-07
3.4742E-04 6.6667E-07
4.5964E-04 6.6667E-07
3.6885E-04 6.6667E-07
3.5121E-04 6.6667E-07
2.8863E-04 6.6667E-07
5.4863E-04 6.6667E-07
2.9544E-04 6.6667E-07
3.1783E-04 6.6667E-07
3.5300E-04 6.6667E-07
4.5219E-04 6.6667E-07
5.5291E-04 6.6667E-07
4.0835E-04 6.6667E-07
4.9086E-04 6.6667E-07
4.2443E-04 6.6667E-07
3.3237E-04 6.6667E-07
4.7862E-04 6.6667E-07
3.8880E-04 6.6667E-07
3.7937E-04 6.6667E-07
5.1072E-04 6.6667E-07
3.0977E-04 6.6667E-07
3.6940E-04 6.6667E-07
4.6668E-04 6.6667E-07
2.8156E-04 6.6667E-07
4.2709E-04 6.6667E-07
4.2978E-04 6.6667E-07
4.9227E-04 6.6667E-07
3.9822E-04 6.6667E-07
3.1884E-04 6.6667E-07
3.9956E-04 6.6667E-07
4.4946E-04 6.6667E-07
4.7994E-04 6.6667E-07
3.9709E-04 6.6667E-07
5.2462E-04 6.6667E-07
5.1761E-04 6.6667E-07
3.9557E-04 6.6667E-07
3.1016E-04 6.6667E-07
4.1102E-04 6.6667E-07
4.0870E-04 6.6667E-07
4.7512E-04 6.6667E-07
4.0618E-04 6.6667E-07
4.6624E-04 6.6667E-07
3.4229E-04 6.6667E-07
3.5344E-04 6.6667E-07
3.4057E-04 6.6667E-07
5.1631E-04 6.6667E-07
3.0952E-04 6.6667E-07
3.6643E-04 6.6667E-07
3.1018E-04 6.6667E-07
4.4426E-04 6.6667E-07
2.9441E-04 6.6667E-07
2.3540E-04 6.6667E-07
3.2782E-04 6.6667E-07
4.2447E-04 6.6667E-07
3.2896E-04 6.6667E-07
2.6738E-04 6.6667E-07
3.8578E-04 6.6667E-07
3.0397E-04 6.6667E-07
2.8307E-04 6.6667E-07
3.8457E-04 6.6667E-07
2.7679E-04 6.6667E-07
3.4544E-04 6.6667E-07
3.9733E-04 6.6667E-07
2.9485E-04 6.6667E-07
2.4003E-04 6.6667E-07
3.4300E-04 6.6667E-07
2.4672E-04 6.6667E-07
2.5701E-04 6.6667E-07
4.1594E-04 6.6667E-07
2.2541E-04 6.6667E-07
2.3874E-04 6.6667E-07
3.9346E-04 6.6667E-07
2.1903E-04 6.6667E-07
3.0742E-04 6.6667E-07
3.3104E-04 6.6667E-07
3.1617E-04 6.6667E-07
2.2893E-04 6.6667E-07
3.6953E-04 6.6667E-07
2.2539E-04 6.6667E-07
2.7952E-04 6.6667E-07
2.8719E-04 6.6667E-07
2.6281E-04 6.6667E-07
2.3009E-04 6.6667E-07
4.9033E-04 6.6667E-07
1.9999E-04 6.6667E-07
2.4827E-04 6.6667E-07
2.6916E-04 6.6667E-07
4.4976E-04 6.6667E-07
2.8872E-04 6.6667E-07
2.6551E-04 6.6667E-07
3.3106E-04 6.6667E-07
2.8100E-04 6.6667E-07
3.7263E-04 6.6667E-07
3.9564E-04 6.6667E-07
3.7600E-04 6.6667E-07
3.3767E-04 6.6667E-07
4.4402E-04 6.6667E-07
2.0883E-04 6.6667E-07
3.4418E-04 6.6667E-07
3.8247E-04 6.6667E-07
3.5619E-04 6.6667E-07
5.3312E-04 6.6667E-07
3.6904E-04 6.6667E-07
5.0609E-04 6.6667E-07
4.1035E-04 6.6667E-07
3.1804E-04 6.6667E-07
4.2774E-04 6.6667E-07
6.6374E-04 6.6667E-07
3.4989E-04 6.6667E-07
3.2341E-04 6.6667E-07
4.8543E-04 6.6667E-07
3.0830E-04 6.6667E-07
3.6891E-04 6.6667E-07
3.4923E-04 6.6667E-07
2.7758E-04 6.6667E-07
2.2292E-04 6.6667E-07
3.0089E-04 6.6667E-07
2.3996E-04 6.6667E-07
1.9156E-04 6.6667E-07
3.6892E-04 6.6667E-07
1.6381E-04 6.6667E-07
2.1549E-04 6.6667E-07
2.7408E-04 6.6667E-07
1.5322E-04 6.6667E-07
2.4033E-04 6.6667E-07
4.1529E-04 6.6667E-07
2.4055E-04 6.6667E-07
3.2722E-04 6.6667E-07
2.7240E-04 6.6667E-07
2.9566E-04 6.6667E-07
2.2541E-04 6.6667E-07
2.6703E-04 6.6667E-07
1.5277E-04 6.6667E-07
2.5320E-04 6.6667E-07
1.5202E-04 6.6667E-07
1.6329E-04 6.6667E-07
2.0161E-04 6.6667E-07
2.1925E-04 6.6667E-07
1.4760E-04 6.6667E-07
1.7316E-04 6.6667E-07
1.4146E-04 6.6667E-07
2.1186E-04 6.6667E-07
1.7023E-04 6.6667E-07
1.5212E-04 6.6667E-07
2.0611E-04 6.6667E-07
1.6411E-04 6.6667E-07
1.9149E-04 6.6667E-07
2.0548E-04 6.6667E-07
2.0235E-04 6.6667E-07
2.3137E-04 6.6667E-07
2.4836E-04 6.6667E-07
2.1340E-04 6.6667E-07
2.0211E-04 6.6667E-07
2.1541E-04 6.6667E-07
2.1438E-04 6.6667E-07
2.0946E-04 6.6667E-07
2.2262E-04 6.6667E-07
2.5057E-04 6.6667E-07
2.4706E-04 6.6667E-07
2.1362E-04 6.6667E-07
2.7352E-04 6.6667E-07
2.8274E-04 6.6667E-07
3.4252E-04 6.6667E-07
3.1523E-04 6.6667E-07
3.4844E-04 6.6667E-07
2.8703E-04 6.6667E-07
2.5924E-04 6.6667E-07
2.7802E-04 6.6667E-07
2.9874E-04 6.6667E-07
2.9481E-04 6.6667E-07
3.4297E-04 6.6667E-07
3.3948E-04 6.6667E-07
3.7743E-04 6.6667E-07
3.6817E-04 6.6667E-07
3.0932E-04 6.6667E-07
3.9004E-04 6.6667E-07
3.8329E-04 6.6667E-07
3.9350E-04 6.6667E-07
3.4564E-04 6.6667E-07
3.6648E-04 6.6667E-07
5.4569E-04 6.6667E-07
4.1523E-04 6.6667E-07
3.1685E-04 6.6667E-07
4.7621E-04 6.6667E-07
3.7834E-04 6.6667E-07
4.9432E-04 6.6667E-07
5.5709E-04 6.6667E-07
4.5049E-04 6.6667E-07
4.0841E-04 6.6667E-07
5.9278E-04 6.6667E-07
4.2431E-04 6.6667E-07
5.0865E-04 6.6667E-07
5.5430E-04 6.6667E-07
3.9018E-04 6.6667E-07
4.1640E-04 6.6667E-07
6.1538E-04 6.6667E-07
4.4208E-04 6.6667E-07
4.4935E-04 6.6667E-07
5.9398E-04 6.6667E-07
4.6482E-04 6.6667E-07
4.0989E-04 6.6667E-07
4.8623E-04 6.6667E-07
2.8563E-04 6.6667E-07
4.2284E-04 6.6667E-07
3.0975E-04 6.6667E-07
2.4588E-04 6.6667E-07
3.1563E-04 6.6667E-07
4.2591E-04 6.6667E-07
2.8764E-04 6.6667E-07
2.7409E-04 6.6667E-07
4.0578E-04 6.6667E-07
2.5153E-04 6.6667E-07
2.9171E-04 6.6667E-07
3.6899E-04 6.6667E-07
2.3266E-04 6.6667E-07
2.4755E-04 6.6667E-07
3.1863E-04 6.6667E-07
2.3710E-04 6.6667E-07
2.7745E-04 6.6667E-07
3.2262E-04 6.6667E-07
2.4199E-04 6.6667E-07
2.0169E-04 6.6667E-07
2.9915E-04 6.6667E-07
2.2548E-04 6.6667E-07
2.1882E-04 6.6667E-07
3.3924E-04 6.6667E-07
1.8615E-04 6.6667E-07
2.1889E-04 6.6667E-07
2.7257E-04 6.6667E-07
1.8661E-04 6.6667E-07
3.0546E-04 6.6667E-07
2.8809E-04 6.6667E-07
2.3992E-04 6.6667E-07
2.5133E-04 6.6667E-07
2.1037E-04 6.6667E-07
2.3748E-04 6.6667E-07
2.4423E-04 6.6667E-07
1.8392E-04 6.6667E-07
2.4390E-04 6.6667E-07
2.9583E-04 6.6667E-07
1.7900E-04 6.6667E-07
1.9598E-04 6.6667E-07
2.9114E-04 6.6667E-07
2.3081E-04 6.6667E-07
2.6302E-04 6.6667E-07
2.3392E-04 6.6667E-07
2.2882E-04 6.6667E-07
2.2682E-04 6.6667E-07
2.3805E-04 6.6667E-07
2.1515E-04 6.6667E-07
1.9601E-04 6.6667E-07
1.9407E-04 6.6667E-07
2.2017E-04 6.6667E-07
1.8993E-04 6.6667E-07
1.8393E-04 6.6667E-07
1.9049E-04 6.6667E-07
2.3347E-04 6.6667E-07
2.2093E-04 6.6667E-07
2.1346E-04 6.6667E-07
2.0089E-04 6.6667E-07
2.2707E-04 6.6667E-07
1.8754E-04 6.6667E-07
1.9272E-04 6.6667E-07
2.1164E-04 6.6667E-07
2.0612E-04 6.6667E-07
1.9086E-04 6.6667E-07
2.0799E-04 6.6667E-07
2.0171E-04 6.6667E-07
2.0261E-04 6.6667E-07
2.1302E-04 6.6667E-07
1.9042E-04 6.6667E-07
1.7452E-04 6.6667E-07
1.8428E-04 6.6667E-07
1.3516E-04 6.6667E-07
1.4167E-04 6.6667E-07
2.0486E-04 6.6667E-07
1.0979E-04 6.6667E-07
1.3874E-04 6.6667E-07
1.9813E-04 6.6667E-07
1.1400E-04 6.6667E-07
1.2285E-04 6.6667E-07
2.2407E-04 6.6667E-07
1.2553E-04 6.6667E-07
1.4341E-04 6.6667E-07
1.9198E-04 6.6667E-07
1.3541E-04 6.6667E-07
1.4236E-04 6.6667E-07
2.6351E-04 6.6667E-07
1.3139E-04 6.6667E-07
1.7457E-04 6.6667E-07
1.5368E-04 6.6667E-07
2.0864E-04 6.6667E-07
1.9317E-04 6.6667E-07
1.5875E-04 6.6667E-07
2.2664E-04 6.6667E-07
2.7539E-04 6.6667E-07
1.5813E-04 6.6667E-07
1.8617E-04 6.6667E-07
1.9633E-04 6.6667E-07
2.6783E-04 6.6667E-07
2.3851E-04 6.6667E-07
1.9567E-04 6.6667E-07
2.3069E-04 6.6667E-07
2.3851E-04 6.6667E-07
1.9920E-04 6.6667E-07
1.6883E-04 6.6667E-07
2.8901E-04 6.6667E-07
1.8115E-04 6.6667E-07
1.9050E-04 6.6667E-07
2.2660E-04 6.6667E-07
1.6654E-04 6.6667E-07
2.3010E-04 6.6667E-07
2.2384E-04 6.6667E-07
1.6622E-04 6.6667E-07
1.5219E-04 6.6667E-07
1.8335E-04 6.6667E-07
1.6872E-04 6.6667E-07
2.0650E-04 6.6667E-07
1.3656E-04 6.6667E-07
1.8023E-04 6.6667E-07
1.9555E-04 6.6667E-07
1.6252E-04 6.6667E-07
1.4183E-04 6.6667E-07
1.9775E-04 6.6667E-07
1.5808E-04 6.6667E-07
9.9936E-05 6.6667E-07
2.0612E-04 6.6667E-07
1.0387E-04 6.6667E-07
1.0463E-04 6.6667E-07
1.4901E-04 6.6667E-07
1.0246E-04 6.6667E-07
1.1942E-04 6.6667E-07
1.6139E-04 6.6667E-07
1.2244E-04 6.6667E-07
9.3889E-05 6.6667E-07
1.6951E-04 6.6667E-07
1.0265E-04 6.6667E-07
1.3541E-04 6.6667E-07
1.4782E-04 6.6667E-07
1.0637E-04 6.6667E-07
1.5990E-04 6.6667E-07
1.9575E-04 6.6667E-07
1.0674E-04 6.6667E-07
1.0430E-04 6.6667E-07
1.3941E-04 6.6667E-07
1.2097E-04 6.6667E-07
1.4655E-04 6.6667E-07
1.2915E-04 6.6667E-07
1.5848E-04 6.6667E-07
1.6942E-04 6.6667E-07
1.3229E-04 6.6667E-07
1.1874E-04 6.6667E-07
1.3881E-04 6.6667E-07
9.7938E-05 6.6667E-07
1.2835E-04 6.6667E-07
1.5838E-04 6.6667E-07
1.3099E-04 6.6667E-07
1.6244E-04 6.6667E-07
1.4875E-04 6.6667E-07
9.6386E-05 6.6667E-07
1.5344E-04 6.6667E-07
1.3335E-04 6.6667E-07
1.4504E-04 6.6667E-07
1.6129E-04 6.6667E-07
1.2464E-04 6.6667E-07
1.6782E-04 6.6667E-07
1.3818E-04 6.6667E-07
1.3790E-04 6.6667E-07
1.3532E-04 6.6667E-07
8.0050E-05 6.6667E-07
1.5969E-04 6.6667E-07
1.2247E-04 6.6667E-07
1.6978E-04 6.6667E-07
1.3359E-04 6.6667E-07
1.6840E-04 6.6667E-07
1.3691E-04 6.6667E-07
1.1970E-04 6.6667E-07
1.7593E-04 6.6667E-07
1.8844E-04 6.6667E-07
1.6051E-04 6.6667E-07
2.0218E-04 6.6667E-07
1.7715E-04 6.6667E-07
1.9546E-04 6.6667E-07
1.5011E-04 6.6667E-07
1.9285E-04 6.6667E-07
1.4225E-04 6.6667E-07
3.4441E-04 6.6667E-07
2.1992E-04 6.6667E-07
3.0454E-04 6.6667E-07
2.6683E-04 6.6667E-07
2.3517E-04 6.6667E-07
2.2993E-04 6.6667E-07
2.9494E-04 6.6667E-07
2.9224E-04 6.6667E-07
2.7799E-04 6.6667E-07
3.2760E-04 6.6667E-07
3.0078E-04 6.6667E-07
2.7051E-04 6.6667E-07
2.5827E-04 6.6667E-07
2.5151E-04 6.6667E-07
3.1194E-04 6.6667E-07
2.3820E-04 6.6667E-07
2.6973E-04 6.6667E-07
2.4637E-04 6.6667E-07
2.8634E-04 6.6667E-07
2.3467E-04 6.6667E-07
2.3288E-04 6.6667E-07
2.2522E-04 6.6667E-07
2.1916E-04 6.6667E-07
1.9028E-04 6.6667E-07
1.5563E-04 6.6667E-07
1.8852E-04 6.6667E-07
2.1895E-04 6.6667E-07
2.0349E-04 6.6667E-07
1.7171E-04 6.6667E-07
2.0883E-04 6.6667E-07
1.5190E-04 6.6667E-07
1.6237E-04 6.6667E-07
1.7704E-04 6.6667E-07
1.2956E-04 6.6667E-07
1.6326E-04 6.6667E-07
1.7411E-04 6.6667E-07
1.7441E-04 6.6667E-07
1.2745E-04 6.6667E-07
2.0649E-04 6.6667E-07
1.7498E-04 6.6667E-07
2.0332E-04 6.6667E-07
2.5796E-04 6.6667E-07
1.8310E-04 6.6667E-07
2.6680E-04 6.6667E-07
1.7824E-04 6.6667E-07
1.9792E-04 6.6667E-07
1.7336E-04 6.6667E-07
1.3839E-04 6.6667E-07
1.6970E-04 6.6667E-07
1.4202E-04 6.6667E-07
1.1371E-04 6.6667E-07
1.1401E-04 6.6667E-07
9.8630E-05 6.6667E-07
1.0001E-04 6.6667E-07
7.9816E-05 6.6667E-07
8.6877E-05 6.6667E-07
6.4572E-05 6.6667E-07
1.0443E-04 6.6667E-07
6.9982E-05 6.6667E-07
6.8842E-05 6.6667E-07
8.2012E-05 6.6667E-07
1.0020E-04 6.6667E-07
5.8804E-05 6.6667E-07
8.1198E-05 6.6667E-07
6.6797E-05 6.6667E-07
7.9487E-05 6.6667E-07
9.7408E-05 6.6667E-07
4.9685E-05 6.6667E-07
8.0203E-05 6.6667E-07
5.7709E-05 6.6667E-07
1.2103E-04 6.6667E-07
4.9713E-05 6.6667E-07
7.1095E-05 6.6667E-07
4.7258E-05 6.6667E-07
9.3905E-05 6.6667E-07
5.4200E-05 6.6667E-07
5.1864E-05 6.6667E-07
3.9503E-05 6.6667E-07
8.2002E-05 6.6667E-07
4.8663E-05 6.6667E-07
5.0489E-05 6.6667E-07
4.8811E-05 6.6667E-07
6.1921E-05 6.6667E-07
6.3676E-05 6.6667E-07
4.4233E-05 6.6667E-07
4.5002E-05 6.6667E-07
6.8540E-05 6.6667E-07
3.2556E-05 6.6667E-07
4.0445E-05 6.6667E-07
3.6026E-05 6.6667E-07
3.4652E-05 6.6667E-07
3.1850E-05 6.6667E-07
5.0954E-05 6.6667E-07
2.8293E-05 6.6667E-07
3.6439E-05 6.6667E-07
2.4945E-05 6.6667E-07
4.0700E-05 6.6667E-07
2.8240E-05 6.6667E-07
2.3592E-05 6.6667E-07
3.8950E-05 6.6667E-07
3.3666E-05 6.6667E-07
3.1310E-05 6.6667E-07
2.7036E-05 6.6667E-07
2.6413E-05 6.6667E-07
2.9255E-05 6.6667E-07
4.3608E-05 6.6667E-07
1.7843E-05 6.6667E-07
2.7780E-05 6.6667E-07
3.3871E-05 6.6667E-07
3.7979E-05 6.6667E-07
3.1201E-05 6.6667E-07
2.9329E-05 6.6667E-07
2.7095E-05 6.6667E-07
3.5531E-05 6.6667E-07
3.3429E-05 6.6667E-07
2.3985E-05 6.6667E-07
2.4106E-05 6.6667E-07
3.9993E-05 6.6667E-07
1.9664E-05 6.6667E-07
2.1991E-05 6.6667E-07
2.8123E-05 6.6667E-07
2.0728E-05 6.6667E-07
2.9291E-05 6.6667E-07
3.2419E-05 6.6667E-07
1.7734E-05 6.6667E-07
2.4197E-05 6.6667E-07
1.7623E-05 6.6667E-07
1.6513E-05 6.6667E-07
2.6084E-05 6.6667E-07
1.3745E-05 6.6667E-07
2.0407E-05 6.6667E-07
1.8195E-05 6.6667E-07
2.4674E-05 6.6667E-07
1.1950E-05 6.6667E-07
2.2359E-05 6.6667E-07
1.1336E-05 6.6667E-07
2.1246E-05 6.6667E-07
1.5655E-05 6.6667E-07
1.4483E-05 6.6667E-07
2.3779E-05 6.6667E-07
1.4482E-05 6.6667E-07
2.4118E-05 6.6667E-07
1.2272E-05 6.6667E-07
1.5622E-05 6.6667E-07
1.9377E-05 6.6667E-07
2.6350E-05 6.6667E-07
1.6684E-05 6.6667E-07
1.9095E-05 6.6667E-07
1.8333E-05 6.6667E-07
2.2918E-05 6.6667E-07
2.4378E-05 6.6667E-07
1.8926E-05 6.6667E-07
2.3752E-05 6.6667E-07
2.4978E-05 6.6667E-07
2.5687E-05 6.6667E-07
1.9209E-05 6.6667E-07
1.7298E-05 6.6667E-07
2.9114E-05 6.6667E-07
2.5171E-05 6.6667E-07
1.4699E-05 6.6667E-07
3.0260E-05 6.6667E-07
1.8115E-05 6.6667E-07
2.1219E-05 6.6667E-07
2.9300E-05 6.6667E-07
1.7204E-05 6.6667E-07
2.4886E-05 6.6667E-07
2.4496E-05 6.6667E-07
2.6649E-05 6.6667E-07
1.6799E-05 6.6667E-07
2.9063E-05 6.6667E-07
1.1102E-05 6.6667E-07
2.9160E-05 6.6667E-07
1.8810E-05 6.6667E-07
2.0433E-05 6.6667E-07
3.2666E-05 6.6667E-07
5.1208E-07 6.6667E-07
5.1832E-05 6.6667E-07
1.3772E-05 6.6667E-07
2.2833E-05 6.6667E-07
2.1073E-05 6.6667E-07
2.9234E-05 6.6667E-07
2.6129E-05 6.6667E-07
2.3223E-05 6.6667E-07
2.6916E-05 6.6667E-07
3.3028E-05 6.6667E-07
2.2918E-05 6.6667E-07
2.1464E-05 6.6667E-07
2.7752E-05 6.6667E-07
3.6691E-05 6.6667E-07
2.9590E-05 6.6667E-07
2.8559E-05 6.6667E-07
3.8078E-05 6.6667E-07
3.5440E-05 6.6667E-07
2.9655E-05 6.6667E-07
3.4914E-05 6.6667E-07
2.4204E-05 6.6667E-07
3.5960E-05 6.6667E-07
2.9693E-05 6.6667E-07
2.8121E-05 6.6667E-07
3.3211E-05 6.6667E-07
3.7804E-05 6.6667E-07
3.8071E-05 6.6667E-07
3.9017E-05 6.6667E-07
3.0109E-05 6.6667E-07
3.4811E-05 6.6667E-07
3.9151E-05 6.6667E-07
6.2273E-05 6.6667E-07
3.6878E-05 6.6667E-07
5.1816E-05 6.6667E-07
7.4667E-05 6.6667E-07
5.3391E-05 6.6667E-07
4.5611E-05 6.6667E-07
7.7876E-05 6.6667E-07
3.1230E-05 6.6667E-07
5.6306E-05 6.6667E-07
7.3029E-05 6.6667E-07
5.1260E-05 6.6667E-07
8.0200E-05 6.6667E-07
2.5932E-05 6.6667E-07
1.1570E-04 6.6667E-07
6.1419E-05 6.6667E-07
6.3768E-05 6.6667E-07
5.6174E-05 6.6667E-07
8.8359E-05 6.6667E-07
9.9495E-05 6.6667E-07
6.3821E-05 6.6667E-07
1.0526E-04 6.6667E-07
1.1128E-04 6.6667E-07
9.6463E-05 6.6667E-07
7.0714E-05 6.6667E-07
9.8548E-05 6.6667E-07
5.7704E-05 6.6667E-07
1.0158E-04 6.6667E-07
8.6468E-05 6.6667E-07
7.4201E-05 6.6667E-07
1.1703E-04 6.6667E-07
9.0421E-05 6.6667E-07
1.1468E-04 6.6667E-07
9.6110E-05 6.6667E-07
8.4896E-05 6.6667E-07
1.2622E-04 6.6667E-07
1.3873E-04 6.6667E-07
1.0582E-04 6.6667E-07
1.3204E-04 6.6667E-07
1.2809E-04 6.6667E-07
1.4677E-04 6.6667E-07
1.5755E-04 6.6667E-07
1.0977E-04 6.6667E-07
1.5737E-04 6.6667E-07
1.0891E-04 6.6667E-07
1.5154E-04 6.6667E-07
1.0630E-04 6.6667E-07
1.1948E-04 6.6667E-07
1.3824E-04 6.6667E-07
1.4477E-04 6.6667E-07
1.1901E-04 6.6667E-07
1.1687E-04 6.6667E-07
1.2146E-04 6.6667E-07
1.1241E-04 6.6667E-07
9.8071E-05 6.6667E-07
9.4024E-05 6.6667E-07
9.3569E-05 6.6667E-07
7.5127E-05 6.6667E-07
7.2536E-05 6.6667E-07
7.5558E-05 6.6667E-07
8.0459E-05 6.6667E-07
9.1367E-05 6.6667E-07
6.1471E-05 6.6667E-07
7.9573E-05 6.6667E-07
7.4263E-05 6.6667E-07
6.4657E-05 6.6667E-07
4.9021E-05 6.6667E-07
8.0732E-05 6.6667E-07
4.3826E-05 6.6667E-07
5.0084E-05 6.6667E-07
5.5075E-05 6.6667E-07
3.8869E-05 6.6667E-07
4.8512E-05 6.6667E-07
6.5689E-05 6.6667E-07
3.6391E-05 6.6667E-07
4.0002E-05 6.6667E-07
4.2226E-05 6.6667E-07
5.4918E-05 6.6667E-07
3.9873E-05 6.6667E-07
3.7152E-05 6.6667E-07
3.9453E-05 6.6667E-07
5.1063E-05 6.6667E-07
3.3012E-05 6.6667E-07
3.6646E-05 6.6667E-07
3.2906E-05 6.6667E-07
4.3420E-05 6.6667E-07
3.7817E-05 6.6667E-07
2.5387E-05 6.6667E-07
3.5384E-05 6.6667E-07
3.6397E-05 6.6667E-07
2.6990E-05 6.6667E-07
3.5611E-05 6.6667E-07
2.9204E-05 6.6667E-07
3.2039E-05 6.6667E-07
3.8294E-05 6.6667E-07
2.1910E-05 6.6667E-07
3.1494E-05 6.6667E-07
2.7266E-05 6.6667E-07
3.5107E-05 6.6667E-07
1.9100E-05 6.6667E-07
2.9576E-05 6.6667E-07
8.5537E-06 6.6667E-07
3.3809E-05 6.6667E-07
1.6010E-05 6.6667E-07
2.0221E-05 6.6667E-07
2.1398E-05 6.6667E-07
2.6538E-05 6.6667E-07
1.9984E-05 6.6667E-07
2.0166E-05 6.6667E-07
1.7209E-05 6.6667E-07
1.9953E-05 6.6667E-07
1.9977E-05 6.6667E-07
1.3994E-05 6.6667E-07
2.0809E-05 6.6667E-07
1.9985E-05 6.6667E-07
1.6902E-05 6.6667E-07
1.5836E-05 6.6667E-07
1.6770E-05 6.6667E-07
1.7036E-05 6.6667E-07
1.8843E-05 6.6667E-07
1.6273E-05 6.6667E-07
2.0105E-05 6.6667E-07
1.8816E-05 6.6667E-07
1.6711E-05 6.6667E-07
1.6839E-05 6.6667E-07
1.9223E-05 6.6667E-07
1.9888E-05 6.6667E-07
1.7454E-05 6.6667E-07
2.1734E-05 6.6667E-07
1.6613E-05 6.6667E-07
1.8318E-05 6.6667E-07
2.4276E-05 6.6667E-07
1.6761E-05 6.6667E-07
2.2205E-05 6.6667E-07
2.4679E-05 6.6667E-07
1.9083E-05 6.6667E-07
1.8001E-05 6.6667E-07
3.3198E-05 6.6667E-07
1.5870E-05 6.6667E-07
2.0866E-05 6.6667E-07
2.2510E-05 6.6667E-07
2.1409E-05 6.6667E-07
3.4495E-05 6.6667E-07
3.4489E-05 6.6667E-07
3.1308E-05 6.6667E-07
2.8030E-05 6.6667E-07
3.3656E-05 6.6667E-07
2.9716E-05 6.6667E-07
5.1536E-05 6.6667E-07
2.6334E-05 6.6667E-07
3.1337E-05 6.6667E-07
4.3341E-05 6.6667E-07
5.3051E-05 6.6667E-07
5.2909E-05 6.6667E-07
4.2905E-05 6.6667E-07
4.5989E-05 6.6667E-07
7.1646E-05 6.6667E-07
4.5513E-05 6.6667E-07
4.5960E-05 6.6667E-07
5.7327E-05 6.6667E-07
3.1993E-05 6.6667E-07
4.2225E-05 6.6667E-07
8.7393E-05 6.6667E-07
4.6997E-05 6.6667E-07
5.2539E-05 6.6667E-07
9.2311E-05 6.6667E-07
4.1778E-05 6.6667E-07
5.2263E-05 6.6667E-07
5.3288E-05 6.6667E-07
4.0048E-05 6.6667E-07
5.6750E-05 6.6667E-07
7.6396E-05 6.6667E-07
5.5317E-05 6.6667E-07
3.5800E-05 6.6667E-07
7.9320E-05 6.6667E-07
3.7147E-05 6.6667E-07
4.9981E-05 6.6667E-07
4.8011E-05 6.6667E-07
3.6245E-05 6.6667E-07
5.9818E-05 6.6667E-07
5.1944E-05 6.6667E-07
3.5422E-05 6.6667E-07
4.1877E-05 6.6667E-07
3.1056E-05 6.6667E-07
3.8885E-05 6.6667E-07
5.0891E-05 6.6667E-07
2.6952E-05 6.6667E-07
3.9631E-05 6.6667E-07
4.9627E-05 6.6667E-07
4.2747E-06 6.6667E-07
5.1142E-05 6.6667E-07
1.9395E-05 6.6667E-07
3.0854E-05 6.6667E-07
3.6141E-05 6.6667E-07
2.7124E-05 6.6667E-07
3.2357E-05 6.6667E-07
2.1879E-05 6.6667E-07
2.6948E-05 6.6667E-07
2.0754E-05 6.6667E-07
2.5145E-05 6.6667E-07
2.0993E-05 6.6667E-07
1.7376E-05 6.6667E-07
1.5247E-05 6.6667E-07
3.3890E-05 6.6667E-07
1.3427E-05 6.6667E-07
1.7918E-05 6.6667E-07
2.4611E-05 6.6667E-07
1.8907E-05 6.6667E-07
2.3846E-05 6.6667E-07
1.6255E-05 6.6667E-07
2.0222E-05 6.6667E-07
1.8371E-05 6.6667E-07
2.1390E-05 6.6667E-07
2.0008E-05 6.6667E-07
1.4502E-05 6.6667E-07
2.0267E-05 6.6667E-07
2.6785E-05 6.6667E-07
1.3622E-05 6.6667E-07
1.8243E-05 6.6667E-07
1.3825E-05 6.6667E-07
1.8522E-05 6.6667E-07
1.9155E-05 6.6667E-07
1.1159E-05 6.6667E-07
1.7763E-05 6.6667E-07
1.8535E-05 6.6667E-07
1.4497E-05 6.6667E-07
1.5436E-05 6.6667E-07
1.6010E-05 6.6667E-07
1.5953E-05 6.6667E-07
1.8575E-05 6.6667E-07
1.2130E-05 6.6667E-07
1.6073E-05 6.6667E-07
1.3114E-05 6.6667E-07
1.7151E-05 6.6667E-07
1.0537E-05 6.6667E-07
1.5915E-05 6.6667E-07
1.4973E-05 6.6667E-07
1.8307E-05 6.6667E-07
1.1494E-05 6.6667E-07
1.3259E-05 6.6667E-07
1.0537E-05 6.6667E-07
1.4096E-05 6.6667E-07
1.2962E-05 6.6667E-07
9.3189E-06 6.6667E-07
1.2122E-05 6.6667E-07
1.5349E-05 6.6667E-07
1.0881E-05 6.6667E-07
1.0937E-05 6.6667E-07
1.0586E-05 6.6667E-07
1.2927E-05 6.6667E-07
1.2676E-05 6.6667E-07
8.9904E-06 6.6667E-07
1.1988E-05 6.6667E-07
1.3033E-05 6.6667E-07
1.1983E-05 6.6667E-07
1.0918E-05 6.6667E-07
1.2904E-05 6.6667E-07
1.3962E-05 6.6667E-07
1.1834E-05 6.6667E-07
1.1252E-05 6.6667E-07
9.4907E-06 6.6667E-07
1.7522E-05 6.6667E-07
1.0649E-05 6.6667E-07
1.2186E-05 6.6667E-07
1.9101E-05 6.6667E-07
1.4523E-05 6.6667E-07
1.6961E-05 6.6667E-07
1.1185E-05 6.6667E-07
1.3500E-05 6.6667E-07
1.0217E-05 6.6667E-07
2.6879E-05 6.6667E-07
1.1813E-05 6.6667E-07
1.3189E-05 6.6667E-07
1.3437E-05 6.6667E-07
1.7570E-05 6.6667E-07
1.9289E-05 6.6667E-07
1.2432E-05 6.6667E-07
1.9188E-05 6.6667E-07
1.9075E-05 6.6667E-07
1.7963E-05 6.6667E-07
1.6463E-05 6.6667E-07
1.7653E-05 6.6667E-07
1.7140E-05 6.6667E-07
2.0010E-05 6.6667E-07
1.5507E-05 6.6667E-07
1.7899E-05 6.6667E-07
2.3485E-05 6.6667E-07
1.7405E-05 6.6667E-07
1.6069E-05 6.6667E-07
2.6497E-05 6.6667E-07
1.8474E-05 6.6667E-07
2.3121E-05 6.6667E-07
2.6798E-05 6.6667E-07
2.1840E-05 6.6667E-07
2.3513E-05 6.6667E-07
2.7161E-05 6.6667E-07
2.4018E-05 6.6667E-07
2.0641E-05 6.6667E-07
3.1781E-05 6.6667E-07
1.7980E-05 6.6667E-07
2.7590E-05 6.6667E-07
2.3831E-05 6.6667E-07
1.8099E-05 6.6667E-07
1.9551E-05 6.6667E-07
3.3160E-05 6.6667E-07
2.7425E-05 6.6667E-07
2.2423E-05 6.6667E-07
2.8950E-05 6.6667E-07
4.0794E-05 6.6667E-07
2.0073E-05 6.6667E-07
2.5829E-05 6.6667E-07
2.0980E-05 6.6667E-07
2.7893E-05 6.6667E-07
2.5253E-05 6.6667E-07
1.4114E-05 6.6667E-07
2.4255E-05 6.6667E-07
4.0409E-05 6.6667E-07
1.9415E-05 6.6667E-07
1.8509E-05 6.6667E-07
3.7125E-05 6.6667E-07
2.0605E-05 6.6667E-07
3.5902E-05 6.6667E-07
2.8282E-05 6.6667E-07
2.6667E-05 6.6667E-07
3.1706E-05 6.6667E-07
2.3919E-05 6.6667E-07
2.9396E-05 6.6667E-07
2.9955E-05 6.6667E-07
2.8521E-05 6.6667E-07
1.8492E-05 6.6667E-07
2.8868E-05 6.6667E-07
2.4298E-05 6.6667E-07
2.8124E-05 6.6667E-07
2.8278E-05 6.6667E-07
2.5138E-05 6.6667E-07
3.1663E-05 6.6667E-07
2.9558E-05 6.6667E-07
2.9015E-05 6.6667E-07
2.4970E-05 6.6667E-07
2.9354E-05 6.6667E-07
2.5959E-05 6.6667E-07
2.4630E-05 6.6667E-07
3.2790E-05 6.6667E-07
2.3232E-05 6.6667E-07
2.7824E-05 6.6667E-07
2.1932E-05 6.6667E-07
2.0160E-05 6.6667E-07
3.2818E-05 6.6667E-07
3.1780E-05 6.6667E-07
2.6699E-05 6.6667E-07
3.3319E-05 6.6667E-07
2.5501E-05 6.6667E-07
2.8195E-05 6.6667E-07
2.8801E-05 6.6667E-07
2.3967E-05 6.6667E-07
3.3603E-05 6.6667E-07
3.3812E-05 6.6667E-07
2.0615E-05 6.6667E-07
2.9631E-05 6.6667E-07
2.3117E-05 6.6667E-07
3.2732E-05 6.6667E-07
2.5092E-05 6.6667E-07
2.0498E-05 6.6667E-07
3.1747E-05 6.6667E-07
3.0149E-05 6.6667E-07
2.5786E-05 6.6667E-07
2.2643E-05 6.6667E-07
2.3270E-05 6.6667E-07
2.4775E-05 6.6667E-07
3.3213E-05 6.6667E-07
1.7579E-05 6.6667E-07
2.5657E-05 6.6667E-07
1.8026E-05 6.6667E-07
3.5115E-05 6.6667E-07
1.7924E-05 6.6667E-07
1.8990E-05 6.6667E-07
2.8010E-05 6.6667E-07
1.8250E-05 6.6667E-07
2.6709E-05 6.6667E-07
1.6767E-05 6.6667E-07
1.9282E-05 6.6667E-07
1.4594E-05 6.6667E-07
2.4581E-05 6.6667E-07
1.3885E-05 6.6667E-07
1.4431E-05 6.6667E-07
1.7098E-05 6.6667E-07
1.9333E-05 6.6667E-07
1.3742E-05 6.6667E-07
1.6102E-05 6.6667E-07
1.1602E-05 6.6667E-07
1.5456E-05 6.6667E-07
1.0177E-05 6.6667E-07
1.6390E-05 6.6667E-07
7.3247E-06 6.6667E-07
1.6186E-05 6.6667E-07
1.0233E-05 6.6667E-07
1.2745E-05 6.6667E-07
1.0942E-05 6.6667E-07
1.0287E-05 6.6667E-07
1.2015E-05 6.6667E-07
1.0354E-05 6.6667E-07
9.9139E-06 6.6667E-07
1.0218E-05 6.6667E-07
1.0681E-05 6.6667E-07
8.8558E-06 6.6667E-07
7.7813E-06 6.6667E-07
9.2809E-06 6.6667E-07
8.2547E-06 6.6667E-07
1.0173E-05 6.6667E-07
6.2688E-06 6.6667E-07
7.0271E-06 6.6667E-07
5.8237E-06 6.6667E-07
1.0480E-05 6.6667E-07
6.0168E-06 6.6667E-07
5.9540E-06 6.6667E-07
9.3056E-06 6.6667E-07
5.7538E-06 6.6667E-07
9.3672E-06 6.6667E-07
4.5022E-06 6.6667E-07
6.2207E-06 6.6667E-07
3.3873E-06 6.6667E-07
1.0812E-05 6.6667E-07
4.5566E-06 6.6667E-07
5.4398E-06 6.6667E-07
7.9760E-06 6.6667E-07
5.0365E-06 6.6667E-07
7.9676E-06 6.6667E-07
4.5955E-06 6.6667E-07
5.8246E-06 6.6667E-07
5.9613E-06 6.6667E-07
8.2129E-06 6.6667E-07
5.5232E-06 6.6667E-07
6.0916E-06 6.6667E-07
5.7285E-06 6.6667E-07
7.2610E-06 6.6667E-07
6.4956E-06 6.6667E-07
5.0498E-06 6.6667E-07
5.8700E-06 6.6667E-07
6.7932E-06 6.6667E-07
7.2726E-06 6.6667E-07
5.0508E-06 6.6667E-07
4.3687E-06 6.6667E-07
7.6839E-06 6.6667E-07
5.5586E-06 6.6667E-07
3.8795E-06 6.6667E-07
7.2038E-06 6.6667E-07
4.5715E-06 6.6667E-07
5.7105E-06 6.6667E-07
6.3846E-06 6.6667E-07
5.4568E-06 6.6667E-07
3.7147E-06 6.6667E-07
7.3691E-06 6.6667E-07
4.1350E-06 6.6667E-07
4.5373E-06 6.6667E-07
5.8753E-06 6.6667E-07
4.0423E-06 6.6667E-07
4.3102E-06 6.6667E-07
8.2644E-06 6.6667E-07
4.0138E-06 6.6667E-07
5.8432E-06 6.6667E-07
5.7398E-06 6.6667E-07
7.4042E-06 6.6667E-07
5.6054E-06 6.6667E-07
5.0377E-06 6.6667E-07
5.4352E-06 6.6667E-07
5.9222E-06 6.6667E-07
7.1352E-06 6.6667E-07
3.8249E-06 6.6667E-07
4.1261E-06 6.6667E-07
8.7157E-06 6.6667E-07
4.0241E-06 6.6667E-07
5.2364E-06 6.6667E-07
9.6803E-06 6.6667E-07
3.6910E-06 6.6667E-07
4.9548E-06 6.6667E-07
4.6371E-06 6.6667E-07
4.8387E-06 6.6667E-07
4.7737E-06 6.6667E-07
6.8243E-06 6.6667E-07
5.1121E-06 6.6667E-07
5.3727E-06 6.6667E-07
5.7789E-06 6.6667E-07
7.5144E-06 6.6667E-07
6.3880E-06 6.6667E-07
6.3723E-06 6.6667E-07
5.7179E-06 6.6667E-07
7.5884E-06 6.6667E-07
6.7621E-06 6.6667E-07
6.7171E-06 6.6667E-07
7.5187E-06 6.6667E-07
9.5565E-06 6.6667E-07
7.0389E-06 6.6667E-07
6.4898E-06 6.6667E-07
7.4245E-06 6.6667E-07
8.6448E-06 6.6667E-07
1.1630E-05 6.6667E-07
7.2594E-06 6.6667E-07
7.7755E-06 6.6667E-07
1.3166E-05 6.6667E-07
9.7561E-06 6.6667E-07
6.6829E-06 6.6667E-07
1.5805E-05 6.6667E-07
8.0750E-06 6.6667E-07
9.8672E-06 6.6667E-07
1.5325E-05 6.6667E-07
8.5192E-06 6.6667E-07
1.5819E-05 6.6667E-07
7.7697E-06 6.6667E-07
1.8097E-05 6.6667E-07
9.0961E-06 6.6667E-07
9.7631E-06 6.6667E-07
1.6866E-05 6.6667E-07
1.3685E-05 6.6667E-07
1.1277E-05 6.6667E-07
1.5944E-05 6.6667E-07
1.2106E-05 6.6667E-07
1.8499E-05 6.6667E-07
1.4870E-05 6.6667E-07
1.5567E-05 6.6667E-07
1.6313E-05 6.6667E-07
1.3992E-05 6.6667E-07
1.4664E-05 6.6667E-07
1.3436E-05 6.6667E-07
1.2838E-05 6.6667E-07
1.5683E-05 6.6667E-07
1.4135E-05 6.6667E-07
1.2928E-05 6.6667E-07
1.2207E-05 6.6667E-07
1.4313E-05 6.6667E-07
1.5532E-05 6.6667E-07
1.4439E-05 6.6667E-07
1.1526E-05 6.6667E-07
1.5373E-05 6.6667E-07
1.3884E-05 6.6667E-07
1.1087E-05 6.6667E-07
1.5527E-05 6.6667E-07
1.2860E-05 6.6667E-07
1.4665E-05 6.6667E-07
1.7352E-05 6.6667E-07
1.3180E-05 6.6667E-07
2.0015E-05 6.6667E-07
1.3709E-05 6.6667E-07
2.6895E-05 6.6667E-07
1.3238E-05 6.6667E-07
2.1536E-05 6.6667E-07
1.8517E-05 6.6667E-07
2.8868E-05 6.6667E-07
2.8411E-05 6.6667E-07
2.1828E-05 6.6667E-07
2.3919E-05 6.6667E-07
3.6985E-05 6.6667E-07
2.9097E-05 6.6667E-07
3.3944E-05 6.6667E-07
3.1740E-05 6.6667E-07
5.3846E-05 6.6667E-07
4.4966E-05 6.6667E-07
4.4737E-05 6.6667E-07
5.0902E-05 6.6667E-07
5.2670E-05 6.6667E-07
4.9182E-05 6.6667E-07
3.3622E-05 6.6667E-07
4.7638E-05 6.6667E-07
6.1458E-05 6.6667E-07
4.9890E-05 6.6667E-07
6.0988E-05 6.6667E-07
4.5593E-05 6.6667E-07
4.1925E-05 6.6667E-07
4.5041E-05 6.6667E-07
4.4299E-05 6.6667E-07
4.5387E-05 6.6667E-07
4.1840E-05 6.6667E-07
4.2329E-05 6.6667E-07
3.4581E-05 6.6667E-07
3.9619E-05 6.6667E-07
4.3596E-05 6.6667E-07
3.4148E-05 6.6667E-07
5.7363E-05 6.6667E-07
3.9162E-05 6.6667E-07
4.0033E-05 6.6667E-07
3.9348E-05 6.6667E-07
3.9255E-05 6.6667E-07
5.7044E-05 6.6667E-07
5.2901E-05 6.6667E-07
5.3662E-05 6.6667E-07
4.7987E-05 6.6667E-07
6.4910E-05 6.6667E-07
4.9823E-05 6.6667E-07
8.2629E-05 6.6667E-07
6.3265E-05 6.6667E-07
6.4058E-05 6.6667E-07
8.1099E-05 6.6667E-07
9.5363E-05 6.6667E-07
7.4920E-05 6.6667E-07
8.3669E-05 6.6667E-07
7.5532E-05 6.6667E-07
1.2018E-04 6.6667E-07
9.9759E-05 6.6667E-07
7.5097E-05 6.6667E-07
1.2716E-04 6.6667E-07
8.4524E-05 6.6667E-07
9.7927E-05 6.6667E-07
6.2427E-05 6.6667E-07
9.0132E-05 6.6667E-07
6.3153E-05 6.6667E-07
1.3226E-04 6.6667E-07
1.0449E-04 6.6667E-07
1.2947E-04 6.6667E-07
1.1832E-04 6.6667E-07
1.0909E-04 6.6667E-07
9.1693E-05 6.6667E-07
1.0398E-04 6.6667E-07
9.1528E-05 6.6667E-07
8.4768E-05 6.6667E-07
1.0179E-04 6.6667E-07
1.1469E-04 6.6667E-07
1.1150E-04 6.6667E-07
8.6320E-05 6.6667E-07
9.3825E-05 6.6667E-07
8.8769E-05 6.6667E-07
1.3022E-04 6.6667E-07
1.0441E-04 6.6667E-07
1.1539E-04 6.6667E-07
1.2169E-04 6.6667E-07
7.4808E-05 6.6667E-07
1.2304E-04 6.6667E-07
1.1410E-04 6.6667E-07
1.0310E-04 6.6667E-07
1.8572E-04 6.6667E-07
1.0697E-04 6.6667E-07
1.7203E-04 6.6667E-07
6.7725E-05 6.6667E-07
1.4032E-04 6.6667E-07
1.2754E-04 6.6667E-07
1.5968E-04 6.6667E-07
2.1639E-06 6.6667E-07
3.1070E-04 6.6667E-07
9.8451E-05 6.6667E-07
1.3614E-04 6.6667E-07
1.0563E-04 6.6667E-07
1.4905E-04 6.6667E-07
1.3654E-04 6.6667E-07
7.9570E-05 6.6667E-07
1.0659E-04 6.6667E-07
8.0632E-05 6.6667E-07
1.6374E-04 6.6667E-07
6.0684E-05 6.6667E-07
1.1902E-04 6.6667E-07
3.1037E-05 6.6667E-07
1.2374E-04 6.6667E-07
5.8061E-05 6.6667E-07
6.6741E-05 6.6667E-07
8.4481E-05 6.6667E-07
7.1377E-05 6.6667E-07
6.9642E-05 6.6667E-07
5.6809E-05 6.6667E-07
4.9961E-05 6.6667E-07
7.3481E-05 6.6667E-07
6.3480E-05 6.6667E-07
5.1186E-05 6.6667E-07
6.5803E-05 6.6667E-07
4.7502E-05 6.6667E-07
6.9099E-05 6.6667E-07
5.6399E-05 6.6667E-07
4.9370E-05 6.6667E-07
5.5215E-05 6.6667E-07
8.5758E-05 6.6667E-07
4.5618E-05 6.6667E-07
5.4281E-05 6.6667E-07
4.8269E-05 6.6667E-07
6.8440E-05 6.6667E-07
6.4023E-05 6.6667E-07
4.6784E-05 6.6667E-07
5.5501E-05 6.6667E-07
5.5437E-05 6.6667E-07
5.8058E-05 6.6667E-07
4.0447E-05 6.6667E-07
4.2140E-05 6.6667E-07
5.3884E-05 6.6667E-07
4.0582E-05 6.6667E-07
2.9004E-05 6.6667E-07
5.5739E-05 6.6667E-07
3.3207E-05 6.6667E-07
3.6186E-05 6.6667E-07
4.9004E-05 6.6667E-07
2.8785E-05 6.6667E-07
4.5141E-05 6.6667E-07
3.4356E-05 6.6667E-07
3.8988E-05 6.6667E-07
2.4621E-05 6.6667E-07
3.2340E-05 6.6667E-07
1.6562E-05 6.6667E-07
4.1137E-05 6.6667E-07
2.6509E-05 6.6667E-07
2.5925E-05 6.6667E-07
4.2304E-05 6.6667E-07
2.2887E-05 6.6667E-07
4.3859E-05 6.6667E-07
2.0651E-05 6.6667E-07
2.9819E-05 6.6667E-07
3.2370E-05 6.6667E-07
4.2378E-05 6.6667E-07
2.5956E-05 6.6667E-07
3.0296E-05 6.6667E-07
3.0352E-05 6.6667E-07
4.1015E-05 6.6667E-07
5.6739E-05 6.6667E-07
3.1136E-05 6.6667E-07
3.3908E-05 6.6667E-07
6.6192E-05 6.6667E-07
4.5687E-05 6.6667E-07
3.1211E-05 6.6667E-07
7.6526E-05 6.6667E-07
4.0966E-05 6.6667E-07
5.3853E-05 6.6667E-07
7.3431E-05 6.6667E-07
4.8997E-05 6.6667E-07
8.1384E-05 6.6667E-07
6.4066E-05 6.6667E-07
7.7943E-05 6.6667E-07
5.9278E-05 6.6667E-07
5.4618E-05 6.6667E-07
5.7494E-05 6.6667E-07
7.2226E-05 6.6667E-07
4.4070E-05 6.6667E-07
4.7930E-05 6.6667E-07
4.0801E-06 6.6667E-07
8.9998E-05 6.6667E-07
2.9868E-05 6.6667E-07
3.5222E-05 6.6667E-07
4.6449E-05 6.6667E-07
2.2863E-05 6.6667E-07
4.2082E-05 6.6667E-07
2.3450E-05 6.6667E-07
2.3917E-05 6.6667E-07
4.1776E-05 6.6667E-07
1.8988E-05 6.6667E-07
2.6651E-05 6.6667E-07
1.5382E-05 6.6667E-07
1.9328E-05 6.6667E-07
2.1391E-05 6.6667E-07
2.5853E-05 6.6667E-07
1.3348E-05 6.6667E-07
1.8397E-05 6.6667E-07
1.3808E-05 6.6667E-07
1.6665E-05 6.6667E-07
2.0539E-05 6.6667E-07
1.1185E-05 6.6667E-07
1.4525E-05 6.6667E-07
1.5928E-05 6.6667E-07
1.9719E-05 6.6667E-07
7.8445E-06 6.6667E-07
2.0146E-05 6.6667E-07
2.1581E-07 6.6667E-07
2.1664E-05 6.6667E-07
7.9497E-06 6.6667E-07
1.2918E-05 6.6667E-07
1.6671E-05 6.6667E-07
9.8713E-06 6.6667E-07
1.6842E-05 6.6667E-07
9.4274E-06 6.6667E-07
1.2436E-05 6.6667E-07
6.1279E-06 6.6667E-07
1.7989E-05 6.6667E-07
9.1698E-06 6.6667E-07
9.7352E-06 6.6667E-07
1.4278E-05 6.6667E-07
9.4084E-06 6.6667E-07
1.4300E-05 6.6667E-07
9.4547E-06 6.6667E-07
1.1950E-05 6.6667E-07
1.0121E-05 6.6667E-07
1.5223E-05 6.6667E-07
9.9707E-06 6.6667E-07
1.0049E-05 6.6667E-07
1.5123E-05 6.6667E-07
1.4358E-05 6.6667E-07
1.3380E-05 6.6667E-07
1.2276E-05 6.6667E-07
1.1020E-05 6.6667E-07
1.3720E-05 6.6667E-07
2.0654E-05 6.6667E-07
9.3295E-06 6.6667E-07
1.4365E-05 6.6667E-07
1.3305E-05 6.6667E-07
1.8470E-05 6.6667E-07
1.7371E-05 6.6667E-07
1.4747E-05 6.6667E-07
2.0304E-05 6.6667E-07
2.4288E-05 6.6667E-07
2.3236E-05 6.6667E-07
2.2448E-05 6.6667E-07
2.2767E-05 6.6667E-07
2.9778E-05 6.6667E-07
2.8892E-05 6.6667E-07
3.2049E-05 6.6667E-07
2.2865E-05 6.6667E-07
3.7889E-05 6.6667E-07
2.1371E-05 6.6667E-07
4.5743E-05 6.6667E-07
3.9019E-05 6.6667E-07
3.8355E-05 6.6667E-07
4.8160E-05 6.6667E-07
6.2909E-05 6.6667E-07
5.0432E-05 6.6667E-07
5.6680E-05 6.6667E-07
5.8590E-05 6.6667E-07
8.6182E-05 6.6667E-07
6.0194E-05 6.6667E-07
5.7979E-05 6.6667E-07
8.5497E-05 6.6667E-07
6.0268E-05 6.6667E-07
6.4381E-05 6.6667E-07
7.0250E-05 6.6667E-07
4.5357E-05 6.6667E-07
5.5394E-05 6.6667E-07
6.3175E-05 6.6667E-07
5.4019E-05 6.6667E-07
4.9732E-05 6.6667E-07
5.0502E-05 6.6667E-07
5.4501E-05 6.6667E-07
4.4704E-05 6.6667E-07
4.9098E-05 6.6667E-07
3.8540E-05 6.6667E-07
4.3169E-05 6.6667E-07
4.4818E-05 6.6667E-07
3.9144E-05 6.6667E-07
2.4974E-05 6.6667E-07
4.4906E-05 6.6667E-07
2.2262E-05 6.6667E-07
3.4671E-05 6.6667E-07
3.2548E-05 6.6667E-07
2.3357E-05 6.6667E-07
3.2338E-05 6.6667E-07
3.6897E-05 6.6667E-07
2.1869E-05 6.6667E-07
2.5479E-05 6.6667E-07
2.1168E-05 6.6667E-07
2.0636E-05 6.6667E-07
3.2662E-05 6.6667E-07
1.6285E-05 6.6667E-07
1.7741E-05 6.6667E-07
2.8983E-05 6.6667E-07
1.2728E-05 6.6667E-07
1.2429E-05 6.6667E-07
1.7840E-05 6.6667E-07
1.2281E-05 6.6667E-07
1.6344E-05 6.6667E-07
2.2389E-05 6.6667E-07
1.0372E-05 6.6667E-07
1.3173E-05 6.6667E-07
1.2994E-05 6.6667E-07
1.5109E-05 6.6667E-07
1.4629E-05 6.6667E-07
9.6031E-06 6.6667E-07
1.1237E-05 6.6667E-07
1.6431E-05 6.6667E-07
1.2381E-05 6.6667E-07
8.1729E-06 6.6667E-07
1.5235E-05 6.6667E-07
1.1049E-05 6.6667E-07
1.3045E-05 6.6667E-07
1.3088E-05 6.6667E-07
8.8242E-06 6.6667E-07
1.2214E-05 6.6667E-07
1.2093E-05 6.6667E-07
1.2380E-05 6.6667E-07
9.0229E-06 6.6667E-07
1.1566E-05 6.6667E-07
8.3944E-06 6.6667E-07
1.2678E-05 6.6667E-07
8.9439E-06 6.6667E-07
8.5974E-06 6.6667E-07
1.0095E-05 6.6667E-07
1.3758E-05 6.6667E-07
8.8305E-06 6.6667E-07
9.5123E-06 6.6667E-07
7.7538E-06 6.6667E-07
1.0717E-05 6.6667E-07
8.6491E-06 6.6667E-07
6.9936E-06 6.6667E-07
8.3188E-06 6.6667E-07
1.0479E-05 6.6667E-07
6.9039E-06 6.6667E-07
7.8021E-06 6.6667E-07
6.1360E-06 6.6667E-07
8.3160E-06 6.6667E-07
7.6761E-06 6.6667E-07
5.5771E-06 6.6667E-07
7.5230E-06 6.6667E-07
8.8564E-06 6.6667E-07
5.0316E-06 6.6667E-07
6.7372E-06 6.6667E-07
5.4539E-06 6.6667E-07
6.3869E-06 6.6667E-07
7.7950E-06 6.6667E-07
4.1185E-06 6.6667E-07
7.5490E-06 6.6667E-07
6.4866E-06 6.6667E-07
6.6817E-06 6.6667E-07
5.2672E-06 6.6667E-07
5.3585E-06 6.6667E-07
6.2488E-06 6.6667E-07
5.5003E-06 6.6667E-07
6.0007E-06 6.6667E-07
4.5103E-06 6.6667E-07
5.0571E-06 6.6667E-07
5.1811E-06 6.6667E-07
4.5497E-06 6.6667E-07
3.3343E-06 6.6667E-07
5.7749E-06 6.6667E-07
1.9637E-06 6.6667E-07
5.2747E-06 6.6667E-07
3.5193E-06 6.6667E-07
3.5882E-06 6.6667E-07
5.4294E-06 6.6667E-07
2.0832E-06 6.6667E-07
6.1408E-06 6.6667E-07
2.8095E-06 6.6667E-07
3.9034E-06 6.6667E-07
4.3026E-06 6.6667E-07
4.5217E-06 6.6667E-07
2.7771E-06 6.6667E-07
3.8540E-06 6.6667E-07
2.2740E-06 6.6667E-07
2.7856E-06 6.6667E-07
3.7834E-06 6.6667E-07
1.9921E-06 6.6667E-07
1.7671E-06 6.6667E-07
5.2748E-06 6.6667E-07
1.3978E-06 6.6667E-07
2.8563E-06 6.6667E-07
2.3130E-06 6.6667E-07
3.3976E-06 6.6667E-07
2.5392E-06 6.6667E-07
2.0902E-06 6.6667E-07
2.6258E-06 6.6667E-07
2.9708E-06 6.6667E-07
2.0772E-06 6.6667E-07
2.7618E-06 6.6667E-07
1.8841E-06 6.6667E-07
1.9886E-06 6.6667E-07
2.9635E-06 6.6667E-07
1.5140E-06 6.6667E-07
3.2724E-06 6.6667E-07
2.1904E-06 6.6667E-07
1.8991E-06 6.6667E-07
2.3899E-06 6.6667E-07
1.7921E-06 6.6667E-07
2.5474E-06 6.6667E-07
2.1229E-06 6.6667E-07
2.1031E-06 6.6667E-07
2.1924E-06 6.6667E-07
1.9364E-06 6.6667E-07
2.1297E-06 6.6667E-07
2.3992E-06 6.6667E-07
1.9580E-06 6.6667E-07
2.1594E-06 6.6667E-07
1.9002E-06 6.6667E-07
1.9569E-06 6.6667E-07
1.8603E-06 6.6667E-07
1.9625E-06 6.6667E-07
2.0328E-06 6.6667E-07
1.6179E-06 6.6667E-07
1.5498E-06 6.6667E-07
2.5779E-06 6.6667E-07
1.2005E-06 6.6667E-07
1.7225E-06 6.6667E-07
1.6948E-06 6.6667E-07
2.2183E-06 6.6667E-07
1.5123E-06 6.6667E-07
1.3778E-06 6.6667E-07
1.3649E-06 6.6667E-07
1.8122E-06 6.6667E-07
1.4226E-06 6.6667E-07
1.2728E-06 6.6667E-07
1.4098E-06 6.6667E-07
1.7766E-06 6.6667E-07
1.2837E-06 6.6667E-07
1.2640E-06 6.6667E-07
1.0746E-06 6.6667E-07
1.4076E-06 6.6667E-07
1.3548E-06 6.6667E-07
1.0632E-06 6.6667E-07
1.3173E-06 6.6667E-07
1.6968E-06 6.6667E-07
1.0377E-06 6.6667E-07
1.2491E-06 6.6667E-07
1.1864E-06 6.6667E-07
1.5310E-06 6.6667E-07
1.5330E-06 6.6667E-07
1.1170E-06 6.6667E-07
1.4634E-06 6.6667E-07
1.6083E-06 6.6667E-07
1.5169E-06 6.6667E-07
1.3416E-06 6.6667E-07
1.6323E-06 6.6667E-07
1.6407E-06 6.6667E-07
1.9168E-06 6.6667E-07
1.4758E-06 6.6667E-07
1.4250E-06 6.6667E-07
2.4217E-06 6.6667E-07
1.9646E-06 6.6667E-07
1.2012E-06 6.6667E-07
2.8408E-06 6.6667E-07
1.2642E-06 6.6667E-07
1.6512E-06 6.6667E-07
2.3638E-06 6.6667E-07
1.5127E-06 6.6667E-07
3.0560E-06 6.6667E-07
2.7896E-06 6.6667E-07
1.8478E-06 6.6667E-07
2.5870E-06 6.6667E-07
1.6578E-06 6.6667E-07
2.1319E-06 6.6667E-07
3.5539E-06 6.6667E-07
1.7312E-06 6.6667E-07
2.1942E-06 6.6667E-07
3.4922E-06 6.6667E-07
3.3768E-06 6.6667E-07
1.5682E-06 6.6667E-07
3.9237E-06 6.6667E-07
1.3935E-06 6.6667E-07
3.2811E-06 6.6667E-07
2.4534E-06 6.6667E-07
2.4165E-06 6.6667E-07
4.3824E-06 6.6667E-07
2.5389E-06 6.6667E-07
5.2565E-06 6.6667E-07
3.2942E-06 6.6667E-07
4.6415E-06 6.6667E-07
4.2863E-06 6.6667E-07
6.6839E-06 6.6667E-07
5.3187E-06 6.6667E-07
3.2780E-06 6.6667E-07
6.9996E-06 6.6667E-07
6.6414E-06 6.6667E-07
1.2168E-05 6.6667E-07
7.0723E-06 6.6667E-07
8.9257E-06 6.6667E-07
1.7727E-05 6.6667E-07
1.0774E-05 6.6667E-07
1.3246E-05 6.6667E-07
2.6339E-05 6.6667E-07
1.3887E-05 6.6667E-07
8.3974E-06 6.6667E-07
2.1821E-05 6.6667E-07
2.0455E-05 6.6667E-07
2.6338E-05 6.6667E-07
4.0231E-05 6.6667E-07
2.4924E-05 6.6667E-07
4.7193E-05 6.6667E-07
3.4412E-05 6.6667E-07
3.6659E-05 6.6667E-07
4.8199E-05 6.6667E-07
6.5732E-05 6.6667E-07
5.1548E-05 6.6667E-07
5.3003E-05 6.6667E-07
8.9946E-05 6.6667E-07
4.7140E-05 6.6667E-07
6.2473E-05 6.6667E-07
8.3487E-05 6.6667E-07
4.8953E-05 6.6667E-07
4.6493E-05 6.6667E-07
4.4376E-05 6.6667E-07
3.9032E-05 6.6667E-07
4.3684E-05 6.6667E-07
5.1007E-05 6.6667E-07
4.1573E-05 6.6667E-07
2.8230E-05 6.6667E-07
5.1586E-05 6.6667E-07
2.4417E-05 6.6667E-07
3.1538E-05 6.6667E-07
2.7565E-05 6.6667E-07
2.7987E-05 6.6667E-07
4.1216E-05 6.6667E-07
3.9491E-05 6.6667E-07
2.5062E-05 6.6667E-07
3.4616E-05 6.6667E-07
2.0556E-05 6.6667E-07
2.6132E-05 6.6667E-07
4.1479E-05 6.6667E-07
2.0147E-05 6.6667E-07
3.5957E-05 6.6667E-07
2.6342E-05 6.6667E-07
3.2192E-05 6.6667E-07
2.2701E-05 6.6667E-07
2.4824E-05 6.6667E-07
1.5515E-05 6.6667E-07
3.4383E-05 6.6667E-07
1.8859E-05 6.6667E-07
2.0534E-05 6.6667E-07
2.8675E-05 6.6667E-07
2.0274E-05 6.6667E-07
2.1661E-05 6.6667E-07
1.4076E-05 6.6667E-07
1.8161E-05 6.6667E-07
3.0005E-06 6.6667E-07
3.6044E-05 6.6667E-07
1.0046E-05 6.6667E-07
1.5508E-05 6.6667E-07
1.9660E-05 6.6667E-07
1.5195E-05 6.6667E-07
1.9538E-05 6.6667E-07
1.1316E-05 6.6667E-07
1.3033E-05 6.6667E-07
1.3306E-05 6.6667E-07
2.0678E-05 6.6667E-07
1.1089E-05 6.6667E-07
1.2331E-05 6.6667E-07
1.6865E-05 6.6667E-07
1.8434E-05 6.6667E-07
1.8566E-05 6.6667E-07
1.7620E-05 6.6667E-07
1.2308E-05 6.6667E-07
2.1482E-05 6.6667E-07
1.4325E-05 6.6667E-07
1.7294E-05 6.6667E-07
1.5795E-05 6.6667E-07
1.6305E-05 6.6667E-07
1.8486E-05 6.6667E-07
2.5241E-05 6.6667E-07
1.4954E-05 6.6667E-07
2.0507E-05 6.6667E-07
1.7486E-05 6.6667E-07
2.3203E-05 6.6667E-07
2.3507E-05 6.6667E-07
1.7869E-05 6.6667E-07
2.2768E-05 6.6667E-07
2.6445E-05 6.6667E-07
2.3020E-05 6.6667E-07
2.2538E-05 6.6667E-07
2.4411E-05 6.6667E-07
2.5742E-05 6.6667E-07
2.9084E-05 6.6667E-07
1.8814E-05 6.6667E-07
2.5865E-05 6.6667E-07
3.1274E-05 6.6667E-07
2.8586E-05 6.6667E-07
2.3018E-05 6.6667E-07
3.4329E-05 6.6667E-07
3.0448E-05 6.6667E-07
2.8912E-05 6.6667E-07
3.6349E-05 6.6667E-07
2.6142E-05 6.6667E-07
4.3010E-05 6.6667E-07
4.3967E-05 6.6667E-07
3.3898E-05 6.6667E-07
4.1585E-05 6.6667E-07
4.1575E-05 6.6667E-07
4.5248E-05 6.6667E-07
4.1776E-05 6.6667E-07
3.9634E-05 6.6667E-07
4.1857E-05 6.6667E-07
5.3306E-05 6.6667E-07
5.3635E-05 6.6667E-07
5.3385E-05 6.6667E-07
7.3273E-05 6.6667E-07
7.0785E-05 6.6667E-07
6.6268E-05 6.6667E-07
5.3130E-05 6.6667E-07
6.9155E-05 6.6667E-07
6.6663E-05 6.6667E-07
9.1140E-05 6.6667E-07
7.2222E-05 6.6667E-07
1.0969E-04 6.6667E-07
9.7648E-05 6.6667E-07
1.0423E-04 6.6667E-07
7.6198E-05 6.6667E-07
8.1727E-05 6.6667E-07
1.1039E-04 6.6667E-07
1.1911E-04 6.6667E-07
1.5457E-04 6.6667E-07
1.4211E-04 6.6667E-07
9.1276E-05 6.6667E-07
9.1954E-05 6.6667E-07
1.4147E-04 6.6667E-07
1.2413E-04 6.6667E-07
1.2134E-04 6.6667E-07
1.8387E-04 6.6667E-07
2.0145E-04 6.6667E-07
1.1422E-04 6.6667E-07
1.3335E-04 6.6667E-07
1.1359E-04 6.6667E-07
2.0721E-04 6.6667E-07
1.4172E-04 6.6667E-07
1.4820E-04 6.6667E-07
1.0566E-04 6.6667E-07
1.3732E-04 6.6667E-07
1.0427E-04 6.6667E-07
9.0207E-05 6.6667E-07
6.6285E-05 6.6667E-07
8.8224E-05 6.6667E-07
5.5681E-05 6.6667E-07
1.1160E-04 6.6667E-07
8.4412E-05 6.6667E-07
9.3636E-05 6.6667E-07
7.7245E-05 6.6667E-07
8.4524E-05 6.6667E-07
7.7560E-05 6.6667E-07
8.7882E-05 6.6667E-07
8.6997E-05 6.6667E-07
7.6300E-05 6.6667E-07
8.3819E-05 6.6667E-07
1.0291E-04 6.6667E-07
8.6596E-05 6.6667E-07
7.3079E-05 6.6667E-07
9.6941E-05 6.6667E-07
6.6420E-05 6.6667E-07
8.1945E-05 6.6667E-07
1.2441E-04 6.6667E-07
7.2475E-05 6.6667E-07
7.5202E-05 6.6667E-07
1.2848E-04 6.6667E-07
7.6295E-05 6.6667E-07
1.0463E-04 6.6667E-07
8.0293E-05 6.6667E-07
8.5098E-05 6.6667E-07
5.3095E-05 6.6667E-07
8.0622E-05 6.6667E-07
5.6382E-05 6.6667E-07
6.4087E-05 6.6667E-07
5.5720E-05 6.6667E-07
4.3114E-05 6.6667E-07
5.5314E-05 6.6667E-07
6.3459E-05 6.6667E-07
3.5533E-05 6.6667E-07
4.1741E-05 6.6667E-07
3.0364E-05 6.6667E-07
5.5647E-05 6.6667E-07
3.5214E-05 6.6667E-07
3.2845E-05 6.6667E-07
6.2190E-05 6.6667E-07
4.1378E-05 6.6667E-07
5.0349E-05 6.6667E-07
2.8796E-05 6.6667E-07
3.5103E-05 6.6667E-07
3.9895E-05 6.6667E-07
5.7711E-05 6.6667E-07
3.5206E-05 6.6667E-07
3.9066E-05 6.6667E-07
4.4116E-05 6.6667E-07
5.4697E-05 6.6667E-07
4.3450E-05 6.6667E-07
4.0718E-05 6.6667E-07
4.9435E-05 6.6667E-07
5.6442E-05 6.6667E-07
5.2255E-05 6.6667E-07
4.3327E-05 6.6667E-07
5.2256E-05 6.6667E-07
6.0760E-05 6.6667E-07
4.8682E-05 6.6667E-07
4.5552E-05 6.6667E-07
4.0993E-05 6.6667E-07
4.8526E-05 6.6667E-07
3.6341E-05 6.6667E-07
5.6953E-05 6.6667E-07
3.2370E-05 6.6667E-07
4.4627E-05 6.6667E-07
3.8253E-05 6.6667E-07
5.5995E-05 6.6667E-07
3.6802E-05 6.6667E-07
3.2091E-05 6.6667E-07
3.0955E-05 6.6667E-07
4.1966E-05 6.6667E-07
4.0197E-05 6.6667E-07
2.5312E-05 6.6667E-07
4.0818E-05 6.6667E-07
3.6763E-05 6.6667E-07
1.9411E-05 6.6667E-07
2.6367E-05 6.6667E-07
2.2757E-05 6.6667E-07
2.8383E-05 6.6667E-07
2.1734E-05 6.6667E-07
1.7522E-05 6.6667E-07
1.9478E-05 6.6667E-07
2.3947E-05 6.6667E-07
1.7066E-05 6.6667E-07
1.3801E-05 6.6667E-07
2.4256E-05 6.6667E-07
1.3044E-05 6.6667E-07
1.7385E-05 6.6667E-07
2.0017E-05 6.6667E-07
1.3857E-05 6.6667E-07
1.9789E-05 6.6667E-07
1.6582E-05 6.6667E-07
1.6799E-05 6.6667E-07
1.5830E-05 6.6667E-07
1.4372E-05 6.6667E-07
1.6541E-05 6.6667E-07
1.2697E-05 6.6667E-07
1.5111E-05 6.6667E-07
9.6262E-06 6.6667E-07
1.5350E-05 6.6667E-07
9.7966E-06 6.6667E-07
9.2983E-06 6.6667E-07
1.4006E-05 6.6667E-07
1.2759E-05 6.6667E-07
8.6741E-06 6.6667E-07
9.8704E-06 6.6667E-07
7.7107E-06 6.6667E-07
1.0964E-05 6.6667E-07
8.7409E-06 6.6667E-07
8.9027E-06 6.6667E-07
5.9927E-06 6.6667E-07
9.6296E-06 6.6667E-07
4.6208E-06 6.6667E-07
7.5234E-06 6.6667E-07
5.5294E-06 6.6667E-07
5.2506E-06 6.6667E-07
7.2083E-06 6.6667E-07
7.8706E-06 6.6667E-07
4.8627E-06 6.6667E-07
5.8078E-06 6.6667E-07
4.3554E-06 6.6667E-07
4.6542E-06 6.6667E-07
7.4184E-06 6.6667E-07
3.6236E-06 6.6667E-07
3.1249E-06 6.6667E-07
8.0005E-06 6.6667E-07
3.4188E-06 6.6667E-07
3.9485E-06 6.6667E-07
7.9093E-06 6.6667E-07
3.8848E-06 6.6667E-07
3.0781E-06 6.6667E-07
6.3811E-06 6.6667E-07
3.6976E-06 6.6667E-07
5.9795E-06 6.6667E-07
4.6427E-06 6.6667E-07
4.3612E-06 6.6667E-07
4.5364E-06 6.6667E-07
3.7508E-06 6.6667E-07
4.4139E-06 6.6667E-07
4.6010E-06 6.6667E-07
3.9005E-06 6.6667E-07
3.5956E-06 6.6667E-07
4.8771E-06 6.6667E-07
2.9695E-06 6.6667E-07
2.7586E-06 6.6667E-07
5.0556E-06 6.6667E-07
2.3062E-06 6.6667E-07
2.3801E-06 6.6667E-07
4.6734E-06 6.6667E-07
2.0455E-06 6.6667E-07
2.9879E-06 6.6667E-07
2.6818E-06 6.6667E-07
3.5572E-06 6.6667E-07
1.6174E-06 6.6667E-07
2.6297E-06 6.6667E-07
4.4219E-07 6.6667E-07
2.9928E-06 6.6667E-07
1.4153E-06 6.6667E-07
1.8975E-06 6.6667E-07
2.2326E-06 6.6667E-07
2.4440E-06 6.6667E-07
1.8622E-06 6.6667E-07
2.1780E-06 6.6667E-07
1.4451E-06 6.6667E-07
1.8610E-06 6.6667E-07
2.5655E-06 6.6667E-07
1.5759E-06 6.6667E-07
1.1997E-06 6.6667E-07
2.2632E-06 6.6667E-07
1.1107E-06 6.6667E-07
1.4974E-06 6.6667E-07
1.8460E-06 6.6667E-07
1.3407E-06 6.6667E-07
8.8859E-07 6.6667E-07
1.8563E-06 6.6667E-07
6.6212E-07 6.6667E-07
1.0514E-06 6.6667E-07
1.0463E-06 6.6667E-07
8.2829E-07 6.6667E-07
1.5661E-06 6.6667E-07
5.1656E-07 6.6667E-07
1.2271E-06 6.6667E-07
5.8304E-07 6.6667E-07
1.9742E-03 6.6667E-07
6.5982E-03 6.6667E-07
1.7700E-03 6.6667E-07
1.8651E-03 6.6667E-07
7.9493E-04 6.6667E-07
4.4779E-04 6.6667E-07
3.3187E-04 6.6667E-07
3.0307E-04 6.6667E-07
1.0152E-04 6.6667E-07
1.2925E-04 6.6667E-07
9.4245E-05 6.6667E-07
1.2444E-04 6.6667E-07
9.3077E-05 6.6667E-07
1.0421E-04 6.6667E-07
7.0746E-05 6.6667E-07
6.1210E-05 6.6667E-07
6.5784E-05 6.6667E-07
6.1720E-05 6.6667E-07
3.7981E-05 6.6667E-07
3.6696E-05 6.6667E-07
3.6732E-05 6.6667E-07
4.3662E-05 6.6667E-07
5.1990E-05 6.6667E-07
3.5537E-05 6.6667E-07
1.7744E-05 6.6667E-07
3.1110E-05 6.6667E-07
1.8868E-05 6.6667E-07
2.1199E-05 6.6667E-07
2.9346E-05 6.6667E-07
1.4517E-05 6.6667E-07
1.6231E-05 6.6667E-07
2.2089E-05 6.6667E-07
1.3616E-05 6.6667E-07
9.1769E-06 6.6667E-07
1.3299E-05 6.6667E-07
1.3504E-05 6.6667E-07
1.5024E-05 6.6667E-07
1.5962E-05 6.6667E-07
1.0984E-05 6.6667E-07
1.1343E-05 6.6667E-07
1.1713E-05 6.6667E-07
1.4495E-05 6.6667E-07
1.2642E-05 6.6667E-07
1.1660E-05 6.6667E-07
1.2787E-05 6.6667E-07
1.5044E-05 6.6667E-07
8.9602E-06 6.6667E-07
9.3615E-06 6.6667E-07
7.4243E-06 6.6667E-07
8.6654E-06 6.6667E-07
7.6302E-06 6.6667E-07
5.7861E-06 6.6667E-07
9.9188E-06 6.6667E-07
9.4014E-06 6.6667E-07
6.7155E-06 6.6667E-07
6.6550E-06 6.6667E-07
5.5819E-06 6.6667E-07
8.9542E-06 6.6667E-07
9.9410E-06 6.6667E-07
7.1274E-06 6.6667E-07
5.7976E-06 6.6667E-07
5.5860E-06 6.6667E-07
5.3549E-06 6.6667E-07
7.3675E-06 6.6667E-07
7.4018E-06 6.6667E-07
6.6151E-06 6.6667E-07
5.4653E-06 6.6667E-07
6.5813E-06 6.6667E-07
6.6682E-06 6.6667E-07
6.1455E-06 6.6667E-07
5.3389E-06 6.6667E-07
6.0837E-06 6.6667E-07
5.7664E-06 6.6667E-07
5.6934E-06 6.6667E-07
3.9171E-06 6.6667E-07
4.1517E-06 6.6667E-07
5.9512E-06 6.6667E-07
5.7644E-06 6.6667E-07
4.7390E-06 6.6667E-07
3.1375E-06 6.6667E-07
3.5172E-06 6.6667E-07
3.9078E-06 6.6667E-07
4.5968E-06 6.6667E-07
3.1740E-06 6.6667E-07
4.4933E-06 6.6667E-07
3.8549E-06 6.6667E-07
3.8975E-06 6.6667E-07
4.3053E-06 6.6667E-07
3.9005E-06 6.6667E-07
3.2543E-06 6.6667E-07
5.3240E-06 6.6667E-07
2.9158E-06 6.6667E-07
1.8125E-06 6.6667E-07
2.7196E-06 6.6667E-07
4.5745E-06 6.6667E-07
2.4359E-06 6.6667E-07
2.4993E-06 6.6667E-07
2.8444E-06 6.6667E-07
3.0820E-06 6.6667E-07
2.8235E-06 6.6667E-07
1.2908E-06 6.6667E-07
4.9220E-06 6.6667E-07
3.3503E-06 6.6667E-07
1.9967E-06 6.6667E-07
2.0362E-06 6.6667E-07
2.9600E-06 6.6667E-07
2.9264E-06 6.6667E-07
3.4716E-06 6.6667E-07
2.4677E-06 6.6667E-07
2.3374E-06 6.6667E-07
2.8368E-06 6.6667E-07
7.3040E-07 6.6667E-07
3.0280E-06 6.6667E-07
1.7097E-06 6.6667E-07
4.1104E-06 6.6667E-07
1.9473E-07 6.6667E-07
2.5042E-06 6.6667E-07
4.0146E-06 6.6667E-07
2.3734E-06 6.6667E-07
1.5459E-06 6.6667E-07
2.8813E-06 6.6667E-07
1.4989E-06 6.6667E-07
2.2268E-06 6.6667E-07
2.3781E-06 6.6667E-07
2.4075E-06 6.6667E-07
1.2615E-06 6.6667E-07
7.9257E-07 6.6667E-07
2.5822E-06 6.6667E-07
1.8173E-06 6.6667E-07
1.9689E-06 6.6667E-07
1.1683E-06 6.6667E-07
1.8080E-06 6.6667E-07
1.4682E-06 6.6667E-07
2.5539E-06 6.6667E-07
2.4308E-07 6.6667E-07
2.2297E-06 6.6667E-07
2.9701E-06 6.6667E-07
7.9280E-07 6.6667E-07
1.8705E-06 6.6667E-07
8.4743E-07 6.6667E-07
1.6896E-06 6.6667E-07
2.2275E-06 6.6667E-07
2.2242E-06 6.6667E-07
1.8014E-06 6.6667E-07
1.0466E-06 6.6667E-07
1.7859E-06 6.6667E-07
5.7369E-07 6.6667E-07
2.1206E-06 6.6667E-07
2.2276E-07 6.6667E-07
2.6070E-06 6.6667E-07
1.1722E-06 6.6667E-07
8.7751E-07 6.6667E-07
1.7078E-06 6.6667E-07
1.4695E-06 6.6667E-07
1.0022E-06 6.6667E-07
1.1149E-06 6.6667E-07
6.8889E-07 6.6667E-07
1.9082E-06 6.6667E-07
2.5425E-07 6.6667E-07
1.2921E-06 6.6667E-07
1.7314E-06 6.6667E-07
4.4034E-07 6.6667E-07
1.9315E-06 6.6667E-07
6.8317E-07 6.6667E-07
1.2708E-06 6.6667E-07
3.1326E-07 6.6667E-07
