RMS Step   Target
2.8315E-04 8.0000E-04
2.8315E-03 8.0000E-04
5.6631E-03 8.0000E-04
7.0789E-03 8.0000E-04
7.0789E-03 8.0000E-04
7.0789E-03 8.0000E-04
7.0789E-03 8.0000E-04
7.0789E-03 8.0000E-04
7.0789E-03 8.0000E-04
7.0789E-03 8.0000E-04
7.0789E-03 8.0000E-04
7.0789E-03 8.0000E-04
7.0789E-03 8.0000E-04
7.0789E-03 8.0000E-04
7.0789E-03 8.0000E-04
7.0789E-03 8.0000E-04
7.0789E-03 8.0000E-04
7.0789E-03 8.0000E-04
7.0789E-03 8.0000E-04
7.0789E-03 8.0000E-04
7.0789E-03 8.0000E-04
7.0789E-03 8.0000E-04
7.0789E-03 8.0000E-04
7.0789E-03 8.0000E-04
7.0789E-03 8.0000E-04
7.0789E-03 8.0000E-04
7.0789E-03 8.0000E-04
7.0789E-03 8.0000E-04
7.0789E-03 8.0000E-04
7.0789E-03 8.0000E-04
7.0789E-03 8.0000E-04
7.0789E-03 8.0000E-04
7.0789E-03 8.0000E-04
7.0789E-03 8.0000E-04
7.0789E-03 8.0000E-04
7.0789E-03 8.0000E-04
7.0789E-03 8.0000E-04
7.0789E-03 8.0000E-04
7.0789E-03 8.0000E-04
7.0789E-03 8.0000E-04
7.0789E-03 8.0000E-04
7.0789E-03 8.0000E-04
7.0789E-03 8.0000E-04
7.0789E-03 8.0000E-04
7.0789E-03 8.0000E-04
7.0789E-03 8.0000E-04
7.0789E-03 8.0000E-04
7.0789E-03 8.0000E-04
7.0789E-03 8.0000E-04
7.0789E-03 8.0000E-04
7.0789E-03 8.0000E-04
7.0789E-03 8.0000E-04
7.0789E-03 8.0000E-04
7.0789E-03 8.0000E-04
7.0789E-03 8.0000E-04
7.0789E-03 8.0000E-04
7.0789E-03 8.0000E-04
7.0789E-03 8.0000E-04
7.0789E-03 8.0000E-04
7.0789E-03 8.0000E-04
7.0789E-03 8.0000E-04
7.0789E-03 8.0000E-04
7.0789E-03 8.0000E-04
7.0789E-03 8.0000E-04
7.0789E-03 8.0000E-04
7.0789E-03 8.0000E-04
7.0789E-03 8.0000E-04
7.0789E-03 8.0000E-04
7.0789E-03 8.0000E-04
7.0789E-03 8.0000E-04
7.0789E-03 8.0000E-04
7.0789E-03 8.0000E-04
7.0789E-03 8.0000E-04
7.0789E-03 8.0000E-04
7.0789E-03 8.0000E-04
7.0789E-03 8.0000E-04
7.0789E-03 8.0000E-04
7.0789E-03 8.0000E-04
7.0789E-03 8.0000E-04
7.0789E-03 8.0000E-04
7.0789E-03 8.0000E-04
7.0789E-03 8.0000E-04
7.0789E-03 8.0000E-04
7.0789E-03 8.0000E-04
7.0789E-03 8.0000E-04
7.0789E-03 8.0000E-04
7.0789E-03 8.0000E-04
7.0789E-03 8.0000E-04
7.0789E-03 8.0000E-04
7.0789E-03 8.0000E-04
7.0789E-03 8.0000E-04
7.0789E-03 8.0000E-04
7.0789E-03 8.0000E-04
7.0789E-03 8.0000E-04
7.0789E-03 8.0000E-04
7.0789E-03 8.0000E-04
7.0789E-03 8.0000E-04
7.0789E-03 8.0000E-04
7.0789E-03 8.0000E-04
7.0789E-03 8.0000E-04
7.0789E-03 8.0000E-04
7.0789E-03 8.0000E-04
7.0789E-03 8.0000E-04
7.0789E-03 8.0000E-04
7.0789E-03 8.0000E-04
7.0789E-03 8.0000E-04
7.0789E-03 8.0000E-04
7.0789E-03 8.0000E-04
7.0789E-03 8.0000E-04
7.0789E-03 8.0000E-04
7.0789E-03 8.0000E-04
7.0789E-03 8.0000E-04
7.0789E-03 8.0000E-04
7.0789E-03 8.0000E-04
7.0789E-03 8.0000E-04
7.0789E-03 8.0000E-04
7.0789E-03 8.0000E-04
7.0789E-03 8.0000E-04
7.0789E-03 8.0000E-04
7.0789E-03 8.0000E-04
7.0789E-03 8.0000E-04
7.0789E-03 8.0000E-04
7.0789E-03 8.0000E-04
7.0789E-03 8.0000E-04
7.0789E-03 8.0000E-04
7.0789E-03 8.0000E-04
7.0789E-03 8.0000E-04
7.0789E-03 8.0000E-04
7.0789E-03 8.0000E-04
7.0789E-03 8.0000E-04
7.0789E-03 8.0000E-04
7.0789E-03 8.0000E-04
7.0789E-03 8.0000E-04
7.0789E-03 8.0000E-04
7.0789E-03 8.0000E-04
7.0789E-03 8.0000E-04
7.0789E-03 8.0000E-04
7.0789E-03 8.0000E-04
7.0789E-03 8.0000E-04
7.0789E-03 8.0000E-04
7.0789E-03 8.0000E-04
7.0789E-03 8.0000E-04
7.0789E-03 8.0000E-04
7.0789E-03 8.0000E-04
7.0789E-03 8.0000E-04
7.0789E-03 8.0000E-04
7.0789E-03 8.0000E-04
7.0789E-03 8.0000E-04
7.0789E-03 8.0000E-04
7.0789E-03 8.0000E-04
7.0789E-03 8.0000E-04
7.0789E-03 8.0000E-04
7.0789E-03 8.0000E-04
7.0789E-03 8.0000E-04
7.0789E-03 8.0000E-04
7.0789E-03 8.0000E-04
7.0789E-03 8.0000E-04
5.5814E-03 8.0000E-04
7.0789E-03 8.0000E-04
7.0789E-03 8.0000E-04
7.0789E-03 8.0000E-04
7.0789E-03 8.0000E-04
7.0789E-03 8.0000E-04
3.3517E-03 8.0000E-04
7.0789E-03 8.0000E-04
6.2304E-03 8.0000E-04
7.0789E-03 8.0000E-04
7.0789E-03 8.0000E-04
7.0789E-03 8.0000E-04
7.0789E-03 8.0000E-04
7.0789E-03 8.0000E-04
7.0789E-03 8.0000E-04
7.0789E-03 8.0000E-04
7.0789E-03 8.0000E-04
7.0789E-03 8.0000E-04
7.0789E-03 8.0000E-04
7.0789E-03 8.0000E-04
6.0350E-03 8.0000E-04
7.0789E-03 8.0000E-04
7.0789E-03 8.0000E-04
7.0789E-03 8.0000E-04
7.0789E-03 8.0000E-04
7.0789E-03 8.0000E-04
7.0789E-03 8.0000E-04
7.0789E-03 8.0000E-04
7.0789E-03 8.0000E-04
7.0789E-03 8.0000E-04
7.0789E-03 8.0000E-04
7.0789E-03 8.0000E-04
7.0789E-03 8.0000E-04
5.8700E-03 8.0000E-04
7.0789E-03 8.0000E-04
6.0365E-03 8.0000E-04
7.0789E-03 8.0000E-04
7.0789E-03 8.0000E-04
7.0789E-03 8.0000E-04
7.0789E-03 8.0000E-04
7.0789E-03 8.0000E-04
7.0789E-03 8.0000E-04
7.0789E-03 8.0000E-04
7.0789E-03 8.0000E-04
7.0789E-03 8.0000E-04
7.0789E-03 8.0000E-04
7.0789E-03 8.0000E-04
7.0789E-03 8.0000E-04
7.0789E-03 8.0000E-04
7.0789E-03 8.0000E-04
7.0789E-03 8.0000E-04
7.0789E-03 8.0000E-04
7.0789E-03 8.0000E-04
4.8495E-03 8.0000E-04
3.4845E-03 8.0000E-04
4.1390E-03 8.0000E-04
7.0789E-03 8.0000E-04
7.0789E-03 8.0000E-04
7.0789E-03 8.0000E-04
7.0789E-03 8.0000E-04
7.0789E-03 8.0000E-04
7.0789E-03 8.0000E-04
7.0789E-03 8.0000E-04
7.0789E-03 8.0000E-04
7.0789E-03 8.0000E-04
7.0789E-03 8.0000E-04
7.0789E-03 8.0000E-04
6.0505E-03 8.0000E-04
7.0789E-03 8.0000E-04
2.5799E-03 8.0000E-04
2.1626E-03 8.0000E-04
7.0789E-03 8.0000E-04
7.0789E-03 8.0000E-04
7.0789E-03 8.0000E-04
7.0789E-03 8.0000E-04
7.0789E-03 8.0000E-04
7.0050E-03 8.0000E-04
7.0789E-03 8.0000E-04
4.0830E-03 8.0000E-04
7.0150E-03 8.0000E-04
2.8462E-03 8.0000E-04
3.0830E-03 8.0000E-04
7.0789E-03 8.0000E-04
7.0789E-03 8.0000E-04
7.0789E-03 8.0000E-04
7.0789E-03 8.0000E-04
7.0789E-03 8.0000E-04
7.0789E-03 8.0000E-04
7.0789E-03 8.0000E-04
5.7593E-03 8.0000E-04
7.0789E-03 8.0000E-04
3.1676E-03 8.0000E-04
5.3028E-03 8.0000E-04
5.2456E-03 8.0000E-04
6.3717E-03 8.0000E-04
7.0789E-03 8.0000E-04
7.0789E-03 8.0000E-04
7.0789E-03 8.0000E-04
7.0789E-03 8.0000E-04
7.0789E-03 8.0000E-04
4.5872E-03 8.0000E-04
7.0789E-03 8.0000E-04
4.7694E-03 8.0000E-04
5.0757E-03 8.0000E-04
2.5099E-03 8.0000E-04
5.0994E-03 8.0000E-04
7.0789E-03 8.0000E-04
7.0789E-03 8.0000E-04
5.1122E-03 8.0000E-04
5.6997E-03 8.0000E-04
2.1456E-03 8.0000E-04
4.5898E-03 8.0000E-04
5.5517E-03 8.0000E-04
6.8412E-03 8.0000E-04
1.6840E-03 8.0000E-04
4.3918E-03 8.0000E-04
5.2019E-03 8.0000E-04
6.5353E-03 8.0000E-04
3.7167E-03 8.0000E-04
5.0396E-03 8.0000E-04
5.3708E-03 8.0000E-04
5.7211E-03 8.0000E-04
4.6559E-03 8.0000E-04
4.8233E-03 8.0000E-04
3.1038E-03 8.0000E-04
7.0789E-03 8.0000E-04
3.9272E-03 8.0000E-04
3.8980E-03 8.0000E-04
6.6023E-03 8.0000E-04
7.0789E-03 8.0000E-04
3.1533E-03 8.0000E-04
2.9159E-03 8.0000E-04
3.5321E-03 8.0000E-04
5.4225E-03 8.0000E-04
2.2573E-03 8.0000E-04
3.2895E-03 8.0000E-04
3.7272E-03 8.0000E-04
7.0789E-03 8.0000E-04
3.1640E-03 8.0000E-04
3.6605E-03 8.0000E-04
3.9888E-03 8.0000E-04
7.0789E-03 8.0000E-04
1.7022E-03 8.0000E-04
4.8876E-03 8.0000E-04
2.2717E-03 8.0000E-04
6.4763E-03 8.0000E-04
7.0789E-03 8.0000E-04
2.6047E-03 8.0000E-04
3.2932E-03 8.0000E-04
6.1846E-03 8.0000E-04
3.8996E-03 8.0000E-04
1.5667E-03 8.0000E-04
5.0083E-03 8.0000E-04
4.1157E-03 8.0000E-04
3.1884E-03 8.0000E-04
2.7432E-03 8.0000E-04
3.4869E-03 8.0000E-04
3.0424E-03 8.0000E-04
6.1850E-03 8.0000E-04
1.4325E-03 8.0000E-04
1.8997E-03 8.0000E-04
2.4330E-03 8.0000E-04
7.0789E-03 8.0000E-04
1.1259E-03 8.0000E-04
2.2248E-03 8.0000E-04
2.4517E-03 8.0000E-04
7.0789E-03 8.0000E-04
1.0626E-03 8.0000E-04
2.4057E-03 8.0000E-04
2.6885E-03 8.0000E-04
7.0789E-03 8.0000E-04
5.5320E-03 8.0000E-04
4.6656E-03 8.0000E-04
5.2884E-03 8.0000E-04
4.8039E-03 8.0000E-04
3.8474E-03 8.0000E-04
7.0789E-03 8.0000E-04
5.8591E-03 8.0000E-04
7.0789E-03 8.0000E-04
4.6614E-03 8.0000E-04
7.0789E-03 8.0000E-04
1.8232E-03 8.0000E-04
5.0271E-03 8.0000E-04
5.0079E-03 8.0000E-04
3.1195E-03 8.0000E-04
6.1204E-03 8.0000E-04
6.6237E-03 8.0000E-04
1.4879E-03 8.0000E-04
7.0789E-03 8.0000E-04
4.8725E-03 8.0000E-04
4.0364E-03 8.0000E-04
6.6592E-03 8.0000E-04
2.3827E-03 8.0000E-04
6.9093E-03 8.0000E-04
3.2430E-03 8.0000E-04
2.0757E-03 8.0000E-04
6.0321E-03 8.0000E-04
4.7362E-03 8.0000E-04
2.8512E-03 8.0000E-04
3.7094E-03 8.0000E-04
3.2318E-03 8.0000E-04
4.7754E-03 8.0000E-04
7.0789E-03 8.0000E-04
3.5659E-03 8.0000E-04
5.7886E-03 8.0000E-04
1.3692E-03 8.0000E-04
5.4904E-03 8.0000E-04
5.0394E-03 8.0000E-04
6.4848E-03 8.0000E-04
4.6425E-03 8.0000E-04
3.4252E-03 8.0000E-04
4.0347E-03 8.0000E-04
4.0367E-03 8.0000E-04
5.1816E-03 8.0000E-04
2.6353E-03 8.0000E-04
4.9924E-03 8.0000E-04
2.7457E-03 8.0000E-04
4.6667E-03 8.0000E-04
3.9978E-03 8.0000E-04
2.4453E-03 8.0000E-04
5.1977E-03 8.0000E-04
4.0107E-03 8.0000E-04
1.5597E-03 8.0000E-04
5.3777E-03 8.0000E-04
2.8025E-03 8.0000E-04
3.0332E-03 8.0000E-04
4.9171E-03 8.0000E-04
6.1042E-03 8.0000E-04
2.6090E-03 8.0000E-04
2.4691E-03 8.0000E-04
3.7138E-03 8.0000E-04
6.8067E-03 8.0000E-04
6.1257E-03 8.0000E-04
2.5772E-03 8.0000E-04
4.1375E-03 8.0000E-04
2.8234E-03 8.0000E-04
2.0802E-03 8.0000E-04
5.0431E-03 8.0000E-04
5.8230E-03 8.0000E-04
5.5071E-04 8.0000E-04
3.0367E-03 8.0000E-04
2.2618E-03 8.0000E-04
7.0789E-03 8.0000E-04
2.7377E-03 8.0000E-04
2.9869E-03 8.0000E-04
2.4145E-03 8.0000E-04
3.7737E-03 8.0000E-04
3.3099E-03 8.0000E-04
2.5128E-03 8.0000E-04
4.8370E-03 8.0000E-04
3.1894E-03 8.0000E-04
3.1333E-03 8.0000E-04
2.3227E-03 8.0000E-04
3.1285E-03 8.0000E-04
1.7591E-03 8.0000E-04
6.0384E-03 8.0000E-04
1.6684E-03 8.0000E-04
2.0470E-03 8.0000E-04
4.5933E-03 8.0000E-04
6.1061E-03 8.0000E-04
1.6904E-03 8.0000E-04
1.9703E-03 8.0000E-04
1.6998E-03 8.0000E-04
6.6056E-03 8.0000E-04
3.0330E-03 8.0000E-04
2.1345E-03 8.0000E-04
3.9427E-03 8.0000E-04
3.9897E-03 8.0000E-04
2.1922E-03 8.0000E-04
1.9853E-03 8.0000E-04
2.8654E-03 8.0000E-04
4.3934E-03 8.0000E-04
4.5048E-03 8.0000E-04
1.0203E-03 8.0000E-04
5.6894E-03 8.0000E-04
3.3558E-03 8.0000E-04
4.9293E-03 8.0000E-04
2.2419E-03 8.0000E-04
2.6360E-03 8.0000E-04
3.1715E-03 8.0000E-04
3.7800E-03 8.0000E-04
1.2228E-03 8.0000E-04
3.6506E-03 8.0000E-04
3.4199E-03 8.0000E-04
3.9837E-03 8.0000E-04
3.5422E-03 8.0000E-04
3.3103E-03 8.0000E-04
1.7414E-03 8.0000E-04
4.8422E-03 8.0000E-04
1.6732E-03 8.0000E-04
3.2405E-03 8.0000E-04
2.4977E-03 8.0000E-04
5.9627E-03 8.0000E-04
3.1119E-03 8.0000E-04
2.2492E-03 8.0000E-04
3.6884E-03 8.0000E-04
3.5313E-03 8.0000E-04
2.0633E-03 8.0000E-04
3.0204E-03 8.0000E-04
3.2177E-03 8.0000E-04
3.8900E-03 8.0000E-04
3.9434E-03 8.0000E-04
5.7311E-03 8.0000E-04
1.2522E-03 8.0000E-04
4.5265E-03 8.0000E-04
4.7630E-03 8.0000E-04
5.2166E-03 8.0000E-04
3.5815E-03 8.0000E-04
4.1176E-03 8.0000E-04
3.9840E-03 8.0000E-04
5.0839E-03 8.0000E-04
4.1841E-03 8.0000E-04
6.5130E-03 8.0000E-04
2.1485E-03 8.0000E-04
7.0789E-03 8.0000E-04
2.5087E-03 8.0000E-04
5.6795E-03 8.0000E-04
4.3103E-03 8.0000E-04
6.2462E-03 8.0000E-04
3.9723E-03 8.0000E-04
1.8262E-03 8.0000E-04
4.8938E-03 8.0000E-04
2.9399E-03 8.0000E-04
2.5826E-03 8.0000E-04
7.0789E-03 8.0000E-04
3.3662E-03 8.0000E-04
4.4047E-03 8.0000E-04
2.2690E-03 8.0000E-04
3.6101E-03 8.0000E-04
4.4390E-03 8.0000E-04
2.6054E-03 8.0000E-04
2.2932E-03 8.0000E-04
4.1567E-03 8.0000E-04
6.4116E-03 8.0000E-04
2.6709E-03 8.0000E-04
1.1378E-03 8.0000E-04
3.6340E-03 8.0000E-04
2.6969E-03 8.0000E-04
3.4094E-03 8.0000E-04
7.0789E-03 8.0000E-04
2.9459E-03 8.0000E-04
6.5765E-03 8.0000E-04
4.1655E-03 8.0000E-04
1.1841E-03 8.0000E-04
4.9182E-03 8.0000E-04
2.3863E-03 8.0000E-04
1.9497E-03 8.0000E-04
4.5998E-03 8.0000E-04
6.8797E-03 8.0000E-04
2.6561E-03 8.0000E-04
5.5367E-03 8.0000E-04
2.7322E-03 8.0000E-04
4.6477E-03 8.0000E-04
6.3114E-03 8.0000E-04
2.4933E-03 8.0000E-04
3.3714E-03 8.0000E-04
2.2492E-03 8.0000E-04
5.7408E-03 8.0000E-04
2.8076E-03 8.0000E-04
3.1274E-03 8.0000E-04
4.5052E-03 8.0000E-04
5.5068E-03 8.0000E-04
4.3457E-03 8.0000E-04
6.0319E-03 8.0000E-04
2.7632E-03 8.0000E-04
3.3435E-03 8.0000E-04
3.1592E-03 8.0000E-04
5.3911E-03 8.0000E-04
4.7896E-03 8.0000E-04
8.6322E-04 8.0000E-04
1.9938E-03 8.0000E-04
1.4525E-03 8.0000E-04
6.1163E-03 8.0000E-04
1.4385E-03 8.0000E-04
1.3406E-03 8.0000E-04
2.5172E-03 8.0000E-04
4.5852E-03 8.0000E-04
1.1026E-03 8.0000E-04
2.8173E-03 8.0000E-04
2.0186E-03 8.0000E-04
3.8646E-03 8.0000E-04
4.9189E-03 8.0000E-04
1.9159E-03 8.0000E-04
1.2903E-03 8.0000E-04
3.7582E-03 8.0000E-04
2.9531E-03 8.0000E-04
1.3350E-03 8.0000E-04
3.3881E-03 8.0000E-04
2.2097E-03 8.0000E-04
2.8447E-03 8.0000E-04
4.4444E-03 8.0000E-04
3.4533E-03 8.0000E-04
9.5538E-04 8.0000E-04
4.5104E-03 8.0000E-04
1.3940E-03 8.0000E-04
1.9752E-03 8.0000E-04
5.5199E-03 8.0000E-04
3.8327E-03 8.0000E-04
8.2195E-04 8.0000E-04
3.5183E-03 8.0000E-04
1.7338E-03 8.0000E-04
3.6375E-03 8.0000E-04
6.0904E-03 8.0000E-04
1.9942E-03 8.0000E-04
8.1914E-04 8.0000E-04
3.6218E-03 8.0000E-04
3.7363E-03 8.0000E-04
1.3244E-03 8.0000E-04
2.8889E-03 8.0000E-04
3.0290E-03 8.0000E-04
6.3271E-03 8.0000E-04
4.0836E-03 8.0000E-04
2.5793E-03 8.0000E-04
3.7883E-03 8.0000E-04
2.1653E-03 8.0000E-04
5.3142E-03 8.0000E-04
3.4519E-03 8.0000E-04
2.2467E-03 8.0000E-04
2.4968E-03 8.0000E-04
3.6309E-03 8.0000E-04
3.4179E-03 8.0000E-04
3.9679E-03 8.0000E-04
4.1831E-03 8.0000E-04
1.9538E-03 8.0000E-04
5.0966E-03 8.0000E-04
2.5302E-03 8.0000E-04
7.0789E-03 8.0000E-04
1.6075E-03 8.0000E-04
2.1316E-03 8.0000E-04
4.7513E-03 8.0000E-04
7.0789E-03 8.0000E-04
1.3454E-03 8.0000E-04
4.8070E-03 8.0000E-04
2.1874E-03 8.0000E-04
2.8008E-03 8.0000E-04
7.0789E-03 8.0000E-04
2.0824E-03 8.0000E-04
9.9438E-04 8.0000E-04
3.4335E-03 8.0000E-04
1.7202E-03 8.0000E-04
1.9780E-03 8.0000E-04
2.7400E-03 8.0000E-04
1.2270E-03 8.0000E-04
8.7637E-04 8.0000E-04
2.5837E-03 8.0000E-04
1.8701E-03 8.0000E-04
8.1496E-04 8.0000E-04
3.1607E-03 8.0000E-04
2.7281E-03 8.0000E-04
7.5309E-04 8.0000E-04
3.1937E-03 8.0000E-04
1.9661E-03 8.0000E-04
1.8558E-03 8.0000E-04
5.9682E-03 8.0000E-04
1.7494E-03 8.0000E-04
2.5038E-03 8.0000E-04
4.7805E-03 8.0000E-04
1.7340E-03 8.0000E-04
9.4218E-04 8.0000E-04
3.1657E-03 8.0000E-04
2.7723E-03 8.0000E-04
8.6895E-04 8.0000E-04
1.2856E-03 8.0000E-04
9.7838E-04 8.0000E-04
4.0378E-03 8.0000E-04
1.5527E-03 8.0000E-04
5.9169E-04 8.0000E-04
2.0717E-03 8.0000E-04
9.8544E-04 8.0000E-04
2.5187E-03 8.0000E-04
2.8614E-03 8.0000E-04
9.6997E-04 8.0000E-04
1.5600E-03 8.0000E-04
2.7111E-03 8.0000E-04
2.1711E-03 8.0000E-04
2.3001E-03 8.0000E-04
3.4112E-03 8.0000E-04
2.9598E-03 8.0000E-04
2.8375E-03 8.0000E-04
2.9110E-03 8.0000E-04
1.4775E-03 8.0000E-04
4.4326E-03 8.0000E-04
1.6621E-03 8.0000E-04
4.0165E-03 8.0000E-04
2.4770E-03 8.0000E-04
4.4485E-03 8.0000E-04
3.7710E-03 8.0000E-04
1.3745E-03 8.0000E-04
2.9579E-03 8.0000E-04
3.7242E-03 8.0000E-04
4.7061E-03 8.0000E-04
3.8305E-03 8.0000E-04
5.1611E-03 8.0000E-04
2.4500E-03 8.0000E-04
6.3985E-03 8.0000E-04
2.8367E-03 8.0000E-04
2.2289E-03 8.0000E-04
2.7391E-03 8.0000E-04
3.7249E-03 8.0000E-04
5.7317E-03 8.0000E-04
2.2855E-03 8.0000E-04
2.3512E-03 8.0000E-04
4.5367E-03 8.0000E-04
3.8532E-03 8.0000E-04
6.1049E-03 8.0000E-04
2.5731E-03 8.0000E-04
3.1855E-03 8.0000E-04
2.0747E-03 8.0000E-04
6.8157E-03 8.0000E-04
3.8976E-03 8.0000E-04
9.9179E-04 8.0000E-04
6.5848E-03 8.0000E-04
1.5759E-03 8.0000E-04
3.7233E-03 8.0000E-04
6.3667E-03 8.0000E-04
2.5267E-03 8.0000E-04
1.0800E-03 8.0000E-04
5.4370E-03 8.0000E-04
1.4676E-03 8.0000E-04
4.2510E-03 8.0000E-04
5.5011E-03 8.0000E-04
6.2503E-03 8.0000E-04
2.1199E-03 8.0000E-04
3.0589E-03 8.0000E-04
3.6395E-03 8.0000E-04
4.1423E-03 8.0000E-04
6.3083E-03 8.0000E-04
1.9420E-03 8.0000E-04
1.1963E-03 8.0000E-04
2.0604E-03 8.0000E-04
4.4259E-03 8.0000E-04
9.8762E-04 8.0000E-04
3.0606E-03 8.0000E-04
1.5360E-03 8.0000E-04
3.1660E-03 8.0000E-04
4.2410E-03 8.0000E-04
1.9305E-03 8.0000E-04
9.6162E-04 8.0000E-04
2.1990E-03 8.0000E-04
2.0391E-03 8.0000E-04
1.8917E-03 8.0000E-04
3.2267E-03 8.0000E-04
2.7672E-03 8.0000E-04
1.4127E-03 8.0000E-04
2.6187E-03 8.0000E-04
2.1901E-03 8.0000E-04
2.4315E-03 8.0000E-04
3.3265E-03 8.0000E-04
3.1210E-03 8.0000E-04
9.9454E-04 8.0000E-04
3.9337E-03 8.0000E-04
1.7594E-03 8.0000E-04
2.2327E-03 8.0000E-04
5.2895E-03 8.0000E-04
3.5187E-03 8.0000E-04
9.8159E-04 8.0000E-04
2.2008E-03 8.0000E-04
1.4331E-03 8.0000E-04
4.9764E-03 8.0000E-04
4.0844E-03 8.0000E-04
1.6378E-03 8.0000E-04
3.1200E-03 8.0000E-04
3.5549E-03 8.0000E-04
1.0466E-03 8.0000E-04
3.5072E-03 8.0000E-04
1.5510E-03 8.0000E-04
2.9381E-03 8.0000E-04
5.2237E-03 8.0000E-04
1.9856E-03 8.0000E-04
1.1619E-03 8.0000E-04
3.2688E-03 8.0000E-04
3.8647E-03 8.0000E-04
4.3417E-03 8.0000E-04
2.2890E-03 8.0000E-04
1.1461E-03 8.0000E-04
3.0742E-03 8.0000E-04
2.2808E-03 8.0000E-04
3.7619E-03 8.0000E-04
1.4470E-03 8.0000E-04
3.3935E-03 8.0000E-04
2.6477E-03 8.0000E-04
2.3426E-03 8.0000E-04
2.1879E-03 8.0000E-04
1.6137E-03 8.0000E-04
2.4882E-03 8.0000E-04
3.0390E-03 8.0000E-04
1.8363E-03 8.0000E-04
2.4313E-03 8.0000E-04
2.0352E-03 8.0000E-04
2.8162E-03 8.0000E-04
1.4491E-03 8.0000E-04
3.4001E-03 8.0000E-04
1.7301E-03 8.0000E-04
2.8314E-03 8.0000E-04
3.3064E-03 8.0000E-04
2.4605E-03 8.0000E-04
1.5956E-03 8.0000E-04
2.2726E-03 8.0000E-04
1.8855E-03 8.0000E-04
1.5633E-03 8.0000E-04
2.2474E-03 8.0000E-04
2.3118E-03 8.0000E-04
9.7012E-04 8.0000E-04
2.5074E-03 8.0000E-04
1.4753E-03 8.0000E-04
2.3644E-03 8.0000E-04
2.2148E-03 8.0000E-04
2.4017E-03 8.0000E-04
7.6226E-04 8.0000E-04
2.8787E-03 8.0000E-04
2.6364E-03 8.0000E-04
1.1703E-03 8.0000E-04
2.0767E-03 8.0000E-04
1.8628E-03 8.0000E-04
4.6932E-03 8.0000E-04
2.0552E-03 8.0000E-04
6.1263E-04 8.0000E-04
2.8973E-03 8.0000E-04
2.9417E-03 8.0000E-04
2.7435E-03 8.0000E-04
2.9504E-03 8.0000E-04
1.8680E-03 8.0000E-04
4.6668E-03 8.0000E-04
2.8248E-03 8.0000E-04
1.0700E-03 8.0000E-04
4.5911E-03 8.0000E-04
1.5802E-03 8.0000E-04
3.9487E-03 8.0000E-04
4.8236E-03 8.0000E-04
2.8050E-03 8.0000E-04
1.4362E-03 8.0000E-04
4.8188E-03 8.0000E-04
1.2563E-03 8.0000E-04
9.3544E-04 8.0000E-04
4.7053E-03 8.0000E-04
3.9169E-03 8.0000E-04
8.7895E-04 8.0000E-04
2.2564E-03 8.0000E-04
1.6316E-03 8.0000E-04
4.8356E-03 8.0000E-04
1.2646E-03 8.0000E-04
1.7887E-03 8.0000E-04
2.0262E-03 8.0000E-04
5.6391E-03 8.0000E-04
6.3805E-04 8.0000E-04
2.0315E-03 8.0000E-04
1.9965E-03 8.0000E-04
2.8163E-03 8.0000E-04
2.9267E-03 8.0000E-04
2.1203E-03 8.0000E-04
6.4143E-04 8.0000E-04
2.4422E-03 8.0000E-04
1.1651E-03 8.0000E-04
1.1947E-03 8.0000E-04
3.1841E-03 8.0000E-04
3.4397E-03 8.0000E-04
1.4208E-03 8.0000E-04
1.9292E-03 8.0000E-04
1.3516E-03 8.0000E-04
1.9646E-03 8.0000E-04
4.2223E-03 8.0000E-04
1.2625E-03 8.0000E-04
4.3826E-04 8.0000E-04
1.5410E-03 8.0000E-04
2.2565E-03 8.0000E-04
1.0276E-03 8.0000E-04
1.9532E-03 8.0000E-04
1.4125E-03 8.0000E-04
3.6849E-03 8.0000E-04
1.4864E-03 8.0000E-04
1.7235E-03 8.0000E-04
1.5627E-03 8.0000E-04
2.9907E-03 8.0000E-04
1.5562E-03 8.0000E-04
1.5707E-03 8.0000E-04
2.2439E-03 8.0000E-04
2.1156E-03 8.0000E-04
2.4215E-03 8.0000E-04
2.9627E-03 8.0000E-04
6.3174E-04 8.0000E-04
3.4984E-03 8.0000E-04
1.8696E-03 8.0000E-04
1.5094E-03 8.0000E-04
3.0179E-03 8.0000E-04
1.5012E-03 8.0000E-04
3.1213E-03 8.0000E-04
1.9474E-03 8.0000E-04
5.1849E-04 8.0000E-04
3.6681E-03 8.0000E-04
1.3513E-03 8.0000E-04
1.7048E-03 8.0000E-04
2.9735E-03 8.0000E-04
1.3300E-03 8.0000E-04
3.3244E-03 8.0000E-04
2.3942E-03 8.0000E-04
1.8740E-03 8.0000E-04
1.1158E-03 8.0000E-04
4.9015E-03 8.0000E-04
1.7112E-03 8.0000E-04
9.2411E-04 8.0000E-04
2.8911E-03 8.0000E-04
4.3874E-03 8.0000E-04
1.7440E-03 8.0000E-04
1.0791E-03 8.0000E-04
2.6302E-03 8.0000E-04
2.6963E-03 8.0000E-04
3.9808E-03 8.0000E-04
1.5647E-03 8.0000E-04
2.5898E-03 8.0000E-04
3.8323E-03 8.0000E-04
1.6217E-03 8.0000E-04
7.0789E-03 8.0000E-04
2.4853E-03 8.0000E-04
8.3476E-04 8.0000E-04
5.4670E-03 8.0000E-04
5.1572E-03 8.0000E-04
4.7601E-03 8.0000E-04
2.9145E-03 8.0000E-04
5.3559E-03 8.0000E-04
2.1699E-03 8.0000E-04
2.2774E-03 8.0000E-04
2.7867E-03 8.0000E-04
3.4576E-03 8.0000E-04
3.4096E-03 8.0000E-04
4.3784E-03 8.0000E-04
1.6863E-03 8.0000E-04
3.7505E-03 8.0000E-04
2.5252E-03 8.0000E-04
3.4998E-03 8.0000E-04
8.4205E-04 8.0000E-04
1.5841E-03 8.0000E-04
2.8864E-03 8.0000E-04
2.1522E-03 8.0000E-04
1.9100E-03 8.0000E-04
1.5892E-03 8.0000E-04
4.5673E-03 8.0000E-04
2.3645E-03 8.0000E-04
1.4646E-03 8.0000E-04
8.7497E-04 8.0000E-04
1.6388E-03 8.0000E-04
2.1405E-03 8.0000E-04
2.1094E-03 8.0000E-04
8.4983E-04 8.0000E-04
1.4907E-03 8.0000E-04
1.5537E-03 8.0000E-04
1.3608E-03 8.0000E-04
1.4595E-03 8.0000E-04
1.5062E-03 8.0000E-04
1.2228E-03 8.0000E-04
3.0049E-03 8.0000E-04
1.0001E-03 8.0000E-04
1.2456E-03 8.0000E-04
1.8685E-03 8.0000E-04
3.5096E-03 8.0000E-04
1.1075E-03 8.0000E-04
2.0446E-03 8.0000E-04
2.2953E-03 8.0000E-04
3.2432E-03 8.0000E-04
2.0296E-03 8.0000E-04
6.4388E-04 8.0000E-04
1.2642E-03 8.0000E-04
1.5003E-03 8.0000E-04
2.5691E-03 8.0000E-04
1.0458E-03 8.0000E-04
8.9376E-04 8.0000E-04
8.4326E-04 8.0000E-04
2.1058E-03 8.0000E-04
6.9637E-04 8.0000E-04
5.8891E-04 8.0000E-04
9.4367E-04 8.0000E-04
1.8766E-03 8.0000E-04
4.1786E-04 8.0000E-04
6.8814E-04 8.0000E-04
8.0278E-04 8.0000E-04
2.0932E-03 8.0000E-04
1.1227E-03 8.0000E-04
4.9996E-04 8.0000E-04
9.8218E-04 8.0000E-04
1.5868E-03 8.0000E-04
8.6025E-04 8.0000E-04
1.6111E-03 8.0000E-04
9.8977E-04 8.0000E-04
1.5870E-03 8.0000E-04
2.3525E-03 8.0000E-04
8.7219E-04 8.0000E-04
3.0591E-04 8.0000E-04
9.2594E-04 8.0000E-04
2.5617E-03 8.0000E-04
7.9683E-04 8.0000E-04
8.4432E-04 8.0000E-04
1.4369E-03 8.0000E-04
1.5011E-03 8.0000E-04
2.0024E-03 8.0000E-04
4.5228E-04 8.0000E-04
7.8919E-04 8.0000E-04
8.8240E-04 8.0000E-04
1.3938E-03 8.0000E-04
2.0916E-03 8.0000E-04
1.2547E-03 8.0000E-04
4.0757E-04 8.0000E-04
1.1949E-03 8.0000E-04
1.3220E-03 8.0000E-04
3.0641E-04 8.0000E-04
8.2332E-04 8.0000E-04
7.3066E-04 8.0000E-04
2.7246E-03 8.0000E-04
5.0435E-04 8.0000E-04
2.9699E-04 8.0000E-04
6.5514E-04 8.0000E-04
1.4091E-03 8.0000E-04
4.0723E-04 8.0000E-04
5.3730E-04 8.0000E-04
5.9345E-04 8.0000E-04
1.5212E-03 8.0000E-04
1.5644E-03 8.0000E-04
3.1714E-04 8.0000E-04
4.9815E-04 8.0000E-04
5.6312E-04 8.0000E-04
2.1527E-03 8.0000E-04
5.1987E-04 8.0000E-04
2.9257E-04 8.0000E-04
8.7097E-04 8.0000E-04
1.1194E-03 8.0000E-04
1.7407E-03 8.0000E-04
8.6778E-04 8.0000E-04
1.0664E-03 8.0000E-04
6.9579E-04 8.0000E-04
1.3493E-03 8.0000E-04
1.3231E-03 8.0000E-04
9.9247E-04 8.0000E-04
4.5653E-04 8.0000E-04
1.4088E-03 8.0000E-04
1.0769E-03 8.0000E-04
2.9338E-04 8.0000E-04
9.0273E-04 8.0000E-04
8.8578E-04 8.0000E-04
1.9091E-03 8.0000E-04
1.4625E-03 8.0000E-04
4.0086E-04 8.0000E-04
6.7331E-04 8.0000E-04
5.5303E-04 8.0000E-04
6.6100E-04 8.0000E-04
1.6505E-03 8.0000E-04
7.8872E-04 8.0000E-04
6.1030E-04 8.0000E-04
1.6577E-03 8.0000E-04
2.9122E-04 8.0000E-04
1.1356E-04 8.0000E-04
8.6052E-04 8.0000E-04
1.2741E-03 8.0000E-04
5.0762E-04 8.0000E-04
7.9572E-04 8.0000E-04
6.7876E-04 8.0000E-04
1.3199E-03 8.0000E-04
1.7687E-03 8.0000E-04
2.4857E-04 8.0000E-04
1.6025E-04 8.0000E-04
5.0144E-04 8.0000E-04
1.3848E-03 8.0000E-04
1.2242E-03 8.0000E-04
7.8681E-04 8.0000E-04
1.1797E-03 8.0000E-04
1.3942E-03 8.0000E-04
8.9574E-04 8.0000E-04
8.5194E-04 8.0000E-04
9.3026E-04 8.0000E-04
1.2043E-03 8.0000E-04
1.3813E-03 8.0000E-04
1.7416E-03 8.0000E-04
1.0261E-03 8.0000E-04
3.7498E-04 8.0000E-04
2.0982E-03 8.0000E-04
7.7225E-04 8.0000E-04
8.0629E-04 8.0000E-04
1.6823E-03 8.0000E-04
2.5048E-03 8.0000E-04
3.9295E-04 8.0000E-04
1.3413E-03 8.0000E-04
8.1797E-04 8.0000E-04
1.7787E-03 8.0000E-04
2.5406E-03 8.0000E-04
1.2598E-03 8.0000E-04
3.8340E-04 8.0000E-04
1.3043E-03 8.0000E-04
1.5280E-03 8.0000E-04
8.7532E-04 8.0000E-04
1.4024E-03 8.0000E-04
1.5004E-03 8.0000E-04
2.5971E-03 8.0000E-04
3.6082E-03 8.0000E-04
7.2411E-04 8.0000E-04
3.3435E-04 8.0000E-04
4.5423E-04 8.0000E-04
3.1650E-03 8.0000E-04
5.9992E-04 8.0000E-04
1.6943E-03 8.0000E-04
1.8589E-03 8.0000E-04
4.3470E-03 8.0000E-04
5.4999E-04 8.0000E-04
1.5866E-03 8.0000E-04
6.6959E-04 8.0000E-04
1.8874E-03 8.0000E-04
2.6817E-03 8.0000E-04
9.7073E-04 8.0000E-04
1.6024E-03 8.0000E-04
3.0342E-03 8.0000E-04
3.1265E-03 8.0000E-04
1.0908E-03 8.0000E-04
9.1983E-04 8.0000E-04
3.2631E-03 8.0000E-04
1.2259E-03 8.0000E-04
2.5276E-03 8.0000E-04
6.2178E-04 8.0000E-04
1.6690E-03 8.0000E-04
2.4645E-03 8.0000E-04
4.1873E-03 8.0000E-04
5.3084E-04 8.0000E-04
3.3814E-03 8.0000E-04
1.2443E-03 8.0000E-04
1.3695E-03 8.0000E-04
4.6777E-03 8.0000E-04
6.1264E-04 8.0000E-04
1.7527E-03 8.0000E-04
4.1304E-03 8.0000E-04
2.4709E-03 8.0000E-04
7.1536E-04 8.0000E-04
2.8278E-03 8.0000E-04
1.0030E-03 8.0000E-04
7.0789E-03 8.0000E-04
2.0678E-03 8.0000E-04
1.1236E-03 8.0000E-04
3.5421E-03 8.0000E-04
4.2642E-03 8.0000E-04
8.8178E-04 8.0000E-04
5.3318E-04 8.0000E-04
3.3370E-03 8.0000E-04
1.5139E-03 8.0000E-04
2.4034E-03 8.0000E-04
3.4879E-03 8.0000E-04
4.8373E-04 8.0000E-04
3.1489E-03 8.0000E-04
3.4638E-03 8.0000E-04
2.7060E-03 8.0000E-04
1.2892E-03 8.0000E-04
8.7733E-04 8.0000E-04
4.2290E-03 8.0000E-04
1.7157E-03 8.0000E-04
1.8341E-03 8.0000E-04
1.8907E-03 8.0000E-04
4.2959E-03 8.0000E-04
3.7540E-03 8.0000E-04
4.3469E-04 8.0000E-04
1.4116E-03 8.0000E-04
8.1543E-04 8.0000E-04
4.5496E-03 8.0000E-04
1.6662E-03 8.0000E-04
1.2499E-03 8.0000E-04
4.5858E-03 8.0000E-04
1.6453E-03 8.0000E-04
2.5226E-03 8.0000E-04
2.8771E-03 8.0000E-04
1.2875E-03 8.0000E-04
1.7416E-03 8.0000E-04
5.2103E-03 8.0000E-04
1.6590E-03 8.0000E-04
1.9189E-03 8.0000E-04
1.4059E-03 8.0000E-04
3.7084E-03 8.0000E-04
2.0881E-03 8.0000E-04
1.1770E-03 8.0000E-04
1.5148E-03 8.0000E-04
1.9095E-03 8.0000E-04
8.3362E-04 8.0000E-04
1.2044E-03 8.0000E-04
2.0179E-03 8.0000E-04
1.2909E-03 8.0000E-04
6.8394E-04 8.0000E-04
2.4582E-03 8.0000E-04
1.4491E-03 8.0000E-04
8.9213E-04 8.0000E-04
1.4551E-03 8.0000E-04
1.3897E-03 8.0000E-04
8.5508E-04 8.0000E-04
2.0190E-03 8.0000E-04
7.1121E-04 8.0000E-04
4.9867E-04 8.0000E-04
1.8454E-03 8.0000E-04
1.5289E-03 8.0000E-04
3.0710E-04 8.0000E-04
7.9264E-04 8.0000E-04
6.7558E-04 8.0000E-04
2.0499E-03 8.0000E-04
6.7866E-04 8.0000E-04
3.8300E-04 8.0000E-04
1.0285E-03 8.0000E-04
1.4929E-03 8.0000E-04
9.2393E-04 8.0000E-04
8.1424E-04 8.0000E-04
6.4740E-04 8.0000E-04
1.6095E-03 8.0000E-04
8.9281E-04 8.0000E-04
4.5346E-04 8.0000E-04
8.7049E-04 8.0000E-04
1.4479E-03 8.0000E-04
6.1713E-04 8.0000E-04
1.0966E-03 8.0000E-04
5.4703E-04 8.0000E-04
1.6095E-03 8.0000E-04
1.0527E-03 8.0000E-04
3.7060E-04 8.0000E-04
8.3348E-04 8.0000E-04
9.9971E-04 8.0000E-04
5.9608E-04 8.0000E-04
1.2738E-03 8.0000E-04
7.4922E-04 8.0000E-04
1.0016E-03 8.0000E-04
1.8358E-03 8.0000E-04
4.4121E-04 8.0000E-04
2.0441E-04 8.0000E-04
7.9106E-04 8.0000E-04
1.1637E-03 8.0000E-04
6.7932E-04 8.0000E-04
2.6812E-04 8.0000E-04
9.6242E-04 8.0000E-04
8.7398E-04 8.0000E-04
1.3069E-03 8.0000E-04
4.7690E-04 8.0000E-04
6.1288E-04 8.0000E-04
9.8713E-04 8.0000E-04
4.3535E-04 8.0000E-04
6.4059E-04 8.0000E-04
5.1805E-04 8.0000E-04
1.1060E-03 8.0000E-04
7.0119E-04 8.0000E-04
6.0202E-04 8.0000E-04
6.5127E-04 8.0000E-04
9.5644E-04 8.0000E-04
7.1152E-04 8.0000E-04
7.7089E-04 8.0000E-04
7.1935E-04 8.0000E-04
7.0709E-04 8.0000E-04
1.0490E-03 8.0000E-04
5.1335E-04 8.0000E-04
9.7292E-04 8.0000E-04
9.3368E-04 8.0000E-04
1.6828E-03 8.0000E-04
5.4343E-04 8.0000E-04
9.2195E-04 8.0000E-04
6.7834E-04 8.0000E-04
8.7762E-04 8.0000E-04
1.0104E-03 8.0000E-04
1.5374E-03 8.0000E-04
7.8786E-04 8.0000E-04
1.6203E-03 8.0000E-04
6.1216E-04 8.0000E-04
7.7485E-04 8.0000E-04
1.8112E-03 8.0000E-04
2.4493E-03 8.0000E-04
1.1506E-03 8.0000E-04
8.6595E-04 8.0000E-04
7.9628E-04 8.0000E-04
2.3580E-03 8.0000E-04
2.6055E-03 8.0000E-04
4.8940E-04 8.0000E-04
7.9157E-04 8.0000E-04
7.9538E-04 8.0000E-04
3.4613E-03 8.0000E-04
7.5277E-04 8.0000E-04
1.1537E-03 8.0000E-04
8.9318E-04 8.0000E-04
2.8900E-03 8.0000E-04
1.5253E-03 8.0000E-04
1.1842E-03 8.0000E-04
1.2518E-03 8.0000E-04
1.1115E-03 8.0000E-04
2.6103E-03 8.0000E-04
1.7372E-03 8.0000E-04
1.5986E-04 8.0000E-04
2.2793E-03 8.0000E-04
1.2276E-03 8.0000E-04
9.2814E-04 8.0000E-04
3.5886E-03 8.0000E-04
5.1066E-04 8.0000E-04
8.9705E-04 8.0000E-04
2.7444E-03 8.0000E-04
1.8354E-03 8.0000E-04
4.1099E-04 8.0000E-04
1.5382E-03 8.0000E-04
8.4723E-04 8.0000E-04
1.3146E-03 8.0000E-04
3.3905E-03 8.0000E-04
4.2451E-04 8.0000E-04
3.2328E-04 8.0000E-04
1.9175E-03 8.0000E-04
1.6028E-03 8.0000E-04
7.9715E-04 8.0000E-04
9.1188E-04 8.0000E-04
7.2852E-04 8.0000E-04
1.3875E-03 8.0000E-04
1.5571E-03 8.0000E-04
4.1149E-04 8.0000E-04
1.4319E-03 8.0000E-04
8.8862E-04 8.0000E-04
1.0883E-03 8.0000E-04
2.2590E-03 8.0000E-04
3.9865E-04 8.0000E-04
5.9303E-04 8.0000E-04
9.7506E-04 8.0000E-04
1.4713E-03 8.0000E-04
3.3859E-04 8.0000E-04
4.0926E-04 8.0000E-04
1.0609E-03 8.0000E-04
1.2023E-03 8.0000E-04
1.3811E-03 8.0000E-04
8.0155E-04 8.0000E-04
4.6859E-04 8.0000E-04
6.5738E-04 8.0000E-04
9.2133E-04 8.0000E-04
3.6110E-04 8.0000E-04
6.2900E-04 8.0000E-04
6.3724E-04 8.0000E-04
1.5918E-03 8.0000E-04
4.4812E-04 8.0000E-04
2.4974E-04 8.0000E-04
4.8268E-04 8.0000E-04
7.8187E-04 8.0000E-04
9.7202E-04 8.0000E-04
8.6695E-04 8.0000E-04
5.5240E-04 8.0000E-04
7.8739E-04 8.0000E-04
1.1307E-03 8.0000E-04
3.7377E-04 8.0000E-04
5.7529E-04 8.0000E-04
5.4376E-04 8.0000E-04
1.5518E-03 8.0000E-04
8.2091E-04 8.0000E-04
2.5970E-04 8.0000E-04
7.3648E-04 8.0000E-04
8.2419E-04 8.0000E-04
6.8771E-04 8.0000E-04
6.8853E-04 8.0000E-04
6.2043E-04 8.0000E-04
1.1281E-03 8.0000E-04
6.3521E-04 8.0000E-04
3.7932E-04 8.0000E-04
5.2526E-04 8.0000E-04
8.1545E-04 8.0000E-04
6.3478E-04 8.0000E-04
1.0587E-03 8.0000E-04
6.2582E-04 8.0000E-04
7.6545E-04 8.0000E-04
1.2193E-03 8.0000E-04
2.0147E-04 8.0000E-04
1.8335E-04 8.0000E-04
5.7393E-04 8.0000E-04
1.2278E-03 8.0000E-04
9.4882E-04 8.0000E-04
6.4655E-04 8.0000E-04
7.5526E-04 8.0000E-04
1.0378E-03 8.0000E-04
2.8949E-04 8.0000E-04
4.1097E-04 8.0000E-04
3.8364E-04 8.0000E-04
1.2712E-03 8.0000E-04
4.8978E-04 8.0000E-04
7.3504E-04 8.0000E-04
7.0237E-04 8.0000E-04
1.2840E-03 8.0000E-04
3.1298E-04 8.0000E-04
5.2399E-04 8.0000E-04
4.3597E-04 8.0000E-04
1.2635E-03 8.0000E-04
5.5175E-04 8.0000E-04
8.2787E-04 8.0000E-04
7.1226E-04 8.0000E-04
1.5244E-03 8.0000E-04
4.2647E-04 8.0000E-04
4.9090E-04 8.0000E-04
6.3540E-04 8.0000E-04
1.6732E-03 8.0000E-04
4.0528E-04 8.0000E-04
5.5936E-04 8.0000E-04
8.7862E-04 8.0000E-04
1.5339E-03 8.0000E-04
2.3482E-03 8.0000E-04
1.0594E-04 8.0000E-04
1.7081E-04 8.0000E-04
6.8086E-04 8.0000E-04
1.9643E-03 8.0000E-04
1.2389E-03 8.0000E-04
3.6206E-04 8.0000E-04
1.6932E-03 8.0000E-04
1.1401E-03 8.0000E-04
1.1224E-03 8.0000E-04
8.6654E-04 8.0000E-04
4.6228E-04 8.0000E-04
1.1494E-03 8.0000E-04
9.3281E-04 8.0000E-04
1.0668E-03 8.0000E-04
1.5265E-03 8.0000E-04
1.4040E-03 8.0000E-04
6.2271E-04 8.0000E-04
1.2884E-03 8.0000E-04
4.4996E-04 8.0000E-04
7.1030E-04 8.0000E-04
1.2360E-03 8.0000E-04
2.2959E-03 8.0000E-04
5.5012E-04 8.0000E-04
1.9381E-03 8.0000E-04
7.4885E-04 8.0000E-04
1.2659E-03 8.0000E-04
1.9994E-03 8.0000E-04
6.4152E-04 8.0000E-04
5.2322E-04 8.0000E-04
2.2740E-03 8.0000E-04
5.1172E-04 8.0000E-04
7.1734E-04 8.0000E-04
2.1142E-03 8.0000E-04
1.7222E-03 8.0000E-04
1.6539E-04 8.0000E-04
9.7319E-04 8.0000E-04
8.5022E-04 8.0000E-04
3.3387E-03 8.0000E-04
4.6242E-04 8.0000E-04
8.0224E-04 8.0000E-04
1.6220E-03 8.0000E-04
2.0044E-03 8.0000E-04
2.3239E-03 8.0000E-04
4.3656E-04 8.0000E-04
6.2935E-04 8.0000E-04
1.6231E-03 8.0000E-04
1.1317E-03 8.0000E-04
6.5955E-04 8.0000E-04
2.6897E-03 8.0000E-04
3.7971E-04 8.0000E-04
1.2382E-03 8.0000E-04
1.5957E-03 8.0000E-04
1.8083E-04 8.0000E-04
7.8131E-04 8.0000E-04
8.5086E-04 8.0000E-04
1.9189E-03 8.0000E-04
1.5089E-03 8.0000E-04
1.0759E-03 8.0000E-04
1.3284E-03 8.0000E-04
1.7067E-03 8.0000E-04
1.0260E-03 8.0000E-04
2.5236E-03 8.0000E-04
9.1457E-04 8.0000E-04
9.3094E-04 8.0000E-04
8.8132E-04 8.0000E-04
1.9803E-03 8.0000E-04
1.1818E-03 8.0000E-04
1.1260E-03 8.0000E-04
1.3640E-03 8.0000E-04
1.7596E-03 8.0000E-04
1.2152E-03 8.0000E-04
1.0393E-03 8.0000E-04
1.0287E-03 8.0000E-04
1.2082E-03 8.0000E-04
7.8832E-04 8.0000E-04
1.3728E-03 8.0000E-04
1.0810E-03 8.0000E-04
1.6400E-03 8.0000E-04
9.1557E-04 8.0000E-04
4.6319E-04 8.0000E-04
1.5959E-03 8.0000E-04
2.2782E-03 8.0000E-04
1.7124E-03 8.0000E-04
1.0150E-03 8.0000E-04
1.3420E-03 8.0000E-04
1.6177E-03 8.0000E-04
5.4976E-04 8.0000E-04
8.3570E-04 8.0000E-04
8.5782E-04 8.0000E-04
2.3031E-03 8.0000E-04
8.5970E-04 8.0000E-04
2.8195E-04 8.0000E-04
1.3023E-03 8.0000E-04
1.4547E-03 8.0000E-04
6.7143E-04 8.0000E-04
1.1596E-03 8.0000E-04
6.0918E-04 8.0000E-04
2.5252E-03 8.0000E-04
1.1568E-03 8.0000E-04
5.9742E-04 8.0000E-04
9.4068E-04 8.0000E-04
5.3021E-04 8.0000E-04
2.0835E-03 8.0000E-04
2.9600E-04 8.0000E-04
2.9126E-04 8.0000E-04
7.4373E-04 8.0000E-04
1.5321E-03 8.0000E-04
4.9224E-04 8.0000E-04
3.6458E-04 8.0000E-04
6.2029E-04 8.0000E-04
8.8122E-04 8.0000E-04
1.0484E-03 8.0000E-04
6.1967E-04 8.0000E-04
4.6534E-04 8.0000E-04
5.1817E-04 8.0000E-04
1.2209E-03 8.0000E-04
3.6000E-04 8.0000E-04
3.1013E-04 8.0000E-04
4.2972E-04 8.0000E-04
1.1839E-03 8.0000E-04
8.8491E-04 8.0000E-04
3.5139E-04 8.0000E-04
6.0483E-04 8.0000E-04
5.0519E-04 8.0000E-04
5.6409E-04 8.0000E-04
1.4952E-03 8.0000E-04
4.5959E-04 8.0000E-04
2.7982E-04 8.0000E-04
6.8716E-04 8.0000E-04
9.6270E-04 8.0000E-04
7.8713E-04 8.0000E-04
9.5512E-04 8.0000E-04
4.9228E-04 8.0000E-04
7.6415E-04 8.0000E-04
3.3816E-04 8.0000E-04
5.6028E-04 8.0000E-04
5.2746E-04 8.0000E-04
8.0333E-04 8.0000E-04
5.2295E-04 8.0000E-04
4.3097E-04 8.0000E-04
5.8695E-04 8.0000E-04
8.6394E-04 8.0000E-04
1.9845E-04 8.0000E-04
1.4770E-04 8.0000E-04
3.2094E-04 8.0000E-04
7.9824E-04 8.0000E-04
3.8002E-04 8.0000E-04
3.2480E-04 8.0000E-04
4.2620E-04 8.0000E-04
5.6945E-04 8.0000E-04
1.2231E-03 8.0000E-04
3.0117E-04 8.0000E-04
8.2693E-05 8.0000E-04
2.4658E-04 8.0000E-04
9.3090E-04 8.0000E-04
2.5088E-04 8.0000E-04
3.6810E-04 8.0000E-04
5.6061E-04 8.0000E-04
6.9138E-04 8.0000E-04
7.1155E-04 8.0000E-04
3.6577E-04 8.0000E-04
1.4974E-04 8.0000E-04
2.4829E-04 8.0000E-04
6.7949E-04 8.0000E-04
5.2293E-04 8.0000E-04
4.5080E-04 8.0000E-04
7.2009E-04 8.0000E-04
7.7826E-04 8.0000E-04
6.0939E-04 8.0000E-04
3.0487E-04 8.0000E-04
3.4320E-04 8.0000E-04
3.7703E-04 8.0000E-04
6.4274E-04 8.0000E-04
8.9484E-04 8.0000E-04
7.1382E-04 8.0000E-04
2.3343E-04 8.0000E-04
8.5169E-04 8.0000E-04
4.4284E-04 8.0000E-04
1.6103E-04 8.0000E-04
4.8674E-04 8.0000E-04
6.0633E-04 8.0000E-04
5.1550E-04 8.0000E-04
1.0859E-03 8.0000E-04
4.3685E-04 8.0000E-04
2.0129E-04 8.0000E-04
6.7692E-04 8.0000E-04
8.0993E-04 8.0000E-04
9.0204E-05 8.0000E-04
4.5131E-04 8.0000E-04
4.3033E-04 8.0000E-04
1.3306E-03 8.0000E-04
3.3454E-04 8.0000E-04
2.8376E-04 8.0000E-04
4.7422E-04 8.0000E-04
1.1606E-03 8.0000E-04
5.2464E-04 8.0000E-04
5.2410E-04 8.0000E-04
6.2670E-04 8.0000E-04
9.4068E-04 8.0000E-04
5.3766E-04 8.0000E-04
9.1063E-04 8.0000E-04
4.5889E-04 8.0000E-04
2.7687E-04 8.0000E-04
8.8312E-04 8.0000E-04
6.2693E-04 8.0000E-04
5.8210E-04 8.0000E-04
1.3958E-03 8.0000E-04
1.0407E-03 8.0000E-04
2.0612E-04 8.0000E-04
2.8068E-04 8.0000E-04
2.7503E-04 8.0000E-04
1.7729E-03 8.0000E-04
3.3715E-04 8.0000E-04
5.4175E-04 8.0000E-04
9.3601E-04 8.0000E-04
1.4800E-03 8.0000E-04
7.1739E-04 8.0000E-04
5.7625E-04 8.0000E-04
3.7857E-04 8.0000E-04
1.6038E-03 8.0000E-04
3.4370E-04 8.0000E-04
6.3710E-04 8.0000E-04
1.0837E-03 8.0000E-04
1.8923E-03 8.0000E-04
8.2060E-04 8.0000E-04
9.1088E-04 8.0000E-04
3.7114E-04 8.0000E-04
1.5868E-03 8.0000E-04
5.0329E-04 8.0000E-04
1.6015E-03 8.0000E-04
7.8348E-04 8.0000E-04
1.2151E-03 8.0000E-04
2.5351E-03 8.0000E-04
1.4772E-03 8.0000E-04
4.1682E-04 8.0000E-04
9.8383E-04 8.0000E-04
6.9943E-04 8.0000E-04
1.3234E-03 8.0000E-04
3.0025E-03 8.0000E-04
1.3265E-03 8.0000E-04
1.3184E-03 8.0000E-04
4.4911E-03 8.0000E-04
2.9834E-03 8.0000E-04
6.4379E-04 8.0000E-04
3.6718E-04 8.0000E-04
2.6596E-03 8.0000E-04
1.4264E-03 8.0000E-04
2.9307E-04 8.0000E-04
8.7279E-04 8.0000E-04
6.7148E-04 8.0000E-04
1.1654E-03 8.0000E-04
8.7310E-04 8.0000E-04
5.5524E-04 8.0000E-04
8.0938E-04 8.0000E-04
1.3549E-03 8.0000E-04
7.1965E-04 8.0000E-04
5.3703E-04 8.0000E-04
1.1201E-03 8.0000E-04
7.6842E-04 8.0000E-04
9.7548E-04 8.0000E-04
4.0113E-04 8.0000E-04
1.0135E-03 8.0000E-04
1.5384E-03 8.0000E-04
1.3279E-03 8.0000E-04
1.0241E-03 8.0000E-04
3.9715E-04 8.0000E-04
7.6038E-04 8.0000E-04
1.1093E-03 8.0000E-04
3.1101E-04 8.0000E-04
1.0101E-03 8.0000E-04
9.1879E-04 8.0000E-04
8.6392E-04 8.0000E-04
1.0219E-03 8.0000E-04
8.1978E-04 8.0000E-04
8.8722E-04 8.0000E-04
2.7315E-03 8.0000E-04
1.3842E-03 8.0000E-04
5.2236E-04 8.0000E-04
7.1313E-04 8.0000E-04
2.9432E-03 8.0000E-04
8.3104E-04 8.0000E-04
1.3044E-03 8.0000E-04
1.2063E-03 8.0000E-04
2.4928E-03 8.0000E-04
6.2716E-04 8.0000E-04
1.1902E-03 8.0000E-04
8.2062E-04 8.0000E-04
4.7041E-03 8.0000E-04
8.8921E-04 8.0000E-04
1.4336E-03 8.0000E-04
2.2527E-03 8.0000E-04
2.6176E-03 8.0000E-04
6.5403E-04 8.0000E-04
2.5738E-03 8.0000E-04
1.7993E-03 8.0000E-04
1.4014E-03 8.0000E-04
2.9400E-03 8.0000E-04
7.8897E-04 8.0000E-04
1.9320E-03 8.0000E-04
1.5015E-03 8.0000E-04
7.4435E-04 8.0000E-04
1.0193E-03 8.0000E-04
7.7649E-04 8.0000E-04
1.1354E-03 8.0000E-04
6.6268E-04 8.0000E-04
1.8273E-03 8.0000E-04
1.0636E-03 8.0000E-04
8.7308E-04 8.0000E-04
1.2830E-03 8.0000E-04
6.9504E-04 8.0000E-04
1.5111E-03 8.0000E-04
1.8398E-03 8.0000E-04
1.1715E-03 8.0000E-04
1.2894E-03 8.0000E-04
9.4970E-04 8.0000E-04
1.6193E-03 8.0000E-04
2.6109E-03 8.0000E-04
6.0684E-04 8.0000E-04
5.2125E-04 8.0000E-04
1.3102E-03 8.0000E-04
2.5868E-03 8.0000E-04
9.9752E-04 8.0000E-04
1.1721E-03 8.0000E-04
1.8262E-03 8.0000E-04
2.4265E-03 8.0000E-04
3.8124E-03 8.0000E-04
1.4952E-03 8.0000E-04
1.2158E-03 8.0000E-04
1.2742E-03 8.0000E-04
3.6958E-03 8.0000E-04
1.0480E-03 8.0000E-04
1.0048E-03 8.0000E-04
2.4826E-03 8.0000E-04
3.2128E-03 8.0000E-04
1.1714E-03 8.0000E-04
3.3904E-03 8.0000E-04
1.7951E-03 8.0000E-04
6.5876E-04 8.0000E-04
2.3891E-03 8.0000E-04
2.2276E-03 8.0000E-04
2.6840E-03 8.0000E-04
8.3611E-04 8.0000E-04
1.8916E-03 8.0000E-04
9.8885E-04 8.0000E-04
3.3811E-03 8.0000E-04
7.1543E-04 8.0000E-04
1.2001E-03 8.0000E-04
1.5820E-03 8.0000E-04
2.6697E-03 8.0000E-04
8.3399E-04 8.0000E-04
2.7400E-03 8.0000E-04
5.9849E-04 8.0000E-04
1.1020E-03 8.0000E-04
2.4677E-03 8.0000E-04
1.7476E-03 8.0000E-04
1.3467E-03 8.0000E-04
3.1075E-03 8.0000E-04
1.1962E-03 8.0000E-04
1.7436E-03 8.0000E-04
1.9582E-03 8.0000E-04
9.4529E-04 8.0000E-04
2.9182E-03 8.0000E-04
4.3834E-03 8.0000E-04
1.1144E-03 8.0000E-04
2.9393E-03 8.0000E-04
6.3285E-04 8.0000E-04
1.5024E-03 8.0000E-04
2.5739E-03 8.0000E-04
4.8717E-03 8.0000E-04
2.0133E-03 8.0000E-04
6.0480E-04 8.0000E-04
1.1461E-03 8.0000E-04
3.2581E-03 8.0000E-04
8.9860E-04 8.0000E-04
1.2173E-03 8.0000E-04
1.1163E-03 8.0000E-04
1.0857E-03 8.0000E-04
2.4682E-03 8.0000E-04
4.5313E-04 8.0000E-04
4.8067E-04 8.0000E-04
1.5130E-03 8.0000E-04
1.7032E-03 8.0000E-04
7.9634E-04 8.0000E-04
7.4838E-04 8.0000E-04
9.7852E-04 8.0000E-04
1.5119E-03 8.0000E-04
1.9610E-03 8.0000E-04
5.1419E-04 8.0000E-04
4.6654E-04 8.0000E-04
9.9445E-04 8.0000E-04
1.4970E-03 8.0000E-04
1.2582E-03 8.0000E-04
7.4457E-04 8.0000E-04
9.2173E-04 8.0000E-04
1.5522E-03 8.0000E-04
4.2589E-04 8.0000E-04
7.5379E-04 8.0000E-04
8.5897E-04 8.0000E-04
2.4120E-03 8.0000E-04
8.0187E-04 8.0000E-04
7.7552E-04 8.0000E-04
1.0242E-03 8.0000E-04
2.2119E-03 8.0000E-04
6.2717E-04 8.0000E-04
1.1496E-03 8.0000E-04
7.8971E-04 8.0000E-04
1.7512E-03 8.0000E-04
7.9421E-04 8.0000E-04
1.4083E-03 8.0000E-04
6.4457E-04 8.0000E-04
9.8831E-04 8.0000E-04
1.4590E-03 8.0000E-04
1.3404E-03 8.0000E-04
2.6671E-04 8.0000E-04
1.3066E-03 8.0000E-04
8.3919E-04 8.0000E-04
1.0667E-03 8.0000E-04
1.8166E-03 8.0000E-04
8.7309E-04 8.0000E-04
9.1427E-04 8.0000E-04
1.6308E-03 8.0000E-04
5.7331E-04 8.0000E-04
3.0670E-04 8.0000E-04
6.0313E-04 8.0000E-04
1.9162E-03 8.0000E-04
3.9542E-04 8.0000E-04
4.9515E-04 8.0000E-04
7.2255E-04 8.0000E-04
1.5631E-03 8.0000E-04
2.0526E-03 8.0000E-04
2.9297E-04 8.0000E-04
1.8262E-04 8.0000E-04
4.8580E-04 8.0000E-04
1.7878E-03 8.0000E-04
9.0380E-04 8.0000E-04
8.7139E-04 8.0000E-04
9.5675E-04 8.0000E-04
2.0522E-03 8.0000E-04
6.4135E-04 8.0000E-04
1.4901E-03 8.0000E-04
7.3105E-04 8.0000E-04
9.1263E-04 8.0000E-04
2.6747E-03 8.0000E-04
1.8396E-03 8.0000E-04
2.3092E-04 8.0000E-04
2.2284E-03 8.0000E-04
1.5545E-03 8.0000E-04
1.7678E-03 8.0000E-04
2.0296E-03 8.0000E-04
1.4744E-03 8.0000E-04
1.4373E-03 8.0000E-04
2.5475E-03 8.0000E-04
7.1726E-04 8.0000E-04
7.9755E-04 8.0000E-04
1.3213E-03 8.0000E-04
2.3658E-03 8.0000E-04
4.6633E-04 8.0000E-04
3.7409E-04 8.0000E-04
6.8601E-04 8.0000E-04
2.8635E-03 8.0000E-04
2.2917E-03 8.0000E-04
1.4948E-03 8.0000E-04
4.9181E-04 8.0000E-04
1.0003E-03 8.0000E-04
1.3605E-03 8.0000E-04
2.1758E-04 8.0000E-04
2.1230E-04 8.0000E-04
3.6097E-04 8.0000E-04
8.6206E-04 8.0000E-04
7.9082E-04 8.0000E-04
3.7567E-04 8.0000E-04
3.3855E-04 8.0000E-04
3.6633E-04 8.0000E-04
1.0371E-03 8.0000E-04
6.0666E-04 8.0000E-04
1.7277E-04 8.0000E-04
4.0784E-04 8.0000E-04
5.1204E-04 8.0000E-04
4.3444E-04 8.0000E-04
8.8225E-04 8.0000E-04
3.9415E-04 8.0000E-04
4.0631E-04 8.0000E-04
1.1733E-03 8.0000E-04
4.4643E-04 8.0000E-04
1.4083E-04 8.0000E-04
5.1804E-04 8.0000E-04
1.1958E-03 8.0000E-04
1.7239E-04 8.0000E-04
2.2563E-04 8.0000E-04
6.0317E-04 8.0000E-04
6.9338E-04 8.0000E-04
9.2369E-04 8.0000E-04
5.2569E-04 8.0000E-04
2.2411E-04 8.0000E-04
5.4445E-04 8.0000E-04
8.5746E-04 8.0000E-04
4.4272E-04 8.0000E-04
3.7053E-04 8.0000E-04
5.2786E-04 8.0000E-04
7.8231E-04 8.0000E-04
8.5147E-04 8.0000E-04
6.0613E-04 8.0000E-04
3.5763E-04 8.0000E-04
5.0894E-04 8.0000E-04
1.0645E-03 8.0000E-04
5.0410E-04 8.0000E-04
3.5168E-04 8.0000E-04
5.9714E-04 8.0000E-04
9.2097E-04 8.0000E-04
1.6037E-03 8.0000E-04
2.3071E-04 8.0000E-04
3.3263E-04 8.0000E-04
6.0900E-04 8.0000E-04
1.8717E-03 8.0000E-04
8.3671E-04 8.0000E-04
1.3942E-04 8.0000E-04
7.6616E-04 8.0000E-04
1.1063E-03 8.0000E-04
1.3444E-03 8.0000E-04
8.7445E-04 8.0000E-04
9.6487E-04 8.0000E-04
1.5236E-03 8.0000E-04
1.7331E-03 8.0000E-04
1.0231E-03 8.0000E-04
1.4490E-03 8.0000E-04
1.0638E-03 8.0000E-04
1.4646E-03 8.0000E-04
2.8947E-03 8.0000E-04
1.2214E-03 8.0000E-04
5.5285E-04 8.0000E-04
3.4707E-03 8.0000E-04
1.5114E-03 8.0000E-04
2.3294E-03 8.0000E-04
1.4975E-03 8.0000E-04
1.8765E-03 8.0000E-04
1.7970E-03 8.0000E-04
4.1160E-03 8.0000E-04
9.3966E-04 8.0000E-04
3.0239E-03 8.0000E-04
1.4162E-03 8.0000E-04
3.5206E-03 8.0000E-04
1.9837E-03 8.0000E-04
5.8562E-04 8.0000E-04
2.3723E-03 8.0000E-04
1.1138E-03 8.0000E-04
1.0246E-03 8.0000E-04
1.0746E-03 8.0000E-04
2.2200E-03 8.0000E-04
2.9085E-03 8.0000E-04
2.0386E-03 8.0000E-04
3.5406E-04 8.0000E-04
5.8251E-04 8.0000E-04
1.0159E-03 8.0000E-04
1.4835E-03 8.0000E-04
5.6986E-04 8.0000E-04
8.8087E-04 8.0000E-04
6.9321E-04 8.0000E-04
5.1317E-04 8.0000E-04
1.2420E-03 8.0000E-04
5.9947E-04 8.0000E-04
4.0899E-04 8.0000E-04
1.0521E-03 8.0000E-04
1.0610E-03 8.0000E-04
2.9049E-04 8.0000E-04
6.6434E-04 8.0000E-04
4.8058E-04 8.0000E-04
1.4201E-03 8.0000E-04
8.3510E-04 8.0000E-04
4.7208E-04 8.0000E-04
8.8950E-04 8.0000E-04
1.1205E-03 8.0000E-04
3.5160E-04 8.0000E-04
1.1151E-03 8.0000E-04
5.3583E-04 8.0000E-04
4.0919E-04 8.0000E-04
1.1717E-03 8.0000E-04
7.5572E-04 8.0000E-04
1.3861E-04 8.0000E-04
3.8417E-04 8.0000E-04
4.1464E-04 8.0000E-04
1.3994E-03 8.0000E-04
6.3197E-04 8.0000E-04
2.2265E-04 8.0000E-04
4.8301E-04 8.0000E-04
6.8201E-04 8.0000E-04
5.5519E-04 8.0000E-04
7.4553E-04 8.0000E-04
4.4002E-04 8.0000E-04
3.8922E-04 8.0000E-04
1.0601E-03 8.0000E-04
5.2016E-04 8.0000E-04
9.8061E-05 8.0000E-04
5.0804E-04 8.0000E-04
7.6425E-04 8.0000E-04
6.2369E-04 8.0000E-04
8.2938E-04 8.0000E-04
5.4425E-04 8.0000E-04
6.1026E-04 8.0000E-04
8.2912E-04 8.0000E-04
2.8818E-04 8.0000E-04
1.8633E-04 8.0000E-04
5.4542E-04 8.0000E-04
1.2835E-03 8.0000E-04
2.3400E-04 8.0000E-04
4.5890E-04 8.0000E-04
4.4126E-04 8.0000E-04
1.0290E-03 8.0000E-04
4.1132E-04 8.0000E-04
3.2625E-04 8.0000E-04
4.9479E-04 8.0000E-04
9.6795E-04 8.0000E-04
3.5717E-04 8.0000E-04
4.0123E-04 8.0000E-04
3.9459E-04 8.0000E-04
7.8152E-04 8.0000E-04
4.6421E-04 8.0000E-04
2.3595E-04 8.0000E-04
4.0728E-04 8.0000E-04
7.0532E-04 8.0000E-04
3.1785E-04 8.0000E-04
3.8699E-04 8.0000E-04
3.7676E-04 8.0000E-04
7.0761E-04 8.0000E-04
5.8569E-04 8.0000E-04
1.2586E-04 8.0000E-04
3.1242E-04 8.0000E-04
5.2563E-04 8.0000E-04
3.3720E-04 8.0000E-04
5.7389E-04 8.0000E-04
3.9656E-04 8.0000E-04
6.3643E-04 8.0000E-04
5.4359E-04 8.0000E-04
3.0375E-04 8.0000E-04
2.3291E-04 8.0000E-04
3.6378E-04 8.0000E-04
6.5275E-04 8.0000E-04
4.0557E-04 8.0000E-04
4.9829E-04 8.0000E-04
3.5244E-04 8.0000E-04
2.6559E-04 8.0000E-04
5.7644E-04 8.0000E-04
1.9838E-04 8.0000E-04
1.8235E-04 8.0000E-04
5.1416E-04 8.0000E-04
6.5534E-04 8.0000E-04
5.9742E-05 8.0000E-04
1.5350E-04 8.0000E-04
2.8914E-04 8.0000E-04
4.5814E-04 8.0000E-04
5.9484E-04 8.0000E-04
2.8280E-04 8.0000E-04
2.2925E-04 8.0000E-04
3.5464E-04 8.0000E-04
5.8193E-04 8.0000E-04
5.5842E-04 8.0000E-04
8.4371E-05 8.0000E-04
2.4697E-04 8.0000E-04
3.3936E-04 8.0000E-04
1.7018E-04 8.0000E-04
4.6903E-04 8.0000E-04
2.2143E-04 8.0000E-04
8.0195E-04 8.0000E-04
7.5411E-05 8.0000E-04
6.8262E-05 8.0000E-04
1.4613E-04 8.0000E-04
4.3849E-04 8.0000E-04
2.8757E-04 8.0000E-04
3.7560E-04 8.0000E-04
3.5946E-04 8.0000E-04
4.8512E-04 8.0000E-04
4.0256E-04 8.0000E-04
8.1734E-05 8.0000E-04
1.8064E-04 8.0000E-04
3.1063E-04 8.0000E-04
1.6186E-04 8.0000E-04
5.4114E-04 8.0000E-04
2.3594E-04 8.0000E-04
6.6521E-04 8.0000E-04
2.4189E-04 8.0000E-04
6.2959E-05 8.0000E-04
1.2767E-04 8.0000E-04
2.8403E-04 8.0000E-04
5.9374E-04 8.0000E-04
4.1671E-04 8.0000E-04
2.8929E-04 8.0000E-04
2.3221E-04 8.0000E-04
2.0184E-04 8.0000E-04
2.0036E-04 8.0000E-04
3.3891E-04 8.0000E-04
4.7226E-04 8.0000E-04
3.1402E-04 8.0000E-04
2.9114E-04 8.0000E-04
3.0727E-04 8.0000E-04
4.3216E-04 8.0000E-04
1.1658E-04 8.0000E-04
1.7936E-04 8.0000E-04
2.4653E-04 8.0000E-04
7.2053E-04 8.0000E-04
1.7686E-04 8.0000E-04
1.1209E-04 8.0000E-04
2.4803E-04 8.0000E-04
4.3380E-04 8.0000E-04
2.7753E-04 8.0000E-04
2.0248E-04 8.0000E-04
2.3282E-04 8.0000E-04
4.3692E-04 8.0000E-04
2.2422E-04 8.0000E-04
1.8879E-04 8.0000E-04
2.0889E-04 8.0000E-04
3.9322E-04 8.0000E-04
2.4376E-04 8.0000E-04
1.6933E-04 8.0000E-04
2.1784E-04 8.0000E-04
3.7015E-04 8.0000E-04
1.5798E-04 8.0000E-04
2.1104E-04 8.0000E-04
2.0912E-04 8.0000E-04
4.5695E-04 8.0000E-04
2.4218E-04 8.0000E-04
1.0726E-04 8.0000E-04
1.9695E-04 8.0000E-04
3.7300E-04 8.0000E-04
2.4099E-04 8.0000E-04
3.1376E-04 8.0000E-04
2.6162E-04 8.0000E-04
4.8777E-04 8.0000E-04
2.4140E-04 8.0000E-04
2.1557E-04 8.0000E-04
2.5242E-04 8.0000E-04
3.9740E-04 8.0000E-04
3.2475E-04 8.0000E-04
5.6891E-04 8.0000E-04
2.9128E-04 8.0000E-04
1.8559E-04 8.0000E-04
6.7747E-04 8.0000E-04
4.0800E-04 8.0000E-04
1.1006E-04 8.0000E-04
5.9667E-04 8.0000E-04
6.0076E-04 8.0000E-04
1.8277E-04 8.0000E-04
4.7953E-04 8.0000E-04
3.7403E-04 8.0000E-04
9.4283E-04 8.0000E-04
1.1087E-03 8.0000E-04
1.6595E-04 8.0000E-04
2.5210E-04 8.0000E-04
3.7181E-04 8.0000E-04
6.7971E-04 8.0000E-04
1.3727E-03 8.0000E-04
6.4553E-04 8.0000E-04
1.4557E-04 8.0000E-04
9.3903E-04 8.0000E-04
5.2917E-04 8.0000E-04
3.1199E-04 8.0000E-04
1.3182E-03 8.0000E-04
1.4754E-03 8.0000E-04
1.6890E-04 8.0000E-04
2.8964E-04 8.0000E-04
5.2586E-04 8.0000E-04
1.0213E-03 8.0000E-04
1.2293E-03 8.0000E-04
9.1330E-04 8.0000E-04
6.0956E-04 8.0000E-04
1.2222E-03 8.0000E-04
1.5396E-03 8.0000E-04
1.5068E-03 8.0000E-04
4.0871E-04 8.0000E-04
3.3866E-03 8.0000E-04
1.3123E-03 8.0000E-04
4.5278E-04 8.0000E-04
2.7135E-03 8.0000E-04
3.4275E-03 8.0000E-04
5.5724E-04 8.0000E-04
2.3523E-03 8.0000E-04
1.9921E-03 8.0000E-04
4.4959E-03 8.0000E-04
1.4327E-03 8.0000E-04
1.9080E-03 8.0000E-04
1.6034E-03 8.0000E-04
3.2069E-03 8.0000E-04
3.4388E-03 8.0000E-04
5.4979E-04 8.0000E-04
2.5238E-03 8.0000E-04
4.1543E-03 8.0000E-04
5.4600E-04 8.0000E-04
4.0679E-03 8.0000E-04
1.1669E-03 8.0000E-04
2.8676E-03 8.0000E-04
6.6082E-03 8.0000E-04
2.3850E-03 8.0000E-04
8.4934E-04 8.0000E-04
4.1687E-03 8.0000E-04
1.0831E-03 8.0000E-04
1.7262E-03 8.0000E-04
4.2779E-03 8.0000E-04
2.0811E-03 8.0000E-04
1.1192E-03 8.0000E-04
1.0252E-03 8.0000E-04
1.7911E-03 8.0000E-04
7.7777E-04 8.0000E-04
1.4066E-03 8.0000E-04
9.0972E-04 8.0000E-04
5.8758E-04 8.0000E-04
1.3541E-03 8.0000E-04
1.2005E-03 8.0000E-04
4.5915E-04 8.0000E-04
5.7632E-04 8.0000E-04
6.7527E-04 8.0000E-04
1.0253E-03 8.0000E-04
1.4830E-03 8.0000E-04
4.5936E-04 8.0000E-04
9.8529E-04 8.0000E-04
1.0441E-03 8.0000E-04
4.5354E-04 8.0000E-04
1.1409E-03 8.0000E-04
8.9501E-04 8.0000E-04
1.1294E-03 8.0000E-04
1.0797E-03 8.0000E-04
8.4108E-04 8.0000E-04
4.1885E-04 8.0000E-04
9.0845E-04 8.0000E-04
1.6978E-03 8.0000E-04
4.9894E-04 8.0000E-04
4.8710E-04 8.0000E-04
7.4341E-04 8.0000E-04
1.1025E-03 8.0000E-04
1.8991E-03 8.0000E-04
2.8931E-04 8.0000E-04
2.4721E-04 8.0000E-04
5.8392E-04 8.0000E-04
1.9223E-03 8.0000E-04
3.8149E-04 8.0000E-04
3.5342E-04 8.0000E-04
7.6827E-04 8.0000E-04
1.1143E-03 8.0000E-04
1.6056E-03 8.0000E-04
2.2423E-04 8.0000E-04
1.6635E-04 8.0000E-04
4.1357E-04 8.0000E-04
1.2621E-03 8.0000E-04
7.1391E-04 8.0000E-04
5.2963E-04 8.0000E-04
8.0979E-04 8.0000E-04
8.6146E-04 8.0000E-04
2.1707E-03 8.0000E-04
4.6188E-04 8.0000E-04
3.4565E-04 8.0000E-04
3.9828E-04 8.0000E-04
1.3163E-03 8.0000E-04
1.6303E-03 8.0000E-04
5.3983E-04 8.0000E-04
5.2449E-04 8.0000E-04
7.4669E-04 8.0000E-04
1.5396E-03 8.0000E-04
1.0486E-03 8.0000E-04
3.1117E-04 8.0000E-04
8.4519E-04 8.0000E-04
1.2225E-03 8.0000E-04
1.1293E-03 8.0000E-04
1.0405E-03 8.0000E-04
1.0435E-03 8.0000E-04
1.5706E-03 8.0000E-04
9.9035E-04 8.0000E-04
6.1427E-04 8.0000E-04
1.0411E-03 8.0000E-04
1.2730E-03 8.0000E-04
1.1240E-03 8.0000E-04
1.0069E-03 8.0000E-04
1.6366E-03 8.0000E-04
5.8198E-04 8.0000E-04
2.1872E-03 8.0000E-04
5.6099E-04 8.0000E-04
7.9601E-04 8.0000E-04
1.4467E-03 8.0000E-04
2.3632E-03 8.0000E-04
5.5154E-04 8.0000E-04
1.4869E-03 8.0000E-04
9.5532E-04 8.0000E-04
1.9661E-03 8.0000E-04
2.5247E-03 8.0000E-04
6.1309E-04 8.0000E-04
1.2918E-03 8.0000E-04
1.1643E-03 8.0000E-04
1.8500E-03 8.0000E-04
8.9341E-04 8.0000E-04
2.2086E-03 8.0000E-04
1.3675E-03 8.0000E-04
1.7157E-03 8.0000E-04
1.7167E-03 8.0000E-04
1.6657E-03 8.0000E-04
1.8686E-03 8.0000E-04
2.6404E-03 8.0000E-04
9.0293E-04 8.0000E-04
3.3184E-03 8.0000E-04
1.2844E-03 8.0000E-04
1.0990E-03 8.0000E-04
2.6348E-03 8.0000E-04
1.5764E-03 8.0000E-04
1.6088E-03 8.0000E-04
4.1811E-03 8.0000E-04
1.8308E-03 8.0000E-04
2.4900E-03 8.0000E-04
9.3028E-04 8.0000E-04
2.3162E-03 8.0000E-04
2.1848E-03 8.0000E-04
3.5477E-03 8.0000E-04
1.6643E-03 8.0000E-04
3.5030E-03 8.0000E-04
1.9547E-03 8.0000E-04
9.3951E-04 8.0000E-04
1.8999E-03 8.0000E-04
1.6058E-03 8.0000E-04
2.9565E-03 8.0000E-04
2.9921E-03 8.0000E-04
1.5602E-03 8.0000E-04
2.5117E-03 8.0000E-04
8.9112E-04 8.0000E-04
2.2112E-03 8.0000E-04
1.6560E-03 8.0000E-04
1.7684E-03 8.0000E-04
1.0484E-03 8.0000E-04
1.5384E-03 8.0000E-04
1.9174E-03 8.0000E-04
7.1339E-04 8.0000E-04
2.5786E-03 8.0000E-04
1.2859E-03 8.0000E-04
3.3796E-04 8.0000E-04
1.5735E-03 8.0000E-04
1.6265E-03 8.0000E-04
1.5639E-03 8.0000E-04
7.9994E-04 8.0000E-04
1.2840E-03 8.0000E-04
1.2652E-03 8.0000E-04
1.1796E-03 8.0000E-04
1.4993E-03 8.0000E-04
1.6079E-03 8.0000E-04
9.3751E-04 8.0000E-04
2.3451E-03 8.0000E-04
1.3233E-03 8.0000E-04
1.1309E-03 8.0000E-04
1.4624E-03 8.0000E-04
2.3790E-03 8.0000E-04
4.7650E-04 8.0000E-04
1.8110E-03 8.0000E-04
2.1095E-03 8.0000E-04
9.3240E-04 8.0000E-04
2.3300E-03 8.0000E-04
1.6130E-03 8.0000E-04
9.9757E-04 8.0000E-04
2.9173E-03 8.0000E-04
1.1970E-03 8.0000E-04
4.7077E-04 8.0000E-04
1.2551E-03 8.0000E-04
2.5186E-03 8.0000E-04
4.6749E-04 8.0000E-04
7.1730E-04 8.0000E-04
5.6233E-04 8.0000E-04
1.9665E-03 8.0000E-04
5.0271E-04 8.0000E-04
4.1164E-04 8.0000E-04
1.0105E-03 8.0000E-04
1.7157E-03 8.0000E-04
4.7005E-04 8.0000E-04
5.3370E-04 8.0000E-04
7.2952E-04 8.0000E-04
1.4484E-03 8.0000E-04
2.6458E-03 8.0000E-04
5.1936E-04 8.0000E-04
3.6351E-04 8.0000E-04
5.3559E-04 8.0000E-04
2.5592E-03 8.0000E-04
6.8769E-04 8.0000E-04
9.4345E-04 8.0000E-04
1.2137E-03 8.0000E-04
2.2994E-03 8.0000E-04
8.0133E-04 8.0000E-04
7.3465E-04 8.0000E-04
8.0840E-04 8.0000E-04
2.0196E-03 8.0000E-04
1.0520E-03 8.0000E-04
1.3111E-03 8.0000E-04
1.2447E-03 8.0000E-04
1.8423E-03 8.0000E-04
1.1684E-03 8.0000E-04
2.6993E-03 8.0000E-04
1.2638E-03 8.0000E-04
5.7101E-04 8.0000E-04
7.9420E-04 8.0000E-04
2.7781E-03 8.0000E-04
3.2520E-04 8.0000E-04
3.9860E-04 8.0000E-04
1.0409E-03 8.0000E-04
1.3123E-03 8.0000E-04
1.1073E-03 8.0000E-04
4.2822E-04 8.0000E-04
1.3077E-03 8.0000E-04
1.4013E-03 8.0000E-04
7.4893E-04 8.0000E-04
1.1218E-03 8.0000E-04
3.6211E-04 8.0000E-04
1.4463E-03 8.0000E-04
7.3524E-04 8.0000E-04
3.4409E-04 8.0000E-04
8.0065E-04 8.0000E-04
7.5320E-04 8.0000E-04
7.8087E-04 8.0000E-04
6.7529E-04 8.0000E-04
4.5037E-04 8.0000E-04
3.5126E-04 8.0000E-04
8.4728E-04 8.0000E-04
5.7148E-04 8.0000E-04
1.6378E-04 8.0000E-04
7.6550E-04 8.0000E-04
5.4815E-04 8.0000E-04
4.9146E-04 8.0000E-04
6.4880E-04 8.0000E-04
5.3398E-04 8.0000E-04
6.8177E-04 8.0000E-04
5.3645E-04 8.0000E-04
4.3731E-04 8.0000E-04
4.2550E-04 8.0000E-04
7.8928E-04 8.0000E-04
5.5922E-04 8.0000E-04
3.6874E-04 8.0000E-04
6.0699E-04 8.0000E-04
8.9384E-04 8.0000E-04
1.7305E-04 8.0000E-04
2.0485E-04 8.0000E-04
3.6766E-04 8.0000E-04
7.1187E-04 8.0000E-04
1.0783E-03 8.0000E-04
8.3943E-05 8.0000E-04
2.6259E-04 8.0000E-04
4.3777E-04 8.0000E-04
6.2742E-04 8.0000E-04
6.8555E-04 8.0000E-04
4.1761E-04 8.0000E-04
1.3884E-04 8.0000E-04
3.8340E-04 8.0000E-04
7.9733E-04 8.0000E-04
7.9854E-05 8.0000E-04
2.3859E-04 8.0000E-04
3.8702E-04 8.0000E-04
5.4820E-04 8.0000E-04
7.3179E-04 8.0000E-04
1.4495E-04 8.0000E-04
2.7613E-04 8.0000E-04
2.5552E-04 8.0000E-04
3.3694E-04 8.0000E-04
6.9361E-04 8.0000E-04
4.0499E-04 8.0000E-04
7.9773E-05 8.0000E-04
3.9131E-04 8.0000E-04
3.3495E-04 8.0000E-04
3.5236E-04 8.0000E-04
8.9508E-04 8.0000E-04
4.1658E-04 8.0000E-04
1.4492E-04 8.0000E-04
2.8601E-04 8.0000E-04
3.2133E-04 8.0000E-04
8.2957E-04 8.0000E-04
4.9430E-04 8.0000E-04
3.2682E-04 8.0000E-04
2.8236E-04 8.0000E-04
2.9423E-04 8.0000E-04
3.5033E-04 8.0000E-04
4.7486E-04 8.0000E-04
3.6952E-04 8.0000E-04
2.7616E-04 8.0000E-04
5.3006E-04 8.0000E-04
3.1207E-04 8.0000E-04
1.2403E-04 8.0000E-04
4.7726E-04 8.0000E-04
3.3564E-04 8.0000E-04
1.5000E-04 8.0000E-04
5.1770E-04 8.0000E-04
2.5301E-04 8.0000E-04
2.8344E-04 8.0000E-04
5.2857E-04 8.0000E-04
1.5808E-04 8.0000E-04
6.8040E-05 8.0000E-04
2.6222E-04 8.0000E-04
5.4837E-04 8.0000E-04
8.6786E-05 8.0000E-04
1.3294E-04 8.0000E-04
2.0918E-04 8.0000E-04
4.4900E-04 8.0000E-04
3.4588E-04 8.0000E-04
2.0057E-04 8.0000E-04
2.4943E-04 8.0000E-04
2.2627E-04 8.0000E-04
2.1766E-04 8.0000E-04
4.5750E-04 8.0000E-04
2.5796E-04 8.0000E-04
4.2648E-05 8.0000E-04
2.0996E-04 8.0000E-04
1.7661E-04 8.0000E-04
2.3986E-04 8.0000E-04
4.1275E-04 8.0000E-04
2.4097E-04 8.0000E-04
4.0570E-05 8.0000E-04
1.4988E-04 8.0000E-04
2.5502E-04 8.0000E-04
8.0440E-05 8.0000E-04
1.9955E-04 8.0000E-04
1.8159E-04 8.0000E-04
2.7278E-04 8.0000E-04
2.9591E-04 8.0000E-04
9.2147E-05 8.0000E-04
3.7673E-05 8.0000E-04
2.8315E-04 8.0000E-04
1.8621E-03 8.0000E-04
9.7130E-04 8.0000E-04
2.4728E-03 8.0000E-04
1.2952E-03 8.0000E-04
4.1269E-04 8.0000E-04
4.8259E-04 8.0000E-04
8.7704E-04 8.0000E-04
5.5024E-04 8.0000E-04
5.3667E-04 8.0000E-04
4.2051E-04 8.0000E-04
7.2360E-04 8.0000E-04
1.0075E-03 8.0000E-04
4.5294E-04 8.0000E-04
3.6874E-04 8.0000E-04
4.6474E-04 8.0000E-04
8.4773E-04 8.0000E-04
6.2282E-04 8.0000E-04
2.6817E-04 8.0000E-04
3.8881E-04 8.0000E-04
4.7547E-04 8.0000E-04
5.3196E-04 8.0000E-04
9.9788E-04 8.0000E-04
5.2246E-04 8.0000E-04
1.0147E-04 8.0000E-04
3.6961E-04 8.0000E-04
5.2609E-04 8.0000E-04
3.1452E-04 8.0000E-04
7.3453E-04 8.0000E-04
3.4562E-04 8.0000E-04
3.2207E-04 8.0000E-04
6.9485E-04 8.0000E-04
3.5035E-04 8.0000E-04
8.5483E-05 8.0000E-04
1.9024E-04 8.0000E-04
3.7081E-04 8.0000E-04
8.1108E-04 8.0000E-04
3.9713E-04 8.0000E-04
2.7789E-04 8.0000E-04
3.6267E-04 8.0000E-04
6.6705E-04 8.0000E-04
2.7283E-04 8.0000E-04
2.7432E-04 8.0000E-04
3.7774E-04 8.0000E-04
7.2942E-04 8.0000E-04
5.1459E-04 8.0000E-04
2.9027E-04 8.0000E-04
3.3833E-04 8.0000E-04
4.9357E-04 8.0000E-04
2.1705E-04 8.0000E-04
2.7467E-04 8.0000E-04
2.4054E-04 8.0000E-04
6.3988E-04 8.0000E-04
4.2923E-04 8.0000E-04
1.9624E-04 8.0000E-04
2.8318E-04 8.0000E-04
2.8234E-04 8.0000E-04
4.4755E-04 8.0000E-04
6.6464E-04 8.0000E-04
5.7312E-04 8.0000E-04
8.5199E-05 8.0000E-04
1.7948E-04 8.0000E-04
2.6812E-04 8.0000E-04
6.5943E-04 8.0000E-04
4.3832E-04 8.0000E-04
4.2802E-04 8.0000E-04
3.2952E-04 8.0000E-04
3.4650E-04 8.0000E-04
3.8026E-04 8.0000E-04
4.9455E-04 8.0000E-04
2.9472E-04 8.0000E-04
3.6848E-04 8.0000E-04
5.4187E-04 8.0000E-04
4.1438E-04 8.0000E-04
1.5751E-04 8.0000E-04
2.7604E-04 8.0000E-04
4.5280E-04 8.0000E-04
4.8629E-04 8.0000E-04
4.6296E-04 8.0000E-04
2.0698E-04 8.0000E-04
1.5690E-04 8.0000E-04
4.4958E-04 8.0000E-04
3.1030E-04 8.0000E-04
1.3436E-04 8.0000E-04
5.8152E-04 8.0000E-04
4.0100E-04 8.0000E-04
1.4620E-04 8.0000E-04
4.4288E-04 8.0000E-04
2.4662E-04 8.0000E-04
5.6007E-04 8.0000E-04
3.7749E-04 8.0000E-04
2.2380E-04 8.0000E-04
2.1172E-04 8.0000E-04
3.9209E-04 8.0000E-04
2.6063E-04 8.0000E-04
2.8589E-04 8.0000E-04
2.9396E-04 8.0000E-04
3.5959E-04 8.0000E-04
2.4362E-04 8.0000E-04
3.2581E-04 8.0000E-04
3.3616E-04 8.0000E-04
5.0443E-04 8.0000E-04
2.9600E-04 8.0000E-04
1.8118E-04 8.0000E-04
1.7944E-04 8.0000E-04
2.9014E-04 8.0000E-04
4.4848E-04 8.0000E-04
2.8323E-04 8.0000E-04
6.0253E-04 8.0000E-04
1.7179E-04 8.0000E-04
2.3680E-04 8.0000E-04
2.9571E-04 8.0000E-04
3.5217E-04 8.0000E-04
2.9793E-04 8.0000E-04
3.5321E-04 8.0000E-04
4.0505E-04 8.0000E-04
9.4107E-05 8.0000E-04
1.8772E-04 8.0000E-04
2.8535E-04 8.0000E-04
5.6706E-04 8.0000E-04
2.3314E-04 8.0000E-04
1.9491E-04 8.0000E-04
3.6824E-04 8.0000E-04
5.9785E-04 8.0000E-04
6.7994E-05 8.0000E-04
9.5193E-05 8.0000E-04
1.1553E-04 8.0000E-04
3.7864E-04 8.0000E-04
2.5529E-04 8.0000E-04
4.6796E-04 8.0000E-04
3.0737E-04 8.0000E-04
2.6836E-04 8.0000E-04
1.6501E-04 8.0000E-04
2.3267E-04 8.0000E-04
2.8826E-04 8.0000E-04
2.0930E-04 8.0000E-04
3.8395E-04 8.0000E-04
1.4529E-04 8.0000E-04
2.9058E-04 8.0000E-04
3.1528E-04 8.0000E-04
2.4877E-04 8.0000E-04
1.5172E-04 8.0000E-04
5.0143E-04 8.0000E-04
3.7726E-04 8.0000E-04
3.0692E-05 8.0000E-04
2.8764E-04 8.0000E-04
1.5721E-04 8.0000E-04
4.2382E-04 8.0000E-04
4.0513E-04 8.0000E-04
3.7183E-05 8.0000E-04
1.6254E-04 8.0000E-04
1.6380E-04 8.0000E-04
5.6528E-04 8.0000E-04
3.3775E-04 8.0000E-04
1.1273E-04 8.0000E-04
1.6786E-04 8.0000E-04
1.5899E-04 8.0000E-04
3.2107E-04 8.0000E-04
3.1992E-04 8.0000E-04
5.7258E-05 8.0000E-04
1.6668E-04 8.0000E-04
1.6825E-04 8.0000E-04
4.4619E-04 8.0000E-04
1.2781E-04 8.0000E-04
2.5562E-04 8.0000E-04
8.8126E-05 8.0000E-04
