Max Step   Target
6.7846E-03 1.8000E-03
2.3088E-02 1.8000E-03
2.5000E-02 1.8000E-03
1.9366E-02 1.8000E-03
1.0409E-02 1.8000E-03
1.5568E-02 1.8000E-03
1.0661E-02 1.8000E-03
2.0702E-03 1.8000E-03
5.1433E-03 1.8000E-03
6.8630E-03 1.8000E-03
9.3745E-03 1.8000E-03
5.1401E-03 1.8000E-03
2.7464E-03 1.8000E-03
6.8043E-03 1.8000E-03
1.1681E-02 1.8000E-03
2.3341E-02 1.8000E-03
2.4861E-03 1.8000E-03
2.5310E-03 1.8000E-03
6.4363E-03 1.8000E-03
1.5428E-02 1.8000E-03
1.9080E-03 1.8000E-03
1.7851E-03 1.8000E-03
3.9958E-03 1.8000E-03
5.8574E-03 1.8000E-03
1.1946E-02 1.8000E-03
1.2032E-03 1.8000E-03
1.0181E-03 1.8000E-03
3.6675E-03 1.8000E-03
8.8942E-03 1.8000E-03
3.7880E-03 1.8000E-03
2.2110E-03 1.8000E-03
2.9911E-03 1.8000E-03
3.8811E-03 1.8000E-03
6.8422E-03 1.8000E-03
1.7952E-03 1.8000E-03
4.8322E-04 1.8000E-03
4.8322E-04 1.8000E-03
