0.000000000000000000e+00 0.000000000000000000e+00
1.479100000000000137e-01 1.562594046385999969e-01
3.877900000000000236e-01 4.344916241630000092e-02
5.287500000000000533e-01 2.029370381090000175e-01
6.669000000000000483e-01 4.314336473042000297e-01
8.141500000000000403e-01 7.788063772211000213e-01
9.718799999999999661e-01 1.121736029663499945e+00
1.122779999999999889e+00 1.879008117780700093e+00
1.274259999999999948e+00 3.227687420860799961e+00
1.426180000000000003e+00 5.494561989086499842e+00
1.580540000000000056e+00 8.517581011756400144e+00
1.739840000000000053e+00 1.152462905186370001e+01
1.904190000000000049e+00 1.356749307273520166e+01
2.072249999999999925e+00 1.414084114343619980e+01
2.235069999999999890e+00 1.369839496418559932e+01
2.392720000000000180e+00 1.316558930871110178e+01
2.556029999999999802e+00 1.310027302641729996e+01
2.717020000000000213e+00 1.361591995029399982e+01
2.876910000000000078e+00 1.391314987929160019e+01
3.023359999999999825e+00 1.362324235281499973e+01
3.162949999999999928e+00 1.317915850057620020e+01
3.327830000000000066e+00 1.294872709288130075e+01
3.514359999999999928e+00 1.287334995879050048e+01
3.658939999999999859e+00 1.267459853121330049e+01
