RMS Step   Target
5.6529E-05 1.2000E-02
3.0424E-03 1.2000E-02
8.5027E-04 1.2000E-02
1.0759E-03 1.2000E-02
1.9624E-03 1.2000E-02
1.7043E-03 1.2000E-02
4.7388E-04 1.2000E-02
0.0000E+00 1.2000E-02
2.0658E-04 1.2000E-02
2.8264E-04 1.2000E-02
1.3417E-03 1.2000E-02
3.7633E-04 1.2000E-02
1.5526E-04 1.2000E-02
1.2511E-03 1.2000E-02
2.0356E-03 1.2000E-02
3.0169E-04 1.2000E-02
2.8054E-04 1.2000E-02
5.5623E-04 1.2000E-02
8.2916E-04 1.2000E-02
1.7004E-03 1.2000E-02
3.8535E-04 1.2000E-02
2.9161E-04 1.2000E-02
3.4278E-04 1.2000E-02
9.0899E-04 1.2000E-02
4.1444E-04 1.2000E-02
3.3085E-04 1.2000E-02
6.9662E-04 1.2000E-02
8.5837E-04 1.2000E-02
1.2757E-04 1.2000E-02
1.5885E-04 1.2000E-02
2.4336E-04 1.2000E-02
