RMS Grad   Target
3.6188E-04 2.0000E-04
1.4077E-04 2.0000E-04
1.1373E-04 2.0000E-04
1.0902E-04 2.0000E-04
1.5484E-04 2.0000E-04
1.2347E-04 2.0000E-04
1.4277E-04 2.0000E-04
2.0147E-04 2.0000E-04
2.0734E-04 2.0000E-04
2.6741E-04 2.0000E-04
1.5276E-04 2.0000E-04
1.2601E-04 2.0000E-04
1.3444E-04 2.0000E-04
2.1119E-04 2.0000E-04
1.1084E-04 2.0000E-04
1.0993E-04 2.0000E-04
1.3442E-04 2.0000E-04
9.2367E-05 2.0000E-04
1.1345E-04 2.0000E-04
1.3807E-04 2.0000E-04
1.2484E-04 2.0000E-04
8.8384E-05 2.0000E-04
8.3177E-05 2.0000E-04
9.2284E-05 2.0000E-04
1.8073E-04 2.0000E-04
6.1924E-05 2.0000E-04
4.6039E-05 2.0000E-04
5.4861E-05 2.0000E-04
8.6633E-05 2.0000E-04
6.8525E-05 2.0000E-04
5.1869E-05 2.0000E-04
6.2224E-05 2.0000E-04
8.6283E-05 2.0000E-04
5.5533E-05 2.0000E-04
4.6975E-05 2.0000E-04
5.0858E-05 2.0000E-04
4.7845E-05 2.0000E-04
1.1960E-04 2.0000E-04
4.1522E-05 2.0000E-04
3.6192E-05 2.0000E-04
5.0473E-05 2.0000E-04
8.4433E-05 2.0000E-04
5.1223E-05 2.0000E-04
4.1710E-05 2.0000E-04
5.7127E-05 2.0000E-04
8.6508E-05 2.0000E-04
4.2310E-05 2.0000E-04
3.5829E-05 2.0000E-04
4.1502E-05 2.0000E-04
7.1086E-05 2.0000E-04
4.4809E-05 2.0000E-04
3.3448E-05 2.0000E-04
4.4561E-05 2.0000E-04
5.9865E-05 2.0000E-04
3.9134E-05 2.0000E-04
3.4931E-05 2.0000E-04
3.9857E-05 2.0000E-04
3.5896E-05 2.0000E-04
5.4404E-05 2.0000E-04
2.9856E-05 2.0000E-04
2.6534E-05 2.0000E-04
3.4137E-05 2.0000E-04
4.7826E-05 2.0000E-04
2.7402E-05 2.0000E-04
3.1481E-05 2.0000E-04
3.7296E-05 2.0000E-04
6.9573E-05 2.0000E-04
2.9082E-05 2.0000E-04
2.4599E-05 2.0000E-04
2.9611E-05 2.0000E-04
5.5799E-05 2.0000E-04
3.0315E-05 2.0000E-04
2.4173E-05 2.0000E-04
2.9045E-05 2.0000E-04
4.8702E-05 2.0000E-04
2.6933E-05 2.0000E-04
2.2951E-05 2.0000E-04
3.1139E-05 2.0000E-04
4.6823E-05 2.0000E-04
3.0718E-05 2.0000E-04
2.4206E-05 2.0000E-04
3.0126E-05 2.0000E-04
2.7346E-05 2.0000E-04
3.7511E-05 2.0000E-04
2.3453E-05 2.0000E-04
2.3582E-05 2.0000E-04
3.2596E-05 2.0000E-04
3.8981E-05 2.0000E-04
2.0651E-05 2.0000E-04
1.9392E-05 2.0000E-04
2.3778E-05 2.0000E-04
3.6957E-05 2.0000E-04
3.6087E-05 2.0000E-04
2.1850E-05 2.0000E-04
2.2666E-05 2.0000E-04
2.7318E-05 2.0000E-04
2.8656E-05 2.0000E-04
2.8682E-05 2.0000E-04
2.1359E-05 2.0000E-04
2.3169E-05 2.0000E-04
2.8111E-05 2.0000E-04
2.1843E-05 2.0000E-04
2.1778E-05 2.0000E-04
2.5694E-05 2.0000E-04
1.9418E-05 2.0000E-04
1.8944E-05 2.0000E-04
2.4803E-05 2.0000E-04
2.1783E-05 2.0000E-04
1.9325E-05 2.0000E-04
2.3207E-05 2.0000E-04
1.9297E-05 2.0000E-04
1.7390E-05 2.0000E-04
2.6536E-05 2.0000E-04
1.8658E-05 2.0000E-04
1.6177E-05 2.0000E-04
1.9536E-05 2.0000E-04
2.4254E-05 2.0000E-04
1.7070E-05 2.0000E-04
1.6086E-05 2.0000E-04
2.4255E-05 2.0000E-04
1.9773E-05 2.0000E-04
1.7313E-05 2.0000E-04
1.6343E-05 2.0000E-04
