RMS Grad   Target
8.5669E-05 2.0000E-04
9.0007E-05 2.0000E-04
6.4526E-05 2.0000E-04
5.3204E-05 2.0000E-04
7.9310E-05 2.0000E-04
6.6043E-05 2.0000E-04
1.1667E-04 2.0000E-04
5.9528E-05 2.0000E-04
4.8470E-05 2.0000E-04
7.1600E-05 2.0000E-04
1.1937E-04 2.0000E-04
5.0427E-05 2.0000E-04
3.8671E-05 2.0000E-04
5.2966E-05 2.0000E-04
6.3060E-05 2.0000E-04
1.4624E-04 2.0000E-04
4.3977E-05 2.0000E-04
3.8127E-05 2.0000E-04
5.0084E-05 2.0000E-04
1.0355E-04 2.0000E-04
5.3769E-05 2.0000E-04
4.0261E-05 2.0000E-04
5.2144E-05 2.0000E-04
8.4461E-05 2.0000E-04
4.8603E-05 2.0000E-04
4.3786E-05 2.0000E-04
5.8484E-05 2.0000E-04
5.6187E-05 2.0000E-04
5.3131E-05 2.0000E-04
6.3515E-05 2.0000E-04
4.8260E-05 2.0000E-04
5.3602E-05 2.0000E-04
6.9659E-05 2.0000E-04
4.9219E-05 2.0000E-04
4.5714E-05 2.0000E-04
5.2585E-05 2.0000E-04
6.1831E-05 2.0000E-04
4.7482E-05 2.0000E-04
4.2945E-05 2.0000E-04
5.1134E-05 2.0000E-04
6.0422E-05 2.0000E-04
3.8452E-05 2.0000E-04
3.8950E-05 2.0000E-04
4.8780E-05 2.0000E-04
4.3196E-05 2.0000E-04
4.1417E-05 2.0000E-04
3.8165E-05 2.0000E-04
3.9024E-05 2.0000E-04
6.2422E-05 2.0000E-04
3.3652E-05 2.0000E-04
3.2300E-05 2.0000E-04
3.6238E-05 2.0000E-04
5.6492E-05 2.0000E-04
3.4002E-05 2.0000E-04
2.9165E-05 2.0000E-04
3.4269E-05 2.0000E-04
6.1253E-05 2.0000E-04
3.3189E-05 2.0000E-04
3.0080E-05 2.0000E-04
3.4953E-05 2.0000E-04
5.6486E-05 2.0000E-04
2.9215E-05 2.0000E-04
3.0297E-05 2.0000E-04
3.6489E-05 2.0000E-04
6.4124E-05 2.0000E-04
3.2339E-05 2.0000E-04
2.9325E-05 2.0000E-04
3.4466E-05 2.0000E-04
5.4658E-05 2.0000E-04
3.0086E-05 2.0000E-04
2.7004E-05 2.0000E-04
3.7549E-05 2.0000E-04
5.2111E-05 2.0000E-04
3.2418E-05 2.0000E-04
2.8481E-05 2.0000E-04
4.1428E-05 2.0000E-04
3.5719E-05 2.0000E-04
4.6393E-05 2.0000E-04
4.2814E-05 2.0000E-04
2.8505E-05 2.0000E-04
2.7220E-05 2.0000E-04
4.1025E-05 2.0000E-04
3.1820E-05 2.0000E-04
3.2734E-05 2.0000E-04
5.0105E-05 2.0000E-04
3.4828E-05 2.0000E-04
3.2769E-05 2.0000E-04
4.7863E-05 2.0000E-04
3.8572E-05 2.0000E-04
3.5971E-05 2.0000E-04
5.2121E-05 2.0000E-04
4.8685E-05 2.0000E-04
4.8223E-05 2.0000E-04
6.0303E-05 2.0000E-04
5.4283E-05 2.0000E-04
4.2776E-05 2.0000E-04
5.0549E-05 2.0000E-04
6.3221E-05 2.0000E-04
5.1217E-05 2.0000E-04
6.7521E-05 2.0000E-04
5.6394E-05 2.0000E-04
5.1814E-05 2.0000E-04
8.1730E-05 2.0000E-04
5.5356E-05 2.0000E-04
6.5445E-05 2.0000E-04
6.5783E-05 2.0000E-04
6.3408E-05 2.0000E-04
5.4021E-05 2.0000E-04
6.6709E-05 2.0000E-04
9.4854E-05 2.0000E-04
5.5188E-05 2.0000E-04
5.9639E-05 2.0000E-04
6.2529E-05 2.0000E-04
8.6163E-05 2.0000E-04
6.7472E-05 2.0000E-04
4.6701E-05 2.0000E-04
5.2090E-05 2.0000E-04
6.7628E-05 2.0000E-04
6.0929E-05 2.0000E-04
6.9738E-05 2.0000E-04
5.6555E-05 2.0000E-04
5.5825E-05 2.0000E-04
9.0651E-05 2.0000E-04
7.3014E-05 2.0000E-04
6.1253E-05 2.0000E-04
7.3724E-05 2.0000E-04
1.2486E-04 2.0000E-04
6.2678E-05 2.0000E-04
5.1689E-05 2.0000E-04
6.4200E-05 2.0000E-04
8.3965E-05 2.0000E-04
8.0601E-05 2.0000E-04
5.2423E-05 2.0000E-04
5.2725E-05 2.0000E-04
7.6875E-05 2.0000E-04
7.7602E-05 2.0000E-04
4.5649E-05 2.0000E-04
4.6976E-05 2.0000E-04
5.5833E-05 2.0000E-04
7.6034E-05 2.0000E-04
5.7863E-05 2.0000E-04
4.0230E-05 2.0000E-04
4.2046E-05 2.0000E-04
5.0710E-05 2.0000E-04
4.8180E-05 2.0000E-04
4.5327E-05 2.0000E-04
4.0393E-05 2.0000E-04
3.9904E-05 2.0000E-04
5.3281E-05 2.0000E-04
3.2702E-05 2.0000E-04
3.1379E-05 2.0000E-04
4.0573E-05 2.0000E-04
4.8281E-05 2.0000E-04
2.9443E-05 2.0000E-04
2.8757E-05 2.0000E-04
3.2633E-05 2.0000E-04
3.8128E-05 2.0000E-04
3.1219E-05 2.0000E-04
2.8913E-05 2.0000E-04
3.1558E-05 2.0000E-04
6.4930E-05 2.0000E-04
2.6480E-05 2.0000E-04
2.3106E-05 2.0000E-04
2.7390E-05 2.0000E-04
4.9757E-05 2.0000E-04
2.6471E-05 2.0000E-04
2.1991E-05 2.0000E-04
2.8912E-05 2.0000E-04
4.5450E-05 2.0000E-04
2.5500E-05 2.0000E-04
2.1169E-05 2.0000E-04
2.8304E-05 2.0000E-04
2.8602E-05 2.0000E-04
3.3637E-05 2.0000E-04
2.2585E-05 2.0000E-04
2.3148E-05 2.0000E-04
2.9371E-05 2.0000E-04
2.4328E-05 2.0000E-04
2.1780E-05 2.0000E-04
2.5036E-05 2.0000E-04
2.6402E-05 2.0000E-04
2.4268E-05 2.0000E-04
2.9359E-05 2.0000E-04
2.3723E-05 2.0000E-04
2.2491E-05 2.0000E-04
3.5958E-05 2.0000E-04
2.6056E-05 2.0000E-04
2.2245E-05 2.0000E-04
3.0277E-05 2.0000E-04
3.9020E-05 2.0000E-04
2.3644E-05 2.0000E-04
2.2363E-05 2.0000E-04
2.5807E-05 2.0000E-04
4.0218E-05 2.0000E-04
2.4423E-05 2.0000E-04
2.4765E-05 2.0000E-04
3.0512E-05 2.0000E-04
6.0162E-05 2.0000E-04
2.5078E-05 2.0000E-04
2.0879E-05 2.0000E-04
2.6555E-05 2.0000E-04
4.2079E-05 2.0000E-04
3.0682E-05 2.0000E-04
2.3387E-05 2.0000E-04
3.2940E-05 2.0000E-04
3.3784E-05 2.0000E-04
3.0012E-05 2.0000E-04
4.2963E-05 2.0000E-04
3.5086E-05 2.0000E-04
3.0754E-05 2.0000E-04
3.7192E-05 2.0000E-04
5.8591E-05 2.0000E-04
3.4687E-05 2.0000E-04
2.7592E-05 2.0000E-04
3.3715E-05 2.0000E-04
5.8526E-05 2.0000E-04
3.5670E-05 2.0000E-04
3.3262E-05 2.0000E-04
4.2654E-05 2.0000E-04
7.2806E-05 2.0000E-04
3.8072E-05 2.0000E-04
3.5672E-05 2.0000E-04
4.4615E-05 2.0000E-04
7.5569E-05 2.0000E-04
4.9303E-05 2.0000E-04
3.9770E-05 2.0000E-04
6.3358E-05 2.0000E-04
7.9691E-05 2.0000E-04
5.1581E-05 2.0000E-04
4.6599E-05 2.0000E-04
5.0295E-05 2.0000E-04
7.0490E-05 2.0000E-04
7.1884E-05 2.0000E-04
4.7349E-05 2.0000E-04
5.0683E-05 2.0000E-04
6.1808E-05 2.0000E-04
6.5850E-05 2.0000E-04
6.6847E-05 2.0000E-04
5.6890E-05 2.0000E-04
6.7241E-05 2.0000E-04
1.1316E-04 2.0000E-04
5.9775E-05 2.0000E-04
6.2503E-05 2.0000E-04
8.0388E-05 2.0000E-04
9.1594E-05 2.0000E-04
1.0286E-04 2.0000E-04
6.5522E-05 2.0000E-04
6.7625E-05 2.0000E-04
9.0025E-05 2.0000E-04
1.1001E-04 2.0000E-04
6.6056E-05 2.0000E-04
7.0535E-05 2.0000E-04
8.5773E-05 2.0000E-04
1.4842E-04 2.0000E-04
7.6226E-05 2.0000E-04
7.3860E-05 2.0000E-04
9.2432E-05 2.0000E-04
1.6501E-04 2.0000E-04
7.6327E-05 2.0000E-04
6.8065E-05 2.0000E-04
8.4718E-05 2.0000E-04
1.5286E-04 2.0000E-04
9.2277E-05 2.0000E-04
7.5251E-05 2.0000E-04
1.0791E-04 2.0000E-04
1.4292E-04 2.0000E-04
9.6190E-05 2.0000E-04
1.0490E-04 2.0000E-04
1.1446E-04 2.0000E-04
9.2761E-05 2.0000E-04
1.1334E-04 2.0000E-04
1.1368E-04 2.0000E-04
8.9246E-05 2.0000E-04
8.4333E-05 2.0000E-04
1.2323E-04 2.0000E-04
8.9211E-05 2.0000E-04
9.0518E-05 2.0000E-04
1.2270E-04 2.0000E-04
8.0256E-05 2.0000E-04
7.2991E-05 2.0000E-04
8.3714E-05 2.0000E-04
8.1291E-05 2.0000E-04
9.2131E-05 2.0000E-04
6.4262E-05 2.0000E-04
6.2394E-05 2.0000E-04
8.6564E-05 2.0000E-04
6.5617E-05 2.0000E-04
5.7706E-05 2.0000E-04
6.9046E-05 2.0000E-04
6.4129E-05 2.0000E-04
5.3973E-05 2.0000E-04
6.3591E-05 2.0000E-04
6.5826E-05 2.0000E-04
5.2249E-05 2.0000E-04
6.6074E-05 2.0000E-04
7.3950E-05 2.0000E-04
5.7230E-05 2.0000E-04
6.2063E-05 2.0000E-04
1.0535E-04 2.0000E-04
6.1292E-05 2.0000E-04
5.5669E-05 2.0000E-04
5.9846E-05 2.0000E-04
6.9784E-05 2.0000E-04
7.2025E-05 2.0000E-04
5.7715E-05 2.0000E-04
5.9355E-05 2.0000E-04
8.9305E-05 2.0000E-04
5.3249E-05 2.0000E-04
4.9187E-05 2.0000E-04
6.8671E-05 2.0000E-04
7.0216E-05 2.0000E-04
5.3104E-05 2.0000E-04
5.7636E-05 2.0000E-04
7.6394E-05 2.0000E-04
5.3483E-05 2.0000E-04
5.8869E-05 2.0000E-04
6.3386E-05 2.0000E-04
5.2046E-05 2.0000E-04
6.5231E-05 2.0000E-04
6.5231E-05 2.0000E-04
9.4730E-05 2.0000E-04
5.2656E-05 2.0000E-04
4.4265E-05 2.0000E-04
5.6383E-05 2.0000E-04
7.4418E-05 2.0000E-04
4.5720E-05 2.0000E-04
4.6095E-05 2.0000E-04
5.5823E-05 2.0000E-04
5.7902E-05 2.0000E-04
5.5111E-05 2.0000E-04
4.6458E-05 2.0000E-04
5.2847E-05 2.0000E-04
6.7487E-05 2.0000E-04
4.2761E-05 2.0000E-04
4.3974E-05 2.0000E-04
5.4576E-05 2.0000E-04
4.4237E-05 2.0000E-04
6.0421E-05 2.0000E-04
4.1133E-05 2.0000E-04
3.9863E-05 2.0000E-04
5.6460E-05 2.0000E-04
4.8859E-05 2.0000E-04
3.8255E-05 2.0000E-04
3.8552E-05 2.0000E-04
4.9052E-05 2.0000E-04
3.7475E-05 2.0000E-04
4.0420E-05 2.0000E-04
4.3343E-05 2.0000E-04
3.6823E-05 2.0000E-04
4.2515E-05 2.0000E-04
5.3218E-05 2.0000E-04
3.6069E-05 2.0000E-04
3.2011E-05 2.0000E-04
4.2492E-05 2.0000E-04
3.6278E-05 2.0000E-04
5.9180E-05 2.0000E-04
3.3242E-05 2.0000E-04
3.1551E-05 2.0000E-04
3.9810E-05 2.0000E-04
6.9309E-05 2.0000E-04
3.2835E-05 2.0000E-04
2.8544E-05 2.0000E-04
3.2402E-05 2.0000E-04
6.3762E-05 2.0000E-04
2.9636E-05 2.0000E-04
2.6153E-05 2.0000E-04
3.3769E-05 2.0000E-04
5.7615E-05 2.0000E-04
3.2707E-05 2.0000E-04
2.7769E-05 2.0000E-04
3.0277E-05 2.0000E-04
3.9401E-05 2.0000E-04
3.5518E-05 2.0000E-04
2.7638E-05 2.0000E-04
3.2632E-05 2.0000E-04
3.8005E-05 2.0000E-04
3.0465E-05 2.0000E-04
3.6334E-05 2.0000E-04
3.3878E-05 2.0000E-04
3.0798E-05 2.0000E-04
4.4414E-05 2.0000E-04
4.6940E-05 2.0000E-04
2.8255E-05 2.0000E-04
2.4884E-05 2.0000E-04
2.9356E-05 2.0000E-04
5.8539E-05 2.0000E-04
2.9555E-05 2.0000E-04
2.4993E-05 2.0000E-04
2.9333E-05 2.0000E-04
5.7609E-05 2.0000E-04
3.1088E-05 2.0000E-04
2.6367E-05 2.0000E-04
2.8953E-05 2.0000E-04
4.9011E-05 2.0000E-04
3.5360E-05 2.0000E-04
2.6693E-05 2.0000E-04
3.9093E-05 2.0000E-04
3.9509E-05 2.0000E-04
3.2961E-05 2.0000E-04
3.4504E-05 2.0000E-04
5.5152E-05 2.0000E-04
3.3336E-05 2.0000E-04
2.7571E-05 2.0000E-04
3.0574E-05 2.0000E-04
5.2192E-05 2.0000E-04
4.7575E-05 2.0000E-04
2.6264E-05 2.0000E-04
2.7870E-05 2.0000E-04
3.5259E-05 2.0000E-04
3.6808E-05 2.0000E-04
5.8290E-05 2.0000E-04
2.9657E-05 2.0000E-04
2.8457E-05 2.0000E-04
3.5411E-05 2.0000E-04
7.1915E-05 2.0000E-04
3.3741E-05 2.0000E-04
3.0171E-05 2.0000E-04
3.8367E-05 2.0000E-04
4.9625E-05 2.0000E-04
4.1617E-05 2.0000E-04
3.2428E-05 2.0000E-04
4.6410E-05 2.0000E-04
5.5396E-05 2.0000E-04
4.1687E-05 2.0000E-04
5.6468E-05 2.0000E-04
4.6755E-05 2.0000E-04
4.9133E-05 2.0000E-04
5.7749E-05 2.0000E-04
6.2158E-05 2.0000E-04
4.1783E-05 2.0000E-04
4.1306E-05 2.0000E-04
5.1941E-05 2.0000E-04
5.1610E-05 2.0000E-04
4.7844E-05 2.0000E-04
4.3356E-05 2.0000E-04
4.9777E-05 2.0000E-04
4.8387E-05 2.0000E-04
3.9629E-05 2.0000E-04
4.8466E-05 2.0000E-04
5.8075E-05 2.0000E-04
4.5305E-05 2.0000E-04
6.1984E-05 2.0000E-04
4.0556E-05 2.0000E-04
3.7243E-05 2.0000E-04
4.6435E-05 2.0000E-04
6.3388E-05 2.0000E-04
3.9856E-05 2.0000E-04
3.3779E-05 2.0000E-04
4.4397E-05 2.0000E-04
5.6802E-05 2.0000E-04
3.8942E-05 2.0000E-04
3.5351E-05 2.0000E-04
4.4532E-05 2.0000E-04
4.2289E-05 2.0000E-04
4.6363E-05 2.0000E-04
3.3820E-05 2.0000E-04
3.5640E-05 2.0000E-04
4.2447E-05 2.0000E-04
3.9205E-05 2.0000E-04
3.5629E-05 2.0000E-04
4.1368E-05 2.0000E-04
3.8539E-05 2.0000E-04
3.5375E-05 2.0000E-04
4.5496E-05 2.0000E-04
4.4821E-05 2.0000E-04
3.7495E-05 2.0000E-04
3.8978E-05 2.0000E-04
4.2412E-05 2.0000E-04
3.6823E-05 2.0000E-04
5.2114E-05 2.0000E-04
3.4774E-05 2.0000E-04
3.3817E-05 2.0000E-04
4.2876E-05 2.0000E-04
7.2375E-05 2.0000E-04
3.6911E-05 2.0000E-04
3.1557E-05 2.0000E-04
3.4336E-05 2.0000E-04
6.6691E-05 2.0000E-04
3.5878E-05 2.0000E-04
3.0362E-05 2.0000E-04
4.0527E-05 2.0000E-04
6.3755E-05 2.0000E-04
3.7131E-05 2.0000E-04
3.2473E-05 2.0000E-04
3.4039E-05 2.0000E-04
5.7338E-05 2.0000E-04
4.2770E-05 2.0000E-04
3.1128E-05 2.0000E-04
3.2117E-05 2.0000E-04
5.7545E-05 2.0000E-04
3.6898E-05 2.0000E-04
3.3504E-05 2.0000E-04
3.6566E-05 2.0000E-04
3.6272E-05 2.0000E-04
5.7428E-05 2.0000E-04
3.2334E-05 2.0000E-04
2.8745E-05 2.0000E-04
3.3080E-05 2.0000E-04
6.0183E-05 2.0000E-04
3.0361E-05 2.0000E-04
2.9258E-05 2.0000E-04
3.5083E-05 2.0000E-04
6.7592E-05 2.0000E-04
3.1526E-05 2.0000E-04
2.8049E-05 2.0000E-04
3.3018E-05 2.0000E-04
5.9296E-05 2.0000E-04
3.3361E-05 2.0000E-04
2.7603E-05 2.0000E-04
3.9972E-05 2.0000E-04
4.7216E-05 2.0000E-04
3.2112E-05 2.0000E-04
3.3568E-05 2.0000E-04
4.1281E-05 2.0000E-04
3.5154E-05 2.0000E-04
5.6433E-05 2.0000E-04
3.3485E-05 2.0000E-04
3.2442E-05 2.0000E-04
4.1658E-05 2.0000E-04
8.1405E-05 2.0000E-04
3.3559E-05 2.0000E-04
2.6406E-05 2.0000E-04
3.6003E-05 2.0000E-04
4.4737E-05 2.0000E-04
1.0640E-04 2.0000E-04
3.1430E-05 2.0000E-04
2.6359E-05 2.0000E-04
3.6509E-05 2.0000E-04
5.6162E-05 2.0000E-04
3.7881E-05 2.0000E-04
3.0720E-05 2.0000E-04
4.8042E-05 2.0000E-04
4.4990E-05 2.0000E-04
4.1950E-05 2.0000E-04
4.7905E-05 2.0000E-04
3.8487E-05 2.0000E-04
3.6256E-05 2.0000E-04
3.7230E-05 2.0000E-04
4.3963E-05 2.0000E-04
3.9961E-05 2.0000E-04
3.8336E-05 2.0000E-04
4.9796E-05 2.0000E-04
3.7571E-05 2.0000E-04
3.6375E-05 2.0000E-04
4.8509E-05 2.0000E-04
5.7242E-05 2.0000E-04
3.8941E-05 2.0000E-04
4.5403E-05 2.0000E-04
3.9108E-05 2.0000E-04
3.3608E-05 2.0000E-04
4.1984E-05 2.0000E-04
4.5312E-05 2.0000E-04
3.5921E-05 2.0000E-04
3.6070E-05 2.0000E-04
4.8304E-05 2.0000E-04
3.4390E-05 2.0000E-04
3.8912E-05 2.0000E-04
4.3747E-05 2.0000E-04
3.7329E-05 2.0000E-04
5.0991E-05 2.0000E-04
3.9042E-05 2.0000E-04
3.7948E-05 2.0000E-04
4.8226E-05 2.0000E-04
4.7909E-05 2.0000E-04
3.4195E-05 2.0000E-04
3.6663E-05 2.0000E-04
4.2527E-05 2.0000E-04
4.0960E-05 2.0000E-04
5.8191E-05 2.0000E-04
3.6217E-05 2.0000E-04
3.4043E-05 2.0000E-04
4.1104E-05 2.0000E-04
4.9844E-05 2.0000E-04
3.9486E-05 2.0000E-04
4.0014E-05 2.0000E-04
4.7024E-05 2.0000E-04
4.5045E-05 2.0000E-04
4.2432E-05 2.0000E-04
4.2987E-05 2.0000E-04
4.9546E-05 2.0000E-04
4.7121E-05 2.0000E-04
4.4469E-05 2.0000E-04
5.1632E-05 2.0000E-04
4.6518E-05 2.0000E-04
3.6651E-05 2.0000E-04
5.0657E-05 2.0000E-04
5.4940E-05 2.0000E-04
4.4474E-05 2.0000E-04
5.6979E-05 2.0000E-04
6.9372E-05 2.0000E-04
4.9479E-05 2.0000E-04
4.4781E-05 2.0000E-04
5.6841E-05 2.0000E-04
5.4417E-05 2.0000E-04
9.7767E-05 2.0000E-04
6.2599E-05 2.0000E-04
1.1781E-04 2.0000E-04
4.7639E-05 2.0000E-04
3.9898E-05 2.0000E-04
5.7481E-05 2.0000E-04
9.4000E-05 2.0000E-04
5.6064E-05 2.0000E-04
4.7358E-05 2.0000E-04
6.0056E-05 2.0000E-04
7.0146E-05 2.0000E-04
5.7593E-05 2.0000E-04
5.9580E-05 2.0000E-04
6.6758E-05 2.0000E-04
5.9435E-05 2.0000E-04
8.0534E-05 2.0000E-04
7.9303E-05 2.0000E-04
8.0867E-05 2.0000E-04
5.6818E-05 2.0000E-04
5.9182E-05 2.0000E-04
8.6416E-05 2.0000E-04
8.4880E-05 2.0000E-04
6.3557E-05 2.0000E-04
7.0105E-05 2.0000E-04
8.5878E-05 2.0000E-04
7.4517E-05 2.0000E-04
1.0601E-04 2.0000E-04
6.9171E-05 2.0000E-04
6.6058E-05 2.0000E-04
9.4395E-05 2.0000E-04
8.2204E-05 2.0000E-04
6.9640E-05 2.0000E-04
7.0754E-05 2.0000E-04
7.5245E-05 2.0000E-04
6.6958E-05 2.0000E-04
8.4916E-05 2.0000E-04
5.4836E-05 2.0000E-04
5.0667E-05 2.0000E-04
7.1793E-05 2.0000E-04
7.4208E-05 2.0000E-04
4.6758E-05 2.0000E-04
4.6273E-05 2.0000E-04
5.9068E-05 2.0000E-04
5.5443E-05 2.0000E-04
6.1146E-05 2.0000E-04
4.4883E-05 2.0000E-04
4.3582E-05 2.0000E-04
5.9813E-05 2.0000E-04
4.2659E-05 2.0000E-04
3.8776E-05 2.0000E-04
4.7770E-05 2.0000E-04
5.0790E-05 2.0000E-04
3.7837E-05 2.0000E-04
3.7023E-05 2.0000E-04
4.4791E-05 2.0000E-04
4.1238E-05 2.0000E-04
4.3698E-05 2.0000E-04
3.3482E-05 2.0000E-04
3.2535E-05 2.0000E-04
4.3950E-05 2.0000E-04
3.4870E-05 2.0000E-04
2.9909E-05 2.0000E-04
3.3063E-05 2.0000E-04
5.7728E-05 2.0000E-04
2.9602E-05 2.0000E-04
2.5257E-05 2.0000E-04
2.9168E-05 2.0000E-04
5.6977E-05 2.0000E-04
2.6043E-05 2.0000E-04
2.3085E-05 2.0000E-04
2.8409E-05 2.0000E-04
4.2980E-05 2.0000E-04
2.6747E-05 2.0000E-04
2.2845E-05 2.0000E-04
2.5392E-05 2.0000E-04
3.1373E-05 2.0000E-04
3.0247E-05 2.0000E-04
2.2071E-05 2.0000E-04
2.3082E-05 2.0000E-04
2.8741E-05 2.0000E-04
2.3092E-05 2.0000E-04
2.8569E-05 2.0000E-04
2.2444E-05 2.0000E-04
1.9920E-05 2.0000E-04
2.9949E-05 2.0000E-04
2.9949E-05 2.0000E-04
3.2375E-05 2.0000E-04
2.0829E-05 2.0000E-04
1.7914E-05 2.0000E-04
2.1305E-05 2.0000E-04
2.1301E-05 2.0000E-04
3.0572E-05 2.0000E-04
1.9003E-05 2.0000E-04
1.6945E-05 2.0000E-04
2.0823E-05 2.0000E-04
2.9694E-05 2.0000E-04
1.7334E-05 2.0000E-04
1.6616E-05 2.0000E-04
2.0838E-05 2.0000E-04
2.9971E-05 2.0000E-04
1.6924E-05 2.0000E-04
1.6591E-05 2.0000E-04
1.8785E-05 2.0000E-04
2.8852E-05 2.0000E-04
1.7305E-05 2.0000E-04
1.5108E-05 2.0000E-04
1.8215E-05 2.0000E-04
3.0621E-05 2.0000E-04
1.6468E-05 2.0000E-04
1.3975E-05 2.0000E-04
1.5186E-05 2.0000E-04
3.0418E-05 2.0000E-04
1.7616E-05 2.0000E-04
1.2137E-05 2.0000E-04
1.3596E-05 2.0000E-04
2.2120E-05 2.0000E-04
1.5306E-05 2.0000E-04
1.3063E-05 2.0000E-04
1.8152E-05 2.0000E-04
1.3534E-05 2.0000E-04
1.2658E-05 2.0000E-04
1.9262E-05 2.0000E-04
1.3739E-05 2.0000E-04
1.1798E-05 2.0000E-04
1.5026E-05 2.0000E-04
1.7633E-05 2.0000E-04
1.1278E-05 2.0000E-04
1.2156E-05 2.0000E-04
1.4583E-05 2.0000E-04
1.2174E-05 2.0000E-04
1.3379E-05 2.0000E-04
1.2601E-05 2.0000E-04
1.1395E-05 2.0000E-04
1.3185E-05 2.0000E-04
1.3329E-05 2.0000E-04
1.0621E-05 2.0000E-04
1.2684E-05 2.0000E-04
1.4894E-05 2.0000E-04
1.0492E-05 2.0000E-04
1.0818E-05 2.0000E-04
1.1094E-05 2.0000E-04
