RMS Grad   Target
1.0449E-03 3.0000E-03
1.0201E-03 3.0000E-03
7.5773E-04 3.0000E-03
5.7322E-04 3.0000E-03
4.4466E-04 3.0000E-03
4.2129E-04 3.0000E-03
4.3120E-04 3.0000E-03
4.3960E-04 3.0000E-03
3.9212E-04 3.0000E-03
7.7321E-04 3.0000E-03
3.7944E-04 3.0000E-03
1.5573E-04 3.0000E-03
1.3483E-04 3.0000E-03
1.2362E-04 3.0000E-03
3.7388E-04 3.0000E-03
4.9690E-04 3.0000E-03
1.7862E-04 3.0000E-03
1.2522E-04 3.0000E-03
2.3274E-04 3.0000E-03
2.6004E-04 3.0000E-03
4.8148E-04 3.0000E-03
1.1823E-04 3.0000E-03
8.9860E-05 3.0000E-03
7.6948E-05 3.0000E-03
1.1184E-04 3.0000E-03
1.2465E-04 3.0000E-03
1.0190E-04 3.0000E-03
1.0245E-04 3.0000E-03
1.9781E-04 3.0000E-03
8.5180E-05 3.0000E-03
5.9871E-05 3.0000E-03
6.6966E-05 3.0000E-03
