RMS Step   Target
5.7307E-05 1.2000E-02
3.5857E-03 1.2000E-02
1.0288E-03 1.2000E-02
0.0000E+00 1.2000E-02
6.1099E-05 1.2000E-02
7.0988E-04 1.2000E-02
8.1025E-04 1.2000E-02
3.2015E-03 1.2000E-02
5.6314E-03 1.2000E-02
1.7533E-03 1.2000E-02
5.9323E-04 1.2000E-02
1.2453E-04 1.2000E-02
2.8653E-04 1.2000E-02
3.3349E-03 1.2000E-02
1.2743E-03 1.2000E-02
1.0064E-03 1.2000E-02
2.4794E-04 1.2000E-02
1.4272E-03 1.2000E-02
1.3749E-03 1.2000E-02
1.7006E-03 1.2000E-02
4.2938E-04 1.2000E-02
5.0241E-04 1.2000E-02
5.1977E-04 1.2000E-02
8.3368E-04 1.2000E-02
6.4036E-04 1.2000E-02
4.3244E-04 1.2000E-02
1.2658E-03 1.2000E-02
1.2335E-03 1.2000E-02
1.7256E-04 1.2000E-02
4.4125E-04 1.2000E-02
4.9622E-04 1.2000E-02
