Max Step   Target
9.4324E-03 1.8000E-03
2.5000E-02 1.8000E-03
2.5000E-02 1.8000E-03
2.5000E-02 1.8000E-03
1.3766E-02 1.8000E-03
1.2567E-02 1.8000E-03
7.8431E-03 1.8000E-03
1.3463E-02 1.8000E-03
2.3790E-02 1.8000E-03
9.7578E-03 1.8000E-03
5.5745E-03 1.8000E-03
2.2618E-03 1.8000E-03
4.1717E-03 1.8000E-03
7.4556E-03 1.8000E-03
1.3005E-02 1.8000E-03
2.0114E-03 1.8000E-03
1.5618E-03 1.8000E-03
3.1673E-03 1.8000E-03
3.5538E-03 1.8000E-03
2.0653E-03 1.8000E-03
4.4504E-04 1.8000E-03
4.4504E-04 1.8000E-03
