573.2
110.0
113.5
114.7
112.0
115.7
111.4
111.0
114.8
115.5
114.8
113.7
116.2
112.0
109.8
114.9
118.9
115.4
113.3
114.9
113.2
110.9
113.3
116.2
115.3
114.3
114.8
110.8
110.9
115.6
116.0
114.7
113.1
113.7
111.5
112.0
116.0
116.7
114.6
115.2
115.4
112.9
109.9
114.3
117.7
117.4
113.6
110.2
110.6
110.8
115.6
113.3
114.1
113.7
109.0
110.9
114.7
112.4
114.4
114.2
113.3
112.1
115.1
117.4
117.0
115.9
114.4
116.3
110.4
109.5
115.6
117.4
115.6
113.1
115.7
110.8
111.5
115.3
116.4
115.5
115.2
112.6
111.3
110.0
115.0
114.9
115.0
115.8
116.7
113.8
109.8
115.1
116.0
117.7
115.7
113.5
115.5
113.0
108.7
114.0
118.3
114.2
115.1
115.9
114.2
112.5
113.0
116.2
115.5
116.3
113.9
115.9
114.7
111.2
114.9
115.5
115.0
116.0
116.3
114.1
113.5
109.8
113.9
116.5
116.4
114.1
113.2
114.0
109.8
113.6
117.0
118.9
115.7
114.5
115.6
115.8
110.8
113.0
114.6
119.5
116.4
115.1
113.1
118.3
115.8
113.0
110.6
118.3
115.2
118.4
115.5
115.5
115.0
114.9
111.6
112.7
115.4
118.6
116.6
114.2
114.3
116.7
110.2
112.7
116.1
117.1
118.0
114.5
114.0
115.3
111.3
110.7
114.7
117.8
116.6
113.3
114.3
113.4
110.8
115.7
115.0
117.8
116.2
113.3
115.2
111.4
110.2
113.3
114.5
113.9
115.7
113.7
108.0
115.7
116.6
115.9
115.6
114.9
116.1
112.7
111.4
113.9
116.4
115.9
113.3
115.9
115.6
111.2
112.8
114.1
115.5
114.1
113.7
110.8
109.7
113.1
116.6
111.2
115.0
111.3
110.2
114.7
113.1
112.5
113.6
109.6
114.1
113.9
116.0
112.8
114.8
113.2
111.4
115.4
116.2
118.2
115.3
112.2
114.2
112.0
110.8
114.4
114.7
113.6
115.5
112.0
111.6
113.8
117.6
119.1
118.1
116.0
116.6
114.1
116.6
112.8
110.1
116.0
117.5
116.5
114.9
112.9
115.2
112.8
111.7
115.1
118.2
118.9
116.3
114.5
113.1
114.6
111.5
113.7
117.6
117.8
118.5
118.0
115.9
114.7
116.2
115.9
115.5
112.3
114.4
117.3
116.8
118.6
116.5
114.9
115.3
116.8
115.4
110.7
114.6
115.4
116.8
113.8
114.0
117.4
115.5
109.2
113.3
116.2
119.3
115.2
117.4
113.7
115.8
114.4
110.6
115.3
117.2
117.2
115.7
115.2
115.5
118.0
116.1
111.5
112.9
116.7
117.4
119.6
117.4
116.6
116.0
114.9
117.1
113.9
110.5
113.6
118.5
117.5
114.0
113.2
118.9
117.7
115.1
109.3
114.9
117.0
118.0
118.2
117.2
115.4
113.9
115.5
112.8
109.9
117.8
117.3
118.3
118.8
115.5
113.6
117.7
120.3
119.7
118.4
114.7
110.5
111.8
119.7
118.5
121.0
117.3
116.6
115.3
114.1
116.9
117.7
112.6
112.7
114.6
118.9
118.3
119.1
118.7
118.4
116.4
113.8
115.1
115.2
113.3
112.8
117.2
116.2
117.2
116.2
113.0
115.6
116.5
114.0
113.7
113.9
117.1
117.5
116.1
114.1
115.7
118.3
114.4
110.0
116.0
118.4
120.3
116.9
118.0
118.7
116.3
116.2
113.3
116.8
111.3
111.1
116.2
118.0
118.2
117.8
115.1
116.3
114.7
116.2
110.9
111.5
118.2
117.7
117.2
116.0
115.9
115.0
115.8
111.9
111.9
116.6
118.3
118.3
119.8
118.8
117.0
114.5
113.2
116.3
113.2
113.6
114.2
118.2
118.6
116.8
115.1
114.4
116.5
115.3
112.9
113.0
116.4
116.2
119.2
118.2
119.3
120.8
119.2
114.7
114.2
114.9
114.9
110.2
114.3
118.3
117.9
117.4
117.8
115.9
114.1
116.7
114.4
111.4
114.3
116.1
117.8
117.5
113.7
113.5
115.5
113.5
112.4
115.5
118.3
117.9
119.5
120.7
119.1
119.9
119.0
119.0
117.4
116.1
114.4
115.3
112.9
111.4
112.8
117.9
118.9
115.5
115.5
114.8
114.3
112.8
112.4
116.0
118.1
116.7
113.8
114.1
118.0
114.6
111.8
113.8
116.3
117.8
118.5
115.9
115.3
113.7
117.4
112.3
111.9
115.6
117.2
118.0
117.5
114.8
113.7
116.4
113.4
114.9
113.6
115.2
116.9
575.8
113.4
113.6
117.4
115.3
121.5
117.7
118.4
121.0
118.1
122.9
119.6
119.1
119.1
120.8
135.5
113.4
