RMS Step   Target
5.7061E-05 1.2000E-02
2.3564E-03 1.2000E-02
9.4118E-04 1.2000E-02
3.4508E-03 1.2000E-02
1.4826E-03 1.2000E-02
5.7081E-04 1.2000E-02
7.1806E-04 1.2000E-02
0.0000E+00 1.2000E-02
1.0821E-04 1.2000E-02
2.7386E-04 1.2000E-02
5.0633E-04 1.2000E-02
1.1331E-03 1.2000E-02
1.3509E-03 1.2000E-02
1.2300E-03 1.2000E-02
6.7863E-04 1.2000E-02
2.8531E-04 1.2000E-02
7.4511E-04 1.2000E-02
5.1637E-04 1.2000E-02
3.1053E-04 1.2000E-02
2.0295E-04 1.2000E-02
6.3684E-04 1.2000E-02
9.8573E-04 1.2000E-02
4.3062E-04 1.2000E-02
7.1483E-04 1.2000E-02
8.3710E-04 1.2000E-02
1.4208E-03 1.2000E-02
1.4940E-04 1.2000E-02
1.0360E-04 1.2000E-02
2.7976E-04 1.2000E-02
4.3145E-04 1.2000E-02
5.5374E-04 1.2000E-02
