RMS Grad   Target
1.3740E-03 3.0000E-03
1.3280E-03 3.0000E-03
7.2226E-04 3.0000E-03
6.3105E-04 3.0000E-03
6.2018E-04 3.0000E-03
8.2042E-04 3.0000E-03
3.0652E-04 3.0000E-03
2.0893E-04 3.0000E-03
1.9538E-04 3.0000E-03
1.7838E-04 3.0000E-03
1.5461E-04 3.0000E-03
1.2634E-04 3.0000E-03
1.6986E-04 3.0000E-03
2.2178E-04 3.0000E-03
2.2140E-04 3.0000E-03
1.4484E-04 3.0000E-03
1.3661E-04 3.0000E-03
8.3336E-05 3.0000E-03
1.4829E-04 3.0000E-03
8.0437E-05 3.0000E-03
7.7482E-05 3.0000E-03
8.7885E-05 3.0000E-03
1.7866E-04 3.0000E-03
9.6633E-05 3.0000E-03
8.1336E-05 3.0000E-03
9.5500E-05 3.0000E-03
2.3415E-04 3.0000E-03
6.1985E-05 3.0000E-03
4.1921E-05 3.0000E-03
5.2119E-05 3.0000E-03
7.3351E-05 3.0000E-03
7.9530E-05 3.0000E-03
