RMS Grad   Target
4.0503E-04 2.0000E-04
3.3207E-04 2.0000E-04
2.7910E-04 2.0000E-04
2.4082E-04 2.0000E-04
2.1245E-04 2.0000E-04
1.9086E-04 2.0000E-04
1.7391E-04 2.0000E-04
1.6038E-04 2.0000E-04
1.4918E-04 2.0000E-04
1.3983E-04 2.0000E-04
1.3164E-04 2.0000E-04
1.2465E-04 2.0000E-04
1.1839E-04 2.0000E-04
1.1299E-04 2.0000E-04
1.0797E-04 2.0000E-04
1.0364E-04 2.0000E-04
9.9486E-05 2.0000E-04
9.5888E-05 2.0000E-04
9.2336E-05 2.0000E-04
8.9334E-05 2.0000E-04
8.6313E-05 2.0000E-04
8.3666E-05 2.0000E-04
8.1028E-05 2.0000E-04
7.8644E-05 2.0000E-04
7.6208E-05 2.0000E-04
7.4614E-05 2.0000E-04
7.2331E-05 2.0000E-04
7.0382E-05 2.0000E-04
6.9428E-05 2.0000E-04
6.7522E-05 2.0000E-04
6.6174E-05 2.0000E-04
6.4705E-05 2.0000E-04
6.3630E-05 2.0000E-04
6.2152E-05 2.0000E-04
6.0973E-05 2.0000E-04
5.9773E-05 2.0000E-04
5.8705E-05 2.0000E-04
5.7550E-05 2.0000E-04
5.6763E-05 2.0000E-04
5.5654E-05 2.0000E-04
5.5167E-05 2.0000E-04
5.4124E-05 2.0000E-04
5.3893E-05 2.0000E-04
5.2967E-05 2.0000E-04
5.3449E-05 2.0000E-04
5.2599E-05 2.0000E-04
5.2995E-05 2.0000E-04
5.2233E-05 2.0000E-04
5.3097E-05 2.0000E-04
5.2395E-05 2.0000E-04
5.3249E-05 2.0000E-04
5.2565E-05 2.0000E-04
5.3103E-05 2.0000E-04
5.2520E-05 2.0000E-04
5.1733E-05 2.0000E-04
5.1118E-05 2.0000E-04
5.2120E-05 2.0000E-04
5.1445E-05 2.0000E-04
5.2450E-05 2.0000E-04
5.1807E-05 2.0000E-04
5.2086E-05 2.0000E-04
5.1500E-05 2.0000E-04
5.0672E-05 2.0000E-04
5.0022E-05 2.0000E-04
4.9965E-05 2.0000E-04
4.9275E-05 2.0000E-04
4.9361E-05 2.0000E-04
4.8817E-05 2.0000E-04
4.7881E-05 2.0000E-04
4.7347E-05 2.0000E-04
4.7033E-05 2.0000E-04
4.6331E-05 2.0000E-04
4.6359E-05 2.0000E-04
4.5701E-05 2.0000E-04
4.6220E-05 2.0000E-04
4.5643E-05 2.0000E-04
4.5540E-05 2.0000E-04
4.5002E-05 2.0000E-04
4.4299E-05 2.0000E-04
4.3770E-05 2.0000E-04
4.4695E-05 2.0000E-04
4.3699E-05 2.0000E-04
4.4128E-05 2.0000E-04
4.3573E-05 2.0000E-04
4.3432E-05 2.0000E-04
4.3260E-05 2.0000E-04
4.2652E-05 2.0000E-04
4.2389E-05 2.0000E-04
4.2095E-05 2.0000E-04
4.1499E-05 2.0000E-04
4.1576E-05 2.0000E-04
4.1002E-05 2.0000E-04
4.1466E-05 2.0000E-04
4.0829E-05 2.0000E-04
4.1974E-05 2.0000E-04
4.1287E-05 2.0000E-04
4.2475E-05 2.0000E-04
4.1694E-05 2.0000E-04
4.2893E-05 2.0000E-04
4.2110E-05 2.0000E-04
4.3008E-05 2.0000E-04
4.2361E-05 2.0000E-04
4.3404E-05 2.0000E-04
4.2612E-05 2.0000E-04
4.3766E-05 2.0000E-04
4.2995E-05 2.0000E-04
4.4181E-05 2.0000E-04
4.3403E-05 2.0000E-04
4.4301E-05 2.0000E-04
4.3595E-05 2.0000E-04
4.4811E-05 2.0000E-04
4.4098E-05 2.0000E-04
4.4615E-05 2.0000E-04
4.4133E-05 2.0000E-04
4.5193E-05 2.0000E-04
4.4447E-05 2.0000E-04
4.5112E-05 2.0000E-04
4.4263E-05 2.0000E-04
4.4770E-05 2.0000E-04
4.4162E-05 2.0000E-04
4.4461E-05 2.0000E-04
4.3962E-05 2.0000E-04
4.4283E-05 2.0000E-04
4.3656E-05 2.0000E-04
4.4345E-05 2.0000E-04
4.3696E-05 2.0000E-04
4.4364E-05 2.0000E-04
4.3532E-05 2.0000E-04
4.4791E-05 2.0000E-04
4.4067E-05 2.0000E-04
4.4825E-05 2.0000E-04
4.4198E-05 2.0000E-04
4.4731E-05 2.0000E-04
4.4075E-05 2.0000E-04
4.3991E-05 2.0000E-04
4.3360E-05 2.0000E-04
4.3860E-05 2.0000E-04
4.3210E-05 2.0000E-04
4.3063E-05 2.0000E-04
4.2476E-05 2.0000E-04
4.3049E-05 2.0000E-04
4.2459E-05 2.0000E-04
4.2816E-05 2.0000E-04
4.1911E-05 2.0000E-04
4.2244E-05 2.0000E-04
4.1456E-05 2.0000E-04
4.2034E-05 2.0000E-04
4.1219E-05 2.0000E-04
4.1856E-05 2.0000E-04
4.1082E-05 2.0000E-04
4.1496E-05 2.0000E-04
4.0847E-05 2.0000E-04
4.1151E-05 2.0000E-04
4.0518E-05 2.0000E-04
4.1517E-05 2.0000E-04
4.0591E-05 2.0000E-04
4.0962E-05 2.0000E-04
4.0223E-05 2.0000E-04
4.0609E-05 2.0000E-04
3.9904E-05 2.0000E-04
3.9993E-05 2.0000E-04
3.9378E-05 2.0000E-04
3.9996E-05 2.0000E-04
3.9228E-05 2.0000E-04
3.9664E-05 2.0000E-04
3.9029E-05 2.0000E-04
3.9777E-05 2.0000E-04
3.9035E-05 2.0000E-04
3.9075E-05 2.0000E-04
3.8366E-05 2.0000E-04
3.8407E-05 2.0000E-04
3.7788E-05 2.0000E-04
3.8000E-05 2.0000E-04
3.7297E-05 2.0000E-04
3.7617E-05 2.0000E-04
3.6940E-05 2.0000E-04
3.7417E-05 2.0000E-04
3.6750E-05 2.0000E-04
3.7050E-05 2.0000E-04
3.6200E-05 2.0000E-04
3.6679E-05 2.0000E-04
3.6010E-05 2.0000E-04
3.6246E-05 2.0000E-04
3.5562E-05 2.0000E-04
3.5808E-05 2.0000E-04
3.5117E-05 2.0000E-04
3.5005E-05 2.0000E-04
3.4352E-05 2.0000E-04
3.4602E-05 2.0000E-04
3.3906E-05 2.0000E-04
3.3624E-05 2.0000E-04
3.2981E-05 2.0000E-04
3.3481E-05 2.0000E-04
3.2747E-05 2.0000E-04
3.2951E-05 2.0000E-04
3.2210E-05 2.0000E-04
3.2370E-05 2.0000E-04
3.1737E-05 2.0000E-04
3.1660E-05 2.0000E-04
3.1024E-05 2.0000E-04
3.1244E-05 2.0000E-04
3.0516E-05 2.0000E-04
3.0729E-05 2.0000E-04
3.0049E-05 2.0000E-04
3.0099E-05 2.0000E-04
2.9391E-05 2.0000E-04
2.9587E-05 2.0000E-04
2.8880E-05 2.0000E-04
2.8902E-05 2.0000E-04
2.8232E-05 2.0000E-04
2.8174E-05 2.0000E-04
2.7584E-05 2.0000E-04
2.7507E-05 2.0000E-04
2.6881E-05 2.0000E-04
2.6979E-05 2.0000E-04
2.6360E-05 2.0000E-04
2.6301E-05 2.0000E-04
2.5735E-05 2.0000E-04
2.5890E-05 2.0000E-04
2.5239E-05 2.0000E-04
2.5272E-05 2.0000E-04
2.4708E-05 2.0000E-04
2.4688E-05 2.0000E-04
2.4146E-05 2.0000E-04
2.4118E-05 2.0000E-04
2.3549E-05 2.0000E-04
2.3722E-05 2.0000E-04
2.3149E-05 2.0000E-04
2.3357E-05 2.0000E-04
2.2802E-05 2.0000E-04
2.2835E-05 2.0000E-04
2.2246E-05 2.0000E-04
2.2270E-05 2.0000E-04
2.1749E-05 2.0000E-04
2.1729E-05 2.0000E-04
2.1185E-05 2.0000E-04
2.1304E-05 2.0000E-04
2.0767E-05 2.0000E-04
2.0863E-05 2.0000E-04
2.0347E-05 2.0000E-04
2.0474E-05 2.0000E-04
2.0004E-05 2.0000E-04
1.9862E-05 2.0000E-04
1.9370E-05 2.0000E-04
1.9598E-05 2.0000E-04
1.9066E-05 2.0000E-04
1.9080E-05 2.0000E-04
1.8601E-05 2.0000E-04
1.8749E-05 2.0000E-04
1.8274E-05 2.0000E-04
1.8269E-05 2.0000E-04
1.7816E-05 2.0000E-04
1.8058E-05 2.0000E-04
1.7588E-05 2.0000E-04
1.7803E-05 2.0000E-04
1.7337E-05 2.0000E-04
1.7537E-05 2.0000E-04
1.7074E-05 2.0000E-04
1.7190E-05 2.0000E-04
1.6763E-05 2.0000E-04
1.6891E-05 2.0000E-04
1.6443E-05 2.0000E-04
1.6484E-05 2.0000E-04
1.6068E-05 2.0000E-04
1.6207E-05 2.0000E-04
1.5834E-05 2.0000E-04
1.6034E-05 2.0000E-04
1.5673E-05 2.0000E-04
1.5771E-05 2.0000E-04
1.5325E-05 2.0000E-04
1.5422E-05 2.0000E-04
1.5032E-05 2.0000E-04
1.5106E-05 2.0000E-04
1.4685E-05 2.0000E-04
1.4963E-05 2.0000E-04
1.4574E-05 2.0000E-04
1.4706E-05 2.0000E-04
1.4341E-05 2.0000E-04
1.4389E-05 2.0000E-04
1.4079E-05 2.0000E-04
1.4357E-05 2.0000E-04
1.3951E-05 2.0000E-04
1.4033E-05 2.0000E-04
1.3668E-05 2.0000E-04
1.4010E-05 2.0000E-04
1.3655E-05 2.0000E-04
1.3615E-05 2.0000E-04
1.3239E-05 2.0000E-04
1.3296E-05 2.0000E-04
1.2959E-05 2.0000E-04
1.3239E-05 2.0000E-04
1.2881E-05 2.0000E-04
1.3093E-05 2.0000E-04
1.2736E-05 2.0000E-04
1.3127E-05 2.0000E-04
1.2745E-05 2.0000E-04
1.3048E-05 2.0000E-04
1.2726E-05 2.0000E-04
1.2992E-05 2.0000E-04
1.2623E-05 2.0000E-04
1.3072E-05 2.0000E-04
1.2677E-05 2.0000E-04
1.2659E-05 2.0000E-04
1.2366E-05 2.0000E-04
1.2943E-05 2.0000E-04
1.2582E-05 2.0000E-04
1.2815E-05 2.0000E-04
1.2485E-05 2.0000E-04
1.3088E-05 2.0000E-04
1.2694E-05 2.0000E-04
1.2857E-05 2.0000E-04
1.2558E-05 2.0000E-04
1.3045E-05 2.0000E-04
1.2654E-05 2.0000E-04
1.2862E-05 2.0000E-04
1.2514E-05 2.0000E-04
1.2971E-05 2.0000E-04
1.2642E-05 2.0000E-04
1.2968E-05 2.0000E-04
1.2623E-05 2.0000E-04
1.3303E-05 2.0000E-04
1.2871E-05 2.0000E-04
1.3026E-05 2.0000E-04
1.2751E-05 2.0000E-04
1.3139E-05 2.0000E-04
1.2782E-05 2.0000E-04
1.3084E-05 2.0000E-04
1.2743E-05 2.0000E-04
1.3185E-05 2.0000E-04
1.2874E-05 2.0000E-04
1.3165E-05 2.0000E-04
1.2809E-05 2.0000E-04
1.3273E-05 2.0000E-04
1.3273E-05 2.0000E-04
1.2632E-05 2.0000E-04
9.6430E-06 2.0000E-04
9.6430E-06 2.0000E-04
