Max Step   Target
6.8234E-03 1.8000E-03
1.2227E-02 1.8000E-03
9.7701E-03 1.8000E-03
2.9659E-03 1.8000E-03
7.9355E-03 1.8000E-03
1.1561E-02 1.8000E-03
1.5122E-02 1.8000E-03
1.2883E-02 1.8000E-03
3.6434E-03 1.8000E-03
4.6171E-03 1.8000E-03
1.0592E-02 1.8000E-03
1.0643E-02 1.8000E-03
3.9252E-03 1.8000E-03
2.8968E-03 1.8000E-03
4.1785E-03 1.8000E-03
7.9944E-03 1.8000E-03
7.1459E-03 1.8000E-03
6.6374E-03 1.8000E-03
8.7100E-03 1.8000E-03
1.9952E-03 1.8000E-03
8.1583E-04 1.8000E-03
1.6913E-03 1.8000E-03
1.3474E-03 1.8000E-03
1.3474E-03 1.8000E-03
