RMS Step   Target
2.2222E-03 1.2000E-03
4.1443E-03 1.2000E-03
3.2425E-03 1.2000E-03
9.3640E-04 1.2000E-03
2.5452E-03 1.2000E-03
3.7736E-03 1.2000E-03
4.8415E-03 1.2000E-03
4.4188E-03 1.2000E-03
9.3966E-04 1.2000E-03
7.2110E-04 1.2000E-03
2.1719E-03 1.2000E-03
2.7695E-03 1.2000E-03
1.5623E-03 1.2000E-03
1.1726E-03 1.2000E-03
1.7086E-03 1.2000E-03
3.1053E-03 1.2000E-03
2.9122E-03 1.2000E-03
1.8076E-03 1.2000E-03
2.1795E-03 1.2000E-03
6.3243E-04 1.2000E-03
2.7748E-04 1.2000E-03
6.1651E-04 1.2000E-03
4.2344E-04 1.2000E-03
4.2344E-04 1.2000E-03
