RMS Grad   Target
9.9088E-04 3.0000E-04
8.1229E-04 3.0000E-04
5.8712E-04 3.0000E-04
5.9627E-04 3.0000E-04
8.2780E-04 3.0000E-04
1.1603E-03 3.0000E-04
5.3510E-04 3.0000E-04
4.0046E-04 3.0000E-04
3.8835E-04 3.0000E-04
9.8129E-04 3.0000E-04
2.3509E-04 3.0000E-04
1.8308E-04 3.0000E-04
2.4883E-04 3.0000E-04
3.3841E-04 3.0000E-04
5.7429E-04 3.0000E-04
2.4049E-04 3.0000E-04
1.9791E-04 3.0000E-04
1.9103E-04 3.0000E-04
4.5685E-04 3.0000E-04
1.1707E-04 3.0000E-04
8.6499E-05 3.0000E-04
9.7124E-05 3.0000E-04
1.2179E-04 3.0000E-04
2.0690E-04 3.0000E-04
8.0806E-05 3.0000E-04
7.3436E-05 3.0000E-04
7.3436E-05 3.0000E-04
