Max Step   Target
4.1074E-03 1.8000E-02
1.3487E-01 1.8000E-02
4.4452E-02 1.8000E-02
1.1132E-01 1.8000E-02
9.1888E-02 1.8000E-02
1.1310E-01 1.8000E-02
2.2058E-02 1.8000E-02
0.0000E+00 1.8000E-02
2.4969E-03 1.8000E-02
3.1142E-03 1.8000E-02
5.4199E-03 1.8000E-02
1.0484E-01 1.8000E-02
1.5225E-02 1.8000E-02
2.7626E-02 1.8000E-02
2.5768E-03 1.8000E-02
1.2554E-02 1.8000E-02
1.2571E-02 1.8000E-02
4.7266E-03 1.8000E-02
9.6082E-03 1.8000E-02
8.2002E-03 1.8000E-02
1.4253E-02 1.8000E-02
9.3755E-03 1.8000E-02
8.7000E-03 1.8000E-02
