526.6
183.8
183.9
170.1
168.9
181.5
184.1
170.2
182.5
178.6
178.4
177.9
184.3
171.0
169.1
176.0
182.6
176.9
182.4
180.1
182.8
182.8
185.7
183.6
233.7
184.3
182.0
186.3
169.7
182.1
182.0
182.1
183.3
179.1
173.6
179.2
175.7
176.4
184.3
177.0
175.3
178.3
173.8
164.4
171.6
173.3
236.4
160.6
165.9
159.1
166.9
169.7
184.2
177.7
186.1
185.7
185.8
182.1
185.4
172.3
179.0
158.6
174.0
187.7
179.0
186.8
187.2
181.3
229.7
145.9
164.9
167.0
154.2
167.9
160.4
178.2
183.5
177.5
184.6
184.2
180.8
173.2
178.1
179.4
187.0
186.4
170.9
183.6
176.2
155.3
221.4
161.8
159.3
169.4
168.0
160.5
154.3
161.3
185.7
181.9
179.2
185.4
195.1
205.1
180.7
185.1
173.8
185.1
185.7
167.4
237.6
167.4
163.8
160.4
157.2
156.3
161.2
160.7
171.7
184.4
174.4
189.4
197.8
198.1
208.2
174.5
232.3
165.0
168.0
161.7
161.1
160.5
165.9
160.7
160.3
180.4
185.0
190.0
212.1
192.1
224.8
172.5
167.4
166.5
160.6
169.1
160.8
170.1
170.0
185.0
180.0
197.1
219.7
183.5
198.1
160.1
226.2
165.9
168.6
165.8
183.8
226.1
210.2
197.2
226.4
196.5
209.4
205.1
217.6
219.3
135.4
198.0
180.4
188.7
138.6
164.7
163.4
140.7
139.5
168.5
162.3
175.8
176.7
