RMS Grad   Target
1.2867E-02 2.0000E-04
1.2623E-02 2.0000E-04
1.0835E-02 2.0000E-04
8.1124E-03 2.0000E-04
5.5540E-03 2.0000E-04
3.8268E-03 2.0000E-04
2.9842E-03 2.0000E-04
2.8743E-03 2.0000E-04
3.0680E-03 2.0000E-04
3.2821E-03 2.0000E-04
3.5149E-03 2.0000E-04
3.6782E-03 2.0000E-04
3.7020E-03 2.0000E-04
3.7281E-03 2.0000E-04
3.7324E-03 2.0000E-04
3.6110E-03 2.0000E-04
3.6113E-03 2.0000E-04
3.4364E-03 2.0000E-04
3.3120E-03 2.0000E-04
3.1203E-03 2.0000E-04
2.9279E-03 2.0000E-04
2.7514E-03 2.0000E-04
2.5349E-03 2.0000E-04
2.3446E-03 2.0000E-04
2.1818E-03 2.0000E-04
1.9635E-03 2.0000E-04
1.7837E-03 2.0000E-04
1.6842E-03 2.0000E-04
1.4825E-03 2.0000E-04
1.3822E-03 2.0000E-04
1.2915E-03 2.0000E-04
1.1722E-03 2.0000E-04
1.1932E-03 2.0000E-04
1.1222E-03 2.0000E-04
1.2228E-03 2.0000E-04
1.1755E-03 2.0000E-04
1.2705E-03 2.0000E-04
1.2316E-03 2.0000E-04
1.2857E-03 2.0000E-04
1.2793E-03 2.0000E-04
1.2892E-03 2.0000E-04
1.3034E-03 2.0000E-04
1.3095E-03 2.0000E-04
1.3258E-03 2.0000E-04
1.3064E-03 2.0000E-04
1.3811E-03 2.0000E-04
1.3380E-03 2.0000E-04
1.4307E-03 2.0000E-04
1.3676E-03 2.0000E-04
1.4744E-03 2.0000E-04
1.3918E-03 2.0000E-04
1.4626E-03 2.0000E-04
1.3688E-03 2.0000E-04
1.3668E-03 2.0000E-04
1.2710E-03 2.0000E-04
1.2637E-03 2.0000E-04
1.1692E-03 2.0000E-04
1.1692E-03 2.0000E-04
1.0858E-03 2.0000E-04
1.1277E-03 2.0000E-04
1.0644E-03 2.0000E-04
1.1946E-03 2.0000E-04
1.1304E-03 2.0000E-04
1.2811E-03 2.0000E-04
1.1982E-03 2.0000E-04
1.3349E-03 2.0000E-04
1.2333E-03 2.0000E-04
1.2842E-03 2.0000E-04
1.1672E-03 2.0000E-04
1.1766E-03 2.0000E-04
1.0550E-03 2.0000E-04
1.0598E-03 2.0000E-04
9.4292E-04 2.0000E-04
9.2613E-04 2.0000E-04
8.2272E-04 2.0000E-04
8.0970E-04 2.0000E-04
7.2775E-04 2.0000E-04
7.2223E-04 2.0000E-04
6.8630E-04 2.0000E-04
6.6852E-04 2.0000E-04
7.0013E-04 2.0000E-04
6.8019E-04 2.0000E-04
7.6959E-04 2.0000E-04
7.3664E-04 2.0000E-04
9.1792E-04 2.0000E-04
8.7182E-04 2.0000E-04
1.0746E-03 2.0000E-04
1.0226E-03 2.0000E-04
1.1385E-03 2.0000E-04
1.0702E-03 2.0000E-04
1.1371E-03 2.0000E-04
1.0555E-03 2.0000E-04
1.1376E-03 2.0000E-04
1.0400E-03 2.0000E-04
1.0886E-03 2.0000E-04
9.7624E-04 2.0000E-04
1.0563E-03 2.0000E-04
9.3614E-04 2.0000E-04
9.8483E-04 2.0000E-04
8.6048E-04 2.0000E-04
8.8322E-04 2.0000E-04
7.6891E-04 2.0000E-04
7.6058E-04 2.0000E-04
6.6461E-04 2.0000E-04
6.5343E-04 2.0000E-04
6.0323E-04 2.0000E-04
5.7154E-04 2.0000E-04
5.7633E-04 2.0000E-04
5.7765E-04 2.0000E-04
5.6769E-04 2.0000E-04
5.7918E-04 2.0000E-04
6.5467E-04 2.0000E-04
6.3623E-04 2.0000E-04
7.7748E-04 2.0000E-04
7.4374E-04 2.0000E-04
9.0505E-04 2.0000E-04
8.3734E-04 2.0000E-04
9.6311E-04 2.0000E-04
8.6012E-04 2.0000E-04
8.9559E-04 2.0000E-04
7.6685E-04 2.0000E-04
7.8536E-04 2.0000E-04
6.6945E-04 2.0000E-04
6.8560E-04 2.0000E-04
6.0866E-04 2.0000E-04
6.5681E-04 2.0000E-04
5.8985E-04 2.0000E-04
7.4349E-04 2.0000E-04
6.3655E-04 2.0000E-04
9.6878E-04 2.0000E-04
7.2674E-04 2.0000E-04
7.9908E-04 2.0000E-04
6.2547E-04 2.0000E-04
6.6948E-04 2.0000E-04
5.7633E-04 2.0000E-04
5.7984E-04 2.0000E-04
5.3407E-04 2.0000E-04
5.2931E-04 2.0000E-04
5.1701E-04 2.0000E-04
5.1242E-04 2.0000E-04
5.6090E-04 2.0000E-04
5.3162E-04 2.0000E-04
6.6700E-04 2.0000E-04
6.1105E-04 2.0000E-04
7.6603E-04 2.0000E-04
6.4418E-04 2.0000E-04
6.0964E-04 2.0000E-04
5.0076E-04 2.0000E-04
5.1123E-04 2.0000E-04
8.3548E-04 2.0000E-04
6.5856E-04 2.0000E-04
9.8212E-04 2.0000E-04
5.8676E-04 2.0000E-04
6.7986E-04 2.0000E-04
6.6333E-04 2.0000E-04
6.3497E-04 2.0000E-04
5.3350E-04 2.0000E-04
5.2846E-04 2.0000E-04
5.3523E-04 2.0000E-04
5.0387E-04 2.0000E-04
4.8782E-04 2.0000E-04
4.5921E-04 2.0000E-04
4.5736E-04 2.0000E-04
4.2801E-04 2.0000E-04
4.2584E-04 2.0000E-04
4.8771E-04 2.0000E-04
4.5123E-04 2.0000E-04
5.3901E-04 2.0000E-04
5.0525E-04 2.0000E-04
5.5898E-04 2.0000E-04
5.6882E-04 2.0000E-04
5.3465E-04 2.0000E-04
5.5145E-04 2.0000E-04
7.6346E-04 2.0000E-04
4.7382E-04 2.0000E-04
6.1340E-04 2.0000E-04
5.1387E-04 2.0000E-04
5.3069E-04 2.0000E-04
4.9994E-04 2.0000E-04
5.1464E-04 2.0000E-04
4.8399E-04 2.0000E-04
4.7142E-04 2.0000E-04
4.5192E-04 2.0000E-04
4.6457E-04 2.0000E-04
4.3161E-04 2.0000E-04
4.6021E-04 2.0000E-04
4.2563E-04 2.0000E-04
4.5073E-04 2.0000E-04
4.3941E-04 2.0000E-04
4.5187E-04 2.0000E-04
4.6516E-04 2.0000E-04
4.9592E-04 2.0000E-04
4.7734E-04 2.0000E-04
5.0695E-04 2.0000E-04
5.7460E-04 2.0000E-04
5.8862E-04 2.0000E-04
5.8000E-04 2.0000E-04
4.6762E-04 2.0000E-04
9.3988E-04 2.0000E-04
4.5750E-04 2.0000E-04
4.4281E-04 2.0000E-04
5.0136E-04 2.0000E-04
5.1634E-04 2.0000E-04
4.5489E-04 2.0000E-04
5.4954E-04 2.0000E-04
4.5759E-04 2.0000E-04
5.1915E-04 2.0000E-04
4.2047E-04 2.0000E-04
5.0037E-04 2.0000E-04
3.9487E-04 2.0000E-04
4.4920E-04 2.0000E-04
4.0666E-04 2.0000E-04
4.1747E-04 2.0000E-04
7.4323E-04 2.0000E-04
4.8157E-04 2.0000E-04
6.6353E-04 2.0000E-04
5.0117E-04 2.0000E-04
5.7872E-04 2.0000E-04
5.2683E-04 2.0000E-04
6.1851E-04 2.0000E-04
5.6558E-04 2.0000E-04
6.1142E-04 2.0000E-04
5.0913E-04 2.0000E-04
4.7463E-04 2.0000E-04
3.7708E-04 2.0000E-04
3.8621E-04 2.0000E-04
4.6247E-04 2.0000E-04
4.5231E-04 2.0000E-04
8.1612E-04 2.0000E-04
5.8114E-04 2.0000E-04
7.4010E-04 2.0000E-04
5.5721E-04 2.0000E-04
5.5708E-04 2.0000E-04
4.8881E-04 2.0000E-04
7.3614E-04 2.0000E-04
4.6024E-04 2.0000E-04
4.4892E-04 2.0000E-04
5.2430E-04 2.0000E-04
5.1240E-04 2.0000E-04
5.5135E-04 2.0000E-04
4.7232E-04 2.0000E-04
4.3023E-04 2.0000E-04
4.3366E-04 2.0000E-04
3.9349E-04 2.0000E-04
5.4549E-04 2.0000E-04
3.9146E-04 2.0000E-04
4.3815E-04 2.0000E-04
4.8408E-04 2.0000E-04
9.2501E-04 2.0000E-04
3.9072E-04 2.0000E-04
3.2236E-04 2.0000E-04
4.1523E-04 2.0000E-04
6.6609E-04 2.0000E-04
5.0822E-04 2.0000E-04
3.8099E-04 2.0000E-04
3.9632E-04 2.0000E-04
4.6105E-04 2.0000E-04
4.6568E-04 2.0000E-04
4.2299E-04 2.0000E-04
4.0596E-04 2.0000E-04
3.6906E-04 2.0000E-04
3.8904E-04 2.0000E-04
3.9290E-04 2.0000E-04
4.5052E-04 2.0000E-04
4.0370E-04 2.0000E-04
4.4458E-04 2.0000E-04
3.7645E-04 2.0000E-04
5.4382E-04 2.0000E-04
4.1952E-04 2.0000E-04
4.8631E-04 2.0000E-04
6.3240E-04 2.0000E-04
3.8793E-04 2.0000E-04
4.4477E-04 2.0000E-04
3.8712E-04 2.0000E-04
5.4702E-04 2.0000E-04
3.5322E-04 2.0000E-04
6.2621E-04 2.0000E-04
4.3827E-04 2.0000E-04
4.0269E-04 2.0000E-04
4.5431E-04 2.0000E-04
4.5618E-04 2.0000E-04
3.6605E-04 2.0000E-04
3.4881E-04 2.0000E-04
3.4099E-04 2.0000E-04
3.3959E-04 2.0000E-04
3.6970E-04 2.0000E-04
3.6769E-04 2.0000E-04
4.9568E-04 2.0000E-04
5.2075E-04 2.0000E-04
5.8201E-04 2.0000E-04
4.1105E-04 2.0000E-04
3.8769E-04 2.0000E-04
3.4816E-04 2.0000E-04
5.0757E-04 2.0000E-04
3.8875E-04 2.0000E-04
4.4549E-04 2.0000E-04
4.4390E-04 2.0000E-04
4.8774E-04 2.0000E-04
4.3625E-04 2.0000E-04
4.2228E-04 2.0000E-04
3.7547E-04 2.0000E-04
3.8175E-04 2.0000E-04
4.2877E-04 2.0000E-04
4.0294E-04 2.0000E-04
4.4042E-04 2.0000E-04
3.9358E-04 2.0000E-04
4.1531E-04 2.0000E-04
4.6478E-04 2.0000E-04
5.0220E-04 2.0000E-04
3.5534E-04 2.0000E-04
3.8264E-04 2.0000E-04
4.4103E-04 2.0000E-04
4.0400E-04 2.0000E-04
3.8044E-04 2.0000E-04
3.6162E-04 2.0000E-04
3.7002E-04 2.0000E-04
4.5331E-04 2.0000E-04
5.0142E-04 2.0000E-04
3.3938E-04 2.0000E-04
3.4096E-04 2.0000E-04
4.4292E-04 2.0000E-04
3.6982E-04 2.0000E-04
5.1496E-04 2.0000E-04
3.6275E-04 2.0000E-04
4.8953E-04 2.0000E-04
3.9650E-04 2.0000E-04
3.2642E-04 2.0000E-04
3.3538E-04 2.0000E-04
3.7681E-04 2.0000E-04
3.9691E-04 2.0000E-04
3.8755E-04 2.0000E-04
3.4120E-04 2.0000E-04
4.3760E-04 2.0000E-04
4.1227E-04 2.0000E-04
2.8528E-04 2.0000E-04
3.4245E-04 2.0000E-04
3.7394E-04 2.0000E-04
3.3358E-04 2.0000E-04
3.2602E-04 2.0000E-04
3.4653E-04 2.0000E-04
3.1720E-04 2.0000E-04
3.6130E-04 2.0000E-04
3.6187E-04 2.0000E-04
2.9503E-04 2.0000E-04
3.0568E-04 2.0000E-04
5.0155E-04 2.0000E-04
3.1871E-04 2.0000E-04
3.1706E-04 2.0000E-04
4.5451E-04 2.0000E-04
3.7723E-04 2.0000E-04
3.8288E-04 2.0000E-04
3.2408E-04 2.0000E-04
2.9635E-04 2.0000E-04
4.0299E-04 2.0000E-04
4.6660E-04 2.0000E-04
2.8914E-04 2.0000E-04
3.0604E-04 2.0000E-04
4.3482E-04 2.0000E-04
3.2835E-04 2.0000E-04
3.1669E-04 2.0000E-04
3.1989E-04 2.0000E-04
3.2432E-04 2.0000E-04
2.9084E-04 2.0000E-04
3.3610E-04 2.0000E-04
2.8682E-04 2.0000E-04
2.6223E-04 2.0000E-04
3.7251E-04 2.0000E-04
3.0008E-04 2.0000E-04
2.6864E-04 2.0000E-04
2.9400E-04 2.0000E-04
3.3251E-04 2.0000E-04
2.7304E-04 2.0000E-04
3.0440E-04 2.0000E-04
2.6792E-04 2.0000E-04
2.5157E-04 2.0000E-04
3.8339E-04 2.0000E-04
3.2534E-04 2.0000E-04
2.3146E-04 2.0000E-04
2.2964E-04 2.0000E-04
3.1947E-04 2.0000E-04
2.6899E-04 2.0000E-04
3.7552E-04 2.0000E-04
2.6093E-04 2.0000E-04
2.6259E-04 2.0000E-04
2.7138E-04 2.0000E-04
3.8990E-04 2.0000E-04
2.4062E-04 2.0000E-04
2.3611E-04 2.0000E-04
3.0721E-04 2.0000E-04
3.3795E-04 2.0000E-04
2.3648E-04 2.0000E-04
2.3708E-04 2.0000E-04
2.9928E-04 2.0000E-04
2.8199E-04 2.0000E-04
3.0619E-04 2.0000E-04
2.8565E-04 2.0000E-04
3.6684E-04 2.0000E-04
2.7336E-04 2.0000E-04
2.5889E-04 2.0000E-04
3.4396E-04 2.0000E-04
3.5036E-04 2.0000E-04
2.5701E-04 2.0000E-04
2.8807E-04 2.0000E-04
3.4474E-04 2.0000E-04
2.7188E-04 2.0000E-04
3.3776E-04 2.0000E-04
3.1014E-04 2.0000E-04
2.7325E-04 2.0000E-04
3.1487E-04 2.0000E-04
3.4707E-04 2.0000E-04
3.3969E-04 2.0000E-04
3.3259E-04 2.0000E-04
2.6011E-04 2.0000E-04
2.5413E-04 2.0000E-04
4.2041E-04 2.0000E-04
2.9255E-04 2.0000E-04
2.5755E-04 2.0000E-04
2.7305E-04 2.0000E-04
3.3597E-04 2.0000E-04
2.4008E-04 2.0000E-04
2.5432E-04 2.0000E-04
3.3974E-04 2.0000E-04
3.0239E-04 2.0000E-04
3.4442E-04 2.0000E-04
2.4045E-04 2.0000E-04
2.1435E-04 2.0000E-04
2.6666E-04 2.0000E-04
3.6776E-04 2.0000E-04
2.2755E-04 2.0000E-04
2.1184E-04 2.0000E-04
2.6137E-04 2.0000E-04
3.4272E-04 2.0000E-04
2.2005E-04 2.0000E-04
2.1396E-04 2.0000E-04
2.5179E-04 2.0000E-04
4.3409E-04 2.0000E-04
2.1440E-04 2.0000E-04
2.1022E-04 2.0000E-04
2.6186E-04 2.0000E-04
2.9821E-04 2.0000E-04
2.5143E-04 2.0000E-04
2.3502E-04 2.0000E-04
2.5962E-04 2.0000E-04
2.9686E-04 2.0000E-04
2.7910E-04 2.0000E-04
2.4295E-04 2.0000E-04
2.7319E-04 2.0000E-04
3.1547E-04 2.0000E-04
2.5389E-04 2.0000E-04
2.4827E-04 2.0000E-04
2.3643E-04 2.0000E-04
2.1914E-04 2.0000E-04
3.1914E-04 2.0000E-04
2.0959E-04 2.0000E-04
2.0390E-04 2.0000E-04
2.9666E-04 2.0000E-04
2.5244E-04 2.0000E-04
2.1541E-04 2.0000E-04
2.1850E-04 2.0000E-04
2.9256E-04 2.0000E-04
2.3175E-04 2.0000E-04
2.3749E-04 2.0000E-04
2.5593E-04 2.0000E-04
2.6790E-04 2.0000E-04
2.9390E-04 2.0000E-04
3.5148E-04 2.0000E-04
2.6607E-04 2.0000E-04
2.4722E-04 2.0000E-04
3.0339E-04 2.0000E-04
3.1673E-04 2.0000E-04
2.7745E-04 2.0000E-04
2.8115E-04 2.0000E-04
3.4012E-04 2.0000E-04
2.7347E-04 2.0000E-04
2.8037E-04 2.0000E-04
3.6678E-04 2.0000E-04
2.2914E-04 2.0000E-04
2.1090E-04 2.0000E-04
2.4480E-04 2.0000E-04
2.2115E-04 2.0000E-04
2.4839E-04 2.0000E-04
1.7750E-04 2.0000E-04
1.7056E-04 2.0000E-04
2.1793E-04 2.0000E-04
2.1637E-04 2.0000E-04
1.4947E-04 2.0000E-04
1.4969E-04 2.0000E-04
2.2806E-04 2.0000E-04
1.5192E-04 2.0000E-04
1.4263E-04 2.0000E-04
1.7028E-04 2.0000E-04
1.5407E-04 2.0000E-04
1.4751E-04 2.0000E-04
1.3602E-04 2.0000E-04
1.2779E-04 2.0000E-04
2.0641E-04 2.0000E-04
1.3704E-04 2.0000E-04
1.2429E-04 2.0000E-04
1.8354E-04 2.0000E-04
1.8530E-04 2.0000E-04
1.2725E-04 2.0000E-04
1.3739E-04 2.0000E-04
1.7856E-04 2.0000E-04
1.5214E-04 2.0000E-04
2.9884E-04 2.0000E-04
1.3914E-04 2.0000E-04
1.2847E-04 2.0000E-04
1.7544E-04 2.0000E-04
3.2597E-04 2.0000E-04
1.4946E-04 2.0000E-04
1.2742E-04 2.0000E-04
1.6458E-04 2.0000E-04
2.2634E-04 2.0000E-04
3.7124E-04 2.0000E-04
1.3990E-04 2.0000E-04
1.7302E-04 2.0000E-04
1.9342E-04 2.0000E-04
1.7242E-04 2.0000E-04
2.0826E-04 2.0000E-04
1.7341E-04 2.0000E-04
1.5921E-04 2.0000E-04
2.0220E-04 2.0000E-04
2.4100E-04 2.0000E-04
1.4581E-04 2.0000E-04
1.5162E-04 2.0000E-04
1.9830E-04 2.0000E-04
1.6478E-04 2.0000E-04
1.6354E-04 2.0000E-04
1.4805E-04 2.0000E-04
1.5818E-04 2.0000E-04
2.2452E-04 2.0000E-04
1.3410E-04 2.0000E-04
1.4940E-04 2.0000E-04
1.6483E-04 2.0000E-04
1.7191E-04 2.0000E-04
1.3721E-04 2.0000E-04
1.2992E-04 2.0000E-04
1.5826E-04 2.0000E-04
1.6096E-04 2.0000E-04
1.3356E-04 2.0000E-04
1.4485E-04 2.0000E-04
1.9136E-04 2.0000E-04
1.4705E-04 2.0000E-04
1.4886E-04 2.0000E-04
1.9041E-04 2.0000E-04
1.6262E-04 2.0000E-04
1.4348E-04 2.0000E-04
1.4451E-04 2.0000E-04
1.7991E-04 2.0000E-04
1.5447E-04 2.0000E-04
1.5449E-04 2.0000E-04
1.5873E-04 2.0000E-04
1.4733E-04 2.0000E-04
1.6282E-04 2.0000E-04
1.7793E-04 2.0000E-04
1.3360E-04 2.0000E-04
1.3208E-04 2.0000E-04
1.5642E-04 2.0000E-04
1.3771E-04 2.0000E-04
1.4020E-04 2.0000E-04
1.3606E-04 2.0000E-04
1.2034E-04 2.0000E-04
1.4225E-04 2.0000E-04
1.3732E-04 2.0000E-04
1.1681E-04 2.0000E-04
1.2118E-04 2.0000E-04
1.5149E-04 2.0000E-04
1.1642E-04 2.0000E-04
1.1973E-04 2.0000E-04
1.2321E-04 2.0000E-04
1.1706E-04 2.0000E-04
1.2549E-04 2.0000E-04
1.1346E-04 2.0000E-04
1.0653E-04 2.0000E-04
1.5801E-04 2.0000E-04
1.2199E-04 2.0000E-04
9.4920E-05 2.0000E-04
1.0642E-04 2.0000E-04
1.9031E-04 2.0000E-04
1.0275E-04 2.0000E-04
8.9324E-05 2.0000E-04
1.0532E-04 2.0000E-04
1.9493E-04 2.0000E-04
1.0154E-04 2.0000E-04
1.0620E-04 2.0000E-04
1.1690E-04 2.0000E-04
1.0584E-04 2.0000E-04
1.0227E-04 2.0000E-04
1.2186E-04 2.0000E-04
1.3099E-04 2.0000E-04
9.1802E-05 2.0000E-04
1.0528E-04 2.0000E-04
1.5953E-04 2.0000E-04
1.1582E-04 2.0000E-04
1.2956E-04 2.0000E-04
1.1842E-04 2.0000E-04
1.0255E-04 2.0000E-04
1.2771E-04 2.0000E-04
1.5843E-04 2.0000E-04
9.5917E-05 2.0000E-04
1.0333E-04 2.0000E-04
1.1332E-04 2.0000E-04
2.4256E-04 2.0000E-04
1.1687E-04 2.0000E-04
1.5335E-04 2.0000E-04
9.2183E-05 2.0000E-04
9.2737E-05 2.0000E-04
1.1753E-04 2.0000E-04
1.8916E-04 2.0000E-04
1.0406E-04 2.0000E-04
9.0276E-05 2.0000E-04
1.0697E-04 2.0000E-04
1.8829E-04 2.0000E-04
1.1188E-04 2.0000E-04
1.3592E-04 2.0000E-04
1.4223E-04 2.0000E-04
9.7284E-05 2.0000E-04
1.0098E-04 2.0000E-04
1.0464E-04 2.0000E-04
1.5102E-04 2.0000E-04
9.7269E-05 2.0000E-04
8.9122E-05 2.0000E-04
1.0447E-04 2.0000E-04
1.9950E-04 2.0000E-04
9.7648E-05 2.0000E-04
9.6230E-05 2.0000E-04
1.0071E-04 2.0000E-04
1.0080E-04 2.0000E-04
1.4618E-04 2.0000E-04
8.7113E-05 2.0000E-04
8.5447E-05 2.0000E-04
1.0500E-04 2.0000E-04
1.8743E-04 2.0000E-04
8.2207E-05 2.0000E-04
7.6418E-05 2.0000E-04
9.1549E-05 2.0000E-04
1.3474E-04 2.0000E-04
1.0499E-04 2.0000E-04
7.7054E-05 2.0000E-04
8.6303E-05 2.0000E-04
1.0122E-04 2.0000E-04
1.2061E-04 2.0000E-04
9.7326E-05 2.0000E-04
8.6566E-05 2.0000E-04
1.0827E-04 2.0000E-04
1.5652E-04 2.0000E-04
9.5140E-05 2.0000E-04
9.1951E-05 2.0000E-04
1.0430E-04 2.0000E-04
1.6608E-04 2.0000E-04
1.2470E-04 2.0000E-04
1.0116E-04 2.0000E-04
1.2296E-04 2.0000E-04
1.7020E-04 2.0000E-04
1.1480E-04 2.0000E-04
1.1849E-04 2.0000E-04
1.4598E-04 2.0000E-04
1.2044E-04 2.0000E-04
1.5597E-04 2.0000E-04
1.9624E-04 2.0000E-04
1.4314E-04 2.0000E-04
1.4216E-04 2.0000E-04
2.5012E-04 2.0000E-04
1.7602E-04 2.0000E-04
1.3246E-04 2.0000E-04
1.3502E-04 2.0000E-04
2.1891E-04 2.0000E-04
1.8131E-04 2.0000E-04
1.4011E-04 2.0000E-04
1.9796E-04 2.0000E-04
1.6969E-04 2.0000E-04
1.7695E-04 2.0000E-04
1.7200E-04 2.0000E-04
1.9907E-04 2.0000E-04
1.8771E-04 2.0000E-04
2.9302E-04 2.0000E-04
1.7647E-04 2.0000E-04
1.5364E-04 2.0000E-04
1.7944E-04 2.0000E-04
4.1576E-04 2.0000E-04
1.9056E-04 2.0000E-04
1.4382E-04 2.0000E-04
1.9458E-04 2.0000E-04
3.1390E-04 2.0000E-04
2.9056E-04 2.0000E-04
1.8709E-04 2.0000E-04
1.5288E-04 2.0000E-04
1.6843E-04 2.0000E-04
2.6529E-04 2.0000E-04
2.2160E-04 2.0000E-04
1.5682E-04 2.0000E-04
1.6205E-04 2.0000E-04
2.0657E-04 2.0000E-04
1.5038E-04 2.0000E-04
1.8486E-04 2.0000E-04
1.4033E-04 2.0000E-04
1.4208E-04 2.0000E-04
2.3582E-04 2.0000E-04
1.3658E-04 2.0000E-04
1.2380E-04 2.0000E-04
1.3443E-04 2.0000E-04
1.5874E-04 2.0000E-04
1.1858E-04 2.0000E-04
1.1610E-04 2.0000E-04
1.3838E-04 2.0000E-04
1.3530E-04 2.0000E-04
1.2246E-04 2.0000E-04
1.1834E-04 2.0000E-04
1.2906E-04 2.0000E-04
1.3282E-04 2.0000E-04
1.5806E-04 2.0000E-04
1.4569E-04 2.0000E-04
1.2454E-04 2.0000E-04
1.1315E-04 2.0000E-04
1.4523E-04 2.0000E-04
1.4114E-04 2.0000E-04
1.2290E-04 2.0000E-04
1.1779E-04 2.0000E-04
1.3176E-04 2.0000E-04
1.2045E-04 2.0000E-04
1.2009E-04 2.0000E-04
1.2500E-04 2.0000E-04
1.3320E-04 2.0000E-04
1.2743E-04 2.0000E-04
1.4834E-04 2.0000E-04
1.2441E-04 2.0000E-04
1.1859E-04 2.0000E-04
1.2822E-04 2.0000E-04
1.4858E-04 2.0000E-04
1.2061E-04 2.0000E-04
1.1728E-04 2.0000E-04
1.6254E-04 2.0000E-04
1.2430E-04 2.0000E-04
1.2978E-04 2.0000E-04
1.5960E-04 2.0000E-04
1.3238E-04 2.0000E-04
1.1747E-04 2.0000E-04
1.3154E-04 2.0000E-04
1.7636E-04 2.0000E-04
1.2174E-04 2.0000E-04
1.2258E-04 2.0000E-04
1.6276E-04 2.0000E-04
1.3132E-04 2.0000E-04
1.9834E-04 2.0000E-04
1.5382E-04 2.0000E-04
1.6160E-04 2.0000E-04
1.3517E-04 2.0000E-04
2.1256E-04 2.0000E-04
1.5202E-04 2.0000E-04
1.5128E-04 2.0000E-04
2.0146E-04 2.0000E-04
2.3861E-04 2.0000E-04
1.8679E-04 2.0000E-04
3.2289E-04 2.0000E-04
1.8311E-04 2.0000E-04
1.4877E-04 2.0000E-04
1.8275E-04 2.0000E-04
2.5704E-04 2.0000E-04
1.6673E-04 2.0000E-04
1.5290E-04 2.0000E-04
1.7292E-04 2.0000E-04
2.1621E-04 2.0000E-04
1.5422E-04 2.0000E-04
1.8186E-04 2.0000E-04
2.1292E-04 2.0000E-04
1.3741E-04 2.0000E-04
1.1041E-04 2.0000E-04
1.3042E-04 2.0000E-04
1.6720E-04 2.0000E-04
1.2874E-04 2.0000E-04
1.1439E-04 2.0000E-04
1.3867E-04 2.0000E-04
1.8906E-04 2.0000E-04
1.1020E-04 2.0000E-04
1.1054E-04 2.0000E-04
1.3419E-04 2.0000E-04
2.3412E-04 2.0000E-04
1.2181E-04 2.0000E-04
1.1512E-04 2.0000E-04
1.6154E-04 2.0000E-04
1.5054E-04 2.0000E-04
1.1723E-04 2.0000E-04
1.5528E-04 2.0000E-04
1.6834E-04 2.0000E-04
1.3902E-04 2.0000E-04
2.1744E-04 2.0000E-04
1.6675E-04 2.0000E-04
2.3001E-04 2.0000E-04
1.6941E-04 2.0000E-04
1.7249E-04 2.0000E-04
1.8198E-04 2.0000E-04
2.0881E-04 2.0000E-04
2.6598E-04 2.0000E-04
1.6820E-04 2.0000E-04
2.3625E-04 2.0000E-04
2.2297E-04 2.0000E-04
1.7675E-04 2.0000E-04
2.2757E-04 2.0000E-04
1.9679E-04 2.0000E-04
1.7499E-04 2.0000E-04
2.1204E-04 2.0000E-04
3.1145E-04 2.0000E-04
1.5921E-04 2.0000E-04
1.6075E-04 2.0000E-04
2.1571E-04 2.0000E-04
1.8969E-04 2.0000E-04
2.0993E-04 2.0000E-04
2.1769E-04 2.0000E-04
1.6739E-04 2.0000E-04
1.5213E-04 2.0000E-04
2.3616E-04 2.0000E-04
1.7324E-04 2.0000E-04
1.4348E-04 2.0000E-04
1.7037E-04 2.0000E-04
2.9186E-04 2.0000E-04
1.7193E-04 2.0000E-04
1.3709E-04 2.0000E-04
1.7752E-04 2.0000E-04
2.2190E-04 2.0000E-04
1.6129E-04 2.0000E-04
1.2690E-04 2.0000E-04
1.4080E-04 2.0000E-04
3.2312E-04 2.0000E-04
1.3514E-04 2.0000E-04
1.0818E-04 2.0000E-04
1.3927E-04 2.0000E-04
2.8002E-04 2.0000E-04
1.2773E-04 2.0000E-04
1.0610E-04 2.0000E-04
1.2906E-04 2.0000E-04
1.9731E-04 2.0000E-04
1.2707E-04 2.0000E-04
1.0593E-04 2.0000E-04
1.5573E-04 2.0000E-04
1.7833E-04 2.0000E-04
1.3089E-04 2.0000E-04
1.3824E-04 2.0000E-04
1.5332E-04 2.0000E-04
1.3758E-04 2.0000E-04
1.9415E-04 2.0000E-04
1.5137E-04 2.0000E-04
1.3271E-04 2.0000E-04
1.1430E-04 2.0000E-04
1.7377E-04 2.0000E-04
1.5398E-04 2.0000E-04
1.2155E-04 2.0000E-04
1.3576E-04 2.0000E-04
2.0714E-04 2.0000E-04
1.4589E-04 2.0000E-04
1.7467E-04 2.0000E-04
1.6308E-04 2.0000E-04
1.5713E-04 2.0000E-04
1.8567E-04 2.0000E-04
1.9411E-04 2.0000E-04
1.6246E-04 2.0000E-04
1.8369E-04 2.0000E-04
1.7842E-04 2.0000E-04
1.5162E-04 2.0000E-04
2.0567E-04 2.0000E-04
2.4270E-04 2.0000E-04
1.7275E-04 2.0000E-04
1.7561E-04 2.0000E-04
2.7332E-04 2.0000E-04
1.8244E-04 2.0000E-04
1.9523E-04 2.0000E-04
1.5482E-04 2.0000E-04
1.5517E-04 2.0000E-04
2.4468E-04 2.0000E-04
1.2766E-04 2.0000E-04
1.1247E-04 2.0000E-04
1.3900E-04 2.0000E-04
2.4572E-04 2.0000E-04
1.2309E-04 2.0000E-04
9.7009E-05 2.0000E-04
1.1919E-04 2.0000E-04
2.0105E-04 2.0000E-04
1.0598E-04 2.0000E-04
8.6838E-05 2.0000E-04
1.0953E-04 2.0000E-04
1.7983E-04 2.0000E-04
9.7095E-05 2.0000E-04
8.4469E-05 2.0000E-04
1.0306E-04 2.0000E-04
2.0519E-04 2.0000E-04
9.2268E-05 2.0000E-04
7.7585E-05 2.0000E-04
9.6178E-05 2.0000E-04
1.7453E-04 2.0000E-04
9.2858E-05 2.0000E-04
7.5080E-05 2.0000E-04
9.2101E-05 2.0000E-04
1.7280E-04 2.0000E-04
8.6559E-05 2.0000E-04
7.3680E-05 2.0000E-04
8.8008E-05 2.0000E-04
1.4244E-04 2.0000E-04
1.0049E-04 2.0000E-04
6.7640E-05 2.0000E-04
8.8164E-05 2.0000E-04
1.1193E-04 2.0000E-04
9.4062E-05 2.0000E-04
1.6935E-04 2.0000E-04
8.3622E-05 2.0000E-04
8.2376E-05 2.0000E-04
1.1704E-04 2.0000E-04
1.1487E-04 2.0000E-04
8.1715E-05 2.0000E-04
9.4097E-05 2.0000E-04
1.2090E-04 2.0000E-04
9.2925E-05 2.0000E-04
1.1724E-04 2.0000E-04
1.0300E-04 2.0000E-04
8.4911E-05 2.0000E-04
1.0759E-04 2.0000E-04
1.3257E-04 2.0000E-04
9.3395E-05 2.0000E-04
9.2732E-05 2.0000E-04
1.1556E-04 2.0000E-04
7.7496E-05 2.0000E-04
7.5377E-05 2.0000E-04
8.6393E-05 2.0000E-04
7.0856E-05 2.0000E-04
1.5741E-04 2.0000E-04
6.3997E-05 2.0000E-04
5.6280E-05 2.0000E-04
6.7206E-05 2.0000E-04
1.2598E-04 2.0000E-04
6.1339E-05 2.0000E-04
4.7472E-05 2.0000E-04
6.5851E-05 2.0000E-04
9.4292E-05 2.0000E-04
5.5703E-05 2.0000E-04
5.0357E-05 2.0000E-04
5.9382E-05 2.0000E-04
8.8419E-05 2.0000E-04
4.9825E-05 2.0000E-04
4.5882E-05 2.0000E-04
5.1927E-05 2.0000E-04
1.0483E-04 2.0000E-04
4.4931E-05 2.0000E-04
3.6997E-05 2.0000E-04
4.5851E-05 2.0000E-04
5.8258E-05 2.0000E-04
6.8649E-05 2.0000E-04
3.7389E-05 2.0000E-04
4.0181E-05 2.0000E-04
5.6419E-05 2.0000E-04
5.3879E-05 2.0000E-04
4.2612E-05 2.0000E-04
5.3687E-05 2.0000E-04
5.4093E-05 2.0000E-04
4.7441E-05 2.0000E-04
8.7017E-05 2.0000E-04
4.1276E-05 2.0000E-04
4.0842E-05 2.0000E-04
4.9461E-05 2.0000E-04
1.0093E-04 2.0000E-04
4.4640E-05 2.0000E-04
3.3421E-05 2.0000E-04
4.0963E-05 2.0000E-04
6.1270E-05 2.0000E-04
4.6644E-05 2.0000E-04
3.2897E-05 2.0000E-04
4.6498E-05 2.0000E-04
6.0394E-05 2.0000E-04
4.2116E-05 2.0000E-04
4.0920E-05 2.0000E-04
5.2621E-05 2.0000E-04
4.6167E-05 2.0000E-04
1.0026E-04 2.0000E-04
4.0342E-05 2.0000E-04
3.1406E-05 2.0000E-04
4.0954E-05 2.0000E-04
9.3595E-05 2.0000E-04
3.6191E-05 2.0000E-04
2.8342E-05 2.0000E-04
3.6877E-05 2.0000E-04
4.2305E-05 2.0000E-04
8.0460E-05 2.0000E-04
3.2884E-05 2.0000E-04
2.9849E-05 2.0000E-04
3.8280E-05 2.0000E-04
7.1561E-05 2.0000E-04
3.7652E-05 2.0000E-04
3.0255E-05 2.0000E-04
4.7111E-05 2.0000E-04
5.9051E-05 2.0000E-04
3.7826E-05 2.0000E-04
3.4369E-05 2.0000E-04
4.2557E-05 2.0000E-04
3.8897E-05 2.0000E-04
1.0407E-04 2.0000E-04
2.9503E-05 2.0000E-04
2.3983E-05 2.0000E-04
3.1322E-05 2.0000E-04
8.8904E-05 2.0000E-04
3.5916E-05 2.0000E-04
2.4566E-05 2.0000E-04
3.0381E-05 2.0000E-04
3.6451E-05 2.0000E-04
6.4743E-05 2.0000E-04
2.5880E-05 2.0000E-04
2.5121E-05 2.0000E-04
3.1838E-05 2.0000E-04
7.5046E-05 2.0000E-04
3.1549E-05 2.0000E-04
2.5100E-05 2.0000E-04
2.9809E-05 2.0000E-04
4.4424E-05 2.0000E-04
4.1264E-05 2.0000E-04
2.4452E-05 2.0000E-04
2.8721E-05 2.0000E-04
3.9488E-05 2.0000E-04
2.9913E-05 2.0000E-04
4.4333E-05 2.0000E-04
2.9585E-05 2.0000E-04
2.6207E-05 2.0000E-04
4.7755E-05 2.0000E-04
3.6233E-05 2.0000E-04
2.5827E-05 2.0000E-04
2.3584E-05 2.0000E-04
4.3489E-05 2.0000E-04
2.9388E-05 2.0000E-04
2.6319E-05 2.0000E-04
3.5177E-05 2.0000E-04
2.7700E-05 2.0000E-04
3.7329E-05 2.0000E-04
3.9429E-05 2.0000E-04
2.5870E-05 2.0000E-04
2.2233E-05 2.0000E-04
2.7971E-05 2.0000E-04
4.0850E-05 2.0000E-04
2.7309E-05 2.0000E-04
2.5256E-05 2.0000E-04
3.1380E-05 2.0000E-04
4.6228E-05 2.0000E-04
2.4465E-05 2.0000E-04
2.1865E-05 2.0000E-04
2.5705E-05 2.0000E-04
5.4227E-05 2.0000E-04
2.2507E-05 2.0000E-04
2.1037E-05 2.0000E-04
2.5935E-05 2.0000E-04
5.3464E-05 2.0000E-04
2.5236E-05 2.0000E-04
1.9729E-05 2.0000E-04
2.3900E-05 2.0000E-04
4.3841E-05 2.0000E-04
2.5746E-05 2.0000E-04
1.9746E-05 2.0000E-04
2.8778E-05 2.0000E-04
3.3665E-05 2.0000E-04
2.5119E-05 2.0000E-04
3.0768E-05 2.0000E-04
3.2814E-05 2.0000E-04
2.4051E-05 2.0000E-04
2.2249E-05 2.0000E-04
3.0098E-05 2.0000E-04
2.7117E-05 2.0000E-04
6.7124E-05 2.0000E-04
2.1612E-05 2.0000E-04
1.7655E-05 2.0000E-04
2.2952E-05 2.0000E-04
5.2384E-05 2.0000E-04
2.3153E-05 2.0000E-04
1.8738E-05 2.0000E-04
2.4896E-05 2.0000E-04
2.8987E-05 2.0000E-04
5.5761E-05 2.0000E-04
2.1403E-05 2.0000E-04
1.8920E-05 2.0000E-04
2.5294E-05 2.0000E-04
4.3953E-05 2.0000E-04
2.5337E-05 2.0000E-04
2.0616E-05 2.0000E-04
3.0751E-05 2.0000E-04
4.7068E-05 2.0000E-04
2.8349E-05 2.0000E-04
2.4343E-05 2.0000E-04
2.9707E-05 2.0000E-04
5.6418E-05 2.0000E-04
4.0257E-05 2.0000E-04
3.5175E-05 2.0000E-04
2.6115E-05 2.0000E-04
2.8637E-05 2.0000E-04
4.8817E-05 2.0000E-04
5.2113E-05 2.0000E-04
2.8263E-05 2.0000E-04
3.3430E-05 2.0000E-04
3.6334E-05 2.0000E-04
6.6459E-05 2.0000E-04
3.4086E-05 2.0000E-04
3.6746E-05 2.0000E-04
4.2010E-05 2.0000E-04
7.0156E-05 2.0000E-04
3.9095E-05 2.0000E-04
4.1791E-05 2.0000E-04
4.3621E-05 2.0000E-04
7.8138E-05 2.0000E-04
4.3419E-05 2.0000E-04
6.0727E-05 2.0000E-04
7.7950E-05 2.0000E-04
4.9104E-05 2.0000E-04
5.4594E-05 2.0000E-04
5.6405E-05 2.0000E-04
7.5664E-05 2.0000E-04
9.8873E-05 2.0000E-04
4.6725E-05 2.0000E-04
1.1312E-04 2.0000E-04
4.8170E-05 2.0000E-04
3.7249E-05 2.0000E-04
5.0839E-05 2.0000E-04
9.4816E-05 2.0000E-04
5.7215E-05 2.0000E-04
4.3573E-05 2.0000E-04
6.6285E-05 2.0000E-04
5.9564E-05 2.0000E-04
9.0506E-05 2.0000E-04
4.2342E-05 2.0000E-04
3.8098E-05 2.0000E-04
4.4958E-05 2.0000E-04
1.1065E-04 2.0000E-04
4.3397E-05 2.0000E-04
3.3657E-05 2.0000E-04
4.4093E-05 2.0000E-04
4.9063E-05 2.0000E-04
4.6999E-05 2.0000E-04
3.7384E-05 2.0000E-04
3.9682E-05 2.0000E-04
3.5809E-05 2.0000E-04
8.6763E-05 2.0000E-04
2.9658E-05 2.0000E-04
2.7758E-05 2.0000E-04
3.3646E-05 2.0000E-04
7.6389E-05 2.0000E-04
3.3776E-05 2.0000E-04
2.5615E-05 2.0000E-04
3.1192E-05 2.0000E-04
6.1907E-05 2.0000E-04
3.0141E-05 2.0000E-04
2.4620E-05 2.0000E-04
3.0791E-05 2.0000E-04
5.0621E-05 2.0000E-04
2.7880E-05 2.0000E-04
2.4391E-05 2.0000E-04
2.9412E-05 2.0000E-04
4.8969E-05 2.0000E-04
2.3561E-05 2.0000E-04
2.4817E-05 2.0000E-04
2.9374E-05 2.0000E-04
4.1894E-05 2.0000E-04
2.5995E-05 2.0000E-04
2.3360E-05 2.0000E-04
2.7593E-05 2.0000E-04
4.6839E-05 2.0000E-04
2.3281E-05 2.0000E-04
2.0377E-05 2.0000E-04
2.4385E-05 2.0000E-04
4.3421E-05 2.0000E-04
2.1644E-05 2.0000E-04
1.9482E-05 2.0000E-04
2.4494E-05 2.0000E-04
4.5238E-05 2.0000E-04
2.3088E-05 2.0000E-04
1.8154E-05 2.0000E-04
2.2162E-05 2.0000E-04
3.6790E-05 2.0000E-04
2.1176E-05 2.0000E-04
1.7717E-05 2.0000E-04
2.3646E-05 2.0000E-04
2.7047E-05 2.0000E-04
2.3049E-05 2.0000E-04
2.2336E-05 2.0000E-04
1.9480E-05 2.0000E-04
2.0718E-05 2.0000E-04
3.3772E-05 2.0000E-04
1.8943E-05 2.0000E-04
1.6429E-05 2.0000E-04
1.9768E-05 2.0000E-04
3.1617E-05 2.0000E-04
1.8907E-05 2.0000E-04
1.5397E-05 2.0000E-04
2.0116E-05 2.0000E-04
2.6950E-05 2.0000E-04
1.7543E-05 2.0000E-04
1.6336E-05 2.0000E-04
2.1827E-05 2.0000E-04
1.9828E-05 2.0000E-04
1.8504E-05 2.0000E-04
1.7031E-05 2.0000E-04
1.7379E-05 2.0000E-04
2.0878E-05 2.0000E-04
2.2398E-05 2.0000E-04
1.4576E-05 2.0000E-04
1.4565E-05 2.0000E-04
1.8589E-05 2.0000E-04
2.1540E-05 2.0000E-04
1.5235E-05 2.0000E-04
1.5063E-05 2.0000E-04
1.8582E-05 2.0000E-04
2.2852E-05 2.0000E-04
1.3332E-05 2.0000E-04
1.3333E-05 2.0000E-04
1.5595E-05 2.0000E-04
2.8615E-05 2.0000E-04
1.3015E-05 2.0000E-04
1.2184E-05 2.0000E-04
1.4748E-05 2.0000E-04
3.1551E-05 2.0000E-04
1.3695E-05 2.0000E-04
1.0475E-05 2.0000E-04
1.2983E-05 2.0000E-04
2.1088E-05 2.0000E-04
1.4337E-05 2.0000E-04
1.0299E-05 2.0000E-04
1.5765E-05 2.0000E-04
1.5177E-05 2.0000E-04
1.3022E-05 2.0000E-04
1.8788E-05 2.0000E-04
1.8636E-05 2.0000E-04
1.0942E-05 2.0000E-04
8.9177E-06 2.0000E-04
1.0675E-05 2.0000E-04
2.5550E-05 2.0000E-04
9.5469E-06 2.0000E-04
7.7217E-06 2.0000E-04
1.0153E-05 2.0000E-04
2.2963E-05 2.0000E-04
1.0507E-05 2.0000E-04
7.7228E-06 2.0000E-04
9.2748E-06 2.0000E-04
1.0566E-05 2.0000E-04
2.2950E-05 2.0000E-04
8.1622E-06 2.0000E-04
7.1197E-06 2.0000E-04
9.0870E-06 2.0000E-04
1.1965E-05 2.0000E-04
1.4068E-05 2.0000E-04
7.5609E-06 2.0000E-04
8.1688E-06 2.0000E-04
1.0777E-05 2.0000E-04
1.9310E-05 2.0000E-04
8.0529E-06 2.0000E-04
7.4982E-06 2.0000E-04
9.3414E-06 2.0000E-04
1.2201E-05 2.0000E-04
2.0153E-05 2.0000E-04
7.1461E-06 2.0000E-04
6.9386E-06 2.0000E-04
1.4961E-03 2.0000E-04
1.2482E-03 2.0000E-04
5.7022E-04 2.0000E-04
4.9293E-04 2.0000E-04
6.2111E-04 2.0000E-04
4.6398E-04 2.0000E-04
2.5301E-04 2.0000E-04
1.8485E-04 2.0000E-04
2.0700E-04 2.0000E-04
4.2328E-04 2.0000E-04
1.4814E-04 2.0000E-04
1.3179E-04 2.0000E-04
1.7977E-04 2.0000E-04
1.8439E-04 2.0000E-04
2.8445E-04 2.0000E-04
1.0541E-04 2.0000E-04
1.0529E-04 2.0000E-04
1.2963E-04 2.0000E-04
2.0651E-04 2.0000E-04
9.1557E-05 2.0000E-04
6.9800E-05 2.0000E-04
9.6681E-05 2.0000E-04
1.5306E-04 2.0000E-04
9.3057E-05 2.0000E-04
6.4652E-05 2.0000E-04
8.3961E-05 2.0000E-04
9.0019E-05 2.0000E-04
1.0208E-04 2.0000E-04
8.7554E-05 2.0000E-04
5.8066E-05 2.0000E-04
6.0109E-05 2.0000E-04
8.8717E-05 2.0000E-04
6.7970E-05 2.0000E-04
4.2712E-05 2.0000E-04
4.8022E-05 2.0000E-04
6.1308E-05 2.0000E-04
5.9659E-05 2.0000E-04
7.5128E-05 2.0000E-04
4.3003E-05 2.0000E-04
3.7535E-05 2.0000E-04
4.8644E-05 2.0000E-04
6.1191E-05 2.0000E-04
4.0607E-05 2.0000E-04
3.9493E-05 2.0000E-04
5.1922E-05 2.0000E-04
4.1806E-05 2.0000E-04
3.6062E-05 2.0000E-04
4.2216E-05 2.0000E-04
4.5591E-05 2.0000E-04
3.1882E-05 2.0000E-04
3.6769E-05 2.0000E-04
3.9157E-05 2.0000E-04
3.5401E-05 2.0000E-04
7.5598E-05 2.0000E-04
2.7723E-05 2.0000E-04
2.5145E-05 2.0000E-04
3.3703E-05 2.0000E-04
5.2604E-05 2.0000E-04
3.2055E-05 2.0000E-04
2.5523E-05 2.0000E-04
2.9459E-05 2.0000E-04
4.1944E-05 2.0000E-04
2.3432E-05 2.0000E-04
2.3936E-05 2.0000E-04
2.6717E-05 2.0000E-04
6.3379E-05 2.0000E-04
2.3897E-05 2.0000E-04
1.9297E-05 2.0000E-04
2.2791E-05 2.0000E-04
3.4213E-05 2.0000E-04
3.6950E-05 2.0000E-04
2.0513E-05 2.0000E-04
2.2443E-05 2.0000E-04
2.4100E-05 2.0000E-04
4.3008E-05 2.0000E-04
1.9732E-05 2.0000E-04
2.1143E-05 2.0000E-04
2.6587E-05 2.0000E-04
5.1036E-05 2.0000E-04
2.0541E-05 2.0000E-04
1.5192E-05 2.0000E-04
2.0327E-05 2.0000E-04
2.5788E-05 2.0000E-04
4.5514E-05 2.0000E-04
1.9259E-05 2.0000E-04
1.6821E-05 2.0000E-04
