569.1
167.6
198.9
184.8
232.4
176.5
163.4
170.0
160.4
154.3
154.0
153.1
151.4
154.4
168.0
155.7
154.6
154.4
152.6
151.4
152.3
119.6
154.3
154.1
121.6
153.3
152.5
152.5
154.0
155.4
121.5
115.5
122.0
116.1
156.2
122.1
121.1
122.3
149.3
122.5
122.7
121.0
123.2
122.5
122.9
122.6
150.2
129.5
139.5
140.8
153.7
126.0
136.6
125.7
130.1
119.3
103.3
123.0
122.3
122.1
122.4
124.5
124.0
122.1
123.0
122.3
122.3
105.9
106.6
107.6
122.4
124.8
106.1
105.6
106.3
123.9
106.3
106.0
105.8
156.3
123.0
106.1
105.0
106.5
122.4
108.2
105.6
