Max Step   Target
7.7053E-03 1.8000E-03
3.7873E-02 1.8000E-03
2.3315E-02 1.8000E-03
4.5869E-03 1.8000E-03
1.2926E-02 1.8000E-03
1.9606E-02 1.8000E-03
2.6604E-02 1.8000E-03
6.1297E-03 1.8000E-03
3.4863E-03 1.8000E-03
6.2649E-03 1.8000E-03
8.9695E-03 1.8000E-03
1.6047E-03 1.8000E-03
9.6314E-04 1.8000E-03
4.2538E-03 1.8000E-03
6.7429E-03 1.8000E-03
1.2285E-02 1.8000E-03
4.0234E-03 1.8000E-03
5.5758E-03 1.8000E-03
4.3651E-03 1.8000E-03
1.0048E-02 1.8000E-03
1.3863E-02 1.8000E-03
6.0363E-03 1.8000E-03
1.5322E-03 1.8000E-03
1.5322E-03 1.8000E-03
