RMS Step   Target
2.2222E-03 1.2000E-03
9.7583E-03 1.2000E-03
5.9398E-03 1.2000E-03
1.3155E-03 1.2000E-03
4.0608E-03 1.2000E-03
5.4946E-03 1.2000E-03
6.2173E-03 1.2000E-03
1.3032E-03 1.2000E-03
9.4078E-04 1.2000E-03
1.7377E-03 1.2000E-03
2.2311E-03 1.2000E-03
5.0755E-04 1.2000E-03
4.0624E-04 1.2000E-03
1.6588E-03 1.2000E-03
2.6459E-03 1.2000E-03
5.4439E-03 1.2000E-03
1.7077E-03 1.2000E-03
2.3932E-03 1.2000E-03
1.8725E-03 1.2000E-03
4.5783E-03 1.2000E-03
5.8125E-03 1.2000E-03
2.5213E-03 1.2000E-03
6.8307E-04 1.2000E-03
6.8307E-04 1.2000E-03
