RMS Grad   Target
1.4361E-03 3.0000E-04
1.1203E-03 3.0000E-04
1.4708E-03 3.0000E-04
2.0536E-03 3.0000E-04
1.0760E-03 3.0000E-04
6.5251E-04 3.0000E-04
7.1913E-04 3.0000E-04
1.6215E-03 3.0000E-04
3.5666E-04 3.0000E-04
2.9551E-04 3.0000E-04
2.8226E-04 3.0000E-04
7.6894E-04 3.0000E-04
2.4574E-04 3.0000E-04
1.8780E-04 3.0000E-04
3.1931E-04 3.0000E-04
4.4573E-04 3.0000E-04
7.2681E-04 3.0000E-04
3.7899E-04 3.0000E-04
3.3515E-04 3.0000E-04
3.4116E-04 3.0000E-04
3.9875E-04 3.0000E-04
7.9734E-04 3.0000E-04
1.6855E-04 3.0000E-04
1.2900E-04 3.0000E-04
1.2900E-04 3.0000E-04
