RMS Step   Target
2.8444E-04 8.0000E-04
2.6852E-03 8.0000E-04
8.0540E-04 8.0000E-04
1.3941E-03 8.0000E-04
1.4253E-03 8.0000E-04
8.5716E-04 8.0000E-04
3.7030E-04 8.0000E-04
6.8662E-04 8.0000E-04
1.1167E-03 8.0000E-04
7.5865E-04 8.0000E-04
5.1124E-04 8.0000E-04
1.0597E-03 8.0000E-04
1.6595E-03 8.0000E-04
5.1131E-04 8.0000E-04
4.3318E-04 8.0000E-04
5.5742E-04 8.0000E-04
1.0334E-03 8.0000E-04
2.1196E-03 8.0000E-04
3.3345E-04 8.0000E-04
2.0101E-04 8.0000E-04
6.6412E-04 8.0000E-04
1.2635E-03 8.0000E-04
2.5901E-03 8.0000E-04
3.5698E-04 8.0000E-04
1.9543E-04 8.0000E-04
5.7879E-04 8.0000E-04
1.2818E-03 8.0000E-04
2.2911E-04 8.0000E-04
1.6188E-04 8.0000E-04
3.6445E-04 8.0000E-04
3.4877E-04 8.0000E-04
6.2595E-04 8.0000E-04
3.5313E-04 8.0000E-04
2.7483E-04 8.0000E-04
5.1943E-04 8.0000E-04
5.3031E-04 8.0000E-04
2.3211E-04 8.0000E-04
3.4343E-04 8.0000E-04
3.7473E-04 8.0000E-04
6.5067E-04 8.0000E-04
1.0390E-03 8.0000E-04
1.2943E-04 8.0000E-04
9.7693E-05 8.0000E-04
2.2821E-04 8.0000E-04
4.4481E-04 8.0000E-04
8.4295E-04 8.0000E-04
5.8866E-04 8.0000E-04
2.6042E-04 8.0000E-04
1.9628E-04 8.0000E-04
3.2207E-04 8.0000E-04
3.9271E-04 8.0000E-04
3.1923E-04 8.0000E-04
2.3855E-04 8.0000E-04
3.0411E-04 8.0000E-04
4.6645E-04 8.0000E-04
3.1957E-04 8.0000E-04
2.7023E-04 8.0000E-04
3.2061E-04 8.0000E-04
5.3140E-04 8.0000E-04
2.8208E-04 8.0000E-04
3.0146E-04 8.0000E-04
3.3521E-04 8.0000E-04
3.2223E-04 8.0000E-04
3.1383E-04 8.0000E-04
4.0875E-04 8.0000E-04
2.2514E-04 8.0000E-04
1.3136E-04 8.0000E-04
3.6175E-04 8.0000E-04
2.5746E-04 8.0000E-04
1.5110E-04 8.0000E-04
2.7165E-04 8.0000E-04
2.0919E-04 8.0000E-04
3.4027E-04 8.0000E-04
2.3801E-04 8.0000E-04
2.3422E-04 8.0000E-04
2.1700E-04 8.0000E-04
2.6032E-04 8.0000E-04
2.6884E-04 8.0000E-04
1.7881E-04 8.0000E-04
2.5353E-04 8.0000E-04
1.6542E-04 8.0000E-04
7.1423E-05 8.0000E-04
1.2886E-04 8.0000E-04
1.9705E-04 8.0000E-04
3.3454E-04 8.0000E-04
2.7646E-04 8.0000E-04
2.3477E-04 8.0000E-04
2.1976E-04 8.0000E-04
2.3185E-04 8.0000E-04
8.6091E-05 8.0000E-04
1.3886E-04 8.0000E-04
1.3140E-04 8.0000E-04
