Max Step   Target
6.5139E-03 1.8000E-03
2.5000E-02 1.8000E-03
2.5000E-02 1.8000E-03
2.5000E-02 1.8000E-03
2.5000E-02 1.8000E-03
2.5000E-02 1.8000E-03
2.5000E-02 1.8000E-03
2.5000E-02 1.8000E-03
2.5000E-02 1.8000E-03
2.5000E-02 1.8000E-03
2.5000E-02 1.8000E-03
2.5000E-02 1.8000E-03
2.5000E-02 1.8000E-03
2.5000E-02 1.8000E-03
2.5000E-02 1.8000E-03
2.5000E-02 1.8000E-03
2.5000E-02 1.8000E-03
2.5000E-02 1.8000E-03
2.8833E-03 1.8000E-03
1.2129E-02 1.8000E-03
7.1278E-03 1.8000E-03
2.5000E-02 1.8000E-03
1.0572E-03 1.8000E-03
6.5496E-03 1.8000E-03
1.6910E-02 1.8000E-03
2.5000E-02 1.8000E-03
2.5000E-02 1.8000E-03
2.5000E-02 1.8000E-03
2.5000E-02 1.8000E-03
2.5000E-02 1.8000E-03
2.5000E-02 1.8000E-03
2.5000E-02 1.8000E-03
2.5000E-02 1.8000E-03
2.5000E-02 1.8000E-03
2.5000E-02 1.8000E-03
2.5000E-02 1.8000E-03
2.5000E-02 1.8000E-03
2.5000E-02 1.8000E-03
2.1588E-02 1.8000E-03
2.5000E-02 1.8000E-03
4.0713E-03 1.8000E-03
3.3381E-03 1.8000E-03
2.1066E-02 1.8000E-03
2.5000E-02 1.8000E-03
2.5000E-02 1.8000E-03
2.5000E-02 1.8000E-03
2.5000E-02 1.8000E-03
2.5000E-02 1.8000E-03
2.5000E-02 1.8000E-03
2.5000E-02 1.8000E-03
2.5000E-02 1.8000E-03
2.5000E-02 1.8000E-03
2.5000E-02 1.8000E-03
2.5000E-02 1.8000E-03
2.5000E-02 1.8000E-03
2.5000E-02 1.8000E-03
2.5000E-02 1.8000E-03
2.5000E-02 1.8000E-03
2.5000E-02 1.8000E-03
2.5000E-02 1.8000E-03
1.0057E-02 1.8000E-03
2.4564E-02 1.8000E-03
2.5000E-02 1.8000E-03
2.5000E-02 1.8000E-03
2.5000E-02 1.8000E-03
2.5000E-02 1.8000E-03
2.5000E-02 1.8000E-03
2.5000E-02 1.8000E-03
2.5000E-02 1.8000E-03
1.8665E-02 1.8000E-03
3.6849E-03 1.8000E-03
1.2243E-02 1.8000E-03
1.7326E-02 1.8000E-03
3.2016E-03 1.8000E-03
1.9584E-03 1.8000E-03
6.4657E-03 1.8000E-03
5.5221E-03 1.8000E-03
2.3106E-03 1.8000E-03
2.5252E-03 1.8000E-03
2.3678E-03 1.8000E-03
4.6381E-03 1.8000E-03
2.9601E-03 1.8000E-03
3.2043E-03 1.8000E-03
4.5442E-03 1.8000E-03
6.4285E-03 1.8000E-03
1.2949E-03 1.8000E-03
1.2765E-03 1.8000E-03
1.2765E-03 1.8000E-03
