RMS Step   Target
2.2222E-03 1.2000E-03
9.6193E-03 1.2000E-03
9.7444E-03 1.2000E-03
1.0346E-02 1.2000E-03
1.0297E-02 1.2000E-03
9.9823E-03 1.2000E-03
9.9623E-03 1.2000E-03
1.0003E-02 1.2000E-03
1.0003E-02 1.2000E-03
1.0118E-02 1.2000E-03
1.0104E-02 1.2000E-03
7.9694E-03 1.2000E-03
8.9624E-03 1.2000E-03
9.5027E-03 1.2000E-03
6.1236E-03 1.2000E-03
6.4846E-03 1.2000E-03
5.0803E-03 1.2000E-03
4.8434E-03 1.2000E-03
9.8432E-04 1.2000E-03
4.1073E-03 1.2000E-03
1.3243E-03 1.2000E-03
4.5808E-03 1.2000E-03
2.3143E-04 1.2000E-03
1.4288E-03 1.2000E-03
3.6856E-03 1.2000E-03
5.4281E-03 1.2000E-03
5.4263E-03 1.2000E-03
5.3981E-03 1.2000E-03
5.4326E-03 1.2000E-03
5.3901E-03 1.2000E-03
5.2971E-03 1.2000E-03
5.3832E-03 1.2000E-03
5.3258E-03 1.2000E-03
5.3605E-03 1.2000E-03
5.3117E-03 1.2000E-03
5.3456E-03 1.2000E-03
5.2988E-03 1.2000E-03
5.3857E-03 1.2000E-03
5.1459E-03 1.2000E-03
7.1986E-03 1.2000E-03
8.8242E-04 1.2000E-03
8.8780E-04 1.2000E-03
8.6378E-03 1.2000E-03
1.0298E-02 1.2000E-03
1.0338E-02 1.2000E-03
9.1146E-03 1.2000E-03
9.9237E-03 1.2000E-03
8.7523E-03 1.2000E-03
9.4094E-03 1.2000E-03
9.2199E-03 1.2000E-03
8.8711E-03 1.2000E-03
8.9187E-03 1.2000E-03
7.8249E-03 1.2000E-03
6.9213E-03 1.2000E-03
8.5705E-03 1.2000E-03
6.3911E-03 1.2000E-03
8.2525E-03 1.2000E-03
7.2952E-03 1.2000E-03
6.9862E-03 1.2000E-03
6.3715E-03 1.2000E-03
2.9668E-03 1.2000E-03
6.0245E-03 1.2000E-03
6.6566E-03 1.2000E-03
5.4952E-03 1.2000E-03
5.3961E-03 1.2000E-03
5.3640E-03 1.2000E-03
5.4333E-03 1.2000E-03
5.3381E-03 1.2000E-03
6.5333E-03 1.2000E-03
4.2496E-03 1.2000E-03
1.4699E-03 1.2000E-03
4.1444E-03 1.2000E-03
5.2607E-03 1.2000E-03
1.2480E-03 1.2000E-03
6.6749E-04 1.2000E-03
2.2542E-03 1.2000E-03
1.8930E-03 1.2000E-03
8.9183E-04 1.2000E-03
8.8560E-04 1.2000E-03
6.9005E-04 1.2000E-03
1.2737E-03 1.2000E-03
8.5449E-04 1.2000E-03
1.0220E-03 1.2000E-03
1.3277E-03 1.2000E-03
1.7559E-03 1.2000E-03
3.9559E-04 1.2000E-03
2.4110E-04 1.2000E-03
2.4110E-04 1.2000E-03
