RMS Grad   Target
1.1717E-03 3.0000E-04
1.1818E-03 3.0000E-04
3.7866E-03 3.0000E-04
6.9113E-03 3.0000E-04
1.1425E-02 3.0000E-04
1.5872E-02 3.0000E-04
1.9996E-02 3.0000E-04
2.3901E-02 3.0000E-04
2.7954E-02 3.0000E-04
3.1725E-02 3.0000E-04
3.5650E-02 3.0000E-04
3.9242E-02 3.0000E-04
4.0455E-02 3.0000E-04
3.9372E-02 3.0000E-04
3.8870E-02 3.0000E-04
3.6919E-02 3.0000E-04
3.5863E-02 3.0000E-04
3.4138E-02 3.0000E-04
3.2867E-02 3.0000E-04
3.2798E-02 3.0000E-04
3.2503E-02 3.0000E-04
3.2224E-02 3.0000E-04
3.1314E-02 3.0000E-04
3.1292E-02 3.0000E-04
3.1161E-02 3.0000E-04
3.0918E-02 3.0000E-04
3.0882E-02 3.0000E-04
3.1206E-02 3.0000E-04
3.1861E-02 3.0000E-04
3.2830E-02 3.0000E-04
3.4045E-02 3.0000E-04
3.5454E-02 3.0000E-04
3.7124E-02 3.0000E-04
3.8923E-02 3.0000E-04
4.0881E-02 3.0000E-04
4.2909E-02 3.0000E-04
4.5054E-02 3.0000E-04
4.7233E-02 3.0000E-04
4.9566E-02 3.0000E-04
4.7086E-02 3.0000E-04
4.3852E-02 3.0000E-04
4.3878E-02 3.0000E-04
4.3765E-02 3.0000E-04
4.2474E-02 3.0000E-04
4.0066E-02 3.0000E-04
3.7284E-02 3.0000E-04
3.4603E-02 3.0000E-04
3.1677E-02 3.0000E-04
2.9470E-02 3.0000E-04
2.7365E-02 3.0000E-04
2.5779E-02 3.0000E-04
2.4602E-02 3.0000E-04
2.3417E-02 3.0000E-04
2.1939E-02 3.0000E-04
2.0186E-02 3.0000E-04
1.7206E-02 3.0000E-04
1.4666E-02 3.0000E-04
1.0736E-02 3.0000E-04
7.2127E-03 3.0000E-04
3.7595E-03 3.0000E-04
1.6175E-03 3.0000E-04
1.5860E-03 3.0000E-04
1.9761E-03 3.0000E-04
2.0449E-03 3.0000E-04
1.8829E-03 3.0000E-04
1.6359E-03 3.0000E-04
1.4149E-03 3.0000E-04
9.6465E-04 3.0000E-04
7.2504E-04 3.0000E-04
9.2129E-04 3.0000E-04
6.1451E-04 3.0000E-04
5.7699E-04 3.0000E-04
4.8769E-04 3.0000E-04
1.1652E-03 3.0000E-04
2.9282E-04 3.0000E-04
2.2895E-04 3.0000E-04
2.6085E-04 3.0000E-04
3.7971E-04 3.0000E-04
1.9594E-04 3.0000E-04
1.3623E-04 3.0000E-04
1.2238E-04 3.0000E-04
2.0771E-04 3.0000E-04
1.3597E-04 3.0000E-04
1.2152E-04 3.0000E-04
1.3108E-04 3.0000E-04
2.3643E-04 3.0000E-04
7.9291E-05 3.0000E-04
6.7241E-05 3.0000E-04
6.7241E-05 3.0000E-04
