540.7
159.7
124.8
127.2
127.3
126.4
128.3
121.1
129.1
126.6
159.3
124.5
120.3
178.7
126.4
124.1
177.9
126.3
127.0
169.1
127.1
126.2
177.6
127.7
126.6
178.3
127.6
126.2
182.8
129.6
126.0
176.8
127.2
128.9
175.3
124.4
128.0
178.6
126.3
121.3
179.9
125.6
125.5
175.2
126.7
122.9
177.8
126.4
125.4
176.4
125.6
126.6
177.5
120.6
118.0
160.6
125.0
158.4
176.2
127.3
125.4
176.1
127.2
127.6
161.4
131.5
156.6
160.2
128.6
127.6
158.2
127.3
128.7
179.0
127.1
127.1
161.7
127.9
149.4
127.6
158.8
128.7
177.2
128.0
128.0
179.3
126.5
123.7
178.0
128.8
162.2
165.5
127.7
128.3
176.5
125.7
157.9
177.4
128.2
128.3
167.6
129.3
157.6
175.5
129.3
129.5
180.0
128.4
161.4
176.8
126.0
126.2
176.8
127.9
159.1
177.4
126.7
129.3
175.7
127.3
154.3
177.2
127.4
159.5
177.3
127.6
157.3
192.4
126.9
129.2
158.8
128.6
129.6
159.9
128.8
154.1
189.5
127.4
128.6
193.6
119.6
128.1
190.7
125.4
125.6
195.4
127.3
125.9
186.4
127.7
126.5
170.1
130.3
128.8
194.6
122.9
127.9
189.1
132.7
129.9
179.8
130.3
131.7
128.6
107.0
115.9
173.3
125.5
111.6
181.3
127.7
112.9
178.9
126.2
112.4
176.1
127.0
108.3
180.0
128.7
123.5
176.7
130.1
109.3
179.1
127.9
131.1
183.2
130.4
121.2
176.1
127.4
129.0
160.1
118.9
110.3
160.8
127.8
112.4
161.0
129.3
110.2
163.7
126.2
111.2
161.1
130.8
154.3
126.7
110.2
163.7
127.2
110.6
163.2
127.4
164.5
120.1
161.7
123.3
111.3
154.1
128.0
161.2
129.6
111.0
162.7
125.9
110.3
162.0
127.4
108.8
161.2
124.9
110.2
153.8
126.8
162.5
126.6
152.6
127.3
159.3
127.0
156.5
127.3
161.7
128.1
161.6
127.3
159.1
128.9
162.9
126.5
156.1
128.4
161.5
126.9
163.3
