564.9
173.2
174.3
167.7
173.0
176.0
174.6
175.8
175.9
175.7
175.0
175.4
177.0
170.0
177.0
176.8
176.0
176.6
177.4
177.3
177.3
176.8
177.6
177.4
225.1
172.7
176.6
173.0
174.6
174.4
177.1
174.7
175.8
174.9
176.2
177.3
175.2
176.9
176.9
176.9
170.7
178.1
170.1
178.5
179.6
163.5
227.1
159.4
159.3
151.1
160.4
160.2
174.8
174.9
177.7
177.4
172.1
170.5
176.7
175.3
177.3
176.3
176.0
177.1
170.4
175.4
176.0
169.6
226.5
157.5
157.5
158.0
158.4
158.0
152.6
158.3
161.0
176.1
176.1
175.2
174.5
169.2
176.8
176.0
177.7
175.6
171.5
176.0
178.4
159.3
224.9
159.3
158.8
158.7
157.3
160.4
176.0
177.4
175.4
177.3
175.9
176.7
177.6
193.8
176.3
177.9
179.5
230.7
156.9
157.3
159.3
158.2
154.0
159.2
169.2
177.1
170.0
178.1
177.9
188.6
209.6
159.5
159.7
160.0
159.7
160.8
175.9
175.7
178.0
194.2
194.6
196.2
159.3
158.8
157.4
152.0
176.7
165.6
194.5
204.7
210.5
159.2
160.3
176.4
195.2
212.7
211.0
157.3
160.0
153.6
213.6
211.3
158.4
157.9
213.2
159.8
124.6
125.0
153.1
160.0
154.5
179.6
155.5
124.6
127.1
126.4
152.9
160.2
161.3
127.6
126.6
127.5
