RMS Grad   Target
1.4406E-03 3.0000E-04
1.1140E-03 3.0000E-04
1.1653E-03 3.0000E-04
1.6676E-03 3.0000E-04
1.7287E-03 3.0000E-04
9.4569E-04 3.0000E-04
7.7758E-04 3.0000E-04
4.5716E-04 3.0000E-04
3.7616E-04 3.0000E-04
5.1410E-04 3.0000E-04
4.8756E-04 3.0000E-04
3.1315E-04 3.0000E-04
3.1944E-04 3.0000E-04
3.9391E-04 3.0000E-04
4.2286E-04 3.0000E-04
2.9795E-04 3.0000E-04
2.7885E-04 3.0000E-04
3.1193E-04 3.0000E-04
4.7070E-04 3.0000E-04
1.3527E-04 3.0000E-04
1.0815E-04 3.0000E-04
1.1451E-04 3.0000E-04
1.7865E-04 3.0000E-04
1.2139E-04 3.0000E-04
7.0139E-05 3.0000E-04
7.3224E-05 3.0000E-04
7.3224E-05 3.0000E-04
