RMS Grad   Target
1.0578E-03 3.0000E-04
8.0079E-04 3.0000E-04
7.4947E-04 3.0000E-04
9.9197E-04 3.0000E-04
6.9058E-04 3.0000E-04
6.1720E-04 3.0000E-04
8.3902E-04 3.0000E-04
5.1597E-04 3.0000E-04
3.8676E-04 3.0000E-04
3.8331E-04 3.0000E-04
6.2648E-04 3.0000E-04
3.6601E-04 3.0000E-04
3.5144E-04 3.0000E-04
5.2908E-04 3.0000E-04
7.8233E-04 3.0000E-04
9.2812E-04 3.0000E-04
5.7849E-04 3.0000E-04
5.3123E-04 3.0000E-04
5.9719E-04 3.0000E-04
3.7419E-04 3.0000E-04
2.8583E-04 3.0000E-04
3.0545E-04 3.0000E-04
2.3984E-04 3.0000E-04
1.8662E-04 3.0000E-04
1.4402E-04 3.0000E-04
1.5804E-04 3.0000E-04
2.1158E-04 3.0000E-04
5.3845E-05 3.0000E-04
4.4485E-05 3.0000E-04
4.4485E-05 3.0000E-04
