543.8
156.4
123.6
123.6
207.2
207.9
202.3
201.1
197.3
273.6
181.2
495.1
186.4
157.0
117.4
159.6
159.0
117.7
158.1
156.7
124.3
157.7
160.6
146.6
157.5
183.4
124.1
157.8
153.5
125.7
153.3
157.9
125.4
158.2
160.0
126.4
159.0
151.9
125.8
176.9
161.1
126.0
159.6
150.8
127.0
180.9
157.5
130.5
152.1
158.8
150.1
158.0
159.9
125.0
150.7
160.6
125.4
159.5
158.1
124.5
171.3
152.7
124.3
158.8
153.5
120.8
160.4
160.5
127.3
160.9
153.8
126.8
157.7
148.7
128.5
150.6
166.9
132.1
165.3
172.4
132.5
173.8
148.8
123.7
158.4
159.2
126.0
158.5
173.2
136.9
166.3
167.1
130.7
159.9
