Max Step   Target
4.7235E-04 1.2000E-03
4.6011E-04 1.2000E-03
5.4363E-04 1.2000E-03
5.7752E-04 1.2000E-03
6.2050E-04 1.2000E-03
6.5187E-04 1.2000E-03
6.7510E-04 1.2000E-03
6.9150E-04 1.2000E-03
7.0246E-04 1.2000E-03
7.0784E-04 1.2000E-03
7.0860E-04 1.2000E-03
7.0339E-04 1.2000E-03
6.9591E-04 1.2000E-03
6.7819E-04 1.2000E-03
6.7396E-04 1.2000E-03
6.5720E-04 1.2000E-03
6.4971E-04 1.2000E-03
6.2658E-04 1.2000E-03
6.2012E-04 1.2000E-03
6.0634E-04 1.2000E-03
5.9137E-04 1.2000E-03
5.7746E-04 1.2000E-03
5.6934E-04 1.2000E-03
5.5583E-04 1.2000E-03
5.6044E-04 1.2000E-03
5.5806E-04 1.2000E-03
5.6910E-04 1.2000E-03
5.6172E-04 1.2000E-03
5.7406E-04 1.2000E-03
5.8299E-04 1.2000E-03
5.8780E-04 1.2000E-03
5.9931E-04 1.2000E-03
6.1411E-04 1.2000E-03
6.1095E-04 1.2000E-03
6.3144E-04 1.2000E-03
6.3646E-04 1.2000E-03
6.4153E-04 1.2000E-03
6.5608E-04 1.2000E-03
6.6050E-04 1.2000E-03
6.6594E-04 1.2000E-03
6.7582E-04 1.2000E-03
6.8508E-04 1.2000E-03
6.8421E-04 1.2000E-03
6.9923E-04 1.2000E-03
7.0494E-04 1.2000E-03
6.9972E-04 1.2000E-03
7.2442E-04 1.2000E-03
7.1701E-04 1.2000E-03
7.2072E-04 1.2000E-03
7.4377E-04 1.2000E-03
7.2774E-04 1.2000E-03
7.4353E-04 1.2000E-03
7.5444E-04 1.2000E-03
7.4421E-04 1.2000E-03
7.5897E-04 1.2000E-03
7.6659E-04 1.2000E-03
7.6071E-04 1.2000E-03
7.6930E-04 1.2000E-03
7.7992E-04 1.2000E-03
7.7005E-04 1.2000E-03
7.8476E-04 1.2000E-03
7.8962E-04 1.2000E-03
7.8024E-04 1.2000E-03
7.9634E-04 1.2000E-03
7.9955E-04 1.2000E-03
7.9253E-04 1.2000E-03
8.0739E-04 1.2000E-03
8.0806E-04 1.2000E-03
8.0227E-04 1.2000E-03
8.1542E-04 1.2000E-03
8.1653E-04 1.2000E-03
8.1711E-04 1.2000E-03
8.2602E-04 1.2000E-03
8.2574E-04 1.2000E-03
8.2165E-04 1.2000E-03
8.3027E-04 1.2000E-03
8.4406E-04 1.2000E-03
8.3505E-04 1.2000E-03
8.4258E-04 1.2000E-03
8.4267E-04 1.2000E-03
8.3687E-04 1.2000E-03
8.4966E-04 1.2000E-03
8.5484E-04 1.2000E-03
8.5268E-04 1.2000E-03
8.5769E-04 1.2000E-03
8.5576E-04 1.2000E-03
8.6060E-04 1.2000E-03
8.5965E-04 1.2000E-03
8.5995E-04 1.2000E-03
8.6486E-04 1.2000E-03
8.5213E-04 1.2000E-03
8.6630E-04 1.2000E-03
8.7825E-04 1.2000E-03
8.6873E-04 1.2000E-03
8.7679E-04 1.2000E-03
8.7232E-04 1.2000E-03
8.6327E-04 1.2000E-03
8.7613E-04 1.2000E-03
8.7152E-04 1.2000E-03
8.7764E-04 1.2000E-03
8.7181E-04 1.2000E-03
8.8053E-04 1.2000E-03
8.6519E-04 1.2000E-03
8.8106E-04 1.2000E-03
8.8578E-04 1.2000E-03
8.8234E-04 1.2000E-03
8.7359E-04 1.2000E-03
8.8507E-04 1.2000E-03
8.7584E-04 1.2000E-03
8.8437E-04 1.2000E-03
8.8460E-04 1.2000E-03
8.8548E-04 1.2000E-03
8.7265E-04 1.2000E-03
8.8663E-04 1.2000E-03
8.8086E-04 1.2000E-03
8.8491E-04 1.2000E-03
8.8917E-04 1.2000E-03
8.8581E-04 1.2000E-03
8.7479E-04 1.2000E-03
8.8598E-04 1.2000E-03
8.8023E-04 1.2000E-03
8.8602E-04 1.2000E-03
8.8234E-04 1.2000E-03
8.8589E-04 1.2000E-03
8.7145E-04 1.2000E-03
8.8535E-04 1.2000E-03
8.7884E-04 1.2000E-03
8.8391E-04 1.2000E-03
8.8273E-04 1.2000E-03
8.8192E-04 1.2000E-03
8.7409E-04 1.2000E-03
8.8161E-04 1.2000E-03
8.7230E-04 1.2000E-03
8.8050E-04 1.2000E-03
8.7268E-04 1.2000E-03
8.7874E-04 1.2000E-03
8.6906E-04 1.2000E-03
8.7705E-04 1.2000E-03
8.8174E-04 1.2000E-03
8.7430E-04 1.2000E-03
8.6907E-04 1.2000E-03
8.7457E-04 1.2000E-03
8.5311E-04 1.2000E-03
8.7202E-04 1.2000E-03
8.6976E-04 1.2000E-03
8.7012E-04 1.2000E-03
8.6309E-04 1.2000E-03
8.6697E-04 1.2000E-03
8.6786E-04 1.2000E-03
8.6477E-04 1.2000E-03
8.5944E-04 1.2000E-03
8.6411E-04 1.2000E-03
8.4723E-04 1.2000E-03
8.6202E-04 1.2000E-03
8.5375E-04 1.2000E-03
8.5866E-04 1.2000E-03
8.5592E-04 1.2000E-03
8.5647E-04 1.2000E-03
8.5083E-04 1.2000E-03
8.5449E-04 1.2000E-03
8.4928E-04 1.2000E-03
8.5187E-04 1.2000E-03
8.4475E-04 1.2000E-03
8.5030E-04 1.2000E-03
8.3296E-04 1.2000E-03
8.4796E-04 1.2000E-03
8.4260E-04 1.2000E-03
8.4462E-04 1.2000E-03
8.4155E-04 1.2000E-03
8.4258E-04 1.2000E-03
8.3629E-04 1.2000E-03
8.4022E-04 1.2000E-03
8.3690E-04 1.2000E-03
8.3855E-04 1.2000E-03
8.3063E-04 1.2000E-03
8.3511E-04 1.2000E-03
8.3119E-04 1.2000E-03
8.3312E-04 1.2000E-03
8.2643E-04 1.2000E-03
8.3091E-04 1.2000E-03
8.2504E-04 1.2000E-03
8.2784E-04 1.2000E-03
8.2351E-04 1.2000E-03
8.2517E-04 1.2000E-03
8.2242E-04 1.2000E-03
8.2320E-04 1.2000E-03
8.1312E-04 1.2000E-03
8.2072E-04 1.2000E-03
8.1641E-04 1.2000E-03
8.1784E-04 1.2000E-03
8.1759E-04 1.2000E-03
8.1444E-04 1.2000E-03
8.1128E-04 1.2000E-03
8.1277E-04 1.2000E-03
8.0247E-04 1.2000E-03
8.1023E-04 1.2000E-03
8.0333E-04 1.2000E-03
8.0719E-04 1.2000E-03
8.0439E-04 1.2000E-03
8.0397E-04 1.2000E-03
8.0454E-04 1.2000E-03
8.0110E-04 1.2000E-03
7.9633E-04 1.2000E-03
7.9925E-04 1.2000E-03
7.9067E-04 1.2000E-03
7.9682E-04 1.2000E-03
7.9084E-04 1.2000E-03
7.9382E-04 1.2000E-03
7.8736E-04 1.2000E-03
7.9091E-04 1.2000E-03
7.8916E-04 1.2000E-03
7.8750E-04 1.2000E-03
7.8763E-04 1.2000E-03
7.8560E-04 1.2000E-03
7.7708E-04 1.2000E-03
7.8345E-04 1.2000E-03
7.7546E-04 1.2000E-03
7.8034E-04 1.2000E-03
7.7378E-04 1.2000E-03
7.7731E-04 1.2000E-03
7.7261E-04 1.2000E-03
7.7407E-04 1.2000E-03
7.7082E-04 1.2000E-03
7.7154E-04 1.2000E-03
7.6614E-04 1.2000E-03
7.6884E-04 1.2000E-03
7.6294E-04 1.2000E-03
7.6556E-04 1.2000E-03
7.6285E-04 1.2000E-03
7.6289E-04 1.2000E-03
7.5630E-04 1.2000E-03
7.6009E-04 1.2000E-03
7.5534E-04 1.2000E-03
7.5661E-04 1.2000E-03
7.5369E-04 1.2000E-03
7.5360E-04 1.2000E-03
7.4989E-04 1.2000E-03
7.5093E-04 1.2000E-03
7.4592E-04 1.2000E-03
7.4817E-04 1.2000E-03
7.4268E-04 1.2000E-03
7.4539E-04 1.2000E-03
7.4234E-04 1.2000E-03
7.4133E-04 1.2000E-03
7.4007E-04 1.2000E-03
7.3918E-04 1.2000E-03
7.3071E-04 1.2000E-03
7.3635E-04 1.2000E-03
7.3020E-04 1.2000E-03
7.3297E-04 1.2000E-03
7.2959E-04 1.2000E-03
7.2914E-04 1.2000E-03
7.2856E-04 1.2000E-03
7.2573E-04 1.2000E-03
7.2467E-04 1.2000E-03
7.2261E-04 1.2000E-03
7.2011E-04 1.2000E-03
7.2050E-04 1.2000E-03
7.1311E-04 1.2000E-03
7.1681E-04 1.2000E-03
7.1431E-04 1.2000E-03
7.1353E-04 1.2000E-03
7.1073E-04 1.2000E-03
7.0997E-04 1.2000E-03
7.0941E-04 1.2000E-03
7.0698E-04 1.2000E-03
7.0573E-04 1.2000E-03
7.0443E-04 1.2000E-03
6.9785E-04 1.2000E-03
7.0121E-04 1.2000E-03
6.9705E-04 1.2000E-03
6.9772E-04 1.2000E-03
6.9534E-04 1.2000E-03
6.9422E-04 1.2000E-03
6.9130E-04 1.2000E-03
6.9121E-04 1.2000E-03
6.8977E-04 1.2000E-03
6.8808E-04 1.2000E-03
6.8570E-04 1.2000E-03
6.8489E-04 1.2000E-03
6.8104E-04 1.2000E-03
6.8155E-04 1.2000E-03
6.7916E-04 1.2000E-03
6.7799E-04 1.2000E-03
6.7686E-04 1.2000E-03
6.7505E-04 1.2000E-03
6.7129E-04 1.2000E-03
6.7126E-04 1.2000E-03
6.7102E-04 1.2000E-03
6.6814E-04 1.2000E-03
6.6470E-04 1.2000E-03
6.6524E-04 1.2000E-03
6.6077E-04 1.2000E-03
6.6167E-04 1.2000E-03
6.6028E-04 1.2000E-03
6.5828E-04 1.2000E-03
6.5464E-04 1.2000E-03
6.5572E-04 1.2000E-03
6.4879E-04 1.2000E-03
6.5209E-04 1.2000E-03
6.4971E-04 1.2000E-03
6.4852E-04 1.2000E-03
6.4540E-04 1.2000E-03
6.4435E-04 1.2000E-03
6.4472E-04 1.2000E-03
6.3999E-04 1.2000E-03
6.4134E-04 1.2000E-03
6.3704E-04 1.2000E-03
6.3666E-04 1.2000E-03
6.3421E-04 1.2000E-03
6.3462E-04 1.2000E-03
6.3083E-04 1.2000E-03
6.3055E-04 1.2000E-03
6.2873E-04 1.2000E-03
6.2278E-04 1.2000E-03
6.2480E-04 1.2000E-03
6.2525E-04 1.2000E-03
6.2183E-04 1.2000E-03
6.1765E-04 1.2000E-03
6.1814E-04 1.2000E-03
6.1441E-04 1.2000E-03
6.1554E-04 1.2000E-03
6.0954E-04 1.2000E-03
6.1174E-04 1.2000E-03
6.0277E-04 1.2000E-03
6.0843E-04 1.2000E-03
6.0490E-04 1.2000E-03
6.0395E-04 1.2000E-03
6.0642E-04 1.2000E-03
5.9984E-04 1.2000E-03
6.0049E-04 1.2000E-03
5.9700E-04 1.2000E-03
5.9721E-04 1.2000E-03
5.9379E-04 1.2000E-03
5.9186E-04 1.2000E-03
5.9061E-04 1.2000E-03
5.8561E-04 1.2000E-03
5.8775E-04 1.2000E-03
5.8177E-04 1.2000E-03
5.8331E-04 1.2000E-03
5.8154E-04 1.2000E-03
5.8045E-04 1.2000E-03
5.7461E-04 1.2000E-03
5.7633E-04 1.2000E-03
5.7601E-04 1.2000E-03
5.7225E-04 1.2000E-03
5.7172E-04 1.2000E-03
5.6878E-04 1.2000E-03
5.6494E-04 1.2000E-03
5.6470E-04 1.2000E-03
5.6176E-04 1.2000E-03
5.6142E-04 1.2000E-03
5.5466E-04 1.2000E-03
5.5845E-04 1.2000E-03
5.5235E-04 1.2000E-03
5.5436E-04 1.2000E-03
5.5237E-04 1.2000E-03
5.5059E-04 1.2000E-03
5.4530E-04 1.2000E-03
5.4599E-04 1.2000E-03
5.4496E-04 1.2000E-03
5.4123E-04 1.2000E-03
5.4364E-04 1.2000E-03
5.3718E-04 1.2000E-03
5.3582E-04 1.2000E-03
5.3546E-04 1.2000E-03
5.3118E-04 1.2000E-03
5.3079E-04 1.2000E-03
5.3115E-04 1.2000E-03
5.3086E-04 1.2000E-03
5.3094E-04 1.2000E-03
5.3082E-04 1.2000E-03
5.3023E-04 1.2000E-03
5.3096E-04 1.2000E-03
5.2912E-04 1.2000E-03
5.3074E-04 1.2000E-03
5.3120E-04 1.2000E-03
5.3062E-04 1.2000E-03
5.2982E-04 1.2000E-03
5.3053E-04 1.2000E-03
5.2979E-04 1.2000E-03
5.3029E-04 1.2000E-03
5.3020E-04 1.2000E-03
5.3013E-04 1.2000E-03
5.2762E-04 1.2000E-03
5.2987E-04 1.2000E-03
5.2916E-04 1.2000E-03
5.2945E-04 1.2000E-03
5.2934E-04 1.2000E-03
5.2908E-04 1.2000E-03
5.2836E-04 1.2000E-03
5.2867E-04 1.2000E-03
5.2870E-04 1.2000E-03
5.2809E-04 1.2000E-03
5.2806E-04 1.2000E-03
5.2792E-04 1.2000E-03
5.2591E-04 1.2000E-03
5.2745E-04 1.2000E-03
5.2633E-04 1.2000E-03
5.2665E-04 1.2000E-03
5.2549E-04 1.2000E-03
5.2609E-04 1.2000E-03
5.2521E-04 1.2000E-03
5.2536E-04 1.2000E-03
5.2642E-04 1.2000E-03
5.2450E-04 1.2000E-03
5.2392E-04 1.2000E-03
5.2408E-04 1.2000E-03
5.2197E-04 1.2000E-03
5.2322E-04 1.2000E-03
5.2134E-04 1.2000E-03
5.2251E-04 1.2000E-03
5.2016E-04 1.2000E-03
5.2141E-04 1.2000E-03
5.2090E-04 1.2000E-03
5.2018E-04 1.2000E-03
5.2004E-04 1.2000E-03
5.1946E-04 1.2000E-03
5.1568E-04 1.2000E-03
5.1834E-04 1.2000E-03
5.1788E-04 1.2000E-03
5.1733E-04 1.2000E-03
5.1505E-04 1.2000E-03
5.1611E-04 1.2000E-03
5.1440E-04 1.2000E-03
5.1483E-04 1.2000E-03
5.1282E-04 1.2000E-03
5.1343E-04 1.2000E-03
5.1274E-04 1.2000E-03
5.1229E-04 1.2000E-03
5.1004E-04 1.2000E-03
5.1069E-04 1.2000E-03
5.0971E-04 1.2000E-03
5.0942E-04 1.2000E-03
5.0502E-04 1.2000E-03
5.0799E-04 1.2000E-03
5.0482E-04 1.2000E-03
5.0648E-04 1.2000E-03
5.0649E-04 1.2000E-03
5.0477E-04 1.2000E-03
5.0157E-04 1.2000E-03
5.0288E-04 1.2000E-03
5.0118E-04 1.2000E-03
5.0115E-04 1.2000E-03
4.9900E-04 1.2000E-03
4.9945E-04 1.2000E-03
4.9869E-04 1.2000E-03
4.9744E-04 1.2000E-03
4.9727E-04 1.2000E-03
4.9517E-04 1.2000E-03
4.9502E-04 1.2000E-03
4.9356E-04 1.2000E-03
4.9158E-04 1.2000E-03
4.9175E-04 1.2000E-03
4.9068E-04 1.2000E-03
4.8964E-04 1.2000E-03
4.8868E-04 1.2000E-03
4.8820E-04 1.2000E-03
4.8157E-04 1.2000E-03
4.8623E-04 1.2000E-03
4.8468E-04 1.2000E-03
4.8364E-04 1.2000E-03
4.8085E-04 1.2000E-03
4.8179E-04 1.2000E-03
4.7858E-04 1.2000E-03
4.7914E-04 1.2000E-03
4.7683E-04 1.2000E-03
4.7689E-04 1.2000E-03
4.7286E-04 1.2000E-03
4.7405E-04 1.2000E-03
4.7432E-04 1.2000E-03
4.7093E-04 1.2000E-03
4.7103E-04 1.2000E-03
4.6855E-04 1.2000E-03
4.6593E-04 1.2000E-03
4.6583E-04 1.2000E-03
4.6524E-04 1.2000E-03
4.6315E-04 1.2000E-03
4.6175E-04 1.2000E-03
4.6093E-04 1.2000E-03
4.5804E-04 1.2000E-03
4.5809E-04 1.2000E-03
4.5496E-04 1.2000E-03
4.5529E-04 1.2000E-03
4.5016E-04 1.2000E-03
4.5266E-04 1.2000E-03
4.4461E-04 1.2000E-03
4.4939E-04 1.2000E-03
4.5115E-04 1.2000E-03
4.4619E-04 1.2000E-03
4.4520E-04 1.2000E-03
4.4361E-04 1.2000E-03
4.4089E-04 1.2000E-03
4.4015E-04 1.2000E-03
4.3809E-04 1.2000E-03
4.3740E-04 1.2000E-03
4.3370E-04 1.2000E-03
4.3416E-04 1.2000E-03
4.3409E-04 1.2000E-03
4.3081E-04 1.2000E-03
4.3182E-04 1.2000E-03
4.2804E-04 1.2000E-03
4.2434E-04 1.2000E-03
4.2499E-04 1.2000E-03
4.2238E-04 1.2000E-03
4.2188E-04 1.2000E-03
4.1951E-04 1.2000E-03
4.1917E-04 1.2000E-03
4.1438E-04 1.2000E-03
4.1567E-04 1.2000E-03
4.1513E-04 1.2000E-03
4.1263E-04 1.2000E-03
4.0849E-04 1.2000E-03
4.0912E-04 1.2000E-03
4.0546E-04 1.2000E-03
4.0543E-04 1.2000E-03
4.0428E-04 1.2000E-03
4.0219E-04 1.2000E-03
3.9814E-04 1.2000E-03
3.9800E-04 1.2000E-03
3.9688E-04 1.2000E-03
3.9453E-04 1.2000E-03
3.9478E-04 1.2000E-03
3.9103E-04 1.2000E-03
3.8701E-04 1.2000E-03
3.8760E-04 1.2000E-03
3.8387E-04 1.2000E-03
3.8405E-04 1.2000E-03
3.7817E-04 1.2000E-03
3.8079E-04 1.2000E-03
3.7550E-04 1.2000E-03
3.7683E-04 1.2000E-03
3.7671E-04 1.2000E-03
3.7270E-04 1.2000E-03
3.7325E-04 1.2000E-03
3.6905E-04 1.2000E-03
3.6673E-04 1.2000E-03
3.6520E-04 1.2000E-03
3.6288E-04 1.2000E-03
3.6183E-04 1.2000E-03
3.5618E-04 1.2000E-03
3.5806E-04 1.2000E-03
3.5782E-04 1.2000E-03
3.5749E-04 1.2000E-03
3.5848E-04 1.2000E-03
3.5865E-04 1.2000E-03
3.5939E-04 1.2000E-03
3.5968E-04 1.2000E-03
3.6106E-04 1.2000E-03
3.6082E-04 1.2000E-03
3.6082E-04 1.2000E-03
3.6191E-04 1.2000E-03
3.6258E-04 1.2000E-03
3.6314E-04 1.2000E-03
3.6302E-04 1.2000E-03
3.6411E-04 1.2000E-03
3.6463E-04 1.2000E-03
3.6504E-04 1.2000E-03
3.6581E-04 1.2000E-03
3.6608E-04 1.2000E-03
3.6593E-04 1.2000E-03
3.6701E-04 1.2000E-03
3.6724E-04 1.2000E-03
3.6802E-04 1.2000E-03
3.6801E-04 1.2000E-03
3.6895E-04 1.2000E-03
3.6959E-04 1.2000E-03
3.6980E-04 1.2000E-03
3.7087E-04 1.2000E-03
3.7065E-04 1.2000E-03
3.7137E-04 1.2000E-03
3.7165E-04 1.2000E-03
3.7211E-04 1.2000E-03
3.7266E-04 1.2000E-03
3.7228E-04 1.2000E-03
3.7356E-04 1.2000E-03
3.7402E-04 1.2000E-03
3.7448E-04 1.2000E-03
3.7470E-04 1.2000E-03
3.7529E-04 1.2000E-03
3.7626E-04 1.2000E-03
3.7605E-04 1.2000E-03
3.7703E-04 1.2000E-03
3.7689E-04 1.2000E-03
3.7721E-04 1.2000E-03
3.7775E-04 1.2000E-03
3.7811E-04 1.2000E-03
3.7868E-04 1.2000E-03
3.7831E-04 1.2000E-03
3.7935E-04 1.2000E-03
3.8021E-04 1.2000E-03
3.8033E-04 1.2000E-03
3.8007E-04 1.2000E-03
3.8096E-04 1.2000E-03
3.8178E-04 1.2000E-03
3.8172E-04 1.2000E-03
3.8207E-04 1.2000E-03
3.8237E-04 1.2000E-03
3.8295E-04 1.2000E-03
3.8295E-04 1.2000E-03
3.8312E-04 1.2000E-03
3.8299E-04 1.2000E-03
3.8330E-04 1.2000E-03
3.8344E-04 1.2000E-03
3.8399E-04 1.2000E-03
3.8411E-04 1.2000E-03
3.8513E-04 1.2000E-03
3.8457E-04 1.2000E-03
3.8695E-04 1.2000E-03
