RMS Step   Target
2.2222E-03 1.2000E-03
2.6079E-03 1.2000E-03
5.2836E-03 1.2000E-03
5.4233E-03 1.2000E-03
1.1633E-03 1.2000E-03
5.3645E-04 1.2000E-03
1.6745E-03 1.2000E-03
3.3983E-03 1.2000E-03
2.5613E-03 1.2000E-03
5.0966E-04 1.2000E-03
5.3953E-04 1.2000E-03
7.7055E-04 1.2000E-03
2.0143E-03 1.2000E-03
1.8689E-03 1.2000E-03
4.9643E-04 1.2000E-03
1.1397E-03 1.2000E-03
1.2440E-03 1.2000E-03
3.0403E-03 1.2000E-03
1.7564E-03 1.2000E-03
4.7559E-04 1.2000E-03
8.1224E-04 1.2000E-03
9.4786E-04 1.2000E-03
1.2171E-03 1.2000E-03
2.3749E-04 1.2000E-03
2.3749E-04 1.2000E-03
