RMS Grad   Target
3.4605E-03 2.0000E-04
3.1241E-03 2.0000E-04
9.0030E-04 2.0000E-04
6.8266E-04 2.0000E-04
7.1690E-04 2.0000E-04
9.2500E-04 2.0000E-04
4.8487E-04 2.0000E-04
2.9726E-04 2.0000E-04
2.8783E-04 2.0000E-04
3.4320E-04 2.0000E-04
2.4418E-04 2.0000E-04
1.8457E-04 2.0000E-04
1.9026E-04 2.0000E-04
2.9043E-04 2.0000E-04
1.6456E-04 2.0000E-04
1.2769E-04 2.0000E-04
1.5236E-04 2.0000E-04
1.9434E-04 2.0000E-04
1.2557E-04 2.0000E-04
1.0656E-04 2.0000E-04
1.2250E-04 2.0000E-04
1.3318E-04 2.0000E-04
1.0709E-04 2.0000E-04
1.1278E-04 2.0000E-04
1.1649E-04 2.0000E-04
9.2370E-05 2.0000E-04
8.6027E-05 2.0000E-04
8.3176E-05 2.0000E-04
7.4566E-05 2.0000E-04
8.1923E-05 2.0000E-04
7.7514E-05 2.0000E-04
8.0101E-05 2.0000E-04
8.3483E-05 2.0000E-04
5.8426E-05 2.0000E-04
5.5483E-05 2.0000E-04
6.8899E-05 2.0000E-04
9.3534E-05 2.0000E-04
5.3082E-05 2.0000E-04
5.6624E-05 2.0000E-04
5.8358E-05 2.0000E-04
8.8685E-05 2.0000E-04
4.1937E-05 2.0000E-04
4.1263E-05 2.0000E-04
6.1586E-05 2.0000E-04
8.1255E-05 2.0000E-04
7.5226E-05 2.0000E-04
3.4513E-05 2.0000E-04
4.0168E-05 2.0000E-04
5.3250E-05 2.0000E-04
6.5397E-05 2.0000E-04
1.0415E-04 2.0000E-04
3.5727E-05 2.0000E-04
2.9543E-05 2.0000E-04
4.0554E-05 2.0000E-04
5.2049E-05 2.0000E-04
9.6324E-05 2.0000E-04
3.3594E-05 2.0000E-04
2.8695E-05 2.0000E-04
3.9230E-05 2.0000E-04
5.1535E-05 2.0000E-04
6.1473E-05 2.0000E-04
3.0779E-05 2.0000E-04
3.2409E-05 2.0000E-04
4.1497E-05 2.0000E-04
6.0629E-05 2.0000E-04
4.7420E-05 2.0000E-04
2.8241E-05 2.0000E-04
2.9538E-05 2.0000E-04
3.7365E-05 2.0000E-04
3.7402E-05 2.0000E-04
8.5947E-05 2.0000E-04
3.9790E-05 2.0000E-04
3.9760E-05 2.0000E-04
4.2899E-05 2.0000E-04
3.3110E-05 2.0000E-04
4.4870E-05 2.0000E-04
3.9179E-05 2.0000E-04
3.3774E-05 2.0000E-04
4.6413E-05 2.0000E-04
3.6574E-05 2.0000E-04
3.2396E-05 2.0000E-04
3.8667E-05 2.0000E-04
5.2784E-05 2.0000E-04
3.3307E-05 2.0000E-04
3.3878E-05 2.0000E-04
4.0806E-05 2.0000E-04
6.3834E-05 2.0000E-04
8.3509E-05 2.0000E-04
3.3993E-05 2.0000E-04
2.9846E-05 2.0000E-04
4.0524E-05 2.0000E-04
5.3082E-05 2.0000E-04
6.9011E-05 2.0000E-04
3.7288E-05 2.0000E-04
5.9094E-05 2.0000E-04
4.6241E-05 2.0000E-04
3.6430E-05 2.0000E-04
4.3580E-05 2.0000E-04
5.1520E-05 2.0000E-04
4.5944E-05 2.0000E-04
4.6029E-05 2.0000E-04
1.0396E-04 2.0000E-04
6.7270E-05 2.0000E-04
3.3998E-05 2.0000E-04
3.7418E-05 2.0000E-04
6.8832E-05 2.0000E-04
7.7881E-05 2.0000E-04
4.6710E-05 2.0000E-04
4.6277E-05 2.0000E-04
7.5660E-05 2.0000E-04
5.4023E-05 2.0000E-04
6.9944E-05 2.0000E-04
8.2816E-05 2.0000E-04
4.6581E-05 2.0000E-04
4.0581E-05 2.0000E-04
4.8871E-05 2.0000E-04
1.1804E-04 2.0000E-04
5.7622E-05 2.0000E-04
4.9635E-05 2.0000E-04
6.4447E-05 2.0000E-04
6.3262E-05 2.0000E-04
8.2667E-05 2.0000E-04
4.6815E-05 2.0000E-04
4.4836E-05 2.0000E-04
5.7187E-05 2.0000E-04
6.4652E-05 2.0000E-04
5.9123E-05 2.0000E-04
8.0459E-05 2.0000E-04
4.3938E-05 2.0000E-04
3.7567E-05 2.0000E-04
4.7407E-05 2.0000E-04
8.4737E-05 2.0000E-04
4.4978E-05 2.0000E-04
3.5200E-05 2.0000E-04
4.5648E-05 2.0000E-04
6.9426E-05 2.0000E-04
4.0713E-05 2.0000E-04
4.2380E-05 2.0000E-04
4.7024E-05 2.0000E-04
4.1021E-05 2.0000E-04
4.6194E-05 2.0000E-04
3.8498E-05 2.0000E-04
3.7119E-05 2.0000E-04
4.8865E-05 2.0000E-04
5.0927E-05 2.0000E-04
3.1332E-05 2.0000E-04
3.3633E-05 2.0000E-04
3.5033E-05 2.0000E-04
3.5314E-05 2.0000E-04
4.8297E-05 2.0000E-04
2.9932E-05 2.0000E-04
2.8170E-05 2.0000E-04
3.5324E-05 2.0000E-04
3.2693E-05 2.0000E-04
3.3613E-05 2.0000E-04
3.3181E-05 2.0000E-04
2.7404E-05 2.0000E-04
2.7803E-05 2.0000E-04
4.2702E-05 2.0000E-04
2.5309E-05 2.0000E-04
2.2175E-05 2.0000E-04
2.8315E-05 2.0000E-04
2.7367E-05 2.0000E-04
2.5917E-05 2.0000E-04
2.5188E-05 2.0000E-04
2.7041E-05 2.0000E-04
2.3551E-05 2.0000E-04
2.3708E-05 2.0000E-04
2.2775E-05 2.0000E-04
1.9800E-05 2.0000E-04
2.5266E-05 2.0000E-04
2.5305E-05 2.0000E-04
2.2051E-05 2.0000E-04
3.2680E-05 2.0000E-04
1.9975E-05 2.0000E-04
2.0827E-05 2.0000E-04
2.6156E-05 2.0000E-04
2.3175E-05 2.0000E-04
1.8601E-05 2.0000E-04
2.0607E-05 2.0000E-04
2.7106E-05 2.0000E-04
1.7702E-05 2.0000E-04
1.6646E-05 2.0000E-04
2.1448E-05 2.0000E-04
1.9581E-05 2.0000E-04
2.7025E-05 2.0000E-04
1.7202E-05 2.0000E-04
1.6989E-05 2.0000E-04
2.1085E-05 2.0000E-04
1.8454E-05 2.0000E-04
1.5815E-05 2.0000E-04
1.7255E-05 2.0000E-04
1.7436E-05 2.0000E-04
1.5197E-05 2.0000E-04
1.9976E-05 2.0000E-04
1.8725E-05 2.0000E-04
1.4808E-05 2.0000E-04
1.8828E-05 2.0000E-04
2.4330E-05 2.0000E-04
1.6656E-05 2.0000E-04
1.4659E-05 2.0000E-04
1.9782E-05 2.0000E-04
1.5918E-05 2.0000E-04
2.4137E-05 2.0000E-04
1.6221E-05 2.0000E-04
1.4015E-05 2.0000E-04
