RMS Grad   Target
1.3008E-03 3.0000E-04
1.0398E-03 3.0000E-04
1.1526E-03 3.0000E-04
1.7080E-03 3.0000E-04
1.2177E-03 3.0000E-04
1.6779E-03 3.0000E-04
5.4634E-04 3.0000E-04
3.6465E-04 3.0000E-04
3.4860E-04 3.0000E-04
6.2052E-04 3.0000E-04
4.1639E-04 3.0000E-04
3.2249E-04 3.0000E-04
4.6591E-04 3.0000E-04
2.7470E-04 3.0000E-04
2.8221E-04 3.0000E-04
4.0113E-04 3.0000E-04
6.1959E-04 3.0000E-04
2.0935E-04 3.0000E-04
1.2079E-04 3.0000E-04
1.2471E-04 3.0000E-04
1.4628E-04 3.0000E-04
2.8340E-04 3.0000E-04
1.0008E-04 3.0000E-04
8.2570E-05 3.0000E-04
9.8259E-05 3.0000E-04
1.1173E-04 3.0000E-04
3.3190E-04 3.0000E-04
6.5789E-05 3.0000E-04
5.0075E-05 3.0000E-04
5.0075E-05 3.0000E-04
