RMS Grad   Target
1.1688E-03 3.0000E-04
9.6262E-04 3.0000E-04
1.0772E-03 3.0000E-04
1.4219E-03 3.0000E-04
9.9604E-04 3.0000E-04
7.4926E-04 3.0000E-04
8.2739E-04 3.0000E-04
6.1690E-04 3.0000E-04
5.2018E-04 3.0000E-04
4.9093E-04 3.0000E-04
6.4828E-04 3.0000E-04
4.0078E-04 3.0000E-04
3.6441E-04 3.0000E-04
4.6680E-04 3.0000E-04
5.6267E-04 3.0000E-04
3.9595E-04 3.0000E-04
2.6684E-04 3.0000E-04
2.4871E-04 3.0000E-04
3.5255E-04 3.0000E-04
2.2158E-04 3.0000E-04
1.8780E-04 3.0000E-04
2.0699E-04 3.0000E-04
3.1012E-04 3.0000E-04
1.5489E-04 3.0000E-04
1.2788E-04 3.0000E-04
1.5537E-04 3.0000E-04
2.6503E-04 3.0000E-04
1.2360E-04 3.0000E-04
9.4060E-05 3.0000E-04
1.0405E-04 3.0000E-04
2.2194E-04 3.0000E-04
8.6975E-05 3.0000E-04
8.1824E-05 3.0000E-04
1.1299E-04 3.0000E-04
1.1231E-04 3.0000E-04
4.4741E-04 3.0000E-04
7.5201E-05 3.0000E-04
5.7034E-05 3.0000E-04
5.7034E-05 3.0000E-04
