838.8
279.1
228.7
229.8
229.2
229.9
227.4
229.6
229.1
228.1
228.2
228.3
275.0
275.7
230.2
275.5
277.5
229.1
277.7
278.3
228.5
277.9
277.6
228.3
277.6
274.7
228.9
277.0
279.2
228.7
277.4
278.5
229.0
277.5
278.4
228.8
276.9
277.6
229.4
280.9
277.2
206.1
279.3
277.2
205.6
276.0
279.3
203.7
278.1
275.6
206.7
277.6
278.8
205.5
279.1
278.3
205.4
278.5
278.4
206.0
279.2
278.6
205.4
280.7
276.5
208.7
278.1
278.4
205.4
274.9
278.4
276.9
277.6
278.6
279.3
280.4
278.2
278.5
281.0
278.5
276.7
277.6
278.6
276.7
278.0
279.0
277.8
279.7
279.4
277.3
276.9
278.9
276.2
277.3
276.9
276.5
277.3
277.8
278.1
277.7
276.9
277.3
277.9
279.9
