RMS Grad   Target
1.0431E-03 3.0000E-03
1.0177E-03 3.0000E-03
7.9293E-04 3.0000E-03
5.3632E-04 3.0000E-03
4.0755E-04 3.0000E-03
6.1303E-04 3.0000E-03
3.9911E-04 3.0000E-03
3.0239E-04 3.0000E-03
2.8236E-04 3.0000E-03
2.4132E-04 3.0000E-03
1.9246E-04 3.0000E-03
2.0817E-04 3.0000E-03
1.9502E-04 3.0000E-03
1.4308E-04 3.0000E-03
1.1647E-04 3.0000E-03
9.5361E-05 3.0000E-03
9.1299E-05 3.0000E-03
1.5393E-04 3.0000E-03
1.2373E-04 3.0000E-03
1.1070E-04 3.0000E-03
1.8911E-04 3.0000E-03
1.2246E-04 3.0000E-03
9.1474E-05 3.0000E-03
1.1118E-04 3.0000E-03
1.9581E-04 3.0000E-03
1.1175E-04 3.0000E-03
