358.9
174.8
177.7
172.5
175.5
175.7
170.9
169.9
176.8
177.8
177.5
177.5
171.8
172.8
172.9
174.5
178.6
175.9
171.3
180.3
169.1
177.7
174.2
179.0
207.4
173.8
175.0
171.7
173.0
170.9
172.5
168.4
172.0
169.2
182.4
173.7
171.0
170.2
172.7
176.8
168.1
171.3
172.6
175.4
180.9
174.9
206.7
171.2
175.8
166.1
169.8
178.7
175.3
173.5
177.8
180.0
185.1
190.2
194.6
185.5
183.7
186.0
187.2
189.9
188.7
180.3
178.1
180.6
215.6
173.3
173.6
176.8
175.4
166.4
170.0
179.2
177.5
173.8
186.1
187.3
185.5
190.0
185.2
188.9
187.6
189.2
184.9
185.4
182.4
178.3
210.8
168.7
165.8
172.7
179.3
171.9
189.4
180.5
181.0
187.8
183.8
193.3
187.9
191.6
185.0
182.6
189.3
193.1
181.3
179.4
216.4
171.9
171.3
174.9
170.9
173.2
177.9
175.6
180.1
188.4
183.8
193.4
186.7
189.1
189.9
185.8
184.7
184.9
185.4
174.8
174.6
207.7
170.3
165.0
163.7
168.2
168.9
170.0
177.4
171.8
177.7
185.6
182.3
190.1
186.4
191.7
181.9
180.2
186.0
180.3
170.9
177.5
205.6
162.4
161.2
164.0
181.2
177.4
179.1
180.3
181.7
184.0
184.4
179.6
191.3
187.6
182.5
177.4
185.0
196.0
197.2
166.8
169.3
177.6
176.7
179.5
183.1
184.7
187.5
188.3
184.5
187.4
183.3
184.8
196.7
206.7
207.0
169.1
164.2
176.6
178.3
190.3
185.9
183.2
187.1
184.4
189.1
184.9
191.6
187.1
194.1
205.9
189.6
185.5
188.4
195.9
193.4
191.6
196.7
200.7
192.1
186.6
190.3
205.6
193.1
182.8
178.5
193.0
187.6
190.7
189.3
190.8
187.5
180.9
187.6
187.8
200.2
189.2
162.8
179.9
181.5
184.4
184.2
201.0
194.6
190.1
187.9
189.0
191.8
201.5
207.5
187.0
171.5
183.9
188.0
187.6
187.4
205.6
189.3
195.7
204.7
167.2
179.6
189.8
184.3
201.3
174.4
193.1
203.8
200.0
198.1
198.5
162.1
160.7
171.0
168.3
170.2
162.7
160.6
162.0
166.6
