Energy     Target
3.3923E-04 6.6667E-07
1.6580E-04 6.6667E-07
4.1485E-04 6.6667E-07
5.8648E-04 6.6667E-07
2.9253E-04 6.6667E-07
7.7367E-04 6.6667E-07
2.6345E-04 6.6667E-07
3.0499E-04 6.6667E-07
4.8071E-04 6.6667E-07
1.7625E-04 6.6667E-07
6.5909E-04 6.6667E-07
1.8063E-04 6.6667E-07
2.0109E-04 6.6667E-07
3.0143E-04 6.6667E-07
4.9087E-04 6.6667E-07
6.1436E-04 6.6667E-07
6.7420E-04 6.6667E-07
3.5610E-04 6.6667E-07
3.3970E-04 6.6667E-07
2.5857E-04 6.6667E-07
2.6693E-04 6.6667E-07
2.8320E-04 6.6667E-07
2.5320E-04 6.6667E-07
1.6827E-04 6.6667E-07
1.2692E-04 6.6667E-07
1.3627E-04 6.6667E-07
1.5397E-04 6.6667E-07
2.0508E-04 6.6667E-07
1.4105E-04 6.6667E-07
1.6916E-04 6.6667E-07
1.2092E-04 6.6667E-07
9.0037E-05 6.6667E-07
6.5557E-05 6.6667E-07
9.7186E-05 6.6667E-07
6.6024E-05 6.6667E-07
6.1952E-05 6.6667E-07
7.5884E-05 6.6667E-07
7.7062E-05 6.6667E-07
8.5613E-05 6.6667E-07
6.8383E-05 6.6667E-07
8.4046E-05 6.6667E-07
7.8915E-05 6.6667E-07
6.0405E-05 6.6667E-07
6.0640E-05 6.6667E-07
7.2392E-05 6.6667E-07
6.8531E-05 6.6667E-07
5.1746E-05 6.6667E-07
6.7645E-05 6.6667E-07
5.9868E-05 6.6667E-07
6.3725E-05 6.6667E-07
7.8503E-05 6.6667E-07
3.6033E-05 6.6667E-07
5.3936E-05 6.6667E-07
7.3841E-05 6.6667E-07
4.0545E-05 6.6667E-07
4.3245E-05 6.6667E-07
7.3539E-05 6.6667E-07
4.4612E-05 6.6667E-07
4.3021E-05 6.6667E-07
5.7238E-05 6.6667E-07
4.1748E-05 6.6667E-07
2.9315E-05 6.6667E-07
7.0595E-05 6.6667E-07
2.7203E-05 6.6667E-07
3.8276E-05 6.6667E-07
2.6843E-05 6.6667E-07
4.4033E-05 6.6667E-07
2.7085E-05 6.6667E-07
2.6802E-05 6.6667E-07
3.2534E-05 6.6667E-07
3.8644E-05 6.6667E-07
2.8357E-05 6.6667E-07
2.8419E-05 6.6667E-07
2.1464E-05 6.6667E-07
2.6088E-05 6.6667E-07
2.6093E-05 6.6667E-07
2.8938E-05 6.6667E-07
1.7177E-05 6.6667E-07
3.7381E-05 6.6667E-07
2.4726E-05 6.6667E-07
3.0271E-05 6.6667E-07
3.0823E-05 6.6667E-07
2.0014E-05 6.6667E-07
2.6497E-05 6.6667E-07
3.0703E-05 6.6667E-07
2.9809E-05 6.6667E-07
2.4063E-05 6.6667E-07
3.2754E-05 6.6667E-07
2.6500E-05 6.6667E-07
2.3284E-05 6.6667E-07
2.1858E-05 6.6667E-07
1.7568E-05 6.6667E-07
2.4041E-05 6.6667E-07
1.9460E-05 6.6667E-07
1.8587E-05 6.6667E-07
1.9942E-05 6.6667E-07
1.8153E-05 6.6667E-07
1.8379E-05 6.6667E-07
1.6541E-05 6.6667E-07
1.3751E-05 6.6667E-07
1.6540E-05 6.6667E-07
1.6145E-05 6.6667E-07
1.3762E-05 6.6667E-07
1.2192E-05 6.6667E-07
1.4684E-05 6.6667E-07
1.4092E-05 6.6667E-07
1.3731E-05 6.6667E-07
1.1881E-05 6.6667E-07
1.1994E-05 6.6667E-07
1.1329E-05 6.6667E-07
1.2961E-05 6.6667E-07
1.1931E-05 6.6667E-07
1.0370E-05 6.6667E-07
1.0907E-05 6.6667E-07
1.2774E-05 6.6667E-07
1.1375E-05 6.6667E-07
9.9573E-06 6.6667E-07
9.7866E-06 6.6667E-07
9.3794E-06 6.6667E-07
9.6758E-06 6.6667E-07
9.5894E-06 6.6667E-07
8.7756E-06 6.6667E-07
1.0015E-05 6.6667E-07
1.1741E-05 6.6667E-07
7.5657E-06 6.6667E-07
7.2268E-06 6.6667E-07
1.0408E-05 6.6667E-07
6.5341E-06 6.6667E-07
6.9927E-06 6.6667E-07
8.1713E-06 6.6667E-07
6.4035E-06 6.6667E-07
4.6256E-06 6.6667E-07
9.0745E-06 6.6667E-07
6.2128E-06 6.6667E-07
4.0731E-06 6.6667E-07
8.0614E-06 6.6667E-07
5.2621E-06 6.6667E-07
5.2647E-06 6.6667E-07
5.9665E-06 6.6667E-07
5.2696E-06 6.6667E-07
3.6459E-06 6.6667E-07
4.7765E-06 6.6667E-07
3.2356E-06 6.6667E-07
4.5037E-06 6.6667E-07
6.5161E-06 6.6667E-07
4.4578E-06 6.6667E-07
3.7366E-06 6.6667E-07
4.1502E-06 6.6667E-07
3.8786E-06 6.6667E-07
3.2979E-06 6.6667E-07
3.9575E-06 6.6667E-07
2.7803E-06 6.6667E-07
3.7113E-06 6.6667E-07
3.8881E-06 6.6667E-07
1.6862E-06 6.6667E-07
4.5387E-06 6.6667E-07
3.4834E-06 6.6667E-07
2.0911E-06 6.6667E-07
4.6491E-06 6.6667E-07
1.5565E-06 6.6667E-07
5.3475E-06 6.6667E-07
2.7899E-06 6.6667E-07
2.7735E-06 6.6667E-07
2.2751E-06 6.6667E-07
4.2196E-06 6.6667E-07
2.8697E-06 6.6667E-07
2.3343E-06 6.6667E-07
2.5486E-06 6.6667E-07
2.5130E-06 6.6667E-07
2.8508E-06 6.6667E-07
2.3767E-06 6.6667E-07
2.0070E-06 6.6667E-07
2.6203E-06 6.6667E-07
3.7045E-06 6.6667E-07
1.4861E-06 6.6667E-07
3.3048E-06 6.6667E-07
2.2179E-06 6.6667E-07
2.5016E-06 6.6667E-07
2.5676E-06 6.6667E-07
2.5627E-06 6.6667E-07
2.7035E-06 6.6667E-07
1.9068E-06 6.6667E-07
2.9309E-06 6.6667E-07
1.5299E-06 6.6667E-07
3.3127E-06 6.6667E-07
2.2390E-06 6.6667E-07
2.7591E-06 6.6667E-07
2.2314E-06 6.6667E-07
2.9187E-06 6.6667E-07
1.3549E-06 6.6667E-07
2.6116E-06 6.6667E-07
2.9175E-06 6.6667E-07
9.1295E-07 6.6667E-07
2.5759E-06 6.6667E-07
2.8861E-06 6.6667E-07
7.1823E-07 6.6667E-07
3.3363E-06 6.6667E-07
7.1719E-07 6.6667E-07
1.7515E-06 6.6667E-07
3.2102E-06 6.6667E-07
1.2207E-06 6.6667E-07
2.3918E-06 6.6667E-07
1.6454E-06 6.6667E-07
2.2204E-06 6.6667E-07
1.7289E-06 6.6667E-07
1.9440E-06 6.6667E-07
2.0578E-06 6.6667E-07
2.7004E-06 6.6667E-07
1.2021E-06 6.6667E-07
2.4794E-06 6.6667E-07
2.5350E-06 6.6667E-07
9.5279E-07 6.6667E-07
1.9835E-06 6.6667E-07
2.5461E-06 6.6667E-07
4.3216E-07 6.6667E-07
1.7886E-06 6.6667E-07
2.5408E-06 6.6667E-07
5.7176E-07 6.6667E-07
2.6014E-06 6.6667E-07
9.2709E-07 6.6667E-07
1.6336E-06 6.6667E-07
1.8836E-06 6.6667E-07
1.0323E-06 6.6667E-07
1.6051E-06 6.6667E-07
5.6089E-07 6.6667E-07
2.1316E-06 6.6667E-07
1.1982E-06 6.6667E-07
9.3751E-07 6.6667E-07
1.0497E-06 6.6667E-07
1.8589E-06 6.6667E-07
6.4273E-07 6.6667E-07
1.7105E-06 6.6667E-07
7.5377E-07 6.6667E-07
1.6357E-06 6.6667E-07
1.2794E-06 6.6667E-07
9.2694E-07 6.6667E-07
1.2602E-06 6.6667E-07
1.6704E-06 6.6667E-07
5.0381E-07 6.6667E-07
1.6997E-06 6.6667E-07
8.1480E-07 6.6667E-07
1.0221E-06 6.6667E-07
1.3756E-06 6.6667E-07
8.1331E-07 6.6667E-07
7.1917E-07 6.6667E-07
7.8051E-07 6.6667E-07
1.4343E-06 6.6667E-07
9.7639E-07 6.6667E-07
9.1522E-07 6.6667E-07
1.1400E-06 6.6667E-07
1.1196E-06 6.6667E-07
1.0587E-06 6.6667E-07
3.4662E-07 6.6667E-07
1.2172E-06 6.6667E-07
8.9197E-07 6.6667E-07
4.8661E-07 6.6667E-07
1.0220E-06 6.6667E-07
1.2354E-06 6.6667E-07
9.7379E-08 6.6667E-07
9.8071E-07 6.6667E-07
1.4541E-06 6.6667E-07
5.9138E-07 6.6667E-07
1.0591E-06 6.6667E-07
7.9088E-07 6.6667E-07
1.0192E-06 6.6667E-07
7.7188E-07 6.6667E-07
6.1660E-07 6.6667E-07
1.0538E-06 6.6667E-07
5.6629E-07 6.6667E-07
7.0228E-07 6.6667E-07
7.6546E-07 6.6667E-07
7.7586E-07 6.6667E-07
8.2132E-07 6.6667E-07
7.9615E-07 6.6667E-07
5.7393E-07 6.6667E-07
8.1556E-07 6.6667E-07
8.0076E-07 6.6667E-07
6.8776E-07 6.6667E-07
4.5150E-07 6.6667E-07
8.0564E-07 6.6667E-07
7.2190E-07 6.6667E-07
3.5388E-07 6.6667E-07
6.0301E-07 6.6667E-07
