RMS Step   Target
2.8849E-04 8.0000E-04
2.3977E-04 8.0000E-04
8.0155E-04 8.0000E-04
1.4592E-03 8.0000E-04
3.2167E-03 8.0000E-04
4.8114E-04 8.0000E-04
3.9252E-04 8.0000E-04
9.5781E-04 8.0000E-04
1.8579E-03 8.0000E-04
3.9365E-03 8.0000E-04
5.0570E-04 8.0000E-04
3.8621E-04 8.0000E-04
9.0844E-04 8.0000E-04
1.5422E-03 8.0000E-04
3.8246E-03 8.0000E-04
2.7089E-03 8.0000E-04
3.1418E-03 8.0000E-04
2.3882E-03 8.0000E-04
1.0909E-03 8.0000E-04
8.3197E-04 8.0000E-04
1.6471E-03 8.0000E-04
1.8947E-03 8.0000E-04
1.3542E-03 8.0000E-04
1.0963E-03 8.0000E-04
6.6664E-04 8.0000E-04
8.3750E-04 8.0000E-04
9.3488E-04 8.0000E-04
1.3808E-03 8.0000E-04
1.7738E-03 8.0000E-04
9.2594E-04 8.0000E-04
7.8384E-04 8.0000E-04
8.9935E-04 8.0000E-04
1.2857E-03 8.0000E-04
5.9367E-04 8.0000E-04
4.3246E-04 8.0000E-04
7.8465E-04 8.0000E-04
9.6612E-04 8.0000E-04
9.0279E-04 8.0000E-04
1.2664E-03 8.0000E-04
8.7693E-04 8.0000E-04
9.9387E-04 8.0000E-04
1.1833E-03 8.0000E-04
5.9827E-04 8.0000E-04
6.3610E-04 8.0000E-04
1.4714E-03 8.0000E-04
1.2314E-03 8.0000E-04
7.0236E-04 8.0000E-04
1.4153E-03 8.0000E-04
1.2013E-03 8.0000E-04
7.1627E-04 8.0000E-04
9.5769E-04 8.0000E-04
1.3510E-03 8.0000E-04
4.5733E-04 8.0000E-04
1.4814E-03 8.0000E-04
1.1460E-03 8.0000E-04
1.0726E-03 8.0000E-04
2.1666E-03 8.0000E-04
9.7135E-04 8.0000E-04
2.7607E-04 8.0000E-04
6.2316E-04 8.0000E-04
7.5960E-04 8.0000E-04
2.4732E-03 8.0000E-04
4.6831E-04 8.0000E-04
4.4043E-04 8.0000E-04
1.2665E-03 8.0000E-04
1.4753E-03 8.0000E-04
7.6310E-04 8.0000E-04
4.0560E-04 8.0000E-04
6.7128E-04 8.0000E-04
9.0739E-04 8.0000E-04
1.3380E-03 8.0000E-04
3.3562E-04 8.0000E-04
5.3083E-04 8.0000E-04
8.5109E-04 8.0000E-04
9.3313E-04 8.0000E-04
1.8928E-03 8.0000E-04
4.3404E-04 8.0000E-04
1.3109E-04 8.0000E-04
7.4931E-04 8.0000E-04
1.3812E-03 8.0000E-04
6.4735E-04 8.0000E-04
1.0537E-03 8.0000E-04
7.1099E-04 8.0000E-04
1.2623E-03 8.0000E-04
1.2059E-03 8.0000E-04
9.7521E-04 8.0000E-04
4.0709E-04 8.0000E-04
9.6737E-04 8.0000E-04
1.2200E-03 8.0000E-04
5.6734E-04 8.0000E-04
9.4163E-04 8.0000E-04
5.9602E-04 8.0000E-04
1.0257E-03 8.0000E-04
6.9353E-04 8.0000E-04
3.9648E-04 8.0000E-04
6.2088E-04 8.0000E-04
8.5391E-04 8.0000E-04
7.8603E-04 8.0000E-04
6.4696E-04 8.0000E-04
9.6876E-04 8.0000E-04
5.2693E-04 8.0000E-04
7.1335E-04 8.0000E-04
4.9273E-04 8.0000E-04
5.3992E-04 8.0000E-04
5.5803E-04 8.0000E-04
8.7574E-04 8.0000E-04
5.7183E-04 8.0000E-04
5.2114E-04 8.0000E-04
5.1598E-04 8.0000E-04
4.9800E-04 8.0000E-04
4.7614E-04 8.0000E-04
7.1686E-04 8.0000E-04
3.8051E-04 8.0000E-04
6.4572E-04 8.0000E-04
7.6433E-04 8.0000E-04
6.5567E-04 8.0000E-04
3.3113E-04 8.0000E-04
4.5817E-04 8.0000E-04
4.1869E-04 8.0000E-04
6.4455E-04 8.0000E-04
5.3647E-04 8.0000E-04
8.3030E-04 8.0000E-04
3.8830E-04 8.0000E-04
7.4675E-04 8.0000E-04
4.1541E-04 8.0000E-04
3.0593E-04 8.0000E-04
6.1933E-04 8.0000E-04
5.7571E-04 8.0000E-04
3.0574E-04 8.0000E-04
6.0515E-04 8.0000E-04
4.0901E-04 8.0000E-04
2.5950E-04 8.0000E-04
6.0183E-04 8.0000E-04
3.9971E-04 8.0000E-04
1.7805E-04 8.0000E-04
5.7936E-04 8.0000E-04
4.3232E-04 8.0000E-04
4.1613E-04 8.0000E-04
5.4816E-04 8.0000E-04
2.6682E-04 8.0000E-04
9.0109E-05 8.0000E-04
2.3896E-04 8.0000E-04
3.5536E-04 8.0000E-04
4.8016E-04 8.0000E-04
5.0172E-04 8.0000E-04
4.6479E-04 8.0000E-04
2.2563E-04 8.0000E-04
2.8684E-04 8.0000E-04
2.3432E-04 8.0000E-04
3.7461E-04 8.0000E-04
3.7288E-04 8.0000E-04
4.7668E-04 8.0000E-04
1.7925E-04 8.0000E-04
2.8559E-04 8.0000E-04
2.5385E-04 8.0000E-04
3.8184E-04 8.0000E-04
3.8564E-04 8.0000E-04
3.2845E-04 8.0000E-04
3.5334E-04 8.0000E-04
6.2661E-04 8.0000E-04
1.7165E-04 8.0000E-04
1.8018E-04 8.0000E-04
3.1365E-04 8.0000E-04
5.9002E-04 8.0000E-04
2.2358E-04 8.0000E-04
2.4106E-04 8.0000E-04
1.9847E-04 8.0000E-04
5.6391E-04 8.0000E-04
2.4604E-04 8.0000E-04
1.4193E-04 8.0000E-04
3.5472E-04 8.0000E-04
5.0620E-04 8.0000E-04
1.5833E-04 8.0000E-04
3.2372E-04 8.0000E-04
2.3656E-04 8.0000E-04
4.2234E-04 8.0000E-04
3.1493E-04 8.0000E-04
2.4345E-04 8.0000E-04
2.3425E-04 8.0000E-04
4.4657E-04 8.0000E-04
4.8968E-04 8.0000E-04
2.1562E-04 8.0000E-04
3.2244E-04 8.0000E-04
3.1772E-04 8.0000E-04
3.6266E-04 8.0000E-04
3.5204E-04 8.0000E-04
2.6757E-04 8.0000E-04
2.0849E-04 8.0000E-04
4.1955E-04 8.0000E-04
3.7579E-04 8.0000E-04
2.1456E-04 8.0000E-04
4.9769E-04 8.0000E-04
4.2688E-04 8.0000E-04
1.1769E-04 8.0000E-04
3.3554E-04 8.0000E-04
1.7717E-04 8.0000E-04
5.7049E-04 8.0000E-04
3.8580E-04 8.0000E-04
1.3318E-04 8.0000E-04
9.3155E-05 8.0000E-04
4.1997E-04 8.0000E-04
4.0857E-04 8.0000E-04
3.8450E-04 8.0000E-04
3.3195E-04 8.0000E-04
2.6482E-04 8.0000E-04
3.4512E-04 8.0000E-04
3.4925E-04 8.0000E-04
4.5959E-04 8.0000E-04
3.0129E-04 8.0000E-04
2.4338E-04 8.0000E-04
3.8520E-04 8.0000E-04
2.8412E-04 8.0000E-04
1.4453E-04 8.0000E-04
4.5033E-04 8.0000E-04
2.5238E-04 8.0000E-04
1.6380E-04 8.0000E-04
4.0566E-04 8.0000E-04
2.3255E-04 8.0000E-04
4.4406E-04 8.0000E-04
6.3007E-04 8.0000E-04
8.4313E-05 8.0000E-04
5.2499E-05 8.0000E-04
1.9419E-04 8.0000E-04
4.2943E-04 8.0000E-04
2.2652E-04 8.0000E-04
1.9965E-04 8.0000E-04
2.2516E-04 8.0000E-04
3.9638E-04 8.0000E-04
8.0693E-05 8.0000E-04
1.4173E-04 8.0000E-04
1.8061E-04 8.0000E-04
5.0626E-04 8.0000E-04
2.4617E-04 8.0000E-04
1.9510E-04 8.0000E-04
2.3856E-04 8.0000E-04
3.1330E-04 8.0000E-04
1.3244E-04 8.0000E-04
2.4809E-04 8.0000E-04
1.6754E-04 8.0000E-04
3.4142E-04 8.0000E-04
3.6469E-04 8.0000E-04
9.7939E-05 8.0000E-04
1.1947E-04 8.0000E-04
2.0085E-04 8.0000E-04
5.7036E-04 8.0000E-04
4.6795E-05 8.0000E-04
6.6640E-05 8.0000E-04
1.9558E-04 8.0000E-04
3.0597E-04 8.0000E-04
3.0883E-04 8.0000E-04
1.6678E-04 8.0000E-04
2.0793E-04 8.0000E-04
1.2623E-04 8.0000E-04
1.3169E-04 8.0000E-04
2.9197E-04 8.0000E-04
1.9923E-04 8.0000E-04
9.9538E-05 8.0000E-04
3.3382E-04 8.0000E-04
2.2009E-04 8.0000E-04
3.5844E-05 8.0000E-04
2.9393E-04 8.0000E-04
1.9108E-04 8.0000E-04
4.2065E-04 8.0000E-04
3.3076E-04 8.0000E-04
1.9946E-04 8.0000E-04
8.9746E-05 8.0000E-04
1.1830E-04 8.0000E-04
2.2736E-04 8.0000E-04
2.8049E-04 8.0000E-04
1.5826E-04 8.0000E-04
2.0996E-04 8.0000E-04
2.3090E-04 8.0000E-04
1.9900E-04 8.0000E-04
1.4862E-04 8.0000E-04
1.6356E-04 8.0000E-04
1.7753E-04 8.0000E-04
2.1882E-04 8.0000E-04
3.3591E-04 8.0000E-04
1.4045E-04 8.0000E-04
7.8287E-05 8.0000E-04
1.9792E-04 8.0000E-04
2.9185E-04 8.0000E-04
5.4694E-05 8.0000E-04
