0.000000000000000000e+00 0.000000000000000000e+00
1.705000000000000127e-01 1.789301752924000177e-01
4.534500000000000197e-01 2.338412288500000148e-03
6.173899999999999944e-01 1.362196537200000002e-01
7.598200000000000509e-01 2.978890644512000030e-01
9.305299999999999683e-01 4.356049506307999586e-01
1.101460000000000106e+00 7.201079303431000556e-01
1.280759999999999899e+00 1.060386859267700155e+00
1.462210000000000010e+00 1.455838324750200030e+00
1.645499999999999963e+00 2.261980813787400013e+00
1.833760000000000057e+00 3.534241255085800226e+00
1.981880000000000086e+00 5.573386971377799703e+00
2.191879999999999828e+00 9.671791071426198982e+00
2.435760000000000147e+00 1.465898003105370151e+01
2.742999999999999883e+00 1.738760628116770235e+01
2.973879999999999857e+00 1.791959636319490201e+01
3.186949999999999950e+00 1.812928979070689905e+01
3.404970000000000052e+00 1.717608799473280001e+01
3.567149999999999821e+00 1.636343459781339860e+01
3.728639999999999954e+00 1.556243692956540059e+01
3.901250000000000107e+00 1.518343511051070038e+01
4.109880000000000422e+00 1.503881549581489985e+01
4.306129999999999569e+00 1.482348822975000147e+01
4.480400000000000382e+00 1.479390230991619859e+01
