RMS Step   Target
5.7114E-05 1.2000E-02
3.5711E-03 1.2000E-02
9.3559E-04 1.2000E-02
9.3211E-04 1.2000E-02
2.3202E-03 1.2000E-02
1.6528E-03 1.2000E-02
4.9806E-04 1.2000E-02
0.0000E+00 1.2000E-02
8.3772E-05 1.2000E-02
1.7987E-04 1.2000E-02
6.8020E-04 1.2000E-02
1.5298E-03 1.2000E-02
1.1449E-03 1.2000E-02
1.9376E-03 1.2000E-02
2.8459E-03 1.2000E-02
1.0271E-03 1.2000E-02
1.9236E-03 1.2000E-02
5.3552E-04 1.2000E-02
2.3287E-04 1.2000E-02
2.8557E-04 1.2000E-02
1.1690E-04 1.2000E-02
4.8680E-04 1.2000E-02
5.1711E-04 1.2000E-02
1.0951E-03 1.2000E-02
1.6128E-04 1.2000E-02
1.8180E-04 1.2000E-02
5.0284E-04 1.2000E-02
1.1451E-03 1.2000E-02
1.7240E-03 1.2000E-02
4.7681E-04 1.2000E-02
3.9713E-04 1.2000E-02
3.1389E-04 1.2000E-02
