RMS Grad   Target
1.2868E-02 2.0000E-04
1.2631E-02 2.0000E-04
1.0910E-02 2.0000E-04
8.2740E-03 2.0000E-04
5.7651E-03 2.0000E-04
4.0060E-03 2.0000E-04
3.0526E-03 2.0000E-04
2.8305E-03 2.0000E-04
2.9148E-03 2.0000E-04
3.1254E-03 2.0000E-04
3.3753E-03 2.0000E-04
3.5459E-03 2.0000E-04
3.5829E-03 2.0000E-04
3.6712E-03 2.0000E-04
3.5963E-03 2.0000E-04
3.4920E-03 2.0000E-04
3.5233E-03 2.0000E-04
3.3323E-03 2.0000E-04
3.2832E-03 2.0000E-04
3.0817E-03 2.0000E-04
2.8918E-03 2.0000E-04
2.6973E-03 2.0000E-04
2.5112E-03 2.0000E-04
2.3090E-03 2.0000E-04
2.1156E-03 2.0000E-04
1.9918E-03 2.0000E-04
1.7827E-03 2.0000E-04
1.6951E-03 2.0000E-04
1.5276E-03 2.0000E-04
1.4146E-03 2.0000E-04
1.3128E-03 2.0000E-04
1.2347E-03 2.0000E-04
1.2048E-03 2.0000E-04
1.1521E-03 2.0000E-04
1.2674E-03 2.0000E-04
1.2249E-03 2.0000E-04
1.3867E-03 2.0000E-04
1.3450E-03 2.0000E-04
1.4663E-03 2.0000E-04
1.4338E-03 2.0000E-04
1.4883E-03 2.0000E-04
1.4533E-03 2.0000E-04
1.4727E-03 2.0000E-04
1.4311E-03 2.0000E-04
1.4375E-03 2.0000E-04
1.3838E-03 2.0000E-04
1.3780E-03 2.0000E-04
1.3230E-03 2.0000E-04
1.2929E-03 2.0000E-04
1.2398E-03 2.0000E-04
1.2201E-03 2.0000E-04
1.1482E-03 2.0000E-04
1.1670E-03 2.0000E-04
1.0851E-03 2.0000E-04
1.1745E-03 2.0000E-04
1.0876E-03 2.0000E-04
1.1741E-03 2.0000E-04
1.0841E-03 2.0000E-04
1.1463E-03 2.0000E-04
1.0766E-03 2.0000E-04
1.0857E-03 2.0000E-04
1.0259E-03 2.0000E-04
1.1796E-03 2.0000E-04
1.1265E-03 2.0000E-04
1.2932E-03 2.0000E-04
1.2383E-03 2.0000E-04
1.3239E-03 2.0000E-04
1.2379E-03 2.0000E-04
1.2759E-03 2.0000E-04
1.1740E-03 2.0000E-04
1.1928E-03 2.0000E-04
1.0747E-03 2.0000E-04
1.0871E-03 2.0000E-04
9.6901E-04 2.0000E-04
9.4744E-04 2.0000E-04
8.6220E-04 2.0000E-04
8.1404E-04 2.0000E-04
7.7878E-04 2.0000E-04
7.4334E-04 2.0000E-04
7.3041E-04 2.0000E-04
7.2655E-04 2.0000E-04
7.1085E-04 2.0000E-04
7.8434E-04 2.0000E-04
7.6335E-04 2.0000E-04
9.7458E-04 2.0000E-04
9.3673E-04 2.0000E-04
1.1984E-03 2.0000E-04
1.1427E-03 2.0000E-04
1.2719E-03 2.0000E-04
1.2061E-03 2.0000E-04
1.2269E-03 2.0000E-04
1.1546E-03 2.0000E-04
1.2154E-03 2.0000E-04
1.1474E-03 2.0000E-04
1.2369E-03 2.0000E-04
1.1637E-03 2.0000E-04
1.2268E-03 2.0000E-04
1.1429E-03 2.0000E-04
1.1487E-03 2.0000E-04
1.0560E-03 2.0000E-04
1.0215E-03 2.0000E-04
9.1139E-04 2.0000E-04
8.5996E-04 2.0000E-04
7.6575E-04 2.0000E-04
6.9640E-04 2.0000E-04
6.8259E-04 2.0000E-04
6.1176E-04 2.0000E-04
6.9789E-04 2.0000E-04
6.4306E-04 2.0000E-04
7.1666E-04 2.0000E-04
6.8651E-04 2.0000E-04
7.3633E-04 2.0000E-04
7.1020E-04 2.0000E-04
7.4962E-04 2.0000E-04
7.1618E-04 2.0000E-04
7.3177E-04 2.0000E-04
6.9828E-04 2.0000E-04
7.0986E-04 2.0000E-04
6.5878E-04 2.0000E-04
7.4322E-04 2.0000E-04
6.8118E-04 2.0000E-04
8.5400E-04 2.0000E-04
7.7212E-04 2.0000E-04
1.0690E-03 2.0000E-04
9.1863E-04 2.0000E-04
1.0732E-03 2.0000E-04
9.0370E-04 2.0000E-04
9.8856E-04 2.0000E-04
8.3963E-04 2.0000E-04
9.3757E-04 2.0000E-04
8.0960E-04 2.0000E-04
8.7305E-04 2.0000E-04
7.4832E-04 2.0000E-04
7.9507E-04 2.0000E-04
6.7655E-04 2.0000E-04
7.1721E-04 2.0000E-04
6.2639E-04 2.0000E-04
6.9147E-04 2.0000E-04
6.3134E-04 2.0000E-04
6.9740E-04 2.0000E-04
6.5814E-04 2.0000E-04
7.7858E-04 2.0000E-04
7.3680E-04 2.0000E-04
8.3529E-04 2.0000E-04
7.8017E-04 2.0000E-04
8.3218E-04 2.0000E-04
7.6386E-04 2.0000E-04
7.6960E-04 2.0000E-04
7.0014E-04 2.0000E-04
6.9700E-04 2.0000E-04
6.3606E-04 2.0000E-04
6.9831E-04 2.0000E-04
6.3634E-04 2.0000E-04
7.4116E-04 2.0000E-04
6.5227E-04 2.0000E-04
7.6116E-04 2.0000E-04
6.4603E-04 2.0000E-04
7.4349E-04 2.0000E-04
6.3871E-04 2.0000E-04
7.0838E-04 2.0000E-04
6.3605E-04 2.0000E-04
7.1122E-04 2.0000E-04
6.0824E-04 2.0000E-04
8.6214E-04 2.0000E-04
6.5058E-04 2.0000E-04
7.8003E-04 2.0000E-04
5.6230E-04 2.0000E-04
6.9167E-04 2.0000E-04
5.6742E-04 2.0000E-04
7.5492E-04 2.0000E-04
6.2221E-04 2.0000E-04
7.3883E-04 2.0000E-04
6.4513E-04 2.0000E-04
7.2321E-04 2.0000E-04
5.9426E-04 2.0000E-04
6.8642E-04 2.0000E-04
5.4209E-04 2.0000E-04
6.3974E-04 2.0000E-04
4.8165E-04 2.0000E-04
5.6331E-04 2.0000E-04
4.3879E-04 2.0000E-04
5.0468E-04 2.0000E-04
5.8847E-04 2.0000E-04
5.6051E-04 2.0000E-04
7.4261E-04 2.0000E-04
5.2988E-04 2.0000E-04
8.1788E-04 2.0000E-04
5.7174E-04 2.0000E-04
5.7895E-04 2.0000E-04
4.6589E-04 2.0000E-04
5.1299E-04 2.0000E-04
4.4934E-04 2.0000E-04
5.5415E-04 2.0000E-04
4.8870E-04 2.0000E-04
6.7442E-04 2.0000E-04
5.7171E-04 2.0000E-04
6.6495E-04 2.0000E-04
5.2046E-04 2.0000E-04
4.9648E-04 2.0000E-04
4.3621E-04 2.0000E-04
4.0257E-04 2.0000E-04
6.5515E-04 2.0000E-04
5.6174E-04 2.0000E-04
7.0346E-04 2.0000E-04
5.8052E-04 2.0000E-04
6.0147E-04 2.0000E-04
5.4222E-04 2.0000E-04
4.7027E-04 2.0000E-04
6.3332E-04 2.0000E-04
5.4928E-04 2.0000E-04
6.8574E-04 2.0000E-04
5.4579E-04 2.0000E-04
5.4896E-04 2.0000E-04
4.4996E-04 2.0000E-04
5.1907E-04 2.0000E-04
4.3431E-04 2.0000E-04
6.3402E-04 2.0000E-04
4.6054E-04 2.0000E-04
6.7246E-04 2.0000E-04
4.6720E-04 2.0000E-04
4.7077E-04 2.0000E-04
7.9938E-04 2.0000E-04
6.0825E-04 2.0000E-04
4.9551E-04 2.0000E-04
4.3783E-04 2.0000E-04
4.6190E-04 2.0000E-04
3.9929E-04 2.0000E-04
4.2544E-04 2.0000E-04
3.8484E-04 2.0000E-04
4.1715E-04 2.0000E-04
4.0698E-04 2.0000E-04
4.9466E-04 2.0000E-04
4.6660E-04 2.0000E-04
4.8755E-04 2.0000E-04
6.5266E-04 2.0000E-04
5.2032E-04 2.0000E-04
4.9860E-04 2.0000E-04
6.9006E-04 2.0000E-04
4.7440E-04 2.0000E-04
3.8823E-04 2.0000E-04
4.5411E-04 2.0000E-04
3.4493E-04 2.0000E-04
3.2262E-04 2.0000E-04
4.2343E-04 2.0000E-04
3.8648E-04 2.0000E-04
5.2677E-04 2.0000E-04
4.6000E-04 2.0000E-04
6.3026E-04 2.0000E-04
4.1476E-04 2.0000E-04
4.4866E-04 2.0000E-04
8.0251E-04 2.0000E-04
4.6030E-04 2.0000E-04
4.2556E-04 2.0000E-04
4.4155E-04 2.0000E-04
4.3549E-04 2.0000E-04
3.6936E-04 2.0000E-04
4.1074E-04 2.0000E-04
3.3558E-04 2.0000E-04
4.4377E-04 2.0000E-04
3.9559E-04 2.0000E-04
5.1292E-04 2.0000E-04
6.1142E-04 2.0000E-04
3.8296E-04 2.0000E-04
5.9603E-04 2.0000E-04
3.9588E-04 2.0000E-04
4.2563E-04 2.0000E-04
4.0447E-04 2.0000E-04
4.5362E-04 2.0000E-04
3.9751E-04 2.0000E-04
4.1699E-04 2.0000E-04
3.5912E-04 2.0000E-04
3.9133E-04 2.0000E-04
3.5519E-04 2.0000E-04
4.2893E-04 2.0000E-04
4.1954E-04 2.0000E-04
5.3294E-04 2.0000E-04
5.0722E-04 2.0000E-04
6.9448E-04 2.0000E-04
4.0448E-04 2.0000E-04
5.5235E-04 2.0000E-04
4.3258E-04 2.0000E-04
3.8118E-04 2.0000E-04
3.5804E-04 2.0000E-04
3.2969E-04 2.0000E-04
3.7855E-04 2.0000E-04
3.7914E-04 2.0000E-04
4.0760E-04 2.0000E-04
4.2852E-04 2.0000E-04
3.8898E-04 2.0000E-04
5.3013E-04 2.0000E-04
4.0633E-04 2.0000E-04
5.6322E-04 2.0000E-04
4.1380E-04 2.0000E-04
4.3014E-04 2.0000E-04
4.0054E-04 2.0000E-04
4.5026E-04 2.0000E-04
4.3777E-04 2.0000E-04
4.4657E-04 2.0000E-04
3.5963E-04 2.0000E-04
4.2205E-04 2.0000E-04
4.5252E-04 2.0000E-04
4.7256E-04 2.0000E-04
4.2576E-04 2.0000E-04
4.1273E-04 2.0000E-04
5.5115E-04 2.0000E-04
4.8030E-04 2.0000E-04
4.2858E-04 2.0000E-04
3.4764E-04 2.0000E-04
3.0060E-04 2.0000E-04
3.1910E-04 2.0000E-04
3.4267E-04 2.0000E-04
3.5897E-04 2.0000E-04
4.2915E-04 2.0000E-04
3.7360E-04 2.0000E-04
4.7622E-04 2.0000E-04
3.4446E-04 2.0000E-04
6.5340E-04 2.0000E-04
4.9863E-04 2.0000E-04
4.2899E-04 2.0000E-04
5.2971E-04 2.0000E-04
6.2096E-04 2.0000E-04
4.4871E-04 2.0000E-04
3.7400E-04 2.0000E-04
3.6819E-04 2.0000E-04
3.1798E-04 2.0000E-04
3.0999E-04 2.0000E-04
3.3812E-04 2.0000E-04
3.3675E-04 2.0000E-04
4.0766E-04 2.0000E-04
3.6314E-04 2.0000E-04
5.2324E-04 2.0000E-04
4.1607E-04 2.0000E-04
5.2494E-04 2.0000E-04
3.3725E-04 2.0000E-04
5.6854E-04 2.0000E-04
7.4063E-04 2.0000E-04
4.1318E-04 2.0000E-04
3.8922E-04 2.0000E-04
3.6910E-04 2.0000E-04
4.2187E-04 2.0000E-04
3.9823E-04 2.0000E-04
3.5746E-04 2.0000E-04
3.7030E-04 2.0000E-04
3.3903E-04 2.0000E-04
3.2493E-04 2.0000E-04
5.5115E-04 2.0000E-04
4.3788E-04 2.0000E-04
4.1373E-04 2.0000E-04
6.6775E-04 2.0000E-04
3.1592E-04 2.0000E-04
2.8618E-04 2.0000E-04
3.9625E-04 2.0000E-04
5.5081E-04 2.0000E-04
3.6662E-04 2.0000E-04
4.1559E-04 2.0000E-04
3.6558E-04 2.0000E-04
4.1998E-04 2.0000E-04
4.2885E-04 2.0000E-04
3.4272E-04 2.0000E-04
3.2211E-04 2.0000E-04
3.7963E-04 2.0000E-04
3.7552E-04 2.0000E-04
3.2015E-04 2.0000E-04
4.6824E-04 2.0000E-04
3.7724E-04 2.0000E-04
3.1656E-04 2.0000E-04
3.6397E-04 2.0000E-04
5.1822E-04 2.0000E-04
3.7614E-04 2.0000E-04
3.8535E-04 2.0000E-04
3.6638E-04 2.0000E-04
3.2392E-04 2.0000E-04
3.0413E-04 2.0000E-04
3.3835E-04 2.0000E-04
3.6614E-04 2.0000E-04
5.0460E-04 2.0000E-04
4.5601E-04 2.0000E-04
4.1022E-04 2.0000E-04
4.0133E-04 2.0000E-04
3.3984E-04 2.0000E-04
3.1270E-04 2.0000E-04
4.3295E-04 2.0000E-04
3.5660E-04 2.0000E-04
3.7838E-04 2.0000E-04
2.9554E-04 2.0000E-04
4.3135E-04 2.0000E-04
3.5250E-04 2.0000E-04
6.1633E-04 2.0000E-04
3.4795E-04 2.0000E-04
2.9936E-04 2.0000E-04
3.7851E-04 2.0000E-04
6.0655E-04 2.0000E-04
3.7201E-04 2.0000E-04
2.8543E-04 2.0000E-04
3.7060E-04 2.0000E-04
4.1278E-04 2.0000E-04
3.6363E-04 2.0000E-04
3.8123E-04 2.0000E-04
3.8565E-04 2.0000E-04
2.9851E-04 2.0000E-04
3.0362E-04 2.0000E-04
3.7869E-04 2.0000E-04
2.9427E-04 2.0000E-04
2.8808E-04 2.0000E-04
2.8547E-04 2.0000E-04
4.1191E-04 2.0000E-04
2.3212E-04 2.0000E-04
2.3748E-04 2.0000E-04
3.2017E-04 2.0000E-04
4.2559E-04 2.0000E-04
2.8066E-04 2.0000E-04
3.2394E-04 2.0000E-04
3.2413E-04 2.0000E-04
2.5719E-04 2.0000E-04
2.4488E-04 2.0000E-04
3.0836E-04 2.0000E-04
2.8146E-04 2.0000E-04
2.6321E-04 2.0000E-04
2.8205E-04 2.0000E-04
2.7645E-04 2.0000E-04
2.3845E-04 2.0000E-04
3.4983E-04 2.0000E-04
2.6126E-04 2.0000E-04
2.8609E-04 2.0000E-04
2.6213E-04 2.0000E-04
2.3830E-04 2.0000E-04
2.4010E-04 2.0000E-04
3.6026E-04 2.0000E-04
2.5211E-04 2.0000E-04
2.1760E-04 2.0000E-04
2.7085E-04 2.0000E-04
3.5177E-04 2.0000E-04
2.5645E-04 2.0000E-04
3.5053E-04 2.0000E-04
3.5786E-04 2.0000E-04
2.5958E-04 2.0000E-04
2.5372E-04 2.0000E-04
2.6675E-04 2.0000E-04
2.6007E-04 2.0000E-04
3.7025E-04 2.0000E-04
3.1731E-04 2.0000E-04
2.4731E-04 2.0000E-04
2.5002E-04 2.0000E-04
4.0181E-04 2.0000E-04
2.9278E-04 2.0000E-04
3.0597E-04 2.0000E-04
2.7816E-04 2.0000E-04
2.3120E-04 2.0000E-04
2.5549E-04 2.0000E-04
3.4595E-04 2.0000E-04
2.4604E-04 2.0000E-04
2.4999E-04 2.0000E-04
3.3805E-04 2.0000E-04
2.7960E-04 2.0000E-04
3.3265E-04 2.0000E-04
3.5793E-04 2.0000E-04
3.5525E-04 2.0000E-04
4.0745E-04 2.0000E-04
2.8045E-04 2.0000E-04
2.6398E-04 2.0000E-04
3.3971E-04 2.0000E-04
4.5637E-04 2.0000E-04
2.6347E-04 2.0000E-04
3.1949E-04 2.0000E-04
3.7780E-04 2.0000E-04
2.4558E-04 2.0000E-04
2.7947E-04 2.0000E-04
2.7598E-04 2.0000E-04
3.6271E-04 2.0000E-04
2.1860E-04 2.0000E-04
1.9008E-04 2.0000E-04
2.3941E-04 2.0000E-04
3.9470E-04 2.0000E-04
2.0538E-04 2.0000E-04
2.9301E-04 2.0000E-04
3.1976E-04 2.0000E-04
1.9650E-04 2.0000E-04
2.3072E-04 2.0000E-04
2.3567E-04 2.0000E-04
3.5781E-04 2.0000E-04
2.7416E-04 2.0000E-04
2.4454E-04 2.0000E-04
2.8396E-04 2.0000E-04
4.0099E-04 2.0000E-04
2.5037E-04 2.0000E-04
2.4962E-04 2.0000E-04
3.1495E-04 2.0000E-04
2.8767E-04 2.0000E-04
4.0497E-04 2.0000E-04
2.6211E-04 2.0000E-04
2.5592E-04 2.0000E-04
3.1480E-04 2.0000E-04
2.7603E-04 2.0000E-04
2.9281E-04 2.0000E-04
2.3242E-04 2.0000E-04
2.2347E-04 2.0000E-04
3.1525E-04 2.0000E-04
2.4441E-04 2.0000E-04
2.2802E-04 2.0000E-04
3.7158E-04 2.0000E-04
2.2111E-04 2.0000E-04
1.9941E-04 2.0000E-04
2.5213E-04 2.0000E-04
4.5535E-04 2.0000E-04
2.6466E-04 2.0000E-04
2.4980E-04 2.0000E-04
2.5511E-04 2.0000E-04
3.8859E-04 2.0000E-04
2.5724E-04 2.0000E-04
2.6723E-04 2.0000E-04
3.6619E-04 2.0000E-04
2.3859E-04 2.0000E-04
2.4703E-04 2.0000E-04
2.9171E-04 2.0000E-04
4.7558E-04 2.0000E-04
2.8741E-04 2.0000E-04
1.8590E-04 2.0000E-04
1.8744E-04 2.0000E-04
2.6203E-04 2.0000E-04
3.6294E-04 2.0000E-04
1.6174E-04 2.0000E-04
1.4760E-04 2.0000E-04
1.8810E-04 2.0000E-04
3.5010E-04 2.0000E-04
1.8783E-04 2.0000E-04
1.3743E-04 2.0000E-04
1.8531E-04 2.0000E-04
2.7293E-04 2.0000E-04
2.0029E-04 2.0000E-04
2.0002E-04 2.0000E-04
2.7492E-04 2.0000E-04
2.1297E-04 2.0000E-04
1.6518E-04 2.0000E-04
1.9815E-04 2.0000E-04
2.1883E-04 2.0000E-04
2.1265E-04 2.0000E-04
2.4758E-04 2.0000E-04
2.0411E-04 2.0000E-04
2.0489E-04 2.0000E-04
2.5598E-04 2.0000E-04
2.7883E-04 2.0000E-04
2.1332E-04 2.0000E-04
2.3510E-04 2.0000E-04
1.7645E-04 2.0000E-04
1.6850E-04 2.0000E-04
2.7471E-04 2.0000E-04
1.7319E-04 2.0000E-04
1.6094E-04 2.0000E-04
2.0194E-04 2.0000E-04
2.6593E-04 2.0000E-04
1.5886E-04 2.0000E-04
1.6301E-04 2.0000E-04
2.1010E-04 2.0000E-04
2.0991E-04 2.0000E-04
2.9611E-04 2.0000E-04
1.8077E-04 2.0000E-04
1.5534E-04 2.0000E-04
1.8276E-04 2.0000E-04
2.9304E-04 2.0000E-04
1.9507E-04 2.0000E-04
1.7048E-04 2.0000E-04
2.1299E-04 2.0000E-04
3.3068E-04 2.0000E-04
1.7842E-04 2.0000E-04
1.5884E-04 2.0000E-04
1.9011E-04 2.0000E-04
4.0031E-04 2.0000E-04
1.9225E-04 2.0000E-04
1.6512E-04 2.0000E-04
2.0422E-04 2.0000E-04
3.9562E-04 2.0000E-04
2.0538E-04 2.0000E-04
2.2435E-04 2.0000E-04
2.3721E-04 2.0000E-04
2.3024E-04 2.0000E-04
3.5591E-04 2.0000E-04
2.3126E-04 2.0000E-04
2.0094E-04 2.0000E-04
2.4174E-04 2.0000E-04
2.8856E-04 2.0000E-04
2.1651E-04 2.0000E-04
2.3173E-04 2.0000E-04
2.6766E-04 2.0000E-04
2.0389E-04 2.0000E-04
2.1084E-04 2.0000E-04
2.5055E-04 2.0000E-04
1.9269E-04 2.0000E-04
1.7036E-04 2.0000E-04
1.8892E-04 2.0000E-04
1.6498E-04 2.0000E-04
2.7010E-04 2.0000E-04
1.5335E-04 2.0000E-04
1.4614E-04 2.0000E-04
2.0360E-04 2.0000E-04
3.8749E-04 2.0000E-04
1.6152E-04 2.0000E-04
1.2697E-04 2.0000E-04
1.6672E-04 2.0000E-04
2.4455E-04 2.0000E-04
3.0222E-04 2.0000E-04
1.5301E-04 2.0000E-04
1.5127E-04 2.0000E-04
1.8144E-04 2.0000E-04
2.3822E-04 2.0000E-04
1.5147E-04 2.0000E-04
1.3426E-04 2.0000E-04
1.5477E-04 2.0000E-04
2.9773E-04 2.0000E-04
1.3429E-04 2.0000E-04
1.1322E-04 2.0000E-04
1.3928E-04 2.0000E-04
2.1179E-04 2.0000E-04
1.2648E-04 2.0000E-04
1.1438E-04 2.0000E-04
1.5237E-04 2.0000E-04
1.7831E-04 2.0000E-04
1.2555E-04 2.0000E-04
1.2244E-04 2.0000E-04
1.5250E-04 2.0000E-04
1.4849E-04 2.0000E-04
1.3843E-04 2.0000E-04
1.3098E-04 2.0000E-04
1.5139E-04 2.0000E-04
1.7359E-04 2.0000E-04
1.2778E-04 2.0000E-04
1.2959E-04 2.0000E-04
1.5427E-04 2.0000E-04
1.5077E-04 2.0000E-04
1.4660E-04 2.0000E-04
1.3946E-04 2.0000E-04
1.3229E-04 2.0000E-04
1.5237E-04 2.0000E-04
1.6184E-04 2.0000E-04
1.3734E-04 2.0000E-04
1.2634E-04 2.0000E-04
1.7613E-04 2.0000E-04
1.3757E-04 2.0000E-04
1.3473E-04 2.0000E-04
1.5655E-04 2.0000E-04
1.3940E-04 2.0000E-04
1.3026E-04 2.0000E-04
1.4023E-04 2.0000E-04
1.3653E-04 2.0000E-04
1.2656E-04 2.0000E-04
1.3651E-04 2.0000E-04
1.5809E-04 2.0000E-04
1.2386E-04 2.0000E-04
1.3378E-04 2.0000E-04
1.4587E-04 2.0000E-04
1.2932E-04 2.0000E-04
1.3283E-04 2.0000E-04
1.5247E-04 2.0000E-04
1.2069E-04 2.0000E-04
1.4718E-04 2.0000E-04
1.8317E-04 2.0000E-04
1.2087E-04 2.0000E-04
1.1270E-04 2.0000E-04
1.6407E-04 2.0000E-04
1.3180E-04 2.0000E-04
1.8539E-04 2.0000E-04
1.3204E-04 2.0000E-04
1.3216E-04 2.0000E-04
1.4247E-04 2.0000E-04
2.1224E-04 2.0000E-04
1.3306E-04 2.0000E-04
1.2610E-04 2.0000E-04
1.6024E-04 2.0000E-04
1.6577E-04 2.0000E-04
1.9601E-04 2.0000E-04
1.3121E-04 2.0000E-04
1.4845E-04 2.0000E-04
2.1832E-04 2.0000E-04
1.4762E-04 2.0000E-04
1.4329E-04 2.0000E-04
1.5420E-04 2.0000E-04
1.4271E-04 2.0000E-04
1.9704E-04 2.0000E-04
1.3312E-04 2.0000E-04
1.2402E-04 2.0000E-04
1.6489E-04 2.0000E-04
1.5488E-04 2.0000E-04
1.4252E-04 2.0000E-04
1.4706E-04 2.0000E-04
1.2663E-04 2.0000E-04
1.0777E-04 2.0000E-04
1.2094E-04 2.0000E-04
1.4944E-04 2.0000E-04
1.0044E-04 2.0000E-04
9.2799E-05 2.0000E-04
1.2207E-04 2.0000E-04
1.0422E-04 2.0000E-04
1.3055E-04 2.0000E-04
9.2907E-05 2.0000E-04
8.9168E-05 2.0000E-04
1.3146E-04 2.0000E-04
1.0601E-04 2.0000E-04
8.7426E-05 2.0000E-04
1.0346E-04 2.0000E-04
1.5643E-04 2.0000E-04
1.0039E-04 2.0000E-04
9.0863E-05 2.0000E-04
1.1473E-04 2.0000E-04
1.0817E-04 2.0000E-04
2.2456E-04 2.0000E-04
9.4156E-05 2.0000E-04
8.0370E-05 2.0000E-04
9.9946E-05 2.0000E-04
2.0823E-04 2.0000E-04
9.6036E-05 2.0000E-04
8.4050E-05 2.0000E-04
1.0514E-04 2.0000E-04
2.0347E-04 2.0000E-04
1.0278E-04 2.0000E-04
8.4518E-05 2.0000E-04
1.0050E-04 2.0000E-04
2.0539E-04 2.0000E-04
1.0472E-04 2.0000E-04
1.0216E-04 2.0000E-04
1.3353E-04 2.0000E-04
1.1046E-04 2.0000E-04
1.0964E-04 2.0000E-04
1.1535E-04 2.0000E-04
9.8886E-05 2.0000E-04
1.3252E-04 2.0000E-04
1.4197E-04 2.0000E-04
1.0291E-04 2.0000E-04
1.1386E-04 2.0000E-04
1.3912E-04 2.0000E-04
1.2277E-04 2.0000E-04
1.9039E-04 2.0000E-04
1.0937E-04 2.0000E-04
9.3769E-05 2.0000E-04
1.0578E-04 2.0000E-04
1.6180E-04 2.0000E-04
1.1138E-04 2.0000E-04
9.8178E-05 2.0000E-04
1.1000E-04 2.0000E-04
1.8631E-04 2.0000E-04
9.7148E-05 2.0000E-04
8.8111E-05 2.0000E-04
1.0490E-04 2.0000E-04
1.6857E-04 2.0000E-04
9.7561E-05 2.0000E-04
9.0774E-05 2.0000E-04
1.0675E-04 2.0000E-04
1.7369E-04 2.0000E-04
8.7187E-05 2.0000E-04
8.3759E-05 2.0000E-04
9.8572E-05 2.0000E-04
2.2950E-04 2.0000E-04
8.2740E-05 2.0000E-04
7.1599E-05 2.0000E-04
8.9752E-05 2.0000E-04
1.4302E-04 2.0000E-04
1.1705E-04 2.0000E-04
7.8826E-05 2.0000E-04
1.0531E-04 2.0000E-04
1.0680E-04 2.0000E-04
9.2695E-05 2.0000E-04
1.6713E-04 2.0000E-04
8.9058E-05 2.0000E-04
8.5159E-05 2.0000E-04
9.7959E-05 2.0000E-04
1.8140E-04 2.0000E-04
8.9602E-05 2.0000E-04
7.3585E-05 2.0000E-04
9.0802E-05 2.0000E-04
1.4747E-04 2.0000E-04
1.0735E-04 2.0000E-04
6.8631E-05 2.0000E-04
8.7689E-05 2.0000E-04
1.1558E-04 2.0000E-04
9.3554E-05 2.0000E-04
1.4195E-04 2.0000E-04
8.7129E-05 2.0000E-04
8.9214E-05 2.0000E-04
1.3090E-04 2.0000E-04
1.1708E-04 2.0000E-04
8.7383E-05 2.0000E-04
9.5084E-05 2.0000E-04
1.1429E-04 2.0000E-04
9.5458E-05 2.0000E-04
1.1915E-04 2.0000E-04
1.0007E-04 2.0000E-04
9.5373E-05 2.0000E-04
1.4630E-04 2.0000E-04
9.1965E-05 2.0000E-04
9.4736E-05 2.0000E-04
1.1346E-04 2.0000E-04
1.8675E-04 2.0000E-04
8.3815E-05 2.0000E-04
8.2397E-05 2.0000E-04
9.8236E-05 2.0000E-04
1.7456E-04 2.0000E-04
9.7511E-05 2.0000E-04
7.9783E-05 2.0000E-04
1.2701E-04 2.0000E-04
1.2576E-04 2.0000E-04
1.0488E-04 2.0000E-04
1.3006E-04 2.0000E-04
1.0976E-04 2.0000E-04
9.6497E-05 2.0000E-04
1.2879E-04 2.0000E-04
1.6541E-04 2.0000E-04
9.2040E-05 2.0000E-04
6.8502E-05 2.0000E-04
8.6970E-05 2.0000E-04
1.8170E-04 2.0000E-04
7.8211E-05 2.0000E-04
6.7802E-05 2.0000E-04
9.1012E-05 2.0000E-04
1.6716E-04 2.0000E-04
8.4726E-05 2.0000E-04
7.0274E-05 2.0000E-04
8.7270E-05 2.0000E-04
1.7214E-04 2.0000E-04
8.4648E-05 2.0000E-04
7.6212E-05 2.0000E-04
9.5162E-05 2.0000E-04
1.1929E-04 2.0000E-04
9.0555E-05 2.0000E-04
9.6510E-05 2.0000E-04
1.0046E-04 2.0000E-04
8.8239E-05 2.0000E-04
1.5251E-04 2.0000E-04
9.9388E-05 2.0000E-04
8.8151E-05 2.0000E-04
1.0797E-04 2.0000E-04
2.1464E-04 2.0000E-04
1.1581E-04 2.0000E-04
1.4098E-04 2.0000E-04
9.2109E-05 2.0000E-04
8.5737E-05 2.0000E-04
1.1965E-04 2.0000E-04
2.0631E-04 2.0000E-04
1.0930E-04 2.0000E-04
1.2259E-04 2.0000E-04
1.3225E-04 2.0000E-04
2.1545E-04 2.0000E-04
1.3587E-04 2.0000E-04
1.5567E-04 2.0000E-04
2.0229E-04 2.0000E-04
2.1144E-04 2.0000E-04
1.9852E-04 2.0000E-04
1.6719E-04 2.0000E-04
1.8342E-04 2.0000E-04
2.4431E-04 2.0000E-04
1.8515E-04 2.0000E-04
2.2344E-04 2.0000E-04
2.0379E-04 2.0000E-04
1.7511E-04 2.0000E-04
1.5998E-04 2.0000E-04
1.9462E-04 2.0000E-04
1.7225E-04 2.0000E-04
1.9433E-04 2.0000E-04
1.5798E-04 2.0000E-04
1.4269E-04 2.0000E-04
1.8575E-04 2.0000E-04
2.0999E-04 2.0000E-04
1.5658E-04 2.0000E-04
1.6865E-04 2.0000E-04
2.4883E-04 2.0000E-04
1.3685E-04 2.0000E-04
1.2099E-04 2.0000E-04
1.4857E-04 2.0000E-04
3.3479E-04 2.0000E-04
1.2857E-04 2.0000E-04
1.0569E-04 2.0000E-04
1.3184E-04 2.0000E-04
2.3825E-04 2.0000E-04
1.3087E-04 2.0000E-04
1.0511E-04 2.0000E-04
1.3268E-04 2.0000E-04
1.8889E-04 2.0000E-04
1.1197E-04 2.0000E-04
9.9117E-05 2.0000E-04
1.2310E-04 2.0000E-04
1.6279E-04 2.0000E-04
1.1969E-04 2.0000E-04
1.0391E-04 2.0000E-04
1.2765E-04 2.0000E-04
1.8764E-04 2.0000E-04
1.1277E-04 2.0000E-04
1.0696E-04 2.0000E-04
1.3704E-04 2.0000E-04
1.4101E-04 2.0000E-04
2.0621E-04 2.0000E-04
1.2770E-04 2.0000E-04
1.2910E-04 2.0000E-04
1.8622E-04 2.0000E-04
1.4290E-04 2.0000E-04
1.3303E-04 2.0000E-04
1.8998E-04 2.0000E-04
1.3855E-04 2.0000E-04
1.5574E-04 2.0000E-04
1.6200E-04 2.0000E-04
1.8380E-04 2.0000E-04
1.5645E-04 2.0000E-04
1.2285E-04 2.0000E-04
1.5421E-04 2.0000E-04
1.4365E-04 2.0000E-04
1.2906E-04 2.0000E-04
1.3771E-04 2.0000E-04
1.3814E-04 2.0000E-04
1.2919E-04 2.0000E-04
1.8722E-04 2.0000E-04
1.2109E-04 2.0000E-04
1.1003E-04 2.0000E-04
1.8147E-04 2.0000E-04
1.3890E-04 2.0000E-04
1.1207E-04 2.0000E-04
1.2814E-04 2.0000E-04
1.3743E-04 2.0000E-04
1.1768E-04 2.0000E-04
1.5204E-04 2.0000E-04
1.3699E-04 2.0000E-04
1.0686E-04 2.0000E-04
1.2625E-04 2.0000E-04
1.6605E-04 2.0000E-04
1.1171E-04 2.0000E-04
1.1161E-04 2.0000E-04
1.1626E-04 2.0000E-04
1.0306E-04 2.0000E-04
2.6729E-04 2.0000E-04
9.4893E-05 2.0000E-04
8.1911E-05 2.0000E-04
1.0812E-04 2.0000E-04
2.1417E-04 2.0000E-04
9.3084E-05 2.0000E-04
8.4941E-05 2.0000E-04
1.0330E-04 2.0000E-04
1.2195E-04 2.0000E-04
1.5815E-04 2.0000E-04
8.1922E-05 2.0000E-04
8.8035E-05 2.0000E-04
1.1590E-04 2.0000E-04
1.8568E-04 2.0000E-04
9.2271E-05 2.0000E-04
8.8976E-05 2.0000E-04
1.0353E-04 2.0000E-04
2.3891E-04 2.0000E-04
9.3822E-05 2.0000E-04
7.9313E-05 2.0000E-04
1.0615E-04 2.0000E-04
1.8852E-04 2.0000E-04
9.5537E-05 2.0000E-04
8.0609E-05 2.0000E-04
9.9064E-05 2.0000E-04
1.9644E-04 2.0000E-04
8.4183E-05 2.0000E-04
7.1276E-05 2.0000E-04
8.9578E-05 2.0000E-04
1.2925E-04 2.0000E-04
1.1300E-04 2.0000E-04
7.4267E-05 2.0000E-04
8.7374E-05 2.0000E-04
1.0454E-04 2.0000E-04
8.6795E-05 2.0000E-04
1.4097E-04 2.0000E-04
7.8089E-05 2.0000E-04
7.0869E-05 2.0000E-04
8.1870E-05 2.0000E-04
1.7880E-04 2.0000E-04
7.1436E-05 2.0000E-04
6.0874E-05 2.0000E-04
8.0251E-05 2.0000E-04
1.2864E-04 2.0000E-04
8.2590E-05 2.0000E-04
6.0668E-05 2.0000E-04
8.6586E-05 2.0000E-04
1.0530E-04 2.0000E-04
8.3463E-05 2.0000E-04
9.7727E-05 2.0000E-04
9.2177E-05 2.0000E-04
7.9204E-05 2.0000E-04
8.4380E-05 2.0000E-04
1.2590E-04 2.0000E-04
8.0756E-05 2.0000E-04
6.9042E-05 2.0000E-04
9.0161E-05 2.0000E-04
7.4753E-05 2.0000E-04
9.9265E-05 2.0000E-04
7.4991E-05 2.0000E-04
6.0855E-05 2.0000E-04
7.1421E-05 2.0000E-04
7.8545E-05 2.0000E-04
6.4411E-05 2.0000E-04
8.4129E-05 2.0000E-04
7.6710E-05 2.0000E-04
5.9027E-05 2.0000E-04
5.9581E-05 2.0000E-04
1.0225E-04 2.0000E-04
6.2025E-05 2.0000E-04
4.8158E-05 2.0000E-04
5.3745E-05 2.0000E-04
1.3917E-04 2.0000E-04
5.0333E-05 2.0000E-04
4.6056E-05 2.0000E-04
5.7392E-05 2.0000E-04
1.5232E-04 2.0000E-04
5.6872E-05 2.0000E-04
4.0965E-05 2.0000E-04
6.0501E-05 2.0000E-04
9.1334E-05 2.0000E-04
5.8123E-05 2.0000E-04
4.4534E-05 2.0000E-04
6.4925E-05 2.0000E-04
6.7586E-05 2.0000E-04
6.0036E-05 2.0000E-04
4.8901E-05 2.0000E-04
5.6421E-05 2.0000E-04
8.2799E-05 2.0000E-04
5.2173E-05 2.0000E-04
4.8214E-05 2.0000E-04
5.9826E-05 2.0000E-04
1.0003E-04 2.0000E-04
5.0833E-05 2.0000E-04
4.6643E-05 2.0000E-04
5.5124E-05 2.0000E-04
1.3265E-04 2.0000E-04
5.0293E-05 2.0000E-04
4.2614E-05 2.0000E-04
5.6417E-05 2.0000E-04
8.4288E-05 2.0000E-04
6.3877E-05 2.0000E-04
4.5434E-05 2.0000E-04
5.9587E-05 2.0000E-04
6.4834E-05 2.0000E-04
5.9161E-05 2.0000E-04
1.2545E-04 2.0000E-04
5.3025E-05 2.0000E-04
4.7969E-05 2.0000E-04
6.0693E-05 2.0000E-04
1.1161E-04 2.0000E-04
6.2212E-05 2.0000E-04
5.0170E-05 2.0000E-04
6.1790E-05 2.0000E-04
1.2509E-04 2.0000E-04
5.7325E-05 2.0000E-04
6.1961E-05 2.0000E-04
1.0162E-04 2.0000E-04
7.1912E-05 2.0000E-04
5.7560E-05 2.0000E-04
7.9137E-05 2.0000E-04
8.5072E-05 2.0000E-04
8.0734E-05 2.0000E-04
8.6883E-05 2.0000E-04
7.2768E-05 2.0000E-04
7.7337E-05 2.0000E-04
1.0533E-04 2.0000E-04
7.0544E-05 2.0000E-04
7.8433E-05 2.0000E-04
9.9281E-05 2.0000E-04
1.3143E-04 2.0000E-04
9.8169E-05 2.0000E-04
9.0643E-05 2.0000E-04
8.1468E-05 2.0000E-04
9.4933E-05 2.0000E-04
1.3869E-04 2.0000E-04
1.0966E-04 2.0000E-04
9.0611E-05 2.0000E-04
1.1832E-04 2.0000E-04
1.4492E-04 2.0000E-04
1.4264E-04 2.0000E-04
1.1120E-04 2.0000E-04
1.3722E-04 2.0000E-04
1.3520E-04 2.0000E-04
1.4225E-04 2.0000E-04
1.4178E-04 2.0000E-04
2.0917E-04 2.0000E-04
1.3944E-04 2.0000E-04
1.0698E-04 2.0000E-04
1.3399E-04 2.0000E-04
2.0804E-04 2.0000E-04
1.5001E-04 2.0000E-04
1.5220E-04 2.0000E-04
1.5623E-04 2.0000E-04
1.2934E-04 2.0000E-04
2.0963E-04 2.0000E-04
1.6939E-04 2.0000E-04
1.2674E-04 2.0000E-04
1.3244E-04 2.0000E-04
2.0802E-04 2.0000E-04
1.7057E-04 2.0000E-04
1.6812E-04 2.0000E-04
1.1249E-04 2.0000E-04
1.1394E-04 2.0000E-04
1.4713E-04 2.0000E-04
2.5593E-04 2.0000E-04
1.1513E-04 2.0000E-04
1.0213E-04 2.0000E-04
1.2313E-04 2.0000E-04
2.6345E-04 2.0000E-04
1.1609E-04 2.0000E-04
9.5625E-05 2.0000E-04
1.4021E-04 2.0000E-04
1.9078E-04 2.0000E-04
1.1984E-04 2.0000E-04
1.1116E-04 2.0000E-04
1.2832E-04 2.0000E-04
1.5845E-04 2.0000E-04
1.2237E-04 2.0000E-04
1.2797E-04 2.0000E-04
1.3311E-04 2.0000E-04
1.2870E-04 2.0000E-04
2.6604E-04 2.0000E-04
1.2808E-04 2.0000E-04
1.4631E-04 2.0000E-04
1.2790E-04 2.0000E-04
1.6801E-04 2.0000E-04
2.1433E-04 2.0000E-04
1.4484E-04 2.0000E-04
1.5124E-04 2.0000E-04
1.7435E-04 2.0000E-04
2.9285E-04 2.0000E-04
2.3004E-04 2.0000E-04
2.1603E-04 2.0000E-04
2.0348E-04 2.0000E-04
1.9141E-04 2.0000E-04
1.9156E-04 2.0000E-04
3.4015E-04 2.0000E-04
1.8813E-04 2.0000E-04
2.6372E-04 2.0000E-04
2.7756E-04 2.0000E-04
1.7099E-04 2.0000E-04
1.5158E-04 2.0000E-04
1.8315E-04 2.0000E-04
3.8456E-04 2.0000E-04
1.4365E-04 2.0000E-04
1.1763E-04 2.0000E-04
1.4523E-04 2.0000E-04
2.9214E-04 2.0000E-04
1.2693E-04 2.0000E-04
9.5789E-05 2.0000E-04
1.1958E-04 2.0000E-04
2.2377E-04 2.0000E-04
1.1715E-04 2.0000E-04
8.7747E-05 2.0000E-04
1.1407E-04 2.0000E-04
1.6305E-04 2.0000E-04
1.1077E-04 2.0000E-04
1.0348E-04 2.0000E-04
1.3430E-04 2.0000E-04
1.1778E-04 2.0000E-04
1.5955E-04 2.0000E-04
9.6074E-05 2.0000E-04
9.4486E-05 2.0000E-04
1.2481E-04 2.0000E-04
2.0542E-04 2.0000E-04
1.0459E-04 2.0000E-04
9.4158E-05 2.0000E-04
1.1365E-04 2.0000E-04
2.3430E-04 2.0000E-04
1.1250E-04 2.0000E-04
9.9423E-05 2.0000E-04
1.2894E-04 2.0000E-04
1.2676E-04 2.0000E-04
1.1720E-04 2.0000E-04
1.2996E-04 2.0000E-04
1.0062E-04 2.0000E-04
9.6545E-05 2.0000E-04
1.7808E-04 2.0000E-04
9.5194E-05 2.0000E-04
8.5989E-05 2.0000E-04
1.0333E-04 2.0000E-04
2.0929E-04 2.0000E-04
1.3452E-04 2.0000E-04
1.2436E-04 2.0000E-04
8.0208E-05 2.0000E-04
8.5070E-05 2.0000E-04
1.1171E-04 2.0000E-04
1.2285E-04 2.0000E-04
8.6076E-05 2.0000E-04
8.3182E-05 2.0000E-04
9.6191E-05 2.0000E-04
1.6768E-04 2.0000E-04
7.9261E-05 2.0000E-04
7.2079E-05 2.0000E-04
8.8940E-05 2.0000E-04
1.5297E-04 2.0000E-04
8.0885E-05 2.0000E-04
7.9246E-05 2.0000E-04
1.0949E-04 2.0000E-04
9.7763E-05 2.0000E-04
8.1121E-05 2.0000E-04
7.8104E-05 2.0000E-04
8.4469E-05 2.0000E-04
8.0405E-05 2.0000E-04
1.1091E-04 2.0000E-04
7.1568E-05 2.0000E-04
6.4228E-05 2.0000E-04
8.1773E-05 2.0000E-04
1.0104E-04 2.0000E-04
7.0200E-05 2.0000E-04
6.5355E-05 2.0000E-04
8.6033E-05 2.0000E-04
8.1633E-05 2.0000E-04
6.7733E-05 2.0000E-04
6.8734E-05 2.0000E-04
1.1038E-04 2.0000E-04
7.0166E-05 2.0000E-04
6.7614E-05 2.0000E-04
1.0081E-04 2.0000E-04
7.7950E-05 2.0000E-04
9.0074E-05 2.0000E-04
8.0400E-05 2.0000E-04
7.6424E-05 2.0000E-04
9.4599E-05 2.0000E-04
8.4322E-05 2.0000E-04
7.8198E-05 2.0000E-04
9.5479E-05 2.0000E-04
8.8867E-05 2.0000E-04
7.1791E-05 2.0000E-04
8.9090E-05 2.0000E-04
1.0665E-04 2.0000E-04
7.6692E-05 2.0000E-04
8.3003E-05 2.0000E-04
1.1907E-04 2.0000E-04
1.1032E-04 2.0000E-04
7.8089E-05 2.0000E-04
7.3446E-05 2.0000E-04
7.9731E-05 2.0000E-04
1.4356E-04 2.0000E-04
7.4880E-05 2.0000E-04
6.7468E-05 2.0000E-04
8.3066E-05 2.0000E-04
1.4286E-04 2.0000E-04
7.5187E-05 2.0000E-04
7.1809E-05 2.0000E-04
9.1456E-05 2.0000E-04
1.0091E-04 2.0000E-04
7.9201E-05 2.0000E-04
7.3708E-05 2.0000E-04
8.1148E-05 2.0000E-04
1.2399E-04 2.0000E-04
7.3594E-05 2.0000E-04
7.4451E-05 2.0000E-04
9.5935E-05 2.0000E-04
7.7838E-05 2.0000E-04
8.0064E-05 2.0000E-04
9.8880E-05 2.0000E-04
8.9909E-05 2.0000E-04
7.9483E-05 2.0000E-04
9.9994E-05 2.0000E-04
9.9249E-05 2.0000E-04
8.0537E-05 2.0000E-04
1.0129E-04 2.0000E-04
1.2725E-04 2.0000E-04
9.0669E-05 2.0000E-04
8.1132E-05 2.0000E-04
9.7374E-05 2.0000E-04
8.1796E-05 2.0000E-04
1.9749E-04 2.0000E-04
8.7684E-05 2.0000E-04
7.0173E-05 2.0000E-04
8.4986E-05 2.0000E-04
1.7105E-04 2.0000E-04
1.0243E-04 2.0000E-04
8.8389E-05 2.0000E-04
9.0276E-05 2.0000E-04
1.3734E-04 2.0000E-04
9.9540E-05 2.0000E-04
1.0112E-04 2.0000E-04
1.1133E-04 2.0000E-04
8.7808E-05 2.0000E-04
1.1897E-04 2.0000E-04
1.1199E-04 2.0000E-04
8.5706E-05 2.0000E-04
1.0344E-04 2.0000E-04
8.9163E-05 2.0000E-04
8.3706E-05 2.0000E-04
9.7753E-05 2.0000E-04
9.9060E-05 2.0000E-04
7.2418E-05 2.0000E-04
7.9514E-05 2.0000E-04
1.1425E-04 2.0000E-04
7.4426E-05 2.0000E-04
9.4223E-05 2.0000E-04
8.3678E-05 2.0000E-04
6.7103E-05 2.0000E-04
7.0037E-05 2.0000E-04
9.9592E-05 2.0000E-04
6.6645E-05 2.0000E-04
5.5376E-05 2.0000E-04
7.4577E-05 2.0000E-04
6.1296E-05 2.0000E-04
1.1312E-04 2.0000E-04
5.7144E-05 2.0000E-04
5.2821E-05 2.0000E-04
7.1763E-05 2.0000E-04
1.7016E-04 2.0000E-04
5.9818E-05 2.0000E-04
4.4136E-05 2.0000E-04
6.6963E-05 2.0000E-04
1.2951E-04 2.0000E-04
6.3255E-05 2.0000E-04
4.9304E-05 2.0000E-04
6.4102E-05 2.0000E-04
1.3382E-04 2.0000E-04
7.5736E-05 2.0000E-04
6.2863E-05 2.0000E-04
7.6990E-05 2.0000E-04
1.3019E-04 2.0000E-04
8.5743E-05 2.0000E-04
7.2840E-05 2.0000E-04
1.2455E-04 2.0000E-04
9.6656E-05 2.0000E-04
7.6753E-05 2.0000E-04
1.0737E-04 2.0000E-04
1.1135E-04 2.0000E-04
9.9711E-05 2.0000E-04
1.6679E-04 2.0000E-04
1.2158E-04 2.0000E-04
1.8854E-04 2.0000E-04
1.0531E-04 2.0000E-04
8.7470E-05 2.0000E-04
1.0312E-04 2.0000E-04
2.2236E-04 2.0000E-04
1.0955E-04 2.0000E-04
9.1301E-05 2.0000E-04
1.1589E-04 2.0000E-04
2.3311E-04 2.0000E-04
1.3598E-04 2.0000E-04
2.3223E-04 2.0000E-04
8.9102E-05 2.0000E-04
8.3405E-05 2.0000E-04
1.1427E-04 2.0000E-04
1.7785E-04 2.0000E-04
1.2632E-04 2.0000E-04
9.8341E-05 2.0000E-04
1.1872E-04 2.0000E-04
1.0641E-04 2.0000E-04
9.0597E-05 2.0000E-04
1.3205E-04 2.0000E-04
1.0243E-04 2.0000E-04
9.3786E-05 2.0000E-04
1.4493E-04 2.0000E-04
9.8373E-05 2.0000E-04
9.9167E-05 2.0000E-04
1.6968E-04 2.0000E-04
1.0446E-04 2.0000E-04
1.0246E-04 2.0000E-04
1.0244E-04 2.0000E-04
2.0399E-04 2.0000E-04
1.0576E-04 2.0000E-04
9.5069E-05 2.0000E-04
1.2782E-04 2.0000E-04
1.3844E-04 2.0000E-04
1.0289E-04 2.0000E-04
1.4706E-04 2.0000E-04
1.4035E-04 2.0000E-04
1.1253E-04 2.0000E-04
1.7624E-04 2.0000E-04
2.0069E-04 2.0000E-04
1.7368E-04 2.0000E-04
1.1135E-04 2.0000E-04
1.1955E-04 2.0000E-04
1.4841E-04 2.0000E-04
3.4607E-04 2.0000E-04
1.1645E-04 2.0000E-04
1.3784E-04 2.0000E-04
1.3555E-04 2.0000E-04
1.5147E-04 2.0000E-04
2.9672E-04 2.0000E-04
1.4779E-04 2.0000E-04
1.4054E-04 2.0000E-04
1.6638E-04 2.0000E-04
3.9782E-04 2.0000E-04
1.7222E-04 2.0000E-04
1.9678E-04 2.0000E-04
1.6117E-04 2.0000E-04
1.4952E-04 2.0000E-04
1.6441E-04 2.0000E-04
2.2365E-04 2.0000E-04
1.4115E-04 2.0000E-04
1.3160E-04 2.0000E-04
1.6894E-04 2.0000E-04
1.5406E-04 2.0000E-04
1.2981E-04 2.0000E-04
1.4094E-04 2.0000E-04
1.2386E-04 2.0000E-04
9.9906E-05 2.0000E-04
1.3252E-04 2.0000E-04
1.2492E-04 2.0000E-04
1.0158E-04 2.0000E-04
1.2128E-04 2.0000E-04
1.2351E-04 2.0000E-04
1.0270E-04 2.0000E-04
1.3554E-04 2.0000E-04
1.1222E-04 2.0000E-04
8.8276E-05 2.0000E-04
8.7949E-05 2.0000E-04
1.2279E-04 2.0000E-04
9.9435E-05 2.0000E-04
1.1103E-04 2.0000E-04
9.4712E-05 2.0000E-04
8.2854E-05 2.0000E-04
1.1390E-04 2.0000E-04
1.4165E-04 2.0000E-04
8.6891E-05 2.0000E-04
7.7621E-05 2.0000E-04
9.9993E-05 2.0000E-04
1.4299E-04 2.0000E-04
1.1650E-04 2.0000E-04
9.5890E-05 2.0000E-04
1.2653E-04 2.0000E-04
1.4247E-04 2.0000E-04
1.0165E-04 2.0000E-04
1.0872E-04 2.0000E-04
1.4329E-04 2.0000E-04
1.1412E-04 2.0000E-04
1.5616E-04 2.0000E-04
1.5736E-04 2.0000E-04
1.0795E-04 2.0000E-04
1.0640E-04 2.0000E-04
1.3033E-04 2.0000E-04
1.0430E-04 2.0000E-04
1.6308E-04 2.0000E-04
9.7029E-05 2.0000E-04
9.7093E-05 2.0000E-04
1.3418E-04 2.0000E-04
1.1706E-04 2.0000E-04
7.7872E-05 2.0000E-04
8.9981E-05 2.0000E-04
1.1338E-04 2.0000E-04
9.2146E-05 2.0000E-04
1.3052E-04 2.0000E-04
7.9973E-05 2.0000E-04
7.5445E-05 2.0000E-04
1.0348E-04 2.0000E-04
1.0903E-04 2.0000E-04
7.8141E-05 2.0000E-04
7.7116E-05 2.0000E-04
9.4442E-05 2.0000E-04
8.8749E-05 2.0000E-04
9.0107E-05 2.0000E-04
8.0711E-05 2.0000E-04
8.0663E-05 2.0000E-04
9.4421E-05 2.0000E-04
9.1633E-05 2.0000E-04
7.6987E-05 2.0000E-04
9.2371E-05 2.0000E-04
1.1182E-04 2.0000E-04
7.9645E-05 2.0000E-04
8.5793E-05 2.0000E-04
9.6800E-05 2.0000E-04
8.2855E-05 2.0000E-04
1.3925E-04 2.0000E-04
8.3954E-05 2.0000E-04
7.8239E-05 2.0000E-04
9.9990E-05 2.0000E-04
1.7251E-04 2.0000E-04
8.7812E-05 2.0000E-04
7.2907E-05 2.0000E-04
9.1411E-05 2.0000E-04
1.7259E-04 2.0000E-04
1.0265E-04 2.0000E-04
8.4492E-05 2.0000E-04
1.2672E-04 2.0000E-04
9.8209E-05 2.0000E-04
8.5580E-05 2.0000E-04
1.0264E-04 2.0000E-04
1.8229E-04 2.0000E-04
9.5108E-05 2.0000E-04
8.2574E-05 2.0000E-04
1.0062E-04 2.0000E-04
2.0458E-04 2.0000E-04
9.8251E-05 2.0000E-04
8.5763E-05 2.0000E-04
1.1030E-04 2.0000E-04
1.9606E-04 2.0000E-04
1.2405E-04 2.0000E-04
1.1506E-04 2.0000E-04
1.1275E-04 2.0000E-04
1.2326E-04 2.0000E-04
1.7366E-04 2.0000E-04
1.0823E-04 2.0000E-04
1.0623E-04 2.0000E-04
1.2286E-04 2.0000E-04
1.9901E-04 2.0000E-04
1.0952E-04 2.0000E-04
9.6980E-05 2.0000E-04
1.1400E-04 2.0000E-04
2.2346E-04 2.0000E-04
1.1695E-04 2.0000E-04
1.0568E-04 2.0000E-04
1.3725E-04 2.0000E-04
1.1961E-04 2.0000E-04
1.1977E-04 2.0000E-04
1.3714E-04 2.0000E-04
1.1000E-04 2.0000E-04
1.0439E-04 2.0000E-04
1.6389E-04 2.0000E-04
1.2182E-04 2.0000E-04
1.0845E-04 2.0000E-04
1.3156E-04 2.0000E-04
1.9173E-04 2.0000E-04
1.2635E-04 2.0000E-04
1.1983E-04 2.0000E-04
1.8099E-04 2.0000E-04
1.5828E-04 2.0000E-04
1.9103E-04 2.0000E-04
1.4998E-04 2.0000E-04
1.6683E-04 2.0000E-04
1.5158E-04 2.0000E-04
2.3772E-04 2.0000E-04
1.4571E-04 2.0000E-04
1.2640E-04 2.0000E-04
1.5942E-04 2.0000E-04
2.2397E-04 2.0000E-04
1.3117E-04 2.0000E-04
1.1215E-04 2.0000E-04
1.3014E-04 2.0000E-04
2.9395E-04 2.0000E-04
1.7356E-04 2.0000E-04
1.8075E-04 2.0000E-04
9.4484E-05 2.0000E-04
9.9925E-05 2.0000E-04
1.1669E-04 2.0000E-04
1.9689E-04 2.0000E-04
1.0508E-04 2.0000E-04
8.2491E-05 2.0000E-04
1.2661E-04 2.0000E-04
1.1185E-04 2.0000E-04
9.6743E-05 2.0000E-04
9.5303E-05 2.0000E-04
8.8957E-05 2.0000E-04
9.1924E-05 2.0000E-04
1.2499E-04 2.0000E-04
8.1781E-05 2.0000E-04
7.4392E-05 2.0000E-04
9.4773E-05 2.0000E-04
1.1576E-04 2.0000E-04
8.8279E-05 2.0000E-04
7.7631E-05 2.0000E-04
9.9913E-05 2.0000E-04
1.1736E-04 2.0000E-04
7.7482E-05 2.0000E-04
7.8151E-05 2.0000E-04
1.0863E-04 2.0000E-04
8.7819E-05 2.0000E-04
1.5739E-04 2.0000E-04
1.1371E-04 2.0000E-04
9.8048E-05 2.0000E-04
7.3807E-05 2.0000E-04
8.8950E-05 2.0000E-04
1.7675E-04 2.0000E-04
9.4000E-05 2.0000E-04
7.2755E-05 2.0000E-04
8.3456E-05 2.0000E-04
1.3035E-04 2.0000E-04
1.6506E-04 2.0000E-04
6.7732E-05 2.0000E-04
6.9418E-05 2.0000E-04
9.0327E-05 2.0000E-04
1.7497E-04 2.0000E-04
7.4048E-05 2.0000E-04
6.7589E-05 2.0000E-04
8.5818E-05 2.0000E-04
1.5186E-04 2.0000E-04
7.9775E-05 2.0000E-04
6.1770E-05 2.0000E-04
7.8037E-05 2.0000E-04
1.3144E-04 2.0000E-04
8.5641E-05 2.0000E-04
6.5727E-05 2.0000E-04
8.5456E-05 2.0000E-04
9.9162E-05 2.0000E-04
7.8962E-05 2.0000E-04
9.0829E-05 2.0000E-04
1.0227E-04 2.0000E-04
7.7584E-05 2.0000E-04
7.4114E-05 2.0000E-04
1.0928E-04 2.0000E-04
8.9511E-05 2.0000E-04
1.0668E-04 2.0000E-04
1.2944E-04 2.0000E-04
7.9976E-05 2.0000E-04
8.3557E-05 2.0000E-04
1.3752E-04 2.0000E-04
9.5635E-05 2.0000E-04
7.7628E-05 2.0000E-04
1.1724E-04 2.0000E-04
9.4037E-05 2.0000E-04
9.8186E-05 2.0000E-04
1.4919E-04 2.0000E-04
1.1876E-04 2.0000E-04
1.1599E-04 2.0000E-04
1.0463E-04 2.0000E-04
1.7008E-04 2.0000E-04
1.2488E-04 2.0000E-04
1.2745E-04 2.0000E-04
1.8343E-04 2.0000E-04
1.1727E-04 2.0000E-04
1.9596E-04 2.0000E-04
2.7199E-04 2.0000E-04
1.1231E-04 2.0000E-04
8.5620E-05 2.0000E-04
1.3957E-04 2.0000E-04
1.4955E-04 2.0000E-04
2.5396E-04 2.0000E-04
1.0232E-04 2.0000E-04
1.1870E-04 2.0000E-04
1.4175E-04 2.0000E-04
1.3740E-04 2.0000E-04
1.3453E-04 2.0000E-04
1.2438E-04 2.0000E-04
1.1881E-04 2.0000E-04
1.3162E-04 2.0000E-04
1.5177E-04 2.0000E-04
1.2147E-04 2.0000E-04
1.4509E-04 2.0000E-04
1.4459E-04 2.0000E-04
1.3859E-04 2.0000E-04
1.1091E-04 2.0000E-04
1.1363E-04 2.0000E-04
1.3392E-04 2.0000E-04
1.1820E-04 2.0000E-04
1.3280E-04 2.0000E-04
1.6163E-04 2.0000E-04
1.1851E-04 2.0000E-04
1.4456E-04 2.0000E-04
2.1032E-04 2.0000E-04
1.3495E-04 2.0000E-04
1.4002E-04 2.0000E-04
1.3148E-04 2.0000E-04
1.9671E-04 2.0000E-04
2.0142E-04 2.0000E-04
1.4105E-04 2.0000E-04
1.8605E-04 2.0000E-04
1.4896E-04 2.0000E-04
1.3015E-04 2.0000E-04
2.3718E-04 2.0000E-04
1.6344E-04 2.0000E-04
1.4340E-04 2.0000E-04
2.2884E-04 2.0000E-04
2.5907E-04 2.0000E-04
1.3709E-04 2.0000E-04
1.1907E-04 2.0000E-04
1.4379E-04 2.0000E-04
2.4306E-04 2.0000E-04
1.4376E-04 2.0000E-04
1.1691E-04 2.0000E-04
1.3449E-04 2.0000E-04
2.1509E-04 2.0000E-04
1.0566E-04 2.0000E-04
1.0430E-04 2.0000E-04
1.5123E-04 2.0000E-04
1.4706E-04 2.0000E-04
1.1030E-04 2.0000E-04
9.5244E-05 2.0000E-04
1.0226E-04 2.0000E-04
2.5611E-04 2.0000E-04
8.7607E-05 2.0000E-04
7.6708E-05 2.0000E-04
9.1866E-05 2.0000E-04
1.9368E-04 2.0000E-04
9.4834E-05 2.0000E-04
7.7262E-05 2.0000E-04
9.1252E-05 2.0000E-04
1.8418E-04 2.0000E-04
8.1217E-05 2.0000E-04
7.1398E-05 2.0000E-04
8.9278E-05 2.0000E-04
8.4968E-05 2.0000E-04
8.2269E-05 2.0000E-04
8.6756E-05 2.0000E-04
6.2544E-05 2.0000E-04
5.9348E-05 2.0000E-04
8.3906E-05 2.0000E-04
6.4626E-05 2.0000E-04
6.6785E-05 2.0000E-04
5.9317E-05 2.0000E-04
5.4949E-05 2.0000E-04
5.6158E-05 2.0000E-04
6.5447E-05 2.0000E-04
5.2749E-05 2.0000E-04
5.0205E-05 2.0000E-04
8.4975E-05 2.0000E-04
4.8806E-05 2.0000E-04
4.3983E-05 2.0000E-04
5.3748E-05 2.0000E-04
9.7602E-05 2.0000E-04
4.6776E-05 2.0000E-04
4.1567E-05 2.0000E-04
4.9289E-05 2.0000E-04
1.0387E-04 2.0000E-04
4.5846E-05 2.0000E-04
3.8467E-05 2.0000E-04
4.7409E-05 2.0000E-04
5.5706E-05 2.0000E-04
7.3487E-05 2.0000E-04
3.6891E-05 2.0000E-04
3.9832E-05 2.0000E-04
5.1443E-05 2.0000E-04
1.0322E-04 2.0000E-04
3.8978E-05 2.0000E-04
3.3533E-05 2.0000E-04
4.3329E-05 2.0000E-04
4.9524E-05 2.0000E-04
8.6139E-05 2.0000E-04
3.7495E-05 2.0000E-04
3.2118E-05 2.0000E-04
4.0835E-05 2.0000E-04
6.5521E-05 2.0000E-04
4.0162E-05 2.0000E-04
3.0979E-05 2.0000E-04
5.0669E-05 2.0000E-04
6.0927E-05 2.0000E-04
3.9253E-05 2.0000E-04
3.5015E-05 2.0000E-04
4.0745E-05 2.0000E-04
4.6030E-05 2.0000E-04
8.7461E-05 2.0000E-04
3.9087E-05 2.0000E-04
2.8183E-05 2.0000E-04
3.5377E-05 2.0000E-04
3.9664E-05 2.0000E-04
7.6087E-05 2.0000E-04
2.9712E-05 2.0000E-04
2.6698E-05 2.0000E-04
3.4538E-05 2.0000E-04
7.1087E-05 2.0000E-04
3.1638E-05 2.0000E-04
2.5336E-05 2.0000E-04
3.1758E-05 2.0000E-04
5.5217E-05 2.0000E-04
3.2199E-05 2.0000E-04
2.6000E-05 2.0000E-04
3.5602E-05 2.0000E-04
4.9233E-05 2.0000E-04
2.8698E-05 2.0000E-04
2.6045E-05 2.0000E-04
3.0777E-05 2.0000E-04
5.2161E-05 2.0000E-04
2.8803E-05 2.0000E-04
2.5146E-05 2.0000E-04
2.9688E-05 2.0000E-04
5.1403E-05 2.0000E-04
2.7650E-05 2.0000E-04
2.3178E-05 2.0000E-04
2.6820E-05 2.0000E-04
5.4939E-05 2.0000E-04
2.5833E-05 2.0000E-04
1.9497E-05 2.0000E-04
2.6226E-05 2.0000E-04
4.3135E-05 2.0000E-04
2.7070E-05 2.0000E-04
2.0609E-05 2.0000E-04
2.3033E-05 2.0000E-04
5.0013E-05 2.0000E-04
2.1732E-05 2.0000E-04
2.0454E-05 2.0000E-04
2.4588E-05 2.0000E-04
6.5165E-05 2.0000E-04
2.3194E-05 2.0000E-04
1.6086E-05 2.0000E-04
2.1014E-05 2.0000E-04
2.3229E-05 2.0000E-04
4.2090E-05 2.0000E-04
1.9730E-05 2.0000E-04
1.6111E-05 2.0000E-04
2.6551E-05 2.0000E-04
2.9283E-05 2.0000E-04
1.8900E-05 2.0000E-04
2.0956E-05 2.0000E-04
2.7019E-05 2.0000E-04
2.1020E-05 2.0000E-04
3.3235E-05 2.0000E-04
1.8930E-05 2.0000E-04
1.7764E-05 2.0000E-04
2.5178E-05 2.0000E-04
2.3794E-05 2.0000E-04
1.6903E-05 2.0000E-04
1.7422E-05 2.0000E-04
2.4927E-05 2.0000E-04
1.8588E-05 2.0000E-04
2.1529E-05 2.0000E-04
1.7935E-05 2.0000E-04
1.6183E-05 2.0000E-04
2.3192E-05 2.0000E-04
2.4284E-05 2.0000E-04
1.6419E-05 2.0000E-04
1.4501E-05 2.0000E-04
1.9536E-05 2.0000E-04
1.7595E-05 2.0000E-04
3.5416E-05 2.0000E-04
1.5094E-05 2.0000E-04
1.3323E-05 2.0000E-04
1.6206E-05 2.0000E-04
3.8541E-05 2.0000E-04
1.5658E-05 2.0000E-04
1.1968E-05 2.0000E-04
1.4834E-05 2.0000E-04
1.9350E-05 2.0000E-04
3.0895E-05 2.0000E-04
1.2253E-05 2.0000E-04
1.2865E-05 2.0000E-04
1.6080E-05 2.0000E-04
3.9783E-05 2.0000E-04
1.3759E-05 2.0000E-04
1.0165E-05 2.0000E-04
1.2792E-05 2.0000E-04
1.5338E-05 2.0000E-04
3.6765E-05 2.0000E-04
1.0358E-05 2.0000E-04
9.3377E-06 2.0000E-04
1.2263E-05 2.0000E-04
2.1653E-05 2.0000E-04
1.2060E-05 2.0000E-04
9.3291E-06 2.0000E-04
1.4526E-05 2.0000E-04
1.7751E-05 2.0000E-04
1.1718E-05 2.0000E-04
1.0652E-05 2.0000E-04
1.3417E-05 2.0000E-04
1.2217E-05 2.0000E-04
2.9599E-05 2.0000E-04
8.9537E-06 2.0000E-04
7.9744E-06 2.0000E-04
1.4818E-03 2.0000E-04
1.2294E-03 2.0000E-04
5.6760E-04 2.0000E-04
4.9367E-04 2.0000E-04
6.3976E-04 2.0000E-04
4.6480E-04 2.0000E-04
2.3962E-04 2.0000E-04
1.7097E-04 2.0000E-04
1.7714E-04 2.0000E-04
2.3911E-04 2.0000E-04
1.2738E-04 2.0000E-04
1.0925E-04 2.0000E-04
1.6995E-04 2.0000E-04
1.7801E-04 2.0000E-04
1.0188E-04 2.0000E-04
9.9119E-05 2.0000E-04
1.1868E-04 2.0000E-04
1.5141E-04 2.0000E-04
9.6287E-05 2.0000E-04
8.3488E-05 2.0000E-04
1.0147E-04 2.0000E-04
1.6766E-04 2.0000E-04
9.2959E-05 2.0000E-04
6.6371E-05 2.0000E-04
6.7632E-05 2.0000E-04
1.4166E-04 2.0000E-04
6.1898E-05 2.0000E-04
5.5888E-05 2.0000E-04
6.9490E-05 2.0000E-04
1.5768E-04 2.0000E-04
6.5771E-05 2.0000E-04
4.7633E-05 2.0000E-04
6.3355E-05 2.0000E-04
7.6236E-05 2.0000E-04
9.9257E-05 2.0000E-04
3.7745E-05 2.0000E-04
3.8593E-05 2.0000E-04
5.4116E-05 2.0000E-04
7.4407E-05 2.0000E-04
6.2006E-05 2.0000E-04
3.1618E-05 2.0000E-04
3.6918E-05 2.0000E-04
4.4507E-05 2.0000E-04
8.9095E-05 2.0000E-04
3.8970E-05 2.0000E-04
3.2708E-05 2.0000E-04
4.2934E-05 2.0000E-04
5.8558E-05 2.0000E-04
3.6362E-05 2.0000E-04
2.7778E-05 2.0000E-04
4.0960E-05 2.0000E-04
4.0771E-05 2.0000E-04
3.0162E-05 2.0000E-04
4.9347E-05 2.0000E-04
3.2139E-05 2.0000E-04
2.8771E-05 2.0000E-04
3.5978E-05 2.0000E-04
4.5551E-05 2.0000E-04
2.9191E-05 2.0000E-04
2.8837E-05 2.0000E-04
2.8565E-05 2.0000E-04
3.7007E-05 2.0000E-04
4.4807E-05 2.0000E-04
2.4490E-05 2.0000E-04
2.1053E-05 2.0000E-04
2.4641E-05 2.0000E-04
3.6212E-05 2.0000E-04
2.7516E-05 2.0000E-04
2.0505E-05 2.0000E-04
2.8723E-05 2.0000E-04
3.3965E-05 2.0000E-04
2.4880E-05 2.0000E-04
2.7797E-05 2.0000E-04
2.8545E-05 2.0000E-04
2.7451E-05 2.0000E-04
3.6087E-05 2.0000E-04
3.4187E-05 2.0000E-04
1.8877E-05 2.0000E-04
1.9522E-05 2.0000E-04
2.0310E-05 2.0000E-04
3.2506E-05 2.0000E-04
2.8665E-05 2.0000E-04
1.5998E-05 2.0000E-04
1.4946E-05 2.0000E-04
2.2697E-05 2.0000E-04
2.8418E-05 2.0000E-04
2.1763E-05 2.0000E-04
1.5860E-05 2.0000E-04
1.6466E-05 2.0000E-04
2.2207E-05 2.0000E-04
1.8968E-05 2.0000E-04
1.8555E-05 2.0000E-04
2.3998E-05 2.0000E-04
1.5093E-05 2.0000E-04
1.4054E-05 2.0000E-04
2.0044E-05 2.0000E-04
1.7350E-05 2.0000E-04
2.4151E-05 2.0000E-04
1.5215E-05 2.0000E-04
1.3397E-05 2.0000E-04
1.8666E-05 2.0000E-04
1.6120E-05 2.0000E-04
1.3428E-05 2.0000E-04
1.7336E-05 2.0000E-04
2.0828E-05 2.0000E-04
1.3659E-05 2.0000E-04
1.2236E-05 2.0000E-04
1.2215E-05 2.0000E-04
