RMS Step   Target
2.8858E-04 8.0000E-04
2.8858E-03 8.0000E-04
5.7717E-03 8.0000E-04
7.2146E-03 8.0000E-04
7.2146E-03 8.0000E-04
7.2146E-03 8.0000E-04
7.2146E-03 8.0000E-04
7.2146E-03 8.0000E-04
7.2146E-03 8.0000E-04
7.2146E-03 8.0000E-04
7.2146E-03 8.0000E-04
7.2146E-03 8.0000E-04
7.2146E-03 8.0000E-04
7.2146E-03 8.0000E-04
7.2146E-03 8.0000E-04
7.2146E-03 8.0000E-04
7.2146E-03 8.0000E-04
7.2146E-03 8.0000E-04
7.2146E-03 8.0000E-04
7.2146E-03 8.0000E-04
7.2146E-03 8.0000E-04
7.2146E-03 8.0000E-04
7.2146E-03 8.0000E-04
7.2146E-03 8.0000E-04
7.2146E-03 8.0000E-04
7.2146E-03 8.0000E-04
7.2146E-03 8.0000E-04
7.2146E-03 8.0000E-04
7.2146E-03 8.0000E-04
7.2146E-03 8.0000E-04
7.2146E-03 8.0000E-04
7.2146E-03 8.0000E-04
7.2146E-03 8.0000E-04
7.2146E-03 8.0000E-04
7.2146E-03 8.0000E-04
7.2146E-03 8.0000E-04
7.2146E-03 8.0000E-04
7.2146E-03 8.0000E-04
7.2146E-03 8.0000E-04
7.2146E-03 8.0000E-04
7.2146E-03 8.0000E-04
7.2146E-03 8.0000E-04
7.2146E-03 8.0000E-04
7.2146E-03 8.0000E-04
7.2146E-03 8.0000E-04
7.2146E-03 8.0000E-04
7.2146E-03 8.0000E-04
7.2146E-03 8.0000E-04
7.2146E-03 8.0000E-04
7.2146E-03 8.0000E-04
7.2146E-03 8.0000E-04
7.2146E-03 8.0000E-04
7.2146E-03 8.0000E-04
7.2146E-03 8.0000E-04
7.2146E-03 8.0000E-04
7.2146E-03 8.0000E-04
7.2146E-03 8.0000E-04
7.2146E-03 8.0000E-04
7.2146E-03 8.0000E-04
7.2146E-03 8.0000E-04
7.2146E-03 8.0000E-04
7.2146E-03 8.0000E-04
7.2146E-03 8.0000E-04
7.2146E-03 8.0000E-04
7.2146E-03 8.0000E-04
7.2146E-03 8.0000E-04
7.2146E-03 8.0000E-04
7.2146E-03 8.0000E-04
7.2146E-03 8.0000E-04
7.2146E-03 8.0000E-04
7.2146E-03 8.0000E-04
7.2146E-03 8.0000E-04
7.2146E-03 8.0000E-04
7.2146E-03 8.0000E-04
7.2146E-03 8.0000E-04
7.2146E-03 8.0000E-04
7.2146E-03 8.0000E-04
7.2146E-03 8.0000E-04
7.2146E-03 8.0000E-04
7.2146E-03 8.0000E-04
7.2146E-03 8.0000E-04
7.2146E-03 8.0000E-04
7.2146E-03 8.0000E-04
7.2146E-03 8.0000E-04
7.2146E-03 8.0000E-04
7.2146E-03 8.0000E-04
7.2146E-03 8.0000E-04
7.2146E-03 8.0000E-04
7.2146E-03 8.0000E-04
7.2146E-03 8.0000E-04
7.2146E-03 8.0000E-04
7.2146E-03 8.0000E-04
7.2146E-03 8.0000E-04
7.2146E-03 8.0000E-04
7.2146E-03 8.0000E-04
7.2146E-03 8.0000E-04
7.2146E-03 8.0000E-04
7.2146E-03 8.0000E-04
7.2146E-03 8.0000E-04
7.2146E-03 8.0000E-04
7.2146E-03 8.0000E-04
7.2146E-03 8.0000E-04
7.2146E-03 8.0000E-04
7.2146E-03 8.0000E-04
7.2146E-03 8.0000E-04
7.2146E-03 8.0000E-04
7.2146E-03 8.0000E-04
7.2146E-03 8.0000E-04
7.2146E-03 8.0000E-04
7.2146E-03 8.0000E-04
7.2146E-03 8.0000E-04
7.2146E-03 8.0000E-04
7.2146E-03 8.0000E-04
7.2146E-03 8.0000E-04
7.2146E-03 8.0000E-04
7.2146E-03 8.0000E-04
7.2146E-03 8.0000E-04
7.2146E-03 8.0000E-04
7.2146E-03 8.0000E-04
7.2146E-03 8.0000E-04
7.2146E-03 8.0000E-04
7.2146E-03 8.0000E-04
7.2146E-03 8.0000E-04
7.2146E-03 8.0000E-04
7.2146E-03 8.0000E-04
7.2146E-03 8.0000E-04
7.2146E-03 8.0000E-04
7.2146E-03 8.0000E-04
7.2146E-03 8.0000E-04
7.2146E-03 8.0000E-04
7.2146E-03 8.0000E-04
7.2146E-03 8.0000E-04
7.2146E-03 8.0000E-04
7.2146E-03 8.0000E-04
7.2146E-03 8.0000E-04
7.2146E-03 8.0000E-04
7.2146E-03 8.0000E-04
7.2146E-03 8.0000E-04
7.2146E-03 8.0000E-04
7.2146E-03 8.0000E-04
7.2146E-03 8.0000E-04
7.2146E-03 8.0000E-04
7.2146E-03 8.0000E-04
7.2146E-03 8.0000E-04
7.2146E-03 8.0000E-04
7.2146E-03 8.0000E-04
7.2146E-03 8.0000E-04
7.2146E-03 8.0000E-04
7.2146E-03 8.0000E-04
7.2146E-03 8.0000E-04
7.2146E-03 8.0000E-04
7.2146E-03 8.0000E-04
7.2146E-03 8.0000E-04
7.2146E-03 8.0000E-04
7.2146E-03 8.0000E-04
7.2146E-03 8.0000E-04
7.2146E-03 8.0000E-04
7.2146E-03 8.0000E-04
7.2146E-03 8.0000E-04
7.2146E-03 8.0000E-04
7.2146E-03 8.0000E-04
7.2146E-03 8.0000E-04
7.2146E-03 8.0000E-04
7.2146E-03 8.0000E-04
7.2146E-03 8.0000E-04
7.2146E-03 8.0000E-04
7.2146E-03 8.0000E-04
7.2146E-03 8.0000E-04
7.2146E-03 8.0000E-04
7.2146E-03 8.0000E-04
7.2146E-03 8.0000E-04
7.2146E-03 8.0000E-04
7.2146E-03 8.0000E-04
7.2146E-03 8.0000E-04
7.2146E-03 8.0000E-04
7.2146E-03 8.0000E-04
7.2146E-03 8.0000E-04
7.2146E-03 8.0000E-04
7.2146E-03 8.0000E-04
7.2146E-03 8.0000E-04
7.2146E-03 8.0000E-04
7.2146E-03 8.0000E-04
7.2146E-03 8.0000E-04
7.2146E-03 8.0000E-04
7.2146E-03 8.0000E-04
7.2146E-03 8.0000E-04
5.1398E-03 8.0000E-04
7.2146E-03 8.0000E-04
7.2146E-03 8.0000E-04
7.2146E-03 8.0000E-04
7.2146E-03 8.0000E-04
7.2146E-03 8.0000E-04
7.2146E-03 8.0000E-04
7.2146E-03 8.0000E-04
7.2146E-03 8.0000E-04
7.2146E-03 8.0000E-04
7.2146E-03 8.0000E-04
7.2146E-03 8.0000E-04
7.2146E-03 8.0000E-04
7.2146E-03 8.0000E-04
7.2146E-03 8.0000E-04
7.2146E-03 8.0000E-04
7.2146E-03 8.0000E-04
7.2146E-03 8.0000E-04
7.2146E-03 8.0000E-04
7.2146E-03 8.0000E-04
7.2146E-03 8.0000E-04
7.2146E-03 8.0000E-04
7.2146E-03 8.0000E-04
7.2146E-03 8.0000E-04
7.2146E-03 8.0000E-04
7.2146E-03 8.0000E-04
7.2146E-03 8.0000E-04
7.2146E-03 8.0000E-04
7.2146E-03 8.0000E-04
7.2146E-03 8.0000E-04
7.2146E-03 8.0000E-04
7.2146E-03 8.0000E-04
7.2146E-03 8.0000E-04
5.2352E-03 8.0000E-04
7.2146E-03 8.0000E-04
5.1625E-03 8.0000E-04
6.7475E-03 8.0000E-04
7.2146E-03 8.0000E-04
7.2146E-03 8.0000E-04
7.2146E-03 8.0000E-04
7.2146E-03 8.0000E-04
7.2146E-03 8.0000E-04
7.2146E-03 8.0000E-04
7.2146E-03 8.0000E-04
7.2146E-03 8.0000E-04
7.2146E-03 8.0000E-04
7.2146E-03 8.0000E-04
7.2146E-03 8.0000E-04
4.5275E-03 8.0000E-04
7.2146E-03 8.0000E-04
4.1651E-03 8.0000E-04
3.1784E-03 8.0000E-04
7.2146E-03 8.0000E-04
7.2146E-03 8.0000E-04
7.2146E-03 8.0000E-04
7.2146E-03 8.0000E-04
7.2146E-03 8.0000E-04
7.2146E-03 8.0000E-04
7.2146E-03 8.0000E-04
7.2146E-03 8.0000E-04
7.2146E-03 8.0000E-04
7.2146E-03 8.0000E-04
4.6731E-03 8.0000E-04
7.2146E-03 8.0000E-04
1.7236E-03 8.0000E-04
6.4047E-03 8.0000E-04
7.2146E-03 8.0000E-04
7.2146E-03 8.0000E-04
7.2146E-03 8.0000E-04
7.2146E-03 8.0000E-04
7.2146E-03 8.0000E-04
7.2146E-03 8.0000E-04
7.2146E-03 8.0000E-04
7.2146E-03 8.0000E-04
7.2146E-03 8.0000E-04
5.1322E-03 8.0000E-04
4.0685E-03 8.0000E-04
3.3522E-03 8.0000E-04
7.2146E-03 8.0000E-04
7.2146E-03 8.0000E-04
7.2146E-03 8.0000E-04
7.2146E-03 8.0000E-04
7.2146E-03 8.0000E-04
7.2146E-03 8.0000E-04
7.2146E-03 8.0000E-04
7.2146E-03 8.0000E-04
7.2146E-03 8.0000E-04
7.2146E-03 8.0000E-04
7.2146E-03 8.0000E-04
6.3055E-03 8.0000E-04
6.5743E-03 8.0000E-04
5.3590E-03 8.0000E-04
6.1843E-03 8.0000E-04
6.4191E-03 8.0000E-04
7.2146E-03 8.0000E-04
7.2146E-03 8.0000E-04
7.2146E-03 8.0000E-04
7.2146E-03 8.0000E-04
7.2146E-03 8.0000E-04
7.2146E-03 8.0000E-04
7.2146E-03 8.0000E-04
7.2146E-03 8.0000E-04
7.2146E-03 8.0000E-04
4.7782E-03 8.0000E-04
5.6336E-03 8.0000E-04
3.8526E-03 8.0000E-04
7.2146E-03 8.0000E-04
7.2146E-03 8.0000E-04
7.2146E-03 8.0000E-04
7.2146E-03 8.0000E-04
7.2146E-03 8.0000E-04
7.2146E-03 8.0000E-04
7.2146E-03 8.0000E-04
7.2146E-03 8.0000E-04
3.7374E-03 8.0000E-04
3.9311E-03 8.0000E-04
4.8184E-03 8.0000E-04
6.7298E-03 8.0000E-04
6.9149E-03 8.0000E-04
7.2146E-03 8.0000E-04
7.2146E-03 8.0000E-04
7.2146E-03 8.0000E-04
7.2146E-03 8.0000E-04
7.2146E-03 8.0000E-04
7.2146E-03 8.0000E-04
7.2146E-03 8.0000E-04
7.2146E-03 8.0000E-04
7.2146E-03 8.0000E-04
7.2146E-03 8.0000E-04
7.2146E-03 8.0000E-04
7.2146E-03 8.0000E-04
6.2099E-03 8.0000E-04
5.1885E-03 8.0000E-04
4.7143E-03 8.0000E-04
7.2146E-03 8.0000E-04
7.2146E-03 8.0000E-04
7.2146E-03 8.0000E-04
7.2146E-03 8.0000E-04
7.2146E-03 8.0000E-04
7.2146E-03 8.0000E-04
7.2146E-03 8.0000E-04
7.2146E-03 8.0000E-04
7.2146E-03 8.0000E-04
7.2146E-03 8.0000E-04
7.2146E-03 8.0000E-04
7.2146E-03 8.0000E-04
7.2146E-03 8.0000E-04
7.2146E-03 8.0000E-04
7.2146E-03 8.0000E-04
7.2146E-03 8.0000E-04
5.0090E-03 8.0000E-04
3.2660E-03 8.0000E-04
5.7427E-03 8.0000E-04
7.2146E-03 8.0000E-04
7.2146E-03 8.0000E-04
7.2146E-03 8.0000E-04
7.2146E-03 8.0000E-04
7.2146E-03 8.0000E-04
7.2146E-03 8.0000E-04
3.8771E-03 8.0000E-04
4.7058E-03 8.0000E-04
4.9479E-03 8.0000E-04
2.7871E-03 8.0000E-04
2.2108E-03 8.0000E-04
5.2019E-03 8.0000E-04
7.2146E-03 8.0000E-04
6.3672E-03 8.0000E-04
6.4564E-03 8.0000E-04
5.3458E-03 8.0000E-04
3.2019E-03 8.0000E-04
7.2146E-03 8.0000E-04
2.8987E-03 8.0000E-04
4.1711E-03 8.0000E-04
7.1177E-03 8.0000E-04
7.2146E-03 8.0000E-04
4.9724E-03 8.0000E-04
7.2146E-03 8.0000E-04
4.0671E-03 8.0000E-04
4.5048E-03 8.0000E-04
5.7580E-03 8.0000E-04
6.2321E-03 8.0000E-04
2.4248E-03 8.0000E-04
7.2146E-03 8.0000E-04
4.0015E-03 8.0000E-04
4.3657E-03 8.0000E-04
7.2146E-03 8.0000E-04
7.2146E-03 8.0000E-04
6.9051E-03 8.0000E-04
5.6489E-03 8.0000E-04
7.2146E-03 8.0000E-04
7.2146E-03 8.0000E-04
3.1051E-03 8.0000E-04
2.1920E-03 8.0000E-04
7.2146E-03 8.0000E-04
7.2146E-03 8.0000E-04
7.2146E-03 8.0000E-04
7.2146E-03 8.0000E-04
7.2146E-03 8.0000E-04
6.2408E-03 8.0000E-04
7.2146E-03 8.0000E-04
5.3179E-03 8.0000E-04
2.9623E-03 8.0000E-04
1.7515E-03 8.0000E-04
3.1514E-03 8.0000E-04
5.3474E-03 8.0000E-04
4.0309E-03 8.0000E-04
5.0471E-03 8.0000E-04
4.9967E-03 8.0000E-04
7.2146E-03 8.0000E-04
3.2934E-03 8.0000E-04
6.9146E-03 8.0000E-04
3.7392E-03 8.0000E-04
2.6152E-03 8.0000E-04
5.0749E-03 8.0000E-04
5.6707E-03 8.0000E-04
4.8142E-03 8.0000E-04
2.6301E-03 8.0000E-04
3.9144E-03 8.0000E-04
4.5991E-03 8.0000E-04
2.1355E-03 8.0000E-04
2.0302E-03 8.0000E-04
3.6487E-03 8.0000E-04
5.5083E-03 8.0000E-04
4.1799E-03 8.0000E-04
2.2604E-03 8.0000E-04
5.7034E-03 8.0000E-04
1.5721E-03 8.0000E-04
3.4819E-03 8.0000E-04
2.8437E-03 8.0000E-04
4.5196E-03 8.0000E-04
2.5221E-03 8.0000E-04
4.6100E-03 8.0000E-04
3.7173E-03 8.0000E-04
4.9147E-03 8.0000E-04
4.7367E-03 8.0000E-04
6.0004E-03 8.0000E-04
2.0771E-03 8.0000E-04
3.6269E-03 8.0000E-04
1.7479E-03 8.0000E-04
3.3057E-03 8.0000E-04
6.0028E-03 8.0000E-04
3.8339E-03 8.0000E-04
3.0374E-03 8.0000E-04
5.9032E-03 8.0000E-04
5.4907E-03 8.0000E-04
4.0783E-03 8.0000E-04
3.9965E-03 8.0000E-04
7.2146E-03 8.0000E-04
2.8513E-03 8.0000E-04
2.6808E-03 8.0000E-04
3.0559E-03 8.0000E-04
4.7118E-03 8.0000E-04
7.2146E-03 8.0000E-04
3.6084E-03 8.0000E-04
2.5340E-03 8.0000E-04
4.8881E-03 8.0000E-04
7.2146E-03 8.0000E-04
2.1387E-03 8.0000E-04
6.2560E-03 8.0000E-04
2.4021E-03 8.0000E-04
2.1799E-03 8.0000E-04
4.6430E-03 8.0000E-04
3.7910E-03 8.0000E-04
2.2044E-03 8.0000E-04
3.4718E-03 8.0000E-04
3.5411E-03 8.0000E-04
2.8823E-03 8.0000E-04
7.2146E-03 8.0000E-04
4.3749E-03 8.0000E-04
6.1941E-03 8.0000E-04
2.0024E-03 8.0000E-04
3.9674E-03 8.0000E-04
2.8739E-03 8.0000E-04
3.8920E-03 8.0000E-04
4.2647E-03 8.0000E-04
1.6193E-03 8.0000E-04
3.4712E-03 8.0000E-04
4.2973E-03 8.0000E-04
2.8291E-03 8.0000E-04
4.6340E-03 8.0000E-04
1.4246E-03 8.0000E-04
4.9431E-03 8.0000E-04
2.2492E-03 8.0000E-04
1.3224E-03 8.0000E-04
4.4577E-03 8.0000E-04
4.1557E-03 8.0000E-04
8.1131E-04 8.0000E-04
3.9823E-03 8.0000E-04
1.8088E-03 8.0000E-04
1.3856E-03 8.0000E-04
4.8879E-03 8.0000E-04
1.5799E-03 8.0000E-04
6.2913E-03 8.0000E-04
4.7543E-03 8.0000E-04
1.3408E-03 8.0000E-04
7.2146E-03 8.0000E-04
2.6809E-03 8.0000E-04
4.2580E-03 8.0000E-04
5.4201E-03 8.0000E-04
1.9539E-03 8.0000E-04
6.0402E-03 8.0000E-04
2.8342E-03 8.0000E-04
1.4520E-03 8.0000E-04
1.6483E-03 8.0000E-04
4.4154E-03 8.0000E-04
2.8495E-03 8.0000E-04
3.1602E-03 8.0000E-04
2.6378E-03 8.0000E-04
1.9264E-03 8.0000E-04
3.7579E-03 8.0000E-04
3.0235E-03 8.0000E-04
1.3378E-03 8.0000E-04
4.3419E-03 8.0000E-04
1.3375E-03 8.0000E-04
2.3788E-03 8.0000E-04
5.6288E-03 8.0000E-04
7.2146E-03 8.0000E-04
1.6922E-03 8.0000E-04
2.8356E-03 8.0000E-04
1.8167E-03 8.0000E-04
5.2376E-03 8.0000E-04
1.8291E-03 8.0000E-04
3.2692E-03 8.0000E-04
4.2758E-03 8.0000E-04
2.9864E-03 8.0000E-04
3.6136E-03 8.0000E-04
4.1707E-03 8.0000E-04
2.7467E-03 8.0000E-04
3.9326E-03 8.0000E-04
8.6352E-04 8.0000E-04
1.4771E-03 8.0000E-04
3.0460E-03 8.0000E-04
3.7577E-03 8.0000E-04
5.4468E-04 8.0000E-04
7.0546E-04 8.0000E-04
1.7378E-03 8.0000E-04
3.9596E-03 8.0000E-04
3.4587E-03 8.0000E-04
8.6741E-04 8.0000E-04
1.9625E-03 8.0000E-04
2.0866E-03 8.0000E-04
2.0724E-03 8.0000E-04
3.1817E-03 8.0000E-04
3.6231E-03 8.0000E-04
1.1295E-03 8.0000E-04
2.2541E-03 8.0000E-04
3.6162E-03 8.0000E-04
5.6081E-03 8.0000E-04
3.8437E-03 8.0000E-04
5.2652E-03 8.0000E-04
1.7311E-03 8.0000E-04
3.2968E-03 8.0000E-04
3.5995E-03 8.0000E-04
5.5107E-03 8.0000E-04
1.7682E-03 8.0000E-04
3.3744E-03 8.0000E-04
1.5937E-03 8.0000E-04
4.5765E-03 8.0000E-04
6.1079E-03 8.0000E-04
1.2778E-03 8.0000E-04
2.4114E-03 8.0000E-04
2.2251E-03 8.0000E-04
5.4018E-03 8.0000E-04
6.9085E-04 8.0000E-04
2.5022E-03 8.0000E-04
1.6904E-03 8.0000E-04
6.3199E-03 8.0000E-04
2.2999E-03 8.0000E-04
2.2769E-03 8.0000E-04
9.9819E-04 8.0000E-04
2.1217E-03 8.0000E-04
3.7649E-03 8.0000E-04
3.1595E-03 8.0000E-04
2.1753E-03 8.0000E-04
2.6508E-03 8.0000E-04
4.1913E-03 8.0000E-04
1.0176E-03 8.0000E-04
1.2328E-03 8.0000E-04
1.9156E-03 8.0000E-04
4.9195E-03 8.0000E-04
2.5295E-03 8.0000E-04
1.0454E-03 8.0000E-04
2.8298E-03 8.0000E-04
3.2936E-03 8.0000E-04
3.7062E-03 8.0000E-04
2.0600E-03 8.0000E-04
3.0577E-03 8.0000E-04
2.5950E-03 8.0000E-04
4.9541E-03 8.0000E-04
3.8300E-03 8.0000E-04
8.9166E-04 8.0000E-04
4.2069E-03 8.0000E-04
2.0474E-03 8.0000E-04
2.8069E-03 8.0000E-04
4.7513E-03 8.0000E-04
2.6740E-03 8.0000E-04
1.3128E-03 8.0000E-04
4.8226E-03 8.0000E-04
2.3376E-03 8.0000E-04
2.0301E-03 8.0000E-04
2.8362E-03 8.0000E-04
2.9602E-03 8.0000E-04
1.6236E-03 8.0000E-04
3.9341E-03 8.0000E-04
1.1059E-03 8.0000E-04
6.8422E-04 8.0000E-04
2.8434E-03 8.0000E-04
3.8349E-03 8.0000E-04
9.6920E-04 8.0000E-04
1.2095E-03 8.0000E-04
2.0584E-03 8.0000E-04
3.3076E-03 8.0000E-04
6.6904E-03 8.0000E-04
1.6156E-03 8.0000E-04
8.3389E-04 8.0000E-04
1.7976E-03 8.0000E-04
4.1407E-03 8.0000E-04
2.3113E-03 8.0000E-04
8.9547E-04 8.0000E-04
2.0359E-03 8.0000E-04
1.8774E-03 8.0000E-04
2.5247E-03 8.0000E-04
5.2795E-04 8.0000E-04
1.7090E-03 8.0000E-04
2.3381E-03 8.0000E-04
1.9473E-03 8.0000E-04
2.0541E-03 8.0000E-04
1.8475E-03 8.0000E-04
2.3506E-03 8.0000E-04
2.0536E-03 8.0000E-04
1.8143E-03 8.0000E-04
1.6819E-03 8.0000E-04
2.9543E-03 8.0000E-04
2.7549E-03 8.0000E-04
1.8232E-03 8.0000E-04
2.6100E-03 8.0000E-04
3.2492E-03 8.0000E-04
2.0957E-03 8.0000E-04
2.0517E-03 8.0000E-04
2.4205E-03 8.0000E-04
3.3464E-03 8.0000E-04
2.8668E-03 8.0000E-04
3.1954E-03 8.0000E-04
1.0587E-03 8.0000E-04
3.9381E-03 8.0000E-04
1.6749E-03 8.0000E-04
2.8752E-03 8.0000E-04
2.7603E-03 8.0000E-04
3.4340E-03 8.0000E-04
2.3644E-03 8.0000E-04
2.4751E-03 8.0000E-04
3.2192E-03 8.0000E-04
3.1570E-03 8.0000E-04
2.3323E-03 8.0000E-04
2.6654E-03 8.0000E-04
1.8488E-03 8.0000E-04
2.4338E-03 8.0000E-04
1.7896E-03 8.0000E-04
4.2816E-03 8.0000E-04
1.1423E-03 8.0000E-04
3.8997E-03 8.0000E-04
1.1556E-03 8.0000E-04
3.2182E-03 8.0000E-04
3.7468E-03 8.0000E-04
2.0238E-03 8.0000E-04
1.6653E-03 8.0000E-04
3.7553E-03 8.0000E-04
2.4866E-03 8.0000E-04
1.7109E-03 8.0000E-04
2.6490E-03 8.0000E-04
3.4557E-03 8.0000E-04
1.8555E-03 8.0000E-04
5.4583E-03 8.0000E-04
1.4900E-03 8.0000E-04
2.3290E-03 8.0000E-04
2.7238E-03 8.0000E-04
5.9355E-03 8.0000E-04
1.4643E-03 8.0000E-04
1.4331E-03 8.0000E-04
2.8085E-03 8.0000E-04
4.2438E-03 8.0000E-04
3.7646E-03 8.0000E-04
1.2601E-03 8.0000E-04
4.4495E-03 8.0000E-04
2.1243E-03 8.0000E-04
4.6739E-03 8.0000E-04
3.3476E-03 8.0000E-04
1.5589E-03 8.0000E-04
2.0305E-03 8.0000E-04
3.1025E-03 8.0000E-04
2.1020E-03 8.0000E-04
1.8210E-03 8.0000E-04
1.8414E-03 8.0000E-04
3.5765E-03 8.0000E-04
1.9268E-03 8.0000E-04
2.7451E-03 8.0000E-04
1.9363E-03 8.0000E-04
1.4293E-03 8.0000E-04
1.7409E-03 8.0000E-04
2.2133E-03 8.0000E-04
9.4295E-04 8.0000E-04
9.3562E-04 8.0000E-04
1.2411E-03 8.0000E-04
1.4559E-03 8.0000E-04
1.5340E-03 8.0000E-04
9.0778E-04 8.0000E-04
7.7273E-04 8.0000E-04
1.4391E-03 8.0000E-04
1.4564E-03 8.0000E-04
7.3384E-04 8.0000E-04
1.9562E-03 8.0000E-04
1.4737E-03 8.0000E-04
9.5076E-04 8.0000E-04
1.5407E-03 8.0000E-04
1.5230E-03 8.0000E-04
1.9258E-03 8.0000E-04
2.9076E-03 8.0000E-04
6.7704E-04 8.0000E-04
1.0990E-03 8.0000E-04
1.5828E-03 8.0000E-04
4.1934E-03 8.0000E-04
8.4506E-04 8.0000E-04
1.1618E-03 8.0000E-04
1.2859E-03 8.0000E-04
2.8755E-03 8.0000E-04
6.6080E-04 8.0000E-04
1.4880E-03 8.0000E-04
1.7149E-03 8.0000E-04
4.9661E-03 8.0000E-04
7.1546E-04 8.0000E-04
2.5742E-03 8.0000E-04
1.0438E-03 8.0000E-04
2.6075E-03 8.0000E-04
2.8851E-03 8.0000E-04
9.1185E-04 8.0000E-04
1.2709E-03 8.0000E-04
3.2923E-03 8.0000E-04
2.6102E-03 8.0000E-04
9.8261E-04 8.0000E-04
3.9042E-03 8.0000E-04
1.3968E-03 8.0000E-04
3.4534E-03 8.0000E-04
3.3759E-03 8.0000E-04
2.0810E-03 8.0000E-04
8.7396E-04 8.0000E-04
2.1753E-03 8.0000E-04
2.5661E-03 8.0000E-04
3.0469E-03 8.0000E-04
1.8320E-03 8.0000E-04
2.0226E-03 8.0000E-04
2.7264E-03 8.0000E-04
6.8721E-04 8.0000E-04
1.1570E-03 8.0000E-04
7.9397E-04 8.0000E-04
3.5929E-03 8.0000E-04
1.3556E-03 8.0000E-04
7.8919E-04 8.0000E-04
2.7360E-03 8.0000E-04
1.6992E-03 8.0000E-04
1.4351E-03 8.0000E-04
8.4083E-04 8.0000E-04
9.3894E-04 8.0000E-04
3.0947E-03 8.0000E-04
4.9205E-04 8.0000E-04
5.4782E-04 8.0000E-04
1.5242E-03 8.0000E-04
1.9929E-03 8.0000E-04
4.2299E-03 8.0000E-04
8.2954E-04 8.0000E-04
1.0577E-03 8.0000E-04
7.4932E-04 8.0000E-04
1.6655E-03 8.0000E-04
3.0041E-03 8.0000E-04
1.7950E-03 8.0000E-04
3.7442E-04 8.0000E-04
1.9654E-03 8.0000E-04
1.7436E-03 8.0000E-04
1.3055E-03 8.0000E-04
1.3201E-03 8.0000E-04
1.0944E-03 8.0000E-04
2.6535E-03 8.0000E-04
2.8147E-03 8.0000E-04
3.5617E-04 8.0000E-04
1.2851E-03 8.0000E-04
1.3427E-03 8.0000E-04
2.0252E-03 8.0000E-04
3.3201E-03 8.0000E-04
1.3377E-03 8.0000E-04
7.3100E-04 8.0000E-04
2.7224E-03 8.0000E-04
1.5915E-03 8.0000E-04
1.6656E-03 8.0000E-04
2.0536E-03 8.0000E-04
2.3535E-03 8.0000E-04
1.9832E-03 8.0000E-04
1.9309E-03 8.0000E-04
1.4044E-03 8.0000E-04
1.7250E-03 8.0000E-04
2.6061E-03 8.0000E-04
1.9482E-03 8.0000E-04
1.4147E-03 8.0000E-04
2.4813E-03 8.0000E-04
2.8546E-03 8.0000E-04
5.7295E-04 8.0000E-04
7.7776E-04 8.0000E-04
1.1107E-03 8.0000E-04
4.0096E-03 8.0000E-04
1.6665E-03 8.0000E-04
1.9252E-03 8.0000E-04
1.4089E-03 8.0000E-04
3.0801E-03 8.0000E-04
1.4844E-03 8.0000E-04
2.3845E-03 8.0000E-04
9.7064E-04 8.0000E-04
1.3006E-03 8.0000E-04
3.5847E-03 8.0000E-04
2.5396E-03 8.0000E-04
7.0736E-04 8.0000E-04
7.0909E-04 8.0000E-04
9.3678E-04 8.0000E-04
3.5779E-03 8.0000E-04
1.1401E-03 8.0000E-04
1.3708E-03 8.0000E-04
1.3209E-03 8.0000E-04
4.1084E-03 8.0000E-04
7.8169E-04 8.0000E-04
1.0482E-03 8.0000E-04
1.0250E-03 8.0000E-04
4.0511E-03 8.0000E-04
9.9876E-04 8.0000E-04
1.5883E-03 8.0000E-04
1.1255E-03 8.0000E-04
3.7632E-03 8.0000E-04
1.6955E-03 8.0000E-04
1.6366E-03 8.0000E-04
2.1927E-03 8.0000E-04
1.0430E-03 8.0000E-04
3.4287E-03 8.0000E-04
1.8027E-03 8.0000E-04
1.1025E-03 8.0000E-04
3.2765E-03 8.0000E-04
5.3282E-03 8.0000E-04
2.7293E-03 8.0000E-04
2.9581E-03 8.0000E-04
8.2256E-04 8.0000E-04
2.4363E-03 8.0000E-04
3.8051E-03 8.0000E-04
6.3400E-03 8.0000E-04
6.6235E-04 8.0000E-04
2.6682E-03 8.0000E-04
1.6056E-03 8.0000E-04
7.2146E-03 8.0000E-04
1.4092E-03 8.0000E-04
5.1303E-03 8.0000E-04
2.8239E-03 8.0000E-04
7.2146E-03 8.0000E-04
2.7340E-03 8.0000E-04
3.2522E-03 8.0000E-04
2.5641E-03 8.0000E-04
6.3017E-03 8.0000E-04
1.6627E-03 8.0000E-04
5.5433E-03 8.0000E-04
2.4132E-03 8.0000E-04
2.8093E-03 8.0000E-04
3.1159E-03 8.0000E-04
2.5455E-03 8.0000E-04
1.9041E-03 8.0000E-04
2.7090E-03 8.0000E-04
1.4677E-03 8.0000E-04
1.2893E-03 8.0000E-04
3.1367E-03 8.0000E-04
2.6855E-03 8.0000E-04
1.3969E-03 8.0000E-04
3.9648E-03 8.0000E-04
3.4260E-03 8.0000E-04
8.3670E-04 8.0000E-04
1.6924E-03 8.0000E-04
1.4409E-03 8.0000E-04
3.9474E-03 8.0000E-04
7.6348E-04 8.0000E-04
5.3012E-04 8.0000E-04
1.5374E-03 8.0000E-04
2.6985E-03 8.0000E-04
1.8278E-03 8.0000E-04
1.1010E-03 8.0000E-04
1.3042E-03 8.0000E-04
1.7823E-03 8.0000E-04
9.4645E-04 8.0000E-04
1.4168E-03 8.0000E-04
1.3016E-03 8.0000E-04
2.9253E-03 8.0000E-04
1.3975E-03 8.0000E-04
1.0750E-03 8.0000E-04
1.3117E-03 8.0000E-04
2.4404E-03 8.0000E-04
8.8566E-04 8.0000E-04
2.1722E-03 8.0000E-04
1.6650E-03 8.0000E-04
4.3697E-03 8.0000E-04
2.8522E-03 8.0000E-04
2.4861E-03 8.0000E-04
1.0586E-03 8.0000E-04
2.5002E-03 8.0000E-04
1.9584E-03 8.0000E-04
2.8528E-03 8.0000E-04
4.5948E-03 8.0000E-04
3.3274E-03 8.0000E-04
2.3484E-03 8.0000E-04
4.0701E-03 8.0000E-04
1.8734E-03 8.0000E-04
2.0902E-03 8.0000E-04
1.3085E-03 8.0000E-04
2.2127E-03 8.0000E-04
1.7521E-03 8.0000E-04
2.3865E-03 8.0000E-04
3.4697E-03 8.0000E-04
1.1577E-03 8.0000E-04
1.7875E-03 8.0000E-04
2.1197E-03 8.0000E-04
1.7057E-03 8.0000E-04
8.5902E-04 8.0000E-04
3.2834E-03 8.0000E-04
1.3304E-03 8.0000E-04
1.5998E-03 8.0000E-04
3.4928E-03 8.0000E-04
2.1628E-03 8.0000E-04
9.9148E-04 8.0000E-04
3.0495E-03 8.0000E-04
1.2784E-03 8.0000E-04
1.0131E-03 8.0000E-04
2.9998E-03 8.0000E-04
2.8446E-03 8.0000E-04
4.5633E-04 8.0000E-04
2.7036E-03 8.0000E-04
1.0668E-03 8.0000E-04
2.2720E-03 8.0000E-04
5.5511E-03 8.0000E-04
8.7865E-04 8.0000E-04
1.1493E-03 8.0000E-04
1.5841E-03 8.0000E-04
2.2850E-03 8.0000E-04
1.5911E-03 8.0000E-04
2.3260E-03 8.0000E-04
2.1340E-03 8.0000E-04
3.4405E-03 8.0000E-04
2.5239E-03 8.0000E-04
9.4713E-04 8.0000E-04
1.0353E-03 8.0000E-04
1.0453E-03 8.0000E-04
3.1150E-03 8.0000E-04
9.3817E-04 8.0000E-04
1.2119E-03 8.0000E-04
1.6721E-03 8.0000E-04
3.6143E-03 8.0000E-04
7.9343E-04 8.0000E-04
8.4547E-04 8.0000E-04
1.1868E-03 8.0000E-04
3.9656E-03 8.0000E-04
9.7962E-04 8.0000E-04
1.0352E-03 8.0000E-04
1.4061E-03 8.0000E-04
2.9255E-03 8.0000E-04
7.8009E-04 8.0000E-04
6.9134E-04 8.0000E-04
7.1267E-04 8.0000E-04
2.4279E-03 8.0000E-04
1.7893E-03 8.0000E-04
9.8648E-04 8.0000E-04
1.0355E-03 8.0000E-04
1.5405E-03 8.0000E-04
1.5301E-03 8.0000E-04
2.4789E-03 8.0000E-04
6.0590E-04 8.0000E-04
5.2600E-04 8.0000E-04
1.4996E-03 8.0000E-04
2.7355E-03 8.0000E-04
3.4708E-04 8.0000E-04
6.6432E-04 8.0000E-04
7.6090E-04 8.0000E-04
2.6218E-03 8.0000E-04
1.3676E-03 8.0000E-04
8.2916E-04 8.0000E-04
2.0095E-03 8.0000E-04
1.7746E-03 8.0000E-04
1.1758E-03 8.0000E-04
3.2587E-03 8.0000E-04
9.0612E-04 8.0000E-04
4.6042E-04 8.0000E-04
1.6034E-03 8.0000E-04
2.6863E-03 8.0000E-04
3.3259E-04 8.0000E-04
2.8462E-03 8.0000E-04
8.8621E-04 8.0000E-04
2.8114E-03 8.0000E-04
2.7997E-03 8.0000E-04
1.0355E-03 8.0000E-04
6.3751E-04 8.0000E-04
7.9366E-04 8.0000E-04
9.5546E-04 8.0000E-04
1.3316E-03 8.0000E-04
2.9446E-03 8.0000E-04
1.0611E-03 8.0000E-04
4.0455E-04 8.0000E-04
1.0161E-03 8.0000E-04
9.9561E-04 8.0000E-04
4.3572E-04 8.0000E-04
1.1178E-03 8.0000E-04
5.8575E-04 8.0000E-04
2.1356E-03 8.0000E-04
2.5553E-04 8.0000E-04
2.1040E-04 8.0000E-04
9.4169E-04 8.0000E-04
1.5775E-03 8.0000E-04
2.9950E-04 8.0000E-04
8.2391E-04 8.0000E-04
8.4815E-04 8.0000E-04
2.6825E-03 8.0000E-04
9.3248E-04 8.0000E-04
8.7476E-04 8.0000E-04
1.0307E-03 8.0000E-04
1.0996E-03 8.0000E-04
1.0085E-03 8.0000E-04
1.3629E-03 8.0000E-04
8.2149E-04 8.0000E-04
1.1705E-03 8.0000E-04
8.0600E-04 8.0000E-04
4.4932E-04 8.0000E-04
6.8028E-04 8.0000E-04
1.6208E-03 8.0000E-04
5.2349E-04 8.0000E-04
5.9362E-04 8.0000E-04
9.8925E-04 8.0000E-04
1.6722E-03 8.0000E-04
7.6399E-04 8.0000E-04
2.7322E-04 8.0000E-04
7.1200E-04 8.0000E-04
1.0614E-03 8.0000E-04
1.8618E-03 8.0000E-04
5.9501E-04 8.0000E-04
1.0524E-03 8.0000E-04
8.5664E-04 8.0000E-04
1.4559E-03 8.0000E-04
1.9028E-03 8.0000E-04
8.4123E-04 8.0000E-04
2.1417E-04 8.0000E-04
8.3394E-04 8.0000E-04
1.3553E-03 8.0000E-04
1.3703E-03 8.0000E-04
1.8274E-03 8.0000E-04
1.5816E-03 8.0000E-04
2.4484E-03 8.0000E-04
7.6101E-04 8.0000E-04
8.3748E-04 8.0000E-04
2.3106E-03 8.0000E-04
1.1785E-03 8.0000E-04
1.0532E-03 8.0000E-04
2.7470E-03 8.0000E-04
2.5422E-03 8.0000E-04
2.6929E-03 8.0000E-04
2.7327E-03 8.0000E-04
6.0445E-04 8.0000E-04
1.5442E-03 8.0000E-04
1.9327E-03 8.0000E-04
1.4756E-03 8.0000E-04
2.1448E-03 8.0000E-04
1.2102E-03 8.0000E-04
4.3980E-03 8.0000E-04
1.3768E-03 8.0000E-04
2.1929E-03 8.0000E-04
1.4840E-03 8.0000E-04
4.7066E-03 8.0000E-04
2.8843E-03 8.0000E-04
3.8062E-03 8.0000E-04
1.3120E-03 8.0000E-04
2.9855E-03 8.0000E-04
1.3735E-03 8.0000E-04
4.6483E-03 8.0000E-04
8.1797E-04 8.0000E-04
2.4473E-03 8.0000E-04
2.0814E-03 8.0000E-04
3.9573E-03 8.0000E-04
1.8046E-03 8.0000E-04
5.4443E-03 8.0000E-04
1.0685E-03 8.0000E-04
1.7461E-03 8.0000E-04
4.5189E-03 8.0000E-04
5.0462E-03 8.0000E-04
1.0945E-03 8.0000E-04
4.1417E-03 8.0000E-04
8.3388E-04 8.0000E-04
2.1077E-03 8.0000E-04
4.7955E-03 8.0000E-04
1.1000E-03 8.0000E-04
1.0930E-03 8.0000E-04
2.9405E-03 8.0000E-04
3.6425E-03 8.0000E-04
1.5301E-03 8.0000E-04
2.7168E-03 8.0000E-04
5.4088E-04 8.0000E-04
1.2588E-03 8.0000E-04
1.7405E-03 8.0000E-04
3.0436E-03 8.0000E-04
7.9310E-04 8.0000E-04
7.9658E-04 8.0000E-04
1.3084E-03 8.0000E-04
2.7841E-03 8.0000E-04
1.2513E-03 8.0000E-04
6.8478E-04 8.0000E-04
1.9305E-03 8.0000E-04
1.7500E-03 8.0000E-04
2.6159E-03 8.0000E-04
1.6065E-03 8.0000E-04
1.1984E-03 8.0000E-04
2.1948E-03 8.0000E-04
2.2063E-03 8.0000E-04
2.3612E-03 8.0000E-04
1.7640E-03 8.0000E-04
1.0457E-03 8.0000E-04
4.2577E-03 8.0000E-04
1.4760E-03 8.0000E-04
1.9125E-03 8.0000E-04
1.4730E-03 8.0000E-04
4.9948E-03 8.0000E-04
3.5155E-03 8.0000E-04
1.0093E-03 8.0000E-04
2.7644E-03 8.0000E-04
1.7040E-03 8.0000E-04
7.0640E-03 8.0000E-04
1.4837E-03 8.0000E-04
3.9671E-03 8.0000E-04
2.0716E-03 8.0000E-04
3.5242E-03 8.0000E-04
2.4418E-03 8.0000E-04
4.3470E-03 8.0000E-04
1.7908E-03 8.0000E-04
2.9212E-03 8.0000E-04
5.1171E-03 8.0000E-04
6.5297E-04 8.0000E-04
1.4015E-03 8.0000E-04
1.9529E-03 8.0000E-04
3.5822E-03 8.0000E-04
5.9767E-04 8.0000E-04
4.7139E-04 8.0000E-04
1.2167E-03 8.0000E-04
2.6206E-03 8.0000E-04
1.3118E-03 8.0000E-04
7.8660E-04 8.0000E-04
1.0048E-03 8.0000E-04
1.7618E-03 8.0000E-04
1.1749E-03 8.0000E-04
5.3145E-04 8.0000E-04
7.3034E-04 8.0000E-04
1.1565E-03 8.0000E-04
7.7089E-04 8.0000E-04
1.6529E-03 8.0000E-04
1.0461E-03 8.0000E-04
1.3287E-03 8.0000E-04
1.7999E-03 8.0000E-04
8.3259E-04 8.0000E-04
4.5282E-04 8.0000E-04
1.3166E-03 8.0000E-04
2.2818E-03 8.0000E-04
9.1650E-04 8.0000E-04
1.1684E-03 8.0000E-04
1.4444E-03 8.0000E-04
2.8024E-03 8.0000E-04
2.1012E-03 8.0000E-04
6.9828E-04 8.0000E-04
1.3573E-03 8.0000E-04
1.3541E-03 8.0000E-04
2.4268E-03 8.0000E-04
2.2332E-03 8.0000E-04
8.6897E-04 8.0000E-04
1.8851E-03 8.0000E-04
2.0040E-03 8.0000E-04
1.0276E-03 8.0000E-04
1.0518E-03 8.0000E-04
1.4175E-03 8.0000E-04
1.8025E-03 8.0000E-04
2.9280E-03 8.0000E-04
1.1892E-03 8.0000E-04
9.5631E-04 8.0000E-04
1.8729E-03 8.0000E-04
1.9889E-03 8.0000E-04
2.4230E-03 8.0000E-04
7.9833E-04 8.0000E-04
6.7695E-04 8.0000E-04
6.9264E-04 8.0000E-04
2.4165E-03 8.0000E-04
7.5898E-04 8.0000E-04
7.1690E-04 8.0000E-04
1.6425E-03 8.0000E-04
1.6702E-03 8.0000E-04
1.2977E-03 8.0000E-04
1.1802E-03 8.0000E-04
8.9738E-04 8.0000E-04
1.8021E-03 8.0000E-04
1.2543E-03 8.0000E-04
1.2984E-03 8.0000E-04
1.1582E-03 8.0000E-04
2.2053E-03 8.0000E-04
1.4837E-03 8.0000E-04
5.2430E-04 8.0000E-04
5.3749E-04 8.0000E-04
1.0099E-03 8.0000E-04
1.8160E-03 8.0000E-04
1.2222E-03 8.0000E-04
1.2493E-03 8.0000E-04
1.2512E-03 8.0000E-04
1.3961E-03 8.0000E-04
1.1556E-03 8.0000E-04
8.3205E-04 8.0000E-04
1.5930E-03 8.0000E-04
7.5911E-04 8.0000E-04
1.8135E-03 8.0000E-04
1.4716E-03 8.0000E-04
2.3198E-03 8.0000E-04
1.4228E-03 8.0000E-04
1.5419E-03 8.0000E-04
7.0523E-04 8.0000E-04
1.4924E-03 8.0000E-04
1.9133E-03 8.0000E-04
2.4672E-03 8.0000E-04
2.4710E-03 8.0000E-04
2.1549E-03 8.0000E-04
1.1364E-03 8.0000E-04
1.2898E-03 8.0000E-04
1.8380E-03 8.0000E-04
7.9301E-04 8.0000E-04
2.4959E-03 8.0000E-04
1.0034E-03 8.0000E-04
4.0016E-03 8.0000E-04
9.8560E-04 8.0000E-04
6.8735E-04 8.0000E-04
1.3032E-03 8.0000E-04
2.5259E-03 8.0000E-04
8.8024E-04 8.0000E-04
6.9015E-04 8.0000E-04
1.6532E-03 8.0000E-04
2.6994E-03 8.0000E-04
9.4500E-04 8.0000E-04
1.8388E-03 8.0000E-04
9.8166E-04 8.0000E-04
3.9878E-03 8.0000E-04
7.7652E-04 8.0000E-04
9.1593E-04 8.0000E-04
1.4733E-03 8.0000E-04
3.2538E-03 8.0000E-04
5.9490E-04 8.0000E-04
1.4983E-03 8.0000E-04
1.2437E-03 8.0000E-04
2.5853E-03 8.0000E-04
1.3864E-03 8.0000E-04
3.3311E-03 8.0000E-04
8.0970E-04 8.0000E-04
1.6383E-03 8.0000E-04
2.0839E-03 8.0000E-04
2.3977E-03 8.0000E-04
8.0574E-04 8.0000E-04
4.0954E-03 8.0000E-04
1.0688E-03 8.0000E-04
1.4812E-03 8.0000E-04
3.3632E-03 8.0000E-04
1.6522E-03 8.0000E-04
1.4346E-03 8.0000E-04
3.7870E-03 8.0000E-04
4.4537E-04 8.0000E-04
1.3080E-03 8.0000E-04
1.5876E-03 8.0000E-04
5.3415E-03 8.0000E-04
1.5061E-03 8.0000E-04
1.6184E-03 8.0000E-04
1.0101E-03 8.0000E-04
2.5242E-03 8.0000E-04
1.4749E-03 8.0000E-04
1.8869E-03 8.0000E-04
1.5647E-03 8.0000E-04
1.9259E-03 8.0000E-04
1.0149E-03 8.0000E-04
2.1047E-03 8.0000E-04
8.9635E-04 8.0000E-04
1.1172E-03 8.0000E-04
1.0947E-03 8.0000E-04
1.8981E-03 8.0000E-04
1.9739E-03 8.0000E-04
1.0743E-03 8.0000E-04
6.0786E-04 8.0000E-04
9.4433E-04 8.0000E-04
1.3997E-03 8.0000E-04
5.2248E-04 8.0000E-04
1.8789E-03 8.0000E-04
8.5606E-04 8.0000E-04
6.5113E-04 8.0000E-04
1.9171E-03 8.0000E-04
8.5121E-04 8.0000E-04
4.6672E-04 8.0000E-04
1.0697E-03 8.0000E-04
5.2882E-04 8.0000E-04
8.0501E-04 8.0000E-04
1.5539E-03 8.0000E-04
5.1205E-04 8.0000E-04
2.4376E-04 8.0000E-04
1.1362E-03 8.0000E-04
1.5009E-03 8.0000E-04
1.5926E-04 8.0000E-04
4.7741E-04 8.0000E-04
6.4107E-04 8.0000E-04
2.4098E-03 8.0000E-04
9.0871E-04 8.0000E-04
4.5085E-04 8.0000E-04
9.6128E-04 8.0000E-04
2.0164E-03 8.0000E-04
1.0398E-03 8.0000E-04
8.2334E-04 8.0000E-04
1.1839E-03 8.0000E-04
1.6665E-03 8.0000E-04
1.9791E-03 8.0000E-04
8.1654E-04 8.0000E-04
2.8438E-03 8.0000E-04
6.6535E-04 8.0000E-04
1.0389E-03 8.0000E-04
3.4377E-03 8.0000E-04
1.0485E-03 8.0000E-04
1.7250E-03 8.0000E-04
3.7703E-03 8.0000E-04
1.0798E-03 8.0000E-04
3.1685E-03 8.0000E-04
1.0886E-03 8.0000E-04
1.1559E-03 8.0000E-04
2.4229E-03 8.0000E-04
4.6523E-03 8.0000E-04
1.4547E-03 8.0000E-04
1.3877E-03 8.0000E-04
2.0495E-03 8.0000E-04
3.9306E-03 8.0000E-04
1.6043E-03 8.0000E-04
2.7396E-03 8.0000E-04
6.2471E-04 8.0000E-04
1.2326E-03 8.0000E-04
2.4885E-03 8.0000E-04
3.1791E-03 8.0000E-04
3.1450E-03 8.0000E-04
8.0918E-04 8.0000E-04
1.9475E-03 8.0000E-04
4.5958E-04 8.0000E-04
2.4789E-03 8.0000E-04
1.8674E-03 8.0000E-04
1.3346E-03 8.0000E-04
1.8713E-03 8.0000E-04
2.2558E-03 8.0000E-04
7.8384E-04 8.0000E-04
2.5291E-03 8.0000E-04
1.5497E-03 8.0000E-04
1.8528E-03 8.0000E-04
1.9405E-03 8.0000E-04
8.4374E-04 8.0000E-04
2.1556E-03 8.0000E-04
2.1492E-03 8.0000E-04
6.4862E-04 8.0000E-04
2.9630E-03 8.0000E-04
1.3496E-03 8.0000E-04
1.7244E-03 8.0000E-04
3.3079E-03 8.0000E-04
1.3202E-03 8.0000E-04
1.0426E-03 8.0000E-04
4.5152E-03 8.0000E-04
1.4442E-03 8.0000E-04
2.4898E-03 8.0000E-04
8.4427E-04 8.0000E-04
1.9361E-03 8.0000E-04
3.0707E-03 8.0000E-04
6.9374E-03 8.0000E-04
2.1086E-03 8.0000E-04
1.8509E-03 8.0000E-04
1.0073E-03 8.0000E-04
4.8686E-03 8.0000E-04
7.2146E-03 8.0000E-04
1.9811E-03 8.0000E-04
2.7669E-03 8.0000E-04
3.6249E-03 8.0000E-04
7.2146E-03 8.0000E-04
1.2804E-03 8.0000E-04
3.4535E-03 8.0000E-04
3.0837E-03 8.0000E-04
1.8088E-03 8.0000E-04
3.3127E-03 8.0000E-04
1.2597E-03 8.0000E-04
1.0802E-03 8.0000E-04
1.3685E-03 8.0000E-04
1.4520E-03 8.0000E-04
1.9175E-03 8.0000E-04
1.4921E-03 8.0000E-04
1.8064E-03 8.0000E-04
1.0281E-03 8.0000E-04
9.3978E-04 8.0000E-04
1.5976E-03 8.0000E-04
1.2837E-03 8.0000E-04
7.9008E-04 8.0000E-04
1.3938E-03 8.0000E-04
1.4527E-03 8.0000E-04
7.6725E-04 8.0000E-04
1.9935E-03 8.0000E-04
7.4103E-04 8.0000E-04
3.8316E-04 8.0000E-04
1.3640E-03 8.0000E-04
1.6076E-03 8.0000E-04
9.3375E-04 8.0000E-04
1.9086E-03 8.0000E-04
8.9651E-04 8.0000E-04
6.3056E-04 8.0000E-04
1.9027E-03 8.0000E-04
1.8107E-03 8.0000E-04
3.3080E-04 8.0000E-04
9.2970E-04 8.0000E-04
1.1544E-03 8.0000E-04
2.8115E-03 8.0000E-04
1.7295E-03 8.0000E-04
5.6482E-04 8.0000E-04
2.1923E-03 8.0000E-04
1.6398E-03 8.0000E-04
1.7810E-03 8.0000E-04
4.1925E-03 8.0000E-04
1.6351E-03 8.0000E-04
1.3344E-03 8.0000E-04
4.4342E-03 8.0000E-04
2.1124E-03 8.0000E-04
2.5914E-04 8.0000E-04
3.6092E-03 8.0000E-04
1.1091E-03 8.0000E-04
4.0486E-03 8.0000E-04
4.8047E-03 8.0000E-04
1.1134E-03 8.0000E-04
7.4092E-04 8.0000E-04
2.9092E-03 8.0000E-04
1.3767E-03 8.0000E-04
1.1030E-03 8.0000E-04
2.7992E-03 8.0000E-04
1.3592E-03 8.0000E-04
2.7064E-03 8.0000E-04
1.9960E-03 8.0000E-04
6.9232E-04 8.0000E-04
4.7054E-04 8.0000E-04
2.1008E-03 8.0000E-04
1.5061E-03 8.0000E-04
1.7396E-03 8.0000E-04
1.3484E-03 8.0000E-04
2.1834E-03 8.0000E-04
1.1091E-03 8.0000E-04
1.7701E-03 8.0000E-04
1.3083E-03 8.0000E-04
1.1564E-03 8.0000E-04
1.5286E-03 8.0000E-04
2.1986E-03 8.0000E-04
7.5099E-04 8.0000E-04
1.7675E-03 8.0000E-04
1.3304E-03 8.0000E-04
1.4187E-03 8.0000E-04
1.0740E-03 8.0000E-04
2.3612E-03 8.0000E-04
1.2710E-03 8.0000E-04
2.7698E-03 8.0000E-04
9.0005E-04 8.0000E-04
8.9087E-04 8.0000E-04
1.7344E-03 8.0000E-04
3.0307E-03 8.0000E-04
3.6752E-04 8.0000E-04
9.5708E-04 8.0000E-04
1.5807E-03 8.0000E-04
2.9025E-03 8.0000E-04
4.1663E-03 8.0000E-04
1.0183E-03 8.0000E-04
3.7110E-03 8.0000E-04
1.1530E-03 8.0000E-04
1.0008E-03 8.0000E-04
3.3348E-03 8.0000E-04
5.0962E-03 8.0000E-04
5.1752E-04 8.0000E-04
1.0766E-03 8.0000E-04
1.5171E-03 8.0000E-04
4.3492E-03 8.0000E-04
1.2186E-03 8.0000E-04
1.9834E-03 8.0000E-04
1.4706E-03 8.0000E-04
6.5766E-03 8.0000E-04
1.7925E-03 8.0000E-04
2.3141E-03 8.0000E-04
1.9581E-03 8.0000E-04
3.9229E-03 8.0000E-04
4.3118E-03 8.0000E-04
7.9913E-04 8.0000E-04
1.3940E-03 8.0000E-04
1.3358E-03 8.0000E-04
4.9799E-03 8.0000E-04
9.1208E-04 8.0000E-04
1.0205E-03 8.0000E-04
1.0605E-03 8.0000E-04
4.6735E-03 8.0000E-04
1.3123E-03 8.0000E-04
1.9461E-03 8.0000E-04
1.4825E-03 8.0000E-04
3.0055E-03 8.0000E-04
3.2046E-03 8.0000E-04
1.5589E-03 8.0000E-04
8.7313E-04 8.0000E-04
1.6338E-03 8.0000E-04
2.4969E-03 8.0000E-04
2.4743E-03 8.0000E-04
1.7568E-03 8.0000E-04
2.8488E-03 8.0000E-04
2.4136E-03 8.0000E-04
1.9473E-03 8.0000E-04
2.3902E-03 8.0000E-04
3.5560E-03 8.0000E-04
2.4796E-03 8.0000E-04
4.8870E-03 8.0000E-04
1.2428E-03 8.0000E-04
2.6979E-03 8.0000E-04
1.8672E-03 8.0000E-04
5.3431E-03 8.0000E-04
1.8409E-03 8.0000E-04
7.2705E-04 8.0000E-04
2.9543E-03 8.0000E-04
2.0589E-03 8.0000E-04
7.4527E-04 8.0000E-04
1.4937E-03 8.0000E-04
1.0516E-03 8.0000E-04
5.7607E-03 8.0000E-04
3.9077E-03 8.0000E-04
2.4133E-03 8.0000E-04
6.1878E-04 8.0000E-04
1.2413E-03 8.0000E-04
1.5971E-03 8.0000E-04
1.7263E-03 8.0000E-04
1.4103E-03 8.0000E-04
1.1375E-03 8.0000E-04
1.3289E-03 8.0000E-04
1.3222E-03 8.0000E-04
8.3429E-04 8.0000E-04
1.2961E-03 8.0000E-04
9.7208E-04 8.0000E-04
1.3321E-03 8.0000E-04
1.5289E-03 8.0000E-04
8.2368E-04 8.0000E-04
8.5124E-04 8.0000E-04
1.1706E-03 8.0000E-04
1.9434E-03 8.0000E-04
1.0947E-03 8.0000E-04
1.0378E-03 8.0000E-04
1.4403E-03 8.0000E-04
1.9359E-03 8.0000E-04
9.5756E-04 8.0000E-04
1.2499E-03 8.0000E-04
1.3743E-03 8.0000E-04
1.4214E-03 8.0000E-04
2.9249E-03 8.0000E-04
1.8185E-03 8.0000E-04
1.1369E-03 8.0000E-04
8.2106E-04 8.0000E-04
2.5996E-03 8.0000E-04
1.8919E-03 8.0000E-04
4.4148E-04 8.0000E-04
1.1743E-03 8.0000E-04
9.4454E-04 8.0000E-04
2.5580E-03 8.0000E-04
2.9448E-03 8.0000E-04
7.3770E-04 8.0000E-04
4.7345E-04 8.0000E-04
5.9725E-04 8.0000E-04
2.5099E-03 8.0000E-04
9.1958E-04 8.0000E-04
7.0067E-04 8.0000E-04
1.7540E-03 8.0000E-04
1.6013E-03 8.0000E-04
1.3689E-03 8.0000E-04
5.3191E-04 8.0000E-04
5.6616E-04 8.0000E-04
1.3003E-03 8.0000E-04
1.3509E-03 8.0000E-04
1.3519E-03 8.0000E-04
1.5324E-03 8.0000E-04
1.8862E-03 8.0000E-04
1.0008E-03 8.0000E-04
1.6312E-03 8.0000E-04
9.0077E-04 8.0000E-04
3.9480E-04 8.0000E-04
1.7117E-03 8.0000E-04
1.7462E-03 8.0000E-04
1.4112E-03 8.0000E-04
3.4318E-03 8.0000E-04
1.4982E-03 8.0000E-04
2.9558E-04 8.0000E-04
8.7829E-04 8.0000E-04
2.5139E-03 8.0000E-04
8.4373E-04 8.0000E-04
2.3195E-03 8.0000E-04
3.9555E-03 8.0000E-04
3.0161E-03 8.0000E-04
1.5777E-03 8.0000E-04
4.5104E-03 8.0000E-04
1.5617E-03 8.0000E-04
1.2480E-03 8.0000E-04
1.3287E-03 8.0000E-04
3.4388E-03 8.0000E-04
9.7136E-04 8.0000E-04
3.8790E-03 8.0000E-04
3.7954E-03 8.0000E-04
1.2844E-03 8.0000E-04
6.4605E-03 8.0000E-04
2.4464E-03 8.0000E-04
1.5432E-03 8.0000E-04
1.8378E-03 8.0000E-04
2.8971E-03 8.0000E-04
1.5051E-03 8.0000E-04
4.6282E-03 8.0000E-04
1.1629E-03 8.0000E-04
1.8338E-03 8.0000E-04
1.2263E-03 8.0000E-04
3.7108E-03 8.0000E-04
2.3663E-03 8.0000E-04
9.9006E-04 8.0000E-04
1.9204E-03 8.0000E-04
2.4187E-03 8.0000E-04
2.2138E-03 8.0000E-04
2.7544E-03 8.0000E-04
2.5020E-03 8.0000E-04
3.8089E-03 8.0000E-04
6.8705E-04 8.0000E-04
2.0944E-03 8.0000E-04
2.1951E-03 8.0000E-04
3.7279E-03 8.0000E-04
1.8542E-03 8.0000E-04
2.7259E-03 8.0000E-04
3.9845E-03 8.0000E-04
9.5629E-04 8.0000E-04
4.6805E-03 8.0000E-04
1.2545E-03 8.0000E-04
2.2442E-03 8.0000E-04
4.5972E-03 8.0000E-04
9.9275E-04 8.0000E-04
4.4286E-03 8.0000E-04
3.8197E-03 8.0000E-04
8.2088E-04 8.0000E-04
5.5362E-03 8.0000E-04
1.5603E-03 8.0000E-04
3.8999E-03 8.0000E-04
4.8315E-03 8.0000E-04
1.6776E-03 8.0000E-04
1.9822E-03 8.0000E-04
2.5648E-03 8.0000E-04
5.9536E-03 8.0000E-04
2.4269E-03 8.0000E-04
8.3487E-04 8.0000E-04
1.6597E-03 8.0000E-04
3.3350E-03 8.0000E-04
1.3994E-03 8.0000E-04
1.0558E-03 8.0000E-04
1.2762E-03 8.0000E-04
2.1367E-03 8.0000E-04
8.0855E-04 8.0000E-04
1.2507E-03 8.0000E-04
1.7991E-03 8.0000E-04
2.5719E-03 8.0000E-04
8.0466E-04 8.0000E-04
6.6779E-04 8.0000E-04
7.6499E-04 8.0000E-04
2.3165E-03 8.0000E-04
4.0182E-04 8.0000E-04
5.0473E-04 8.0000E-04
1.3144E-03 8.0000E-04
2.0123E-03 8.0000E-04
8.9619E-04 8.0000E-04
7.4911E-04 8.0000E-04
7.9800E-04 8.0000E-04
1.6265E-03 8.0000E-04
6.2960E-04 8.0000E-04
7.4624E-04 8.0000E-04
9.1122E-04 8.0000E-04
1.2577E-03 8.0000E-04
1.5844E-03 8.0000E-04
8.6935E-04 8.0000E-04
3.6214E-04 8.0000E-04
7.2109E-04 8.0000E-04
7.3184E-04 8.0000E-04
1.0615E-03 8.0000E-04
1.1032E-03 8.0000E-04
1.0263E-03 8.0000E-04
5.0042E-04 8.0000E-04
6.1026E-04 8.0000E-04
6.2280E-04 8.0000E-04
4.7632E-04 8.0000E-04
7.8701E-04 8.0000E-04
1.1487E-03 8.0000E-04
3.8427E-04 8.0000E-04
5.9879E-04 8.0000E-04
5.3752E-04 8.0000E-04
1.3353E-03 8.0000E-04
4.1169E-04 8.0000E-04
2.9452E-04 8.0000E-04
5.1832E-04 8.0000E-04
1.1229E-03 8.0000E-04
3.5940E-04 8.0000E-04
4.2952E-04 8.0000E-04
5.6445E-04 8.0000E-04
9.2175E-04 8.0000E-04
9.7730E-04 8.0000E-04
5.4090E-04 8.0000E-04
4.0134E-04 8.0000E-04
5.7110E-04 8.0000E-04
1.1518E-03 8.0000E-04
1.9487E-04 8.0000E-04
2.1075E-04 8.0000E-04
4.4010E-04 8.0000E-04
8.0609E-04 8.0000E-04
9.5470E-04 8.0000E-04
5.9891E-04 8.0000E-04
4.2469E-04 8.0000E-04
4.9797E-04 8.0000E-04
9.0918E-04 8.0000E-04
8.2591E-04 8.0000E-04
2.4682E-04 8.0000E-04
5.8802E-04 8.0000E-04
6.4733E-04 8.0000E-04
3.0309E-04 8.0000E-04
8.6442E-04 8.0000E-04
4.0887E-04 8.0000E-04
1.2501E-03 8.0000E-04
7.8761E-04 8.0000E-04
1.2351E-04 8.0000E-04
1.4318E-04 8.0000E-04
3.7365E-04 8.0000E-04
8.7201E-04 8.0000E-04
9.2018E-04 8.0000E-04
6.8392E-04 8.0000E-04
2.6096E-04 8.0000E-04
4.4646E-04 8.0000E-04
6.7797E-04 8.0000E-04
6.4637E-04 8.0000E-04
1.7902E-04 8.0000E-04
3.4065E-04 8.0000E-04
6.2293E-04 8.0000E-04
6.2747E-04 8.0000E-04
4.8557E-04 8.0000E-04
5.3392E-04 8.0000E-04
6.3992E-04 8.0000E-04
1.9450E-04 8.0000E-04
3.1437E-04 8.0000E-04
3.3505E-04 8.0000E-04
1.0028E-03 8.0000E-04
3.7872E-04 8.0000E-04
1.4423E-04 8.0000E-04
3.3347E-04 8.0000E-04
5.9890E-04 8.0000E-04
2.4645E-04 8.0000E-04
3.9216E-04 8.0000E-04
3.3476E-04 8.0000E-04
8.6949E-04 8.0000E-04
5.0423E-04 8.0000E-04
7.0425E-05 8.0000E-04
2.3330E-04 8.0000E-04
4.2943E-04 8.0000E-04
2.4440E-04 8.0000E-04
6.2432E-04 8.0000E-04
3.0868E-04 8.0000E-04
9.9437E-04 8.0000E-04
1.1686E-04 8.0000E-04
8.0654E-05 8.0000E-04
2.5057E-04 8.0000E-04
7.1401E-04 8.0000E-04
1.4682E-04 8.0000E-04
2.6388E-04 8.0000E-04
4.3302E-04 8.0000E-04
4.7073E-04 8.0000E-04
5.4631E-04 8.0000E-04
4.5093E-04 8.0000E-04
1.9360E-04 8.0000E-04
3.4340E-04 8.0000E-04
3.3193E-04 8.0000E-04
1.9553E-04 8.0000E-04
5.9982E-04 8.0000E-04
3.7779E-04 8.0000E-04
5.8993E-04 8.0000E-04
6.0764E-04 8.0000E-04
2.4848E-04 8.0000E-04
1.0801E-04 8.0000E-04
3.2971E-04 8.0000E-04
4.4955E-04 8.0000E-04
2.5950E-04 8.0000E-04
5.2412E-04 8.0000E-04
3.1748E-04 8.0000E-04
2.9955E-04 8.0000E-04
3.8880E-04 8.0000E-04
1.7499E-04 8.0000E-04
1.4625E-04 8.0000E-04
4.9398E-04 8.0000E-04
3.9273E-04 8.0000E-04
1.0753E-04 8.0000E-04
3.2870E-04 8.0000E-04
2.6055E-04 8.0000E-04
4.4814E-04 8.0000E-04
5.4718E-04 8.0000E-04
1.5063E-04 8.0000E-04
1.1078E-04 8.0000E-04
2.5154E-04 8.0000E-04
5.3951E-04 8.0000E-04
2.3185E-04 8.0000E-04
1.7777E-04 8.0000E-04
2.5288E-04 8.0000E-04
3.9129E-04 8.0000E-04
7.4443E-04 8.0000E-04
5.7090E-05 8.0000E-04
4.5683E-05 8.0000E-04
1.8013E-04 8.0000E-04
5.1767E-04 8.0000E-04
1.8355E-04 8.0000E-04
1.7742E-04 8.0000E-04
2.7146E-04 8.0000E-04
3.2962E-04 8.0000E-04
6.5965E-04 8.0000E-04
1.3943E-04 8.0000E-04
6.7029E-05 8.0000E-04
9.0507E-05 8.0000E-04
2.8576E-04 8.0000E-04
3.5774E-04 8.0000E-04
2.6086E-04 8.0000E-04
3.6929E-04 8.0000E-04
2.6657E-04 8.0000E-04
5.5470E-05 8.0000E-04
1.4212E-04 8.0000E-04
1.2247E-04 8.0000E-04
2.2362E-04 8.0000E-04
4.9754E-04 8.0000E-04
2.6216E-04 8.0000E-04
2.8557E-05 8.0000E-04
2.8858E-04 8.0000E-04
1.8985E-03 8.0000E-04
1.0517E-03 8.0000E-04
2.6988E-03 8.0000E-04
1.5654E-03 8.0000E-04
4.1758E-04 8.0000E-04
6.8782E-04 8.0000E-04
9.3861E-04 8.0000E-04
7.2824E-04 8.0000E-04
6.6698E-04 8.0000E-04
5.8145E-04 8.0000E-04
9.8592E-04 8.0000E-04
9.9760E-04 8.0000E-04
2.9983E-04 8.0000E-04
5.7754E-04 8.0000E-04
5.5128E-04 8.0000E-04
1.3908E-03 8.0000E-04
5.4020E-04 8.0000E-04
2.4033E-04 8.0000E-04
6.3513E-04 8.0000E-04
1.0350E-03 8.0000E-04
5.6618E-04 8.0000E-04
7.6551E-04 8.0000E-04
4.4716E-04 8.0000E-04
1.0345E-03 8.0000E-04
5.0583E-04 8.0000E-04
1.9041E-04 8.0000E-04
5.6829E-04 8.0000E-04
9.8970E-04 8.0000E-04
1.9118E-04 8.0000E-04
3.6183E-04 8.0000E-04
5.8593E-04 8.0000E-04
8.2310E-04 8.0000E-04
1.0309E-03 8.0000E-04
2.5543E-04 8.0000E-04
1.0496E-04 8.0000E-04
2.6266E-04 8.0000E-04
7.1880E-04 8.0000E-04
8.8105E-04 8.0000E-04
1.1903E-04 8.0000E-04
2.0428E-04 8.0000E-04
2.4453E-04 8.0000E-04
7.3971E-04 8.0000E-04
3.2333E-04 8.0000E-04
2.0863E-04 8.0000E-04
3.6398E-04 8.0000E-04
5.8047E-04 8.0000E-04
5.8404E-04 8.0000E-04
2.7620E-04 8.0000E-04
3.5501E-04 8.0000E-04
2.9493E-04 8.0000E-04
2.9695E-04 8.0000E-04
5.2075E-04 8.0000E-04
1.7390E-04 8.0000E-04
1.2267E-04 8.0000E-04
4.4579E-04 8.0000E-04
3.8167E-04 8.0000E-04
1.0592E-04 8.0000E-04
2.9933E-04 8.0000E-04
2.8657E-04 8.0000E-04
7.1292E-04 8.0000E-04
4.7760E-04 8.0000E-04
1.1352E-04 8.0000E-04
1.2589E-04 8.0000E-04
1.5784E-04 8.0000E-04
4.4707E-04 8.0000E-04
5.4136E-04 8.0000E-04
2.2873E-04 8.0000E-04
4.3108E-04 8.0000E-04
3.3684E-04 8.0000E-04
1.3991E-04 8.0000E-04
4.3416E-04 8.0000E-04
2.2865E-04 8.0000E-04
1.8610E-04 8.0000E-04
5.2742E-04 8.0000E-04
4.5071E-04 8.0000E-04
9.4570E-05 8.0000E-04
1.7211E-04 8.0000E-04
1.9179E-04 8.0000E-04
5.5159E-04 8.0000E-04
2.8261E-04 8.0000E-04
6.6336E-05 8.0000E-04
1.5085E-04 8.0000E-04
1.3841E-04 8.0000E-04
4.5537E-04 8.0000E-04
3.3984E-04 8.0000E-04
1.5900E-04 8.0000E-04
1.8005E-04 8.0000E-04
1.2483E-04 8.0000E-04
1.2440E-04 8.0000E-04
3.3887E-04 8.0000E-04
4.0404E-04 8.0000E-04
1.8579E-04 8.0000E-04
2.2202E-04 8.0000E-04
1.7419E-04 8.0000E-04
2.4807E-04 8.0000E-04
3.5705E-04 8.0000E-04
1.7515E-04 8.0000E-04
1.4109E-04 8.0000E-04
2.3152E-04 8.0000E-04
2.6164E-04 8.0000E-04
1.5431E-04 8.0000E-04
3.1834E-04 8.0000E-04
2.5293E-04 8.0000E-04
4.0751E-05 8.0000E-04
1.5587E-04 8.0000E-04
7.7677E-05 8.0000E-04
