Max Step   Target
1.0518E-02 1.8000E-03
4.7521E-02 1.8000E-03
7.9746E-02 1.8000E-03
4.3169E-02 1.8000E-03
1.3278E-02 1.8000E-03
6.9580E-03 1.8000E-03
2.2410E-02 1.8000E-03
2.5199E-02 1.8000E-03
5.5534E-02 1.8000E-03
1.1417E-02 1.8000E-03
4.9662E-03 1.8000E-03
1.5029E-02 1.8000E-03
1.7693E-02 1.8000E-03
4.1595E-03 1.8000E-03
4.7407E-03 1.8000E-03
9.7144E-03 1.8000E-03
1.0632E-02 1.8000E-03
1.8857E-02 1.8000E-03
6.1374E-03 1.8000E-03
1.9975E-03 1.8000E-03
4.7780E-03 1.8000E-03
6.3719E-03 1.8000E-03
2.2567E-03 1.8000E-03
2.2348E-03 1.8000E-03
1.9585E-03 1.8000E-03
3.9365E-03 1.8000E-03
6.7083E-03 1.8000E-03
2.7101E-03 1.8000E-03
9.4673E-04 1.8000E-03
2.1909E-03 1.8000E-03
2.2768E-03 1.8000E-03
2.7878E-03 1.8000E-03
4.6907E-04 1.8000E-03
4.6907E-04 1.8000E-03
