RMS Step   Target
2.2222E-03 1.2000E-03
9.6050E-03 1.2000E-03
1.5532E-02 1.2000E-03
8.6118E-03 1.2000E-03
2.9824E-03 1.2000E-03
2.1648E-03 1.2000E-03
5.6213E-03 1.2000E-03
7.1421E-03 1.2000E-03
1.5931E-02 1.2000E-03
2.9573E-03 1.2000E-03
1.3932E-03 1.2000E-03
4.0744E-03 1.2000E-03
6.5423E-03 1.2000E-03
1.5456E-03 1.2000E-03
1.6921E-03 1.2000E-03
3.4088E-03 1.2000E-03
3.7977E-03 1.2000E-03
6.7321E-03 1.2000E-03
2.1578E-03 1.2000E-03
5.6127E-04 1.2000E-03
1.2177E-03 1.2000E-03
2.0094E-03 1.2000E-03
9.1872E-04 1.2000E-03
1.0582E-03 1.2000E-03
8.2757E-04 1.2000E-03
1.6686E-03 1.2000E-03
2.9232E-03 1.2000E-03
9.5828E-04 1.2000E-03
2.8741E-04 1.2000E-03
7.7432E-04 1.2000E-03
8.5548E-04 1.2000E-03
1.0834E-03 1.2000E-03
1.8429E-04 1.2000E-03
1.8429E-04 1.2000E-03
