RMS Grad   Target
1.0690E-03 3.0000E-04
1.0509E-03 3.0000E-04
1.4745E-03 3.0000E-04
2.1400E-03 3.0000E-04
1.7938E-03 3.0000E-04
7.8973E-04 3.0000E-04
6.5012E-04 3.0000E-04
8.0286E-04 3.0000E-04
9.4890E-04 3.0000E-04
2.0958E-03 3.0000E-04
5.5224E-04 3.0000E-04
4.7704E-04 3.0000E-04
5.2079E-04 3.0000E-04
1.4141E-03 3.0000E-04
4.1416E-04 3.0000E-04
2.8993E-04 3.0000E-04
3.6415E-04 3.0000E-04
4.1979E-04 3.0000E-04
8.4959E-04 3.0000E-04
1.9458E-04 3.0000E-04
1.6544E-04 3.0000E-04
2.2017E-04 3.0000E-04
3.8823E-04 3.0000E-04
1.6815E-04 3.0000E-04
1.2059E-04 3.0000E-04
1.4144E-04 3.0000E-04
1.7139E-04 3.0000E-04
5.4516E-04 3.0000E-04
1.1164E-04 3.0000E-04
8.1558E-05 3.0000E-04
9.2606E-05 3.0000E-04
1.1022E-04 3.0000E-04
8.4529E-05 3.0000E-04
4.4827E-05 3.0000E-04
4.4827E-05 3.0000E-04
