RMS Grad   Target
3.4736E-03 2.0000E-04
3.1321E-03 2.0000E-04
8.3311E-04 2.0000E-04
5.8146E-04 2.0000E-04
5.7695E-04 2.0000E-04
6.6396E-04 2.0000E-04
3.7435E-04 2.0000E-04
2.8867E-04 2.0000E-04
3.0089E-04 2.0000E-04
4.7773E-04 2.0000E-04
2.2729E-04 2.0000E-04
1.8497E-04 2.0000E-04
2.0656E-04 2.0000E-04
3.9391E-04 2.0000E-04
1.9035E-04 2.0000E-04
1.4046E-04 2.0000E-04
1.6843E-04 2.0000E-04
2.2137E-04 2.0000E-04
3.8766E-04 2.0000E-04
1.2736E-04 2.0000E-04
1.1914E-04 2.0000E-04
1.6166E-04 2.0000E-04
2.1124E-04 2.0000E-04
3.8840E-04 2.0000E-04
1.2094E-04 2.0000E-04
1.0489E-04 2.0000E-04
1.2427E-04 2.0000E-04
2.5619E-04 2.0000E-04
1.0341E-04 2.0000E-04
7.6975E-05 2.0000E-04
9.6679E-05 2.0000E-04
1.7976E-04 2.0000E-04
1.0251E-04 2.0000E-04
7.9783E-05 2.0000E-04
9.9439E-05 2.0000E-04
1.6731E-04 2.0000E-04
7.0224E-05 2.0000E-04
5.9948E-05 2.0000E-04
7.1566E-05 2.0000E-04
1.0627E-04 2.0000E-04
9.4155E-05 2.0000E-04
5.6854E-05 2.0000E-04
5.9790E-05 2.0000E-04
8.3921E-05 2.0000E-04
6.2307E-05 2.0000E-04
8.0890E-05 2.0000E-04
1.0908E-04 2.0000E-04
5.1784E-05 2.0000E-04
4.3796E-05 2.0000E-04
5.7246E-05 2.0000E-04
6.8173E-05 2.0000E-04
1.5803E-04 2.0000E-04
6.9734E-05 2.0000E-04
1.4326E-04 2.0000E-04
3.8645E-04 2.0000E-04
4.0951E-04 2.0000E-04
6.4245E-04 2.0000E-04
7.5618E-04 2.0000E-04
9.8538E-04 2.0000E-04
5.6081E-04 2.0000E-04
5.8306E-04 2.0000E-04
3.6838E-04 2.0000E-04
2.4707E-04 2.0000E-04
2.1252E-04 2.0000E-04
5.8774E-04 2.0000E-04
1.6851E-04 2.0000E-04
1.3303E-04 2.0000E-04
1.5034E-04 2.0000E-04
2.0550E-04 2.0000E-04
1.4067E-04 2.0000E-04
8.6133E-05 2.0000E-04
8.8565E-05 2.0000E-04
1.1198E-04 2.0000E-04
8.9438E-05 2.0000E-04
8.2586E-05 2.0000E-04
7.9914E-05 2.0000E-04
9.3843E-05 2.0000E-04
6.8943E-05 2.0000E-04
6.4358E-05 2.0000E-04
7.0323E-05 2.0000E-04
1.0131E-04 2.0000E-04
4.8241E-05 2.0000E-04
4.4319E-05 2.0000E-04
5.1883E-05 2.0000E-04
1.1164E-04 2.0000E-04
5.4423E-05 2.0000E-04
3.7198E-05 2.0000E-04
4.3859E-05 2.0000E-04
6.8205E-05 2.0000E-04
4.8867E-05 2.0000E-04
4.6938E-05 2.0000E-04
4.2040E-05 2.0000E-04
3.7385E-05 2.0000E-04
5.2910E-05 2.0000E-04
7.9056E-05 2.0000E-04
4.1571E-05 2.0000E-04
3.0066E-05 2.0000E-04
3.4450E-05 2.0000E-04
7.4569E-05 2.0000E-04
3.2956E-05 2.0000E-04
2.6432E-05 2.0000E-04
3.3665E-05 2.0000E-04
7.5410E-05 2.0000E-04
3.1991E-05 2.0000E-04
2.4028E-05 2.0000E-04
2.9634E-05 2.0000E-04
3.8668E-05 2.0000E-04
6.9396E-05 2.0000E-04
2.4560E-05 2.0000E-04
2.2115E-05 2.0000E-04
3.0535E-05 2.0000E-04
5.3635E-05 2.0000E-04
3.1390E-05 2.0000E-04
2.4306E-05 2.0000E-04
2.9689E-05 2.0000E-04
4.0320E-05 2.0000E-04
2.5976E-05 2.0000E-04
2.3289E-05 2.0000E-04
3.1286E-05 2.0000E-04
2.4679E-05 2.0000E-04
3.2617E-05 2.0000E-04
2.2564E-05 2.0000E-04
2.2047E-05 2.0000E-04
3.4112E-05 2.0000E-04
3.0192E-05 2.0000E-04
2.3513E-05 2.0000E-04
2.7940E-05 2.0000E-04
3.3905E-05 2.0000E-04
2.1699E-05 2.0000E-04
2.1284E-05 2.0000E-04
2.7314E-05 2.0000E-04
3.1592E-05 2.0000E-04
2.6827E-05 2.0000E-04
2.0004E-05 2.0000E-04
2.2149E-05 2.0000E-04
2.7015E-05 2.0000E-04
3.0630E-05 2.0000E-04
2.2494E-05 2.0000E-04
2.3944E-05 2.0000E-04
2.1883E-05 2.0000E-04
2.2061E-05 2.0000E-04
2.5627E-05 2.0000E-04
2.0893E-05 2.0000E-04
1.9496E-05 2.0000E-04
2.8972E-05 2.0000E-04
1.9687E-05 2.0000E-04
1.7478E-05 2.0000E-04
2.5270E-05 2.0000E-04
2.2013E-05 2.0000E-04
1.9550E-05 2.0000E-04
2.8505E-05 2.0000E-04
2.1162E-05 2.0000E-04
1.9166E-05 2.0000E-04
2.3416E-05 2.0000E-04
2.5183E-05 2.0000E-04
1.9303E-05 2.0000E-04
2.1793E-05 2.0000E-04
3.0501E-05 2.0000E-04
2.2372E-05 2.0000E-04
2.0021E-05 2.0000E-04
2.1314E-05 2.0000E-04
2.0646E-05 2.0000E-04
4.0223E-05 2.0000E-04
1.8275E-05 2.0000E-04
1.6447E-05 2.0000E-04
1.9208E-05 2.0000E-04
3.3413E-05 2.0000E-04
2.2541E-05 2.0000E-04
1.7430E-05 2.0000E-04
2.1698E-05 2.0000E-04
3.4330E-05 2.0000E-04
2.1800E-05 2.0000E-04
1.8088E-05 2.0000E-04
2.1858E-05 2.0000E-04
2.3949E-05 2.0000E-04
3.6383E-05 2.0000E-04
2.1661E-05 2.0000E-04
2.0117E-05 2.0000E-04
2.3848E-05 2.0000E-04
3.4430E-05 2.0000E-04
2.4786E-05 2.0000E-04
1.9493E-05 2.0000E-04
2.2585E-05 2.0000E-04
3.1664E-05 2.0000E-04
2.3598E-05 2.0000E-04
2.2171E-05 2.0000E-04
2.6026E-05 2.0000E-04
2.1866E-05 2.0000E-04
2.1550E-05 2.0000E-04
3.8124E-05 2.0000E-04
2.3914E-05 2.0000E-04
2.2347E-05 2.0000E-04
2.6448E-05 2.0000E-04
4.2073E-05 2.0000E-04
2.4751E-05 2.0000E-04
2.5250E-05 2.0000E-04
2.9680E-05 2.0000E-04
3.1162E-05 2.0000E-04
2.5864E-05 2.0000E-04
2.6780E-05 2.0000E-04
3.0328E-05 2.0000E-04
2.6458E-05 2.0000E-04
3.0711E-05 2.0000E-04
3.4584E-05 2.0000E-04
3.1334E-05 2.0000E-04
3.7060E-05 2.0000E-04
4.7792E-05 2.0000E-04
3.1507E-05 2.0000E-04
5.5445E-05 2.0000E-04
3.9806E-05 2.0000E-04
3.3551E-05 2.0000E-04
3.9921E-05 2.0000E-04
5.4333E-05 2.0000E-04
3.9764E-05 2.0000E-04
3.9782E-05 2.0000E-04
4.5716E-05 2.0000E-04
4.1252E-05 2.0000E-04
6.3993E-05 2.0000E-04
4.0437E-05 2.0000E-04
3.8797E-05 2.0000E-04
4.8218E-05 2.0000E-04
1.0954E-04 2.0000E-04
4.0183E-05 2.0000E-04
4.3321E-05 2.0000E-04
5.3174E-05 2.0000E-04
3.9722E-05 2.0000E-04
5.7188E-05 2.0000E-04
5.4301E-05 2.0000E-04
4.3111E-05 2.0000E-04
5.0527E-05 2.0000E-04
7.2760E-05 2.0000E-04
4.4344E-05 2.0000E-04
3.9465E-05 2.0000E-04
4.5847E-05 2.0000E-04
8.5316E-05 2.0000E-04
4.1298E-05 2.0000E-04
3.3473E-05 2.0000E-04
4.3006E-05 2.0000E-04
5.6015E-05 2.0000E-04
4.2072E-05 2.0000E-04
3.9298E-05 2.0000E-04
4.6826E-05 2.0000E-04
4.0650E-05 2.0000E-04
4.3558E-05 2.0000E-04
3.4330E-05 2.0000E-04
3.6019E-05 2.0000E-04
5.4663E-05 2.0000E-04
4.1410E-05 2.0000E-04
3.0672E-05 2.0000E-04
3.4238E-05 2.0000E-04
4.7293E-05 2.0000E-04
3.1784E-05 2.0000E-04
3.2797E-05 2.0000E-04
3.6625E-05 2.0000E-04
3.3673E-05 2.0000E-04
6.1237E-05 2.0000E-04
3.0440E-05 2.0000E-04
2.8964E-05 2.0000E-04
2.9672E-05 2.0000E-04
4.5228E-05 2.0000E-04
2.5713E-05 2.0000E-04
2.4632E-05 2.0000E-04
3.1105E-05 2.0000E-04
2.8974E-05 2.0000E-04
2.7367E-05 2.0000E-04
2.5863E-05 2.0000E-04
2.4105E-05 2.0000E-04
2.6295E-05 2.0000E-04
3.0592E-05 2.0000E-04
2.3348E-05 2.0000E-04
2.5802E-05 2.0000E-04
2.8013E-05 2.0000E-04
2.2633E-05 2.0000E-04
2.6141E-05 2.0000E-04
3.8904E-05 2.0000E-04
2.3080E-05 2.0000E-04
1.9294E-05 2.0000E-04
2.2638E-05 2.0000E-04
3.4369E-05 2.0000E-04
2.8132E-05 2.0000E-04
2.0683E-05 2.0000E-04
1.9556E-05 2.0000E-04
2.7477E-05 2.0000E-04
2.2671E-05 2.0000E-04
2.8454E-05 2.0000E-04
2.7395E-05 2.0000E-04
1.9123E-05 2.0000E-04
1.7481E-05 2.0000E-04
2.5210E-05 2.0000E-04
2.2159E-05 2.0000E-04
3.3131E-05 2.0000E-04
2.0262E-05 2.0000E-04
1.9687E-05 2.0000E-04
2.3932E-05 2.0000E-04
3.1764E-05 2.0000E-04
2.2223E-05 2.0000E-04
2.3062E-05 2.0000E-04
2.7271E-05 2.0000E-04
2.4724E-05 2.0000E-04
4.7846E-05 2.0000E-04
2.4326E-05 2.0000E-04
2.3533E-05 2.0000E-04
3.0012E-05 2.0000E-04
6.7231E-05 2.0000E-04
3.5071E-05 2.0000E-04
3.0166E-05 2.0000E-04
4.4343E-05 2.0000E-04
4.9913E-05 2.0000E-04
4.9076E-05 2.0000E-04
6.3549E-05 2.0000E-04
8.2738E-05 2.0000E-04
8.2738E-05 2.0000E-04
8.2761E-05 2.0000E-04
1.1026E-04 2.0000E-04
4.9447E-05 2.0000E-04
3.4452E-05 2.0000E-04
4.7324E-05 2.0000E-04
5.5134E-05 2.0000E-04
1.0829E-04 2.0000E-04
4.2114E-05 2.0000E-04
3.9364E-05 2.0000E-04
5.5411E-05 2.0000E-04
9.3270E-05 2.0000E-04
5.4630E-05 2.0000E-04
4.9218E-05 2.0000E-04
6.7789E-05 2.0000E-04
1.1611E-04 2.0000E-04
7.4263E-05 2.0000E-04
7.0408E-05 2.0000E-04
1.0334E-04 2.0000E-04
1.2878E-04 2.0000E-04
1.7928E-04 2.0000E-04
1.3912E-04 2.0000E-04
1.2633E-04 2.0000E-04
1.3590E-04 2.0000E-04
3.0107E-04 2.0000E-04
2.9761E-04 2.0000E-04
1.1363E-04 2.0000E-04
1.3629E-04 2.0000E-04
1.3849E-04 2.0000E-04
1.6340E-04 2.0000E-04
2.4066E-04 2.0000E-04
1.0814E-04 2.0000E-04
1.4682E-04 2.0000E-04
2.1471E-04 2.0000E-04
1.1570E-04 2.0000E-04
1.0394E-04 2.0000E-04
1.1456E-04 2.0000E-04
2.2337E-04 2.0000E-04
9.8474E-05 2.0000E-04
9.7515E-05 2.0000E-04
1.1180E-04 2.0000E-04
2.7066E-04 2.0000E-04
1.1281E-04 2.0000E-04
7.3358E-05 2.0000E-04
9.5801E-05 2.0000E-04
1.3236E-04 2.0000E-04
1.1720E-04 2.0000E-04
6.8277E-05 2.0000E-04
7.1490E-05 2.0000E-04
8.3323E-05 2.0000E-04
1.0345E-04 2.0000E-04
6.8724E-05 2.0000E-04
6.8101E-05 2.0000E-04
7.4901E-05 2.0000E-04
1.1700E-04 2.0000E-04
6.4762E-05 2.0000E-04
5.3577E-05 2.0000E-04
7.2930E-05 2.0000E-04
7.5142E-05 2.0000E-04
6.3560E-05 2.0000E-04
6.4914E-05 2.0000E-04
6.4610E-05 2.0000E-04
6.2622E-05 2.0000E-04
1.0819E-04 2.0000E-04
5.7383E-05 2.0000E-04
5.3844E-05 2.0000E-04
6.4898E-05 2.0000E-04
1.4480E-04 2.0000E-04
5.3892E-05 2.0000E-04
4.4889E-05 2.0000E-04
5.9019E-05 2.0000E-04
8.5739E-05 2.0000E-04
6.1606E-05 2.0000E-04
4.3852E-05 2.0000E-04
5.9864E-05 2.0000E-04
6.6173E-05 2.0000E-04
5.0571E-05 2.0000E-04
7.0256E-05 2.0000E-04
5.2093E-05 2.0000E-04
4.1831E-05 2.0000E-04
4.9135E-05 2.0000E-04
6.0470E-05 2.0000E-04
4.3146E-05 2.0000E-04
3.7285E-05 2.0000E-04
4.3730E-05 2.0000E-04
4.0238E-05 2.0000E-04
8.9605E-05 2.0000E-04
3.4803E-05 2.0000E-04
2.8756E-05 2.0000E-04
3.7650E-05 2.0000E-04
6.9807E-05 2.0000E-04
3.5096E-05 2.0000E-04
2.8750E-05 2.0000E-04
3.2960E-05 2.0000E-04
4.4365E-05 2.0000E-04
7.0799E-05 2.0000E-04
2.6245E-05 2.0000E-04
2.5089E-05 2.0000E-04
3.1457E-05 2.0000E-04
5.8337E-05 2.0000E-04
3.4059E-05 2.0000E-04
2.5313E-05 2.0000E-04
3.2611E-05 2.0000E-04
4.1502E-05 2.0000E-04
3.0499E-05 2.0000E-04
3.6384E-05 2.0000E-04
3.2458E-05 2.0000E-04
2.7602E-05 2.0000E-04
3.3746E-05 2.0000E-04
4.2077E-05 2.0000E-04
2.9199E-05 2.0000E-04
2.4290E-05 2.0000E-04
3.0818E-05 2.0000E-04
2.5923E-05 2.0000E-04
3.9645E-05 2.0000E-04
2.6067E-05 2.0000E-04
2.5194E-05 2.0000E-04
3.3763E-05 2.0000E-04
2.6860E-05 2.0000E-04
2.4750E-05 2.0000E-04
2.6005E-05 2.0000E-04
2.6592E-05 2.0000E-04
2.4919E-05 2.0000E-04
2.3744E-05 2.0000E-04
2.2049E-05 2.0000E-04
2.7125E-05 2.0000E-04
2.9890E-05 2.0000E-04
1.9577E-05 2.0000E-04
1.9329E-05 2.0000E-04
2.6568E-05 2.0000E-04
2.0067E-05 2.0000E-04
1.9652E-05 2.0000E-04
2.3967E-05 2.0000E-04
2.2447E-05 2.0000E-04
1.8800E-05 2.0000E-04
1.8576E-05 2.0000E-04
1.7760E-05 2.0000E-04
1.9103E-05 2.0000E-04
3.0791E-05 2.0000E-04
1.7036E-05 2.0000E-04
1.5053E-05 2.0000E-04
1.5831E-05 2.0000E-04
2.9647E-05 2.0000E-04
1.4650E-05 2.0000E-04
1.3656E-05 2.0000E-04
1.5985E-05 2.0000E-04
3.1019E-05 2.0000E-04
1.3608E-05 2.0000E-04
1.2745E-05 2.0000E-04
1.4007E-05 2.0000E-04
2.3843E-05 2.0000E-04
2.0075E-05 2.0000E-04
1.1490E-05 2.0000E-04
1.1849E-05 2.0000E-04
1.4801E-05 2.0000E-04
1.5007E-05 2.0000E-04
1.7102E-05 2.0000E-04
1.1494E-05 2.0000E-04
1.1455E-05 2.0000E-04
1.5879E-05 2.0000E-04
1.5827E-05 2.0000E-04
1.0472E-05 2.0000E-04
1.1152E-05 2.0000E-04
1.4319E-05 2.0000E-04
1.5832E-05 2.0000E-04
1.0365E-05 2.0000E-04
9.7976E-06 2.0000E-04
1.1577E-05 2.0000E-04
2.1606E-05 2.0000E-04
1.0008E-05 2.0000E-04
8.7388E-06 2.0000E-04
1.0541E-05 2.0000E-04
1.4466E-05 2.0000E-04
1.2479E-05 2.0000E-04
8.2230E-06 2.0000E-04
9.3489E-06 2.0000E-04
1.2787E-05 2.0000E-04
9.8213E-06 2.0000E-04
9.9965E-06 2.0000E-04
1.0780E-05 2.0000E-04
8.8476E-06 2.0000E-04
9.3749E-06 2.0000E-04
1.1830E-05 2.0000E-04
