550.3
175.6
201.7
175.8
175.1
193.7
170.3
164.6
165.8
176.0
159.2
160.9
164.0
183.4
166.6
168.0
166.7
165.0
180.9
160.2
158.8
158.1
166.8
178.3
165.5
166.2
165.7
165.4
167.9
133.5
126.8
167.2
159.9
162.3
162.8
161.9
133.0
129.2
132.5
166.7
168.7
153.9
157.2
162.9
167.0
164.5
166.1
134.5
134.5
128.1
169.4
163.2
168.1
177.8
201.2
163.0
205.5
209.3
204.6
201.6
196.2
204.9
186.7
186.5
172.5
184.7
185.0
166.3
161.8
168.7
165.4
165.7
167.0
165.5
166.7
134.9
127.0
160.5
167.6
134.3
132.6
168.0
132.5
129.9
135.7
121.0
169.5
125.9
133.7
132.7
124.9
161.5
126.9
134.1
128.8
136.3
132.5
133.5
137.1
135.4
135.8
126.8
127.8
136.6
135.7
121.9
137.2
128.8
167.0
127.8
128.9
134.3
127.6
134.8
129.2
126.2
132.9
135.8
130.8
136.7
136.4
130.5
124.9
121.2
137.7
137.9
133.7
133.7
139.5
118.3
137.2
114.8
130.5
132.0
137.7
121.7
116.4
157.7
130.3
132.4
123.9
136.8
132.8
139.3
137.6
138.1
126.7
130.7
131.6
124.5
121.8
147.3
121.8
113.8
118.7
122.1
117.9
139.3
127.0
127.7
141.0
117.9
135.9
142.2
125.6
123.8
125.7
142.2
131.6
124.0
129.0
134.2
118.8
125.5
151.4
134.6
135.1
126.4
142.1
123.1
135.5
140.4
122.9
134.8
137.9
135.5
139.7
139.6
124.1
141.8
136.7
117.3
140.3
141.6
134.6
143.7
140.5
140.2
134.2
135.0
140.7
142.6
135.7
141.9
140.2
133.6
142.8
141.5
127.8
127.9
129.1
134.6
134.9
136.3
124.3
128.4
140.6
141.9
142.4
139.4
138.7
141.1
140.0
135.3
140.1
138.9
142.7
135.5
139.9
123.7
168.7
127.5
116.6
132.2
139.0
134.9
141.1
139.5
131.3
130.7
141.1
139.4
133.0
138.9
135.8
132.8
139.9
140.3
139.7
138.3
141.6
139.4
141.3
141.2
133.5
134.6
136.1
126.7
138.8
135.4
132.2
116.8
132.6
135.9
135.8
134.4
139.8
124.6
140.4
127.7
123.5
145.2
140.8
123.3
141.4
144.1
123.2
118.8
158.8
132.9
123.4
117.9
140.4
123.4
115.9
141.9
123.7
124.1
127.1
158.0
123.0
142.3
119.3
114.1
123.7
159.6
122.9
143.6
112.3
125.3
167.7
116.5
122.1
122.0
149.5
122.0
138.6
137.2
130.8
138.9
137.9
136.6
543.4
118.5
108.9
107.9
106.8
102.7
108.3
108.3
107.1
107.8
108.8
106.9
107.8
108.8
107.7
109.3
108.3
107.6
108.2
108.4
109.6
108.1
116.9
124.0
109.6
108.8
119.5
123.0
157.9
124.2
125.3
123.7
125.7
122.6
118.2
119.3
126.3
126.1
125.2
124.8
125.9
118.0
158.9
159.2
124.8
124.8
158.0
126.6
124.8
124.5
161.2
158.0
159.9
158.0
157.9
156.1
124.8
125.3
123.8
157.2
125.5
125.0
123.8
156.3
117.6
124.5
124.0
123.8
123.6
124.1
119.7
117.0
158.4
125.0
123.1
118.2
152.9
124.0
123.0
125.7
125.0
124.0
124.8
125.9
123.3
123.2
123.6
125.6
123.3
123.9
157.0
124.8
125.1
125.8
122.5
123.1
123.2
125.5
124.9
122.9
124.5
126.8
108.2
125.3
125.4
108.3
125.5
125.1
107.0
125.3
123.5
107.3
125.1
125.8
108.0
107.0
103.1
123.2
124.9
108.2
103.2
108.3
124.2
126.4
105.7
124.8
126.2
111.8
123.9
107.6
107.1
125.8
124.0
108.0
123.4
108.3
110.3
139.5
124.4
127.5
108.4
109.6
141.4
128.0
109.2
126.8
126.6
108.8
108.4
134.0
108.5
125.1
128.0
108.8
109.7
108.3
110.2
108.3
108.2
110.6
112.0
109.6
141.4
108.8
107.8
101.4
108.7
109.0
104.2
109.6
140.9
108.6
109.4
108.9
107.5
109.3
109.0
111.9
107.7
109.4
106.9
109.6
109.9
107.9
109.7
109.7
109.9
110.2
110.6
108.9
107.6
107.3
107.8
108.8
111.2
109.8
108.3
105.6
108.8
110.4
108.9
107.9
107.3
109.1
110.0
109.4
