Max Step   Target
1.2139E-02 1.2000E-03
1.1134E-01 1.2000E-03
2.5421E-02 1.2000E-03
4.6636E-02 1.2000E-03
4.6615E-02 1.2000E-03
2.5376E-02 1.2000E-03
5.7644E-03 1.2000E-03
1.0252E-02 1.2000E-03
1.7354E-02 1.2000E-03
8.6779E-03 1.2000E-03
3.1057E-03 1.2000E-03
9.4242E-03 1.2000E-03
1.7947E-02 1.2000E-03
7.0855E-03 1.2000E-03
1.0018E-02 1.2000E-03
1.0181E-02 1.2000E-03
2.1868E-02 1.2000E-03
2.4135E-02 1.2000E-03
2.7460E-03 1.2000E-03
4.4251E-03 1.2000E-03
5.5384E-03 1.2000E-03
1.1621E-02 1.2000E-03
5.5330E-03 1.2000E-03
5.1947E-03 1.2000E-03
9.4443E-03 1.2000E-03
1.9142E-02 1.2000E-03
3.3413E-03 1.2000E-03
3.0113E-03 1.2000E-03
4.9596E-03 1.2000E-03
7.7530E-03 1.2000E-03
1.7916E-03 1.2000E-03
1.9297E-03 1.2000E-03
2.5342E-03 1.2000E-03
4.6454E-03 1.2000E-03
6.8577E-03 1.2000E-03
1.2167E-03 1.2000E-03
1.6889E-03 1.2000E-03
1.7101E-03 1.2000E-03
5.7983E-03 1.2000E-03
2.2388E-03 1.2000E-03
1.2051E-03 1.2000E-03
2.4084E-03 1.2000E-03
4.4863E-03 1.2000E-03
8.8409E-04 1.2000E-03
2.2773E-03 1.2000E-03
2.5632E-03 1.2000E-03
5.5902E-03 1.2000E-03
5.3305E-03 1.2000E-03
8.2563E-04 1.2000E-03
1.3123E-03 1.2000E-03
1.6352E-03 1.2000E-03
4.7212E-03 1.2000E-03
2.9378E-03 1.2000E-03
1.5287E-03 1.2000E-03
4.6659E-03 1.2000E-03
4.6874E-03 1.2000E-03
7.0562E-04 1.2000E-03
9.7205E-04 1.2000E-03
1.5953E-03 1.2000E-03
4.6137E-03 1.2000E-03
9.2961E-03 1.2000E-03
1.4784E-03 1.2000E-03
6.3823E-04 1.2000E-03
