RMS Step   Target
2.8583E-04 8.0000E-04
2.7485E-03 8.0000E-04
8.7570E-04 8.0000E-04
1.4670E-03 8.0000E-04
1.5654E-03 8.0000E-04
9.1029E-04 8.0000E-04
3.1888E-04 8.0000E-04
4.9684E-04 8.0000E-04
7.2300E-04 8.0000E-04
3.8104E-04 8.0000E-04
1.2632E-04 8.0000E-04
3.6023E-04 8.0000E-04
5.8044E-04 8.0000E-04
2.2923E-04 8.0000E-04
3.1246E-04 8.0000E-04
3.1903E-04 8.0000E-04
6.8894E-04 8.0000E-04
8.3797E-04 8.0000E-04
1.4459E-04 8.0000E-04
2.3684E-04 8.0000E-04
3.6331E-04 8.0000E-04
8.2611E-04 8.0000E-04
3.4865E-04 8.0000E-04
3.2515E-04 8.0000E-04
5.1242E-04 8.0000E-04
9.5841E-04 8.0000E-04
1.6267E-04 8.0000E-04
1.4795E-04 8.0000E-04
2.4358E-04 8.0000E-04
4.2031E-04 8.0000E-04
1.3289E-04 8.0000E-04
1.3208E-04 8.0000E-04
1.9355E-04 8.0000E-04
3.8374E-04 8.0000E-04
5.7396E-04 8.0000E-04
7.4614E-05 8.0000E-04
1.0263E-04 8.0000E-04
1.4607E-04 8.0000E-04
4.2253E-04 8.0000E-04
1.9737E-04 8.0000E-04
9.4438E-05 8.0000E-04
1.9476E-04 8.0000E-04
3.5631E-04 8.0000E-04
6.8904E-05 8.0000E-04
1.7808E-04 8.0000E-04
1.8682E-04 8.0000E-04
4.1955E-04 8.0000E-04
4.0279E-04 8.0000E-04
4.4714E-05 8.0000E-04
1.0995E-04 8.0000E-04
1.3160E-04 8.0000E-04
3.5148E-04 8.0000E-04
2.1544E-04 8.0000E-04
1.1900E-04 8.0000E-04
3.3536E-04 8.0000E-04
3.3443E-04 8.0000E-04
4.2455E-05 8.0000E-04
6.7615E-05 8.0000E-04
1.1894E-04 8.0000E-04
3.2438E-04 8.0000E-04
6.4603E-04 8.0000E-04
5.9525E-05 8.0000E-04
3.8008E-05 8.0000E-04
