Max Step   Target
1.7803E-03 1.2000E-03
4.2964E-03 1.2000E-03
5.1568E-03 1.2000E-03
1.6204E-02 1.2000E-03
9.3287E-03 1.2000E-03
4.5715E-03 1.2000E-03
1.9657E-03 1.2000E-03
1.6333E-03 1.2000E-03
6.8644E-03 1.2000E-03
1.0272E-02 1.2000E-03
2.6440E-03 1.2000E-03
2.4500E-03 1.2000E-03
3.8293E-03 1.2000E-03
9.2622E-03 1.2000E-03
9.2189E-03 1.2000E-03
2.3937E-03 1.2000E-03
6.6851E-03 1.2000E-03
7.9455E-03 1.2000E-03
6.8565E-03 1.2000E-03
7.6450E-03 1.2000E-03
4.2591E-03 1.2000E-03
5.5729E-03 1.2000E-03
1.5864E-02 1.2000E-03
5.0310E-03 1.2000E-03
1.5283E-03 1.2000E-03
6.0598E-03 1.2000E-03
1.0594E-02 1.2000E-03
8.5769E-03 1.2000E-03
7.7271E-03 1.2000E-03
6.9325E-03 1.2000E-03
1.1500E-02 1.2000E-03
4.7221E-03 1.2000E-03
4.6219E-03 1.2000E-03
5.5848E-03 1.2000E-03
1.3889E-02 1.2000E-03
4.8190E-03 1.2000E-03
6.6584E-03 1.2000E-03
6.8789E-03 1.2000E-03
1.5029E-02 1.2000E-03
2.5737E-03 1.2000E-03
4.2411E-03 1.2000E-03
7.1891E-03 1.2000E-03
1.3641E-02 1.2000E-03
1.1457E-02 1.2000E-03
5.7013E-03 1.2000E-03
7.9218E-03 1.2000E-03
6.5493E-03 1.2000E-03
5.2256E-03 1.2000E-03
1.1582E-02 1.2000E-03
6.9250E-03 1.2000E-03
6.2904E-03 1.2000E-03
1.7946E-02 1.2000E-03
8.4004E-03 1.2000E-03
1.0244E-03 1.2000E-03
5.5548E-03 1.2000E-03
9.4690E-03 1.2000E-03
1.9037E-02 1.2000E-03
9.5037E-03 1.2000E-03
9.0670E-03 1.2000E-03
6.7739E-03 1.2000E-03
8.5332E-03 1.2000E-03
3.2253E-03 1.2000E-03
6.5322E-03 1.2000E-03
8.4343E-03 1.2000E-03
9.4574E-03 1.2000E-03
1.9013E-02 1.2000E-03
7.1775E-03 1.2000E-03
1.1373E-03 1.2000E-03
7.6052E-03 1.2000E-03
1.2035E-02 1.2000E-03
8.5106E-04 1.2000E-03
3.7047E-03 1.2000E-03
7.5083E-03 1.2000E-03
1.2114E-02 1.2000E-03
1.1361E-02 1.2000E-03
7.5766E-03 1.2000E-03
5.3787E-03 1.2000E-03
6.8828E-03 1.2000E-03
6.8828E-03 1.2000E-03
4.1033E-03 1.2000E-03
1.3221E-02 1.2000E-03
4.8653E-03 1.2000E-03
7.5903E-03 1.2000E-03
9.4817E-03 1.2000E-03
1.1469E-02 1.2000E-03
3.5266E-03 1.2000E-03
6.4846E-03 1.2000E-03
4.1136E-03 1.2000E-03
5.2281E-03 1.2000E-03
1.2511E-02 1.2000E-03
7.9498E-03 1.2000E-03
1.1630E-03 1.2000E-03
1.0180E-02 1.2000E-03
4.4745E-03 1.2000E-03
8.4237E-03 1.2000E-03
1.3557E-02 1.2000E-03
7.8128E-03 1.2000E-03
2.1626E-03 1.2000E-03
9.6744E-03 1.2000E-03
2.5316E-03 1.2000E-03
2.4331E-03 1.2000E-03
1.3245E-02 1.2000E-03
1.1048E-02 1.2000E-03
1.3964E-03 1.2000E-03
4.6206E-03 1.2000E-03
3.0344E-03 1.2000E-03
1.5060E-02 1.2000E-03
5.4154E-03 1.2000E-03
3.4816E-03 1.2000E-03
9.4781E-03 1.2000E-03
8.3117E-03 1.2000E-03
3.4315E-03 1.2000E-03
7.6761E-03 1.2000E-03
2.2452E-03 1.2000E-03
1.7784E-02 1.2000E-03
2.1976E-03 1.2000E-03
2.6738E-03 1.2000E-03
4.4064E-03 1.2000E-03
1.2423E-02 1.2000E-03
2.4807E-03 1.2000E-03
1.0507E-02 1.2000E-03
3.5638E-03 1.2000E-03
4.5696E-03 1.2000E-03
1.4472E-02 1.2000E-03
7.0055E-03 1.2000E-03
1.0814E-03 1.2000E-03
8.4633E-03 1.2000E-03
3.3353E-03 1.2000E-03
1.4087E-02 1.2000E-03
1.4005E-02 1.2000E-03
4.8736E-03 1.2000E-03
1.8050E-03 1.2000E-03
6.4433E-03 1.2000E-03
8.7234E-03 1.2000E-03
6.5257E-03 1.2000E-03
7.2503E-03 1.2000E-03
9.5451E-03 1.2000E-03
1.2734E-02 1.2000E-03
5.5410E-03 1.2000E-03
2.3757E-03 1.2000E-03
1.1794E-02 1.2000E-03
3.9093E-03 1.2000E-03
9.7408E-03 1.2000E-03
1.5626E-02 1.2000E-03
1.1171E-02 1.2000E-03
1.0654E-02 1.2000E-03
1.3238E-02 1.2000E-03
3.2617E-03 1.2000E-03
2.0039E-03 1.2000E-03
1.2003E-02 1.2000E-03
1.2093E-02 1.2000E-03
5.9001E-03 1.2000E-03
1.3232E-02 1.2000E-03
4.0394E-03 1.2000E-03
2.5076E-02 1.2000E-03
5.4979E-03 1.2000E-03
4.1779E-03 1.2000E-03
1.4353E-02 1.2000E-03
1.7260E-02 1.2000E-03
1.3888E-02 1.2000E-03
1.2815E-02 1.2000E-03
2.0657E-02 1.2000E-03
2.7948E-02 1.2000E-03
4.5518E-03 1.2000E-03
2.7962E-02 1.2000E-03
1.0637E-02 1.2000E-03
9.0867E-03 1.2000E-03
3.6237E-02 1.2000E-03
1.6563E-02 1.2000E-03
4.3096E-02 1.2000E-03
3.9458E-02 1.2000E-03
5.8404E-03 1.2000E-03
2.6064E-02 1.2000E-03
6.8711E-03 1.2000E-03
8.1413E-02 1.2000E-03
1.8688E-02 1.2000E-03
2.2639E-02 1.2000E-03
4.7719E-02 1.2000E-03
1.0546E-01 1.2000E-03
1.0315E-02 1.2000E-03
5.3031E-02 1.2000E-03
4.7467E-02 1.2000E-03
8.0003E-02 1.2000E-03
1.6266E-02 1.2000E-03
8.2828E-02 1.2000E-03
2.3878E-02 1.2000E-03
1.1587E-01 1.2000E-03
4.6387E-02 1.2000E-03
1.0635E-01 1.2000E-03
1.2559E-02 1.2000E-03
9.0754E-02 1.2000E-03
3.4877E-02 1.2000E-03
1.2110E-01 1.2000E-03
5.7111E-02 1.2000E-03
9.1240E-02 1.2000E-03
1.1864E-02 1.2000E-03
8.3657E-02 1.2000E-03
5.0549E-02 1.2000E-03
1.1746E-01 1.2000E-03
4.2052E-02 1.2000E-03
8.5227E-02 1.2000E-03
2.9870E-02 1.2000E-03
6.7839E-02 1.2000E-03
7.0782E-03 1.2000E-03
6.9230E-02 1.2000E-03
7.3547E-02 1.2000E-03
5.6012E-02 1.2000E-03
6.3603E-02 1.2000E-03
1.3321E-02 1.2000E-03
9.6362E-02 1.2000E-03
2.6906E-03 1.2000E-03
2.8898E-02 1.2000E-03
5.3593E-02 1.2000E-03
8.0817E-02 1.2000E-03
3.5775E-02 1.2000E-03
7.7955E-02 1.2000E-03
6.5237E-03 1.2000E-03
5.2977E-02 1.2000E-03
3.7825E-02 1.2000E-03
4.8664E-02 1.2000E-03
2.5463E-02 1.2000E-03
6.1388E-02 1.2000E-03
3.2952E-02 1.2000E-03
4.3895E-02 1.2000E-03
1.2180E-02 1.2000E-03
7.8934E-02 1.2000E-03
4.7536E-02 1.2000E-03
1.0217E-02 1.2000E-03
3.5848E-02 1.2000E-03
4.6010E-02 1.2000E-03
1.9156E-02 1.2000E-03
1.1118E-02 1.2000E-03
1.4322E-02 1.2000E-03
1.0347E-02 1.2000E-03
8.9562E-03 1.2000E-03
6.7872E-03 1.2000E-03
2.0653E-02 1.2000E-03
9.4096E-03 1.2000E-03
7.5328E-03 1.2000E-03
4.6462E-03 1.2000E-03
8.2907E-03 1.2000E-03
1.7201E-02 1.2000E-03
7.3438E-03 1.2000E-03
1.0125E-02 1.2000E-03
1.1661E-02 1.2000E-03
2.1148E-02 1.2000E-03
1.1816E-02 1.2000E-03
1.6087E-02 1.2000E-03
2.1503E-02 1.2000E-03
3.2787E-02 1.2000E-03
9.3720E-03 1.2000E-03
1.7417E-02 1.2000E-03
1.2465E-02 1.2000E-03
2.5400E-02 1.2000E-03
2.3042E-02 1.2000E-03
1.1077E-02 1.2000E-03
5.6207E-03 1.2000E-03
1.4727E-02 1.2000E-03
1.1067E-02 1.2000E-03
7.0599E-03 1.2000E-03
1.6092E-02 1.2000E-03
8.1288E-03 1.2000E-03
5.5665E-03 1.2000E-03
8.9306E-03 1.2000E-03
7.3995E-03 1.2000E-03
5.1365E-03 1.2000E-03
1.4404E-02 1.2000E-03
4.9861E-03 1.2000E-03
2.4178E-03 1.2000E-03
4.7030E-03 1.2000E-03
7.2470E-03 1.2000E-03
2.7725E-03 1.2000E-03
7.2368E-03 1.2000E-03
5.0006E-03 1.2000E-03
1.1854E-02 1.2000E-03
6.2869E-03 1.2000E-03
1.5490E-03 1.2000E-03
4.4649E-03 1.2000E-03
6.0140E-03 1.2000E-03
7.1289E-03 1.2000E-03
9.7598E-03 1.2000E-03
7.5794E-03 1.2000E-03
4.7215E-03 1.2000E-03
7.5719E-03 1.2000E-03
7.0457E-03 1.2000E-03
5.7831E-03 1.2000E-03
1.5525E-02 1.2000E-03
1.0361E-02 1.2000E-03
6.1160E-03 1.2000E-03
1.4597E-02 1.2000E-03
1.2022E-02 1.2000E-03
7.7075E-03 1.2000E-03
2.3428E-02 1.2000E-03
1.3254E-02 1.2000E-03
1.7921E-02 1.2000E-03
4.4316E-02 1.2000E-03
3.1529E-02 1.2000E-03
7.5720E-03 1.2000E-03
3.1225E-02 1.2000E-03
3.1243E-02 1.2000E-03
4.3366E-02 1.2000E-03
1.4329E-01 1.2000E-03
1.7629E-02 1.2000E-03
1.4205E-02 1.2000E-03
1.0192E-01 1.2000E-03
2.2625E-02 1.2000E-03
3.8636E-02 1.2000E-03
6.7182E-02 1.2000E-03
3.0797E-02 1.2000E-03
5.6372E-02 1.2000E-03
1.1689E-02 1.2000E-03
8.6499E-02 1.2000E-03
2.9880E-02 1.2000E-03
1.0407E-02 1.2000E-03
3.2964E-02 1.2000E-03
5.8931E-02 1.2000E-03
6.3884E-03 1.2000E-03
7.6701E-03 1.2000E-03
7.4406E-03 1.2000E-03
1.5176E-02 1.2000E-03
1.1305E-02 1.2000E-03
1.0336E-02 1.2000E-03
1.3872E-02 1.2000E-03
2.0688E-02 1.2000E-03
2.0688E-02 1.2000E-03
7.1696E-03 1.2000E-03
7.2804E-03 1.2000E-03
1.5163E-02 1.2000E-03
1.3528E-02 1.2000E-03
1.5641E-02 1.2000E-03
6.4936E-03 1.2000E-03
6.8547E-03 1.2000E-03
9.6891E-03 1.2000E-03
2.4791E-02 1.2000E-03
7.6998E-03 1.2000E-03
8.2187E-03 1.2000E-03
1.1423E-02 1.2000E-03
2.0498E-02 1.2000E-03
5.9955E-03 1.2000E-03
1.4377E-02 1.2000E-03
9.8734E-03 1.2000E-03
2.9164E-02 1.2000E-03
1.0444E-02 1.2000E-03
3.9209E-03 1.2000E-03
6.6072E-03 1.2000E-03
1.4845E-02 1.2000E-03
1.6574E-02 1.2000E-03
2.0083E-02 1.2000E-03
2.0733E-02 1.2000E-03
1.4773E-02 1.2000E-03
1.6885E-02 1.2000E-03
1.3331E-02 1.2000E-03
1.7093E-02 1.2000E-03
6.2337E-03 1.2000E-03
3.0148E-02 1.2000E-03
1.3711E-02 1.2000E-03
1.3646E-02 1.2000E-03
2.4745E-02 1.2000E-03
2.8577E-02 1.2000E-03
2.5502E-02 1.2000E-03
1.2592E-02 1.2000E-03
1.5242E-02 1.2000E-03
1.3508E-02 1.2000E-03
2.7654E-02 1.2000E-03
1.0444E-02 1.2000E-03
2.5541E-02 1.2000E-03
7.9040E-03 1.2000E-03
3.0249E-02 1.2000E-03
1.2491E-02 1.2000E-03
1.8884E-02 1.2000E-03
1.3679E-02 1.2000E-03
2.3577E-02 1.2000E-03
1.9823E-02 1.2000E-03
1.4319E-02 1.2000E-03
1.1922E-02 1.2000E-03
2.3759E-02 1.2000E-03
5.0553E-03 1.2000E-03
2.7868E-02 1.2000E-03
4.7717E-03 1.2000E-03
1.2748E-02 1.2000E-03
1.0122E-02 1.2000E-03
2.1153E-02 1.2000E-03
1.0663E-02 1.2000E-03
3.0677E-03 1.2000E-03
1.1247E-02 1.2000E-03
1.6797E-02 1.2000E-03
7.4094E-03 1.2000E-03
1.5043E-02 1.2000E-03
8.2190E-03 1.2000E-03
2.1627E-02 1.2000E-03
1.4984E-02 1.2000E-03
3.9262E-03 1.2000E-03
1.5674E-02 1.2000E-03
5.1904E-03 1.2000E-03
1.1784E-02 1.2000E-03
1.8252E-02 1.2000E-03
1.4301E-02 1.2000E-03
2.4555E-03 1.2000E-03
6.2369E-03 1.2000E-03
5.0109E-03 1.2000E-03
8.0236E-03 1.2000E-03
1.4731E-02 1.2000E-03
1.3582E-02 1.2000E-03
1.1846E-03 1.2000E-03
9.5583E-03 1.2000E-03
8.9918E-03 1.2000E-03
5.1513E-03 1.2000E-03
1.2812E-02 1.2000E-03
8.6571E-03 1.2000E-03
1.3352E-02 1.2000E-03
6.2330E-03 1.2000E-03
5.8525E-03 1.2000E-03
8.3085E-03 1.2000E-03
1.0533E-02 1.2000E-03
6.0672E-03 1.2000E-03
8.2622E-03 1.2000E-03
9.0415E-03 1.2000E-03
1.5558E-02 1.2000E-03
8.7619E-03 1.2000E-03
3.1583E-03 1.2000E-03
6.8614E-03 1.2000E-03
1.1752E-02 1.2000E-03
1.3405E-02 1.2000E-03
1.1098E-02 1.2000E-03
1.7689E-02 1.2000E-03
7.0295E-03 1.2000E-03
1.4900E-02 1.2000E-03
9.3015E-03 1.2000E-03
1.3211E-02 1.2000E-03
1.7781E-02 1.2000E-03
2.0929E-02 1.2000E-03
1.5540E-02 1.2000E-03
1.4475E-02 1.2000E-03
2.1664E-02 1.2000E-03
2.7108E-02 1.2000E-03
6.2935E-03 1.2000E-03
2.5010E-02 1.2000E-03
9.5189E-03 1.2000E-03
2.2814E-02 1.2000E-03
5.0638E-02 1.2000E-03
1.5898E-02 1.2000E-03
3.9008E-03 1.2000E-03
2.3170E-02 1.2000E-03
4.1333E-02 1.2000E-03
8.9945E-03 1.2000E-03
5.2102E-02 1.2000E-03
1.5941E-02 1.2000E-03
1.8038E-02 1.2000E-03
5.2377E-02 1.2000E-03
2.5046E-02 1.2000E-03
4.0469E-02 1.2000E-03
1.8381E-02 1.2000E-03
1.9907E-02 1.2000E-03
2.5457E-02 1.2000E-03
4.1559E-02 1.2000E-03
6.5121E-03 1.2000E-03
4.1786E-02 1.2000E-03
1.9069E-02 1.2000E-03
4.5777E-02 1.2000E-03
4.2293E-02 1.2000E-03
1.6390E-02 1.2000E-03
4.5526E-02 1.2000E-03
2.9133E-02 1.2000E-03
4.7920E-03 1.2000E-03
5.6882E-02 1.2000E-03
7.3706E-03 1.2000E-03
4.0682E-02 1.2000E-03
5.0029E-02 1.2000E-03
3.0336E-02 1.2000E-03
5.2017E-03 1.2000E-03
6.7849E-02 1.2000E-03
5.2578E-03 1.2000E-03
1.9709E-02 1.2000E-03
5.2362E-02 1.2000E-03
3.6687E-02 1.2000E-03
4.6521E-03 1.2000E-03
4.7346E-02 1.2000E-03
1.4826E-02 1.2000E-03
2.1679E-02 1.2000E-03
4.8760E-02 1.2000E-03
1.6299E-02 1.2000E-03
9.3407E-03 1.2000E-03
3.2042E-02 1.2000E-03
1.1357E-02 1.2000E-03
3.5491E-03 1.2000E-03
2.3363E-02 1.2000E-03
1.4143E-02 1.2000E-03
9.5606E-03 1.2000E-03
3.9864E-02 1.2000E-03
1.0346E-02 1.2000E-03
1.1140E-02 1.2000E-03
8.5005E-03 1.2000E-03
1.5249E-02 1.2000E-03
1.1806E-02 1.2000E-03
1.6924E-02 1.2000E-03
1.3397E-02 1.2000E-03
4.1837E-03 1.2000E-03
8.2407E-03 1.2000E-03
1.1382E-02 1.2000E-03
5.0750E-03 1.2000E-03
1.0753E-02 1.2000E-03
5.2203E-03 1.2000E-03
1.5018E-02 1.2000E-03
9.7172E-03 1.2000E-03
5.2760E-03 1.2000E-03
5.8819E-03 1.2000E-03
9.6503E-03 1.2000E-03
6.0338E-03 1.2000E-03
7.5609E-03 1.2000E-03
9.9308E-03 1.2000E-03
1.1528E-02 1.2000E-03
2.6183E-03 1.2000E-03
6.2706E-03 1.2000E-03
3.9828E-03 1.2000E-03
1.4274E-02 1.2000E-03
5.5948E-03 1.2000E-03
3.4547E-03 1.2000E-03
7.6015E-03 1.2000E-03
9.1219E-03 1.2000E-03
6.5582E-03 1.2000E-03
3.2306E-03 1.2000E-03
9.3431E-03 1.2000E-03
5.2184E-03 1.2000E-03
2.6445E-03 1.2000E-03
7.7422E-03 1.2000E-03
4.9291E-03 1.2000E-03
4.2684E-03 1.2000E-03
3.7586E-03 1.2000E-03
4.9367E-03 1.2000E-03
2.1948E-03 1.2000E-03
5.1336E-03 1.2000E-03
3.2417E-03 1.2000E-03
4.7819E-03 1.2000E-03
4.7127E-03 1.2000E-03
8.1594E-03 1.2000E-03
1.9050E-03 1.2000E-03
2.8243E-03 1.2000E-03
2.3563E-03 1.2000E-03
3.4978E-03 1.2000E-03
4.3802E-03 1.2000E-03
5.1322E-03 1.2000E-03
1.0986E-03 1.2000E-03
1.8496E-03 1.2000E-03
3.2907E-03 1.2000E-03
3.2465E-03 1.2000E-03
3.7734E-03 1.2000E-03
3.3293E-03 1.2000E-03
2.8573E-03 1.2000E-03
1.3909E-03 1.2000E-03
2.1768E-03 1.2000E-03
2.0935E-03 1.2000E-03
1.7627E-03 1.2000E-03
3.8583E-03 1.2000E-03
2.8104E-03 1.2000E-03
1.2535E-03 1.2000E-03
3.5227E-03 1.2000E-03
2.4939E-03 1.2000E-03
3.6126E-03 1.2000E-03
4.1756E-03 1.2000E-03
3.5339E-03 1.2000E-03
1.1493E-03 1.2000E-03
2.7567E-03 1.2000E-03
2.6211E-03 1.2000E-03
1.4239E-03 1.2000E-03
3.7554E-03 1.2000E-03
3.2208E-03 1.2000E-03
4.0126E-03 1.2000E-03
4.7206E-03 1.2000E-03
3.0824E-03 1.2000E-03
1.2972E-03 1.2000E-03
3.5591E-03 1.2000E-03
4.1801E-03 1.2000E-03
2.3627E-03 1.2000E-03
5.4354E-03 1.2000E-03
4.5315E-03 1.2000E-03
1.2546E-03 1.2000E-03
3.1436E-03 1.2000E-03
2.4904E-03 1.2000E-03
7.8045E-03 1.2000E-03
6.1589E-03 1.2000E-03
1.1409E-03 1.2000E-03
2.1020E-03 1.2000E-03
3.4560E-03 1.2000E-03
8.9949E-03 1.2000E-03
3.9365E-03 1.2000E-03
2.4690E-03 1.2000E-03
4.7167E-03 1.2000E-03
7.0662E-03 1.2000E-03
2.6102E-03 1.2000E-03
3.7692E-03 1.2000E-03
4.0046E-03 1.2000E-03
9.3307E-03 1.2000E-03
2.9081E-03 1.2000E-03
2.2167E-03 1.2000E-03
4.2195E-03 1.2000E-03
7.7216E-03 1.2000E-03
4.4984E-03 1.2000E-03
5.3327E-03 1.2000E-03
4.7833E-03 1.2000E-03
9.9830E-03 1.2000E-03
4.1931E-03 1.2000E-03
1.9582E-03 1.2000E-03
4.4486E-03 1.2000E-03
9.3378E-03 1.2000E-03
4.1282E-03 1.2000E-03
4.6631E-03 1.2000E-03
5.3810E-03 1.2000E-03
1.0099E-02 1.2000E-03
4.6453E-03 1.2000E-03
2.8831E-03 1.2000E-03
4.9417E-03 1.2000E-03
1.0379E-02 1.2000E-03
5.0756E-03 1.2000E-03
4.9516E-03 1.2000E-03
5.9415E-03 1.2000E-03
1.0934E-02 1.2000E-03
5.3640E-03 1.2000E-03
4.0828E-03 1.2000E-03
5.7578E-03 1.2000E-03
1.1551E-02 1.2000E-03
6.8258E-03 1.2000E-03
6.5455E-03 1.2000E-03
7.7418E-03 1.2000E-03
9.3556E-03 1.2000E-03
7.1908E-03 1.2000E-03
1.0987E-02 1.2000E-03
5.9288E-03 1.2000E-03
4.2842E-03 1.2000E-03
1.5018E-02 1.2000E-03
9.1942E-03 1.2000E-03
2.6968E-03 1.2000E-03
1.4657E-02 1.2000E-03
1.2412E-02 1.2000E-03
2.4662E-03 1.2000E-03
6.8697E-03 1.2000E-03
8.1163E-03 1.2000E-03
2.0761E-02 1.2000E-03
2.2592E-02 1.2000E-03
6.1910E-04 1.2000E-03
3.2582E-03 1.2000E-03
6.4889E-03 1.2000E-03
2.5476E-02 1.2000E-03
1.4845E-02 1.2000E-03
1.0070E-02 1.2000E-03
1.0070E-02 1.2000E-03
1.8508E-02 1.2000E-03
2.2428E-02 1.2000E-03
5.4569E-03 1.2000E-03
2.3705E-02 1.2000E-03
1.0624E-02 1.2000E-03
3.6908E-02 1.2000E-03
2.8166E-02 1.2000E-03
1.9856E-02 1.2000E-03
2.1689E-03 1.2000E-03
1.5913E-02 1.2000E-03
3.2710E-02 1.2000E-03
4.0964E-02 1.2000E-03
1.9543E-02 1.2000E-03
5.2650E-02 1.2000E-03
4.4134E-02 1.2000E-03
2.4506E-03 1.2000E-03
2.6741E-02 1.2000E-03
3.2918E-03 1.2000E-03
9.5378E-02 1.2000E-03
2.3920E-02 1.2000E-03
5.8685E-03 1.2000E-03
4.2110E-02 1.2000E-03
4.3764E-02 1.2000E-03
2.0297E-02 1.2000E-03
3.2329E-02 1.2000E-03
1.5968E-02 1.2000E-03
4.0877E-02 1.2000E-03
1.1338E-02 1.2000E-03
2.1531E-02 1.2000E-03
2.8105E-03 1.2000E-03
2.6809E-02 1.2000E-03
1.1885E-02 1.2000E-03
1.2596E-02 1.2000E-03
6.7709E-03 1.2000E-03
4.3704E-03 1.2000E-03
1.9735E-02 1.2000E-03
4.2325E-03 1.2000E-03
3.3508E-03 1.2000E-03
3.0034E-03 1.2000E-03
2.1991E-02 1.2000E-03
1.3263E-02 1.2000E-03
1.0156E-02 1.2000E-03
1.4385E-02 1.2000E-03
2.0741E-02 1.2000E-03
7.0805E-03 1.2000E-03
4.8859E-03 1.2000E-03
2.1501E-03 1.2000E-03
6.3219E-03 1.2000E-03
7.0071E-03 1.2000E-03
2.6995E-03 1.2000E-03
2.9177E-03 1.2000E-03
4.1652E-03 1.2000E-03
1.0677E-02 1.2000E-03
3.5196E-03 1.2000E-03
1.9601E-03 1.2000E-03
2.4577E-03 1.2000E-03
3.5924E-03 1.2000E-03
1.5418E-02 1.2000E-03
7.1139E-03 1.2000E-03
6.2701E-04 1.2000E-03
1.8969E-03 1.2000E-03
7.9744E-03 1.2000E-03
4.4594E-03 1.2000E-03
2.5746E-03 1.2000E-03
2.2992E-03 1.2000E-03
1.5899E-02 1.2000E-03
8.3196E-03 1.2000E-03
2.1327E-03 1.2000E-03
1.2821E-03 1.2000E-03
4.7242E-03 1.2000E-03
4.1022E-03 1.2000E-03
3.8869E-03 1.2000E-03
3.3895E-03 1.2000E-03
2.9289E-03 1.2000E-03
4.4989E-03 1.2000E-03
3.6782E-03 1.2000E-03
2.7512E-03 1.2000E-03
3.2156E-03 1.2000E-03
3.4015E-03 1.2000E-03
3.3862E-03 1.2000E-03
3.4685E-03 1.2000E-03
4.2827E-03 1.2000E-03
4.3319E-03 1.2000E-03
4.0308E-03 1.2000E-03
2.5387E-03 1.2000E-03
3.2211E-03 1.2000E-03
4.6535E-03 1.2000E-03
3.4298E-03 1.2000E-03
3.5573E-03 1.2000E-03
6.5629E-03 1.2000E-03
3.6300E-03 1.2000E-03
8.3401E-04 1.2000E-03
2.5195E-03 1.2000E-03
3.5782E-03 1.2000E-03
4.9467E-03 1.2000E-03
8.1427E-03 1.2000E-03
4.1842E-03 1.2000E-03
5.4137E-04 1.2000E-03
2.7802E-03 1.2000E-03
4.2142E-03 1.2000E-03
1.6481E-03 1.2000E-03
3.9953E-03 1.2000E-03
3.3846E-03 1.2000E-03
6.5720E-03 1.2000E-03
3.2899E-03 1.2000E-03
5.7526E-04 1.2000E-03
1.5367E-03 1.2000E-03
3.4426E-03 1.2000E-03
3.2279E-03 1.2000E-03
7.4929E-03 1.2000E-03
4.5467E-03 1.2000E-03
8.4125E-04 1.2000E-03
3.2880E-03 1.2000E-03
2.3231E-03 1.2000E-03
3.2457E-03 1.2000E-03
7.5124E-03 1.2000E-03
4.0219E-03 1.2000E-03
4.0544E-04 1.2000E-03
2.5377E-03 1.2000E-03
4.3542E-03 1.2000E-03
3.6073E-03 1.2000E-03
6.2861E-03 1.2000E-03
3.6649E-03 1.2000E-03
3.3079E-03 1.2000E-03
5.6726E-03 1.2000E-03
2.2311E-03 1.2000E-03
1.1003E-03 1.2000E-03
3.7447E-03 1.2000E-03
5.6711E-03 1.2000E-03
1.2606E-03 1.2000E-03
2.7593E-03 1.2000E-03
2.9796E-03 1.2000E-03
6.6690E-03 1.2000E-03
2.5789E-03 1.2000E-03
9.3763E-04 1.2000E-03
1.9704E-03 1.2000E-03
4.2045E-03 1.2000E-03
4.0428E-03 1.2000E-03
5.1944E-03 1.2000E-03
3.6325E-03 1.2000E-03
4.1912E-03 1.2000E-03
5.8626E-03 1.2000E-03
3.1084E-03 1.2000E-03
2.2093E-03 1.2000E-03
5.4696E-03 1.2000E-03
6.8424E-03 1.2000E-03
3.4495E-03 1.2000E-03
6.3663E-03 1.2000E-03
5.4251E-03 1.2000E-03
6.1658E-03 1.2000E-03
8.2983E-03 1.2000E-03
2.7602E-03 1.2000E-03
1.6645E-03 1.2000E-03
6.3237E-03 1.2000E-03
1.0419E-02 1.2000E-03
1.6660E-03 1.2000E-03
2.8353E-03 1.2000E-03
4.9482E-03 1.2000E-03
7.8596E-03 1.2000E-03
1.4151E-02 1.2000E-03
4.2059E-04 1.2000E-03
4.6970E-04 1.2000E-03
3.2180E-03 1.2000E-03
9.6416E-03 1.2000E-03
9.5499E-03 1.2000E-03
1.8404E-03 1.2000E-03
5.5904E-03 1.2000E-03
4.3813E-03 1.2000E-03
8.5852E-03 1.2000E-03
9.2707E-03 1.2000E-03
2.4614E-03 1.2000E-03
1.6574E-03 1.2000E-03
4.6373E-03 1.2000E-03
9.9956E-03 1.2000E-03
5.6614E-03 1.2000E-03
3.4800E-03 1.2000E-03
5.0500E-03 1.2000E-03
6.8152E-03 1.2000E-03
5.7673E-03 1.2000E-03
2.8151E-03 1.2000E-03
4.2847E-03 1.2000E-03
6.8184E-03 1.2000E-03
3.7916E-03 1.2000E-03
3.9678E-03 1.2000E-03
4.5050E-03 1.2000E-03
8.4051E-03 1.2000E-03
5.5743E-03 1.2000E-03
2.2818E-03 1.2000E-03
4.0856E-03 1.2000E-03
5.9445E-03 1.2000E-03
4.6589E-03 1.2000E-03
7.1023E-03 1.2000E-03
5.2557E-03 1.2000E-03
5.0626E-03 1.2000E-03
8.5075E-03 1.2000E-03
2.4934E-03 1.2000E-03
1.3389E-03 1.2000E-03
5.9221E-03 1.2000E-03
9.9309E-03 1.2000E-03
2.5726E-03 1.2000E-03
3.1565E-03 1.2000E-03
4.7061E-03 1.2000E-03
7.3217E-03 1.2000E-03
9.1724E-03 1.2000E-03
2.0026E-03 1.2000E-03
1.8058E-03 1.2000E-03
3.0467E-03 1.2000E-03
1.1597E-02 1.2000E-03
7.7308E-03 1.2000E-03
1.0542E-03 1.2000E-03
1.7687E-03 1.2000E-03
3.9721E-03 1.2000E-03
1.0199E-02 1.2000E-03
4.3214E-03 1.2000E-03
2.1142E-03 1.2000E-03
5.2769E-03 1.2000E-03
7.4012E-03 1.2000E-03
2.1398E-03 1.2000E-03
4.3075E-03 1.2000E-03
1.4989E-03 1.2000E-03
8.4096E-03 1.2000E-03
1.1489E-03 1.2000E-03
3.8811E-03 1.2000E-03
4.8353E-03 1.2000E-03
7.1399E-03 1.2000E-03
2.1049E-03 1.2000E-03
3.5659E-03 1.2000E-03
3.3532E-03 1.2000E-03
5.2462E-03 1.2000E-03
5.9868E-03 1.2000E-03
3.8920E-03 1.2000E-03
4.2588E-03 1.2000E-03
4.6214E-03 1.2000E-03
5.4326E-03 1.2000E-03
2.5671E-03 1.2000E-03
3.5647E-03 1.2000E-03
4.5395E-03 1.2000E-03
6.5134E-03 1.2000E-03
2.2027E-03 1.2000E-03
5.5871E-03 1.2000E-03
1.6176E-03 1.2000E-03
4.6402E-03 1.2000E-03
5.2951E-03 1.2000E-03
2.2472E-03 1.2000E-03
1.8730E-03 1.2000E-03
6.1614E-03 1.2000E-03
3.6515E-03 1.2000E-03
3.3521E-03 1.2000E-03
4.1257E-03 1.2000E-03
3.5666E-03 1.2000E-03
1.6734E-03 1.2000E-03
5.9730E-03 1.2000E-03
1.6129E-03 1.2000E-03
1.3152E-03 1.2000E-03
4.3034E-03 1.2000E-03
3.9066E-03 1.2000E-03
8.1730E-04 1.2000E-03
3.1626E-03 1.2000E-03
1.6174E-03 1.2000E-03
5.4654E-03 1.2000E-03
4.9784E-03 1.2000E-03
3.5796E-04 1.2000E-03
