Max Step   Target
3.1053E-03 1.8000E-02
1.8864E-01 1.8000E-02
5.9930E-02 1.8000E-02
6.9972E-02 1.8000E-02
1.6571E-01 1.8000E-02
5.8775E-02 1.8000E-02
1.3260E-02 1.8000E-02
0.0000E+00 1.8000E-02
1.1617E-03 1.8000E-02
1.8562E-03 1.8000E-02
7.7674E-03 1.8000E-02
2.3348E-02 1.8000E-02
3.3618E-02 1.8000E-02
4.6756E-02 1.8000E-02
5.2694E-02 1.8000E-02
5.7178E-03 1.8000E-02
1.0003E-02 1.8000E-02
1.5748E-02 1.8000E-02
6.1747E-02 1.8000E-02
1.1875E-02 1.8000E-02
1.9787E-02 1.8000E-02
3.1806E-01 1.8000E-02
1.9322E-02 1.8000E-02
3.6703E-01 1.8000E-02
4.0793E-01 1.8000E-02
1.7052E-01 1.8000E-02
1.9297E-01 1.8000E-02
2.0878E-01 1.8000E-02
5.0000E-01 1.8000E-02
5.0000E-01 1.8000E-02
5.0000E-01 1.8000E-02
4.5094E-01 1.8000E-02
5.0000E-01 1.8000E-02
5.0000E-01 1.8000E-02
5.0000E-01 1.8000E-02
5.0000E-01 1.8000E-02
5.0000E-01 1.8000E-02
5.0000E-01 1.8000E-02
5.0000E-01 1.8000E-02
5.0000E-01 1.8000E-02
5.0000E-01 1.8000E-02
5.0000E-01 1.8000E-02
5.0000E-01 1.8000E-02
