RMS Grad   Target
1.0903E-03 3.0000E-03
1.0641E-03 3.0000E-03
8.7822E-04 3.0000E-03
5.2484E-04 3.0000E-03
3.9470E-04 3.0000E-03
3.9904E-04 3.0000E-03
6.1430E-04 3.0000E-03
2.1588E-04 3.0000E-03
1.9181E-04 3.0000E-03
1.2235E-04 3.0000E-03
1.0264E-04 3.0000E-03
1.1051E-04 3.0000E-03
1.1090E-04 3.0000E-03
1.6931E-04 3.0000E-03
1.6422E-04 3.0000E-03
2.3331E-04 3.0000E-03
1.3646E-04 3.0000E-03
1.3693E-04 3.0000E-03
1.5560E-04 3.0000E-03
5.5255E-04 3.0000E-03
1.4819E-04 3.0000E-03
1.3981E-04 3.0000E-03
1.0705E-03 3.0000E-03
9.5555E-04 3.0000E-03
8.5663E-04 3.0000E-03
2.1490E-03 3.0000E-03
1.3342E-03 3.0000E-03
1.0787E-03 3.0000E-03
1.4080E-03 3.0000E-03
2.4109E-03 3.0000E-03
3.5365E-03 3.0000E-03
5.9092E-03 3.0000E-03
8.3179E-03 3.0000E-03
1.3424E-02 3.0000E-03
2.1382E-02 3.0000E-03
4.1113E-02 3.0000E-03
9.0178E-02 3.0000E-03
5.5750E-02 3.0000E-03
1.6793E-01 3.0000E-03
5.5558E-01 3.0000E-03
1.0161E+00 3.0000E-03
1.3185E+00 3.0000E-03
1.7061E+00 3.0000E-03
2.5420E+00 3.0000E-03
