RMS Grad   Target
1.2486E-03 3.0000E-04
9.3586E-04 3.0000E-04
1.3168E-03 3.0000E-04
1.1479E-03 3.0000E-04
1.0028E-03 3.0000E-04
9.9123E-04 3.0000E-04
6.7916E-04 3.0000E-04
5.2795E-04 3.0000E-04
6.7114E-04 3.0000E-04
4.1475E-04 3.0000E-04
4.2123E-04 3.0000E-04
6.8086E-04 3.0000E-04
4.8585E-04 3.0000E-04
4.1180E-04 3.0000E-04
5.7283E-04 3.0000E-04
3.6985E-04 3.0000E-04
2.7786E-04 3.0000E-04
3.0005E-04 3.0000E-04
3.5812E-04 3.0000E-04
1.7409E-04 3.0000E-04
1.4213E-04 3.0000E-04
1.5370E-04 3.0000E-04
4.4392E-04 3.0000E-04
9.9115E-05 3.0000E-04
7.9149E-05 3.0000E-04
8.9591E-05 3.0000E-04
2.0812E-04 3.0000E-04
7.4299E-05 3.0000E-04
5.5283E-05 3.0000E-04
5.5283E-05 3.0000E-04
