565.4
157.9
190.2
171.7
172.1
171.5
155.2
155.3
157.3
175.9
155.6
123.8
125.0
157.4
155.8
157.9
122.3
123.9
157.4
158.8
117.9
110.9
118.7
157.4
159.2
126.6
124.8
157.0
158.1
125.7
124.0
123.6
124.5
123.9
123.1
159.5
124.3
123.7
125.6
123.1
124.6
125.2
126.8
124.3
124.6
124.8
155.5
134.4
127.5
125.4
133.3
129.2
146.6
137.7
126.0
133.1
130.5
114.4
127.1
128.8
128.3
125.5
124.1
108.6
125.1
124.9
108.7
124.0
108.5
124.3
108.4
124.5
126.4
108.3
124.7
123.9
107.3
102.8
143.9
125.2
125.9
110.4
108.1
110.0
126.1
124.0
110.2
109.0
110.4
109.3
109.2
109.9
109.2
109.3
108.8
108.7
109.3
109.2
143.2
120.3
124.6
108.8
103.5
101.8
108.8
108.6
105.9
109.9
107.9
107.9
109.1
109.8
109.8
110.9
108.7
107.6
109.6
108.8
108.6
108.7
108.7
109.2
107.2
108.5
108.3
109.8
107.6
109.0
102.1
109.8
108.0
109.9
107.2
107.7
110.8
109.1
