Max Step   Target
1.8363E-03 1.2000E-03
1.5108E-02 1.2000E-03
2.6961E-02 1.2000E-03
3.5839E-02 1.2000E-03
3.7803E-02 1.2000E-03
4.0103E-02 1.2000E-03
4.2092E-02 1.2000E-03
4.2696E-02 1.2000E-03
4.2994E-02 1.2000E-03
4.2524E-02 1.2000E-03
4.1031E-02 1.2000E-03
4.0454E-02 1.2000E-03
3.7666E-02 1.2000E-03
3.6049E-02 1.2000E-03
3.4366E-02 1.2000E-03
3.0473E-02 1.2000E-03
2.9693E-02 1.2000E-03
2.8272E-02 1.2000E-03
2.8703E-02 1.2000E-03
2.8963E-02 1.2000E-03
2.9440E-02 1.2000E-03
2.9991E-02 1.2000E-03
3.0921E-02 1.2000E-03
3.1427E-02 1.2000E-03
3.1958E-02 1.2000E-03
3.2565E-02 1.2000E-03
3.3049E-02 1.2000E-03
3.3523E-02 1.2000E-03
3.3857E-02 1.2000E-03
3.4580E-02 1.2000E-03
3.4430E-02 1.2000E-03
3.5038E-02 1.2000E-03
3.5179E-02 1.2000E-03
3.4624E-02 1.2000E-03
3.5565E-02 1.2000E-03
3.4549E-02 1.2000E-03
3.5558E-02 1.2000E-03
3.4409E-02 1.2000E-03
3.5522E-02 1.2000E-03
3.4488E-02 1.2000E-03
3.5059E-02 1.2000E-03
3.5873E-02 1.2000E-03
3.6530E-02 1.2000E-03
3.7133E-02 1.2000E-03
3.7735E-02 1.2000E-03
3.8156E-02 1.2000E-03
3.8505E-02 1.2000E-03
3.9168E-02 1.2000E-03
3.9217E-02 1.2000E-03
4.1337E-02 1.2000E-03
4.0073E-02 1.2000E-03
4.3473E-02 1.2000E-03
4.5289E-02 1.2000E-03
4.6431E-02 1.2000E-03
4.6424E-02 1.2000E-03
4.7867E-02 1.2000E-03
4.7656E-02 1.2000E-03
4.7548E-02 1.2000E-03
4.7754E-02 1.2000E-03
4.5506E-02 1.2000E-03
4.4220E-02 1.2000E-03
4.1153E-02 1.2000E-03
4.0992E-02 1.2000E-03
4.1625E-02 1.2000E-03
4.2771E-02 1.2000E-03
4.2858E-02 1.2000E-03
4.4420E-02 1.2000E-03
4.4127E-02 1.2000E-03
4.5544E-02 1.2000E-03
4.5445E-02 1.2000E-03
4.6479E-02 1.2000E-03
4.6513E-02 1.2000E-03
4.6789E-02 1.2000E-03
4.6864E-02 1.2000E-03
4.6541E-02 1.2000E-03
4.6363E-02 1.2000E-03
4.5135E-02 1.2000E-03
4.5114E-02 1.2000E-03
4.2984E-02 1.2000E-03
4.3506E-02 1.2000E-03
4.4259E-02 1.2000E-03
4.5087E-02 1.2000E-03
4.5395E-02 1.2000E-03
4.5939E-02 1.2000E-03
4.5726E-02 1.2000E-03
4.6507E-02 1.2000E-03
4.5445E-02 1.2000E-03
4.6979E-02 1.2000E-03
4.5422E-02 1.2000E-03
4.6750E-02 1.2000E-03
4.4907E-02 1.2000E-03
4.6228E-02 1.2000E-03
4.4325E-02 1.2000E-03
4.5480E-02 1.2000E-03
4.4153E-02 1.2000E-03
4.4463E-02 1.2000E-03
4.3649E-02 1.2000E-03
4.4535E-02 1.2000E-03
4.2886E-02 1.2000E-03
4.4328E-02 1.2000E-03
4.5238E-02 1.2000E-03
4.6397E-02 1.2000E-03
4.7427E-02 1.2000E-03
4.8691E-02 1.2000E-03
4.9533E-02 1.2000E-03
5.1077E-02 1.2000E-03
5.1528E-02 1.2000E-03
5.2298E-02 1.2000E-03
5.2626E-02 1.2000E-03
5.2817E-02 1.2000E-03
5.2355E-02 1.2000E-03
5.2591E-02 1.2000E-03
4.8768E-02 1.2000E-03
5.2415E-02 1.2000E-03
4.1124E-02 1.2000E-03
4.7940E-02 1.2000E-03
4.4043E-02 1.2000E-03
3.8859E-02 1.2000E-03
4.0762E-02 1.2000E-03
3.6744E-02 1.2000E-03
3.6989E-02 1.2000E-03
3.8452E-02 1.2000E-03
3.8730E-02 1.2000E-03
4.0445E-02 1.2000E-03
4.0900E-02 1.2000E-03
4.1341E-02 1.2000E-03
4.4161E-02 1.2000E-03
4.4214E-02 1.2000E-03
4.7872E-02 1.2000E-03
4.7736E-02 1.2000E-03
5.1771E-02 1.2000E-03
5.1431E-02 1.2000E-03
5.5282E-02 1.2000E-03
5.5303E-02 1.2000E-03
5.8518E-02 1.2000E-03
5.8908E-02 1.2000E-03
6.1527E-02 1.2000E-03
6.2229E-02 1.2000E-03
6.4178E-02 1.2000E-03
6.4424E-02 1.2000E-03
6.5761E-02 1.2000E-03
6.5557E-02 1.2000E-03
6.4554E-02 1.2000E-03
6.4971E-02 1.2000E-03
5.9962E-02 1.2000E-03
5.9221E-02 1.2000E-03
5.0490E-02 1.2000E-03
4.9974E-02 1.2000E-03
4.5363E-02 1.2000E-03
4.5954E-02 1.2000E-03
5.0708E-02 1.2000E-03
5.3255E-02 1.2000E-03
5.7381E-02 1.2000E-03
6.0480E-02 1.2000E-03
6.4723E-02 1.2000E-03
6.7360E-02 1.2000E-03
6.9918E-02 1.2000E-03
7.5146E-02 1.2000E-03
7.6709E-02 1.2000E-03
8.2232E-02 1.2000E-03
8.0830E-02 1.2000E-03
8.0291E-02 1.2000E-03
7.6269E-02 1.2000E-03
7.3836E-02 1.2000E-03
7.1418E-02 1.2000E-03
6.1762E-02 1.2000E-03
7.8726E-02 1.2000E-03
6.6651E-02 1.2000E-03
8.6093E-02 1.2000E-03
6.7035E-02 1.2000E-03
8.4610E-02 1.2000E-03
5.5998E-02 1.2000E-03
7.7227E-02 1.2000E-03
4.6491E-02 1.2000E-03
6.5458E-02 1.2000E-03
5.7651E-02 1.2000E-03
5.6886E-02 1.2000E-03
3.7563E-02 1.2000E-03
5.0824E-02 1.2000E-03
4.5599E-02 1.2000E-03
5.2521E-02 1.2000E-03
5.3287E-02 1.2000E-03
5.4912E-02 1.2000E-03
5.2773E-02 1.2000E-03
5.6301E-02 1.2000E-03
4.8420E-02 1.2000E-03
5.5953E-02 1.2000E-03
4.5908E-02 1.2000E-03
5.8453E-02 1.2000E-03
5.5717E-02 1.2000E-03
6.2425E-02 1.2000E-03
5.9101E-02 1.2000E-03
5.8506E-02 1.2000E-03
5.9972E-02 1.2000E-03
4.5318E-02 1.2000E-03
5.9195E-02 1.2000E-03
6.8719E-02 1.2000E-03
6.1051E-02 1.2000E-03
6.9198E-02 1.2000E-03
8.4802E-02 1.2000E-03
7.0429E-02 1.2000E-03
4.5865E-02 1.2000E-03
5.3915E-02 1.2000E-03
3.6393E-02 1.2000E-03
5.8599E-02 1.2000E-03
6.2556E-02 1.2000E-03
6.1460E-02 1.2000E-03
6.8929E-02 1.2000E-03
6.6732E-02 1.2000E-03
7.2523E-02 1.2000E-03
7.0396E-02 1.2000E-03
7.5391E-02 1.2000E-03
7.2964E-02 1.2000E-03
4.7693E-02 1.2000E-03
6.7090E-02 1.2000E-03
2.3892E-02 1.2000E-03
5.9218E-02 1.2000E-03
5.1693E-02 1.2000E-03
5.3258E-02 1.2000E-03
7.6922E-02 1.2000E-03
6.1414E-02 1.2000E-03
7.3797E-02 1.2000E-03
3.5904E-02 1.2000E-03
4.4182E-02 1.2000E-03
1.8246E-02 1.2000E-03
5.2486E-02 1.2000E-03
5.1559E-02 1.2000E-03
4.8683E-02 1.2000E-03
4.4737E-02 1.2000E-03
3.6022E-02 1.2000E-03
3.6598E-02 1.2000E-03
2.5176E-02 1.2000E-03
5.7981E-02 1.2000E-03
3.0992E-02 1.2000E-03
6.0941E-02 1.2000E-03
5.7100E-02 1.2000E-03
5.8794E-02 1.2000E-03
5.8847E-02 1.2000E-03
6.1764E-02 1.2000E-03
5.8813E-02 1.2000E-03
6.5122E-02 1.2000E-03
5.0877E-02 1.2000E-03
6.9731E-02 1.2000E-03
3.0909E-02 1.2000E-03
6.3592E-02 1.2000E-03
2.9789E-02 1.2000E-03
6.6772E-02 1.2000E-03
6.3065E-02 1.2000E-03
6.5456E-02 1.2000E-03
6.6027E-02 1.2000E-03
6.7579E-02 1.2000E-03
6.9182E-02 1.2000E-03
6.9016E-02 1.2000E-03
6.8226E-02 1.2000E-03
7.0291E-02 1.2000E-03
7.9002E-02 1.2000E-03
7.2594E-02 1.2000E-03
2.8694E-02 1.2000E-03
5.3385E-02 1.2000E-03
2.8807E-02 1.2000E-03
7.3345E-02 1.2000E-03
7.9852E-02 1.2000E-03
7.9375E-02 1.2000E-03
8.8064E-02 1.2000E-03
8.4260E-02 1.2000E-03
8.7667E-02 1.2000E-03
8.2168E-02 1.2000E-03
4.5453E-02 1.2000E-03
3.0313E-02 1.2000E-03
2.9012E-02 1.2000E-03
1.0015E-01 1.2000E-03
9.3321E-02 1.2000E-03
7.2451E-02 1.2000E-03
5.5732E-02 1.2000E-03
9.7869E-02 1.2000E-03
3.0942E-02 1.2000E-03
7.1868E-02 1.2000E-03
2.5300E-02 1.2000E-03
6.6372E-02 1.2000E-03
7.8014E-02 1.2000E-03
8.9286E-02 1.2000E-03
8.3917E-02 1.2000E-03
8.1957E-02 1.2000E-03
7.0120E-02 1.2000E-03
7.7013E-02 1.2000E-03
7.3429E-02 1.2000E-03
7.4370E-02 1.2000E-03
6.8713E-02 1.2000E-03
8.0987E-02 1.2000E-03
4.0457E-02 1.2000E-03
7.5568E-02 1.2000E-03
2.8053E-02 1.2000E-03
4.7651E-02 1.2000E-03
8.5932E-02 1.2000E-03
9.1178E-02 1.2000E-03
9.2818E-02 1.2000E-03
8.9076E-02 1.2000E-03
6.1820E-02 1.2000E-03
5.4409E-02 1.2000E-03
6.4979E-02 1.2000E-03
9.5482E-02 1.2000E-03
2.0824E-02 1.2000E-03
2.8479E-02 1.2000E-03
5.6120E-02 1.2000E-03
9.1166E-02 1.2000E-03
4.0686E-02 1.2000E-03
5.7342E-02 1.2000E-03
4.6997E-02 1.2000E-03
6.4163E-02 1.2000E-03
3.6616E-02 1.2000E-03
8.8686E-02 1.2000E-03
4.4715E-02 1.2000E-03
2.6946E-02 1.2000E-03
8.2538E-02 1.2000E-03
8.8602E-02 1.2000E-03
1.8839E-02 1.2000E-03
2.3633E-02 1.2000E-03
2.9906E-02 1.2000E-03
7.6661E-02 1.2000E-03
3.7750E-02 1.2000E-03
3.5862E-02 1.2000E-03
5.9860E-02 1.2000E-03
9.6545E-02 1.2000E-03
4.3652E-02 1.2000E-03
9.7686E-02 1.2000E-03
2.9502E-02 1.2000E-03
5.6870E-02 1.2000E-03
1.0521E-01 1.2000E-03
1.0852E-01 1.2000E-03
2.7477E-02 1.2000E-03
9.0145E-02 1.2000E-03
3.9115E-02 1.2000E-03
8.3083E-02 1.2000E-03
5.4321E-02 1.2000E-03
5.3755E-02 1.2000E-03
7.8059E-02 1.2000E-03
9.1203E-02 1.2000E-03
5.0901E-02 1.2000E-03
1.1321E-01 1.2000E-03
3.6237E-02 1.2000E-03
8.1146E-02 1.2000E-03
5.0619E-02 1.2000E-03
6.8665E-02 1.2000E-03
6.9957E-02 1.2000E-03
3.8859E-02 1.2000E-03
1.5947E-02 1.2000E-03
9.1540E-02 1.2000E-03
2.3757E-02 1.2000E-03
9.1398E-02 1.2000E-03
3.3575E-02 1.2000E-03
9.3213E-02 1.2000E-03
2.3669E-02 1.2000E-03
5.3176E-02 1.2000E-03
4.7794E-02 1.2000E-03
3.0694E-02 1.2000E-03
4.4952E-02 1.2000E-03
7.0939E-02 1.2000E-03
2.9093E-02 1.2000E-03
7.8960E-02 1.2000E-03
2.1705E-02 1.2000E-03
6.2823E-02 1.2000E-03
9.1224E-02 1.2000E-03
8.8214E-02 1.2000E-03
2.7634E-02 1.2000E-03
7.7154E-02 1.2000E-03
5.1081E-02 1.2000E-03
5.4641E-02 1.2000E-03
4.7423E-02 1.2000E-03
5.5309E-02 1.2000E-03
5.4303E-02 1.2000E-03
5.8614E-02 1.2000E-03
2.1400E-02 1.2000E-03
6.3825E-02 1.2000E-03
3.7889E-02 1.2000E-03
5.7596E-02 1.2000E-03
3.6058E-02 1.2000E-03
6.0902E-02 1.2000E-03
4.3866E-02 1.2000E-03
5.5852E-02 1.2000E-03
1.7309E-02 1.2000E-03
4.1338E-02 1.2000E-03
4.6010E-02 1.2000E-03
4.4024E-02 1.2000E-03
3.9846E-02 1.2000E-03
5.9137E-02 1.2000E-03
4.8162E-02 1.2000E-03
5.2428E-02 1.2000E-03
2.9915E-02 1.2000E-03
8.6236E-02 1.2000E-03
2.5078E-02 1.2000E-03
6.2557E-02 1.2000E-03
2.0189E-02 1.2000E-03
5.8880E-02 1.2000E-03
4.3405E-02 1.2000E-03
5.9764E-02 1.2000E-03
2.3868E-02 1.2000E-03
5.4177E-02 1.2000E-03
4.0612E-02 1.2000E-03
6.0976E-02 1.2000E-03
2.8448E-02 1.2000E-03
7.1932E-02 1.2000E-03
2.3720E-02 1.2000E-03
6.0592E-02 1.2000E-03
5.3392E-02 1.2000E-03
7.4239E-02 1.2000E-03
2.5438E-02 1.2000E-03
7.4126E-02 1.2000E-03
3.9495E-02 1.2000E-03
6.2335E-02 1.2000E-03
2.3563E-02 1.2000E-03
5.3159E-02 1.2000E-03
2.0708E-02 1.2000E-03
4.2674E-02 1.2000E-03
5.9946E-02 1.2000E-03
2.0892E-02 1.2000E-03
7.5077E-02 1.2000E-03
3.8884E-02 1.2000E-03
5.8671E-02 1.2000E-03
7.5272E-02 1.2000E-03
7.0269E-02 1.2000E-03
2.3325E-02 1.2000E-03
8.2029E-02 1.2000E-03
2.0422E-02 1.2000E-03
4.8623E-02 1.2000E-03
8.9390E-02 1.2000E-03
7.1358E-02 1.2000E-03
1.3028E-02 1.2000E-03
5.8819E-02 1.2000E-03
1.4809E-02 1.2000E-03
4.3973E-02 1.2000E-03
8.9461E-02 1.2000E-03
4.1058E-02 1.2000E-03
2.3246E-02 1.2000E-03
4.4442E-02 1.2000E-03
4.3734E-02 1.2000E-03
1.8576E-02 1.2000E-03
7.6583E-02 1.2000E-03
2.4915E-02 1.2000E-03
2.7623E-02 1.2000E-03
7.8035E-02 1.2000E-03
3.5735E-02 1.2000E-03
1.5470E-02 1.2000E-03
4.7888E-02 1.2000E-03
1.6410E-02 1.2000E-03
2.0716E-02 1.2000E-03
5.9924E-02 1.2000E-03
2.4066E-02 1.2000E-03
3.1518E-02 1.2000E-03
4.2681E-02 1.2000E-03
4.8809E-02 1.2000E-03
2.9996E-02 1.2000E-03
2.5050E-02 1.2000E-03
2.5025E-02 1.2000E-03
5.8008E-02 1.2000E-03
7.7644E-02 1.2000E-03
1.0199E-02 1.2000E-03
8.2449E-03 1.2000E-03
1.9580E-02 1.2000E-03
3.9465E-02 1.2000E-03
1.2398E-02 1.2000E-03
1.8011E-02 1.2000E-03
1.9413E-02 1.2000E-03
4.5454E-02 1.2000E-03
5.2858E-02 1.2000E-03
1.8555E-02 1.2000E-03
1.9583E-02 1.2000E-03
3.1367E-02 1.2000E-03
4.6825E-02 1.2000E-03
5.8131E-02 1.2000E-03
1.9818E-02 1.2000E-03
3.3918E-02 1.2000E-03
2.1083E-02 1.2000E-03
4.6503E-02 1.2000E-03
6.0481E-02 1.2000E-03
2.0739E-02 1.2000E-03
2.1744E-02 1.2000E-03
6.1402E-02 1.2000E-03
1.6409E-02 1.2000E-03
3.3627E-02 1.2000E-03
6.0994E-02 1.2000E-03
7.9432E-02 1.2000E-03
2.4593E-02 1.2000E-03
4.2439E-02 1.2000E-03
2.8172E-02 1.2000E-03
2.2964E-02 1.2000E-03
6.1136E-02 1.2000E-03
4.6714E-02 1.2000E-03
4.2371E-02 1.2000E-03
3.7425E-02 1.2000E-03
5.0156E-02 1.2000E-03
3.6286E-02 1.2000E-03
5.7434E-02 1.2000E-03
2.9222E-02 1.2000E-03
3.6884E-02 1.2000E-03
1.2607E-02 1.2000E-03
6.3323E-02 1.2000E-03
5.2795E-02 1.2000E-03
1.3014E-02 1.2000E-03
8.4672E-02 1.2000E-03
2.5333E-02 1.2000E-03
4.5360E-02 1.2000E-03
8.5118E-02 1.2000E-03
8.7059E-02 1.2000E-03
7.5373E-02 1.2000E-03
1.8516E-02 1.2000E-03
5.4562E-02 1.2000E-03
7.4430E-02 1.2000E-03
7.2742E-02 1.2000E-03
1.3945E-02 1.2000E-03
2.4183E-02 1.2000E-03
3.0327E-02 1.2000E-03
8.0215E-02 1.2000E-03
3.6689E-02 1.2000E-03
1.6648E-02 1.2000E-03
4.6455E-02 1.2000E-03
2.2160E-02 1.2000E-03
4.2787E-02 1.2000E-03
3.6504E-02 1.2000E-03
3.5275E-02 1.2000E-03
2.9912E-02 1.2000E-03
4.5432E-02 1.2000E-03
3.9129E-02 1.2000E-03
1.2865E-02 1.2000E-03
2.9787E-02 1.2000E-03
2.6594E-02 1.2000E-03
8.0340E-02 1.2000E-03
2.6638E-02 1.2000E-03
2.3669E-02 1.2000E-03
4.5269E-02 1.2000E-03
7.3900E-02 1.2000E-03
1.0042E-02 1.2000E-03
2.3129E-02 1.2000E-03
1.9628E-02 1.2000E-03
8.9213E-02 1.2000E-03
3.3237E-02 1.2000E-03
6.7583E-02 1.2000E-03
5.1247E-02 1.2000E-03
5.6760E-02 1.2000E-03
8.8284E-02 1.2000E-03
3.9833E-02 1.2000E-03
2.9377E-02 1.2000E-03
6.7098E-02 1.2000E-03
2.7340E-02 1.2000E-03
4.3088E-02 1.2000E-03
5.5230E-02 1.2000E-03
6.9120E-02 1.2000E-03
1.5373E-02 1.2000E-03
3.3434E-02 1.2000E-03
2.1197E-02 1.2000E-03
6.7321E-02 1.2000E-03
1.2739E-02 1.2000E-03
4.5159E-02 1.2000E-03
5.2072E-02 1.2000E-03
1.0144E-01 1.2000E-03
4.8551E-02 1.2000E-03
9.6418E-02 1.2000E-03
2.7683E-02 1.2000E-03
3.9447E-02 1.2000E-03
3.0362E-02 1.2000E-03
3.9835E-02 1.2000E-03
8.7001E-02 1.2000E-03
2.2727E-02 1.2000E-03
9.7915E-02 1.2000E-03
1.3835E-02 1.2000E-03
6.0720E-02 1.2000E-03
1.0185E-01 1.2000E-03
1.1204E-02 1.2000E-03
3.7763E-02 1.2000E-03
7.3273E-02 1.2000E-03
7.7773E-02 1.2000E-03
4.2335E-02 1.2000E-03
3.9353E-02 1.2000E-03
4.1118E-02 1.2000E-03
5.2071E-02 1.2000E-03
5.2623E-02 1.2000E-03
4.2098E-02 1.2000E-03
5.8363E-02 1.2000E-03
6.4042E-02 1.2000E-03
1.0260E-01 1.2000E-03
3.5833E-02 1.2000E-03
9.6500E-02 1.2000E-03
9.5076E-03 1.2000E-03
7.3809E-02 1.2000E-03
1.1433E-01 1.2000E-03
2.9167E-02 1.2000E-03
9.7322E-02 1.2000E-03
1.7553E-02 1.2000E-03
6.1335E-02 1.2000E-03
1.0540E-01 1.2000E-03
2.1669E-02 1.2000E-03
3.1885E-02 1.2000E-03
9.1188E-02 1.2000E-03
2.8249E-02 1.2000E-03
3.3459E-02 1.2000E-03
2.5395E-02 1.2000E-03
3.8591E-02 1.2000E-03
1.7098E-02 1.2000E-03
5.4540E-02 1.2000E-03
2.2224E-02 1.2000E-03
1.6976E-02 1.2000E-03
6.1915E-02 1.2000E-03
4.2696E-02 1.2000E-03
6.8474E-03 1.2000E-03
1.1717E-02 1.2000E-03
1.8502E-02 1.2000E-03
5.7076E-02 1.2000E-03
2.7568E-02 1.2000E-03
1.3984E-02 1.2000E-03
2.2835E-02 1.2000E-03
2.8717E-02 1.2000E-03
1.2843E-02 1.2000E-03
2.8372E-02 1.2000E-03
1.9386E-02 1.2000E-03
3.6640E-02 1.2000E-03
3.9815E-02 1.2000E-03
1.8683E-02 1.2000E-03
9.6851E-03 1.2000E-03
2.1305E-02 1.2000E-03
5.1479E-02 1.2000E-03
9.8813E-03 1.2000E-03
9.2704E-03 1.2000E-03
2.6697E-02 1.2000E-03
3.3645E-02 1.2000E-03
4.9290E-02 1.2000E-03
1.0896E-02 1.2000E-03
1.9841E-02 1.2000E-03
2.1194E-02 1.2000E-03
1.8891E-02 1.2000E-03
5.4006E-02 1.2000E-03
3.6457E-02 1.2000E-03
1.1848E-02 1.2000E-03
4.3893E-02 1.2000E-03
2.4580E-02 1.2000E-03
1.5104E-02 1.2000E-03
5.8928E-02 1.2000E-03
4.5684E-02 1.2000E-03
2.2309E-02 1.2000E-03
1.3309E-02 1.2000E-03
1.4271E-02 1.2000E-03
4.4125E-02 1.2000E-03
5.0960E-02 1.2000E-03
2.5383E-02 1.2000E-03
7.8753E-03 1.2000E-03
1.2624E-02 1.2000E-03
2.0182E-02 1.2000E-03
2.0821E-02 1.2000E-03
2.6297E-02 1.2000E-03
2.7512E-02 1.2000E-03
2.8015E-02 1.2000E-03
2.7900E-02 1.2000E-03
1.9346E-02 1.2000E-03
4.8492E-02 1.2000E-03
2.2954E-02 1.2000E-03
2.5975E-02 1.2000E-03
2.8643E-02 1.2000E-03
6.0985E-02 1.2000E-03
2.2994E-02 1.2000E-03
2.5535E-02 1.2000E-03
3.6612E-02 1.2000E-03
7.4818E-02 1.2000E-03
6.4020E-02 1.2000E-03
1.1959E-02 1.2000E-03
1.8934E-02 1.2000E-03
3.6956E-02 1.2000E-03
2.5215E-02 1.2000E-03
3.9368E-02 1.2000E-03
6.1339E-02 1.2000E-03
2.7728E-02 1.2000E-03
6.4642E-02 1.2000E-03
1.2636E-02 1.2000E-03
1.9477E-02 1.2000E-03
4.2366E-02 1.2000E-03
4.7190E-02 1.2000E-03
2.0143E-02 1.2000E-03
4.0590E-02 1.2000E-03
3.1710E-02 1.2000E-03
2.8194E-02 1.2000E-03
3.4613E-02 1.2000E-03
3.2041E-02 1.2000E-03
1.6151E-02 1.2000E-03
3.9775E-02 1.2000E-03
2.4402E-02 1.2000E-03
3.2228E-02 1.2000E-03
2.6317E-02 1.2000E-03
4.7447E-02 1.2000E-03
2.8650E-02 1.2000E-03
2.0139E-02 1.2000E-03
2.7757E-02 1.2000E-03
4.1151E-02 1.2000E-03
5.1545E-02 1.2000E-03
2.1846E-02 1.2000E-03
1.7041E-02 1.2000E-03
1.6158E-02 1.2000E-03
3.3746E-02 1.2000E-03
2.0795E-02 1.2000E-03
4.5798E-02 1.2000E-03
3.6704E-02 1.2000E-03
6.8993E-03 1.2000E-03
1.9673E-02 1.2000E-03
2.2531E-02 1.2000E-03
4.2633E-02 1.2000E-03
4.2282E-02 1.2000E-03
9.7909E-03 1.2000E-03
2.3346E-02 1.2000E-03
1.5219E-02 1.2000E-03
4.9818E-02 1.2000E-03
2.2407E-02 1.2000E-03
2.5794E-02 1.2000E-03
1.8926E-02 1.2000E-03
1.7927E-02 1.2000E-03
2.3769E-02 1.2000E-03
1.5722E-02 1.2000E-03
2.7941E-02 1.2000E-03
3.2681E-02 1.2000E-03
1.6040E-02 1.2000E-03
1.8999E-02 1.2000E-03
2.7100E-02 1.2000E-03
2.7963E-02 1.2000E-03
2.2222E-02 1.2000E-03
2.9187E-02 1.2000E-03
2.0530E-02 1.2000E-03
3.1017E-02 1.2000E-03
2.8284E-02 1.2000E-03
3.1462E-02 1.2000E-03
2.8837E-02 1.2000E-03
2.2792E-02 1.2000E-03
2.3526E-02 1.2000E-03
3.4185E-02 1.2000E-03
2.4107E-02 1.2000E-03
1.4209E-02 1.2000E-03
2.8360E-02 1.2000E-03
3.1779E-02 1.2000E-03
1.0099E-02 1.2000E-03
1.6994E-02 1.2000E-03
2.4000E-02 1.2000E-03
3.3508E-02 1.2000E-03
2.3914E-02 1.2000E-03
1.9110E-02 1.2000E-03
2.0720E-02 1.2000E-03
1.6397E-02 1.2000E-03
1.9136E-02 1.2000E-03
1.2613E-02 1.2000E-03
2.5633E-02 1.2000E-03
1.9923E-02 1.2000E-03
2.0089E-02 1.2000E-03
1.5388E-02 1.2000E-03
1.6733E-02 1.2000E-03
8.8857E-03 1.2000E-03
9.1340E-03 1.2000E-03
1.2559E-02 1.2000E-03
2.3830E-02 1.2000E-03
1.3245E-02 1.2000E-03
1.1758E-02 1.2000E-03
1.5261E-02 1.2000E-03
1.0492E-02 1.2000E-03
5.8190E-03 1.2000E-03
1.3181E-02 1.2000E-03
1.2484E-02 1.2000E-03
4.8838E-03 1.2000E-03
1.2040E-02 1.2000E-03
9.0767E-03 1.2000E-03
1.8642E-02 1.2000E-03
4.6829E-03 1.2000E-03
3.7670E-03 1.2000E-03
5.5011E-03 1.2000E-03
1.4159E-02 1.2000E-03
3.5845E-03 1.2000E-03
8.3347E-03 1.2000E-03
7.2304E-03 1.2000E-03
1.4590E-02 1.2000E-03
3.4394E-03 1.2000E-03
2.9764E-03 1.2000E-03
4.8757E-03 1.2000E-03
7.5802E-03 1.2000E-03
6.2012E-03 1.2000E-03
5.1662E-03 1.2000E-03
6.9558E-03 1.2000E-03
5.9402E-03 1.2000E-03
5.5624E-03 1.2000E-03
9.2180E-03 1.2000E-03
3.2871E-03 1.2000E-03
1.9452E-03 1.2000E-03
9.0664E-03 1.2000E-03
1.0741E-02 1.2000E-03
1.9955E-03 1.2000E-03
5.4376E-03 1.2000E-03
6.0780E-03 1.2000E-03
1.3503E-02 1.2000E-03
1.1927E-02 1.2000E-03
2.7264E-03 1.2000E-03
8.1915E-03 1.2000E-03
1.0504E-02 1.2000E-03
3.3066E-03 1.2000E-03
1.1103E-02 1.2000E-03
7.3669E-03 1.2000E-03
2.1801E-02 1.2000E-03
1.7051E-02 1.2000E-03
7.9291E-04 1.2000E-03
4.1091E-03 1.2000E-03
1.1179E-02 1.2000E-03
9.1158E-03 1.2000E-03
1.6992E-02 1.2000E-03
1.5109E-02 1.2000E-03
1.0893E-02 1.2000E-03
1.8174E-02 1.2000E-03
2.8144E-03 1.2000E-03
2.7084E-03 1.2000E-03
9.9495E-03 1.2000E-03
2.3939E-02 1.2000E-03
1.2062E-02 1.2000E-03
6.5478E-03 1.2000E-03
9.4615E-03 1.2000E-03
1.1724E-02 1.2000E-03
5.7432E-03 1.2000E-03
1.0211E-02 1.2000E-03
9.1595E-03 1.2000E-03
2.7274E-02 1.2000E-03
6.3623E-03 1.2000E-03
1.0614E-02 1.2000E-03
6.0919E-03 1.2000E-03
2.8623E-02 1.2000E-03
5.1368E-03 1.2000E-03
7.7078E-03 1.2000E-03
8.7234E-03 1.2000E-03
3.2617E-02 1.2000E-03
1.6525E-02 1.2000E-03
1.6865E-02 1.2000E-03
1.1262E-02 1.2000E-03
2.1943E-02 1.2000E-03
5.4092E-03 1.2000E-03
2.9611E-02 1.2000E-03
1.1149E-02 1.2000E-03
1.7677E-02 1.2000E-03
2.9220E-02 1.2000E-03
2.3683E-02 1.2000E-03
3.1175E-02 1.2000E-03
2.4721E-02 1.2000E-03
2.4141E-02 1.2000E-03
1.8711E-02 1.2000E-03
3.5477E-02 1.2000E-03
1.6619E-02 1.2000E-03
6.7310E-02 1.2000E-03
2.1805E-02 1.2000E-03
1.1379E-02 1.2000E-03
3.9232E-02 1.2000E-03
5.0774E-02 1.2000E-03
6.4684E-02 1.2000E-03
3.2198E-03 1.2000E-03
2.7066E-02 1.2000E-03
1.0708E-02 1.2000E-03
7.0911E-02 1.2000E-03
3.9547E-02 1.2000E-03
4.4371E-02 1.2000E-03
4.8974E-02 1.2000E-03
2.0286E-02 1.2000E-03
1.0225E-01 1.2000E-03
1.1959E-02 1.2000E-03
3.4195E-02 1.2000E-03
9.5674E-02 1.2000E-03
1.7413E-02 1.2000E-03
6.2523E-02 1.2000E-03
4.1579E-02 1.2000E-03
3.4728E-02 1.2000E-03
1.5848E-02 1.2000E-03
7.9388E-02 1.2000E-03
1.4258E-02 1.2000E-03
1.7694E-02 1.2000E-03
3.0764E-02 1.2000E-03
3.3300E-02 1.2000E-03
1.2916E-02 1.2000E-03
1.9782E-02 1.2000E-03
1.1225E-02 1.2000E-03
2.0976E-02 1.2000E-03
2.2067E-02 1.2000E-03
1.8090E-02 1.2000E-03
2.6064E-02 1.2000E-03
1.8133E-02 1.2000E-03
2.6033E-02 1.2000E-03
1.6042E-02 1.2000E-03
5.0121E-02 1.2000E-03
8.9386E-03 1.2000E-03
3.1253E-02 1.2000E-03
2.3162E-02 1.2000E-03
4.1394E-02 1.2000E-03
3.4699E-02 1.2000E-03
2.0295E-02 1.2000E-03
9.0334E-03 1.2000E-03
3.1232E-02 1.2000E-03
3.9616E-02 1.2000E-03
2.4644E-02 1.2000E-03
1.7303E-02 1.2000E-03
8.0817E-02 1.2000E-03
2.6355E-02 1.2000E-03
1.8543E-02 1.2000E-03
3.9852E-02 1.2000E-03
8.9884E-02 1.2000E-03
1.3120E-02 1.2000E-03
3.6357E-03 1.2000E-03
3.2263E-02 1.2000E-03
3.6237E-02 1.2000E-03
3.1420E-02 1.2000E-03
5.4494E-02 1.2000E-03
1.5359E-02 1.2000E-03
6.9765E-02 1.2000E-03
1.4290E-02 1.2000E-03
8.0456E-03 1.2000E-03
7.9538E-03 1.2000E-03
2.6188E-02 1.2000E-03
2.2290E-02 1.2000E-03
2.1292E-02 1.2000E-03
1.1265E-02 1.2000E-03
8.4109E-03 1.2000E-03
2.9107E-02 1.2000E-03
7.6493E-03 1.2000E-03
4.9142E-03 1.2000E-03
1.5111E-02 1.2000E-03
1.0402E-02 1.2000E-03
1.6622E-02 1.2000E-03
2.3776E-02 1.2000E-03
7.6892E-03 1.2000E-03
8.3255E-03 1.2000E-03
2.1744E-02 1.2000E-03
1.3003E-02 1.2000E-03
1.1700E-02 1.2000E-03
1.9624E-02 1.2000E-03
1.6261E-02 1.2000E-03
1.6082E-02 1.2000E-03
2.5817E-02 1.2000E-03
1.7282E-02 1.2000E-03
1.0714E-02 1.2000E-03
1.9376E-02 1.2000E-03
1.7948E-02 1.2000E-03
8.0650E-03 1.2000E-03
3.2891E-02 1.2000E-03
2.1727E-02 1.2000E-03
1.1819E-02 1.2000E-03
2.5137E-02 1.2000E-03
1.0058E-02 1.2000E-03
3.4428E-02 1.2000E-03
1.7627E-02 1.2000E-03
1.7567E-02 1.2000E-03
9.3287E-03 1.2000E-03
3.8010E-02 1.2000E-03
1.5525E-02 1.2000E-03
2.7884E-02 1.2000E-03
1.5136E-02 1.2000E-03
2.2782E-02 1.2000E-03
4.8066E-02 1.2000E-03
2.7598E-02 1.2000E-03
4.7666E-03 1.2000E-03
3.3574E-02 1.2000E-03
1.2997E-02 1.2000E-03
5.7673E-02 1.2000E-03
4.4284E-02 1.2000E-03
1.9758E-02 1.2000E-03
2.1947E-02 1.2000E-03
7.9769E-02 1.2000E-03
1.5707E-02 1.2000E-03
4.5983E-02 1.2000E-03
1.0688E-02 1.2000E-03
3.8738E-02 1.2000E-03
3.1270E-02 1.2000E-03
4.9815E-02 1.2000E-03
1.7674E-02 1.2000E-03
5.6877E-02 1.2000E-03
1.8005E-02 1.2000E-03
3.0358E-02 1.2000E-03
3.6648E-02 1.2000E-03
2.2816E-02 1.2000E-03
5.7323E-02 1.2000E-03
3.4530E-02 1.2000E-03
1.4897E-02 1.2000E-03
4.5047E-02 1.2000E-03
3.0635E-02 1.2000E-03
4.5707E-02 1.2000E-03
4.8124E-02 1.2000E-03
2.9240E-02 1.2000E-03
3.0048E-02 1.2000E-03
2.7392E-02 1.2000E-03
6.3963E-02 1.2000E-03
1.7985E-02 1.2000E-03
3.4652E-02 1.2000E-03
2.5081E-02 1.2000E-03
4.7257E-02 1.2000E-03
4.9735E-02 1.2000E-03
2.9949E-02 1.2000E-03
1.6088E-02 1.2000E-03
2.2529E-02 1.2000E-03
4.7842E-02 1.2000E-03
1.4625E-02 1.2000E-03
5.3036E-03 1.2000E-03
4.1949E-02 1.2000E-03
1.4277E-02 1.2000E-03
1.5162E-02 1.2000E-03
5.3910E-02 1.2000E-03
1.4347E-02 1.2000E-03
4.5785E-03 1.2000E-03
3.4228E-02 1.2000E-03
1.8429E-02 1.2000E-03
2.3289E-03 1.2000E-03
1.6976E-02 1.2000E-03
6.4898E-03 1.2000E-03
3.8255E-02 1.2000E-03
2.1235E-02 1.2000E-03
2.3686E-03 1.2000E-03
1.5866E-02 1.2000E-03
9.3335E-03 1.2000E-03
1.6302E-02 1.2000E-03
2.9045E-02 1.2000E-03
1.0469E-02 1.2000E-03
6.9331E-03 1.2000E-03
2.5269E-02 1.2000E-03
1.5692E-02 1.2000E-03
5.0075E-03 1.2000E-03
2.2218E-02 1.2000E-03
2.3189E-02 1.2000E-03
1.8691E-02 1.2000E-03
1.6838E-02 1.2000E-03
1.5096E-02 1.2000E-03
3.4840E-02 1.2000E-03
9.2968E-03 1.2000E-03
3.0824E-03 1.2000E-03
1.8830E-02 1.2000E-03
2.7821E-02 1.2000E-03
5.7996E-02 1.2000E-03
7.1792E-03 1.2000E-03
1.0623E-02 1.2000E-03
7.7872E-03 1.2000E-03
4.4654E-02 1.2000E-03
2.1253E-02 1.2000E-03
9.5510E-03 1.2000E-03
3.3186E-02 1.2000E-03
2.3886E-02 1.2000E-03
3.8883E-02 1.2000E-03
1.3651E-02 1.2000E-03
1.8856E-02 1.2000E-03
2.0570E-02 1.2000E-03
3.3221E-02 1.2000E-03
6.6952E-03 1.2000E-03
3.6143E-02 1.2000E-03
4.5477E-03 1.2000E-03
3.2951E-02 1.2000E-03
1.8852E-02 1.2000E-03
1.8394E-02 1.2000E-03
3.5821E-02 1.2000E-03
2.2739E-02 1.2000E-03
7.6828E-03 1.2000E-03
2.1308E-02 1.2000E-03
5.7594E-03 1.2000E-03
5.3721E-02 1.2000E-03
5.4142E-03 1.2000E-03
1.2078E-02 1.2000E-03
1.6171E-02 1.2000E-03
3.1333E-02 1.2000E-03
7.9512E-03 1.2000E-03
1.7331E-02 1.2000E-03
1.1627E-02 1.2000E-03
3.3277E-02 1.2000E-03
1.1662E-02 1.2000E-03
1.3884E-02 1.2000E-03
1.2367E-02 1.2000E-03
2.2056E-02 1.2000E-03
1.7807E-02 1.2000E-03
3.3240E-02 1.2000E-03
3.5340E-03 1.2000E-03
2.6192E-02 1.2000E-03
8.1339E-03 1.2000E-03
2.4383E-02 1.2000E-03
3.3782E-02 1.2000E-03
1.6380E-02 1.2000E-03
1.5471E-02 1.2000E-03
3.2520E-02 1.2000E-03
1.2229E-02 1.2000E-03
1.2559E-02 1.2000E-03
2.9273E-02 1.2000E-03
2.4544E-02 1.2000E-03
1.3296E-02 1.2000E-03
1.3314E-02 1.2000E-03
3.3017E-02 1.2000E-03
9.4969E-03 1.2000E-03
3.4857E-02 1.2000E-03
1.0244E-02 1.2000E-03
1.5673E-02 1.2000E-03
2.4904E-02 1.2000E-03
2.4298E-02 1.2000E-03
1.1880E-02 1.2000E-03
3.0020E-02 1.2000E-03
4.1245E-02 1.2000E-03
2.2086E-02 1.2000E-03
2.0180E-02 1.2000E-03
2.9646E-02 1.2000E-03
5.8998E-02 1.2000E-03
2.5080E-02 1.2000E-03
6.9019E-03 1.2000E-03
8.1236E-02 1.2000E-03
1.6748E-02 1.2000E-03
1.3888E-02 1.2000E-03
6.3767E-02 1.2000E-03
5.8442E-02 1.2000E-03
7.3015E-02 1.2000E-03
3.0723E-02 1.2000E-03
1.7611E-02 1.2000E-03
1.8611E-02 1.2000E-03
4.0987E-02 1.2000E-03
2.5086E-02 1.2000E-03
4.1574E-02 1.2000E-03
1.3768E-02 1.2000E-03
1.0652E-01 1.2000E-03
6.4707E-02 1.2000E-03
6.3847E-03 1.2000E-03
2.2483E-02 1.2000E-03
5.0682E-02 1.2000E-03
3.5885E-02 1.2000E-03
5.5854E-03 1.2000E-03
1.0368E-02 1.2000E-03
1.8451E-02 1.2000E-03
4.5993E-02 1.2000E-03
6.6361E-02 1.2000E-03
2.5726E-02 1.2000E-03
3.6357E-02 1.2000E-03
1.3891E-02 1.2000E-03
5.4172E-02 1.2000E-03
4.8366E-02 1.2000E-03
2.7930E-02 1.2000E-03
4.9943E-02 1.2000E-03
4.1389E-02 1.2000E-03
4.6702E-02 1.2000E-03
4.4016E-02 1.2000E-03
6.2808E-02 1.2000E-03
3.6245E-02 1.2000E-03
3.4125E-02 1.2000E-03
3.3971E-02 1.2000E-03
4.0613E-02 1.2000E-03
5.1545E-02 1.2000E-03
3.0317E-02 1.2000E-03
1.2637E-02 1.2000E-03
3.8922E-02 1.2000E-03
2.7987E-02 1.2000E-03
3.9732E-02 1.2000E-03
1.4384E-02 1.2000E-03
4.2338E-02 1.2000E-03
1.5861E-02 1.2000E-03
7.3619E-03 1.2000E-03
2.1532E-02 1.2000E-03
3.8579E-02 1.2000E-03
1.5175E-02 1.2000E-03
4.1938E-03 1.2000E-03
9.0224E-03 1.2000E-03
1.6759E-02 1.2000E-03
3.7186E-02 1.2000E-03
5.7846E-03 1.2000E-03
4.2535E-03 1.2000E-03
9.6187E-03 1.2000E-03
3.1892E-02 1.2000E-03
6.5374E-03 1.2000E-03
9.6882E-03 1.2000E-03
1.0016E-02 1.2000E-03
3.3545E-02 1.2000E-03
9.7515E-03 1.2000E-03
1.5356E-02 1.2000E-03
2.3320E-02 1.2000E-03
2.4749E-02 1.2000E-03
2.6365E-02 1.2000E-03
5.1806E-02 1.2000E-03
1.4221E-02 1.2000E-03
1.8607E-02 1.2000E-03
1.1103E-02 1.2000E-03
4.8767E-02 1.2000E-03
3.6211E-02 1.2000E-03
2.1007E-02 1.2000E-03
3.8685E-02 1.2000E-03
5.3067E-02 1.2000E-03
1.2445E-02 1.2000E-03
3.7851E-02 1.2000E-03
1.8239E-02 1.2000E-03
4.3365E-02 1.2000E-03
3.2086E-02 1.2000E-03
3.6349E-02 1.2000E-03
2.9352E-02 1.2000E-03
3.2006E-02 1.2000E-03
2.8778E-02 1.2000E-03
4.2960E-02 1.2000E-03
2.3257E-02 1.2000E-03
3.9652E-02 1.2000E-03
1.1231E-02 1.2000E-03
3.3563E-02 1.2000E-03
3.6774E-02 1.2000E-03
2.7576E-02 1.2000E-03
1.6773E-02 1.2000E-03
2.4247E-02 1.2000E-03
3.0651E-02 1.2000E-03
1.0082E-02 1.2000E-03
3.5569E-02 1.2000E-03
1.6905E-02 1.2000E-03
3.4117E-02 1.2000E-03
3.4453E-02 1.2000E-03
1.4553E-02 1.2000E-03
1.3979E-02 1.2000E-03
3.0258E-02 1.2000E-03
6.6584E-03 1.2000E-03
1.1864E-02 1.2000E-03
2.2311E-02 1.2000E-03
1.2780E-02 1.2000E-03
1.5383E-02 1.2000E-03
1.6657E-02 1.2000E-03
2.6720E-02 1.2000E-03
8.6555E-03 1.2000E-03
5.6183E-03 1.2000E-03
4.4683E-03 1.2000E-03
1.9676E-02 1.2000E-03
8.5042E-03 1.2000E-03
2.3750E-02 1.2000E-03
9.0901E-03 1.2000E-03
1.6845E-02 1.2000E-03
2.0837E-02 1.2000E-03
7.0830E-03 1.2000E-03
4.7983E-03 1.2000E-03
1.9061E-02 1.2000E-03
1.7806E-02 1.2000E-03
5.6019E-03 1.2000E-03
1.6755E-02 1.2000E-03
1.4554E-02 1.2000E-03
1.3356E-02 1.2000E-03
2.3148E-02 1.2000E-03
1.3577E-02 1.2000E-03
6.3443E-03 1.2000E-03
1.9263E-02 1.2000E-03
2.7135E-02 1.2000E-03
3.8883E-03 1.2000E-03
1.7314E-02 1.2000E-03
1.3216E-02 1.2000E-03
4.8049E-02 1.2000E-03
4.2599E-03 1.2000E-03
7.2568E-03 1.2000E-03
1.0243E-02 1.2000E-03
3.0031E-02 1.2000E-03
1.5775E-02 1.2000E-03
2.1842E-02 1.2000E-03
1.8580E-02 1.2000E-03
2.8801E-02 1.2000E-03
2.8015E-02 1.2000E-03
9.3660E-03 1.2000E-03
6.4890E-03 1.2000E-03
9.4362E-03 1.2000E-03
3.4727E-02 1.2000E-03
7.6670E-03 1.2000E-03
1.7246E-02 1.2000E-03
6.4838E-03 1.2000E-03
3.6275E-02 1.2000E-03
1.0478E-02 1.2000E-03
4.1490E-03 1.2000E-03
1.4757E-02 1.2000E-03
1.5727E-02 1.2000E-03
6.2725E-03 1.2000E-03
1.2843E-02 1.2000E-03
1.4108E-02 1.2000E-03
7.8695E-03 1.2000E-03
5.9611E-03 1.2000E-03
1.3279E-02 1.2000E-03
6.2239E-03 1.2000E-03
1.2945E-02 1.2000E-03
1.4364E-02 1.2000E-03
1.8452E-02 1.2000E-03
5.7093E-03 1.2000E-03
2.3070E-02 1.2000E-03
1.0093E-02 1.2000E-03
5.0889E-03 1.2000E-03
2.2707E-02 1.2000E-03
2.0198E-02 1.2000E-03
1.7803E-03 1.2000E-03
1.4310E-02 1.2000E-03
1.2071E-02 1.2000E-03
5.0547E-02 1.2000E-03
8.0858E-03 1.2000E-03
5.9114E-03 1.2000E-03
1.4095E-02 1.2000E-03
4.2689E-02 1.2000E-03
1.3114E-02 1.2000E-03
2.5618E-02 1.2000E-03
1.4707E-02 1.2000E-03
4.0052E-02 1.2000E-03
2.6717E-02 1.2000E-03
3.5048E-02 1.2000E-03
2.2731E-02 1.2000E-03
5.0780E-02 1.2000E-03
5.4420E-02 1.2000E-03
9.4618E-02 1.2000E-03
3.6585E-02 1.2000E-03
1.9747E-02 1.2000E-03
5.3536E-02 1.2000E-03
1.0476E-01 1.2000E-03
2.5804E-02 1.2000E-03
1.4509E-02 1.2000E-03
1.2804E-01 1.2000E-03
4.2228E-02 1.2000E-03
2.9686E-02 1.2000E-03
1.1604E-01 1.2000E-03
1.3333E-02 1.2000E-03
5.3529E-02 1.2000E-03
1.5148E-01 1.2000E-03
4.4152E-02 1.2000E-03
4.9161E-02 1.2000E-03
1.0673E-01 1.2000E-03
2.5801E-02 1.2000E-03
8.4886E-02 1.2000E-03
6.3514E-02 1.2000E-03
4.0569E-02 1.2000E-03
7.5032E-02 1.2000E-03
6.3335E-02 1.2000E-03
1.3307E-01 1.2000E-03
2.7966E-02 1.2000E-03
3.4851E-02 1.2000E-03
1.4027E-02 1.2000E-03
5.0098E-02 1.2000E-03
6.5044E-02 1.2000E-03
2.2969E-02 1.2000E-03
4.4289E-02 1.2000E-03
4.3675E-02 1.2000E-03
1.5120E-02 1.2000E-03
1.7912E-02 1.2000E-03
2.7579E-02 1.2000E-03
1.4830E-02 1.2000E-03
2.4526E-02 1.2000E-03
4.1055E-02 1.2000E-03
1.8328E-02 1.2000E-03
1.2177E-02 1.2000E-03
1.0627E-02 1.2000E-03
3.9823E-02 1.2000E-03
1.0939E-02 1.2000E-03
2.6614E-02 1.2000E-03
9.3345E-03 1.2000E-03
6.2776E-03 1.2000E-03
2.0890E-02 1.2000E-03
3.2221E-02 1.2000E-03
5.3321E-03 1.2000E-03
8.8148E-03 1.2000E-03
1.1633E-02 1.2000E-03
2.0218E-02 1.2000E-03
2.0811E-02 1.2000E-03
1.2647E-02 1.2000E-03
8.1018E-03 1.2000E-03
1.4525E-02 1.2000E-03
2.6036E-02 1.2000E-03
1.1628E-02 1.2000E-03
1.3507E-02 1.2000E-03
1.4407E-02 1.2000E-03
3.5149E-02 1.2000E-03
1.7666E-02 1.2000E-03
4.1465E-03 1.2000E-03
1.2241E-02 1.2000E-03
2.0151E-02 1.2000E-03
1.3987E-02 1.2000E-03
1.9619E-02 1.2000E-03
1.2926E-02 1.2000E-03
1.5217E-02 1.2000E-03
1.9932E-02 1.2000E-03
9.0190E-03 1.2000E-03
8.1188E-03 1.2000E-03
1.1805E-02 1.2000E-03
2.1042E-02 1.2000E-03
5.9336E-03 1.2000E-03
1.1850E-02 1.2000E-03
9.3863E-03 1.2000E-03
2.1345E-02 1.2000E-03
1.2622E-02 1.2000E-03
6.0045E-03 1.2000E-03
1.1876E-02 1.2000E-03
1.4546E-02 1.2000E-03
8.3769E-03 1.2000E-03
6.8499E-03 1.2000E-03
8.7023E-03 1.2000E-03
1.4298E-02 1.2000E-03
1.7596E-02 1.2000E-03
5.2083E-03 1.2000E-03
1.0137E-02 1.2000E-03
1.3044E-02 1.2000E-03
4.7152E-03 1.2000E-03
1.4139E-02 1.2000E-03
8.7602E-03 1.2000E-03
2.4427E-02 1.2000E-03
1.5105E-02 1.2000E-03
5.4682E-03 1.2000E-03
4.1689E-03 1.2000E-03
9.6518E-03 1.2000E-03
2.1929E-02 1.2000E-03
1.2697E-02 1.2000E-03
7.3146E-03 1.2000E-03
1.5350E-02 1.2000E-03
2.1120E-02 1.2000E-03
9.2235E-03 1.2000E-03
1.1365E-02 1.2000E-03
1.2362E-02 1.2000E-03
2.6649E-02 1.2000E-03
1.7619E-02 1.2000E-03
8.1652E-03 1.2000E-03
1.8835E-02 1.2000E-03
2.3955E-02 1.2000E-03
2.1260E-02 1.2000E-03
1.7370E-02 1.2000E-03
2.2113E-02 1.2000E-03
6.2263E-03 1.2000E-03
2.8984E-02 1.2000E-03
1.2904E-02 1.2000E-03
2.0996E-02 1.2000E-03
5.3450E-02 1.2000E-03
5.1641E-02 1.2000E-03
4.2315E-03 1.2000E-03
3.9243E-02 1.2000E-03
9.4002E-03 1.2000E-03
3.7323E-02 1.2000E-03
6.6549E-02 1.2000E-03
1.3345E-02 1.2000E-03
2.0251E-02 1.2000E-03
7.4548E-02 1.2000E-03
9.0414E-02 1.2000E-03
1.8155E-02 1.2000E-03
7.6837E-02 1.2000E-03
2.2417E-02 1.2000E-03
2.8887E-02 1.2000E-03
9.3169E-02 1.2000E-03
9.3178E-02 1.2000E-03
8.4884E-02 1.2000E-03
1.2425E-02 1.2000E-03
9.1273E-02 1.2000E-03
4.4772E-03 1.2000E-03
3.3621E-02 1.2000E-03
8.0511E-02 1.2000E-03
3.9532E-02 1.2000E-03
2.2367E-02 1.2000E-03
6.7654E-02 1.2000E-03
2.1263E-02 1.2000E-03
3.4906E-02 1.2000E-03
2.2074E-02 1.2000E-03
3.0101E-02 1.2000E-03
1.1929E-02 1.2000E-03
2.6127E-02 1.2000E-03
2.0630E-02 1.2000E-03
3.3000E-03 1.2000E-03
5.5030E-03 1.2000E-03
6.1906E-03 1.2000E-03
1.9563E-02 1.2000E-03
8.0073E-03 1.2000E-03
4.0716E-03 1.2000E-03
9.3574E-03 1.2000E-03
1.2406E-02 1.2000E-03
1.4009E-02 1.2000E-03
5.1777E-03 1.2000E-03
8.4754E-03 1.2000E-03
6.0201E-03 1.2000E-03
5.0036E-03 1.2000E-03
1.3102E-02 1.2000E-03
8.3159E-03 1.2000E-03
2.0465E-03 1.2000E-03
6.8197E-03 1.2000E-03
6.9282E-03 1.2000E-03
1.9262E-02 1.2000E-03
5.8282E-03 1.2000E-03
7.6150E-03 1.2000E-03
5.0097E-03 1.2000E-03
1.3904E-02 1.2000E-03
3.3339E-03 1.2000E-03
2.1010E-03 1.2000E-03
7.4618E-03 1.2000E-03
1.1170E-02 1.2000E-03
8.3312E-03 1.2000E-03
2.4336E-03 1.2000E-03
4.6203E-03 1.2000E-03
8.4623E-03 1.2000E-03
4.9632E-03 1.2000E-03
6.0315E-03 1.2000E-03
5.4839E-03 1.2000E-03
7.8826E-03 1.2000E-03
6.1505E-03 1.2000E-03
4.8439E-03 1.2000E-03
3.4895E-03 1.2000E-03
4.8348E-03 1.2000E-03
7.9388E-03 1.2000E-03
5.2828E-03 1.2000E-03
3.8830E-03 1.2000E-03
5.9705E-03 1.2000E-03
7.9643E-03 1.2000E-03
5.6373E-04 1.2000E-03
1.5681E-03 1.2000E-03
3.1973E-03 1.2000E-03
8.0156E-03 1.2000E-03
3.4507E-03 1.2000E-03
1.8266E-03 1.2000E-03
3.3268E-03 1.2000E-03
4.6485E-03 1.2000E-03
7.6160E-03 1.2000E-03
5.5469E-04 1.2000E-03
7.8828E-04 1.2000E-03
2.2342E-03 1.2000E-03
6.6776E-03 1.2000E-03
3.0048E-03 1.2000E-03
2.3942E-03 1.2000E-03
3.4131E-03 1.2000E-03
7.3801E-03 1.2000E-03
1.1577E-03 1.2000E-03
8.5573E-04 1.2000E-03
2.0611E-03 1.2000E-03
4.4474E-03 1.2000E-03
1.0000E-02 1.2000E-03
4.8227E-04 1.2000E-03
5.0076E-04 1.2000E-03
2.6257E-03 1.2000E-03
5.9134E-03 1.2000E-03
4.1037E-03 1.2000E-03
3.1871E-03 1.2000E-03
3.8438E-03 1.2000E-03
6.4011E-03 1.2000E-03
3.9344E-03 1.2000E-03
2.9551E-03 1.2000E-03
3.5835E-03 1.2000E-03
4.8667E-03 1.2000E-03
3.6829E-03 1.2000E-03
5.5792E-03 1.2000E-03
3.2636E-03 1.2000E-03
3.8822E-03 1.2000E-03
7.9023E-03 1.2000E-03
2.4009E-03 1.2000E-03
7.9782E-04 1.2000E-03
3.7676E-03 1.2000E-03
7.5883E-03 1.2000E-03
2.1024E-03 1.2000E-03
2.8977E-03 1.2000E-03
3.9066E-03 1.2000E-03
5.7042E-03 1.2000E-03
6.8090E-03 1.2000E-03
2.9952E-03 1.2000E-03
1.2649E-03 1.2000E-03
2.9796E-03 1.2000E-03
6.9499E-03 1.2000E-03
5.7202E-03 1.2000E-03
2.9549E-03 1.2000E-03
4.6903E-03 1.2000E-03
6.8859E-03 1.2000E-03
1.8561E-03 1.2000E-03
2.9689E-03 1.2000E-03
2.9905E-03 1.2000E-03
7.7942E-03 1.2000E-03
9.5738E-03 1.2000E-03
9.3969E-04 1.2000E-03
2.5953E-03 1.2000E-03
3.6982E-03 1.2000E-03
3.5040E-03 1.2000E-03
8.2231E-03 1.2000E-03
5.1534E-03 1.2000E-03
4.4588E-04 1.2000E-03
2.5423E-03 1.2000E-03
2.9416E-03 1.2000E-03
6.6216E-03 1.2000E-03
1.1319E-02 1.2000E-03
3.0917E-03 1.2000E-03
2.7013E-04 1.2000E-03
6.4281E-03 1.2000E-03
3.9296E-02 1.2000E-03
2.4892E-02 1.2000E-03
5.1209E-02 1.2000E-03
2.9978E-02 1.2000E-03
9.3013E-03 1.2000E-03
2.9266E-02 1.2000E-03
2.8486E-02 1.2000E-03
2.3617E-02 1.2000E-03
5.8769E-03 1.2000E-03
1.6264E-02 1.2000E-03
1.9558E-02 1.2000E-03
8.5762E-03 1.2000E-03
9.0295E-03 1.2000E-03
7.4460E-03 1.2000E-03
1.8246E-02 1.2000E-03
1.2281E-02 1.2000E-03
2.5004E-03 1.2000E-03
5.9906E-03 1.2000E-03
8.5866E-03 1.2000E-03
8.9428E-03 1.2000E-03
1.5040E-02 1.2000E-03
6.8451E-03 1.2000E-03
2.1354E-03 1.2000E-03
4.6273E-03 1.2000E-03
6.0648E-03 1.2000E-03
1.5249E-02 1.2000E-03
8.8667E-03 1.2000E-03
2.1201E-03 1.2000E-03
3.7941E-03 1.2000E-03
5.9556E-03 1.2000E-03
1.4679E-02 1.2000E-03
6.0628E-03 1.2000E-03
3.3803E-03 1.2000E-03
7.4762E-03 1.2000E-03
9.5014E-03 1.2000E-03
1.6198E-02 1.2000E-03
5.1923E-03 1.2000E-03
2.2847E-03 1.2000E-03
4.4648E-03 1.2000E-03
1.1315E-02 1.2000E-03
7.7298E-03 1.2000E-03
8.9789E-03 1.2000E-03
7.7640E-03 1.2000E-03
1.3856E-02 1.2000E-03
3.9497E-03 1.2000E-03
1.3784E-03 1.2000E-03
3.0301E-03 1.2000E-03
8.9546E-03 1.2000E-03
4.8831E-03 1.2000E-03
5.4204E-03 1.2000E-03
5.1536E-03 1.2000E-03
8.9785E-03 1.2000E-03
4.6908E-03 1.2000E-03
1.1530E-03 1.2000E-03
3.2091E-03 1.2000E-03
4.7348E-03 1.2000E-03
6.2815E-03 1.2000E-03
1.0233E-02 1.2000E-03
5.3085E-03 1.2000E-03
8.2410E-04 1.2000E-03
2.7935E-03 1.2000E-03
3.3939E-03 1.2000E-03
3.1903E-03 1.2000E-03
6.2413E-03 1.2000E-03
5.7825E-03 1.2000E-03
4.4617E-03 1.2000E-03
5.2211E-03 1.2000E-03
3.8084E-03 1.2000E-03
2.0724E-03 1.2000E-03
3.1836E-03 1.2000E-03
4.4899E-03 1.2000E-03
1.9898E-03 1.2000E-03
6.6549E-03 1.2000E-03
2.2086E-03 1.2000E-03
2.8191E-03 1.2000E-03
6.8995E-03 1.2000E-03
6.3932E-03 1.2000E-03
1.5209E-03 1.2000E-03
3.8586E-04 1.2000E-03
