RMS Grad   Target
1.2893E-02 2.0000E-04
1.2657E-02 2.0000E-04
1.0934E-02 2.0000E-04
8.2722E-03 2.0000E-04
5.6850E-03 2.0000E-04
3.8327E-03 2.0000E-04
2.8414E-03 2.0000E-04
2.6699E-03 2.0000E-04
2.8339E-03 2.0000E-04
3.0912E-03 2.0000E-04
3.3516E-03 2.0000E-04
3.5175E-03 2.0000E-04
3.5337E-03 2.0000E-04
3.5911E-03 2.0000E-04
3.4821E-03 2.0000E-04
3.3396E-03 2.0000E-04
3.3096E-03 2.0000E-04
3.0832E-03 2.0000E-04
2.9711E-03 2.0000E-04
2.7500E-03 2.0000E-04
2.5253E-03 2.0000E-04
2.3484E-03 2.0000E-04
2.1280E-03 2.0000E-04
1.9448E-03 2.0000E-04
1.7807E-03 2.0000E-04
1.6122E-03 2.0000E-04
1.4610E-03 2.0000E-04
1.3653E-03 2.0000E-04
1.2441E-03 2.0000E-04
1.1889E-03 2.0000E-04
1.1359E-03 2.0000E-04
1.1098E-03 2.0000E-04
1.1116E-03 2.0000E-04
1.1099E-03 2.0000E-04
1.1847E-03 2.0000E-04
1.1784E-03 2.0000E-04
1.2695E-03 2.0000E-04
1.2504E-03 2.0000E-04
1.3191E-03 2.0000E-04
1.3057E-03 2.0000E-04
1.3258E-03 2.0000E-04
1.3254E-03 2.0000E-04
1.3267E-03 2.0000E-04
1.3321E-03 2.0000E-04
1.3151E-03 2.0000E-04
1.3610E-03 2.0000E-04
1.3214E-03 2.0000E-04
1.4347E-03 2.0000E-04
1.3725E-03 2.0000E-04
1.5421E-03 2.0000E-04
1.4561E-03 2.0000E-04
1.5521E-03 2.0000E-04
1.4428E-03 2.0000E-04
1.4216E-03 2.0000E-04
1.3002E-03 2.0000E-04
1.2718E-03 2.0000E-04
1.1549E-03 2.0000E-04
1.1500E-03 2.0000E-04
1.0381E-03 2.0000E-04
1.0747E-03 2.0000E-04
9.8893E-04 2.0000E-04
1.0823E-03 2.0000E-04
1.0181E-03 2.0000E-04
1.1771E-03 2.0000E-04
1.1120E-03 2.0000E-04
1.2683E-03 2.0000E-04
1.1716E-03 2.0000E-04
1.2415E-03 2.0000E-04
1.1203E-03 2.0000E-04
1.1375E-03 2.0000E-04
1.0067E-03 2.0000E-04
1.0115E-03 2.0000E-04
8.8994E-04 2.0000E-04
8.5319E-04 2.0000E-04
7.7389E-04 2.0000E-04
7.3340E-04 2.0000E-04
7.0323E-04 2.0000E-04
6.6427E-04 2.0000E-04
7.5890E-04 2.0000E-04
7.1766E-04 2.0000E-04
9.0426E-04 2.0000E-04
8.4465E-04 2.0000E-04
1.0326E-03 2.0000E-04
9.5215E-04 2.0000E-04
1.1285E-03 2.0000E-04
1.0343E-03 2.0000E-04
1.1348E-03 2.0000E-04
1.0347E-03 2.0000E-04
1.0900E-03 2.0000E-04
9.8456E-04 2.0000E-04
1.0682E-03 2.0000E-04
9.5631E-04 2.0000E-04
1.0623E-03 2.0000E-04
9.4227E-04 2.0000E-04
1.0064E-03 2.0000E-04
8.7796E-04 2.0000E-04
9.2172E-04 2.0000E-04
7.9074E-04 2.0000E-04
8.1057E-04 2.0000E-04
6.8927E-04 2.0000E-04
7.0250E-04 2.0000E-04
6.2507E-04 2.0000E-04
6.3295E-04 2.0000E-04
6.0212E-04 2.0000E-04
6.0070E-04 2.0000E-04
5.8897E-04 2.0000E-04
6.4667E-04 2.0000E-04
6.0952E-04 2.0000E-04
7.3196E-04 2.0000E-04
6.7109E-04 2.0000E-04
8.3148E-04 2.0000E-04
7.3585E-04 2.0000E-04
8.4884E-04 2.0000E-04
7.2375E-04 2.0000E-04
7.7834E-04 2.0000E-04
6.5847E-04 2.0000E-04
7.6029E-04 2.0000E-04
6.4729E-04 2.0000E-04
9.0329E-04 2.0000E-04
6.9498E-04 2.0000E-04
7.9422E-04 2.0000E-04
5.9288E-04 2.0000E-04
6.5852E-04 2.0000E-04
5.7047E-04 2.0000E-04
6.2497E-04 2.0000E-04
5.7314E-04 2.0000E-04
5.8667E-04 2.0000E-04
5.6103E-04 2.0000E-04
5.5446E-04 2.0000E-04
5.3261E-04 2.0000E-04
5.3787E-04 2.0000E-04
5.3421E-04 2.0000E-04
5.1744E-04 2.0000E-04
5.2929E-04 2.0000E-04
5.3793E-04 2.0000E-04
5.2489E-04 2.0000E-04
5.9756E-04 2.0000E-04
5.5799E-04 2.0000E-04
7.2595E-04 2.0000E-04
6.5437E-04 2.0000E-04
8.0032E-04 2.0000E-04
7.1531E-04 2.0000E-04
7.6747E-04 2.0000E-04
6.7678E-04 2.0000E-04
7.1801E-04 2.0000E-04
6.1746E-04 2.0000E-04
7.7172E-04 2.0000E-04
6.3595E-04 2.0000E-04
7.3590E-04 2.0000E-04
5.8052E-04 2.0000E-04
6.1021E-04 2.0000E-04
5.0075E-04 2.0000E-04
5.7060E-04 2.0000E-04
4.9388E-04 2.0000E-04
5.5965E-04 2.0000E-04
5.2598E-04 2.0000E-04
5.6293E-04 2.0000E-04
5.0483E-04 2.0000E-04
5.6078E-04 2.0000E-04
4.9729E-04 2.0000E-04
5.9073E-04 2.0000E-04
5.5435E-04 2.0000E-04
6.3795E-04 2.0000E-04
5.8075E-04 2.0000E-04
5.1336E-04 2.0000E-04
5.9096E-04 2.0000E-04
5.0957E-04 2.0000E-04
6.5237E-04 2.0000E-04
5.1434E-04 2.0000E-04
6.4739E-04 2.0000E-04
5.0685E-04 2.0000E-04
6.4081E-04 2.0000E-04
5.4107E-04 2.0000E-04
6.7122E-04 2.0000E-04
5.4486E-04 2.0000E-04
6.0460E-04 2.0000E-04
4.8298E-04 2.0000E-04
7.2064E-04 2.0000E-04
5.5475E-04 2.0000E-04
6.2490E-04 2.0000E-04
4.7279E-04 2.0000E-04
5.8112E-04 2.0000E-04
5.0655E-04 2.0000E-04
6.5600E-04 2.0000E-04
5.1897E-04 2.0000E-04
6.5736E-04 2.0000E-04
4.8058E-04 2.0000E-04
5.7170E-04 2.0000E-04
4.3200E-04 2.0000E-04
5.3311E-04 2.0000E-04
5.1635E-04 2.0000E-04
6.2583E-04 2.0000E-04
4.5207E-04 2.0000E-04
6.9315E-04 2.0000E-04
3.7501E-04 2.0000E-04
3.9326E-04 2.0000E-04
4.5338E-04 2.0000E-04
5.0473E-04 2.0000E-04
4.3654E-04 2.0000E-04
4.8583E-04 2.0000E-04
4.2022E-04 2.0000E-04
5.5727E-04 2.0000E-04
4.4694E-04 2.0000E-04
5.8565E-04 2.0000E-04
4.3019E-04 2.0000E-04
4.0900E-04 2.0000E-04
4.0921E-04 2.0000E-04
4.0845E-04 2.0000E-04
4.5021E-04 2.0000E-04
4.1251E-04 2.0000E-04
4.4394E-04 2.0000E-04
4.7030E-04 2.0000E-04
5.8047E-04 2.0000E-04
4.7633E-04 2.0000E-04
5.2812E-04 2.0000E-04
4.7281E-04 2.0000E-04
4.5318E-04 2.0000E-04
5.3008E-04 2.0000E-04
5.0283E-04 2.0000E-04
4.3433E-04 2.0000E-04
4.7432E-04 2.0000E-04
5.6130E-04 2.0000E-04
5.1891E-04 2.0000E-04
4.9926E-04 2.0000E-04
3.7802E-04 2.0000E-04
3.6049E-04 2.0000E-04
4.9590E-04 2.0000E-04
5.0631E-04 2.0000E-04
4.6715E-04 2.0000E-04
3.7698E-04 2.0000E-04
5.1047E-04 2.0000E-04
4.0742E-04 2.0000E-04
3.7129E-04 2.0000E-04
4.8423E-04 2.0000E-04
4.3781E-04 2.0000E-04
4.1140E-04 2.0000E-04
3.6312E-04 2.0000E-04
3.6328E-04 2.0000E-04
3.7148E-04 2.0000E-04
4.2277E-04 2.0000E-04
4.6474E-04 2.0000E-04
4.6245E-04 2.0000E-04
4.0389E-04 2.0000E-04
6.7707E-04 2.0000E-04
4.1377E-04 2.0000E-04
4.7763E-04 2.0000E-04
4.2995E-04 2.0000E-04
4.3125E-04 2.0000E-04
3.6730E-04 2.0000E-04
4.1193E-04 2.0000E-04
3.5992E-04 2.0000E-04
3.7707E-04 2.0000E-04
3.9581E-04 2.0000E-04
3.6725E-04 2.0000E-04
4.4092E-04 2.0000E-04
3.7340E-04 2.0000E-04
6.4839E-04 2.0000E-04
4.2378E-04 2.0000E-04
4.5324E-04 2.0000E-04
5.6212E-04 2.0000E-04
4.6256E-04 2.0000E-04
4.7350E-04 2.0000E-04
3.9696E-04 2.0000E-04
3.9878E-04 2.0000E-04
4.2554E-04 2.0000E-04
3.9564E-04 2.0000E-04
5.9095E-04 2.0000E-04
4.9543E-04 2.0000E-04
4.8111E-04 2.0000E-04
4.3382E-04 2.0000E-04
3.5489E-04 2.0000E-04
4.2679E-04 2.0000E-04
6.2604E-04 2.0000E-04
3.8255E-04 2.0000E-04
3.7923E-04 2.0000E-04
4.6102E-04 2.0000E-04
4.3531E-04 2.0000E-04
4.7455E-04 2.0000E-04
3.9017E-04 2.0000E-04
4.2838E-04 2.0000E-04
4.7957E-04 2.0000E-04
4.7392E-04 2.0000E-04
4.1646E-04 2.0000E-04
4.5673E-04 2.0000E-04
4.2269E-04 2.0000E-04
4.4108E-04 2.0000E-04
4.6902E-04 2.0000E-04
4.6828E-04 2.0000E-04
5.7819E-04 2.0000E-04
5.4183E-04 2.0000E-04
4.4412E-04 2.0000E-04
8.0393E-04 2.0000E-04
4.1394E-04 2.0000E-04
3.7285E-04 2.0000E-04
3.6067E-04 2.0000E-04
4.5650E-04 2.0000E-04
3.8289E-04 2.0000E-04
5.5225E-04 2.0000E-04
3.8217E-04 2.0000E-04
4.0170E-04 2.0000E-04
5.5882E-04 2.0000E-04
6.3900E-04 2.0000E-04
3.4436E-04 2.0000E-04
3.1042E-04 2.0000E-04
4.0426E-04 2.0000E-04
5.1513E-04 2.0000E-04
3.6620E-04 2.0000E-04
3.4315E-04 2.0000E-04
4.2042E-04 2.0000E-04
3.6238E-04 2.0000E-04
5.6211E-04 2.0000E-04
5.4669E-04 2.0000E-04
3.4598E-04 2.0000E-04
2.5262E-04 2.0000E-04
3.1177E-04 2.0000E-04
7.1297E-04 2.0000E-04
3.2215E-04 2.0000E-04
2.4254E-04 2.0000E-04
3.1837E-04 2.0000E-04
5.3896E-04 2.0000E-04
2.9994E-04 2.0000E-04
2.6090E-04 2.0000E-04
3.8025E-04 2.0000E-04
5.2270E-04 2.0000E-04
4.2553E-04 2.0000E-04
3.5124E-04 2.0000E-04
3.6162E-04 2.0000E-04
3.2241E-04 2.0000E-04
3.4372E-04 2.0000E-04
4.1793E-04 2.0000E-04
3.1371E-04 2.0000E-04
3.3002E-04 2.0000E-04
3.8067E-04 2.0000E-04
3.3923E-04 2.0000E-04
3.1233E-04 2.0000E-04
3.6321E-04 2.0000E-04
4.2372E-04 2.0000E-04
3.2960E-04 2.0000E-04
3.8922E-04 2.0000E-04
3.4970E-04 2.0000E-04
2.9242E-04 2.0000E-04
2.8024E-04 2.0000E-04
4.0006E-04 2.0000E-04
2.8681E-04 2.0000E-04
3.2256E-04 2.0000E-04
3.6203E-04 2.0000E-04
2.9478E-04 2.0000E-04
4.8219E-04 2.0000E-04
3.7814E-04 2.0000E-04
3.6658E-04 2.0000E-04
3.5598E-04 2.0000E-04
3.0388E-04 2.0000E-04
2.8442E-04 2.0000E-04
3.7153E-04 2.0000E-04
3.9862E-04 2.0000E-04
3.0880E-04 2.0000E-04
3.1248E-04 2.0000E-04
5.0024E-04 2.0000E-04
3.4849E-04 2.0000E-04
4.5373E-04 2.0000E-04
3.1240E-04 2.0000E-04
2.9372E-04 2.0000E-04
3.7058E-04 2.0000E-04
3.8936E-04 2.0000E-04
3.2791E-04 2.0000E-04
3.3144E-04 2.0000E-04
4.3888E-04 2.0000E-04
3.2620E-04 2.0000E-04
3.0756E-04 2.0000E-04
3.6726E-04 2.0000E-04
4.9085E-04 2.0000E-04
3.0437E-04 2.0000E-04
2.8778E-04 2.0000E-04
3.6219E-04 2.0000E-04
3.3672E-04 2.0000E-04
3.1953E-04 2.0000E-04
2.9954E-04 2.0000E-04
3.4898E-04 2.0000E-04
3.4600E-04 2.0000E-04
3.3419E-04 2.0000E-04
2.7181E-04 2.0000E-04
2.8021E-04 2.0000E-04
3.7746E-04 2.0000E-04
2.7911E-04 2.0000E-04
2.7044E-04 2.0000E-04
3.4220E-04 2.0000E-04
3.3521E-04 2.0000E-04
2.6580E-04 2.0000E-04
3.0294E-04 2.0000E-04
3.6369E-04 2.0000E-04
2.9114E-04 2.0000E-04
3.0350E-04 2.0000E-04
2.9752E-04 2.0000E-04
3.2385E-04 2.0000E-04
2.8639E-04 2.0000E-04
3.7930E-04 2.0000E-04
2.7397E-04 2.0000E-04
2.7827E-04 2.0000E-04
3.5553E-04 2.0000E-04
2.9530E-04 2.0000E-04
3.0380E-04 2.0000E-04
3.7473E-04 2.0000E-04
2.8939E-04 2.0000E-04
3.1371E-04 2.0000E-04
3.5019E-04 2.0000E-04
3.2200E-04 2.0000E-04
2.5625E-04 2.0000E-04
2.6416E-04 2.0000E-04
4.3224E-04 2.0000E-04
2.6769E-04 2.0000E-04
3.0454E-04 2.0000E-04
3.0510E-04 2.0000E-04
2.3974E-04 2.0000E-04
3.1177E-04 2.0000E-04
3.5298E-04 2.0000E-04
2.3906E-04 2.0000E-04
2.5395E-04 2.0000E-04
3.5419E-04 2.0000E-04
2.6097E-04 2.0000E-04
3.0560E-04 2.0000E-04
3.3379E-04 2.0000E-04
2.9798E-04 2.0000E-04
3.0481E-04 2.0000E-04
2.6527E-04 2.0000E-04
2.3325E-04 2.0000E-04
3.2527E-04 2.0000E-04
3.3049E-04 2.0000E-04
2.4355E-04 2.0000E-04
2.8515E-04 2.0000E-04
3.4085E-04 2.0000E-04
2.4463E-04 2.0000E-04
2.3716E-04 2.0000E-04
3.2667E-04 2.0000E-04
2.4222E-04 2.0000E-04
2.4774E-04 2.0000E-04
3.5825E-04 2.0000E-04
2.4360E-04 2.0000E-04
3.1915E-04 2.0000E-04
2.7986E-04 2.0000E-04
2.2504E-04 2.0000E-04
2.5734E-04 2.0000E-04
3.4210E-04 2.0000E-04
2.3853E-04 2.0000E-04
2.6746E-04 2.0000E-04
3.0511E-04 2.0000E-04
2.4342E-04 2.0000E-04
2.3612E-04 2.0000E-04
2.5973E-04 2.0000E-04
2.1672E-04 2.0000E-04
2.9738E-04 2.0000E-04
2.9125E-04 2.0000E-04
2.2565E-04 2.0000E-04
2.0623E-04 2.0000E-04
2.0875E-04 2.0000E-04
1.9532E-04 2.0000E-04
3.5348E-04 2.0000E-04
1.7620E-04 2.0000E-04
1.7037E-04 2.0000E-04
2.1646E-04 2.0000E-04
4.6188E-04 2.0000E-04
1.8438E-04 2.0000E-04
1.4630E-04 2.0000E-04
1.8190E-04 2.0000E-04
2.8401E-04 2.0000E-04
2.5647E-04 2.0000E-04
1.6768E-04 2.0000E-04
2.0185E-04 2.0000E-04
2.4289E-04 2.0000E-04
2.3742E-04 2.0000E-04
2.8643E-04 2.0000E-04
2.0820E-04 2.0000E-04
2.2131E-04 2.0000E-04
2.5925E-04 2.0000E-04
2.1810E-04 2.0000E-04
2.6299E-04 2.0000E-04
2.2525E-04 2.0000E-04
2.0638E-04 2.0000E-04
3.9578E-04 2.0000E-04
2.1485E-04 2.0000E-04
2.0196E-04 2.0000E-04
2.5065E-04 2.0000E-04
3.5941E-04 2.0000E-04
2.4463E-04 2.0000E-04
2.6652E-04 2.0000E-04
2.1925E-04 2.0000E-04
2.0013E-04 2.0000E-04
2.6773E-04 2.0000E-04
2.9178E-04 2.0000E-04
2.1056E-04 2.0000E-04
2.0376E-04 2.0000E-04
2.3599E-04 2.0000E-04
2.8883E-04 2.0000E-04
2.3637E-04 2.0000E-04
2.3524E-04 2.0000E-04
2.5426E-04 2.0000E-04
2.0110E-04 2.0000E-04
2.5485E-04 2.0000E-04
3.1034E-04 2.0000E-04
2.2586E-04 2.0000E-04
1.9704E-04 2.0000E-04
2.9047E-04 2.0000E-04
2.3437E-04 2.0000E-04
3.2678E-04 2.0000E-04
3.4319E-04 2.0000E-04
3.6177E-04 2.0000E-04
1.7648E-04 2.0000E-04
2.0565E-04 2.0000E-04
2.9124E-04 2.0000E-04
6.0758E-04 2.0000E-04
2.4720E-04 2.0000E-04
1.9000E-04 2.0000E-04
2.3365E-04 2.0000E-04
3.9233E-04 2.0000E-04
2.3266E-04 2.0000E-04
1.9497E-04 2.0000E-04
3.1318E-04 2.0000E-04
3.0042E-04 2.0000E-04
2.8133E-04 2.0000E-04
2.9150E-04 2.0000E-04
2.3786E-04 2.0000E-04
2.1201E-04 2.0000E-04
2.7684E-04 2.0000E-04
3.5521E-04 2.0000E-04
2.1585E-04 2.0000E-04
2.3005E-04 2.0000E-04
2.6070E-04 2.0000E-04
3.6575E-04 2.0000E-04
2.1503E-04 2.0000E-04
2.1878E-04 2.0000E-04
2.4692E-04 2.0000E-04
5.2543E-04 2.0000E-04
2.1406E-04 2.0000E-04
2.0353E-04 2.0000E-04
2.8923E-04 2.0000E-04
3.6116E-04 2.0000E-04
2.5305E-04 2.0000E-04
2.5223E-04 2.0000E-04
2.8941E-04 2.0000E-04
2.5720E-04 2.0000E-04
4.8925E-04 2.0000E-04
2.3807E-04 2.0000E-04
2.5724E-04 2.0000E-04
3.2536E-04 2.0000E-04
2.5397E-04 2.0000E-04
2.1144E-04 2.0000E-04
2.3947E-04 2.0000E-04
3.0937E-04 2.0000E-04
2.6672E-04 2.0000E-04
2.1369E-04 2.0000E-04
2.2170E-04 2.0000E-04
3.8489E-04 2.0000E-04
2.2521E-04 2.0000E-04
1.8877E-04 2.0000E-04
2.3534E-04 2.0000E-04
2.3994E-04 2.0000E-04
2.8536E-04 2.0000E-04
2.8815E-04 2.0000E-04
3.6607E-04 2.0000E-04
2.5536E-04 2.0000E-04
2.4072E-04 2.0000E-04
2.9315E-04 2.0000E-04
3.9578E-04 2.0000E-04
2.5090E-04 2.0000E-04
3.0136E-04 2.0000E-04
3.2971E-04 2.0000E-04
2.1940E-04 2.0000E-04
2.5208E-04 2.0000E-04
2.5770E-04 2.0000E-04
2.2948E-04 2.0000E-04
3.6903E-04 2.0000E-04
2.9642E-04 2.0000E-04
3.1518E-04 2.0000E-04
2.5019E-04 2.0000E-04
2.7104E-04 2.0000E-04
3.2075E-04 2.0000E-04
3.7989E-04 2.0000E-04
3.2229E-04 2.0000E-04
2.8752E-04 2.0000E-04
3.4699E-04 2.0000E-04
4.0228E-04 2.0000E-04
5.5801E-04 2.0000E-04
3.8582E-04 2.0000E-04
3.1009E-04 2.0000E-04
3.6833E-04 2.0000E-04
6.6709E-04 2.0000E-04
3.0707E-04 2.0000E-04
4.4361E-04 2.0000E-04
4.5109E-04 2.0000E-04
3.1523E-04 2.0000E-04
4.1154E-04 2.0000E-04
3.1417E-04 2.0000E-04
2.4526E-04 2.0000E-04
3.5077E-04 2.0000E-04
3.6775E-04 2.0000E-04
2.6854E-04 2.0000E-04
2.7855E-04 2.0000E-04
2.9540E-04 2.0000E-04
2.3887E-04 2.0000E-04
3.4522E-04 2.0000E-04
2.3885E-04 2.0000E-04
2.0365E-04 2.0000E-04
2.7098E-04 2.0000E-04
3.7105E-04 2.0000E-04
1.8448E-04 2.0000E-04
1.3364E-04 2.0000E-04
1.7580E-04 2.0000E-04
3.2928E-04 2.0000E-04
1.6464E-04 2.0000E-04
1.2876E-04 2.0000E-04
1.7120E-04 2.0000E-04
2.5166E-04 2.0000E-04
1.5844E-04 2.0000E-04
1.3856E-04 2.0000E-04
1.6933E-04 2.0000E-04
1.4603E-04 2.0000E-04
2.8095E-04 2.0000E-04
1.3336E-04 2.0000E-04
1.2460E-04 2.0000E-04
1.4663E-04 2.0000E-04
3.7492E-04 2.0000E-04
1.3022E-04 2.0000E-04
1.0260E-04 2.0000E-04
1.3432E-04 2.0000E-04
2.2005E-04 2.0000E-04
1.4186E-04 2.0000E-04
1.0528E-04 2.0000E-04
1.6026E-04 2.0000E-04
1.7258E-04 2.0000E-04
1.3537E-04 2.0000E-04
1.5511E-04 2.0000E-04
1.8561E-04 2.0000E-04
1.4301E-04 2.0000E-04
1.6402E-04 2.0000E-04
1.7672E-04 2.0000E-04
1.4525E-04 2.0000E-04
1.8730E-04 2.0000E-04
2.1746E-04 2.0000E-04
1.3666E-04 2.0000E-04
1.1213E-04 2.0000E-04
1.2798E-04 2.0000E-04
1.4258E-04 2.0000E-04
1.2372E-04 2.0000E-04
1.2719E-04 2.0000E-04
1.3103E-04 2.0000E-04
1.2264E-04 2.0000E-04
1.2566E-04 2.0000E-04
1.3767E-04 2.0000E-04
1.3140E-04 2.0000E-04
1.1948E-04 2.0000E-04
1.5223E-04 2.0000E-04
1.4648E-04 2.0000E-04
1.1880E-04 2.0000E-04
1.7095E-04 2.0000E-04
1.7560E-04 2.0000E-04
1.3635E-04 2.0000E-04
1.7772E-04 2.0000E-04
2.0971E-04 2.0000E-04
1.3928E-04 2.0000E-04
1.2076E-04 2.0000E-04
1.4485E-04 2.0000E-04
1.6525E-04 2.0000E-04
1.6013E-04 2.0000E-04
1.2451E-04 2.0000E-04
1.4565E-04 2.0000E-04
2.1345E-04 2.0000E-04
1.3895E-04 2.0000E-04
1.2899E-04 2.0000E-04
1.9612E-04 2.0000E-04
1.6559E-04 2.0000E-04
2.0286E-04 2.0000E-04
1.5090E-04 2.0000E-04
1.4037E-04 2.0000E-04
1.7109E-04 2.0000E-04
2.1887E-04 2.0000E-04
1.5108E-04 2.0000E-04
1.4004E-04 2.0000E-04
2.2055E-04 2.0000E-04
1.5225E-04 2.0000E-04
1.4378E-04 2.0000E-04
2.1473E-04 2.0000E-04
1.5207E-04 2.0000E-04
1.3752E-04 2.0000E-04
2.1344E-04 2.0000E-04
1.4883E-04 2.0000E-04
1.6090E-04 2.0000E-04
1.9698E-04 2.0000E-04
1.3674E-04 2.0000E-04
1.3637E-04 2.0000E-04
1.4339E-04 2.0000E-04
1.2158E-04 2.0000E-04
1.7137E-04 2.0000E-04
1.2169E-04 2.0000E-04
1.0795E-04 2.0000E-04
1.6021E-04 2.0000E-04
1.3176E-04 2.0000E-04
1.0566E-04 2.0000E-04
1.3829E-04 2.0000E-04
1.7995E-04 2.0000E-04
1.1428E-04 2.0000E-04
1.0081E-04 2.0000E-04
1.3079E-04 2.0000E-04
1.1899E-04 2.0000E-04
2.1532E-04 2.0000E-04
1.0977E-04 2.0000E-04
9.5175E-05 2.0000E-04
1.2268E-04 2.0000E-04
1.3436E-04 2.0000E-04
1.0673E-04 2.0000E-04
1.0244E-04 2.0000E-04
1.3618E-04 2.0000E-04
1.0368E-04 2.0000E-04
9.6599E-05 2.0000E-04
1.0968E-04 2.0000E-04
1.1371E-04 2.0000E-04
1.0066E-04 2.0000E-04
9.0991E-05 2.0000E-04
1.0651E-04 2.0000E-04
1.1794E-04 2.0000E-04
1.0124E-04 2.0000E-04
1.0367E-04 2.0000E-04
1.1166E-04 2.0000E-04
9.8908E-05 2.0000E-04
1.2114E-04 2.0000E-04
1.1324E-04 2.0000E-04
1.0108E-04 2.0000E-04
1.0949E-04 2.0000E-04
1.1014E-04 2.0000E-04
9.9044E-05 2.0000E-04
1.4579E-04 2.0000E-04
1.0166E-04 2.0000E-04
8.7383E-05 2.0000E-04
1.1864E-04 2.0000E-04
1.5005E-04 2.0000E-04
8.9845E-05 2.0000E-04
8.2033E-05 2.0000E-04
1.0176E-04 2.0000E-04
8.7451E-05 2.0000E-04
8.3336E-05 2.0000E-04
8.0583E-05 2.0000E-04
8.9116E-05 2.0000E-04
7.9905E-05 2.0000E-04
7.9659E-05 2.0000E-04
7.1727E-05 2.0000E-04
8.3254E-05 2.0000E-04
7.1034E-05 2.0000E-04
7.1024E-05 2.0000E-04
7.1651E-05 2.0000E-04
6.4574E-05 2.0000E-04
6.2952E-05 2.0000E-04
6.3542E-05 2.0000E-04
5.9510E-05 2.0000E-04
7.5730E-05 2.0000E-04
5.9948E-05 2.0000E-04
5.2616E-05 2.0000E-04
7.2063E-05 2.0000E-04
5.3104E-05 2.0000E-04
4.9189E-05 2.0000E-04
7.2898E-05 2.0000E-04
7.5233E-05 2.0000E-04
4.4825E-05 2.0000E-04
4.1879E-05 2.0000E-04
5.2361E-05 2.0000E-04
7.4574E-05 2.0000E-04
4.8326E-05 2.0000E-04
4.3869E-05 2.0000E-04
4.9574E-05 2.0000E-04
8.3004E-05 2.0000E-04
4.2323E-05 2.0000E-04
3.6397E-05 2.0000E-04
4.2470E-05 2.0000E-04
9.7498E-05 2.0000E-04
4.0732E-05 2.0000E-04
3.2494E-05 2.0000E-04
4.1823E-05 2.0000E-04
7.2125E-05 2.0000E-04
4.2050E-05 2.0000E-04
3.2908E-05 2.0000E-04
4.8322E-05 2.0000E-04
5.0320E-05 2.0000E-04
4.0352E-05 2.0000E-04
5.8136E-05 2.0000E-04
4.1151E-05 2.0000E-04
3.8674E-05 2.0000E-04
5.2931E-05 2.0000E-04
7.3252E-05 2.0000E-04
3.8254E-05 2.0000E-04
3.3468E-05 2.0000E-04
3.9442E-05 2.0000E-04
7.7656E-05 2.0000E-04
3.9689E-05 2.0000E-04
3.1963E-05 2.0000E-04
5.1758E-05 2.0000E-04
7.4564E-05 2.0000E-04
4.2900E-05 2.0000E-04
3.6832E-05 2.0000E-04
4.1437E-05 2.0000E-04
9.0600E-05 2.0000E-04
4.5695E-05 2.0000E-04
3.1229E-05 2.0000E-04
4.1561E-05 2.0000E-04
7.4277E-05 2.0000E-04
4.7509E-05 2.0000E-04
3.9617E-05 2.0000E-04
5.2880E-05 2.0000E-04
5.1320E-05 2.0000E-04
9.5771E-05 2.0000E-04
3.8431E-05 2.0000E-04
3.4852E-05 2.0000E-04
4.3005E-05 2.0000E-04
8.7238E-05 2.0000E-04
4.0972E-05 2.0000E-04
3.3408E-05 2.0000E-04
4.4418E-05 2.0000E-04
8.2182E-05 2.0000E-04
4.7792E-05 2.0000E-04
3.7723E-05 2.0000E-04
4.5532E-05 2.0000E-04
8.5451E-05 2.0000E-04
4.4855E-05 2.0000E-04
4.1560E-05 2.0000E-04
5.5189E-05 2.0000E-04
8.1086E-05 2.0000E-04
4.4956E-05 2.0000E-04
4.0590E-05 2.0000E-04
4.9667E-05 2.0000E-04
6.4527E-05 2.0000E-04
5.7955E-05 2.0000E-04
4.7019E-05 2.0000E-04
5.1801E-05 2.0000E-04
6.8537E-05 2.0000E-04
5.3226E-05 2.0000E-04
6.7501E-05 2.0000E-04
5.8466E-05 2.0000E-04
5.4364E-05 2.0000E-04
4.9935E-05 2.0000E-04
6.7684E-05 2.0000E-04
5.7388E-05 2.0000E-04
6.8061E-05 2.0000E-04
5.6538E-05 2.0000E-04
5.7225E-05 2.0000E-04
7.2868E-05 2.0000E-04
7.2625E-05 2.0000E-04
1.3177E-04 2.0000E-04
8.8808E-05 2.0000E-04
6.0337E-05 2.0000E-04
6.7102E-05 2.0000E-04
8.8106E-05 2.0000E-04
1.8552E-04 2.0000E-04
7.3579E-05 2.0000E-04
7.7614E-05 2.0000E-04
1.0174E-04 2.0000E-04
1.1384E-04 2.0000E-04
9.8883E-05 2.0000E-04
1.2958E-04 2.0000E-04
1.1558E-04 2.0000E-04
1.1287E-04 2.0000E-04
1.6170E-04 2.0000E-04
1.2870E-04 2.0000E-04
1.0531E-04 2.0000E-04
1.2175E-04 2.0000E-04
1.4557E-04 2.0000E-04
1.2562E-04 2.0000E-04
1.6328E-04 2.0000E-04
1.1412E-04 2.0000E-04
1.4860E-04 2.0000E-04
1.4032E-04 2.0000E-04
1.0943E-04 2.0000E-04
1.1085E-04 2.0000E-04
1.2502E-04 2.0000E-04
1.0340E-04 2.0000E-04
1.1882E-04 2.0000E-04
1.0588E-04 2.0000E-04
9.7920E-05 2.0000E-04
1.2682E-04 2.0000E-04
1.0280E-04 2.0000E-04
8.9595E-05 2.0000E-04
1.1254E-04 2.0000E-04
1.3010E-04 2.0000E-04
1.0925E-04 2.0000E-04
1.1023E-04 2.0000E-04
1.6087E-04 2.0000E-04
1.0875E-04 2.0000E-04
9.8506E-05 2.0000E-04
1.2603E-04 2.0000E-04
1.0484E-04 2.0000E-04
1.7653E-04 2.0000E-04
1.1026E-04 2.0000E-04
1.0254E-04 2.0000E-04
1.5217E-04 2.0000E-04
2.0295E-04 2.0000E-04
1.2486E-04 2.0000E-04
1.5603E-04 2.0000E-04
2.1193E-04 2.0000E-04
1.1368E-04 2.0000E-04
9.8288E-05 2.0000E-04
1.3477E-04 2.0000E-04
3.5480E-04 2.0000E-04
1.2283E-04 2.0000E-04
9.6209E-05 2.0000E-04
1.4657E-04 2.0000E-04
2.0031E-04 2.0000E-04
1.2428E-04 2.0000E-04
1.1851E-04 2.0000E-04
1.7605E-04 2.0000E-04
1.5862E-04 2.0000E-04
1.8827E-04 2.0000E-04
1.0746E-04 2.0000E-04
1.0069E-04 2.0000E-04
1.2327E-04 2.0000E-04
2.0451E-04 2.0000E-04
1.0371E-04 2.0000E-04
8.9525E-05 2.0000E-04
1.0745E-04 2.0000E-04
1.7616E-04 2.0000E-04
9.5331E-05 2.0000E-04
7.8230E-05 2.0000E-04
1.0834E-04 2.0000E-04
1.3180E-04 2.0000E-04
9.3623E-05 2.0000E-04
9.4213E-05 2.0000E-04
1.0934E-04 2.0000E-04
9.5911E-05 2.0000E-04
1.8435E-04 2.0000E-04
9.9751E-05 2.0000E-04
8.5757E-05 2.0000E-04
9.7568E-05 2.0000E-04
1.2801E-04 2.0000E-04
8.4444E-05 2.0000E-04
8.3956E-05 2.0000E-04
1.2477E-04 2.0000E-04
8.7739E-05 2.0000E-04
9.8974E-05 2.0000E-04
1.1672E-04 2.0000E-04
8.8110E-05 2.0000E-04
9.0233E-05 2.0000E-04
1.4815E-04 2.0000E-04
9.7571E-05 2.0000E-04
7.7221E-05 2.0000E-04
9.4343E-05 2.0000E-04
1.1506E-04 2.0000E-04
1.2056E-04 2.0000E-04
8.8915E-05 2.0000E-04
9.7009E-05 2.0000E-04
1.0609E-04 2.0000E-04
9.5533E-05 2.0000E-04
1.0739E-04 2.0000E-04
9.8279E-05 2.0000E-04
9.0621E-05 2.0000E-04
1.4223E-04 2.0000E-04
1.3168E-04 2.0000E-04
8.9378E-05 2.0000E-04
1.0433E-04 2.0000E-04
1.2816E-04 2.0000E-04
1.2371E-04 2.0000E-04
1.3296E-04 2.0000E-04
1.0786E-04 2.0000E-04
1.0360E-04 2.0000E-04
1.9367E-04 2.0000E-04
1.4402E-04 2.0000E-04
1.4385E-04 2.0000E-04
1.1512E-04 2.0000E-04
1.2560E-04 2.0000E-04
1.5910E-04 2.0000E-04
1.2726E-04 2.0000E-04
1.0999E-04 2.0000E-04
1.6531E-04 2.0000E-04
1.7390E-04 2.0000E-04
1.1826E-04 2.0000E-04
1.2487E-04 2.0000E-04
1.2876E-04 2.0000E-04
2.4237E-04 2.0000E-04
1.3092E-04 2.0000E-04
1.1072E-04 2.0000E-04
1.3528E-04 2.0000E-04
1.2197E-04 2.0000E-04
1.0714E-04 2.0000E-04
1.7232E-04 2.0000E-04
1.0469E-04 2.0000E-04
1.0173E-04 2.0000E-04
1.3233E-04 2.0000E-04
1.5541E-04 2.0000E-04
1.5638E-04 2.0000E-04
1.0763E-04 2.0000E-04
9.4922E-05 2.0000E-04
1.0158E-04 2.0000E-04
1.9561E-04 2.0000E-04
9.6055E-05 2.0000E-04
7.8421E-05 2.0000E-04
9.3207E-05 2.0000E-04
1.9123E-04 2.0000E-04
8.1309E-05 2.0000E-04
6.9844E-05 2.0000E-04
1.1669E-04 2.0000E-04
9.9736E-05 2.0000E-04
7.6669E-05 2.0000E-04
1.0216E-04 2.0000E-04
9.3447E-05 2.0000E-04
7.9437E-05 2.0000E-04
8.9004E-05 2.0000E-04
1.2210E-04 2.0000E-04
7.3956E-05 2.0000E-04
6.0195E-05 2.0000E-04
6.8156E-05 2.0000E-04
1.2777E-04 2.0000E-04
7.8978E-05 2.0000E-04
5.2060E-05 2.0000E-04
5.9265E-05 2.0000E-04
8.5824E-05 2.0000E-04
6.8329E-05 2.0000E-04
7.1560E-05 2.0000E-04
6.1049E-05 2.0000E-04
6.4586E-05 2.0000E-04
1.0475E-04 2.0000E-04
6.9753E-05 2.0000E-04
6.0564E-05 2.0000E-04
6.9530E-05 2.0000E-04
1.1643E-04 2.0000E-04
6.1858E-05 2.0000E-04
5.6361E-05 2.0000E-04
6.4609E-05 2.0000E-04
1.6219E-04 2.0000E-04
5.8642E-05 2.0000E-04
5.0427E-05 2.0000E-04
6.5241E-05 2.0000E-04
8.9183E-05 2.0000E-04
1.0462E-04 2.0000E-04
4.9058E-05 2.0000E-04
5.8939E-05 2.0000E-04
7.1600E-05 2.0000E-04
1.0763E-04 2.0000E-04
6.1347E-05 2.0000E-04
5.3854E-05 2.0000E-04
6.6406E-05 2.0000E-04
9.0052E-05 2.0000E-04
6.6630E-05 2.0000E-04
5.1928E-05 2.0000E-04
6.3920E-05 2.0000E-04
9.2707E-05 2.0000E-04
6.3975E-05 2.0000E-04
6.0870E-05 2.0000E-04
8.1197E-05 2.0000E-04
6.6596E-05 2.0000E-04
6.8862E-05 2.0000E-04
6.8767E-05 2.0000E-04
5.7209E-05 2.0000E-04
6.0156E-05 2.0000E-04
9.6434E-05 2.0000E-04
5.8634E-05 2.0000E-04
5.2423E-05 2.0000E-04
6.4386E-05 2.0000E-04
7.1846E-05 2.0000E-04
6.7286E-05 2.0000E-04
5.1784E-05 2.0000E-04
5.2818E-05 2.0000E-04
8.4155E-05 2.0000E-04
4.9925E-05 2.0000E-04
4.6343E-05 2.0000E-04
5.6516E-05 2.0000E-04
6.8259E-05 2.0000E-04
4.7751E-05 2.0000E-04
4.8416E-05 2.0000E-04
6.2799E-05 2.0000E-04
5.1251E-05 2.0000E-04
5.8364E-05 2.0000E-04
6.4803E-05 2.0000E-04
5.0824E-05 2.0000E-04
5.6539E-05 2.0000E-04
6.3489E-05 2.0000E-04
5.0318E-05 2.0000E-04
5.2820E-05 2.0000E-04
5.6373E-05 2.0000E-04
4.9496E-05 2.0000E-04
7.2833E-05 2.0000E-04
4.7361E-05 2.0000E-04
4.6410E-05 2.0000E-04
6.3983E-05 2.0000E-04
7.0665E-05 2.0000E-04
4.5978E-05 2.0000E-04
4.6881E-05 2.0000E-04
6.6982E-05 2.0000E-04
6.1219E-05 2.0000E-04
5.7917E-05 2.0000E-04
4.8995E-05 2.0000E-04
5.2517E-05 2.0000E-04
7.2082E-05 2.0000E-04
5.3822E-05 2.0000E-04
5.1743E-05 2.0000E-04
6.4547E-05 2.0000E-04
9.8350E-05 2.0000E-04
5.6517E-05 2.0000E-04
5.3601E-05 2.0000E-04
6.5344E-05 2.0000E-04
1.2164E-04 2.0000E-04
6.2737E-05 2.0000E-04
6.4253E-05 2.0000E-04
1.1955E-04 2.0000E-04
8.4731E-05 2.0000E-04
6.4956E-05 2.0000E-04
7.8789E-05 2.0000E-04
9.3033E-05 2.0000E-04
9.2323E-05 2.0000E-04
9.8991E-05 2.0000E-04
8.1953E-05 2.0000E-04
8.7112E-05 2.0000E-04
1.1517E-04 2.0000E-04
8.9775E-05 2.0000E-04
8.9460E-05 2.0000E-04
1.2908E-04 2.0000E-04
1.4431E-04 2.0000E-04
1.3284E-04 2.0000E-04
7.9331E-05 2.0000E-04
8.1725E-05 2.0000E-04
1.1762E-04 2.0000E-04
2.0270E-04 2.0000E-04
9.1793E-05 2.0000E-04
8.2961E-05 2.0000E-04
1.0180E-04 2.0000E-04
1.6211E-04 2.0000E-04
1.5480E-04 2.0000E-04
9.2017E-05 2.0000E-04
1.3767E-04 2.0000E-04
1.1024E-04 2.0000E-04
1.1535E-04 2.0000E-04
1.4224E-04 2.0000E-04
1.1575E-04 2.0000E-04
1.2486E-04 2.0000E-04
1.3585E-04 2.0000E-04
1.2343E-04 2.0000E-04
1.4017E-04 2.0000E-04
1.7434E-04 2.0000E-04
2.2547E-04 2.0000E-04
1.0174E-04 2.0000E-04
1.0095E-04 2.0000E-04
1.2467E-04 2.0000E-04
2.2876E-04 2.0000E-04
1.0696E-04 2.0000E-04
8.2363E-05 2.0000E-04
1.0535E-04 2.0000E-04
1.5631E-04 2.0000E-04
8.6777E-05 2.0000E-04
1.0250E-04 2.0000E-04
1.3712E-04 2.0000E-04
7.9863E-05 2.0000E-04
6.4770E-05 2.0000E-04
7.8338E-05 2.0000E-04
1.6976E-04 2.0000E-04
6.9518E-05 2.0000E-04
5.8145E-05 2.0000E-04
7.1980E-05 2.0000E-04
9.4747E-05 2.0000E-04
1.3824E-04 2.0000E-04
5.6653E-05 2.0000E-04
6.2827E-05 2.0000E-04
7.9095E-05 2.0000E-04
1.9875E-04 2.0000E-04
7.3671E-05 2.0000E-04
5.7909E-05 2.0000E-04
7.7951E-05 2.0000E-04
1.2807E-04 2.0000E-04
8.0137E-05 2.0000E-04
6.6085E-05 2.0000E-04
1.0041E-04 2.0000E-04
8.6739E-05 2.0000E-04
8.1481E-05 2.0000E-04
1.4958E-04 2.0000E-04
8.1750E-05 2.0000E-04
9.0750E-05 2.0000E-04
1.0184E-04 2.0000E-04
1.0457E-04 2.0000E-04
9.4273E-05 2.0000E-04
9.8317E-05 2.0000E-04
1.1041E-04 2.0000E-04
1.3038E-04 2.0000E-04
9.9066E-05 2.0000E-04
1.1083E-04 2.0000E-04
1.0872E-04 2.0000E-04
1.1045E-04 2.0000E-04
9.0848E-05 2.0000E-04
1.0475E-04 2.0000E-04
8.9995E-05 2.0000E-04
8.7524E-05 2.0000E-04
1.1520E-04 2.0000E-04
1.1875E-04 2.0000E-04
1.3677E-04 2.0000E-04
1.0242E-04 2.0000E-04
8.3028E-05 2.0000E-04
8.5824E-05 2.0000E-04
1.5166E-04 2.0000E-04
8.7322E-05 2.0000E-04
7.7345E-05 2.0000E-04
9.7991E-05 2.0000E-04
1.3264E-04 2.0000E-04
8.3273E-05 2.0000E-04
9.4695E-05 2.0000E-04
1.2902E-04 2.0000E-04
9.0092E-05 2.0000E-04
8.2405E-05 2.0000E-04
8.6538E-05 2.0000E-04
1.0426E-04 2.0000E-04
9.3935E-05 2.0000E-04
7.0916E-05 2.0000E-04
8.1304E-05 2.0000E-04
1.2485E-04 2.0000E-04
7.4119E-05 2.0000E-04
6.4320E-05 2.0000E-04
7.5642E-05 2.0000E-04
9.9285E-05 2.0000E-04
8.6355E-05 2.0000E-04
6.6239E-05 2.0000E-04
6.6330E-05 2.0000E-04
1.0676E-04 2.0000E-04
6.7293E-05 2.0000E-04
6.5195E-05 2.0000E-04
8.3490E-05 2.0000E-04
6.5534E-05 2.0000E-04
7.5370E-05 2.0000E-04
6.9049E-05 2.0000E-04
5.8794E-05 2.0000E-04
8.4179E-05 2.0000E-04
8.2651E-05 2.0000E-04
5.7167E-05 2.0000E-04
5.1336E-05 2.0000E-04
7.4632E-05 2.0000E-04
5.9040E-05 2.0000E-04
8.0829E-05 2.0000E-04
6.0004E-05 2.0000E-04
5.1562E-05 2.0000E-04
6.3327E-05 2.0000E-04
9.9075E-05 2.0000E-04
5.7477E-05 2.0000E-04
4.4891E-05 2.0000E-04
5.1928E-05 2.0000E-04
1.1230E-04 2.0000E-04
4.9854E-05 2.0000E-04
4.9091E-05 2.0000E-04
7.2368E-05 2.0000E-04
6.7708E-05 2.0000E-04
5.1951E-05 2.0000E-04
5.2068E-05 2.0000E-04
6.0340E-05 2.0000E-04
5.4235E-05 2.0000E-04
9.5097E-05 2.0000E-04
5.1318E-05 2.0000E-04
4.4914E-05 2.0000E-04
5.2830E-05 2.0000E-04
1.0519E-04 2.0000E-04
4.9113E-05 2.0000E-04
4.2771E-05 2.0000E-04
5.3798E-05 2.0000E-04
7.1487E-05 2.0000E-04
4.8290E-05 2.0000E-04
4.4451E-05 2.0000E-04
5.1604E-05 2.0000E-04
6.0732E-05 2.0000E-04
4.4690E-05 2.0000E-04
4.3211E-05 2.0000E-04
6.1222E-05 2.0000E-04
4.7435E-05 2.0000E-04
3.8705E-05 2.0000E-04
5.1932E-05 2.0000E-04
6.0228E-05 2.0000E-04
4.4789E-05 2.0000E-04
5.0493E-05 2.0000E-04
5.6040E-05 2.0000E-04
5.1329E-05 2.0000E-04
4.9889E-05 2.0000E-04
5.5467E-05 2.0000E-04
4.5500E-05 2.0000E-04
6.5397E-05 2.0000E-04
8.1261E-05 2.0000E-04
4.9930E-05 2.0000E-04
4.0161E-05 2.0000E-04
4.7828E-05 2.0000E-04
1.3972E-04 2.0000E-04
4.6218E-05 2.0000E-04
4.0723E-05 2.0000E-04
5.4868E-05 2.0000E-04
1.1083E-04 2.0000E-04
6.0384E-05 2.0000E-04
5.5474E-05 2.0000E-04
7.1720E-05 2.0000E-04
8.6514E-05 2.0000E-04
7.7646E-05 2.0000E-04
9.3997E-05 2.0000E-04
8.0051E-05 2.0000E-04
8.7690E-05 2.0000E-04
9.5619E-05 2.0000E-04
1.5504E-04 2.0000E-04
1.0657E-04 2.0000E-04
7.5808E-05 2.0000E-04
8.5004E-05 2.0000E-04
1.9111E-04 2.0000E-04
1.1600E-04 2.0000E-04
8.2082E-05 2.0000E-04
2.1227E-04 2.0000E-04
1.4749E-04 2.0000E-04
9.6918E-05 2.0000E-04
1.9944E-04 2.0000E-04
1.3655E-04 2.0000E-04
1.1104E-04 2.0000E-04
1.9941E-04 2.0000E-04
1.6066E-04 2.0000E-04
1.2628E-04 2.0000E-04
1.6024E-04 2.0000E-04
3.0965E-04 2.0000E-04
2.8116E-04 2.0000E-04
2.1151E-04 2.0000E-04
1.0044E-04 2.0000E-04
1.4152E-04 2.0000E-04
1.6116E-04 2.0000E-04
3.1680E-04 2.0000E-04
1.4214E-04 2.0000E-04
1.2397E-04 2.0000E-04
1.7141E-04 2.0000E-04
1.4556E-04 2.0000E-04
1.2954E-04 2.0000E-04
1.4874E-04 2.0000E-04
1.4174E-04 2.0000E-04
1.2170E-04 2.0000E-04
1.2015E-04 2.0000E-04
1.1784E-04 2.0000E-04
1.3235E-04 2.0000E-04
1.0796E-04 2.0000E-04
9.9531E-05 2.0000E-04
1.4284E-04 2.0000E-04
1.4210E-04 2.0000E-04
9.8216E-05 2.0000E-04
1.1568E-04 2.0000E-04
1.3575E-04 2.0000E-04
1.1503E-04 2.0000E-04
1.5128E-04 2.0000E-04
1.0058E-04 2.0000E-04
9.7532E-05 2.0000E-04
1.1761E-04 2.0000E-04
2.0960E-04 2.0000E-04
9.5812E-05 2.0000E-04
7.8761E-05 2.0000E-04
9.7843E-05 2.0000E-04
1.1986E-04 2.0000E-04
1.4112E-04 2.0000E-04
7.5266E-05 2.0000E-04
8.4062E-05 2.0000E-04
1.1424E-04 2.0000E-04
1.7091E-04 2.0000E-04
8.8190E-05 2.0000E-04
8.6368E-05 2.0000E-04
1.0107E-04 2.0000E-04
1.8416E-04 2.0000E-04
9.2486E-05 2.0000E-04
7.5361E-05 2.0000E-04
9.3848E-05 2.0000E-04
1.3849E-04 2.0000E-04
9.0022E-05 2.0000E-04
7.6494E-05 2.0000E-04
9.2702E-05 2.0000E-04
8.5465E-05 2.0000E-04
1.3221E-04 2.0000E-04
7.1248E-05 2.0000E-04
7.1837E-05 2.0000E-04
9.0414E-05 2.0000E-04
1.3675E-04 2.0000E-04
6.6526E-05 2.0000E-04
6.3825E-05 2.0000E-04
7.2194E-05 2.0000E-04
1.6503E-04 2.0000E-04
6.4043E-05 2.0000E-04
5.2108E-05 2.0000E-04
6.5774E-05 2.0000E-04
1.4245E-04 2.0000E-04
6.5264E-05 2.0000E-04
4.9450E-05 2.0000E-04
6.1767E-05 2.0000E-04
1.0463E-04 2.0000E-04
5.8709E-05 2.0000E-04
4.6647E-05 2.0000E-04
7.0032E-05 2.0000E-04
9.1363E-05 2.0000E-04
5.7892E-05 2.0000E-04
5.3626E-05 2.0000E-04
5.9966E-05 2.0000E-04
5.9204E-05 2.0000E-04
9.4219E-05 2.0000E-04
5.5001E-05 2.0000E-04
4.5967E-05 2.0000E-04
5.2687E-05 2.0000E-04
8.1923E-05 2.0000E-04
5.1427E-05 2.0000E-04
4.8859E-05 2.0000E-04
6.2508E-05 2.0000E-04
7.7891E-05 2.0000E-04
4.6297E-05 2.0000E-04
4.5412E-05 2.0000E-04
5.4653E-05 2.0000E-04
6.4840E-05 2.0000E-04
6.1782E-05 2.0000E-04
4.8523E-05 2.0000E-04
5.1637E-05 2.0000E-04
8.0500E-05 2.0000E-04
4.9792E-05 2.0000E-04
4.8532E-05 2.0000E-04
6.4766E-05 2.0000E-04
5.3834E-05 2.0000E-04
8.0009E-05 2.0000E-04
4.9566E-05 2.0000E-04
4.7541E-05 2.0000E-04
7.1444E-05 2.0000E-04
7.9996E-05 2.0000E-04
5.5590E-05 2.0000E-04
5.9636E-05 2.0000E-04
6.4606E-05 2.0000E-04
5.8123E-05 2.0000E-04
9.2571E-05 2.0000E-04
6.6077E-05 2.0000E-04
6.0427E-05 2.0000E-04
8.2729E-05 2.0000E-04
1.6288E-04 2.0000E-04
7.1028E-05 2.0000E-04
1.3067E-04 2.0000E-04
6.7423E-05 2.0000E-04
6.0081E-05 2.0000E-04
7.5405E-05 2.0000E-04
1.1540E-04 2.0000E-04
1.0468E-04 2.0000E-04
1.0134E-04 2.0000E-04
1.1683E-04 2.0000E-04
9.6470E-05 2.0000E-04
7.6259E-05 2.0000E-04
1.3954E-04 2.0000E-04
9.5455E-05 2.0000E-04
8.5878E-05 2.0000E-04
1.1010E-04 2.0000E-04
1.7153E-04 2.0000E-04
9.5762E-05 2.0000E-04
1.0915E-04 2.0000E-04
7.9791E-05 2.0000E-04
7.1570E-05 2.0000E-04
9.9072E-05 2.0000E-04
1.3369E-04 2.0000E-04
7.2671E-05 2.0000E-04
6.1218E-05 2.0000E-04
6.9099E-05 2.0000E-04
1.6699E-04 2.0000E-04
5.8954E-05 2.0000E-04
4.7385E-05 2.0000E-04
5.7350E-05 2.0000E-04
9.5539E-05 2.0000E-04
5.3284E-05 2.0000E-04
4.2884E-05 2.0000E-04
7.4214E-05 2.0000E-04
6.2697E-05 2.0000E-04
4.8683E-05 2.0000E-04
6.0311E-05 2.0000E-04
7.1200E-05 2.0000E-04
4.6495E-05 2.0000E-04
3.7870E-05 2.0000E-04
4.1787E-05 2.0000E-04
9.3603E-05 2.0000E-04
3.6234E-05 2.0000E-04
3.3635E-05 2.0000E-04
4.0827E-05 2.0000E-04
8.8387E-05 2.0000E-04
3.0756E-05 2.0000E-04
2.8904E-05 2.0000E-04
3.6317E-05 2.0000E-04
7.0249E-05 2.0000E-04
3.1993E-05 2.0000E-04
2.4956E-05 2.0000E-04
3.2677E-05 2.0000E-04
5.4185E-05 2.0000E-04
3.1674E-05 2.0000E-04
2.4424E-05 2.0000E-04
3.2134E-05 2.0000E-04
3.7422E-05 2.0000E-04
2.9964E-05 2.0000E-04
2.6207E-05 2.0000E-04
2.9578E-05 2.0000E-04
2.9808E-05 2.0000E-04
3.4053E-05 2.0000E-04
2.6915E-05 2.0000E-04
2.5524E-05 2.0000E-04
3.0820E-05 2.0000E-04
4.4968E-05 2.0000E-04
2.1638E-05 2.0000E-04
2.1392E-05 2.0000E-04
2.5076E-05 2.0000E-04
6.0217E-05 2.0000E-04
2.1407E-05 2.0000E-04
1.6692E-05 2.0000E-04
2.1557E-05 2.0000E-04
2.9099E-05 2.0000E-04
3.0261E-05 2.0000E-04
1.6229E-05 2.0000E-04
1.9169E-05 2.0000E-04
2.3283E-05 2.0000E-04
3.4370E-05 2.0000E-04
1.7392E-05 2.0000E-04
1.7721E-05 2.0000E-04
2.0582E-05 2.0000E-04
4.7404E-05 2.0000E-04
1.8134E-05 2.0000E-04
1.3943E-05 2.0000E-04
1.7824E-05 2.0000E-04
2.2615E-05 2.0000E-04
4.0494E-05 2.0000E-04
1.4033E-05 2.0000E-04
1.3984E-05 2.0000E-04
1.7712E-05 2.0000E-04
3.5549E-05 2.0000E-04
1.6727E-05 2.0000E-04
1.3538E-05 2.0000E-04
1.7105E-05 2.0000E-04
2.8634E-05 2.0000E-04
1.6889E-05 2.0000E-04
1.3792E-05 2.0000E-04
1.9188E-05 2.0000E-04
2.1765E-05 2.0000E-04
1.5749E-05 2.0000E-04
1.5452E-05 2.0000E-04
1.8050E-05 2.0000E-04
1.6936E-05 2.0000E-04
2.5578E-05 2.0000E-04
1.5515E-05 2.0000E-04
1.3908E-05 2.0000E-04
1.5184E-05 2.0000E-04
3.8532E-05 2.0000E-04
1.5541E-05 2.0000E-04
1.0677E-05 2.0000E-04
1.3066E-05 2.0000E-04
1.4921E-05 2.0000E-04
2.8942E-05 2.0000E-04
1.1681E-05 2.0000E-04
1.1029E-05 2.0000E-04
1.3789E-05 2.0000E-04
2.8081E-05 2.0000E-04
1.3239E-05 2.0000E-04
1.0612E-05 2.0000E-04
1.4217E-05 2.0000E-04
2.6936E-05 2.0000E-04
1.3936E-05 2.0000E-04
1.1204E-05 2.0000E-04
1.2986E-05 2.0000E-04
2.2030E-05 2.0000E-04
1.7365E-05 2.0000E-04
1.0564E-05 2.0000E-04
1.2746E-05 2.0000E-04
1.9494E-05 2.0000E-04
1.4086E-05 2.0000E-04
1.3608E-05 2.0000E-04
2.0452E-05 2.0000E-04
1.2684E-05 2.0000E-04
1.0189E-05 2.0000E-04
1.1062E-05 2.0000E-04
1.6540E-05 2.0000E-04
2.5964E-05 2.0000E-04
8.2007E-06 2.0000E-04
7.9610E-06 2.0000E-04
1.4857E-03 2.0000E-04
1.2324E-03 2.0000E-04
5.3812E-04 2.0000E-04
4.4938E-04 2.0000E-04
5.6329E-04 2.0000E-04
3.8343E-04 2.0000E-04
2.4184E-04 2.0000E-04
1.8131E-04 2.0000E-04
2.3724E-04 2.0000E-04
1.4527E-04 2.0000E-04
1.1339E-04 2.0000E-04
1.4510E-04 2.0000E-04
2.2333E-04 2.0000E-04
1.1274E-04 2.0000E-04
8.2399E-05 2.0000E-04
9.3746E-05 2.0000E-04
1.6781E-04 2.0000E-04
8.7181E-05 2.0000E-04
6.1344E-05 2.0000E-04
7.6673E-05 2.0000E-04
1.0517E-04 2.0000E-04
7.6305E-05 2.0000E-04
8.2774E-05 2.0000E-04
7.5374E-05 2.0000E-04
5.1587E-05 2.0000E-04
4.9205E-05 2.0000E-04
5.9387E-05 2.0000E-04
7.1839E-05 2.0000E-04
7.8014E-05 2.0000E-04
4.4489E-05 2.0000E-04
4.3157E-05 2.0000E-04
5.5135E-05 2.0000E-04
1.0573E-04 2.0000E-04
4.5609E-05 2.0000E-04
3.6028E-05 2.0000E-04
4.9149E-05 2.0000E-04
5.8086E-05 2.0000E-04
6.3191E-05 2.0000E-04
4.0244E-05 2.0000E-04
3.6389E-05 2.0000E-04
4.0679E-05 2.0000E-04
5.6720E-05 2.0000E-04
3.5205E-05 2.0000E-04
3.5263E-05 2.0000E-04
4.2002E-05 2.0000E-04
5.8991E-05 2.0000E-04
3.2169E-05 2.0000E-04
2.8708E-05 2.0000E-04
3.3553E-05 2.0000E-04
5.7178E-05 2.0000E-04
2.8462E-05 2.0000E-04
2.5150E-05 2.0000E-04
2.9863E-05 2.0000E-04
5.1384E-05 2.0000E-04
2.6983E-05 2.0000E-04
2.2471E-05 2.0000E-04
3.1577E-05 2.0000E-04
3.8762E-05 2.0000E-04
2.9872E-05 2.0000E-04
3.4303E-05 2.0000E-04
2.4842E-05 2.0000E-04
2.1807E-05 2.0000E-04
2.4069E-05 2.0000E-04
3.3212E-05 2.0000E-04
2.4536E-05 2.0000E-04
2.5090E-05 2.0000E-04
2.7826E-05 2.0000E-04
2.0912E-05 2.0000E-04
2.2647E-05 2.0000E-04
2.4666E-05 2.0000E-04
1.8191E-05 2.0000E-04
2.0883E-05 2.0000E-04
2.5693E-05 2.0000E-04
1.9828E-05 2.0000E-04
1.7010E-05 2.0000E-04
1.8860E-05 2.0000E-04
1.8569E-05 2.0000E-04
2.2632E-05 2.0000E-04
4.2339E-05 2.0000E-04
1.4919E-05 2.0000E-04
1.1596E-05 2.0000E-04
