554.3
172.0
172.6
171.4
173.3
172.9
174.5
173.7
174.1
173.3
174.7
172.6
173.2
172.9
174.4
173.4
173.3
199.1
167.2
173.4
173.3
173.7
175.8
173.5
238.1
174.0
172.4
173.4
172.9
174.7
174.2
174.0
174.4
173.8
173.3
173.1
173.3
175.3
174.3
173.7
169.0
173.5
174.8
175.2
173.7
173.9
222.6
174.9
156.8
156.2
157.9
173.8
173.9
174.1
174.7
174.3
191.3
191.2
192.6
190.3
190.7
200.3
190.5
173.2
175.0
175.5
167.5
174.7
239.2
157.1
158.2
158.3
155.5
158.6
157.4
175.2
173.0
189.4
191.5
191.1
191.6
190.7
192.4
191.0
189.6
192.3
175.1
175.4
173.7
174.1
239.8
155.0
157.3
157.1
156.5
157.1
173.7
174.8
191.5
191.8
190.6
190.3
190.9
193.0
191.6
193.2
192.0
174.8
173.9
176.4
224.7
157.0
157.9
160.0
158.8
160.4
157.3
174.7
175.9
193.7
191.8
191.5
192.4
192.3
192.7
192.5
191.6
174.9
176.8
175.8
227.2
225.2
158.7
156.0
158.6
158.7
159.4
175.3
174.8
194.1
193.7
194.1
193.3
192.4
192.9
193.0
191.3
175.4
175.6
227.8
225.0
159.0
157.6
160.3
176.6
174.5
178.1
190.8
191.8
193.2
193.2
194.0
191.5
192.2
190.0
192.3
167.6
227.5
225.3
157.6
157.5
156.6
157.2
175.6
176.4
174.1
194.2
195.2
195.5
192.8
192.1
186.4
191.3
192.5
191.7
175.2
220.4
225.9
172.2
172.6
157.0
158.8
158.0
174.2
176.1
175.6
194.6
192.5
192.8
193.4
192.8
192.7
192.4
191.2
192.6
208.2
224.2
170.7
172.8
158.5
158.0
175.9
176.5
169.9
192.8
192.4
193.9
193.8
193.0
193.0
194.7
194.1
193.1
227.2
225.1
174.7
172.9
157.5
158.1
175.7
178.1
193.9
194.7
195.0
194.0
194.2
194.7
192.8
192.9
193.0
185.8
174.0
158.9
229.2
223.4
156.8
193.4
193.3
194.3
190.1
192.9
210.6
194.0
192.9
193.6
159.0
227.8
227.5
192.4
228.0
190.4
175.6
228.2
218.6
176.8
209.8
225.2
210.3
159.7
160.3
159.4
127.3
157.7
160.9
160.2
158.8
157.0
160.5
174.7
159.9
159.0
159.7
161.0
126.4
127.6
161.2
126.1
160.1
159.3
159.1
