RMS Step   Target
2.2222E-03 1.2000E-03
5.7782E-03 1.2000E-03
5.7973E-03 1.2000E-03
5.7947E-03 1.2000E-03
2.6526E-03 1.2000E-03
1.1075E-03 1.2000E-03
2.4352E-03 1.2000E-03
2.0180E-03 1.2000E-03
5.9195E-04 1.2000E-03
2.4140E-03 1.2000E-03
1.5558E-03 1.2000E-03
2.4988E-03 1.2000E-03
7.0376E-04 1.2000E-03
2.1212E-04 1.2000E-03
1.5148E-03 1.2000E-03
1.7594E-03 1.2000E-03
4.8374E-03 1.2000E-03
8.5329E-04 1.2000E-03
2.7111E-04 1.2000E-03
1.1434E-03 1.2000E-03
1.3833E-03 1.2000E-03
2.3545E-04 1.2000E-03
1.5874E-04 1.2000E-03
1.5874E-04 1.2000E-03
