Max Step   Target
3.3386E-03 1.8000E-02
1.8820E-01 1.8000E-02
5.3078E-02 1.8000E-02
6.2883E-02 1.8000E-02
1.5400E-01 1.8000E-02
8.1969E-02 1.8000E-02
3.1934E-02 1.8000E-02
0.0000E+00 1.8000E-02
1.6644E-03 1.8000E-02
7.6501E-03 1.8000E-02
6.7862E-03 1.8000E-02
9.3125E-03 1.8000E-02
8.2341E-03 1.8000E-02
8.2540E-03 1.8000E-02
1.1469E-01 1.8000E-02
1.1398E-02 1.8000E-02
2.0971E-02 1.8000E-02
2.4734E-03 1.8000E-02
1.7953E-02 1.8000E-02
1.3039E-02 1.8000E-02
9.1386E-03 1.8000E-02
7.2620E-03 1.8000E-02
5.6719E-03 1.8000E-02
1.0398E-02 1.8000E-02
1.4943E-02 1.8000E-02
3.5220E-03 1.8000E-02
2.9924E-03 1.8000E-02
3.5126E-03 1.8000E-02
7.8060E-03 1.8000E-02
