RMS Step   Target
2.8849E-04 8.0000E-04
2.8690E-03 8.0000E-04
9.1607E-04 8.0000E-04
1.6345E-03 8.0000E-04
1.7733E-03 8.0000E-04
1.1786E-03 8.0000E-04
6.5551E-04 8.0000E-04
9.4531E-04 8.0000E-04
1.7553E-03 8.0000E-04
8.3552E-04 8.0000E-04
5.3845E-04 8.0000E-04
1.2205E-03 8.0000E-04
1.9986E-03 8.0000E-04
1.1889E-03 8.0000E-04
7.1758E-04 8.0000E-04
8.8904E-04 8.0000E-04
1.5088E-03 8.0000E-04
1.6290E-03 8.0000E-04
5.3296E-04 8.0000E-04
9.1864E-04 8.0000E-04
9.8506E-04 8.0000E-04
1.5128E-03 8.0000E-04
1.9987E-03 8.0000E-04
2.8114E-04 8.0000E-04
2.8723E-04 8.0000E-04
8.0030E-04 8.0000E-04
1.2694E-03 8.0000E-04
2.0896E-04 8.0000E-04
2.2373E-04 8.0000E-04
4.1673E-04 8.0000E-04
5.9190E-04 8.0000E-04
1.4220E-03 8.0000E-04
3.4326E-04 8.0000E-04
2.0219E-04 8.0000E-04
5.0670E-04 8.0000E-04
1.0120E-03 8.0000E-04
9.8121E-05 8.0000E-04
1.3829E-04 8.0000E-04
3.2772E-04 8.0000E-04
5.6355E-04 8.0000E-04
1.0493E-03 8.0000E-04
1.2785E-04 8.0000E-04
8.5116E-05 8.0000E-04
2.4888E-04 8.0000E-04
5.2934E-04 8.0000E-04
9.6040E-04 8.0000E-04
4.0622E-04 8.0000E-04
1.5716E-04 8.0000E-04
1.9111E-04 8.0000E-04
3.4281E-04 8.0000E-04
4.7040E-04 8.0000E-04
3.8218E-04 8.0000E-04
2.3879E-04 8.0000E-04
2.5789E-04 8.0000E-04
5.1490E-04 8.0000E-04
5.0196E-04 8.0000E-04
3.8634E-04 8.0000E-04
5.1917E-04 8.0000E-04
4.5329E-04 8.0000E-04
1.5689E-04 8.0000E-04
3.5708E-04 8.0000E-04
3.3226E-04 8.0000E-04
6.6030E-04 8.0000E-04
3.4669E-04 8.0000E-04
1.1773E-04 8.0000E-04
2.4025E-04 8.0000E-04
3.3919E-04 8.0000E-04
2.6464E-04 8.0000E-04
3.2490E-04 8.0000E-04
3.0013E-04 8.0000E-04
4.0278E-04 8.0000E-04
2.1114E-04 8.0000E-04
1.7320E-04 8.0000E-04
1.9376E-04 8.0000E-04
4.5705E-04 8.0000E-04
3.3995E-04 8.0000E-04
2.8145E-04 8.0000E-04
3.2990E-04 8.0000E-04
3.6040E-04 8.0000E-04
1.0087E-04 8.0000E-04
1.5733E-04 8.0000E-04
1.7570E-04 8.0000E-04
5.1801E-04 8.0000E-04
2.9855E-04 8.0000E-04
1.0134E-04 8.0000E-04
1.9394E-04 8.0000E-04
4.0800E-04 8.0000E-04
1.3357E-04 8.0000E-04
2.5686E-04 8.0000E-04
1.5492E-04 8.0000E-04
6.1335E-04 8.0000E-04
2.6963E-04 8.0000E-04
1.1544E-04 8.0000E-04
8.3110E-05 8.0000E-04
1.6467E-04 8.0000E-04
5.2364E-04 8.0000E-04
3.3294E-04 8.0000E-04
7.0397E-05 8.0000E-04
1.5601E-04 8.0000E-04
2.8179E-04 8.0000E-04
2.3198E-04 8.0000E-04
2.7048E-04 8.0000E-04
1.1685E-04 8.0000E-04
1.7019E-04 8.0000E-04
2.8000E-04 8.0000E-04
3.4760E-04 8.0000E-04
2.1745E-04 8.0000E-04
2.9047E-04 8.0000E-04
1.5645E-04 8.0000E-04
6.2776E-04 8.0000E-04
1.1118E-04 8.0000E-04
2.0702E-04 8.0000E-04
1.5203E-04 8.0000E-04
4.3359E-04 8.0000E-04
7.9099E-04 8.0000E-04
1.3514E-03 8.0000E-04
1.0618E-03 8.0000E-04
3.4535E-03 8.0000E-04
7.2124E-03 8.0000E-04
7.2124E-03 8.0000E-04
7.2124E-03 8.0000E-04
1.9209E-03 8.0000E-04
3.8898E-03 8.0000E-04
7.2124E-03 8.0000E-04
3.6062E-03 8.0000E-04
2.7500E-03 8.0000E-04
1.1064E-03 8.0000E-04
2.6968E-03 8.0000E-04
3.6219E-03 8.0000E-04
5.1529E-03 8.0000E-04
8.8718E-04 8.0000E-04
1.0997E-03 8.0000E-04
3.1736E-03 8.0000E-04
3.0770E-03 8.0000E-04
8.6659E-04 8.0000E-04
4.5199E-04 8.0000E-04
5.6438E-04 8.0000E-04
1.1128E-03 8.0000E-04
6.4297E-04 8.0000E-04
4.6786E-04 8.0000E-04
6.7986E-04 8.0000E-04
9.0176E-04 8.0000E-04
2.2097E-04 8.0000E-04
3.6639E-04 8.0000E-04
3.6671E-04 8.0000E-04
8.0485E-04 8.0000E-04
4.9132E-04 8.0000E-04
3.3539E-04 8.0000E-04
5.2604E-04 8.0000E-04
7.6733E-04 8.0000E-04
1.8814E-04 8.0000E-04
2.6108E-04 8.0000E-04
3.0161E-04 8.0000E-04
7.3501E-04 8.0000E-04
9.4084E-04 8.0000E-04
2.9089E-04 8.0000E-04
3.6432E-04 8.0000E-04
3.1127E-04 8.0000E-04
5.3114E-04 8.0000E-04
5.6178E-04 8.0000E-04
1.9973E-04 8.0000E-04
2.4596E-04 8.0000E-04
5.1174E-04 8.0000E-04
6.4895E-04 8.0000E-04
1.1670E-04 8.0000E-04
2.6316E-04 8.0000E-04
2.2812E-04 8.0000E-04
5.6637E-04 8.0000E-04
1.8543E-04 8.0000E-04
7.3624E-05 8.0000E-04
2.2069E-04 8.0000E-04
3.5339E-04 8.0000E-04
1.6787E-04 8.0000E-04
2.1922E-04 8.0000E-04
1.4705E-04 8.0000E-04
3.0994E-04 8.0000E-04
2.1386E-04 8.0000E-04
1.1536E-04 8.0000E-04
1.9687E-04 8.0000E-04
2.1158E-04 8.0000E-04
1.7303E-04 8.0000E-04
3.0721E-04 8.0000E-04
1.4074E-04 8.0000E-04
1.7543E-04 8.0000E-04
3.6655E-04 8.0000E-04
3.0875E-04 8.0000E-04
9.3733E-05 8.0000E-04
2.0637E-04 8.0000E-04
2.0015E-04 8.0000E-04
2.8458E-04 8.0000E-04
2.8776E-04 8.0000E-04
2.0186E-04 8.0000E-04
1.4266E-04 8.0000E-04
2.0554E-04 8.0000E-04
1.9986E-04 8.0000E-04
1.6465E-04 8.0000E-04
3.2599E-04 8.0000E-04
2.1366E-04 8.0000E-04
1.0466E-04 8.0000E-04
3.0777E-04 8.0000E-04
2.7671E-04 8.0000E-04
8.5825E-05 8.0000E-04
2.1901E-04 8.0000E-04
1.6706E-04 8.0000E-04
2.0809E-04 8.0000E-04
3.7908E-04 8.0000E-04
1.4564E-04 8.0000E-04
4.4581E-05 8.0000E-04
1.6533E-04 8.0000E-04
1.2813E-04 8.0000E-04
2.5626E-04 8.0000E-04
3.4270E-04 8.0000E-04
2.0481E-04 8.0000E-04
1.1381E-04 8.0000E-04
1.8689E-04 8.0000E-04
2.3071E-04 8.0000E-04
1.1347E-04 8.0000E-04
2.5504E-04 8.0000E-04
8.7503E-05 8.0000E-04
