589.6
163.6
206.6
186.7
181.5
180.9
187.3
169.3
168.0
174.2
171.6
170.0
165.5
183.7
170.8
166.0
166.6
167.0
171.6
171.1
159.6
167.6
166.8
173.7
167.3
173.0
153.4
175.0
131.9
163.4
171.4
168.2
172.8
132.6
131.9
174.0
173.4
120.0
137.2
139.2
138.4
167.1
137.9
132.9
131.3
166.3
160.5
140.3
133.3
131.9
139.8
138.1
137.9
131.8
138.7
140.3
130.8
138.0
136.8
138.0
131.2
125.7
136.0
129.6
137.4
137.4
137.4
136.0
135.7
135.7
138.3
137.1
136.6
138.1
129.8
138.5
136.1
137.2
137.2
137.6
117.5
121.7
141.6
137.5
138.3
120.8
121.1
148.1
119.9
137.7
113.5
166.3
130.2
113.6
119.0
112.0
171.4
136.6
119.3
118.8
118.2
154.1
137.2
117.9
119.5
119.6
119.6
149.0
135.8
117.1
163.7
117.1
136.6
133.7
135.2
169.4
170.1
168.6
170.2
181.7
205.2
197.1
165.8
196.6
199.9
186.4
169.9
185.5
164.2
163.6
187.7
186.9
167.4
163.5
163.9
169.8
162.2
162.6
135.4
170.2
133.8
134.2
133.8
135.0
134.0
137.0
128.2
169.1
135.5
135.8
134.1
132.3
121.9
133.7
133.3
133.5
135.7
136.0
134.0
126.6
128.5
125.9
133.1
134.3
132.2
127.6
115.6
115.5
115.3
127.3
131.1
116.7
133.6
132.8
116.4
151.4
113.9
132.7
116.9
114.2
113.8
115.9
117.1
114.8
145.3
116.0
133.6
133.7
116.1
114.2
117.3
116.5
115.9
115.7
117.0
114.8
149.8
117.2
129.7
114.4
116.9
131.5
115.3
114.8
109.6
149.1
115.8
116.5
115.3
115.1
111.6
114.5
117.4
115.7
116.4
118.1
116.5
117.8
114.6
112.1
115.8
110.6
116.6
