RMS Step   Target
5.7061E-05 1.2000E-02
1.9029E-03 1.2000E-02
5.6784E-04 1.2000E-02
1.2264E-03 1.2000E-02
1.0359E-03 1.2000E-02
1.2918E-03 1.2000E-02
3.5246E-04 1.2000E-02
0.0000E+00 1.2000E-02
1.0816E-04 1.2000E-02
1.4754E-04 1.2000E-02
2.8531E-04 1.2000E-02
5.1964E-03 1.2000E-02
7.5192E-04 1.2000E-02
1.3390E-03 1.2000E-02
1.2928E-04 1.2000E-02
6.7597E-04 1.2000E-02
8.7093E-04 1.2000E-02
2.8249E-04 1.2000E-02
5.3377E-04 1.2000E-02
4.8651E-04 1.2000E-02
8.6048E-04 1.2000E-02
5.5945E-04 1.2000E-02
5.9171E-04 1.2000E-02
