RMS Step   Target
2.2222E-03 1.2000E-03
3.5780E-03 1.2000E-03
5.9679E-03 1.2000E-03
4.5948E-03 1.2000E-03
3.9986E-03 1.2000E-03
1.0371E-02 1.2000E-03
8.1298E-03 1.2000E-03
4.7590E-03 1.2000E-03
3.5811E-04 1.2000E-03
1.9672E-03 1.2000E-03
1.9451E-03 1.2000E-03
5.4782E-03 1.2000E-03
4.3619E-03 1.2000E-03
2.3781E-03 1.2000E-03
2.6483E-03 1.2000E-03
1.5710E-03 1.2000E-03
1.2233E-03 1.2000E-03
1.6012E-03 1.2000E-03
1.5184E-03 1.2000E-03
1.7017E-03 1.2000E-03
1.4386E-03 1.2000E-03
7.5916E-04 1.2000E-03
7.3578E-04 1.2000E-03
2.2972E-03 1.2000E-03
2.3439E-03 1.2000E-03
2.7738E-04 1.2000E-03
4.8252E-04 1.2000E-03
9.6391E-04 1.2000E-03
1.9901E-03 1.2000E-03
9.3665E-04 1.2000E-03
7.2118E-04 1.2000E-03
9.6682E-04 1.2000E-03
1.5241E-03 1.2000E-03
2.1502E-03 1.2000E-03
6.6412E-04 1.2000E-03
1.7694E-04 1.2000E-03
1.7694E-04 1.2000E-03
