830.1
276.4
229.4
228.4
226.8
228.8
228.0
228.2
226.1
227.7
230.8
203.6
277.8
228.0
226.9
275.1
228.9
203.4
278.1
225.8
205.6
274.6
229.1
204.2
274.2
229.0
204.9
275.4
231.7
203.3
303.7
229.7
232.1
299.8
228.0
204.0
277.1
227.7
204.2
276.9
229.7
205.6
275.9
229.4
277.5
227.5
276.8
229.4
204.6
276.2
228.9
278.0
229.9
204.0
275.9
229.2
277.6
229.9
277.5
228.7
276.4
227.8
277.2
228.4
276.8
230.3
276.6
231.1
276.7
232.2
277.7
230.6
276.3
230.9
279.5
231.2
277.3
231.1
280.1
229.6
279.2
228.1
276.1
229.9
279.0
229.7
275.2
230.0
276.8
228.6
277.6
227.3
278.5
229.3
276.4
