RMS Step   Target
2.2222E-03 1.2000E-03
6.7832E-03 1.2000E-03
5.3707E-03 1.2000E-03
1.2488E-03 1.2000E-03
4.3615E-03 1.2000E-03
4.3589E-03 1.2000E-03
7.6347E-03 1.2000E-03
3.6161E-03 1.2000E-03
1.6861E-03 1.2000E-03
7.9141E-04 1.2000E-03
2.8200E-03 1.2000E-03
3.1040E-03 1.2000E-03
1.6718E-03 1.2000E-03
1.4820E-03 1.2000E-03
2.2328E-03 1.2000E-03
4.0172E-03 1.2000E-03
5.9869E-03 1.2000E-03
1.3970E-03 1.2000E-03
1.8477E-03 1.2000E-03
1.3231E-03 1.2000E-03
1.0326E-03 1.2000E-03
8.4623E-04 1.2000E-03
5.1356E-04 1.2000E-03
6.2115E-04 1.2000E-03
7.9496E-04 1.2000E-03
4.7499E-04 1.2000E-03
1.9837E-04 1.2000E-03
1.9837E-04 1.2000E-03
