Max Step   Target
1.2198E-02 1.2000E-03
1.1324E-01 1.2000E-03
2.9894E-02 1.2000E-03
5.5610E-02 1.2000E-03
5.0970E-02 1.2000E-03
2.6204E-02 1.2000E-03
1.1804E-02 1.2000E-03
3.1409E-02 1.2000E-03
5.2067E-02 1.2000E-03
4.2265E-02 1.2000E-03
2.6898E-02 1.2000E-03
4.8799E-02 1.2000E-03
6.7358E-02 1.2000E-03
1.0374E-02 1.2000E-03
1.3740E-02 1.2000E-03
1.8859E-02 1.2000E-03
4.0346E-02 1.2000E-03
3.7482E-02 1.2000E-03
1.9719E-02 1.2000E-03
1.4081E-02 1.2000E-03
1.9850E-02 1.2000E-03
3.4991E-02 1.2000E-03
3.6851E-02 1.2000E-03
8.4248E-03 1.2000E-03
5.1106E-03 1.2000E-03
1.1260E-02 1.2000E-03
2.8316E-02 1.2000E-03
3.6705E-02 1.2000E-03
8.1892E-03 1.2000E-03
2.7866E-03 1.2000E-03
5.7028E-03 1.2000E-03
1.2181E-02 1.2000E-03
9.4476E-03 1.2000E-03
7.1710E-03 1.2000E-03
1.0223E-02 1.2000E-03
1.3929E-02 1.2000E-03
2.6335E-03 1.2000E-03
2.6240E-03 1.2000E-03
4.0604E-03 1.2000E-03
9.8022E-03 1.2000E-03
1.6401E-02 1.2000E-03
2.9187E-03 1.2000E-03
2.4912E-03 1.2000E-03
4.2368E-03 1.2000E-03
1.0430E-02 1.2000E-03
1.8224E-02 1.2000E-03
1.7485E-02 1.2000E-03
2.1083E-02 1.2000E-03
1.2253E-02 1.2000E-03
2.1426E-02 1.2000E-03
1.3180E-01 1.2000E-03
1.2360E-01 1.2000E-03
4.9484E-02 1.2000E-03
4.4433E-02 1.2000E-03
3.8190E-02 1.2000E-03
1.2751E-01 1.2000E-03
6.1385E-02 1.2000E-03
1.2562E-01 1.2000E-03
2.9655E-02 1.2000E-03
2.9076E-02 1.2000E-03
5.2654E-02 1.2000E-03
5.3703E-02 1.2000E-03
6.8400E-02 1.2000E-03
2.5422E-02 1.2000E-03
2.5244E-02 1.2000E-03
3.0880E-02 1.2000E-03
2.3608E-02 1.2000E-03
1.0696E-02 1.2000E-03
9.5519E-03 1.2000E-03
2.3536E-02 1.2000E-03
1.6411E-02 1.2000E-03
5.3926E-03 1.2000E-03
4.2969E-03 1.2000E-03
8.0600E-03 1.2000E-03
1.5609E-02 1.2000E-03
2.0068E-02 1.2000E-03
4.5628E-03 1.2000E-03
6.9495E-03 1.2000E-03
8.4159E-03 1.2000E-03
1.4378E-02 1.2000E-03
5.8848E-03 1.2000E-03
4.8908E-03 1.2000E-03
6.5938E-03 1.2000E-03
8.8687E-03 1.2000E-03
1.4259E-02 1.2000E-03
4.0107E-03 1.2000E-03
3.9841E-03 1.2000E-03
4.9033E-03 1.2000E-03
9.1143E-03 1.2000E-03
1.1875E-02 1.2000E-03
6.7778E-03 1.2000E-03
3.5183E-03 1.2000E-03
9.3749E-03 1.2000E-03
9.6799E-03 1.2000E-03
3.1579E-03 1.2000E-03
8.8693E-03 1.2000E-03
7.7123E-03 1.2000E-03
8.0192E-03 1.2000E-03
1.1364E-02 1.2000E-03
6.5610E-03 1.2000E-03
1.3764E-03 1.2000E-03
3.1072E-03 1.2000E-03
4.9190E-03 1.2000E-03
1.3262E-02 1.2000E-03
1.4934E-02 1.2000E-03
3.7756E-03 1.2000E-03
2.5411E-03 1.2000E-03
4.5180E-03 1.2000E-03
1.2422E-02 1.2000E-03
5.0194E-03 1.2000E-03
6.2205E-03 1.2000E-03
6.8178E-03 1.2000E-03
1.1524E-02 1.2000E-03
4.5799E-03 1.2000E-03
5.0907E-03 1.2000E-03
3.4409E-03 1.2000E-03
9.4362E-03 1.2000E-03
7.2012E-03 1.2000E-03
3.9943E-03 1.2000E-03
6.1316E-03 1.2000E-03
8.1591E-03 1.2000E-03
7.5935E-03 1.2000E-03
5.7958E-03 1.2000E-03
4.3030E-03 1.2000E-03
3.1511E-03 1.2000E-03
6.9063E-03 1.2000E-03
5.3863E-03 1.2000E-03
4.0210E-03 1.2000E-03
9.1482E-03 1.2000E-03
1.1173E-02 1.2000E-03
1.2969E-03 1.2000E-03
1.7096E-03 1.2000E-03
3.7239E-03 1.2000E-03
1.0529E-02 1.2000E-03
7.3191E-03 1.2000E-03
5.3231E-03 1.2000E-03
7.2204E-03 1.2000E-03
5.4608E-03 1.2000E-03
2.6931E-03 1.2000E-03
3.0446E-03 1.2000E-03
5.0563E-03 1.2000E-03
4.5730E-03 1.2000E-03
9.2904E-03 1.2000E-03
4.7048E-03 1.2000E-03
3.9667E-03 1.2000E-03
5.3866E-03 1.2000E-03
6.9776E-03 1.2000E-03
1.4387E-03 1.2000E-03
2.8549E-03 1.2000E-03
1.2086E-03 1.2000E-03
4.9833E-03 1.2000E-03
3.9940E-03 1.2000E-03
4.0000E-03 1.2000E-03
1.9378E-03 1.2000E-03
3.5141E-03 1.2000E-03
2.9428E-03 1.2000E-03
3.2790E-03 1.2000E-03
4.4448E-03 1.2000E-03
6.5843E-03 1.2000E-03
4.0089E-03 1.2000E-03
5.8610E-03 1.2000E-03
2.2182E-03 1.2000E-03
2.2462E-03 1.2000E-03
1.0366E-03 1.2000E-03
1.9989E-03 1.2000E-03
3.2631E-03 1.2000E-03
4.5978E-03 1.2000E-03
3.1096E-03 1.2000E-03
2.7234E-03 1.2000E-03
2.4511E-03 1.2000E-03
2.1304E-03 1.2000E-03
3.6931E-03 1.2000E-03
1.0798E-03 1.2000E-03
3.2137E-03 1.2000E-03
1.9668E-03 1.2000E-03
4.8561E-03 1.2000E-03
1.5290E-03 1.2000E-03
3.3587E-03 1.2000E-03
3.6774E-03 1.2000E-03
4.0767E-03 1.2000E-03
1.5881E-03 1.2000E-03
1.3753E-03 1.2000E-03
2.3179E-03 1.2000E-03
4.4061E-03 1.2000E-03
2.6239E-03 1.2000E-03
1.6529E-03 1.2000E-03
2.4007E-03 1.2000E-03
4.5780E-03 1.2000E-03
2.2612E-03 1.2000E-03
3.3810E-03 1.2000E-03
1.4862E-03 1.2000E-03
2.9702E-03 1.2000E-03
5.9955E-03 1.2000E-03
3.4813E-03 1.2000E-03
6.4868E-04 1.2000E-03
1.8049E-03 1.2000E-03
3.5457E-03 1.2000E-03
1.5249E-03 1.2000E-03
3.4737E-03 1.2000E-03
1.6000E-03 1.2000E-03
3.2304E-03 1.2000E-03
6.5209E-03 1.2000E-03
4.3629E-03 1.2000E-03
4.3373E-04 1.2000E-03
1.1178E-03 1.2000E-03
2.9920E-03 1.2000E-03
2.4395E-03 1.2000E-03
6.8088E-03 1.2000E-03
2.1283E-03 1.2000E-03
4.2971E-03 1.2000E-03
5.4570E-03 1.2000E-03
3.8413E-03 1.2000E-03
8.9882E-04 1.2000E-03
9.0259E-04 1.2000E-03
4.0784E-03 1.2000E-03
3.5111E-03 1.2000E-03
4.8940E-03 1.2000E-03
3.6599E-03 1.2000E-03
4.5236E-03 1.2000E-03
3.3742E-03 1.2000E-03
7.4576E-04 1.2000E-03
1.5483E-03 1.2000E-03
3.0270E-03 1.2000E-03
7.1003E-03 1.2000E-03
1.9464E-03 1.2000E-03
1.2243E-03 1.2000E-03
2.5791E-03 1.2000E-03
3.8084E-03 1.2000E-03
4.0010E-03 1.2000E-03
1.2735E-03 1.2000E-03
2.6924E-03 1.2000E-03
3.3198E-03 1.2000E-03
1.3165E-03 1.2000E-03
4.0972E-03 1.2000E-03
1.6669E-03 1.2000E-03
5.7255E-03 1.2000E-03
2.4103E-03 1.2000E-03
3.5808E-03 1.2000E-03
3.4992E-03 1.2000E-03
3.2153E-03 1.2000E-03
2.7140E-03 1.2000E-03
4.3191E-03 1.2000E-03
2.8312E-03 1.2000E-03
2.4218E-03 1.2000E-03
7.1659E-03 1.2000E-03
1.6599E-03 1.2000E-03
9.9893E-04 1.2000E-03
