RMS Grad   Target
3.7807E-03 3.0000E-03
3.7057E-03 3.0000E-03
8.5381E-04 3.0000E-03
7.4353E-04 3.0000E-03
1.2310E-03 3.0000E-03
7.6734E-04 3.0000E-03
3.0276E-04 3.0000E-03
2.7839E-04 3.0000E-03
3.0945E-04 3.0000E-03
2.8768E-04 3.0000E-03
2.1828E-04 3.0000E-03
2.3003E-04 3.0000E-03
2.6018E-04 3.0000E-03
3.7511E-04 3.0000E-03
2.9627E-04 3.0000E-03
2.3957E-04 3.0000E-03
1.5134E-04 3.0000E-03
1.0969E-04 3.0000E-03
1.0018E-04 3.0000E-03
2.3279E-04 3.0000E-03
2.4037E-04 3.0000E-03
1.5794E-04 3.0000E-03
9.6253E-05 3.0000E-03
1.2816E-04 3.0000E-03
4.2329E-04 3.0000E-03
1.4755E-04 3.0000E-03
1.0070E-04 3.0000E-03
3.1986E-04 3.0000E-03
8.7545E-05 3.0000E-03
7.5535E-05 3.0000E-03
