567.4
174.6
173.4
172.4
172.5
166.7
167.1
172.4
177.0
170.7
160.8
176.2
169.4
160.1
175.0
178.8
172.9
175.0
172.9
172.8
178.9
168.7
171.1
173.7
238.2
171.1
176.3
172.3
174.0
172.0
173.1
173.5
172.9
172.6
172.4
166.8
175.5
174.9
172.9
171.8
177.2
174.4
174.4
174.5
174.0
168.2
234.1
172.3
156.3
153.1
175.6
174.6
174.2
173.5
167.4
174.6
191.4
184.7
192.3
190.7
192.2
191.3
192.8
172.9
164.6
173.8
167.2
174.2
232.9
155.8
157.6
150.8
157.4
156.3
166.5
173.8
169.1
185.2
184.5
189.6
185.5
189.9
191.5
191.4
193.3
191.0
176.5
174.5
167.6
173.6
241.5
150.0
153.8
158.2
157.1
157.6
173.4
174.2
191.5
191.5
189.8
192.0
192.1
192.0
191.8
179.9
190.7
182.9
173.0
167.0
221.1
220.8
156.0
161.5
186.1
160.6
156.1
171.2
173.9
182.5
191.0
190.3
191.1
189.9
192.3
184.0
193.5
196.4
190.4
173.1
172.6
229.2
225.0
155.7
156.8
151.8
158.0
166.8
177.6
167.6
191.9
178.9
191.8
205.8
185.5
187.3
187.7
190.9
190.0
186.0
210.7
223.3
173.6
156.0
158.3
158.6
174.8
175.4
174.9
168.5
190.9
194.5
191.1
191.6
193.3
188.2
192.6
193.4
185.2
180.0
168.6
203.8
209.6
152.9
157.1
156.4
173.3
169.5
170.1
176.5
192.3
194.8
192.3
192.2
192.0
199.2
184.9
193.2
191.2
193.3
194.6
177.2
228.0
217.5
155.7
156.7
155.6
151.7
174.5
166.9
175.7
192.0
192.2
192.1
193.7
194.7
186.1
193.8
192.3
179.0
191.9
191.6
166.7
172.9
227.1
216.0
150.9
159.1
156.9
158.4
159.3
177.1
178.0
192.5
191.8
192.2
193.2
192.5
193.1
193.4
192.4
189.9
192.1
192.3
174.8
172.8
224.8
221.4
156.5
224.9
173.1
220.6
157.7
176.7
172.7
159.5
157.0
159.2
173.9
158.2
189.7
180.6
162.5
158.4
124.6
122.5
158.0
160.5
167.2
169.6
126.0
159.7
157.5
158.2
159.6
149.7
