0.000000000000000000e+00 0.000000000000000000e+00
1.479600000000000082e-01 1.118968401219000014e-01
3.926700000000000190e-01 3.247258673560000225e-02
5.298300000000000232e-01 1.892517570788999903e-01
6.878800000000000470e-01 4.355128950605000049e-01
8.873299999999999521e-01 9.277005204739999789e-01
1.080279999999999907e+00 1.487908301711400094e+00
1.275819999999999954e+00 2.436574023377199971e+00
1.470020000000000104e+00 4.326087081074200036e+00
1.652490000000000014e+00 7.407355254178099813e+00
1.826759999999999939e+00 1.116400540264650054e+01
1.998350000000000071e+00 1.447780324803949981e+01
2.173840000000000217e+00 1.641799989391200043e+01
2.356419999999999959e+00 1.680929185323709874e+01
2.511179999999999968e+00 1.648781290569980129e+01
2.696810000000000151e+00 1.627733396242160069e+01
2.880660000000000220e+00 1.611774273599660035e+01
3.057960000000000012e+00 1.537854736239329867e+01
3.224320000000000075e+00 1.427149178028300014e+01
3.384710000000000107e+00 1.332678871520129960e+01
3.555280000000000218e+00 1.265497381474730076e+01
3.845250000000000057e+00 1.250208043113559953e+01
4.032110000000000305e+00 1.238224911621410129e+01
4.159209999999999852e+00 1.216916695184940167e+01
