RMS Step   Target
5.7717E-05 1.2000E-02
3.3398E-03 1.2000E-02
1.0077E-03 1.2000E-02
0.0000E+00 1.2000E-02
6.0712E-05 1.2000E-02
1.0183E-03 1.2000E-02
1.2036E-03 1.2000E-02
3.6492E-03 1.2000E-02
4.5836E-03 1.2000E-02
1.5261E-03 1.2000E-02
2.5417E-04 1.2000E-02
2.8858E-04 1.2000E-02
6.4896E-04 1.2000E-02
1.5326E-03 1.2000E-02
1.8046E-03 1.2000E-02
6.4219E-04 1.2000E-02
1.9543E-04 1.2000E-02
7.1248E-04 1.2000E-02
9.2456E-04 1.2000E-02
1.5849E-03 1.2000E-02
7.5773E-04 1.2000E-02
1.2395E-03 1.2000E-02
1.1162E-03 1.2000E-02
2.9320E-04 1.2000E-02
3.9671E-04 1.2000E-02
6.0660E-04 1.2000E-02
1.1495E-03 1.2000E-02
1.8426E-03 1.2000E-02
7.4961E-04 1.2000E-02
1.0263E-04 1.2000E-02
2.4650E-04 1.2000E-02
4.0677E-04 1.2000E-02
8.7058E-04 1.2000E-02
3.1060E-04 1.2000E-02
4.6883E-04 1.2000E-02
4.8986E-04 1.2000E-02
9.5014E-04 1.2000E-02
2.5508E-04 1.2000E-02
2.9941E-04 1.2000E-02
4.3664E-04 1.2000E-02
1.1922E-03 1.2000E-02
1.0353E-04 1.2000E-02
1.1117E-04 1.2000E-02
3.2343E-04 1.2000E-02
5.6881E-04 1.2000E-02
7.9383E-04 1.2000E-02
5.4725E-04 1.2000E-02
5.4558E-04 1.2000E-02
2.0731E-04 1.2000E-02
3.0554E-04 1.2000E-02
5.0464E-04 1.2000E-02
3.0599E-04 1.2000E-02
2.7877E-04 1.2000E-02
