318.6
163.8
160.4
171.5
161.8
160.1
160.8
154.8
168.6
162.0
162.9
158.9
159.5
153.4
157.8
159.8
159.3
161.3
160.4
157.6
155.7
160.2
159.9
160.1
189.1
164.6
163.8
161.1
154.5
159.2
161.2
158.8
159.3
158.0
157.6
163.1
158.0
159.9
159.8
163.1
161.0
160.3
156.7
159.9
158.0
161.7
182.5
168.9
161.6
149.5
163.6
163.1
156.2
162.6
160.7
174.3
165.1
175.8
171.1
172.1
166.1
175.4
170.7
160.9
161.4
155.5
163.7
155.5
190.7
153.3
151.9
152.7
149.7
152.9
158.0
158.0
158.1
164.8
169.3
164.0
165.8
171.1
169.0
165.5
165.3
172.3
164.6
158.4
161.6
161.1
191.4
150.9
150.6
149.2
152.0
160.3
158.6
162.2
167.6
169.6
167.4
180.4
163.9
163.5
177.3
170.6
164.5
160.9
159.7
174.9
181.9
155.0
154.1
147.5
154.1
157.8
164.0
170.5
161.6
169.9
162.7
162.5
163.4
166.1
175.8
167.2
166.4
164.9
157.5
171.4
163.8
183.0
187.8
154.5
152.5
150.3
154.9
163.8
168.1
160.2
161.3
171.2
166.7
165.1
173.1
166.6
166.0
165.1
166.0
170.6
167.0
159.1
160.5
181.7
192.6
158.2
153.7
157.7
158.7
165.0
156.9
154.1
171.0
168.5
172.7
166.2
165.7
161.6
164.9
164.7
171.5
160.4
162.5
160.4
157.2
183.2
190.2
162.1
154.5
149.6
161.5
161.7
156.1
160.2
167.3
163.1
171.0
175.5
168.2
167.3
177.6
171.8
161.3
169.3
161.4
166.4
183.7
185.9
175.1
180.4
166.0
170.6
174.5
175.9
165.8
175.1
178.8
169.0
175.4
184.3
192.6
186.8
173.4
180.2
166.2
158.6
156.4
191.3
175.8
150.9
150.9
157.6
153.3
158.4
160.1
164.3
166.0
168.0
172.9
171.5
163.6
164.2
173.8
171.7
167.7
163.0
167.8
169.1
185.0
212.1
148.1
151.5
201.8
153.1
153.7
160.6
159.1
153.2
145.5
152.5
152.4
151.4
150.8
156.6
154.6
156.9
162.0
170.4
167.0
187.2
161.2
144.4
152.3
145.0
153.2
133.8
141.6
135.7
157.5
142.8
141.0
133.9
162.1
147.5
144.8
143.0
144.8
147.1
154.0
138.0
142.6
135.7
165.3
142.5
145.7
