Max Step   Target
1.4039E-03 1.2000E-03
3.5904E-03 1.2000E-03
4.5596E-03 1.2000E-03
1.4679E-02 1.2000E-03
9.1972E-03 1.2000E-03
4.4919E-03 1.2000E-03
1.8809E-03 1.2000E-03
2.3171E-03 1.2000E-03
1.0413E-02 1.2000E-03
1.1874E-02 1.2000E-03
3.3067E-03 1.2000E-03
5.7166E-03 1.2000E-03
4.8993E-03 1.2000E-03
1.1437E-02 1.2000E-03
9.4351E-03 1.2000E-03
1.9626E-03 1.2000E-03
4.3610E-03 1.2000E-03
6.3450E-03 1.2000E-03
1.3732E-02 1.2000E-03
2.7744E-03 1.2000E-03
1.8733E-03 1.2000E-03
6.0656E-03 1.2000E-03
9.7985E-03 1.2000E-03
2.0189E-02 1.2000E-03
2.5017E-03 1.2000E-03
1.6148E-03 1.2000E-03
5.2382E-03 1.2000E-03
1.3071E-02 1.2000E-03
8.2431E-03 1.2000E-03
6.0869E-03 1.2000E-03
8.6495E-03 1.2000E-03
1.2535E-02 1.2000E-03
8.6077E-03 1.2000E-03
4.2465E-03 1.2000E-03
5.2129E-03 1.2000E-03
8.7490E-03 1.2000E-03
9.4589E-03 1.2000E-03
1.0302E-02 1.2000E-03
8.3815E-03 1.2000E-03
5.9689E-03 1.2000E-03
1.4064E-02 1.2000E-03
8.1707E-03 1.2000E-03
4.3876E-03 1.2000E-03
1.3148E-02 1.2000E-03
1.3146E-02 1.2000E-03
2.3790E-03 1.2000E-03
9.3794E-03 1.2000E-03
7.0628E-03 1.2000E-03
2.4004E-02 1.2000E-03
6.4770E-03 1.2000E-03
1.6387E-03 1.2000E-03
7.5616E-03 1.2000E-03
1.6527E-02 1.2000E-03
5.8871E-03 1.2000E-03
1.2297E-02 1.2000E-03
9.4241E-03 1.2000E-03
2.2918E-02 1.2000E-03
3.8603E-03 1.2000E-03
2.6045E-03 1.2000E-03
4.7785E-03 1.2000E-03
1.8131E-02 1.2000E-03
2.1672E-03 1.2000E-03
1.0151E-02 1.2000E-03
9.5278E-03 1.2000E-03
2.1910E-02 1.2000E-03
1.1225E-02 1.2000E-03
1.8268E-03 1.2000E-03
5.2295E-03 1.2000E-03
1.1185E-02 1.2000E-03
7.1403E-03 1.2000E-03
1.9569E-02 1.2000E-03
7.6032E-03 1.2000E-03
9.8751E-03 1.2000E-03
2.0887E-02 1.2000E-03
5.0136E-03 1.2000E-03
1.5972E-03 1.2000E-03
7.4847E-03 1.2000E-03
1.3606E-02 1.2000E-03
7.3058E-03 1.2000E-03
1.0331E-02 1.2000E-03
1.2017E-02 1.2000E-03
1.4448E-02 1.2000E-03
2.3571E-02 1.2000E-03
8.8660E-03 1.2000E-03
2.7260E-03 1.2000E-03
2.5568E-03 1.2000E-03
1.9403E-02 1.2000E-03
4.0657E-03 1.2000E-03
9.7668E-03 1.2000E-03
1.1638E-02 1.2000E-03
1.5302E-02 1.2000E-03
1.1853E-02 1.2000E-03
4.2420E-03 1.2000E-03
3.1012E-03 1.2000E-03
3.7315E-03 1.2000E-03
1.2968E-02 1.2000E-03
1.5420E-02 1.2000E-03
4.8920E-03 1.2000E-03
9.7985E-03 1.2000E-03
9.9145E-03 1.2000E-03
2.1095E-03 1.2000E-03
3.6962E-03 1.2000E-03
4.9603E-03 1.2000E-03
1.8478E-02 1.2000E-03
1.1154E-02 1.2000E-03
2.5348E-03 1.2000E-03
5.9193E-03 1.2000E-03
6.6506E-03 1.2000E-03
7.2687E-03 1.2000E-03
8.1747E-03 1.2000E-03
6.6458E-03 1.2000E-03
3.2404E-03 1.2000E-03
1.0064E-02 1.2000E-03
9.4695E-03 1.2000E-03
1.4706E-03 1.2000E-03
9.1997E-03 1.2000E-03
5.3356E-03 1.2000E-03
8.1263E-03 1.2000E-03
6.7615E-03 1.2000E-03
9.0121E-03 1.2000E-03
1.4420E-03 1.2000E-03
7.2471E-03 1.2000E-03
4.3532E-03 1.2000E-03
3.9337E-03 1.2000E-03
7.4277E-03 1.2000E-03
4.2662E-03 1.2000E-03
8.7073E-03 1.2000E-03
5.5162E-03 1.2000E-03
4.9452E-04 1.2000E-03
4.1050E-03 1.2000E-03
5.1225E-03 1.2000E-03
6.1432E-03 1.2000E-03
6.7172E-03 1.2000E-03
6.7600E-03 1.2000E-03
1.5253E-03 1.2000E-03
5.4012E-03 1.2000E-03
3.2783E-03 1.2000E-03
3.2255E-03 1.2000E-03
8.1242E-03 1.2000E-03
6.6961E-03 1.2000E-03
3.5083E-04 1.2000E-03
1.5899E-03 1.2000E-03
2.8855E-03 1.2000E-03
8.8494E-03 1.2000E-03
5.2722E-03 1.2000E-03
5.9794E-04 1.2000E-03
3.4916E-03 1.2000E-03
4.4828E-03 1.2000E-03
3.5681E-03 1.2000E-03
6.9400E-03 1.2000E-03
2.9258E-03 1.2000E-03
2.1306E-03 1.2000E-03
7.7634E-03 1.2000E-03
3.8444E-03 1.2000E-03
7.9764E-04 1.2000E-03
4.0400E-03 1.2000E-03
3.4959E-03 1.2000E-03
4.2714E-03 1.2000E-03
7.3432E-03 1.2000E-03
4.1542E-03 1.2000E-03
2.1586E-04 1.2000E-03
2.8391E-03 1.2000E-03
3.1604E-03 1.2000E-03
6.3634E-03 1.2000E-03
6.5994E-03 1.2000E-03
4.2886E-03 1.2000E-03
1.2285E-03 1.2000E-03
1.9144E-03 1.2000E-03
4.0093E-03 1.2000E-03
1.6525E-03 1.2000E-03
4.8652E-03 1.2000E-03
2.9154E-03 1.2000E-03
5.6752E-03 1.2000E-03
2.5813E-03 1.2000E-03
8.7194E-04 1.2000E-03
1.5274E-03 1.2000E-03
2.6451E-03 1.2000E-03
4.0636E-03 1.2000E-03
5.7031E-03 1.2000E-03
3.8278E-03 1.2000E-03
2.2242E-03 1.2000E-03
4.1093E-03 1.2000E-03
4.3272E-03 1.2000E-03
1.1203E-03 1.2000E-03
3.0778E-03 1.2000E-03
3.4974E-03 1.2000E-03
7.0428E-03 1.2000E-03
3.3724E-03 1.2000E-03
3.3354E-04 1.2000E-03
1.3671E-03 1.2000E-03
3.5003E-03 1.2000E-03
2.3785E-03 1.2000E-03
4.0016E-03 1.2000E-03
2.8143E-03 1.2000E-03
4.4935E-03 1.2000E-03
3.1560E-03 1.2000E-03
3.2345E-04 1.2000E-03
9.8040E-04 1.2000E-03
2.7856E-03 1.2000E-03
3.8639E-03 1.2000E-03
4.4117E-03 1.2000E-03
4.0740E-03 1.2000E-03
1.7950E-03 1.2000E-03
1.2082E-03 1.2000E-03
1.8760E-03 1.2000E-03
1.8471E-03 1.2000E-03
3.8943E-03 1.2000E-03
3.7678E-03 1.2000E-03
2.3823E-03 1.2000E-03
1.6825E-03 1.2000E-03
1.7635E-03 1.2000E-03
2.1029E-03 1.2000E-03
1.9663E-03 1.2000E-03
2.8280E-03 1.2000E-03
1.9429E-03 1.2000E-03
1.2757E-03 1.2000E-03
2.7550E-03 1.2000E-03
2.7277E-03 1.2000E-03
6.4952E-04 1.2000E-03
1.3879E-03 1.2000E-03
1.6447E-03 1.2000E-03
3.9595E-03 1.2000E-03
2.2155E-03 1.2000E-03
1.0509E-03 1.2000E-03
1.7922E-03 1.2000E-03
2.8034E-03 1.2000E-03
1.4933E-03 1.2000E-03
1.8436E-03 1.2000E-03
1.6468E-03 1.2000E-03
4.8890E-03 1.2000E-03
7.7367E-04 1.2000E-03
