RMS Step   Target
2.8350E-04 8.0000E-04
2.8201E-03 8.0000E-04
8.7111E-04 8.0000E-04
1.5057E-03 8.0000E-04
1.7088E-03 8.0000E-04
1.2743E-03 8.0000E-04
4.4234E-04 8.0000E-04
7.7017E-04 8.0000E-04
1.1473E-03 8.0000E-04
7.6704E-04 8.0000E-04
4.1591E-04 8.0000E-04
8.5596E-04 8.0000E-04
1.3553E-03 8.0000E-04
4.2969E-04 8.0000E-04
4.9793E-04 8.0000E-04
6.1898E-04 8.0000E-04
1.2380E-03 8.0000E-04
1.2613E-03 8.0000E-04
5.6315E-04 8.0000E-04
3.8286E-04 8.0000E-04
5.2945E-04 8.0000E-04
1.2194E-03 8.0000E-04
1.6891E-03 8.0000E-04
2.0724E-04 8.0000E-04
4.5712E-04 8.0000E-04
7.3491E-04 8.0000E-04
1.7480E-03 8.0000E-04
2.8904E-04 8.0000E-04
1.2720E-04 8.0000E-04
2.7783E-04 8.0000E-04
6.1232E-04 8.0000E-04
4.9991E-04 8.0000E-04
5.6323E-04 8.0000E-04
4.6579E-04 8.0000E-04
6.1866E-04 8.0000E-04
4.5337E-04 8.0000E-04
1.3677E-04 8.0000E-04
1.8969E-04 8.0000E-04
4.7615E-04 8.0000E-04
7.9693E-04 8.0000E-04
2.5737E-04 8.0000E-04
1.7708E-04 8.0000E-04
2.3427E-04 8.0000E-04
6.9033E-04 8.0000E-04
5.7757E-04 8.0000E-04
3.1575E-04 8.0000E-04
4.3999E-04 8.0000E-04
3.4151E-04 8.0000E-04
2.9357E-04 8.0000E-04
9.0006E-04 8.0000E-04
1.9567E-04 8.0000E-04
5.8930E-05 8.0000E-04
3.3325E-04 8.0000E-04
4.8834E-04 8.0000E-04
2.3646E-04 8.0000E-04
4.4355E-04 8.0000E-04
2.9733E-04 8.0000E-04
5.9965E-04 8.0000E-04
4.7834E-04 8.0000E-04
1.2889E-04 8.0000E-04
1.9094E-04 8.0000E-04
2.9330E-04 8.0000E-04
4.0044E-04 8.0000E-04
5.9617E-04 8.0000E-04
2.5364E-04 8.0000E-04
8.6948E-05 8.0000E-04
3.4683E-04 8.0000E-04
1.9963E-04 8.0000E-04
1.4713E-04 8.0000E-04
3.0818E-04 8.0000E-04
4.6118E-04 8.0000E-04
1.1420E-04 8.0000E-04
1.9402E-04 8.0000E-04
1.5938E-04 8.0000E-04
4.3762E-04 8.0000E-04
3.4289E-04 8.0000E-04
4.5355E-05 8.0000E-04
1.1564E-04 8.0000E-04
1.1859E-04 8.0000E-04
5.5874E-04 8.0000E-04
5.0452E-05 8.0000E-04
3.7818E-05 8.0000E-04
8.8624E-05 8.0000E-04
3.8603E-04 8.0000E-04
2.6176E-04 8.0000E-04
7.7464E-05 8.0000E-04
2.5874E-04 8.0000E-04
1.8859E-04 8.0000E-04
9.3803E-05 8.0000E-04
1.7515E-04 8.0000E-04
1.9837E-04 8.0000E-04
3.9790E-04 8.0000E-04
1.7693E-04 8.0000E-04
1.0850E-04 8.0000E-04
2.0732E-04 8.0000E-04
1.9471E-04 8.0000E-04
9.3593E-05 8.0000E-04
2.7526E-04 8.0000E-04
1.3835E-04 8.0000E-04
2.7197E-04 8.0000E-04
1.4162E-04 8.0000E-04
2.0861E-04 8.0000E-04
2.1075E-04 8.0000E-04
1.8860E-04 8.0000E-04
2.2255E-04 8.0000E-04
2.4641E-04 8.0000E-04
1.2796E-04 8.0000E-04
1.5739E-04 8.0000E-04
2.4797E-04 8.0000E-04
2.6309E-04 8.0000E-04
1.6800E-04 8.0000E-04
1.6223E-04 8.0000E-04
1.9579E-04 8.0000E-04
1.5785E-04 8.0000E-04
1.6803E-04 8.0000E-04
1.7473E-04 8.0000E-04
2.0469E-04 8.0000E-04
2.0359E-04 8.0000E-04
1.9033E-04 8.0000E-04
1.3556E-04 8.0000E-04
1.3904E-04 8.0000E-04
1.8298E-04 8.0000E-04
8.7284E-05 8.0000E-04
