RMS Grad   Target
3.2733E-03 2.0000E-04
2.9323E-03 2.0000E-04
7.3900E-04 2.0000E-04
5.0178E-04 2.0000E-04
4.3731E-04 2.0000E-04
5.0174E-04 2.0000E-04
2.8515E-04 2.0000E-04
1.9497E-04 2.0000E-04
1.9160E-04 2.0000E-04
2.9145E-04 2.0000E-04
1.4239E-04 2.0000E-04
1.2643E-04 2.0000E-04
1.5445E-04 2.0000E-04
2.9775E-04 2.0000E-04
1.3252E-04 2.0000E-04
1.0128E-04 2.0000E-04
1.2268E-04 2.0000E-04
1.4233E-04 2.0000E-04
2.1335E-04 2.0000E-04
8.8453E-05 2.0000E-04
8.3100E-05 2.0000E-04
9.7264E-05 2.0000E-04
1.4877E-04 2.0000E-04
1.3941E-04 2.0000E-04
7.2700E-05 2.0000E-04
8.4269E-05 2.0000E-04
1.0534E-04 2.0000E-04
1.5418E-04 2.0000E-04
5.8296E-05 2.0000E-04
4.8384E-05 2.0000E-04
5.7216E-05 2.0000E-04
9.2227E-05 2.0000E-04
5.8465E-05 2.0000E-04
4.9208E-05 2.0000E-04
6.2946E-05 2.0000E-04
6.0160E-05 2.0000E-04
5.5432E-05 2.0000E-04
3.6439E-05 2.0000E-04
4.1753E-05 2.0000E-04
5.9672E-05 2.0000E-04
8.1617E-05 2.0000E-04
3.5991E-05 2.0000E-04
3.0708E-05 2.0000E-04
3.7385E-05 2.0000E-04
6.7818E-05 2.0000E-04
5.3363E-05 2.0000E-04
3.5337E-05 2.0000E-04
4.3493E-05 2.0000E-04
4.4934E-05 2.0000E-04
3.8146E-05 2.0000E-04
7.1325E-05 2.0000E-04
3.5245E-05 2.0000E-04
2.7748E-05 2.0000E-04
2.9130E-05 2.0000E-04
5.5354E-05 2.0000E-04
3.1765E-05 2.0000E-04
2.3980E-05 2.0000E-04
2.8458E-05 2.0000E-04
4.1314E-05 2.0000E-04
3.6712E-05 2.0000E-04
2.2973E-05 2.0000E-04
2.4271E-05 2.0000E-04
3.3287E-05 2.0000E-04
2.6310E-05 2.0000E-04
3.9789E-05 2.0000E-04
2.1753E-05 2.0000E-04
2.0494E-05 2.0000E-04
3.3738E-05 2.0000E-04
2.7481E-05 2.0000E-04
2.0697E-05 2.0000E-04
2.2128E-05 2.0000E-04
3.8270E-05 2.0000E-04
1.9437E-05 2.0000E-04
1.8442E-05 2.0000E-04
1.8770E-05 2.0000E-04
2.9492E-05 2.0000E-04
2.7019E-05 2.0000E-04
1.6299E-05 2.0000E-04
1.6130E-05 2.0000E-04
1.5647E-05 2.0000E-04
4.5409E-05 2.0000E-04
1.5792E-05 2.0000E-04
1.4468E-05 2.0000E-04
1.2239E-05 2.0000E-04
2.4411E-05 2.0000E-04
2.1153E-05 2.0000E-04
1.4919E-05 2.0000E-04
1.7503E-05 2.0000E-04
2.2070E-05 2.0000E-04
1.5059E-05 2.0000E-04
1.2978E-05 2.0000E-04
1.4675E-05 2.0000E-04
2.0869E-05 2.0000E-04
1.4685E-05 2.0000E-04
1.3318E-05 2.0000E-04
1.6247E-05 2.0000E-04
1.8068E-05 2.0000E-04
1.4263E-05 2.0000E-04
1.5595E-05 2.0000E-04
1.6488E-05 2.0000E-04
1.3857E-05 2.0000E-04
1.4976E-05 2.0000E-04
1.1485E-05 2.0000E-04
1.4452E-05 2.0000E-04
1.3594E-05 2.0000E-04
1.3134E-05 2.0000E-04
1.4478E-05 2.0000E-04
1.1545E-05 2.0000E-04
1.1494E-05 2.0000E-04
1.4027E-05 2.0000E-04
1.2661E-05 2.0000E-04
1.0396E-05 2.0000E-04
1.0753E-05 2.0000E-04
1.3004E-05 2.0000E-04
1.0847E-05 2.0000E-04
9.9494E-06 2.0000E-04
1.2296E-05 2.0000E-04
1.1025E-05 2.0000E-04
1.0636E-05 2.0000E-04
1.1489E-05 2.0000E-04
1.0325E-05 2.0000E-04
9.0841E-06 2.0000E-04
1.2541E-05 2.0000E-04
9.2966E-06 2.0000E-04
