0.000000000000000000e+00 0.000000000000000000e+00
1.828200000000000103e-01 -6.452166764710000335e-02
4.138399999999999856e-01 -7.452685939580000474e-02
5.922500000000000542e-01 -5.048491882610000453e-02
7.655399999999999983e-01 2.584452292310000093e-02
9.456499999999999906e-01 1.250867655474000029e-01
1.135140000000000038e+00 2.494980176563000029e-01
1.328140000000000098e+00 3.995540565735999916e-01
1.517120000000000024e+00 5.792347326300000265e-01
1.706860000000000044e+00 8.159872894855000336e-01
1.905270000000000019e+00 1.197668383717499951e+00
2.113410000000000011e+00 2.045421873057299944e+00
2.322799999999999976e+00 3.792393437613799989e+00
2.531489999999999796e+00 7.025595470317500535e+00
2.801280000000000214e+00 1.117532484924480052e+01
2.992080000000000073e+00 1.187808974859679978e+01
3.198119999999999852e+00 1.105074147141720076e+01
3.387809999999999988e+00 1.022250733978230031e+01
3.574559999999999960e+00 9.757487026263900631e+00
3.759770000000000056e+00 9.553511586261700828e+00
3.963820000000000121e+00 9.501236823514901175e+00
4.152309999999999945e+00 9.422681544591799963e+00
4.339400000000000368e+00 9.384973964023700432e+00
4.520089999999999719e+00 9.444785423615000397e+00
