RMS Grad   Target
3.3304E-03 2.0000E-04
2.9749E-03 2.0000E-04
7.1787E-04 2.0000E-04
4.8467E-04 2.0000E-04
4.1185E-04 2.0000E-04
4.4271E-04 2.0000E-04
2.3459E-04 2.0000E-04
1.5148E-04 2.0000E-04
1.4497E-04 2.0000E-04
1.8721E-04 2.0000E-04
1.7196E-04 2.0000E-04
1.0778E-04 2.0000E-04
1.2701E-04 2.0000E-04
1.5192E-04 2.0000E-04
3.3285E-04 2.0000E-04
1.0774E-04 2.0000E-04
9.4171E-05 2.0000E-04
1.2400E-04 2.0000E-04
1.8291E-04 2.0000E-04
1.3954E-04 2.0000E-04
9.1625E-05 2.0000E-04
1.2062E-04 2.0000E-04
1.4138E-04 2.0000E-04
1.1465E-04 2.0000E-04
2.7247E-04 2.0000E-04
8.9268E-05 2.0000E-04
7.1044E-05 2.0000E-04
7.9148E-05 2.0000E-04
1.3449E-04 2.0000E-04
5.9186E-05 2.0000E-04
4.6622E-05 2.0000E-04
6.5435E-05 2.0000E-04
1.0597E-04 2.0000E-04
6.5933E-05 2.0000E-04
5.1701E-05 2.0000E-04
6.0147E-05 2.0000E-04
6.4195E-05 2.0000E-04
4.7138E-05 2.0000E-04
4.1325E-05 2.0000E-04
4.9452E-05 2.0000E-04
8.5714E-05 2.0000E-04
4.7614E-05 2.0000E-04
3.3928E-05 2.0000E-04
4.2079E-05 2.0000E-04
6.4119E-05 2.0000E-04
5.7782E-05 2.0000E-04
4.3979E-05 2.0000E-04
4.8504E-05 2.0000E-04
3.6353E-05 2.0000E-04
3.6537E-05 2.0000E-04
5.5340E-05 2.0000E-04
5.1307E-05 2.0000E-04
3.3984E-05 2.0000E-04
3.7794E-05 2.0000E-04
4.6908E-05 2.0000E-04
2.9266E-05 2.0000E-04
3.0990E-05 2.0000E-04
3.1471E-05 2.0000E-04
3.8222E-05 2.0000E-04
3.9404E-05 2.0000E-04
2.8793E-05 2.0000E-04
2.5927E-05 2.0000E-04
3.3571E-05 2.0000E-04
3.0471E-05 2.0000E-04
2.6597E-05 2.0000E-04
3.6279E-05 2.0000E-04
4.3893E-05 2.0000E-04
2.6097E-05 2.0000E-04
2.4783E-05 2.0000E-04
2.9134E-05 2.0000E-04
3.8458E-05 2.0000E-04
2.9306E-05 2.0000E-04
2.4737E-05 2.0000E-04
2.9021E-05 2.0000E-04
4.8946E-05 2.0000E-04
3.3336E-05 2.0000E-04
2.6180E-05 2.0000E-04
3.5207E-05 2.0000E-04
2.7134E-05 2.0000E-04
2.7479E-05 2.0000E-04
3.1835E-05 2.0000E-04
2.4358E-05 2.0000E-04
2.8142E-05 2.0000E-04
2.9087E-05 2.0000E-04
2.7172E-05 2.0000E-04
3.3557E-05 2.0000E-04
2.5852E-05 2.0000E-04
2.6496E-05 2.0000E-04
4.1350E-05 2.0000E-04
2.4736E-05 2.0000E-04
2.5694E-05 2.0000E-04
3.1990E-05 2.0000E-04
5.4433E-05 2.0000E-04
2.3339E-05 2.0000E-04
2.1549E-05 2.0000E-04
2.6183E-05 2.0000E-04
3.9687E-05 2.0000E-04
3.4659E-05 2.0000E-04
2.1950E-05 2.0000E-04
2.7077E-05 2.0000E-04
3.2655E-05 2.0000E-04
4.0322E-05 2.0000E-04
3.5871E-05 2.0000E-04
2.4815E-05 2.0000E-04
2.7828E-05 2.0000E-04
3.1081E-05 2.0000E-04
3.0747E-05 2.0000E-04
4.0680E-05 2.0000E-04
2.6573E-05 2.0000E-04
2.6319E-05 2.0000E-04
3.0012E-05 2.0000E-04
3.9360E-05 2.0000E-04
2.5227E-05 2.0000E-04
2.6811E-05 2.0000E-04
3.2209E-05 2.0000E-04
6.0342E-05 2.0000E-04
2.5695E-05 2.0000E-04
2.3860E-05 2.0000E-04
2.9664E-05 2.0000E-04
4.5591E-05 2.0000E-04
2.9238E-05 2.0000E-04
2.3520E-05 2.0000E-04
3.2109E-05 2.0000E-04
3.7173E-05 2.0000E-04
2.8727E-05 2.0000E-04
4.0870E-05 2.0000E-04
3.4548E-05 2.0000E-04
2.8507E-05 2.0000E-04
3.4430E-05 2.0000E-04
3.8546E-05 2.0000E-04
2.7404E-05 2.0000E-04
2.3897E-05 2.0000E-04
3.1804E-05 2.0000E-04
3.1883E-05 2.0000E-04
3.0638E-05 2.0000E-04
2.6840E-05 2.0000E-04
2.5244E-05 2.0000E-04
2.4205E-05 2.0000E-04
3.8331E-05 2.0000E-04
2.2793E-05 2.0000E-04
2.1494E-05 2.0000E-04
2.7920E-05 2.0000E-04
3.7478E-05 2.0000E-04
2.6795E-05 2.0000E-04
2.5179E-05 2.0000E-04
2.6792E-05 2.0000E-04
4.3449E-05 2.0000E-04
3.1197E-05 2.0000E-04
2.1213E-05 2.0000E-04
2.4421E-05 2.0000E-04
2.7518E-05 2.0000E-04
3.3916E-05 2.0000E-04
2.7895E-05 2.0000E-04
2.0844E-05 2.0000E-04
2.2762E-05 2.0000E-04
3.3345E-05 2.0000E-04
2.2122E-05 2.0000E-04
2.0533E-05 2.0000E-04
2.7867E-05 2.0000E-04
2.5407E-05 2.0000E-04
2.2415E-05 2.0000E-04
2.4304E-05 2.0000E-04
2.4168E-05 2.0000E-04
2.0713E-05 2.0000E-04
2.1673E-05 2.0000E-04
2.2358E-05 2.0000E-04
1.8588E-05 2.0000E-04
2.2827E-05 2.0000E-04
2.1655E-05 2.0000E-04
1.7766E-05 2.0000E-04
1.8000E-05 2.0000E-04
2.5238E-05 2.0000E-04
1.7564E-05 2.0000E-04
1.6528E-05 2.0000E-04
2.6466E-05 2.0000E-04
1.7719E-05 2.0000E-04
1.7420E-05 2.0000E-04
2.0339E-05 2.0000E-04
1.7619E-05 2.0000E-04
1.8496E-05 2.0000E-04
1.7683E-05 2.0000E-04
1.5797E-05 2.0000E-04
1.6272E-05 2.0000E-04
1.5165E-05 2.0000E-04
1.5778E-05 2.0000E-04
1.6254E-05 2.0000E-04
2.4079E-05 2.0000E-04
1.4917E-05 2.0000E-04
1.3339E-05 2.0000E-04
1.6923E-05 2.0000E-04
1.3473E-05 2.0000E-04
1.8283E-05 2.0000E-04
1.7014E-05 2.0000E-04
1.3216E-05 2.0000E-04
1.2827E-05 2.0000E-04
1.8236E-05 2.0000E-04
1.4307E-05 2.0000E-04
1.7541E-05 2.0000E-04
1.5127E-05 2.0000E-04
1.2398E-05 2.0000E-04
1.4303E-05 2.0000E-04
2.4214E-05 2.0000E-04
1.3162E-05 2.0000E-04
9.6798E-06 2.0000E-04
1.1753E-05 2.0000E-04
1.8510E-05 2.0000E-04
1.1455E-05 2.0000E-04
1.0561E-05 2.0000E-04
1.5575E-05 2.0000E-04
1.2519E-05 2.0000E-04
