Max Step   Target
1.8166E-03 1.2000E-03
4.3572E-03 1.2000E-03
4.9803E-03 1.2000E-03
1.5557E-02 1.2000E-03
9.1259E-03 1.2000E-03
3.2196E-03 1.2000E-03
2.4970E-03 1.2000E-03
2.6221E-03 1.2000E-03
1.0738E-02 1.2000E-03
1.4814E-02 1.2000E-03
4.3655E-03 1.2000E-03
3.1245E-03 1.2000E-03
4.3018E-03 1.2000E-03
7.7938E-03 1.2000E-03
1.1422E-02 1.2000E-03
2.0470E-03 1.2000E-03
2.9275E-03 1.2000E-03
5.0678E-03 1.2000E-03
6.8968E-03 1.2000E-03
8.2256E-03 1.2000E-03
5.1586E-03 1.2000E-03
7.5224E-03 1.2000E-03
9.0823E-03 1.2000E-03
4.8900E-03 1.2000E-03
5.4463E-03 1.2000E-03
4.5071E-03 1.2000E-03
7.0450E-03 1.2000E-03
1.2758E-02 1.2000E-03
4.6505E-03 1.2000E-03
1.8329E-03 1.2000E-03
6.3276E-03 1.2000E-03
1.2942E-02 1.2000E-03
2.8202E-03 1.2000E-03
2.5991E-03 1.2000E-03
5.7594E-03 1.2000E-03
8.3647E-03 1.2000E-03
2.1341E-02 1.2000E-03
4.8565E-03 1.2000E-03
9.8751E-04 1.2000E-03
4.6085E-03 1.2000E-03
1.0589E-02 1.2000E-03
7.5893E-03 1.2000E-03
6.1295E-03 1.2000E-03
6.2408E-03 1.2000E-03
9.5037E-03 1.2000E-03
2.7235E-03 1.2000E-03
4.3624E-03 1.2000E-03
4.3355E-03 1.2000E-03
1.2416E-02 1.2000E-03
3.6919E-03 1.2000E-03
2.5657E-03 1.2000E-03
5.4506E-03 1.2000E-03
9.4827E-03 1.2000E-03
5.7911E-03 1.2000E-03
4.6698E-03 1.2000E-03
5.3903E-03 1.2000E-03
9.6521E-03 1.2000E-03
4.5460E-03 1.2000E-03
3.9865E-03 1.2000E-03
4.5833E-03 1.2000E-03
1.1126E-02 1.2000E-03
3.7535E-03 1.2000E-03
4.3810E-03 1.2000E-03
4.5341E-03 1.2000E-03
1.1065E-02 1.2000E-03
3.6661E-03 1.2000E-03
4.4300E-03 1.2000E-03
3.8542E-03 1.2000E-03
7.6023E-03 1.2000E-03
5.0683E-03 1.2000E-03
8.8555E-03 1.2000E-03
3.1138E-03 1.2000E-03
3.3117E-03 1.2000E-03
8.7114E-03 1.2000E-03
5.3116E-03 1.2000E-03
2.1777E-03 1.2000E-03
7.4076E-03 1.2000E-03
7.4076E-03 1.2000E-03
8.4772E-03 1.2000E-03
8.3066E-04 1.2000E-03
2.4041E-03 1.2000E-03
4.3423E-03 1.2000E-03
7.9680E-03 1.2000E-03
1.5196E-02 1.2000E-03
3.4801E-03 1.2000E-03
1.0133E-03 1.2000E-03
3.0067E-03 1.2000E-03
8.6206E-03 1.2000E-03
1.7805E-03 1.2000E-03
6.4227E-03 1.2000E-03
4.5029E-03 1.2000E-03
1.2224E-02 1.2000E-03
2.6929E-03 1.2000E-03
1.9314E-03 1.2000E-03
2.3789E-03 1.2000E-03
6.5753E-03 1.2000E-03
2.8704E-03 1.2000E-03
7.6037E-03 1.2000E-03
4.6806E-03 1.2000E-03
8.7338E-03 1.2000E-03
8.0699E-03 1.2000E-03
1.6256E-03 1.2000E-03
1.2257E-03 1.2000E-03
3.4688E-03 1.2000E-03
7.5922E-03 1.2000E-03
5.4075E-03 1.2000E-03
7.3315E-03 1.2000E-03
5.8665E-03 1.2000E-03
7.2402E-03 1.2000E-03
3.2623E-03 1.2000E-03
1.6994E-03 1.2000E-03
4.0346E-03 1.2000E-03
6.4669E-03 1.2000E-03
6.8263E-03 1.2000E-03
8.2767E-03 1.2000E-03
6.5832E-03 1.2000E-03
4.3087E-03 1.2000E-03
3.0003E-03 1.2000E-03
2.1210E-03 1.2000E-03
4.0829E-03 1.2000E-03
8.3406E-03 1.2000E-03
8.8719E-03 1.2000E-03
2.6385E-03 1.2000E-03
8.4287E-03 1.2000E-03
3.8592E-03 1.2000E-03
5.8671E-03 1.2000E-03
4.2348E-03 1.2000E-03
6.7053E-03 1.2000E-03
3.0990E-03 1.2000E-03
1.1855E-02 1.2000E-03
7.0559E-03 1.2000E-03
4.2991E-03 1.2000E-03
6.1527E-03 1.2000E-03
5.6913E-03 1.2000E-03
7.0218E-03 1.2000E-03
7.9025E-03 1.2000E-03
6.0747E-03 1.2000E-03
7.4590E-03 1.2000E-03
8.2628E-03 1.2000E-03
1.2395E-02 1.2000E-03
6.7180E-03 1.2000E-03
5.2200E-03 1.2000E-03
4.7550E-03 1.2000E-03
8.7096E-03 1.2000E-03
8.2501E-03 1.2000E-03
1.7720E-02 1.2000E-03
1.6879E-02 1.2000E-03
1.0708E-02 1.2000E-03
2.0691E-03 1.2000E-03
7.3936E-03 1.2000E-03
4.2849E-03 1.2000E-03
8.1998E-03 1.2000E-03
1.7784E-02 1.2000E-03
2.3934E-02 1.2000E-03
1.6917E-02 1.2000E-03
1.7921E-02 1.2000E-03
1.9599E-02 1.2000E-03
1.6907E-02 1.2000E-03
1.1527E-02 1.2000E-03
1.1237E-02 1.2000E-03
2.7493E-02 1.2000E-03
1.2389E-02 1.2000E-03
5.9888E-02 1.2000E-03
1.2829E-02 1.2000E-03
1.3616E-02 1.2000E-03
4.1508E-02 1.2000E-03
4.7970E-02 1.2000E-03
3.9924E-02 1.2000E-03
2.6277E-02 1.2000E-03
4.0352E-02 1.2000E-03
1.8728E-02 1.2000E-03
8.4032E-02 1.2000E-03
2.5260E-02 1.2000E-03
1.5644E-02 1.2000E-03
6.2661E-02 1.2000E-03
5.6577E-02 1.2000E-03
6.1397E-02 1.2000E-03
2.5460E-02 1.2000E-03
2.9483E-02 1.2000E-03
1.0953E-02 1.2000E-03
9.8474E-02 1.2000E-03
5.8775E-02 1.2000E-03
5.1085E-03 1.2000E-03
2.8451E-02 1.2000E-03
7.3167E-02 1.2000E-03
4.2385E-02 1.2000E-03
2.0585E-02 1.2000E-03
9.6723E-03 1.2000E-03
6.7937E-03 1.2000E-03
3.2600E-02 1.2000E-03
1.7726E-02 1.2000E-03
4.9687E-03 1.2000E-03
2.7857E-02 1.2000E-03
1.4029E-02 1.2000E-03
5.5632E-03 1.2000E-03
3.3380E-02 1.2000E-03
7.5143E-03 1.2000E-03
1.2441E-02 1.2000E-03
2.6628E-02 1.2000E-03
3.4452E-03 1.2000E-03
4.3170E-03 1.2000E-03
9.0326E-03 1.2000E-03
2.0556E-02 1.2000E-03
1.3027E-02 1.2000E-03
1.0178E-02 1.2000E-03
8.1304E-03 1.2000E-03
1.4614E-02 1.2000E-03
5.4938E-03 1.2000E-03
2.0903E-02 1.2000E-03
8.8984E-03 1.2000E-03
8.1741E-03 1.2000E-03
1.5132E-02 1.2000E-03
2.4374E-02 1.2000E-03
5.8986E-03 1.2000E-03
1.6300E-02 1.2000E-03
1.6584E-02 1.2000E-03
4.2348E-02 1.2000E-03
1.2002E-02 1.2000E-03
1.6765E-02 1.2000E-03
1.3150E-02 1.2000E-03
3.6763E-02 1.2000E-03
1.5878E-02 1.2000E-03
3.7738E-02 1.2000E-03
2.1882E-02 1.2000E-03
3.7777E-02 1.2000E-03
3.9077E-02 1.2000E-03
2.6994E-02 1.2000E-03
9.1790E-03 1.2000E-03
3.0485E-02 1.2000E-03
1.5872E-02 1.2000E-03
2.7393E-02 1.2000E-03
7.7132E-02 1.2000E-03
3.2116E-02 1.2000E-03
5.1329E-03 1.2000E-03
4.3480E-02 1.2000E-03
2.0299E-02 1.2000E-03
1.4624E-02 1.2000E-03
6.9622E-02 1.2000E-03
2.4517E-02 1.2000E-03
6.3800E-03 1.2000E-03
3.8779E-02 1.2000E-03
6.5735E-03 1.2000E-03
1.8201E-02 1.2000E-03
3.6979E-02 1.2000E-03
2.0862E-02 1.2000E-03
6.8172E-03 1.2000E-03
2.9887E-02 1.2000E-03
1.3309E-02 1.2000E-03
1.4987E-02 1.2000E-03
3.4531E-02 1.2000E-03
8.6306E-03 1.2000E-03
4.6962E-03 1.2000E-03
1.7703E-02 1.2000E-03
1.0310E-02 1.2000E-03
1.3489E-02 1.2000E-03
3.2684E-02 1.2000E-03
1.4892E-02 1.2000E-03
3.8235E-03 1.2000E-03
1.2241E-02 1.2000E-03
5.5598E-03 1.2000E-03
1.1607E-02 1.2000E-03
2.4729E-02 1.2000E-03
2.2338E-02 1.2000E-03
8.2906E-03 1.2000E-03
1.4221E-02 1.2000E-03
1.2335E-02 1.2000E-03
1.4312E-02 1.2000E-03
3.9938E-02 1.2000E-03
8.5176E-03 1.2000E-03
2.0744E-03 1.2000E-03
1.5442E-02 1.2000E-03
1.1489E-02 1.2000E-03
2.2080E-02 1.2000E-03
2.5531E-02 1.2000E-03
1.2762E-02 1.2000E-03
2.0838E-03 1.2000E-03
1.9730E-02 1.2000E-03
1.2589E-02 1.2000E-03
8.5159E-03 1.2000E-03
1.8749E-02 1.2000E-03
7.5464E-03 1.2000E-03
4.4157E-02 1.2000E-03
7.3337E-03 1.2000E-03
3.2897E-03 1.2000E-03
1.2332E-02 1.2000E-03
4.2380E-02 1.2000E-03
9.2030E-03 1.2000E-03
1.7561E-02 1.2000E-03
5.7555E-03 1.2000E-03
2.5184E-02 1.2000E-03
3.8047E-02 1.2000E-03
5.4547E-03 1.2000E-03
5.8377E-03 1.2000E-03
2.2918E-02 1.2000E-03
2.5915E-02 1.2000E-03
1.0217E-02 1.2000E-03
2.5148E-02 1.2000E-03
8.4938E-03 1.2000E-03
3.6143E-02 1.2000E-03
1.3264E-02 1.2000E-03
2.4385E-02 1.2000E-03
3.3534E-03 1.2000E-03
4.2751E-02 1.2000E-03
5.6516E-03 1.2000E-03
2.3024E-02 1.2000E-03
3.6194E-02 1.2000E-03
3.4180E-02 1.2000E-03
1.2975E-02 1.2000E-03
3.9531E-02 1.2000E-03
6.9549E-03 1.2000E-03
2.4129E-02 1.2000E-03
2.4111E-02 1.2000E-03
4.5335E-02 1.2000E-03
7.0705E-03 1.2000E-03
2.3772E-02 1.2000E-03
2.7003E-02 1.2000E-03
3.8509E-02 1.2000E-03
1.7462E-02 1.2000E-03
1.3870E-02 1.2000E-03
2.4098E-02 1.2000E-03
1.7558E-02 1.2000E-03
4.1649E-02 1.2000E-03
1.6953E-02 1.2000E-03
2.5870E-02 1.2000E-03
1.8943E-02 1.2000E-03
5.9347E-02 1.2000E-03
9.9148E-03 1.2000E-03
9.1378E-03 1.2000E-03
1.4501E-02 1.2000E-03
2.3751E-02 1.2000E-03
3.7755E-02 1.2000E-03
1.9477E-02 1.2000E-03
2.4297E-02 1.2000E-03
3.4893E-02 1.2000E-03
7.0784E-02 1.2000E-03
9.4709E-03 1.2000E-03
6.0625E-02 1.2000E-03
3.3816E-02 1.2000E-03
3.3816E-02 1.2000E-03
7.1919E-03 1.2000E-03
2.9921E-02 1.2000E-03
5.0513E-02 1.2000E-03
3.9663E-02 1.2000E-03
2.6981E-02 1.2000E-03
5.5770E-02 1.2000E-03
3.6598E-02 1.2000E-03
4.8486E-02 1.2000E-03
7.8035E-02 1.2000E-03
1.7187E-02 1.2000E-03
6.0213E-02 1.2000E-03
8.4990E-03 1.2000E-03
4.8373E-02 1.2000E-03
5.1329E-02 1.2000E-03
7.0196E-02 1.2000E-03
9.7455E-02 1.2000E-03
1.8720E-02 1.2000E-03
9.1017E-02 1.2000E-03
3.1201E-02 1.2000E-03
3.1248E-02 1.2000E-03
1.2027E-01 1.2000E-03
1.4282E-01 1.2000E-03
5.4362E-02 1.2000E-03
6.3712E-02 1.2000E-03
7.4076E-02 1.2000E-03
8.6633E-02 1.2000E-03
4.4448E-02 1.2000E-03
1.2485E-01 1.2000E-03
4.4885E-02 1.2000E-03
3.0163E-02 1.2000E-03
5.7146E-02 1.2000E-03
4.4442E-02 1.2000E-03
7.1934E-02 1.2000E-03
3.8051E-02 1.2000E-03
2.0412E-02 1.2000E-03
4.9979E-02 1.2000E-03
6.4505E-02 1.2000E-03
1.1036E-02 1.2000E-03
2.8201E-03 1.2000E-03
5.3875E-02 1.2000E-03
3.3830E-02 1.2000E-03
1.3720E-02 1.2000E-03
5.3084E-02 1.2000E-03
3.3361E-02 1.2000E-03
1.8383E-02 1.2000E-03
3.1996E-02 1.2000E-03
1.8670E-02 1.2000E-03
4.1437E-03 1.2000E-03
1.0698E-02 1.2000E-03
9.3143E-03 1.2000E-03
3.0098E-02 1.2000E-03
1.3274E-02 1.2000E-03
3.7707E-03 1.2000E-03
2.2918E-02 1.2000E-03
1.5113E-02 1.2000E-03
1.4535E-02 1.2000E-03
1.4226E-02 1.2000E-03
7.5137E-03 1.2000E-03
1.8985E-02 1.2000E-03
1.0122E-02 1.2000E-03
4.1891E-03 1.2000E-03
1.5973E-02 1.2000E-03
1.6930E-02 1.2000E-03
1.1402E-02 1.2000E-03
8.4758E-03 1.2000E-03
1.0698E-02 1.2000E-03
9.7216E-03 1.2000E-03
1.4479E-02 1.2000E-03
2.0314E-02 1.2000E-03
1.0248E-02 1.2000E-03
1.2074E-02 1.2000E-03
2.7589E-02 1.2000E-03
1.3605E-02 1.2000E-03
1.5348E-02 1.2000E-03
1.2774E-02 1.2000E-03
2.4708E-02 1.2000E-03
1.3982E-02 1.2000E-03
1.9587E-02 1.2000E-03
2.0815E-02 1.2000E-03
1.2379E-02 1.2000E-03
2.0751E-02 1.2000E-03
8.1897E-03 1.2000E-03
1.1403E-02 1.2000E-03
8.2015E-03 1.2000E-03
2.2471E-02 1.2000E-03
9.2676E-03 1.2000E-03
1.5003E-02 1.2000E-03
5.3924E-03 1.2000E-03
1.9831E-02 1.2000E-03
2.5003E-02 1.2000E-03
5.0889E-03 1.2000E-03
5.4678E-03 1.2000E-03
1.1623E-02 1.2000E-03
2.5250E-02 1.2000E-03
8.8487E-03 1.2000E-03
7.2980E-03 1.2000E-03
1.4535E-02 1.2000E-03
1.6427E-02 1.2000E-03
1.5211E-02 1.2000E-03
3.3450E-03 1.2000E-03
1.0645E-02 1.2000E-03
9.5342E-03 1.2000E-03
1.6362E-02 1.2000E-03
1.5824E-02 1.2000E-03
8.0856E-03 1.2000E-03
6.0190E-03 1.2000E-03
1.7888E-02 1.2000E-03
1.0021E-02 1.2000E-03
3.6707E-03 1.2000E-03
1.3257E-02 1.2000E-03
1.1740E-02 1.2000E-03
1.4526E-02 1.2000E-03
1.5250E-02 1.2000E-03
1.6587E-02 1.2000E-03
1.9479E-02 1.2000E-03
1.6945E-02 1.2000E-03
7.6793E-03 1.2000E-03
1.7771E-02 1.2000E-03
1.2719E-02 1.2000E-03
1.7128E-02 1.2000E-03
1.8753E-02 1.2000E-03
2.5907E-02 1.2000E-03
9.6185E-03 1.2000E-03
2.9838E-02 1.2000E-03
1.6537E-02 1.2000E-03
3.0319E-02 1.2000E-03
4.6367E-02 1.2000E-03
1.8636E-02 1.2000E-03
5.7671E-03 1.2000E-03
5.2705E-02 1.2000E-03
1.5853E-02 1.2000E-03
4.5560E-02 1.2000E-03
4.8003E-02 1.2000E-03
7.7680E-02 1.2000E-03
8.0151E-03 1.2000E-03
6.7853E-02 1.2000E-03
7.3410E-02 1.2000E-03
6.3368E-02 1.2000E-03
8.6115E-02 1.2000E-03
1.8030E-02 1.2000E-03
8.3099E-02 1.2000E-03
2.0833E-02 1.2000E-03
2.9529E-02 1.2000E-03
1.0989E-01 1.2000E-03
6.3531E-02 1.2000E-03
2.9130E-02 1.2000E-03
1.3567E-01 1.2000E-03
5.7839E-02 1.2000E-03
2.1700E-02 1.2000E-03
4.3914E-02 1.2000E-03
8.7998E-02 1.2000E-03
2.5909E-02 1.2000E-03
9.0252E-02 1.2000E-03
7.8038E-02 1.2000E-03
1.8133E-02 1.2000E-03
1.4708E-01 1.2000E-03
2.6651E-02 1.2000E-03
2.8914E-02 1.2000E-03
1.4708E-01 1.2000E-03
2.2428E-02 1.2000E-03
5.3368E-02 1.2000E-03
1.7425E-01 1.2000E-03
1.9595E-02 1.2000E-03
4.4300E-02 1.2000E-03
1.7110E-02 1.2000E-03
5.8702E-02 1.2000E-03
1.3954E-01 1.2000E-03
6.6944E-02 1.2000E-03
4.8319E-03 1.2000E-03
7.5110E-02 1.2000E-03
3.3036E-02 1.2000E-03
1.2971E-01 1.2000E-03
1.0212E-01 1.2000E-03
5.3628E-02 1.2000E-03
7.7297E-02 1.2000E-03
4.9812E-02 1.2000E-03
1.2507E-01 1.2000E-03
6.0811E-03 1.2000E-03
3.5077E-02 1.2000E-03
7.6180E-02 1.2000E-03
1.2998E-01 1.2000E-03
8.7602E-02 1.2000E-03
5.1676E-02 1.2000E-03
6.3289E-02 1.2000E-03
5.0538E-02 1.2000E-03
1.0543E-01 1.2000E-03
2.7137E-02 1.2000E-03
3.0314E-02 1.2000E-03
6.0606E-02 1.2000E-03
3.9516E-02 1.2000E-03
7.5364E-02 1.2000E-03
3.1534E-02 1.2000E-03
1.8397E-02 1.2000E-03
2.9821E-02 1.2000E-03
3.0370E-02 1.2000E-03
2.5062E-02 1.2000E-03
2.7707E-02 1.2000E-03
4.9705E-02 1.2000E-03
1.9031E-02 1.2000E-03
7.1702E-02 1.2000E-03
1.4627E-02 1.2000E-03
3.4140E-02 1.2000E-03
3.1489E-02 1.2000E-03
7.0989E-02 1.2000E-03
5.8195E-02 1.2000E-03
1.0201E-02 1.2000E-03
1.5437E-02 1.2000E-03
3.4107E-02 1.2000E-03
3.1466E-02 1.2000E-03
4.4961E-02 1.2000E-03
6.3945E-02 1.2000E-03
6.4112E-02 1.2000E-03
4.5424E-02 1.2000E-03
3.8897E-02 1.2000E-03
3.6177E-02 1.2000E-03
4.1822E-02 1.2000E-03
5.7909E-02 1.2000E-03
3.5828E-02 1.2000E-03
8.4285E-02 1.2000E-03
2.0374E-02 1.2000E-03
5.3389E-02 1.2000E-03
3.8958E-02 1.2000E-03
4.3747E-02 1.2000E-03
4.6959E-02 1.2000E-03
6.5389E-02 1.2000E-03
2.0994E-02 1.2000E-03
4.7141E-02 1.2000E-03
4.0558E-02 1.2000E-03
4.4667E-02 1.2000E-03
4.7353E-02 1.2000E-03
2.5254E-02 1.2000E-03
9.5659E-02 1.2000E-03
4.0023E-02 1.2000E-03
3.7668E-02 1.2000E-03
3.6579E-02 1.2000E-03
6.6710E-02 1.2000E-03
4.9605E-02 1.2000E-03
3.0721E-02 1.2000E-03
2.8012E-02 1.2000E-03
1.3790E-02 1.2000E-03
3.1569E-02 1.2000E-03
3.3365E-02 1.2000E-03
2.6093E-02 1.2000E-03
3.3065E-02 1.2000E-03
2.4555E-02 1.2000E-03
1.6324E-02 1.2000E-03
2.7574E-02 1.2000E-03
1.8780E-02 1.2000E-03
1.0312E-02 1.2000E-03
2.2521E-02 1.2000E-03
1.4669E-02 1.2000E-03
1.5294E-02 1.2000E-03
3.4806E-02 1.2000E-03
1.0920E-02 1.2000E-03
5.2752E-03 1.2000E-03
1.9050E-02 1.2000E-03
2.2915E-02 1.2000E-03
5.3916E-03 1.2000E-03
1.1463E-02 1.2000E-03
1.2698E-02 1.2000E-03
2.3681E-02 1.2000E-03
2.6045E-02 1.2000E-03
1.8849E-02 1.2000E-03
1.3465E-02 1.2000E-03
2.2827E-02 1.2000E-03
3.4783E-02 1.2000E-03
2.3982E-02 1.2000E-03
1.4307E-02 1.2000E-03
3.0495E-02 1.2000E-03
3.3765E-02 1.2000E-03
4.4824E-02 1.2000E-03
2.6438E-02 1.2000E-03
3.4278E-02 1.2000E-03
4.5336E-02 1.2000E-03
5.5788E-02 1.2000E-03
3.2592E-02 1.2000E-03
9.6992E-02 1.2000E-03
3.6145E-02 1.2000E-03
2.8960E-02 1.2000E-03
1.0990E-01 1.2000E-03
7.6456E-02 1.2000E-03
5.6963E-02 1.2000E-03
1.7295E-01 1.2000E-03
1.7295E-01 1.2000E-03
1.7780E-08 1.2000E-03
1.0380E-02 1.2000E-03
4.9895E-03 1.2000E-03
8.3520E-03 1.2000E-03
1.4520E-02 1.2000E-03
3.4502E-02 1.2000E-03
4.6403E-02 1.2000E-03
1.0976E-02 1.2000E-03
1.9818E-02 1.2000E-03
3.9726E-02 1.2000E-03
7.9335E-02 1.2000E-03
6.6840E-02 1.2000E-03
3.3230E-02 1.2000E-03
3.3801E-02 1.2000E-03
6.3907E-02 1.2000E-03
5.2194E-02 1.2000E-03
1.3588E-02 1.2000E-03
1.8181E-02 1.2000E-03
2.7992E-02 1.2000E-03
4.7729E-02 1.2000E-03
1.1689E-02 1.2000E-03
3.4568E-02 1.2000E-03
9.2890E-03 1.2000E-03
2.2330E-02 1.2000E-03
1.6667E-02 1.2000E-03
6.5614E-03 1.2000E-03
9.8677E-03 1.2000E-03
2.4478E-02 1.2000E-03
4.7111E-03 1.2000E-03
7.7121E-03 1.2000E-03
2.0716E-02 1.2000E-03
2.2081E-02 1.2000E-03
3.1555E-02 1.2000E-03
9.8973E-03 1.2000E-03
1.7958E-02 1.2000E-03
1.5434E-02 1.2000E-03
9.4910E-03 1.2000E-03
2.6236E-02 1.2000E-03
1.6469E-02 1.2000E-03
2.6510E-02 1.2000E-03
3.4785E-02 1.2000E-03
6.2344E-03 1.2000E-03
5.1136E-03 1.2000E-03
1.5948E-02 1.2000E-03
2.3982E-02 1.2000E-03
3.0798E-02 1.2000E-03
7.3226E-03 1.2000E-03
1.8674E-02 1.2000E-03
1.1909E-02 1.2000E-03
1.3522E-02 1.2000E-03
2.2243E-02 1.2000E-03
1.4416E-02 1.2000E-03
3.3402E-02 1.2000E-03
2.0489E-02 1.2000E-03
3.7006E-03 1.2000E-03
1.9644E-02 1.2000E-03
1.0443E-02 1.2000E-03
4.8045E-02 1.2000E-03
5.8452E-03 1.2000E-03
1.1736E-02 1.2000E-03
2.3618E-02 1.2000E-03
4.8028E-02 1.2000E-03
6.4672E-03 1.2000E-03
3.4716E-02 1.2000E-03
3.7869E-03 1.2000E-03
2.1802E-02 1.2000E-03
3.5394E-02 1.2000E-03
3.4588E-02 1.2000E-03
1.9299E-02 1.2000E-03
4.3239E-02 1.2000E-03
2.6990E-02 1.2000E-03
1.4877E-02 1.2000E-03
6.9272E-02 1.2000E-03
1.1052E-02 1.2000E-03
8.7500E-03 1.2000E-03
4.9867E-02 1.2000E-03
4.2297E-02 1.2000E-03
5.1406E-02 1.2000E-03
3.9089E-02 1.2000E-03
2.7322E-02 1.2000E-03
1.2378E-02 1.2000E-03
6.6582E-02 1.2000E-03
1.2521E-02 1.2000E-03
2.5700E-02 1.2000E-03
4.4430E-02 1.2000E-03
3.7088E-02 1.2000E-03
6.9122E-02 1.2000E-03
1.6384E-02 1.2000E-03
3.0736E-03 1.2000E-03
4.4038E-02 1.2000E-03
1.5496E-02 1.2000E-03
4.9071E-02 1.2000E-03
3.1838E-02 1.2000E-03
1.9483E-02 1.2000E-03
4.2001E-02 1.2000E-03
5.3636E-02 1.2000E-03
7.5842E-03 1.2000E-03
5.9524E-02 1.2000E-03
1.8002E-02 1.2000E-03
3.4321E-02 1.2000E-03
3.7735E-02 1.2000E-03
5.6375E-02 1.2000E-03
6.9700E-03 1.2000E-03
5.9794E-02 1.2000E-03
6.9212E-03 1.2000E-03
1.6959E-02 1.2000E-03
4.2216E-02 1.2000E-03
2.4328E-02 1.2000E-03
2.4895E-02 1.2000E-03
4.8471E-02 1.2000E-03
1.9669E-02 1.2000E-03
9.5902E-03 1.2000E-03
6.3516E-02 1.2000E-03
1.7611E-02 1.2000E-03
2.8668E-02 1.2000E-03
1.8532E-02 1.2000E-03
1.9289E-02 1.2000E-03
1.3943E-02 1.2000E-03
2.8855E-02 1.2000E-03
1.4066E-02 1.2000E-03
1.3646E-02 1.2000E-03
2.4536E-02 1.2000E-03
1.7453E-02 1.2000E-03
2.1097E-02 1.2000E-03
1.5503E-02 1.2000E-03
1.7454E-02 1.2000E-03
8.3628E-03 1.2000E-03
2.7123E-02 1.2000E-03
1.1885E-02 1.2000E-03
8.6598E-03 1.2000E-03
5.5515E-03 1.2000E-03
1.7077E-02 1.2000E-03
2.6514E-02 1.2000E-03
3.1061E-03 1.2000E-03
2.4559E-03 1.2000E-03
8.9631E-03 1.2000E-03
1.2356E-02 1.2000E-03
6.8210E-03 1.2000E-03
1.0634E-02 1.2000E-03
8.0336E-03 1.2000E-03
6.0677E-03 1.2000E-03
8.3009E-03 1.2000E-03
8.6270E-03 1.2000E-03
7.7072E-03 1.2000E-03
1.7218E-02 1.2000E-03
1.0421E-02 1.2000E-03
4.8411E-03 1.2000E-03
1.1172E-02 1.2000E-03
9.9983E-03 1.2000E-03
8.2054E-03 1.2000E-03
1.7503E-02 1.2000E-03
1.6045E-02 1.2000E-03
2.3380E-03 1.2000E-03
1.4962E-02 1.2000E-03
1.4440E-02 1.2000E-03
1.9012E-02 1.2000E-03
2.0005E-02 1.2000E-03
8.4588E-03 1.2000E-03
2.2944E-03 1.2000E-03
1.5251E-02 1.2000E-03
1.9310E-02 1.2000E-03
6.9721E-03 1.2000E-03
1.4470E-02 1.2000E-03
1.3901E-02 1.2000E-03
3.3868E-02 1.2000E-03
2.2803E-02 1.2000E-03
4.8030E-03 1.2000E-03
1.7092E-02 1.2000E-03
2.5923E-02 1.2000E-03
2.2039E-02 1.2000E-03
2.9142E-02 1.2000E-03
2.0585E-02 1.2000E-03
2.6162E-02 1.2000E-03
3.0551E-02 1.2000E-03
1.6944E-02 1.2000E-03
2.9284E-02 1.2000E-03
2.5592E-02 1.2000E-03
6.0728E-02 1.2000E-03
5.2292E-03 1.2000E-03
2.7014E-02 1.2000E-03
3.2771E-02 1.2000E-03
6.9379E-02 1.2000E-03
6.5047E-02 1.2000E-03
1.8083E-02 1.2000E-03
7.8908E-02 1.2000E-03
2.5506E-02 1.2000E-03
1.0076E-01 1.2000E-03
8.1600E-02 1.2000E-03
6.9160E-02 1.2000E-03
2.4985E-02 1.2000E-03
1.2829E-01 1.2000E-03
2.7177E-02 1.2000E-03
4.2597E-02 1.2000E-03
7.2467E-02 1.2000E-03
2.9060E-02 1.2000E-03
1.1544E-02 1.2000E-03
8.5160E-02 1.2000E-03
9.8379E-02 1.2000E-03
3.0331E-02 1.2000E-03
3.2235E-02 1.2000E-03
3.2699E-02 1.2000E-03
1.7856E-02 1.2000E-03
2.6730E-02 1.2000E-03
1.1116E-02 1.2000E-03
1.4332E-02 1.2000E-03
1.1293E-02 1.2000E-03
1.8428E-02 1.2000E-03
1.3456E-02 1.2000E-03
8.0833E-03 1.2000E-03
9.4648E-03 1.2000E-03
1.6576E-02 1.2000E-03
8.7745E-03 1.2000E-03
5.7883E-03 1.2000E-03
1.0249E-02 1.2000E-03
1.3020E-02 1.2000E-03
5.5691E-03 1.2000E-03
4.5092E-03 1.2000E-03
7.1245E-03 1.2000E-03
1.6164E-02 1.2000E-03
6.8731E-03 1.2000E-03
1.0018E-02 1.2000E-03
7.3685E-03 1.2000E-03
1.8767E-02 1.2000E-03
6.4161E-03 1.2000E-03
7.4920E-03 1.2000E-03
9.3577E-03 1.2000E-03
1.2317E-02 1.2000E-03
1.4662E-02 1.2000E-03
9.4709E-03 1.2000E-03
8.8346E-03 1.2000E-03
1.8079E-02 1.2000E-03
1.9160E-02 1.2000E-03
5.0231E-03 1.2000E-03
1.9307E-02 1.2000E-03
7.1225E-03 1.2000E-03
1.1040E-02 1.2000E-03
2.4950E-02 1.2000E-03
1.6593E-02 1.2000E-03
4.8705E-03 1.2000E-03
2.6064E-02 1.2000E-03
1.0021E-02 1.2000E-03
1.4486E-02 1.2000E-03
4.9968E-02 1.2000E-03
1.6178E-02 1.2000E-03
1.0565E-02 1.2000E-03
2.0746E-02 1.2000E-03
2.1789E-02 1.2000E-03
3.3539E-02 1.2000E-03
6.3665E-02 1.2000E-03
2.6012E-02 1.2000E-03
1.2997E-02 1.2000E-03
5.0569E-02 1.2000E-03
3.1412E-02 1.2000E-03
1.0749E-01 1.2000E-03
2.1704E-02 1.2000E-03
1.6246E-02 1.2000E-03
5.5543E-02 1.2000E-03
4.7007E-02 1.2000E-03
8.1861E-02 1.2000E-03
3.6854E-02 1.2000E-03
9.4310E-03 1.2000E-03
1.2228E-01 1.2000E-03
4.0259E-02 1.2000E-03
2.3591E-02 1.2000E-03
1.1170E-01 1.2000E-03
5.8194E-02 1.2000E-03
2.3673E-02 1.2000E-03
8.3600E-02 1.2000E-03
1.2876E-02 1.2000E-03
4.7377E-02 1.2000E-03
7.3552E-02 1.2000E-03
5.1287E-03 1.2000E-03
3.3868E-02 1.2000E-03
7.0306E-02 1.2000E-03
2.3010E-02 1.2000E-03
1.9964E-02 1.2000E-03
3.0917E-02 1.2000E-03
5.7888E-02 1.2000E-03
4.1804E-03 1.2000E-03
3.2449E-02 1.2000E-03
1.6386E-02 1.2000E-03
3.6429E-02 1.2000E-03
4.6663E-02 1.2000E-03
1.0028E-02 1.2000E-03
3.4404E-02 1.2000E-03
2.2629E-02 1.2000E-03
5.9454E-03 1.2000E-03
1.7697E-02 1.2000E-03
1.3533E-02 1.2000E-03
4.9704E-02 1.2000E-03
1.2789E-02 1.2000E-03
1.3049E-02 1.2000E-03
2.0155E-02 1.2000E-03
5.4893E-02 1.2000E-03
2.0513E-02 1.2000E-03
4.5636E-02 1.2000E-03
1.1744E-02 1.2000E-03
3.1910E-02 1.2000E-03
4.1300E-02 1.2000E-03
4.3653E-02 1.2000E-03
4.3093E-02 1.2000E-03
4.7576E-02 1.2000E-03
3.7569E-02 1.2000E-03
1.0583E-01 1.2000E-03
4.5209E-02 1.2000E-03
4.0401E-02 1.2000E-03
4.1526E-02 1.2000E-03
4.9872E-02 1.2000E-03
7.5478E-02 1.2000E-03
7.8187E-02 1.2000E-03
2.2333E-02 1.2000E-03
1.4329E-01 1.2000E-03
5.6853E-02 1.2000E-03
1.3901E-02 1.2000E-03
1.1161E-01 1.2000E-03
4.1068E-02 1.2000E-03
4.1583E-02 1.2000E-03
9.9490E-02 1.2000E-03
2.5309E-02 1.2000E-03
3.7543E-02 1.2000E-03
3.5290E-02 1.2000E-03
5.4567E-02 1.2000E-03
1.8653E-02 1.2000E-03
4.4908E-02 1.2000E-03
5.6691E-02 1.2000E-03
3.5022E-02 1.2000E-03
4.5822E-02 1.2000E-03
4.2015E-02 1.2000E-03
3.5801E-02 1.2000E-03
3.2874E-02 1.2000E-03
2.9186E-02 1.2000E-03
2.8317E-02 1.2000E-03
4.4158E-02 1.2000E-03
2.6734E-02 1.2000E-03
1.4787E-02 1.2000E-03
3.1107E-02 1.2000E-03
4.3982E-02 1.2000E-03
1.8544E-02 1.2000E-03
1.5699E-02 1.2000E-03
3.6651E-02 1.2000E-03
3.1123E-02 1.2000E-03
1.8319E-02 1.2000E-03
1.6964E-02 1.2000E-03
2.1112E-02 1.2000E-03
1.4627E-02 1.2000E-03
1.7489E-02 1.2000E-03
2.4376E-02 1.2000E-03
1.6626E-02 1.2000E-03
1.8956E-02 1.2000E-03
1.9655E-02 1.2000E-03
1.4393E-02 1.2000E-03
1.1689E-02 1.2000E-03
2.3481E-02 1.2000E-03
1.5500E-02 1.2000E-03
9.4939E-03 1.2000E-03
2.1838E-02 1.2000E-03
1.6481E-02 1.2000E-03
1.3177E-02 1.2000E-03
1.8599E-02 1.2000E-03
1.9340E-02 1.2000E-03
3.5476E-03 1.2000E-03
9.1162E-03 1.2000E-03
7.5328E-03 1.2000E-03
2.1904E-02 1.2000E-03
9.9290E-03 1.2000E-03
1.9677E-03 1.2000E-03
6.1384E-03 1.2000E-03
1.2608E-02 1.2000E-03
4.2250E-03 1.2000E-03
7.3116E-03 1.2000E-03
4.1948E-03 1.2000E-03
6.8656E-03 1.2000E-03
7.4732E-03 1.2000E-03
2.7426E-03 1.2000E-03
9.9479E-04 1.2000E-03
4.1589E-03 1.2000E-03
8.3139E-03 1.2000E-03
6.1267E-03 1.2000E-03
4.6008E-03 1.2000E-03
5.3646E-03 1.2000E-03
8.7872E-03 1.2000E-03
4.1951E-03 1.2000E-03
2.3898E-03 1.2000E-03
3.8134E-03 1.2000E-03
8.0192E-03 1.2000E-03
6.1605E-03 1.2000E-03
7.6053E-03 1.2000E-03
5.4054E-03 1.2000E-03
5.3851E-03 1.2000E-03
5.9291E-03 1.2000E-03
7.2326E-03 1.2000E-03
1.3952E-03 1.2000E-03
2.7766E-03 1.2000E-03
4.8858E-03 1.2000E-03
9.3658E-03 1.2000E-03
3.7858E-03 1.2000E-03
2.6864E-03 1.2000E-03
2.7515E-03 1.2000E-03
5.5797E-03 1.2000E-03
1.5730E-03 1.2000E-03
1.9377E-03 1.2000E-03
2.8660E-03 1.2000E-03
5.4056E-03 1.2000E-03
2.5244E-03 1.2000E-03
9.7540E-04 1.2000E-03
1.8082E-03 1.2000E-03
3.9530E-03 1.2000E-03
2.7423E-03 1.2000E-03
2.7211E-03 1.2000E-03
2.7072E-03 1.2000E-03
3.3258E-03 1.2000E-03
1.4793E-03 1.2000E-03
1.8791E-03 1.2000E-03
1.8854E-03 1.2000E-03
2.5592E-03 1.2000E-03
3.9610E-03 1.2000E-03
2.2862E-03 1.2000E-03
1.2904E-03 1.2000E-03
3.0135E-03 1.2000E-03
3.7691E-03 1.2000E-03
5.7700E-04 1.2000E-03
1.7002E-03 1.2000E-03
2.0560E-03 1.2000E-03
4.3050E-03 1.2000E-03
1.7356E-03 1.2000E-03
6.4691E-04 1.2000E-03
1.5173E-03 1.2000E-03
3.1551E-03 1.2000E-03
1.5544E-03 1.2000E-03
1.8396E-03 1.2000E-03
2.0418E-03 1.2000E-03
3.6186E-03 1.2000E-03
1.9628E-03 1.2000E-03
8.4505E-04 1.2000E-03
1.2301E-03 1.2000E-03
2.0335E-03 1.2000E-03
1.9506E-03 1.2000E-03
2.4952E-03 1.2000E-03
2.2354E-03 1.2000E-03
1.8950E-03 1.2000E-03
2.6467E-03 1.2000E-03
1.5807E-03 1.2000E-03
9.2724E-04 1.2000E-03
3.0824E-03 1.2000E-03
3.3940E-03 1.2000E-03
8.4524E-04 1.2000E-03
2.0843E-03 1.2000E-03
2.2728E-03 1.2000E-03
5.0793E-03 1.2000E-03
1.6128E-03 1.2000E-03
5.8139E-04 1.2000E-03
2.2520E-03 1.2000E-03
4.7778E-03 1.2000E-03
8.4930E-04 1.2000E-03
1.2956E-03 1.2000E-03
2.4992E-03 1.2000E-03
3.8767E-03 1.2000E-03
5.8783E-03 1.2000E-03
2.8662E-04 1.2000E-03
3.5567E-04 1.2000E-03
1.7494E-03 1.2000E-03
5.5434E-03 1.2000E-03
2.0302E-03 1.2000E-03
1.7692E-03 1.2000E-03
2.8543E-03 1.2000E-03
4.8957E-03 1.2000E-03
7.3241E-03 1.2000E-03
4.7858E-04 1.2000E-03
5.9801E-04 1.2000E-03
1.7784E-03 1.2000E-03
7.3216E-03 1.2000E-03
3.9396E-03 1.2000E-03
1.9466E-03 1.2000E-03
4.2148E-03 1.2000E-03
4.6479E-03 1.2000E-03
2.5179E-03 1.2000E-03
3.0529E-03 1.2000E-03
2.6857E-03 1.2000E-03
4.9801E-03 1.2000E-03
5.5338E-03 1.2000E-03
3.4400E-03 1.2000E-03
1.7723E-03 1.2000E-03
3.2240E-03 1.2000E-03
6.1159E-03 1.2000E-03
1.2201E-03 1.2000E-03
1.6674E-03 1.2000E-03
2.5935E-03 1.2000E-03
6.0890E-03 1.2000E-03
4.9613E-03 1.2000E-03
1.7146E-03 1.2000E-03
2.6034E-03 1.2000E-03
3.7522E-03 1.2000E-03
3.3659E-03 1.2000E-03
6.7071E-03 1.2000E-03
3.7452E-03 1.2000E-03
2.8882E-03 1.2000E-03
5.9760E-03 1.2000E-03
4.0432E-03 1.2000E-03
4.9895E-04 1.2000E-03
3.3608E-03 1.2000E-03
5.2719E-03 1.2000E-03
1.9271E-03 1.2000E-03
4.4822E-03 1.2000E-03
3.9289E-03 1.2000E-03
7.4092E-03 1.2000E-03
4.8457E-03 1.2000E-03
6.4313E-04 1.2000E-03
2.8355E-03 1.2000E-03
4.3050E-03 1.2000E-03
4.4070E-03 1.2000E-03
5.9617E-03 1.2000E-03
5.5378E-03 1.2000E-03
5.5841E-03 1.2000E-03
3.9203E-03 1.2000E-03
5.9530E-04 1.2000E-03
1.8166E-03 1.2000E-03
4.3572E-03 1.2000E-03
4.9803E-03 1.2000E-03
1.5557E-02 1.2000E-03
9.1259E-03 1.2000E-03
3.2196E-03 1.2000E-03
2.4970E-03 1.2000E-03
2.6221E-03 1.2000E-03
1.0738E-02 1.2000E-03
1.4814E-02 1.2000E-03
4.3655E-03 1.2000E-03
3.1245E-03 1.2000E-03
4.3018E-03 1.2000E-03
7.7938E-03 1.2000E-03
1.1421E-02 1.2000E-03
2.0470E-03 1.2000E-03
2.9275E-03 1.2000E-03
5.0678E-03 1.2000E-03
6.8969E-03 1.2000E-03
8.2256E-03 1.2000E-03
5.1586E-03 1.2000E-03
7.5224E-03 1.2000E-03
9.0823E-03 1.2000E-03
4.8900E-03 1.2000E-03
5.4463E-03 1.2000E-03
4.5071E-03 1.2000E-03
7.0451E-03 1.2000E-03
1.2758E-02 1.2000E-03
4.6505E-03 1.2000E-03
1.8330E-03 1.2000E-03
6.3276E-03 1.2000E-03
1.2942E-02 1.2000E-03
2.8202E-03 1.2000E-03
2.5991E-03 1.2000E-03
5.7594E-03 1.2000E-03
8.3647E-03 1.2000E-03
2.1341E-02 1.2000E-03
4.8563E-03 1.2000E-03
9.8753E-04 1.2000E-03
4.6084E-03 1.2000E-03
1.0589E-02 1.2000E-03
7.5889E-03 1.2000E-03
6.1295E-03 1.2000E-03
6.2407E-03 1.2000E-03
9.5041E-03 1.2000E-03
2.7236E-03 1.2000E-03
4.3620E-03 1.2000E-03
4.3354E-03 1.2000E-03
1.2414E-02 1.2000E-03
3.6929E-03 1.2000E-03
2.5664E-03 1.2000E-03
5.4508E-03 1.2000E-03
9.4825E-03 1.2000E-03
5.7907E-03 1.2000E-03
4.6698E-03 1.2000E-03
5.3902E-03 1.2000E-03
9.6524E-03 1.2000E-03
4.5453E-03 1.2000E-03
3.9866E-03 1.2000E-03
4.5832E-03 1.2000E-03
1.1127E-02 1.2000E-03
3.7542E-03 1.2000E-03
4.3805E-03 1.2000E-03
4.5342E-03 1.2000E-03
1.1065E-02 1.2000E-03
3.6656E-03 1.2000E-03
4.4309E-03 1.2000E-03
3.8538E-03 1.2000E-03
7.6031E-03 1.2000E-03
5.0697E-03 1.2000E-03
8.8539E-03 1.2000E-03
3.1134E-03 1.2000E-03
3.3131E-03 1.2000E-03
8.7101E-03 1.2000E-03
5.3087E-03 1.2000E-03
2.1810E-03 1.2000E-03
7.4042E-03 1.2000E-03
8.4822E-03 1.2000E-03
8.3360E-04 1.2000E-03
2.3294E-03 1.2000E-03
4.6371E-03 1.2000E-03
7.0083E-03 1.2000E-03
8.9033E-03 1.2000E-03
3.3921E-03 1.2000E-03
3.4934E-03 1.2000E-03
3.4165E-03 1.2000E-03
8.9488E-03 1.2000E-03
1.2586E-03 1.2000E-03
4.2428E-03 1.2000E-03
4.2399E-03 1.2000E-03
1.1297E-02 1.2000E-03
2.6886E-03 1.2000E-03
3.0975E-03 1.2000E-03
3.1187E-03 1.2000E-03
7.1695E-03 1.2000E-03
3.0281E-03 1.2000E-03
5.6125E-03 1.2000E-03
4.8932E-03 1.2000E-03
7.0703E-03 1.2000E-03
7.1023E-03 1.2000E-03
7.3166E-03 1.2000E-03
1.0302E-03 1.2000E-03
1.6590E-03 1.2000E-03
4.9615E-03 1.2000E-03
7.7455E-03 1.2000E-03
7.3304E-03 1.2000E-03
8.3801E-03 1.2000E-03
5.1474E-03 1.2000E-03
2.7460E-03 1.2000E-03
2.0713E-03 1.2000E-03
4.5854E-03 1.2000E-03
4.4076E-03 1.2000E-03
9.3012E-03 1.2000E-03
5.8108E-03 1.2000E-03
4.1672E-03 1.2000E-03
7.8160E-03 1.2000E-03
4.0477E-03 1.2000E-03
1.0247E-03 1.2000E-03
3.5073E-03 1.2000E-03
7.0520E-03 1.2000E-03
3.9446E-03 1.2000E-03
1.3010E-02 1.2000E-03
3.4449E-03 1.2000E-03
4.5238E-03 1.2000E-03
4.9584E-03 1.2000E-03
4.6216E-03 1.2000E-03
1.5707E-03 1.2000E-03
1.0341E-02 1.2000E-03
7.1097E-03 1.2000E-03
4.6498E-03 1.2000E-03
1.2334E-02 1.2000E-03
7.1302E-03 1.2000E-03
1.3619E-03 1.2000E-03
4.2685E-03 1.2000E-03
4.6162E-03 1.2000E-03
6.6443E-03 1.2000E-03
1.5975E-02 1.2000E-03
1.0292E-02 1.2000E-03
1.1865E-03 1.2000E-03
7.6722E-03 1.2000E-03
4.0438E-03 1.2000E-03
6.7459E-03 1.2000E-03
1.9507E-02 1.2000E-03
1.0365E-02 1.2000E-03
1.0411E-03 1.2000E-03
1.6051E-02 1.2000E-03
6.0987E-03 1.2000E-03
3.5742E-03 1.2000E-03
1.1459E-02 1.2000E-03
9.2015E-03 1.2000E-03
2.1671E-02 1.2000E-03
7.3227E-03 1.2000E-03
4.6300E-03 1.2000E-03
1.2775E-02 1.2000E-03
2.6537E-02 1.2000E-03
4.8122E-03 1.2000E-03
8.6838E-03 1.2000E-03
1.5279E-02 1.2000E-03
1.8709E-02 1.2000E-03
6.4816E-02 1.2000E-03
3.1804E-02 1.2000E-03
6.6461E-03 1.2000E-03
1.2443E-02 1.2000E-03
4.4758E-02 1.2000E-03
4.4819E-02 1.2000E-03
2.1050E-03 1.2000E-03
2.2456E-02 1.2000E-03
1.7129E-02 1.2000E-03
8.7017E-02 1.2000E-03
6.5419E-03 1.2000E-03
3.6183E-02 1.2000E-03
2.2795E-02 1.2000E-03
5.3252E-02 1.2000E-03
4.5815E-02 1.2000E-03
3.3249E-02 1.2000E-03
4.6476E-02 1.2000E-03
2.6321E-02 1.2000E-03
1.1382E-01 1.2000E-03
5.9016E-02 1.2000E-03
7.3510E-03 1.2000E-03
4.1346E-02 1.2000E-03
5.0174E-02 1.2000E-03
7.0870E-02 1.2000E-03
1.1565E-02 1.2000E-03
1.3603E-02 1.2000E-03
1.6690E-02 1.2000E-03
6.8289E-02 1.2000E-03
5.3073E-03 1.2000E-03
9.7094E-03 1.2000E-03
7.9782E-03 1.2000E-03
4.6342E-02 1.2000E-03
1.3942E-02 1.2000E-03
2.3487E-02 1.2000E-03
4.1777E-03 1.2000E-03
2.7172E-02 1.2000E-03
3.6640E-02 1.2000E-03
3.0326E-03 1.2000E-03
2.4489E-03 1.2000E-03
4.3418E-03 1.2000E-03
1.7711E-02 1.2000E-03
7.9625E-03 1.2000E-03
5.6617E-03 1.2000E-03
1.7525E-02 1.2000E-03
9.8482E-03 1.2000E-03
3.4915E-02 1.2000E-03
1.7796E-03 1.2000E-03
1.3546E-02 1.2000E-03
1.2961E-02 1.2000E-03
1.2777E-02 1.2000E-03
1.1927E-02 1.2000E-03
1.0833E-02 1.2000E-03
1.0946E-02 1.2000E-03
1.9542E-02 1.2000E-03
7.6302E-03 1.2000E-03
1.3551E-02 1.2000E-03
1.1060E-02 1.2000E-03
2.5083E-02 1.2000E-03
2.8471E-02 1.2000E-03
2.3147E-02 1.2000E-03
1.6460E-02 1.2000E-03
2.3046E-02 1.2000E-03
2.4062E-02 1.2000E-03
2.0178E-02 1.2000E-03
1.6888E-02 1.2000E-03
5.2219E-02 1.2000E-03
9.7016E-03 1.2000E-03
2.1531E-02 1.2000E-03
2.2344E-02 1.2000E-03
4.5663E-02 1.2000E-03
3.3708E-02 1.2000E-03
2.1628E-02 1.2000E-03
1.7687E-02 1.2000E-03
3.9177E-02 1.2000E-03
2.3198E-02 1.2000E-03
3.8048E-02 1.2000E-03
2.4910E-02 1.2000E-03
4.8344E-02 1.2000E-03
1.3339E-02 1.2000E-03
3.4957E-02 1.2000E-03
6.4612E-03 1.2000E-03
2.4281E-02 1.2000E-03
3.3756E-02 1.2000E-03
1.8777E-02 1.2000E-03
1.5533E-02 1.2000E-03
2.0141E-02 1.2000E-03
1.8589E-02 1.2000E-03
1.1139E-02 1.2000E-03
1.0143E-02 1.2000E-03
1.7721E-02 1.2000E-03
1.8770E-02 1.2000E-03
1.8223E-02 1.2000E-03
7.9692E-03 1.2000E-03
3.3777E-02 1.2000E-03
1.1480E-02 1.2000E-03
7.2635E-03 1.2000E-03
1.8171E-02 1.2000E-03
2.0134E-02 1.2000E-03
1.5888E-02 1.2000E-03
1.6557E-02 1.2000E-03
7.6788E-03 1.2000E-03
4.4849E-03 1.2000E-03
1.8918E-02 1.2000E-03
1.3923E-02 1.2000E-03
2.8391E-03 1.2000E-03
1.7670E-02 1.2000E-03
5.2193E-03 1.2000E-03
2.9778E-02 1.2000E-03
6.7222E-03 1.2000E-03
3.7889E-03 1.2000E-03
1.5149E-02 1.2000E-03
2.3408E-02 1.2000E-03
3.1351E-03 1.2000E-03
1.4451E-02 1.2000E-03
4.3214E-03 1.2000E-03
2.9258E-02 1.2000E-03
1.8711E-02 1.2000E-03
2.8811E-03 1.2000E-03
1.6934E-02 1.2000E-03
1.8848E-02 1.2000E-03
2.0419E-02 1.2000E-03
1.5812E-02 1.2000E-03
1.6377E-02 1.2000E-03
1.0643E-02 1.2000E-03
2.4551E-02 1.2000E-03
2.1368E-02 1.2000E-03
3.7433E-03 1.2000E-03
2.7400E-02 1.2000E-03
1.0068E-02 1.2000E-03
1.8407E-02 1.2000E-03
2.2234E-02 1.2000E-03
2.2929E-02 1.2000E-03
2.7058E-02 1.2000E-03
6.7497E-03 1.2000E-03
9.0343E-03 1.2000E-03
1.8284E-02 1.2000E-03
4.2324E-02 1.2000E-03
5.5676E-03 1.2000E-03
2.2226E-02 1.2000E-03
1.0261E-02 1.2000E-03
2.8027E-02 1.2000E-03
3.4160E-02 1.2000E-03
9.1224E-03 1.2000E-03
1.8380E-02 1.2000E-03
3.0322E-02 1.2000E-03
2.4656E-02 1.2000E-03
1.5556E-02 1.2000E-03
4.3662E-02 1.2000E-03
8.3099E-03 1.2000E-03
2.7142E-02 1.2000E-03
1.0883E-02 1.2000E-03
3.2374E-02 1.2000E-03
3.0808E-02 1.2000E-03
2.6843E-02 1.2000E-03
2.3580E-02 1.2000E-03
1.6936E-02 1.2000E-03
2.4982E-02 1.2000E-03
4.2667E-02 1.2000E-03
8.5593E-03 1.2000E-03
3.7190E-02 1.2000E-03
9.4900E-03 1.2000E-03
1.6686E-02 1.2000E-03
4.9581E-02 1.2000E-03
1.4625E-02 1.2000E-03
4.2326E-02 1.2000E-03
1.8710E-02 1.2000E-03
3.3023E-03 1.2000E-03
3.7835E-02 1.2000E-03
1.7903E-02 1.2000E-03
2.7749E-02 1.2000E-03
3.6647E-02 1.2000E-03
2.9473E-02 1.2000E-03
6.6355E-03 1.2000E-03
6.6235E-02 1.2000E-03
2.2947E-02 1.2000E-03
6.9680E-03 1.2000E-03
3.1687E-02 1.2000E-03
6.4813E-02 1.2000E-03
1.3083E-02 1.2000E-03
9.5108E-03 1.2000E-03
3.7295E-02 1.2000E-03
2.0587E-02 1.2000E-03
5.4723E-02 1.2000E-03
2.0922E-02 1.2000E-03
4.3185E-02 1.2000E-03
3.5412E-02 1.2000E-03
4.3841E-02 1.2000E-03
1.8604E-02 1.2000E-03
8.2275E-02 1.2000E-03
2.5000E-02 1.2000E-03
2.0729E-02 1.2000E-03
7.0339E-02 1.2000E-03
1.2979E-01 1.2000E-03
2.0702E-02 1.2000E-03
5.1692E-02 1.2000E-03
6.1915E-02 1.2000E-03
1.2568E-01 1.2000E-03
6.4000E-02 1.2000E-03
2.7338E-02 1.2000E-03
6.4128E-02 1.2000E-03
7.0154E-02 1.2000E-03
6.0959E-02 1.2000E-03
1.8695E-01 1.2000E-03
9.5056E-02 1.2000E-03
5.1946E-02 1.2000E-03
2.8727E-02 1.2000E-03
6.2487E-02 1.2000E-03
7.9838E-02 1.2000E-03
1.0367E-01 1.2000E-03
1.0901E-01 1.2000E-03
2.7609E-02 1.2000E-03
4.8964E-02 1.2000E-03
3.2461E-02 1.2000E-03
2.0515E-02 1.2000E-03
7.0293E-02 1.2000E-03
8.5745E-02 1.2000E-03
6.3046E-03 1.2000E-03
2.3976E-02 1.2000E-03
3.6727E-02 1.2000E-03
6.3747E-02 1.2000E-03
2.3872E-02 1.2000E-03
6.4675E-03 1.2000E-03
4.8671E-02 1.2000E-03
2.6199E-02 1.2000E-03
2.6395E-02 1.2000E-03
4.9468E-02 1.2000E-03
1.0979E-02 1.2000E-03
2.7368E-02 1.2000E-03
4.1444E-02 1.2000E-03
5.1592E-03 1.2000E-03
3.1617E-03 1.2000E-03
9.4584E-03 1.2000E-03
1.5113E-02 1.2000E-03
2.0144E-02 1.2000E-03
1.1350E-02 1.2000E-03
1.7441E-02 1.2000E-03
1.7422E-02 1.2000E-03
8.1736E-03 1.2000E-03
5.4356E-03 1.2000E-03
1.1182E-02 1.2000E-03
1.2354E-02 1.2000E-03
2.3220E-02 1.2000E-03
6.9777E-03 1.2000E-03
7.8122E-03 1.2000E-03
1.0974E-02 1.2000E-03
1.1453E-02 1.2000E-03
1.4761E-02 1.2000E-03
1.4187E-02 1.2000E-03
1.8402E-03 1.2000E-03
2.1351E-02 1.2000E-03
1.1131E-02 1.2000E-03
6.2895E-03 1.2000E-03
1.1977E-02 1.2000E-03
1.7480E-02 1.2000E-03
1.3696E-02 1.2000E-03
1.6807E-02 1.2000E-03
1.2346E-02 1.2000E-03
1.5113E-02 1.2000E-03
1.6950E-02 1.2000E-03
1.6019E-02 1.2000E-03
1.0944E-02 1.2000E-03
2.7640E-02 1.2000E-03
5.1581E-03 1.2000E-03
1.3002E-02 1.2000E-03
6.5458E-03 1.2000E-03
1.8957E-02 1.2000E-03
1.8890E-02 1.2000E-03
4.3741E-03 1.2000E-03
6.3972E-03 1.2000E-03
1.1481E-02 1.2000E-03
2.2470E-02 1.2000E-03
4.8215E-03 1.2000E-03
9.3391E-03 1.2000E-03
1.3506E-02 1.2000E-03
1.9162E-02 1.2000E-03
2.2726E-02 1.2000E-03
5.2647E-03 1.2000E-03
1.2969E-02 1.2000E-03
6.3862E-03 1.2000E-03
1.3028E-02 1.2000E-03
2.9667E-02 1.2000E-03
1.1276E-02 1.2000E-03
3.0607E-03 1.2000E-03
1.2481E-02 1.2000E-03
1.0681E-02 1.2000E-03
2.0963E-03 1.2000E-03
1.2142E-02 1.2000E-03
9.2209E-03 1.2000E-03
3.1841E-02 1.2000E-03
6.8367E-03 1.2000E-03
4.6121E-03 1.2000E-03
7.2224E-03 1.2000E-03
2.9865E-02 1.2000E-03
4.6028E-03 1.2000E-03
1.8989E-02 1.2000E-03
8.4123E-03 1.2000E-03
2.6969E-02 1.2000E-03
2.6172E-02 1.2000E-03
1.1178E-02 1.2000E-03
6.5370E-03 1.2000E-03
2.1074E-02 1.2000E-03
2.1347E-02 1.2000E-03
2.9808E-02 1.2000E-03
2.4123E-02 1.2000E-03
3.2638E-02 1.2000E-03
5.4569E-02 1.2000E-03
5.4569E-02 1.2000E-03
3.9271E-02 1.2000E-03
1.0083E-02 1.2000E-03
8.1712E-02 1.2000E-03
3.0237E-02 1.2000E-03
1.3750E-02 1.2000E-03
6.0457E-02 1.2000E-03
9.9416E-02 1.2000E-03
1.2489E-02 1.2000E-03
6.0609E-02 1.2000E-03
2.5898E-02 1.2000E-03
1.6791E-01 1.2000E-03
1.0163E-01 1.2000E-03
3.2202E-02 1.2000E-03
1.7887E-01 1.2000E-03
4.4891E-02 1.2000E-03
4.6462E-02 1.2000E-03
1.9099E-01 1.2000E-03
2.6314E-02 1.2000E-03
5.4436E-02 1.2000E-03
1.0605E-01 1.2000E-03
8.5395E-02 1.2000E-03
9.7534E-02 1.2000E-03
1.2978E-01 1.2000E-03
5.1042E-02 1.2000E-03
5.1389E-02 1.2000E-03
8.1005E-02 1.2000E-03
6.3685E-02 1.2000E-03
9.4603E-02 1.2000E-03
1.0847E-02 1.2000E-03
5.2376E-02 1.2000E-03
3.5873E-02 1.2000E-03
1.3006E-01 1.2000E-03
4.9579E-02 1.2000E-03
6.2735E-02 1.2000E-03
1.0441E-01 1.2000E-03
5.1309E-02 1.2000E-03
1.2352E-01 1.2000E-03
1.7375E-02 1.2000E-03
2.4461E-02 1.2000E-03
7.1644E-02 1.2000E-03
8.2352E-02 1.2000E-03
3.2843E-02 1.2000E-03
1.0125E-01 1.2000E-03
4.7301E-02 1.2000E-03
1.0704E-01 1.2000E-03
7.9321E-02 1.2000E-03
1.0574E-01 1.2000E-03
3.6863E-02 1.2000E-03
3.6295E-02 1.2000E-03
1.0879E-01 1.2000E-03
1.7789E-01 1.2000E-03
7.5563E-03 1.2000E-03
6.4344E-02 1.2000E-03
4.8102E-02 1.2000E-03
1.9518E-01 1.2000E-03
1.8194E-02 1.2000E-03
4.7953E-02 1.2000E-03
3.1746E-02 1.2000E-03
8.9120E-02 1.2000E-03
2.1154E-02 1.2000E-03
4.6822E-02 1.2000E-03
1.8290E-02 1.2000E-03
4.6996E-02 1.2000E-03
6.3761E-02 1.2000E-03
4.1023E-02 1.2000E-03
3.5431E-03 1.2000E-03
4.9696E-02 1.2000E-03
2.4437E-02 1.2000E-03
3.7392E-02 1.2000E-03
2.9417E-02 1.2000E-03
5.1926E-02 1.2000E-03
2.9003E-02 1.2000E-03
1.7306E-02 1.2000E-03
2.3280E-02 1.2000E-03
1.8051E-02 1.2000E-03
4.4042E-02 1.2000E-03
2.6909E-02 1.2000E-03
3.3708E-02 1.2000E-03
3.1388E-02 1.2000E-03
7.3998E-02 1.2000E-03
9.5055E-03 1.2000E-03
5.7619E-03 1.2000E-03
2.1500E-02 1.2000E-03
6.7550E-02 1.2000E-03
3.2006E-02 1.2000E-03
3.1934E-02 1.2000E-03
4.0562E-02 1.2000E-03
6.7138E-02 1.2000E-03
2.5883E-02 1.2000E-03
5.7041E-02 1.2000E-03
2.6787E-02 1.2000E-03
4.0662E-02 1.2000E-03
4.7854E-02 1.2000E-03
3.3077E-02 1.2000E-03
4.1575E-02 1.2000E-03
4.0569E-02 1.2000E-03
4.2100E-02 1.2000E-03
4.1762E-02 1.2000E-03
2.7416E-02 1.2000E-03
2.9806E-02 1.2000E-03
4.9524E-02 1.2000E-03
2.1971E-02 1.2000E-03
3.0380E-02 1.2000E-03
2.7667E-02 1.2000E-03
8.3297E-02 1.2000E-03
4.2855E-02 1.2000E-03
2.8582E-02 1.2000E-03
3.4227E-02 1.2000E-03
8.6689E-02 1.2000E-03
1.6394E-02 1.2000E-03
2.5234E-02 1.2000E-03
3.4069E-02 1.2000E-03
7.8853E-02 1.2000E-03
1.6387E-02 1.2000E-03
3.1719E-02 1.2000E-03
1.5579E-02 1.2000E-03
6.6314E-02 1.2000E-03
2.0952E-02 1.2000E-03
2.3967E-02 1.2000E-03
3.0554E-02 1.2000E-03
5.7698E-02 1.2000E-03
2.3791E-02 1.2000E-03
1.2954E-02 1.2000E-03
1.8319E-02 1.2000E-03
2.3739E-02 1.2000E-03
1.0149E-02 1.2000E-03
3.3557E-02 1.2000E-03
1.6739E-02 1.2000E-03
3.3225E-02 1.2000E-03
2.5469E-02 1.2000E-03
1.0907E-02 1.2000E-03
1.2316E-02 1.2000E-03
2.2823E-02 1.2000E-03
1.2396E-02 1.2000E-03
9.1562E-03 1.2000E-03
2.0273E-02 1.2000E-03
2.6436E-02 1.2000E-03
3.8675E-03 1.2000E-03
6.3376E-03 1.2000E-03
8.8195E-03 1.2000E-03
2.7440E-02 1.2000E-03
3.0552E-02 1.2000E-03
1.0306E-02 1.2000E-03
4.2394E-02 1.2000E-03
2.4429E-02 1.2000E-03
1.5149E-02 1.2000E-03
3.8523E-02 1.2000E-03
1.8771E-02 1.2000E-03
5.6555E-02 1.2000E-03
6.0728E-02 1.2000E-03
2.2630E-02 1.2000E-03
1.3472E-02 1.2000E-03
6.6399E-02 1.2000E-03
2.3395E-02 1.2000E-03
5.6184E-02 1.2000E-03
8.0799E-02 1.2000E-03
2.1257E-02 1.2000E-03
7.1762E-02 1.2000E-03
5.0679E-02 1.2000E-03
7.4207E-02 1.2000E-03
7.2493E-02 1.2000E-03
1.0732E-01 1.2000E-03
8.3298E-02 1.2000E-03
5.6569E-02 1.2000E-03
4.3066E-02 1.2000E-03
8.9539E-02 1.2000E-03
6.6648E-02 1.2000E-03
1.3537E-01 1.2000E-03
5.0594E-02 1.2000E-03
3.2841E-02 1.2000E-03
5.5279E-02 1.2000E-03
5.9560E-02 1.2000E-03
6.3469E-02 1.2000E-03
1.5818E-02 1.2000E-03
1.7702E-02 1.2000E-03
1.9344E-02 1.2000E-03
5.8078E-02 1.2000E-03
3.0951E-02 1.2000E-03
6.4792E-03 1.2000E-03
2.7405E-02 1.2000E-03
1.2149E-02 1.2000E-03
3.3293E-02 1.2000E-03
3.4696E-02 1.2000E-03
5.3450E-03 1.2000E-03
1.6906E-02 1.2000E-03
1.1668E-02 1.2000E-03
1.4600E-02 1.2000E-03
1.5307E-02 1.2000E-03
1.4895E-02 1.2000E-03
1.5569E-02 1.2000E-03
1.5109E-02 1.2000E-03
6.9937E-03 1.2000E-03
9.0527E-03 1.2000E-03
1.6110E-02 1.2000E-03
2.0372E-02 1.2000E-03
1.2342E-02 1.2000E-03
1.7491E-02 1.2000E-03
1.9040E-02 1.2000E-03
1.4970E-02 1.2000E-03
1.5547E-02 1.2000E-03
1.2678E-02 1.2000E-03
1.7284E-02 1.2000E-03
2.8870E-02 1.2000E-03
1.6896E-02 1.2000E-03
7.6301E-03 1.2000E-03
2.4219E-02 1.2000E-03
1.7855E-02 1.2000E-03
1.0277E-02 1.2000E-03
2.4842E-02 1.2000E-03
2.1519E-02 1.2000E-03
3.9221E-03 1.2000E-03
3.2890E-02 1.2000E-03
5.7820E-03 1.2000E-03
1.5991E-02 1.2000E-03
4.4363E-02 1.2000E-03
2.6743E-02 1.2000E-03
5.0489E-03 1.2000E-03
1.4134E-02 1.2000E-03
4.7840E-03 1.2000E-03
2.9560E-02 1.2000E-03
4.3199E-02 1.2000E-03
5.2573E-03 1.2000E-03
2.7188E-02 1.2000E-03
1.7528E-02 1.2000E-03
1.7528E-02 1.2000E-03
2.6807E-08 1.2000E-03
1.4080E-08 1.2000E-03
9.2273E-04 1.2000E-03
3.9617E-04 1.2000E-03
9.2443E-04 1.2000E-03
1.0075E-03 1.2000E-03
2.7594E-03 1.2000E-03
4.3386E-03 1.2000E-03
1.7831E-03 1.2000E-03
3.8287E-03 1.2000E-03
4.1110E-03 1.2000E-03
8.9789E-03 1.2000E-03
7.7173E-03 1.2000E-03
3.9353E-03 1.2000E-03
5.9968E-03 1.2000E-03
9.4016E-03 1.2000E-03
6.5162E-03 1.2000E-03
1.0350E-02 1.2000E-03
9.0158E-03 1.2000E-03
1.6086E-02 1.2000E-03
1.2275E-02 1.2000E-03
8.9187E-03 1.2000E-03
1.3107E-02 1.2000E-03
2.0058E-02 1.2000E-03
1.2382E-02 1.2000E-03
1.5019E-02 1.2000E-03
1.6500E-02 1.2000E-03
3.6337E-02 1.2000E-03
1.2263E-02 1.2000E-03
5.5435E-03 1.2000E-03
1.7260E-02 1.2000E-03
3.1096E-02 1.2000E-03
2.9023E-02 1.2000E-03
1.0341E-02 1.2000E-03
1.8334E-02 1.2000E-03
2.4360E-02 1.2000E-03
3.2932E-02 1.2000E-03
3.3760E-02 1.2000E-03
2.0970E-02 1.2000E-03
2.9537E-02 1.2000E-03
4.2546E-02 1.2000E-03
2.2024E-02 1.2000E-03
4.0096E-02 1.2000E-03
1.5068E-02 1.2000E-03
8.4806E-02 1.2000E-03
8.8158E-03 1.2000E-03
2.5892E-02 1.2000E-03
5.1273E-02 1.2000E-03
1.4099E-01 1.2000E-03
3.2704E-02 1.2000E-03
4.0843E-02 1.2000E-03
2.6123E-02 1.2000E-03
6.8653E-02 1.2000E-03
4.5392E-02 1.2000E-03
4.3742E-02 1.2000E-03
2.0703E-02 1.2000E-03
9.6571E-02 1.2000E-03
2.5785E-02 1.2000E-03
1.9125E-02 1.2000E-03
5.7505E-02 1.2000E-03
8.1099E-02 1.2000E-03
1.0518E-02 1.2000E-03
3.3013E-03 1.2000E-03
5.8640E-02 1.2000E-03
1.3240E-02 1.2000E-03
4.2767E-02 1.2000E-03
5.1793E-02 1.2000E-03
3.5216E-03 1.2000E-03
3.2619E-02 1.2000E-03
2.2414E-02 1.2000E-03
4.4397E-02 1.2000E-03
3.2083E-03 1.2000E-03
1.8785E-02 1.2000E-03
1.2042E-02 1.2000E-03
4.3586E-02 1.2000E-03
1.1158E-02 1.2000E-03
1.9400E-02 1.2000E-03
8.0042E-03 1.2000E-03
4.2418E-02 1.2000E-03
3.3939E-03 1.2000E-03
1.4666E-02 1.2000E-03
1.0425E-02 1.2000E-03
2.6006E-02 1.2000E-03
8.7375E-03 1.2000E-03
2.1374E-02 1.2000E-03
6.7653E-03 1.2000E-03
1.6203E-02 1.2000E-03
8.1970E-03 1.2000E-03
6.8266E-03 1.2000E-03
1.5009E-02 1.2000E-03
1.4454E-02 1.2000E-03
1.0759E-02 1.2000E-03
7.3009E-03 1.2000E-03
1.9447E-02 1.2000E-03
7.1382E-03 1.2000E-03
1.2343E-02 1.2000E-03
1.1205E-02 1.2000E-03
3.9976E-03 1.2000E-03
1.2071E-02 1.2000E-03
1.6110E-02 1.2000E-03
2.9024E-03 1.2000E-03
9.9874E-03 1.2000E-03
8.2113E-03 1.2000E-03
2.7936E-02 1.2000E-03
8.9841E-03 1.2000E-03
2.2518E-03 1.2000E-03
1.4504E-02 1.2000E-03
1.7913E-02 1.2000E-03
2.0225E-02 1.2000E-03
1.8767E-02 1.2000E-03
1.8331E-02 1.2000E-03
1.9729E-02 1.2000E-03
3.1765E-02 1.2000E-03
2.3108E-02 1.2000E-03
2.0299E-02 1.2000E-03
1.5466E-02 1.2000E-03
3.4892E-02 1.2000E-03
2.8888E-02 1.2000E-03
3.6710E-02 1.2000E-03
5.2457E-02 1.2000E-03
6.6464E-02 1.2000E-03
1.2957E-02 1.2000E-03
4.8442E-02 1.2000E-03
2.1590E-02 1.2000E-03
7.4601E-02 1.2000E-03
9.4266E-02 1.2000E-03
5.1734E-02 1.2000E-03
2.7216E-02 1.2000E-03
1.2599E-01 1.2000E-03
1.7063E-02 1.2000E-03
6.6748E-02 1.2000E-03
4.1299E-02 1.2000E-03
1.0052E-01 1.2000E-03
2.9905E-02 1.2000E-03
4.3262E-02 1.2000E-03
8.7499E-02 1.2000E-03
4.7307E-02 1.2000E-03
3.6843E-02 1.2000E-03
3.3055E-02 1.2000E-03
1.5293E-02 1.2000E-03
6.2180E-02 1.2000E-03
3.0446E-02 1.2000E-03
3.4529E-02 1.2000E-03
2.0222E-02 1.2000E-03
3.0492E-02 1.2000E-03
3.6451E-02 1.2000E-03
7.4580E-03 1.2000E-03
1.1465E-02 1.2000E-03
1.4172E-02 1.2000E-03
1.9613E-02 1.2000E-03
9.1713E-03 1.2000E-03
1.3073E-02 1.2000E-03
1.1248E-02 1.2000E-03
1.9283E-02 1.2000E-03
7.8185E-03 1.2000E-03
6.7504E-03 1.2000E-03
1.2826E-02 1.2000E-03
1.1543E-02 1.2000E-03
9.3019E-03 1.2000E-03
1.2817E-02 1.2000E-03
1.0996E-02 1.2000E-03
1.1695E-02 1.2000E-03
2.0946E-02 1.2000E-03
6.8713E-03 1.2000E-03
1.3715E-02 1.2000E-03
9.8071E-03 1.2000E-03
2.0739E-02 1.2000E-03
8.1800E-03 1.2000E-03
1.8366E-02 1.2000E-03
1.3662E-02 1.2000E-03
8.4912E-03 1.2000E-03
1.4165E-02 1.2000E-03
1.6078E-02 1.2000E-03
9.0179E-03 1.2000E-03
2.4008E-02 1.2000E-03
8.5570E-03 1.2000E-03
3.9758E-03 1.2000E-03
1.7866E-02 1.2000E-03
2.4393E-02 1.2000E-03
5.0033E-03 1.2000E-03
1.3946E-02 1.2000E-03
1.4205E-02 1.2000E-03
3.5397E-02 1.2000E-03
5.0608E-02 1.2000E-03
1.5306E-02 1.2000E-03
1.5710E-02 1.2000E-03
1.0934E-02 1.2000E-03
2.9958E-02 1.2000E-03
3.1150E-02 1.2000E-03
5.4072E-02 1.2000E-03
3.4226E-02 1.2000E-03
1.3431E-02 1.2000E-03
4.9704E-02 1.2000E-03
2.2568E-02 1.2000E-03
5.3288E-02 1.2000E-03
5.3350E-02 1.2000E-03
2.2185E-02 1.2000E-03
6.1844E-02 1.2000E-03
4.7204E-02 1.2000E-03
6.5320E-02 1.2000E-03
1.0845E-02 1.2000E-03
5.2096E-02 1.2000E-03
5.5683E-02 1.2000E-03
3.6912E-02 1.2000E-03
4.8143E-02 1.2000E-03
8.6621E-02 1.2000E-03
1.2195E-02 1.2000E-03
6.8690E-02 1.2000E-03
2.9325E-02 1.2000E-03
3.5162E-02 1.2000E-03
4.2278E-02 1.2000E-03
4.0117E-02 1.2000E-03
1.9557E-02 1.2000E-03
8.5038E-02 1.2000E-03
1.0228E-02 1.2000E-03
1.8280E-02 1.2000E-03
3.6314E-02 1.2000E-03
6.7012E-02 1.2000E-03
1.1674E-02 1.2000E-03
1.4726E-02 1.2000E-03
2.9175E-02 1.2000E-03
4.4321E-02 1.2000E-03
1.0034E-02 1.2000E-03
3.4200E-02 1.2000E-03
9.3014E-03 1.2000E-03
7.4312E-02 1.2000E-03
9.2567E-03 1.2000E-03
1.1441E-02 1.2000E-03
1.8347E-02 1.2000E-03
3.2329E-02 1.2000E-03
2.6817E-02 1.2000E-03
1.5842E-02 1.2000E-03
3.3381E-02 1.2000E-03
2.3421E-02 1.2000E-03
3.6653E-02 1.2000E-03
3.5267E-02 1.2000E-03
5.5115E-02 1.2000E-03
3.3739E-02 1.2000E-03
1.7669E-02 1.2000E-03
4.8262E-02 1.2000E-03
8.9167E-02 1.2000E-03
3.5162E-02 1.2000E-03
4.8742E-02 1.2000E-03
7.0369E-02 1.2000E-03
7.3266E-02 1.2000E-03
2.4248E-02 1.2000E-03
1.4012E-01 1.2000E-03
7.5999E-02 1.2000E-03
2.1975E-02 1.2000E-03
1.4492E-01 1.2000E-03
3.6996E-02 1.2000E-03
4.7377E-02 1.2000E-03
5.1234E-02 1.2000E-03
5.8112E-02 1.2000E-03
4.6659E-02 1.2000E-03
9.4659E-02 1.2000E-03
6.6886E-02 1.2000E-03
2.6126E-02 1.2000E-03
5.9898E-02 1.2000E-03
5.9329E-02 1.2000E-03
5.6616E-02 1.2000E-03
3.9554E-02 1.2000E-03
2.7242E-02 1.2000E-03
3.0281E-02 1.2000E-03
7.3696E-02 1.2000E-03
1.7265E-02 1.2000E-03
4.8255E-02 1.2000E-03
1.9365E-02 1.2000E-03
5.1629E-02 1.2000E-03
5.9275E-02 1.2000E-03
2.8619E-02 1.2000E-03
2.6254E-02 1.2000E-03
4.6760E-02 1.2000E-03
2.8737E-02 1.2000E-03
7.3879E-03 1.2000E-03
2.7142E-02 1.2000E-03
4.0872E-02 1.2000E-03
9.8785E-03 1.2000E-03
1.9173E-02 1.2000E-03
1.8503E-02 1.2000E-03
4.6448E-02 1.2000E-03
1.7392E-02 1.2000E-03
9.1364E-03 1.2000E-03
1.0090E-02 1.2000E-03
3.1177E-02 1.2000E-03
1.0208E-02 1.2000E-03
1.9461E-02 1.2000E-03
1.0459E-02 1.2000E-03
2.5971E-02 1.2000E-03
3.0401E-02 1.2000E-03
6.7542E-03 1.2000E-03
7.4792E-03 1.2000E-03
1.1816E-02 1.2000E-03
2.3047E-02 1.2000E-03
1.9319E-02 1.2000E-03
7.6188E-03 1.2000E-03
1.5042E-02 1.2000E-03
1.5043E-02 1.2000E-03
5.1715E-03 1.2000E-03
9.8446E-03 1.2000E-03
9.1505E-03 1.2000E-03
1.7349E-02 1.2000E-03
1.5343E-02 1.2000E-03
4.0178E-03 1.2000E-03
7.1959E-03 1.2000E-03
8.9390E-03 1.2000E-03
7.8232E-03 1.2000E-03
1.2065E-02 1.2000E-03
7.0853E-03 1.2000E-03
2.1011E-03 1.2000E-03
6.9733E-03 1.2000E-03
8.8770E-03 1.2000E-03
3.0702E-03 1.2000E-03
8.0991E-03 1.2000E-03
4.0893E-03 1.2000E-03
8.9718E-03 1.2000E-03
9.1734E-03 1.2000E-03
3.3969E-03 1.2000E-03
2.0202E-03 1.2000E-03
5.0360E-03 1.2000E-03
1.0986E-02 1.2000E-03
5.1786E-03 1.2000E-03
3.7524E-03 1.2000E-03
5.6176E-03 1.2000E-03
9.3705E-03 1.2000E-03
6.3253E-03 1.2000E-03
3.5456E-03 1.2000E-03
4.2037E-03 1.2000E-03
6.2671E-03 1.2000E-03
4.9714E-03 1.2000E-03
7.5298E-03 1.2000E-03
4.3436E-03 1.2000E-03
5.7813E-03 1.2000E-03
8.9587E-03 1.2000E-03
1.2399E-03 1.2000E-03
9.6624E-04 1.2000E-03
2.9496E-03 1.2000E-03
6.5601E-03 1.2000E-03
2.6284E-03 1.2000E-03
4.4122E-03 1.2000E-03
3.8028E-03 1.2000E-03
5.5553E-03 1.2000E-03
1.7784E-03 1.2000E-03
1.1737E-03 1.2000E-03
1.8798E-03 1.2000E-03
4.0478E-03 1.2000E-03
1.2812E-03 1.2000E-03
2.3978E-03 1.2000E-03
2.4177E-03 1.2000E-03
4.3299E-03 1.2000E-03
4.7115E-03 1.2000E-03
7.2522E-04 1.2000E-03
1.2674E-03 1.2000E-03
1.6997E-03 1.2000E-03
4.0126E-03 1.2000E-03
5.1293E-03 1.2000E-03
5.6629E-04 1.2000E-03
1.0129E-03 1.2000E-03
1.6783E-03 1.2000E-03
3.5594E-03 1.2000E-03
3.1998E-03 1.2000E-03
1.8175E-03 1.2000E-03
2.7662E-03 1.2000E-03
2.6725E-03 1.2000E-03
1.6255E-03 1.2000E-03
3.0600E-03 1.2000E-03
2.5601E-03 1.2000E-03
1.0403E-03 1.2000E-03
2.6985E-03 1.2000E-03
2.1221E-03 1.2000E-03
2.8218E-03 1.2000E-03
4.3027E-03 1.2000E-03
2.0554E-03 1.2000E-03
3.4755E-04 1.2000E-03
1.6104E-03 1.2000E-03
3.0008E-03 1.2000E-03
1.0635E-03 1.2000E-03
2.2352E-03 1.2000E-03
2.1341E-03 1.2000E-03
4.3202E-03 1.2000E-03
2.2566E-03 1.2000E-03
4.7097E-04 1.2000E-03
1.5112E-03 1.2000E-03
2.5678E-03 1.2000E-03
1.9065E-03 1.2000E-03
4.6950E-03 1.2000E-03
2.5014E-03 1.2000E-03
2.6058E-03 1.2000E-03
4.9567E-03 1.2000E-03
1.9457E-03 1.2000E-03
3.3821E-04 1.2000E-03
2.4272E-03 1.2000E-03
4.3153E-03 1.2000E-03
2.3166E-03 1.2000E-03
3.8517E-03 1.2000E-03
2.6427E-03 1.2000E-03
5.0212E-03 1.2000E-03
2.9677E-03 1.2000E-03
3.7197E-04 1.2000E-03
1.9122E-03 1.2000E-03
4.0523E-03 1.2000E-03
2.4873E-03 1.2000E-03
5.6266E-03 1.2000E-03
3.3740E-03 1.2000E-03
5.6248E-03 1.2000E-03
5.5107E-03 1.2000E-03
1.1544E-03 1.2000E-03
4.9510E-04 1.2000E-03
2.6294E-03 1.2000E-03
8.1341E-03 1.2000E-03
1.8825E-03 1.2000E-03
2.4620E-03 1.2000E-03
3.8001E-03 1.2000E-03
5.4948E-03 1.2000E-03
6.9913E-03 1.2000E-03
1.0478E-03 1.2000E-03
1.3041E-03 1.2000E-03
2.4748E-03 1.2000E-03
6.7307E-03 1.2000E-03
5.4235E-03 1.2000E-03
2.6486E-03 1.2000E-03
2.6717E-03 1.2000E-03
3.4565E-03 1.2000E-03
3.5739E-03 1.2000E-03
3.3309E-03 1.2000E-03
3.8108E-03 1.2000E-03
3.3081E-03 1.2000E-03
5.0526E-03 1.2000E-03
5.2189E-03 1.2000E-03
3.3091E-03 1.2000E-03
2.8245E-03 1.2000E-03
3.7861E-03 1.2000E-03
3.7861E-03 1.2000E-03
5.5624E-03 1.2000E-03
5.1641E-03 1.2000E-03
3.6839E-03 1.2000E-03
4.5753E-03 1.2000E-03
4.1548E-03 1.2000E-03
5.2009E-03 1.2000E-03
2.5578E-03 1.2000E-03
5.1665E-03 1.2000E-03
1.6188E-03 1.2000E-03
5.6432E-03 1.2000E-03
4.9512E-03 1.2000E-03
4.8333E-03 1.2000E-03
6.0673E-03 1.2000E-03
4.4506E-03 1.2000E-03
8.7439E-04 1.2000E-03
1.7487E-03 1.2000E-03
3.8463E-03 1.2000E-03
8.0930E-03 1.2000E-03
4.2094E-03 1.2000E-03
2.7230E-03 1.2000E-03
3.9409E-03 1.2000E-03
6.9432E-03 1.2000E-03
1.5445E-03 1.2000E-03
1.7518E-03 1.2000E-03
2.8577E-03 1.2000E-03
5.7152E-03 1.2000E-03
5.7051E-03 1.2000E-03
3.2174E-03 1.2000E-03
3.8328E-03 1.2000E-03
3.9034E-03 1.2000E-03
1.7336E-03 1.2000E-03
3.9835E-03 1.2000E-03
4.0162E-03 1.2000E-03
9.3504E-04 1.2000E-03
5.6988E-03 1.2000E-03
2.0234E-03 1.2000E-03
6.1525E-03 1.2000E-03
7.8247E-03 1.2000E-03
4.9606E-04 1.2000E-03
4.4086E-04 1.2000E-03
2.3085E-03 1.2000E-03
3.6932E-03 1.2000E-03
7.6951E-03 1.2000E-03
1.7255E-03 1.2000E-03
9.3071E-04 1.2000E-03
3.3866E-03 1.2000E-03
6.3912E-03 1.2000E-03
2.1484E-03 1.2000E-03
3.8241E-03 1.2000E-03
3.1416E-03 1.2000E-03
8.2804E-03 1.2000E-03
4.3490E-04 1.2000E-03
5.7263E-04 1.2000E-03
1.8236E-03 1.2000E-03
4.9399E-03 1.2000E-03
2.2125E-03 1.2000E-03
2.3975E-03 1.2000E-03
2.2256E-03 1.2000E-03
4.3883E-03 1.2000E-03
1.6372E-03 1.2000E-03
1.8891E-03 1.2000E-03
2.0523E-03 1.2000E-03
3.9838E-03 1.2000E-03
1.5898E-03 1.2000E-03
3.7183E-03 1.2000E-03
1.3478E-03 1.2000E-03
3.0530E-03 1.2000E-03
3.2990E-03 1.2000E-03
2.7321E-03 1.2000E-03
3.3689E-04 1.2000E-03
2.9543E-03 1.2000E-03
2.9584E-03 1.2000E-03
1.8800E-03 1.2000E-03
2.6046E-03 1.2000E-03
2.5396E-03 1.2000E-03
3.6463E-03 1.2000E-03
2.1868E-03 1.2000E-03
2.5625E-04 1.2000E-03
1.1819E-03 1.2000E-03
2.5009E-03 1.2000E-03
1.2091E-03 1.2000E-03
1.7324E-03 1.2000E-03
1.5359E-03 1.2000E-03
3.0596E-03 1.2000E-03
1.2451E-03 1.2000E-03
4.0273E-04 1.2000E-03
7.6489E-04 1.2000E-03
2.0574E-03 1.2000E-03
1.2687E-03 1.2000E-03
2.2443E-03 1.2000E-03
1.3516E-03 1.2000E-03
2.8474E-03 1.2000E-03
1.4767E-03 1.2000E-03
2.2504E-04 1.2000E-03
