RMS Grad   Target
7.1140E-04 2.0000E-04
5.2361E-04 2.0000E-04
4.0752E-04 2.0000E-04
4.5309E-04 2.0000E-04
6.0438E-04 2.0000E-04
4.6578E-04 2.0000E-04
1.9879E-04 2.0000E-04
1.5810E-04 2.0000E-04
1.8343E-04 2.0000E-04
2.4996E-04 2.0000E-04
5.1004E-04 2.0000E-04
1.9276E-04 2.0000E-04
1.2201E-04 2.0000E-04
1.4089E-04 2.0000E-04
1.9922E-04 2.0000E-04
2.4173E-04 2.0000E-04
1.1478E-04 2.0000E-04
1.2662E-04 2.0000E-04
1.4418E-04 2.0000E-04
2.1761E-04 2.0000E-04
1.0527E-04 2.0000E-04
8.9452E-05 2.0000E-04
1.3523E-04 2.0000E-04
1.7980E-04 2.0000E-04
1.1137E-04 2.0000E-04
9.6207E-05 2.0000E-04
1.2194E-04 2.0000E-04
1.0715E-04 2.0000E-04
1.8333E-04 2.0000E-04
8.8347E-05 2.0000E-04
8.7172E-05 2.0000E-04
1.0729E-04 2.0000E-04
2.4258E-04 2.0000E-04
8.9710E-05 2.0000E-04
6.7305E-05 2.0000E-04
8.7614E-05 2.0000E-04
1.0853E-04 2.0000E-04
2.2573E-04 2.0000E-04
7.0821E-05 2.0000E-04
6.6666E-05 2.0000E-04
8.4007E-05 2.0000E-04
1.6314E-04 2.0000E-04
7.9641E-05 2.0000E-04
6.3494E-05 2.0000E-04
8.1972E-05 2.0000E-04
1.3697E-04 2.0000E-04
7.5833E-05 2.0000E-04
6.4088E-05 2.0000E-04
7.2506E-05 2.0000E-04
1.6393E-04 2.0000E-04
6.5327E-05 2.0000E-04
5.8506E-05 2.0000E-04
6.9767E-05 2.0000E-04
1.3924E-04 2.0000E-04
6.5940E-05 2.0000E-04
5.2005E-05 2.0000E-04
6.7347E-05 2.0000E-04
1.1761E-04 2.0000E-04
6.0408E-05 2.0000E-04
5.2056E-05 2.0000E-04
6.4613E-05 2.0000E-04
1.2486E-04 2.0000E-04
5.9510E-05 2.0000E-04
4.8086E-05 2.0000E-04
6.0160E-05 2.0000E-04
9.7274E-05 2.0000E-04
5.7796E-05 2.0000E-04
4.5833E-05 2.0000E-04
5.9158E-05 2.0000E-04
7.1349E-05 2.0000E-04
5.5371E-05 2.0000E-04
5.9613E-05 2.0000E-04
5.3411E-05 2.0000E-04
5.0417E-05 2.0000E-04
8.5497E-05 2.0000E-04
4.9143E-05 2.0000E-04
4.6081E-05 2.0000E-04
5.7831E-05 2.0000E-04
5.7831E-05 2.0000E-04
1.0547E-04 2.0000E-04
4.5007E-05 2.0000E-04
3.5105E-05 2.0000E-04
4.5791E-05 2.0000E-04
5.5444E-05 2.0000E-04
1.2579E-04 2.0000E-04
3.7522E-05 2.0000E-04
3.0108E-05 2.0000E-04
4.5901E-05 2.0000E-04
7.9771E-05 2.0000E-04
4.1714E-05 2.0000E-04
3.5526E-05 2.0000E-04
4.4121E-05 2.0000E-04
7.7068E-05 2.0000E-04
4.2151E-05 2.0000E-04
3.4929E-05 2.0000E-04
4.5058E-05 2.0000E-04
6.4243E-05 2.0000E-04
4.1690E-05 2.0000E-04
3.7977E-05 2.0000E-04
4.5772E-05 2.0000E-04
4.4414E-05 2.0000E-04
5.8410E-05 2.0000E-04
3.6327E-05 2.0000E-04
3.6257E-05 2.0000E-04
4.4412E-05 2.0000E-04
5.4877E-05 2.0000E-04
3.4810E-05 2.0000E-04
3.6014E-05 2.0000E-04
4.4416E-05 2.0000E-04
4.1211E-05 2.0000E-04
3.7070E-05 2.0000E-04
3.5704E-05 2.0000E-04
4.4667E-05 2.0000E-04
3.8861E-05 2.0000E-04
3.1287E-05 2.0000E-04
3.6196E-05 2.0000E-04
4.2303E-05 2.0000E-04
3.1163E-05 2.0000E-04
3.5346E-05 2.0000E-04
3.9550E-05 2.0000E-04
3.1729E-05 2.0000E-04
3.3761E-05 2.0000E-04
4.0726E-05 2.0000E-04
3.1601E-05 2.0000E-04
2.8964E-05 2.0000E-04
4.3236E-05 2.0000E-04
3.3142E-05 2.0000E-04
3.2708E-05 2.0000E-04
3.6290E-05 2.0000E-04
3.0983E-05 2.0000E-04
3.6452E-05 2.0000E-04
4.5789E-05 2.0000E-04
3.1554E-05 2.0000E-04
2.7052E-05 2.0000E-04
3.5453E-05 2.0000E-04
3.1790E-05 2.0000E-04
4.5019E-05 2.0000E-04
2.8305E-05 2.0000E-04
2.7185E-05 2.0000E-04
3.3430E-05 2.0000E-04
2.9614E-05 2.0000E-04
3.0885E-05 2.0000E-04
2.8295E-05 2.0000E-04
3.2277E-05 2.0000E-04
3.3422E-05 2.0000E-04
2.8983E-05 2.0000E-04
3.1269E-05 2.0000E-04
5.2843E-05 2.0000E-04
2.8260E-05 2.0000E-04
2.8711E-05 2.0000E-04
3.6547E-05 2.0000E-04
3.8041E-05 2.0000E-04
3.2610E-05 2.0000E-04
3.1917E-05 2.0000E-04
4.1355E-05 2.0000E-04
3.5073E-05 2.0000E-04
3.1565E-05 2.0000E-04
4.0379E-05 2.0000E-04
5.3026E-05 2.0000E-04
3.6592E-05 2.0000E-04
3.5527E-05 2.0000E-04
5.8425E-05 2.0000E-04
4.7257E-05 2.0000E-04
7.7005E-05 2.0000E-04
4.9614E-05 2.0000E-04
4.1959E-05 2.0000E-04
4.4164E-05 2.0000E-04
7.1999E-05 2.0000E-04
6.2309E-05 2.0000E-04
5.0783E-05 2.0000E-04
5.8436E-05 2.0000E-04
8.5690E-05 2.0000E-04
1.3067E-04 2.0000E-04
7.0898E-05 2.0000E-04
4.9832E-05 2.0000E-04
6.4747E-05 2.0000E-04
9.5952E-05 2.0000E-04
8.4812E-05 2.0000E-04
6.4951E-05 2.0000E-04
7.1857E-05 2.0000E-04
1.0491E-04 2.0000E-04
1.6937E-04 2.0000E-04
9.8487E-05 2.0000E-04
5.4110E-05 2.0000E-04
5.8345E-05 2.0000E-04
9.2770E-05 2.0000E-04
1.7545E-04 2.0000E-04
6.5407E-05 2.0000E-04
5.0981E-05 2.0000E-04
6.9157E-05 2.0000E-04
1.1324E-04 2.0000E-04
6.6861E-05 2.0000E-04
5.1149E-05 2.0000E-04
7.2906E-05 2.0000E-04
9.6273E-05 2.0000E-04
6.1099E-05 2.0000E-04
5.8295E-05 2.0000E-04
6.3580E-05 2.0000E-04
5.8362E-05 2.0000E-04
1.2713E-04 2.0000E-04
5.1552E-05 2.0000E-04
4.6620E-05 2.0000E-04
5.6189E-05 2.0000E-04
8.5683E-05 2.0000E-04
5.6602E-05 2.0000E-04
4.2520E-05 2.0000E-04
5.6597E-05 2.0000E-04
7.0667E-05 2.0000E-04
5.4696E-05 2.0000E-04
6.5963E-05 2.0000E-04
5.4594E-05 2.0000E-04
5.3649E-05 2.0000E-04
6.2353E-05 2.0000E-04
8.4966E-05 2.0000E-04
5.3560E-05 2.0000E-04
4.8565E-05 2.0000E-04
5.8312E-05 2.0000E-04
7.8246E-05 2.0000E-04
6.1090E-05 2.0000E-04
5.5766E-05 2.0000E-04
6.3898E-05 2.0000E-04
8.3172E-05 2.0000E-04
6.0099E-05 2.0000E-04
6.2700E-05 2.0000E-04
7.2489E-05 2.0000E-04
6.3153E-05 2.0000E-04
1.0320E-04 2.0000E-04
6.6549E-05 2.0000E-04
6.0485E-05 2.0000E-04
9.7989E-05 2.0000E-04
7.2216E-05 2.0000E-04
5.6785E-05 2.0000E-04
7.4855E-05 2.0000E-04
9.0303E-05 2.0000E-04
6.6323E-05 2.0000E-04
8.5203E-05 2.0000E-04
6.8991E-05 2.0000E-04
5.5473E-05 2.0000E-04
7.2310E-05 2.0000E-04
8.9712E-05 2.0000E-04
6.5572E-05 2.0000E-04
5.8135E-05 2.0000E-04
6.9379E-05 2.0000E-04
5.3258E-05 2.0000E-04
7.2904E-05 2.0000E-04
7.8234E-05 2.0000E-04
5.3613E-05 2.0000E-04
5.6794E-05 2.0000E-04
6.8134E-05 2.0000E-04
5.0943E-05 2.0000E-04
6.6555E-05 2.0000E-04
6.7673E-05 2.0000E-04
4.9928E-05 2.0000E-04
5.2081E-05 2.0000E-04
6.9691E-05 2.0000E-04
5.0566E-05 2.0000E-04
4.6463E-05 2.0000E-04
6.7038E-05 2.0000E-04
4.8388E-05 2.0000E-04
4.6907E-05 2.0000E-04
5.3483E-05 2.0000E-04
4.3789E-05 2.0000E-04
6.3901E-05 2.0000E-04
5.7249E-05 2.0000E-04
4.2732E-05 2.0000E-04
4.5535E-05 2.0000E-04
4.9031E-05 2.0000E-04
3.6843E-05 2.0000E-04
6.1050E-05 2.0000E-04
5.7420E-05 2.0000E-04
3.9926E-05 2.0000E-04
3.5234E-05 2.0000E-04
4.9926E-05 2.0000E-04
4.0169E-05 2.0000E-04
6.1342E-05 2.0000E-04
3.8094E-05 2.0000E-04
3.6694E-05 2.0000E-04
4.9225E-05 2.0000E-04
6.5842E-05 2.0000E-04
3.4154E-05 2.0000E-04
3.4112E-05 2.0000E-04
3.8197E-05 2.0000E-04
7.8595E-05 2.0000E-04
3.7527E-05 2.0000E-04
3.3051E-05 2.0000E-04
4.0608E-05 2.0000E-04
8.5941E-05 2.0000E-04
3.8181E-05 2.0000E-04
3.7062E-05 2.0000E-04
4.0265E-05 2.0000E-04
3.9207E-05 2.0000E-04
5.0235E-05 2.0000E-04
3.7854E-05 2.0000E-04
3.5707E-05 2.0000E-04
4.7694E-05 2.0000E-04
6.0488E-05 2.0000E-04
3.7222E-05 2.0000E-04
3.7070E-05 2.0000E-04
4.5454E-05 2.0000E-04
4.3546E-05 2.0000E-04
5.0012E-05 2.0000E-04
4.3734E-05 2.0000E-04
4.4646E-05 2.0000E-04
5.7872E-05 2.0000E-04
4.1857E-05 2.0000E-04
3.7199E-05 2.0000E-04
4.8375E-05 2.0000E-04
4.8473E-05 2.0000E-04
3.9523E-05 2.0000E-04
4.9128E-05 2.0000E-04
5.4038E-05 2.0000E-04
4.1178E-05 2.0000E-04
4.6829E-05 2.0000E-04
6.5625E-05 2.0000E-04
4.6973E-05 2.0000E-04
3.6989E-05 2.0000E-04
4.0194E-05 2.0000E-04
4.8352E-05 2.0000E-04
4.7933E-05 2.0000E-04
3.7524E-05 2.0000E-04
4.3244E-05 2.0000E-04
4.6632E-05 2.0000E-04
5.2105E-05 2.0000E-04
3.8427E-05 2.0000E-04
4.1984E-05 2.0000E-04
5.2878E-05 2.0000E-04
7.1297E-05 2.0000E-04
6.4720E-05 2.0000E-04
3.7865E-05 2.0000E-04
3.9452E-05 2.0000E-04
4.9743E-05 2.0000E-04
8.1458E-05 2.0000E-04
4.5225E-05 2.0000E-04
3.7160E-05 2.0000E-04
4.2474E-05 2.0000E-04
1.0069E-04 2.0000E-04
5.6033E-05 2.0000E-04
1.0316E-04 2.0000E-04
3.7292E-05 2.0000E-04
3.7292E-05 2.0000E-04
3.2372E-05 2.0000E-04
4.8222E-05 2.0000E-04
7.3524E-05 2.0000E-04
5.8708E-05 2.0000E-04
4.7913E-05 2.0000E-04
7.0847E-05 2.0000E-04
6.5304E-05 2.0000E-04
5.5757E-05 2.0000E-04
8.0119E-05 2.0000E-04
8.0596E-05 2.0000E-04
1.0683E-04 2.0000E-04
6.6672E-05 2.0000E-04
6.9606E-05 2.0000E-04
9.1082E-05 2.0000E-04
8.4322E-05 2.0000E-04
1.4107E-04 2.0000E-04
8.3169E-05 2.0000E-04
1.7878E-04 2.0000E-04
9.2508E-05 2.0000E-04
7.2892E-05 2.0000E-04
1.2947E-04 2.0000E-04
2.6565E-04 2.0000E-04
1.3593E-04 2.0000E-04
1.3162E-04 2.0000E-04
1.3831E-04 2.0000E-04
1.5440E-04 2.0000E-04
1.8538E-04 2.0000E-04
2.0974E-04 2.0000E-04
1.8801E-04 2.0000E-04
9.8043E-05 2.0000E-04
1.2937E-04 2.0000E-04
1.4800E-04 2.0000E-04
2.7343E-04 2.0000E-04
1.0704E-04 2.0000E-04
8.6441E-05 2.0000E-04
1.1136E-04 2.0000E-04
2.9721E-04 2.0000E-04
9.7519E-05 2.0000E-04
7.5110E-05 2.0000E-04
1.6901E-04 2.0000E-04
1.2870E-04 2.0000E-04
8.1390E-05 2.0000E-04
8.8582E-05 2.0000E-04
1.2765E-04 2.0000E-04
8.5440E-05 2.0000E-04
8.3936E-05 2.0000E-04
1.2467E-04 2.0000E-04
7.8635E-05 2.0000E-04
7.0660E-05 2.0000E-04
8.3316E-05 2.0000E-04
1.4302E-04 2.0000E-04
6.9303E-05 2.0000E-04
6.1800E-05 2.0000E-04
7.8538E-05 2.0000E-04
1.1631E-04 2.0000E-04
6.2268E-05 2.0000E-04
6.0140E-05 2.0000E-04
6.7364E-05 2.0000E-04
9.3803E-05 2.0000E-04
6.5050E-05 2.0000E-04
4.8103E-05 2.0000E-04
5.5577E-05 2.0000E-04
9.2542E-05 2.0000E-04
5.3935E-05 2.0000E-04
4.8374E-05 2.0000E-04
6.9384E-05 2.0000E-04
6.4245E-05 2.0000E-04
6.0482E-05 2.0000E-04
5.8700E-05 2.0000E-04
5.2644E-05 2.0000E-04
5.1002E-05 2.0000E-04
8.5013E-05 2.0000E-04
5.6009E-05 2.0000E-04
6.0438E-05 2.0000E-04
5.5772E-05 2.0000E-04
6.7364E-05 2.0000E-04
5.2400E-05 2.0000E-04
5.3443E-05 2.0000E-04
6.4257E-05 2.0000E-04
4.7869E-05 2.0000E-04
5.2898E-05 2.0000E-04
5.6595E-05 2.0000E-04
4.7445E-05 2.0000E-04
6.4628E-05 2.0000E-04
6.4813E-05 2.0000E-04
4.8336E-05 2.0000E-04
4.4238E-05 2.0000E-04
3.8891E-05 2.0000E-04
3.7022E-05 2.0000E-04
7.5374E-05 2.0000E-04
3.8029E-05 2.0000E-04
3.4063E-05 2.0000E-04
4.0363E-05 2.0000E-04
8.3569E-05 2.0000E-04
3.6870E-05 2.0000E-04
3.2030E-05 2.0000E-04
3.9177E-05 2.0000E-04
8.1224E-05 2.0000E-04
3.8482E-05 2.0000E-04
3.0611E-05 2.0000E-04
4.1184E-05 2.0000E-04
4.8688E-05 2.0000E-04
4.0962E-05 2.0000E-04
3.9970E-05 2.0000E-04
4.0059E-05 2.0000E-04
3.8123E-05 2.0000E-04
6.3798E-05 2.0000E-04
3.8207E-05 2.0000E-04
3.4508E-05 2.0000E-04
4.1719E-05 2.0000E-04
6.6697E-05 2.0000E-04
4.0287E-05 2.0000E-04
3.5727E-05 2.0000E-04
4.0868E-05 2.0000E-04
6.1124E-05 2.0000E-04
3.9989E-05 2.0000E-04
4.1542E-05 2.0000E-04
5.1992E-05 2.0000E-04
4.5562E-05 2.0000E-04
4.4050E-05 2.0000E-04
4.9829E-05 2.0000E-04
6.4253E-05 2.0000E-04
4.7343E-05 2.0000E-04
5.8542E-05 2.0000E-04
6.2634E-05 2.0000E-04
5.2736E-05 2.0000E-04
6.7154E-05 2.0000E-04
6.7286E-05 2.0000E-04
5.9147E-05 2.0000E-04
9.8276E-05 2.0000E-04
6.9962E-05 2.0000E-04
8.1411E-05 2.0000E-04
8.3958E-05 2.0000E-04
1.3578E-04 2.0000E-04
9.6049E-05 2.0000E-04
8.9317E-05 2.0000E-04
1.0726E-04 2.0000E-04
1.2185E-04 2.0000E-04
1.4546E-04 2.0000E-04
1.1348E-04 2.0000E-04
2.0392E-04 2.0000E-04
1.0755E-04 2.0000E-04
9.0369E-05 2.0000E-04
1.5527E-04 2.0000E-04
1.9632E-04 2.0000E-04
1.3421E-04 2.0000E-04
2.9471E-04 2.0000E-04
2.8226E-04 2.0000E-04
1.0683E-04 2.0000E-04
1.2748E-04 2.0000E-04
2.4589E-04 2.0000E-04
1.9643E-04 2.0000E-04
1.9543E-04 2.0000E-04
1.8336E-04 2.0000E-04
1.3807E-04 2.0000E-04
2.7605E-04 2.0000E-04
1.5352E-04 2.0000E-04
1.1519E-04 2.0000E-04
2.4349E-04 2.0000E-04
2.0207E-04 2.0000E-04
1.6932E-04 2.0000E-04
3.1047E-04 2.0000E-04
2.0410E-04 2.0000E-04
1.9863E-04 2.0000E-04
1.5630E-04 2.0000E-04
1.3511E-04 2.0000E-04
2.1150E-04 2.0000E-04
2.8365E-04 2.0000E-04
1.3854E-04 2.0000E-04
1.5372E-04 2.0000E-04
1.4612E-04 2.0000E-04
1.5404E-04 2.0000E-04
1.8664E-04 2.0000E-04
1.5450E-04 2.0000E-04
1.4327E-04 2.0000E-04
1.4344E-04 2.0000E-04
2.7323E-04 2.0000E-04
1.3702E-04 2.0000E-04
1.1679E-04 2.0000E-04
1.4211E-04 2.0000E-04
3.4509E-04 2.0000E-04
1.4270E-04 2.0000E-04
1.7627E-04 2.0000E-04
1.3887E-04 2.0000E-04
1.3195E-04 2.0000E-04
1.7360E-04 2.0000E-04
2.0193E-04 2.0000E-04
1.3392E-04 2.0000E-04
1.3108E-04 2.0000E-04
1.5803E-04 2.0000E-04
1.3987E-04 2.0000E-04
1.5776E-04 2.0000E-04
1.2766E-04 2.0000E-04
1.3320E-04 2.0000E-04
1.7690E-04 2.0000E-04
1.1551E-04 2.0000E-04
1.1377E-04 2.0000E-04
1.4658E-04 2.0000E-04
1.3035E-04 2.0000E-04
1.6348E-04 2.0000E-04
1.1677E-04 2.0000E-04
1.1910E-04 2.0000E-04
1.2603E-04 2.0000E-04
1.3382E-04 2.0000E-04
1.3793E-04 2.0000E-04
1.0680E-04 2.0000E-04
1.0929E-04 2.0000E-04
1.7665E-04 2.0000E-04
1.1343E-04 2.0000E-04
1.0481E-04 2.0000E-04
1.4226E-04 2.0000E-04
1.4105E-04 2.0000E-04
1.2711E-04 2.0000E-04
1.1655E-04 2.0000E-04
1.4101E-04 2.0000E-04
1.4959E-04 2.0000E-04
1.3402E-04 2.0000E-04
1.2995E-04 2.0000E-04
1.7549E-04 2.0000E-04
1.4861E-04 2.0000E-04
1.2753E-04 2.0000E-04
1.3428E-04 2.0000E-04
1.4523E-04 2.0000E-04
1.3402E-04 2.0000E-04
1.9886E-04 2.0000E-04
1.2764E-04 2.0000E-04
1.5001E-04 2.0000E-04
1.8090E-04 2.0000E-04
1.4791E-04 2.0000E-04
1.3258E-04 2.0000E-04
1.3668E-04 2.0000E-04
2.4454E-04 2.0000E-04
1.3142E-04 2.0000E-04
1.1708E-04 2.0000E-04
1.2689E-04 2.0000E-04
1.3024E-04 2.0000E-04
1.6110E-04 2.0000E-04
1.0900E-04 2.0000E-04
1.0108E-04 2.0000E-04
1.1622E-04 2.0000E-04
1.2619E-04 2.0000E-04
9.3735E-05 2.0000E-04
9.5163E-05 2.0000E-04
1.2321E-04 2.0000E-04
9.5549E-05 2.0000E-04
8.2050E-05 2.0000E-04
9.6846E-05 2.0000E-04
1.1609E-04 2.0000E-04
7.9765E-05 2.0000E-04
8.2438E-05 2.0000E-04
9.4754E-05 2.0000E-04
8.2552E-05 2.0000E-04
1.5449E-04 2.0000E-04
7.8880E-05 2.0000E-04
7.3690E-05 2.0000E-04
9.7403E-05 2.0000E-04
1.8628E-04 2.0000E-04
8.1267E-05 2.0000E-04
6.2758E-05 2.0000E-04
8.5350E-05 2.0000E-04
9.9693E-05 2.0000E-04
1.6807E-04 2.0000E-04
8.3250E-05 2.0000E-04
7.6420E-05 2.0000E-04
1.0545E-04 2.0000E-04
1.8328E-04 2.0000E-04
9.6513E-05 2.0000E-04
9.4738E-05 2.0000E-04
1.2566E-04 2.0000E-04
1.8876E-04 2.0000E-04
1.2886E-04 2.0000E-04
1.1750E-04 2.0000E-04
1.5080E-04 2.0000E-04
1.8802E-04 2.0000E-04
1.5895E-04 2.0000E-04
1.7992E-04 2.0000E-04
2.7388E-04 2.0000E-04
1.8925E-04 2.0000E-04
1.4491E-04 2.0000E-04
2.1031E-04 2.0000E-04
2.9426E-04 2.0000E-04
2.4518E-04 2.0000E-04
4.9953E-04 2.0000E-04
4.9953E-04 2.0000E-04
4.9954E-04 2.0000E-04
1.9568E-04 2.0000E-04
1.7080E-04 2.0000E-04
2.1769E-04 2.0000E-04
2.1814E-04 2.0000E-04
3.1561E-04 2.0000E-04
2.3860E-04 2.0000E-04
1.4774E-04 2.0000E-04
1.6811E-04 2.0000E-04
2.4114E-04 2.0000E-04
2.1906E-04 2.0000E-04
2.6296E-04 2.0000E-04
1.5751E-04 2.0000E-04
1.5626E-04 2.0000E-04
2.1180E-04 2.0000E-04
1.8672E-04 2.0000E-04
1.2649E-04 2.0000E-04
1.2595E-04 2.0000E-04
1.6475E-04 2.0000E-04
1.5151E-04 2.0000E-04
1.0033E-04 2.0000E-04
1.0189E-04 2.0000E-04
1.5177E-04 2.0000E-04
9.6099E-05 2.0000E-04
7.8977E-05 2.0000E-04
8.4397E-05 2.0000E-04
7.9055E-05 2.0000E-04
1.9493E-04 2.0000E-04
7.0561E-05 2.0000E-04
5.8534E-05 2.0000E-04
7.3043E-05 2.0000E-04
1.1172E-04 2.0000E-04
7.7912E-05 2.0000E-04
5.9239E-05 2.0000E-04
7.8648E-05 2.0000E-04
1.0403E-04 2.0000E-04
7.2047E-05 2.0000E-04
6.4928E-05 2.0000E-04
7.1687E-05 2.0000E-04
5.9608E-05 2.0000E-04
1.4148E-04 2.0000E-04
5.9518E-05 2.0000E-04
5.0950E-05 2.0000E-04
5.9233E-05 2.0000E-04
9.5149E-05 2.0000E-04
5.2710E-05 2.0000E-04
4.3479E-05 2.0000E-04
5.7230E-05 2.0000E-04
6.7750E-05 2.0000E-04
4.4194E-05 2.0000E-04
4.7416E-05 2.0000E-04
5.4904E-05 2.0000E-04
5.8631E-05 2.0000E-04
7.1979E-05 2.0000E-04
4.3472E-05 2.0000E-04
4.2341E-05 2.0000E-04
4.6415E-05 2.0000E-04
6.3287E-05 2.0000E-04
4.1070E-05 2.0000E-04
4.2303E-05 2.0000E-04
5.3112E-05 2.0000E-04
7.8894E-05 2.0000E-04
5.0256E-05 2.0000E-04
6.0909E-05 2.0000E-04
4.7309E-05 2.0000E-04
4.0187E-05 2.0000E-04
5.4786E-05 2.0000E-04
5.8470E-05 2.0000E-04
4.8490E-05 2.0000E-04
5.3259E-05 2.0000E-04
7.0105E-05 2.0000E-04
4.9774E-05 2.0000E-04
8.3353E-05 2.0000E-04
6.2423E-05 2.0000E-04
4.5308E-05 2.0000E-04
4.7623E-05 2.0000E-04
6.5716E-05 2.0000E-04
6.1998E-05 2.0000E-04
7.3375E-05 2.0000E-04
5.0707E-05 2.0000E-04
4.9515E-05 2.0000E-04
9.5892E-05 2.0000E-04
7.3559E-05 2.0000E-04
5.0299E-05 2.0000E-04
5.6724E-05 2.0000E-04
6.0175E-05 2.0000E-04
1.3593E-04 2.0000E-04
5.1880E-05 2.0000E-04
4.1541E-05 2.0000E-04
6.3666E-05 2.0000E-04
1.0167E-04 2.0000E-04
5.7135E-05 2.0000E-04
5.8309E-05 2.0000E-04
5.9019E-05 2.0000E-04
9.8013E-05 2.0000E-04
6.8711E-05 2.0000E-04
6.7957E-05 2.0000E-04
6.1214E-05 2.0000E-04
5.4007E-05 2.0000E-04
5.1032E-05 2.0000E-04
7.4029E-05 2.0000E-04
6.3927E-05 2.0000E-04
5.2877E-05 2.0000E-04
7.1857E-05 2.0000E-04
6.0587E-05 2.0000E-04
4.4400E-05 2.0000E-04
5.9063E-05 2.0000E-04
7.1636E-05 2.0000E-04
5.5683E-05 2.0000E-04
7.6618E-05 2.0000E-04
5.6495E-05 2.0000E-04
5.0175E-05 2.0000E-04
6.7377E-05 2.0000E-04
9.4667E-05 2.0000E-04
5.5312E-05 2.0000E-04
4.4519E-05 2.0000E-04
4.9499E-05 2.0000E-04
7.1652E-05 2.0000E-04
5.7088E-05 2.0000E-04
4.5248E-05 2.0000E-04
5.0383E-05 2.0000E-04
6.2972E-05 2.0000E-04
4.7956E-05 2.0000E-04
5.2080E-05 2.0000E-04
5.9312E-05 2.0000E-04
4.6744E-05 2.0000E-04
6.1535E-05 2.0000E-04
5.8801E-05 2.0000E-04
4.8036E-05 2.0000E-04
4.3642E-05 2.0000E-04
4.4638E-05 2.0000E-04
4.0985E-05 2.0000E-04
5.7210E-05 2.0000E-04
4.1293E-05 2.0000E-04
3.6829E-05 2.0000E-04
4.7352E-05 2.0000E-04
5.7069E-05 2.0000E-04
4.0555E-05 2.0000E-04
3.8398E-05 2.0000E-04
6.3206E-05 2.0000E-04
4.2715E-05 2.0000E-04
3.9471E-05 2.0000E-04
5.3985E-05 2.0000E-04
4.3680E-05 2.0000E-04
4.9003E-05 2.0000E-04
5.9721E-05 2.0000E-04
4.2884E-05 2.0000E-04
4.2754E-05 2.0000E-04
5.7468E-05 2.0000E-04
4.6495E-05 2.0000E-04
5.4521E-05 2.0000E-04
6.5915E-05 2.0000E-04
4.5170E-05 2.0000E-04
4.1308E-05 2.0000E-04
5.4018E-05 2.0000E-04
4.7026E-05 2.0000E-04
7.6113E-05 2.0000E-04
4.2449E-05 2.0000E-04
3.9936E-05 2.0000E-04
4.9660E-05 2.0000E-04
9.0717E-05 2.0000E-04
4.5052E-05 2.0000E-04
4.1612E-05 2.0000E-04
4.9974E-05 2.0000E-04
9.8373E-05 2.0000E-04
4.9619E-05 2.0000E-04
3.9562E-05 2.0000E-04
5.2507E-05 2.0000E-04
8.8583E-05 2.0000E-04
5.6010E-05 2.0000E-04
4.4934E-05 2.0000E-04
6.0938E-05 2.0000E-04
6.6793E-05 2.0000E-04
6.3275E-05 2.0000E-04
5.2012E-05 2.0000E-04
6.2289E-05 2.0000E-04
7.8940E-05 2.0000E-04
8.2746E-05 2.0000E-04
6.6339E-05 2.0000E-04
6.8439E-05 2.0000E-04
7.2325E-05 2.0000E-04
9.2326E-05 2.0000E-04
9.6578E-05 2.0000E-04
7.4371E-05 2.0000E-04
9.3562E-05 2.0000E-04
1.0365E-04 2.0000E-04
1.0229E-04 2.0000E-04
1.2046E-04 2.0000E-04
1.3134E-04 2.0000E-04
1.4449E-04 2.0000E-04
1.3320E-04 2.0000E-04
1.1907E-04 2.0000E-04
1.1850E-04 2.0000E-04
1.6827E-04 2.0000E-04
1.2793E-04 2.0000E-04
1.1797E-04 2.0000E-04
1.6847E-04 2.0000E-04
1.9174E-04 2.0000E-04
1.6790E-04 2.0000E-04
9.2722E-05 2.0000E-04
9.0564E-05 2.0000E-04
1.3065E-04 2.0000E-04
1.2850E-04 2.0000E-04
8.9486E-05 2.0000E-04
9.4547E-05 2.0000E-04
1.1506E-04 2.0000E-04
8.3265E-05 2.0000E-04
9.9070E-05 2.0000E-04
7.9629E-05 2.0000E-04
7.4674E-05 2.0000E-04
1.1813E-04 2.0000E-04
7.1611E-05 2.0000E-04
6.2169E-05 2.0000E-04
7.6546E-05 2.0000E-04
1.1106E-04 2.0000E-04
6.1360E-05 2.0000E-04
5.7176E-05 2.0000E-04
6.5460E-05 2.0000E-04
9.2047E-05 2.0000E-04
5.5381E-05 2.0000E-04
5.5804E-05 2.0000E-04
7.1420E-05 2.0000E-04
7.7383E-05 2.0000E-04
5.3492E-05 2.0000E-04
5.4630E-05 2.0000E-04
6.8879E-05 2.0000E-04
5.7366E-05 2.0000E-04
7.9192E-05 2.0000E-04
5.7238E-05 2.0000E-04
5.4682E-05 2.0000E-04
8.2374E-05 2.0000E-04
7.0924E-05 2.0000E-04
5.3252E-05 2.0000E-04
6.5167E-05 2.0000E-04
7.1027E-05 2.0000E-04
5.5074E-05 2.0000E-04
6.6032E-05 2.0000E-04
8.3467E-05 2.0000E-04
6.0795E-05 2.0000E-04
7.1584E-05 2.0000E-04
7.3378E-05 2.0000E-04
6.2254E-05 2.0000E-04
8.8020E-05 2.0000E-04
7.7529E-05 2.0000E-04
6.7587E-05 2.0000E-04
6.9274E-05 2.0000E-04
6.7775E-05 2.0000E-04
5.9948E-05 2.0000E-04
8.6380E-05 2.0000E-04
9.6345E-05 2.0000E-04
6.6941E-05 2.0000E-04
7.5258E-05 2.0000E-04
1.0330E-04 2.0000E-04
1.5604E-04 2.0000E-04
1.1119E-04 2.0000E-04
7.1067E-05 2.0000E-04
8.8254E-05 2.0000E-04
1.0696E-04 2.0000E-04
1.9665E-04 2.0000E-04
9.7790E-05 2.0000E-04
7.7265E-05 2.0000E-04
2.0878E-04 2.0000E-04
9.2281E-05 2.0000E-04
7.4137E-05 2.0000E-04
1.0547E-04 2.0000E-04
1.5953E-04 2.0000E-04
9.7383E-05 2.0000E-04
1.0854E-04 2.0000E-04
1.3447E-04 2.0000E-04
9.6357E-05 2.0000E-04
1.0952E-04 2.0000E-04
8.3061E-05 2.0000E-04
8.2629E-05 2.0000E-04
1.5881E-04 2.0000E-04
7.6952E-05 2.0000E-04
7.6842E-05 2.0000E-04
9.3621E-05 2.0000E-04
2.3017E-04 2.0000E-04
8.1410E-05 2.0000E-04
8.1648E-05 2.0000E-04
1.4730E-04 2.0000E-04
8.0311E-05 2.0000E-04
8.0080E-05 2.0000E-04
8.8917E-05 2.0000E-04
1.1536E-04 2.0000E-04
1.2579E-04 2.0000E-04
6.7108E-05 2.0000E-04
7.5178E-05 2.0000E-04
9.0435E-05 2.0000E-04
1.3888E-04 2.0000E-04
7.7740E-05 2.0000E-04
7.3944E-05 2.0000E-04
8.8408E-05 2.0000E-04
1.5827E-04 2.0000E-04
1.0084E-04 2.0000E-04
1.2295E-04 2.0000E-04
8.8869E-05 2.0000E-04
8.6055E-05 2.0000E-04
1.1382E-04 2.0000E-04
1.2234E-04 2.0000E-04
1.1702E-04 2.0000E-04
1.1986E-04 2.0000E-04
1.2888E-04 2.0000E-04
2.2547E-04 2.0000E-04
2.7772E-04 2.0000E-04
1.3739E-04 2.0000E-04
1.3893E-04 2.0000E-04
1.6806E-04 2.0000E-04
2.6518E-04 2.0000E-04
2.0189E-04 2.0000E-04
1.4705E-04 2.0000E-04
3.5516E-04 2.0000E-04
1.7314E-04 2.0000E-04
1.2516E-04 2.0000E-04
1.5913E-04 2.0000E-04
2.1366E-04 2.0000E-04
1.5122E-04 2.0000E-04
1.6835E-04 2.0000E-04
2.3317E-04 2.0000E-04
1.6052E-04 2.0000E-04
1.7993E-04 2.0000E-04
1.8689E-04 2.0000E-04
1.4314E-04 2.0000E-04
1.4966E-04 2.0000E-04
2.1557E-04 2.0000E-04
1.4378E-04 2.0000E-04
1.3542E-04 2.0000E-04
1.8948E-04 2.0000E-04
1.4656E-04 2.0000E-04
1.5254E-04 2.0000E-04
1.3532E-04 2.0000E-04
1.4074E-04 2.0000E-04
1.9953E-04 2.0000E-04
1.4281E-04 2.0000E-04
1.2455E-04 2.0000E-04
1.4681E-04 2.0000E-04
2.5491E-04 2.0000E-04
1.1906E-04 2.0000E-04
1.0427E-04 2.0000E-04
1.3661E-04 2.0000E-04
1.5240E-04 2.0000E-04
9.8770E-05 2.0000E-04
1.0484E-04 2.0000E-04
1.3984E-04 2.0000E-04
1.0751E-04 2.0000E-04
9.6701E-05 2.0000E-04
1.1727E-04 2.0000E-04
1.1381E-04 2.0000E-04
9.7940E-05 2.0000E-04
1.0162E-04 2.0000E-04
1.0383E-04 2.0000E-04
8.9852E-05 2.0000E-04
1.1310E-04 2.0000E-04
8.9824E-05 2.0000E-04
7.8482E-05 2.0000E-04
1.0575E-04 2.0000E-04
9.0707E-05 2.0000E-04
7.6114E-05 2.0000E-04
9.7682E-05 2.0000E-04
1.1670E-04 2.0000E-04
6.3427E-05 2.0000E-04
5.3188E-05 2.0000E-04
6.3550E-05 2.0000E-04
9.8643E-05 2.0000E-04
5.3925E-05 2.0000E-04
4.6061E-05 2.0000E-04
5.4675E-05 2.0000E-04
6.8702E-05 2.0000E-04
4.4779E-05 2.0000E-04
4.1720E-05 2.0000E-04
4.5212E-05 2.0000E-04
4.2328E-05 2.0000E-04
8.1306E-05 2.0000E-04
3.6932E-05 2.0000E-04
3.2429E-05 2.0000E-04
4.0091E-05 2.0000E-04
7.5286E-05 2.0000E-04
3.8223E-05 2.0000E-04
3.1347E-05 2.0000E-04
3.8719E-05 2.0000E-04
7.1129E-05 2.0000E-04
3.8047E-05 2.0000E-04
3.0685E-05 2.0000E-04
3.9134E-05 2.0000E-04
6.1894E-05 2.0000E-04
3.8655E-05 2.0000E-04
3.3100E-05 2.0000E-04
4.5393E-05 2.0000E-04
3.7621E-05 2.0000E-04
3.6377E-05 2.0000E-04
5.5611E-05 2.0000E-04
3.4516E-05 2.0000E-04
3.1705E-05 2.0000E-04
3.6179E-05 2.0000E-04
5.2055E-05 2.0000E-04
3.1260E-05 2.0000E-04
2.9700E-05 2.0000E-04
3.3392E-05 2.0000E-04
5.4112E-05 2.0000E-04
2.6431E-05 2.0000E-04
2.4612E-05 2.0000E-04
2.7222E-05 2.0000E-04
5.2963E-05 2.0000E-04
2.3537E-05 2.0000E-04
2.0423E-05 2.0000E-04
2.4967E-05 2.0000E-04
4.1752E-05 2.0000E-04
2.3329E-05 2.0000E-04
1.9574E-05 2.0000E-04
2.3968E-05 2.0000E-04
2.9277E-05 2.0000E-04
1.8961E-05 2.0000E-04
1.8763E-05 2.0000E-04
2.6779E-05 2.0000E-04
2.3007E-05 2.0000E-04
2.7902E-05 2.0000E-04
2.1187E-05 2.0000E-04
1.9723E-05 2.0000E-04
2.6313E-05 2.0000E-04
3.7549E-05 2.0000E-04
1.8807E-05 2.0000E-04
1.6738E-05 2.0000E-04
2.0325E-05 2.0000E-04
3.5647E-05 2.0000E-04
1.8153E-05 2.0000E-04
1.7209E-05 2.0000E-04
2.0196E-05 2.0000E-04
3.9065E-05 2.0000E-04
1.9048E-05 2.0000E-04
1.5817E-05 2.0000E-04
1.8493E-05 2.0000E-04
3.2335E-05 2.0000E-04
1.7867E-05 2.0000E-04
1.4636E-05 2.0000E-04
1.7735E-05 2.0000E-04
2.3312E-05 2.0000E-04
1.6065E-05 2.0000E-04
1.4609E-05 2.0000E-04
2.0711E-05 2.0000E-04
1.7330E-05 2.0000E-04
1.8446E-05 2.0000E-04
1.6866E-05 2.0000E-04
1.5300E-05 2.0000E-04
2.0360E-05 2.0000E-04
2.5473E-05 2.0000E-04
1.5747E-05 2.0000E-04
1.4112E-05 2.0000E-04
1.6259E-05 2.0000E-04
2.5379E-05 2.0000E-04
1.4667E-05 2.0000E-04
1.4492E-05 2.0000E-04
1.7276E-05 2.0000E-04
3.5484E-05 2.0000E-04
1.4641E-05 2.0000E-04
1.1841E-05 2.0000E-04
1.4883E-05 2.0000E-04
1.9864E-05 2.0000E-04
2.4370E-05 2.0000E-04
1.2136E-05 2.0000E-04
1.3199E-05 2.0000E-04
1.5482E-05 2.0000E-04
3.3215E-05 2.0000E-04
1.3232E-05 2.0000E-04
1.1513E-05 2.0000E-04
1.4476E-05 2.0000E-04
2.0043E-05 2.0000E-04
2.5273E-05 2.0000E-04
1.2723E-05 2.0000E-04
1.3203E-05 2.0000E-04
1.4723E-05 2.0000E-04
2.6756E-05 2.0000E-04
1.4970E-05 2.0000E-04
1.2003E-05 2.0000E-04
1.4195E-05 2.0000E-04
2.2829E-05 2.0000E-04
1.4225E-05 2.0000E-04
1.1561E-05 2.0000E-04
1.5343E-05 2.0000E-04
1.5958E-05 2.0000E-04
1.7700E-05 2.0000E-04
1.2885E-05 2.0000E-04
1.2425E-05 2.0000E-04
1.4103E-05 2.0000E-04
2.8132E-05 2.0000E-04
1.3010E-05 2.0000E-04
1.1043E-05 2.0000E-04
1.2552E-05 2.0000E-04
2.0094E-05 2.0000E-04
1.4540E-05 2.0000E-04
1.0735E-05 2.0000E-04
1.3508E-05 2.0000E-04
1.7791E-05 2.0000E-04
1.3757E-05 2.0000E-04
1.6350E-05 2.0000E-04
1.4921E-05 2.0000E-04
1.3292E-05 2.0000E-04
1.8815E-05 2.0000E-04
1.6000E-05 2.0000E-04
1.2743E-05 2.0000E-04
1.3141E-05 2.0000E-04
2.2647E-05 2.0000E-04
1.3744E-05 2.0000E-04
1.1582E-05 2.0000E-04
1.3926E-05 2.0000E-04
1.7637E-05 2.0000E-04
1.5265E-05 2.0000E-04
1.2467E-05 2.0000E-04
1.5087E-05 2.0000E-04
1.9654E-05 2.0000E-04
1.2669E-05 2.0000E-04
1.2237E-05 2.0000E-04
1.5241E-05 2.0000E-04
1.5507E-05 2.0000E-04
1.5532E-05 2.0000E-04
1.2311E-05 2.0000E-04
7.1140E-04 2.0000E-04
5.2361E-04 2.0000E-04
4.0752E-04 2.0000E-04
4.5309E-04 2.0000E-04
6.0438E-04 2.0000E-04
4.6578E-04 2.0000E-04
1.9879E-04 2.0000E-04
1.5810E-04 2.0000E-04
1.8343E-04 2.0000E-04
2.4996E-04 2.0000E-04
5.1004E-04 2.0000E-04
1.9276E-04 2.0000E-04
1.2201E-04 2.0000E-04
1.4089E-04 2.0000E-04
1.9922E-04 2.0000E-04
2.4173E-04 2.0000E-04
1.1478E-04 2.0000E-04
1.2662E-04 2.0000E-04
1.4418E-04 2.0000E-04
2.1761E-04 2.0000E-04
1.0527E-04 2.0000E-04
8.9452E-05 2.0000E-04
1.3523E-04 2.0000E-04
1.7980E-04 2.0000E-04
1.1137E-04 2.0000E-04
9.6207E-05 2.0000E-04
1.2194E-04 2.0000E-04
1.0715E-04 2.0000E-04
1.8332E-04 2.0000E-04
8.8347E-05 2.0000E-04
8.7173E-05 2.0000E-04
1.0729E-04 2.0000E-04
2.4258E-04 2.0000E-04
8.9710E-05 2.0000E-04
6.7305E-05 2.0000E-04
8.7614E-05 2.0000E-04
1.0853E-04 2.0000E-04
2.2573E-04 2.0000E-04
7.0821E-05 2.0000E-04
6.6667E-05 2.0000E-04
8.4008E-05 2.0000E-04
1.6315E-04 2.0000E-04
7.9640E-05 2.0000E-04
6.3494E-05 2.0000E-04
8.1970E-05 2.0000E-04
1.3698E-04 2.0000E-04
7.5833E-05 2.0000E-04
6.4087E-05 2.0000E-04
7.2505E-05 2.0000E-04
1.6393E-04 2.0000E-04
6.5329E-05 2.0000E-04
5.8505E-05 2.0000E-04
6.9766E-05 2.0000E-04
1.3924E-04 2.0000E-04
6.5940E-05 2.0000E-04
5.2006E-05 2.0000E-04
6.7348E-05 2.0000E-04
1.1761E-04 2.0000E-04
6.0408E-05 2.0000E-04
5.2057E-05 2.0000E-04
6.4612E-05 2.0000E-04
1.2486E-04 2.0000E-04
5.9510E-05 2.0000E-04
4.8085E-05 2.0000E-04
6.0160E-05 2.0000E-04
9.7274E-05 2.0000E-04
5.7796E-05 2.0000E-04
4.5833E-05 2.0000E-04
5.9157E-05 2.0000E-04
7.1345E-05 2.0000E-04
5.5372E-05 2.0000E-04
5.9603E-05 2.0000E-04
5.3404E-05 2.0000E-04
5.0415E-05 2.0000E-04
8.5505E-05 2.0000E-04
4.9124E-05 2.0000E-04
4.6080E-05 2.0000E-04
5.7820E-05 2.0000E-04
1.0671E-04 2.0000E-04
4.4990E-05 2.0000E-04
3.4136E-05 2.0000E-04
4.7084E-05 2.0000E-04
5.1704E-05 2.0000E-04
8.2763E-05 2.0000E-04
3.8336E-05 2.0000E-04
3.5526E-05 2.0000E-04
4.8165E-05 2.0000E-04
7.8152E-05 2.0000E-04
3.9171E-05 2.0000E-04
3.7197E-05 2.0000E-04
4.6304E-05 2.0000E-04
8.0738E-05 2.0000E-04
4.0376E-05 2.0000E-04
3.3905E-05 2.0000E-04
4.3304E-05 2.0000E-04
6.5891E-05 2.0000E-04
4.0628E-05 2.0000E-04
3.4228E-05 2.0000E-04
4.8199E-05 2.0000E-04
4.5257E-05 2.0000E-04
4.4440E-05 2.0000E-04
4.9236E-05 2.0000E-04
3.7795E-05 2.0000E-04
3.8221E-05 2.0000E-04
5.1260E-05 2.0000E-04
3.8114E-05 2.0000E-04
3.6979E-05 2.0000E-04
3.9817E-05 2.0000E-04
4.6780E-05 2.0000E-04
3.3999E-05 2.0000E-04
3.5803E-05 2.0000E-04
4.8758E-05 2.0000E-04
3.4231E-05 2.0000E-04
3.8718E-05 2.0000E-04
4.1276E-05 2.0000E-04
3.4780E-05 2.0000E-04
4.1385E-05 2.0000E-04
4.5166E-05 2.0000E-04
3.3855E-05 2.0000E-04
3.1241E-05 2.0000E-04
4.4666E-05 2.0000E-04
3.3270E-05 2.0000E-04
3.2402E-05 2.0000E-04
4.5949E-05 2.0000E-04
3.3817E-05 2.0000E-04
3.2726E-05 2.0000E-04
3.9962E-05 2.0000E-04
3.2919E-05 2.0000E-04
4.3392E-05 2.0000E-04
3.9305E-05 2.0000E-04
2.9598E-05 2.0000E-04
3.0802E-05 2.0000E-04
4.5169E-05 2.0000E-04
3.2135E-05 2.0000E-04
2.8392E-05 2.0000E-04
3.9599E-05 2.0000E-04
3.1590E-05 2.0000E-04
3.6476E-05 2.0000E-04
3.5636E-05 2.0000E-04
2.8431E-05 2.0000E-04
3.2242E-05 2.0000E-04
3.7681E-05 2.0000E-04
3.0332E-05 2.0000E-04
3.7745E-05 2.0000E-04
3.6526E-05 2.0000E-04
3.1995E-05 2.0000E-04
4.2957E-05 2.0000E-04
4.9396E-05 2.0000E-04
3.1116E-05 2.0000E-04
2.7121E-05 2.0000E-04
3.1857E-05 2.0000E-04
5.9883E-05 2.0000E-04
3.2409E-05 2.0000E-04
2.9413E-05 2.0000E-04
3.5340E-05 2.0000E-04
8.2347E-05 2.0000E-04
3.5213E-05 2.0000E-04
2.8666E-05 2.0000E-04
3.7122E-05 2.0000E-04
5.3424E-05 2.0000E-04
9.6306E-05 2.0000E-04
4.0862E-05 2.0000E-04
3.5180E-05 2.0000E-04
3.7507E-05 2.0000E-04
5.8379E-05 2.0000E-04
7.7827E-05 2.0000E-04
4.1993E-05 2.0000E-04
4.8950E-05 2.0000E-04
5.3650E-05 2.0000E-04
1.1297E-04 2.0000E-04
5.2192E-05 2.0000E-04
6.6007E-05 2.0000E-04
6.1844E-05 2.0000E-04
7.2940E-05 2.0000E-04
7.2162E-05 2.0000E-04
7.4398E-05 2.0000E-04
7.1988E-05 2.0000E-04
9.9866E-05 2.0000E-04
1.6229E-04 2.0000E-04
8.2291E-05 2.0000E-04
5.4726E-05 2.0000E-04
6.7591E-05 2.0000E-04
7.9313E-05 2.0000E-04
1.9606E-04 2.0000E-04
6.1224E-05 2.0000E-04
5.5367E-05 2.0000E-04
7.5754E-05 2.0000E-04
1.2234E-04 2.0000E-04
6.3559E-05 2.0000E-04
5.7321E-05 2.0000E-04
7.2571E-05 2.0000E-04
1.1882E-04 2.0000E-04
6.7234E-05 2.0000E-04
7.1152E-05 2.0000E-04
6.8437E-05 2.0000E-04
6.5043E-05 2.0000E-04
1.0933E-04 2.0000E-04
5.4316E-05 2.0000E-04
5.2050E-05 2.0000E-04
6.0940E-05 2.0000E-04
1.3079E-04 2.0000E-04
5.6979E-05 2.0000E-04
4.4361E-05 2.0000E-04
5.6196E-05 2.0000E-04
7.6538E-05 2.0000E-04
8.3147E-05 2.0000E-04
4.3044E-05 2.0000E-04
5.1984E-05 2.0000E-04
6.1806E-05 2.0000E-04
7.4529E-05 2.0000E-04
6.3076E-05 2.0000E-04
4.9592E-05 2.0000E-04
5.3505E-05 2.0000E-04
8.5728E-05 2.0000E-04
5.3019E-05 2.0000E-04
5.0818E-05 2.0000E-04
6.0810E-05 2.0000E-04
5.8371E-05 2.0000E-04
6.8671E-05 2.0000E-04
5.8682E-05 2.0000E-04
5.5949E-05 2.0000E-04
6.1516E-05 2.0000E-04
8.1515E-05 2.0000E-04
5.5769E-05 2.0000E-04
6.2567E-05 2.0000E-04
9.9124E-05 2.0000E-04
6.1635E-05 2.0000E-04
5.8802E-05 2.0000E-04
6.8333E-05 2.0000E-04
6.9455E-05 2.0000E-04
7.2715E-05 2.0000E-04
6.6766E-05 2.0000E-04
6.6306E-05 2.0000E-04
7.6785E-05 2.0000E-04
7.3458E-05 2.0000E-04
6.2027E-05 2.0000E-04
7.0212E-05 2.0000E-04
7.9808E-05 2.0000E-04
7.0722E-05 2.0000E-04
7.7157E-05 2.0000E-04
6.0218E-05 2.0000E-04
5.5140E-05 2.0000E-04
8.8291E-05 2.0000E-04
5.7856E-05 2.0000E-04
5.0358E-05 2.0000E-04
6.1190E-05 2.0000E-04
8.8737E-05 2.0000E-04
5.1596E-05 2.0000E-04
4.8120E-05 2.0000E-04
5.8337E-05 2.0000E-04
8.8872E-05 2.0000E-04
4.7972E-05 2.0000E-04
5.0488E-05 2.0000E-04
6.9698E-05 2.0000E-04
5.3599E-05 2.0000E-04
4.5000E-05 2.0000E-04
5.1729E-05 2.0000E-04
5.7489E-05 2.0000E-04
4.7630E-05 2.0000E-04
5.4230E-05 2.0000E-04
5.3909E-05 2.0000E-04
4.1856E-05 2.0000E-04
4.7973E-05 2.0000E-04
6.9505E-05 2.0000E-04
4.3155E-05 2.0000E-04
3.8257E-05 2.0000E-04
4.4682E-05 2.0000E-04
6.4653E-05 2.0000E-04
4.5140E-05 2.0000E-04
3.9858E-05 2.0000E-04
4.4942E-05 2.0000E-04
7.9449E-05 2.0000E-04
3.8103E-05 2.0000E-04
3.7732E-05 2.0000E-04
4.1971E-05 2.0000E-04
5.5408E-05 2.0000E-04
4.9399E-05 2.0000E-04
3.5495E-05 2.0000E-04
3.7845E-05 2.0000E-04
5.4227E-05 2.0000E-04
4.2287E-05 2.0000E-04
3.5474E-05 2.0000E-04
3.9446E-05 2.0000E-04
4.4885E-05 2.0000E-04
4.1153E-05 2.0000E-04
5.0693E-05 2.0000E-04
3.8267E-05 2.0000E-04
4.6361E-05 2.0000E-04
4.4922E-05 2.0000E-04
3.7927E-05 2.0000E-04
3.6951E-05 2.0000E-04
4.6293E-05 2.0000E-04
5.6468E-05 2.0000E-04
3.3401E-05 2.0000E-04
3.6904E-05 2.0000E-04
4.4962E-05 2.0000E-04
7.2413E-05 2.0000E-04
3.5249E-05 2.0000E-04
4.2596E-05 2.0000E-04
5.5554E-05 2.0000E-04
4.1732E-05 2.0000E-04
4.5257E-05 2.0000E-04
4.7705E-05 2.0000E-04
4.3460E-05 2.0000E-04
5.0827E-05 2.0000E-04
4.3137E-05 2.0000E-04
3.9243E-05 2.0000E-04
6.8574E-05 2.0000E-04
4.5586E-05 2.0000E-04
5.0739E-05 2.0000E-04
4.7779E-05 2.0000E-04
4.3888E-05 2.0000E-04
4.3088E-05 2.0000E-04
6.2567E-05 2.0000E-04
4.4648E-05 2.0000E-04
3.7551E-05 2.0000E-04
4.7870E-05 2.0000E-04
7.7786E-05 2.0000E-04
4.6178E-05 2.0000E-04
6.6996E-05 2.0000E-04
4.7238E-05 2.0000E-04
3.6020E-05 2.0000E-04
4.9655E-05 2.0000E-04
4.6745E-05 2.0000E-04
6.8758E-05 2.0000E-04
4.1779E-05 2.0000E-04
3.8222E-05 2.0000E-04
4.9364E-05 2.0000E-04
6.3836E-05 2.0000E-04
4.2391E-05 2.0000E-04
4.2431E-05 2.0000E-04
5.6953E-05 2.0000E-04
5.8539E-05 2.0000E-04
7.6193E-05 2.0000E-04
3.8765E-05 2.0000E-04
3.2327E-05 2.0000E-04
4.4156E-05 2.0000E-04
9.5961E-05 2.0000E-04
4.5313E-05 2.0000E-04
3.6863E-05 2.0000E-04
5.4186E-05 2.0000E-04
6.2775E-05 2.0000E-04
5.7207E-05 2.0000E-04
4.9116E-05 2.0000E-04
6.3715E-05 2.0000E-04
8.1294E-05 2.0000E-04
6.3745E-05 2.0000E-04
7.3236E-05 2.0000E-04
1.1286E-04 2.0000E-04
6.1953E-05 2.0000E-04
4.3582E-05 2.0000E-04
5.8902E-05 2.0000E-04
1.2723E-04 2.0000E-04
7.2847E-05 2.0000E-04
7.1888E-05 2.0000E-04
9.9502E-05 2.0000E-04
1.9821E-04 2.0000E-04
1.8839E-04 2.0000E-04
6.3243E-05 2.0000E-04
1.0135E-04 2.0000E-04
1.5049E-04 2.0000E-04
1.5065E-04 2.0000E-04
3.6869E-04 2.0000E-04
1.6744E-04 2.0000E-04
1.8198E-04 2.0000E-04
1.0061E-04 2.0000E-04
1.2615E-04 2.0000E-04
1.6449E-04 2.0000E-04
2.1827E-04 2.0000E-04
2.3799E-04 2.0000E-04
1.1283E-04 2.0000E-04
1.9596E-04 2.0000E-04
1.3049E-04 2.0000E-04
1.0710E-04 2.0000E-04
1.1377E-04 2.0000E-04
2.0872E-04 2.0000E-04
1.1822E-04 2.0000E-04
9.4219E-05 2.0000E-04
1.0597E-04 2.0000E-04
2.4311E-04 2.0000E-04
9.4438E-05 2.0000E-04
7.9115E-05 2.0000E-04
1.2430E-04 2.0000E-04
1.5089E-04 2.0000E-04
8.7637E-05 2.0000E-04
8.5724E-05 2.0000E-04
9.3303E-05 2.0000E-04
7.8459E-05 2.0000E-04
1.6970E-04 2.0000E-04
7.1593E-05 2.0000E-04
6.0854E-05 2.0000E-04
7.7760E-05 2.0000E-04
1.3694E-04 2.0000E-04
7.4590E-05 2.0000E-04
6.1017E-05 2.0000E-04
7.2956E-05 2.0000E-04
1.4108E-04 2.0000E-04
6.4785E-05 2.0000E-04
5.1729E-05 2.0000E-04
6.7237E-05 2.0000E-04
9.0679E-05 2.0000E-04
6.9323E-05 2.0000E-04
5.5082E-05 2.0000E-04
6.5791E-05 2.0000E-04
7.2394E-05 2.0000E-04
5.8028E-05 2.0000E-04
7.6989E-05 2.0000E-04
6.3316E-05 2.0000E-04
5.5517E-05 2.0000E-04
8.1873E-05 2.0000E-04
8.8545E-05 2.0000E-04
5.3600E-05 2.0000E-04
4.8267E-05 2.0000E-04
6.0205E-05 2.0000E-04
7.3061E-05 2.0000E-04
5.0897E-05 2.0000E-04
5.0057E-05 2.0000E-04
6.5580E-05 2.0000E-04
5.9408E-05 2.0000E-04
4.6570E-05 2.0000E-04
6.0402E-05 2.0000E-04
6.7661E-05 2.0000E-04
5.4488E-05 2.0000E-04
4.9036E-05 2.0000E-04
4.6744E-05 2.0000E-04
4.1771E-05 2.0000E-04
7.1591E-05 2.0000E-04
4.3453E-05 2.0000E-04
3.9747E-05 2.0000E-04
4.8421E-05 2.0000E-04
7.4895E-05 2.0000E-04
4.0483E-05 2.0000E-04
3.4695E-05 2.0000E-04
4.2052E-05 2.0000E-04
6.5566E-05 2.0000E-04
4.9531E-05 2.0000E-04
3.5643E-05 2.0000E-04
5.0306E-05 2.0000E-04
4.7845E-05 2.0000E-04
3.9067E-05 2.0000E-04
5.0026E-05 2.0000E-04
4.2856E-05 2.0000E-04
3.8489E-05 2.0000E-04
5.1597E-05 2.0000E-04
6.4623E-05 2.0000E-04
3.7935E-05 2.0000E-04
3.6298E-05 2.0000E-04
4.0126E-05 2.0000E-04
7.1565E-05 2.0000E-04
4.0172E-05 2.0000E-04
3.5120E-05 2.0000E-04
4.6336E-05 2.0000E-04
6.7709E-05 2.0000E-04
4.3527E-05 2.0000E-04
4.4288E-05 2.0000E-04
4.5460E-05 2.0000E-04
4.1382E-05 2.0000E-04
7.6426E-05 2.0000E-04
4.3987E-05 2.0000E-04
4.3018E-05 2.0000E-04
5.8688E-05 2.0000E-04
6.5620E-05 2.0000E-04
5.4190E-05 2.0000E-04
5.2973E-05 2.0000E-04
6.2827E-05 2.0000E-04
9.9582E-05 2.0000E-04
9.9582E-05 2.0000E-04
6.4547E-05 2.0000E-04
8.3820E-05 2.0000E-04
1.3419E-04 2.0000E-04
6.6843E-05 2.0000E-04
5.2947E-05 2.0000E-04
7.4510E-05 2.0000E-04
1.7249E-04 2.0000E-04
9.5306E-05 2.0000E-04
9.7517E-05 2.0000E-04
1.4997E-04 2.0000E-04
2.8729E-04 2.0000E-04
9.1925E-05 2.0000E-04
7.1237E-05 2.0000E-04
2.7061E-04 2.0000E-04
1.1015E-04 2.0000E-04
1.0477E-04 2.0000E-04
2.6978E-04 2.0000E-04
1.3737E-04 2.0000E-04
1.1980E-04 2.0000E-04
1.8150E-04 2.0000E-04
3.9908E-04 2.0000E-04
3.4904E-04 2.0000E-04
2.5990E-04 2.0000E-04
9.3327E-05 2.0000E-04
1.3751E-04 2.0000E-04
2.2414E-04 2.0000E-04
2.3047E-04 2.0000E-04
2.8788E-04 2.0000E-04
1.2155E-04 2.0000E-04
1.8539E-04 2.0000E-04
1.8640E-04 2.0000E-04
2.2431E-04 2.0000E-04
1.4591E-04 2.0000E-04
1.5087E-04 2.0000E-04
2.1246E-04 2.0000E-04
1.6668E-04 2.0000E-04
2.1123E-04 2.0000E-04
1.5358E-04 2.0000E-04
1.3893E-04 2.0000E-04
1.5395E-04 2.0000E-04
2.0567E-04 2.0000E-04
1.4559E-04 2.0000E-04
1.4871E-04 2.0000E-04
1.8635E-04 2.0000E-04
1.5919E-04 2.0000E-04
2.1250E-04 2.0000E-04
2.0061E-04 2.0000E-04
1.4223E-04 2.0000E-04
1.1579E-04 2.0000E-04
1.3984E-04 2.0000E-04
2.8693E-04 2.0000E-04
1.3903E-04 2.0000E-04
1.2743E-04 2.0000E-04
1.5170E-04 2.0000E-04
2.4539E-04 2.0000E-04
1.6352E-04 2.0000E-04
1.4586E-04 2.0000E-04
1.7324E-04 2.0000E-04
1.8180E-04 2.0000E-04
1.3801E-04 2.0000E-04
1.5268E-04 2.0000E-04
1.4990E-04 2.0000E-04
1.2711E-04 2.0000E-04
1.9853E-04 2.0000E-04
1.4670E-04 2.0000E-04
1.1752E-04 2.0000E-04
1.3366E-04 2.0000E-04
2.2433E-04 2.0000E-04
1.2907E-04 2.0000E-04
1.1221E-04 2.0000E-04
1.1500E-04 2.0000E-04
1.5626E-04 2.0000E-04
1.2594E-04 2.0000E-04
1.0438E-04 2.0000E-04
1.1111E-04 2.0000E-04
1.7854E-04 2.0000E-04
1.0335E-04 2.0000E-04
1.0285E-04 2.0000E-04
1.2488E-04 2.0000E-04
2.2262E-04 2.0000E-04
9.5481E-05 2.0000E-04
9.4365E-05 2.0000E-04
1.1782E-04 2.0000E-04
2.3803E-04 2.0000E-04
1.1550E-04 2.0000E-04
9.1261E-05 2.0000E-04
1.1882E-04 2.0000E-04
1.7375E-04 2.0000E-04
1.2626E-04 2.0000E-04
1.2696E-04 2.0000E-04
1.4829E-04 2.0000E-04
1.3651E-04 2.0000E-04
1.1686E-04 2.0000E-04
1.3683E-04 2.0000E-04
1.3126E-04 2.0000E-04
1.3642E-04 2.0000E-04
1.2398E-04 2.0000E-04
1.3582E-04 2.0000E-04
1.1951E-04 2.0000E-04
1.5093E-04 2.0000E-04
1.8354E-04 2.0000E-04
1.2575E-04 2.0000E-04
1.1405E-04 2.0000E-04
1.2427E-04 2.0000E-04
1.6068E-04 2.0000E-04
1.3807E-04 2.0000E-04
1.1645E-04 2.0000E-04
1.1351E-04 2.0000E-04
1.8310E-04 2.0000E-04
1.2025E-04 2.0000E-04
1.0934E-04 2.0000E-04
1.3056E-04 2.0000E-04
1.9428E-04 2.0000E-04
1.0846E-04 2.0000E-04
1.0217E-04 2.0000E-04
1.2425E-04 2.0000E-04
1.3401E-04 2.0000E-04
1.0287E-04 2.0000E-04
1.0315E-04 2.0000E-04
1.1548E-04 2.0000E-04
1.0923E-04 2.0000E-04
1.0880E-04 2.0000E-04
9.1135E-05 2.0000E-04
9.9378E-05 2.0000E-04
1.3361E-04 2.0000E-04
8.2921E-05 2.0000E-04
8.1760E-05 2.0000E-04
1.0274E-04 2.0000E-04
9.4010E-05 2.0000E-04
1.1149E-04 2.0000E-04
7.8690E-05 2.0000E-04
7.6805E-05 2.0000E-04
1.2987E-04 2.0000E-04
7.6249E-05 2.0000E-04
7.1470E-05 2.0000E-04
9.0901E-05 2.0000E-04
1.6407E-04 2.0000E-04
7.8678E-05 2.0000E-04
6.7339E-05 2.0000E-04
8.0204E-05 2.0000E-04
1.4439E-04 2.0000E-04
9.5789E-05 2.0000E-04
7.2523E-05 2.0000E-04
1.1401E-04 2.0000E-04
1.5119E-04 2.0000E-04
1.0435E-04 2.0000E-04
9.7624E-05 2.0000E-04
1.0960E-04 2.0000E-04
1.2392E-04 2.0000E-04
3.0304E-04 2.0000E-04
1.2899E-04 2.0000E-04
1.0770E-04 2.0000E-04
1.6086E-04 2.0000E-04
1.4024E-04 2.0000E-04
1.5118E-04 2.0000E-04
2.3005E-04 2.0000E-04
1.9676E-04 2.0000E-04
2.0176E-04 2.0000E-04
1.8202E-04 2.0000E-04
2.2345E-04 2.0000E-04
2.7215E-04 2.0000E-04
3.6724E-04 2.0000E-04
5.1407E-04 2.0000E-04
2.1786E-04 2.0000E-04
2.3410E-04 2.0000E-04
3.0594E-04 2.0000E-04
3.9206E-04 2.0000E-04
3.3845E-04 2.0000E-04
3.6241E-04 2.0000E-04
1.9136E-04 2.0000E-04
1.7442E-04 2.0000E-04
2.2387E-04 2.0000E-04
4.2289E-04 2.0000E-04
1.6108E-04 2.0000E-04
1.2979E-04 2.0000E-04
1.6146E-04 2.0000E-04
2.2252E-04 2.0000E-04
1.5995E-04 2.0000E-04
1.0553E-04 2.0000E-04
1.4026E-04 2.0000E-04
1.2015E-04 2.0000E-04
1.3258E-04 2.0000E-04
1.3482E-04 2.0000E-04
9.5878E-05 2.0000E-04
8.2641E-05 2.0000E-04
1.3772E-04 2.0000E-04
8.8923E-05 2.0000E-04
7.6778E-05 2.0000E-04
9.1702E-05 2.0000E-04
9.3043E-05 2.0000E-04
9.4931E-05 2.0000E-04
7.3624E-05 2.0000E-04
7.3135E-05 2.0000E-04
9.2847E-05 2.0000E-04
8.2942E-05 2.0000E-04
6.2752E-05 2.0000E-04
6.6853E-05 2.0000E-04
1.0013E-04 2.0000E-04
6.3918E-05 2.0000E-04
5.6985E-05 2.0000E-04
6.9047E-05 2.0000E-04
5.9155E-05 2.0000E-04
8.0769E-05 2.0000E-04
5.4641E-05 2.0000E-04
4.8999E-05 2.0000E-04
7.3113E-05 2.0000E-04
6.4370E-05 2.0000E-04
4.8125E-05 2.0000E-04
5.6473E-05 2.0000E-04
6.7774E-05 2.0000E-04
5.2064E-05 2.0000E-04
7.0247E-05 2.0000E-04
5.2045E-05 2.0000E-04
4.4674E-05 2.0000E-04
5.1413E-05 2.0000E-04
7.5298E-05 2.0000E-04
4.9329E-05 2.0000E-04
4.5649E-05 2.0000E-04
4.2048E-05 2.0000E-04
4.4641E-05 2.0000E-04
7.5943E-05 2.0000E-04
4.2512E-05 2.0000E-04
4.1552E-05 2.0000E-04
5.2859E-05 2.0000E-04
5.2859E-05 2.0000E-04
5.2877E-05 2.0000E-04
5.2875E-05 2.0000E-04
4.9603E-05 2.0000E-04
2.9253E-05 2.0000E-04
2.5314E-05 2.0000E-04
3.0435E-05 2.0000E-04
4.5845E-05 2.0000E-04
4.4286E-05 2.0000E-04
2.7338E-05 2.0000E-04
3.4390E-05 2.0000E-04
4.0524E-05 2.0000E-04
3.8193E-05 2.0000E-04
4.3326E-05 2.0000E-04
3.5638E-05 2.0000E-04
3.5967E-05 2.0000E-04
5.3035E-05 2.0000E-04
3.3562E-05 2.0000E-04
3.4008E-05 2.0000E-04
4.2249E-05 2.0000E-04
3.9148E-05 2.0000E-04
4.0550E-05 2.0000E-04
3.5875E-05 2.0000E-04
4.1165E-05 2.0000E-04
5.8526E-05 2.0000E-04
3.5428E-05 2.0000E-04
3.4972E-05 2.0000E-04
4.2734E-05 2.0000E-04
7.2558E-05 2.0000E-04
3.6937E-05 2.0000E-04
3.5751E-05 2.0000E-04
4.5469E-05 2.0000E-04
6.8452E-05 2.0000E-04
4.1857E-05 2.0000E-04
3.6973E-05 2.0000E-04
4.6309E-05 2.0000E-04
5.2766E-05 2.0000E-04
4.9141E-05 2.0000E-04
4.0468E-05 2.0000E-04
4.3309E-05 2.0000E-04
4.5926E-05 2.0000E-04
6.5845E-05 2.0000E-04
4.8790E-05 2.0000E-04
5.4634E-05 2.0000E-04
6.9371E-05 2.0000E-04
8.3815E-05 2.0000E-04
5.4480E-05 2.0000E-04
5.1006E-05 2.0000E-04
6.0564E-05 2.0000E-04
1.4737E-04 2.0000E-04
7.3538E-05 2.0000E-04
6.8031E-05 2.0000E-04
5.9636E-05 2.0000E-04
7.5228E-05 2.0000E-04
1.2373E-04 2.0000E-04
7.0736E-05 2.0000E-04
6.2700E-05 2.0000E-04
1.2395E-04 2.0000E-04
6.3126E-05 2.0000E-04
5.0195E-05 2.0000E-04
5.7664E-05 2.0000E-04
1.4598E-04 2.0000E-04
6.7273E-05 2.0000E-04
5.1102E-05 2.0000E-04
8.8351E-05 2.0000E-04
6.6347E-05 2.0000E-04
6.0374E-05 2.0000E-04
7.8360E-05 2.0000E-04
6.0077E-05 2.0000E-04
5.3014E-05 2.0000E-04
5.4328E-05 2.0000E-04
8.5984E-05 2.0000E-04
4.8671E-05 2.0000E-04
4.6875E-05 2.0000E-04
5.5343E-05 2.0000E-04
7.5137E-05 2.0000E-04
4.8134E-05 2.0000E-04
4.7003E-05 2.0000E-04
5.3672E-05 2.0000E-04
6.0137E-05 2.0000E-04
4.2016E-05 2.0000E-04
4.0980E-05 2.0000E-04
4.6541E-05 2.0000E-04
4.0138E-05 2.0000E-04
4.4917E-05 2.0000E-04
4.2683E-05 2.0000E-04
4.2943E-05 2.0000E-04
4.6247E-05 2.0000E-04
4.1562E-05 2.0000E-04
3.7838E-05 2.0000E-04
4.2133E-05 2.0000E-04
6.8969E-05 2.0000E-04
3.4763E-05 2.0000E-04
3.8505E-05 2.0000E-04
4.1846E-05 2.0000E-04
3.7202E-05 2.0000E-04
5.5142E-05 2.0000E-04
4.7042E-05 2.0000E-04
4.0820E-05 2.0000E-04
5.2354E-05 2.0000E-04
6.8317E-05 2.0000E-04
4.1141E-05 2.0000E-04
3.6846E-05 2.0000E-04
4.3205E-05 2.0000E-04
9.7317E-05 2.0000E-04
4.4367E-05 2.0000E-04
4.0993E-05 2.0000E-04
5.1628E-05 2.0000E-04
8.9741E-05 2.0000E-04
5.1838E-05 2.0000E-04
4.1949E-05 2.0000E-04
5.6974E-05 2.0000E-04
6.6574E-05 2.0000E-04
6.1920E-05 2.0000E-04
5.9458E-05 2.0000E-04
6.0745E-05 2.0000E-04
5.8681E-05 2.0000E-04
7.3594E-05 2.0000E-04
6.6110E-05 2.0000E-04
6.1703E-05 2.0000E-04
7.7331E-05 2.0000E-04
9.7331E-05 2.0000E-04
6.8706E-05 2.0000E-04
7.8196E-05 2.0000E-04
1.0141E-04 2.0000E-04
9.4811E-05 2.0000E-04
9.9826E-05 2.0000E-04
9.9891E-05 2.0000E-04
8.7993E-05 2.0000E-04
1.3645E-04 2.0000E-04
1.2912E-04 2.0000E-04
1.0622E-04 2.0000E-04
1.0972E-04 2.0000E-04
1.4884E-04 2.0000E-04
1.1696E-04 2.0000E-04
1.1896E-04 2.0000E-04
1.2954E-04 2.0000E-04
2.2632E-04 2.0000E-04
1.0878E-04 2.0000E-04
8.4814E-05 2.0000E-04
1.1268E-04 2.0000E-04
2.2945E-04 2.0000E-04
1.1365E-04 2.0000E-04
1.0555E-04 2.0000E-04
1.1168E-04 2.0000E-04
1.2545E-04 2.0000E-04
1.1881E-04 2.0000E-04
9.0541E-05 2.0000E-04
9.4669E-05 2.0000E-04
1.2432E-04 2.0000E-04
1.0886E-04 2.0000E-04
9.0733E-05 2.0000E-04
8.1868E-05 2.0000E-04
9.1577E-05 2.0000E-04
9.5537E-05 2.0000E-04
7.0161E-05 2.0000E-04
6.5108E-05 2.0000E-04
9.6507E-05 2.0000E-04
7.1109E-05 2.0000E-04
6.2766E-05 2.0000E-04
7.8828E-05 2.0000E-04
7.8821E-05 2.0000E-04
6.3767E-05 2.0000E-04
8.8918E-05 2.0000E-04
7.2093E-05 2.0000E-04
7.1226E-05 2.0000E-04
7.4226E-05 2.0000E-04
6.9057E-05 2.0000E-04
5.5818E-05 2.0000E-04
7.2811E-05 2.0000E-04
8.0791E-05 2.0000E-04
5.9311E-05 2.0000E-04
5.8521E-05 2.0000E-04
7.2894E-05 2.0000E-04
6.1602E-05 2.0000E-04
9.7806E-05 2.0000E-04
6.3743E-05 2.0000E-04
5.7456E-05 2.0000E-04
6.8192E-05 2.0000E-04
1.1327E-04 2.0000E-04
5.8663E-05 2.0000E-04
5.1522E-05 2.0000E-04
6.1728E-05 2.0000E-04
1.0217E-04 2.0000E-04
1.0990E-04 2.0000E-04
7.4103E-05 2.0000E-04
8.9701E-05 2.0000E-04
6.2284E-05 2.0000E-04
6.5547E-05 2.0000E-04
8.0002E-05 2.0000E-04
1.0151E-04 2.0000E-04
8.2219E-05 2.0000E-04
6.9313E-05 2.0000E-04
9.5827E-05 2.0000E-04
1.0897E-04 2.0000E-04
8.1925E-05 2.0000E-04
9.2864E-05 2.0000E-04
9.1785E-05 2.0000E-04
1.0838E-04 2.0000E-04
1.0431E-04 2.0000E-04
1.3154E-04 2.0000E-04
1.1595E-04 2.0000E-04
9.8130E-05 2.0000E-04
1.1433E-04 2.0000E-04
1.1570E-04 2.0000E-04
1.0704E-04 2.0000E-04
1.2660E-04 2.0000E-04
1.4993E-04 2.0000E-04
1.0321E-04 2.0000E-04
8.9567E-05 2.0000E-04
9.7983E-05 2.0000E-04
1.2761E-04 2.0000E-04
8.8162E-05 2.0000E-04
9.7864E-05 2.0000E-04
1.3067E-04 2.0000E-04
9.0644E-05 2.0000E-04
7.2000E-05 2.0000E-04
8.0683E-05 2.0000E-04
1.2324E-04 2.0000E-04
8.2272E-05 2.0000E-04
7.1665E-05 2.0000E-04
9.3696E-05 2.0000E-04
1.3197E-04 2.0000E-04
7.6514E-05 2.0000E-04
7.4271E-05 2.0000E-04
1.0118E-04 2.0000E-04
1.0309E-04 2.0000E-04
1.0710E-04 2.0000E-04
7.3630E-05 2.0000E-04
7.3788E-05 2.0000E-04
1.1878E-04 2.0000E-04
9.6170E-05 2.0000E-04
7.3934E-05 2.0000E-04
8.5556E-05 2.0000E-04
1.1531E-04 2.0000E-04
9.2193E-05 2.0000E-04
1.1853E-04 2.0000E-04
1.3263E-04 2.0000E-04
1.2208E-04 2.0000E-04
8.3345E-05 2.0000E-04
9.5966E-05 2.0000E-04
1.8420E-04 2.0000E-04
1.1860E-04 2.0000E-04
1.0844E-04 2.0000E-04
1.7080E-04 2.0000E-04
1.5990E-04 2.0000E-04
2.8640E-04 2.0000E-04
2.8789E-04 2.0000E-04
1.3038E-04 2.0000E-04
1.1055E-04 2.0000E-04
2.0005E-04 2.0000E-04
3.0345E-04 2.0000E-04
1.6312E-04 2.0000E-04
1.3557E-04 2.0000E-04
1.7461E-04 2.0000E-04
3.9091E-04 2.0000E-04
2.5077E-04 2.0000E-04
2.1355E-04 2.0000E-04
1.1387E-04 2.0000E-04
1.4729E-04 2.0000E-04
1.7480E-04 2.0000E-04
3.0384E-04 2.0000E-04
1.4645E-04 2.0000E-04
1.2327E-04 2.0000E-04
1.7685E-04 2.0000E-04
2.6547E-04 2.0000E-04
1.6474E-04 2.0000E-04
1.5065E-04 2.0000E-04
2.0640E-04 2.0000E-04
1.7367E-04 2.0000E-04
1.4486E-04 2.0000E-04
1.5786E-04 2.0000E-04
1.6139E-04 2.0000E-04
1.8177E-04 2.0000E-04
1.5203E-04 2.0000E-04
1.2296E-04 2.0000E-04
1.3130E-04 2.0000E-04
2.3516E-04 2.0000E-04
1.1372E-04 2.0000E-04
1.0090E-04 2.0000E-04
1.1959E-04 2.0000E-04
2.3560E-04 2.0000E-04
1.0941E-04 2.0000E-04
8.5900E-05 2.0000E-04
1.1840E-04 2.0000E-04
1.7556E-04 2.0000E-04
1.0820E-04 2.0000E-04
9.3368E-05 2.0000E-04
1.0424E-04 2.0000E-04
9.4029E-05 2.0000E-04
1.9842E-04 2.0000E-04
8.6002E-05 2.0000E-04
7.1558E-05 2.0000E-04
8.6136E-05 2.0000E-04
1.6748E-04 2.0000E-04
8.0203E-05 2.0000E-04
6.3734E-05 2.0000E-04
8.2319E-05 2.0000E-04
1.5192E-04 2.0000E-04
7.6604E-05 2.0000E-04
5.7465E-05 2.0000E-04
6.3124E-05 2.0000E-04
1.1308E-04 2.0000E-04
6.4619E-05 2.0000E-04
4.4185E-05 2.0000E-04
5.5337E-05 2.0000E-04
6.8905E-05 2.0000E-04
5.1786E-05 2.0000E-04
6.5825E-05 2.0000E-04
5.2813E-05 2.0000E-04
4.1886E-05 2.0000E-04
4.3149E-05 2.0000E-04
6.4375E-05 2.0000E-04
4.3191E-05 2.0000E-04
3.5536E-05 2.0000E-04
4.2380E-05 2.0000E-04
3.8423E-05 2.0000E-04
6.8031E-05 2.0000E-04
3.5148E-05 2.0000E-04
3.3251E-05 2.0000E-04
4.2111E-05 2.0000E-04
7.4539E-05 2.0000E-04
3.5720E-05 2.0000E-04
3.0972E-05 2.0000E-04
3.8806E-05 2.0000E-04
5.8457E-05 2.0000E-04
3.6371E-05 2.0000E-04
3.0243E-05 2.0000E-04
4.0411E-05 2.0000E-04
5.0421E-05 2.0000E-04
3.3549E-05 2.0000E-04
3.2611E-05 2.0000E-04
3.6625E-05 2.0000E-04
3.3229E-05 2.0000E-04
7.0490E-05 2.0000E-04
2.8843E-05 2.0000E-04
2.5508E-05 2.0000E-04
3.1484E-05 2.0000E-04
5.5696E-05 2.0000E-04
2.6949E-05 2.0000E-04
2.2626E-05 2.0000E-04
2.8659E-05 2.0000E-04
4.4504E-05 2.0000E-04
2.3146E-05 2.0000E-04
2.1578E-05 2.0000E-04
2.5381E-05 2.0000E-04
4.6493E-05 2.0000E-04
2.1379E-05 2.0000E-04
1.8709E-05 2.0000E-04
2.3634E-05 2.0000E-04
3.4955E-05 2.0000E-04
2.9499E-05 2.0000E-04
1.8542E-05 2.0000E-04
2.2170E-05 2.0000E-04
2.5016E-05 2.0000E-04
2.3246E-05 2.0000E-04
5.1161E-05 2.0000E-04
2.1261E-05 2.0000E-04
1.7816E-05 2.0000E-04
2.0743E-05 2.0000E-04
3.4840E-05 2.0000E-04
2.2533E-05 2.0000E-04
1.7471E-05 2.0000E-04
2.3441E-05 2.0000E-04
2.8779E-05 2.0000E-04
2.0443E-05 2.0000E-04
2.0118E-05 2.0000E-04
2.9754E-05 2.0000E-04
2.1078E-05 2.0000E-04
1.8291E-05 2.0000E-04
2.2239E-05 2.0000E-04
1.7924E-05 2.0000E-04
3.0736E-05 2.0000E-04
1.8191E-05 2.0000E-04
1.4870E-05 2.0000E-04
1.8423E-05 2.0000E-04
3.1852E-05 2.0000E-04
1.6460E-05 2.0000E-04
1.3318E-05 2.0000E-04
1.6274E-05 2.0000E-04
2.6886E-05 2.0000E-04
1.6636E-05 2.0000E-04
1.4359E-05 2.0000E-04
1.9331E-05 2.0000E-04
2.4799E-05 2.0000E-04
1.6813E-05 2.0000E-04
1.5100E-05 2.0000E-04
2.0221E-05 2.0000E-04
1.6958E-05 2.0000E-04
2.7713E-05 2.0000E-04
1.8301E-05 2.0000E-04
1.4406E-05 2.0000E-04
1.6711E-05 2.0000E-04
2.8045E-05 2.0000E-04
1.6217E-05 2.0000E-04
1.2454E-05 2.0000E-04
1.5638E-05 2.0000E-04
2.5653E-05 2.0000E-04
1.6725E-05 2.0000E-04
1.3240E-05 2.0000E-04
1.7310E-05 2.0000E-04
2.5118E-05 2.0000E-04
1.6052E-05 2.0000E-04
1.3037E-05 2.0000E-04
1.7155E-05 2.0000E-04
1.6645E-05 2.0000E-04
2.7622E-05 2.0000E-04
1.4431E-05 2.0000E-04
1.2853E-05 2.0000E-04
1.5153E-05 2.0000E-04
3.8413E-05 2.0000E-04
1.4506E-05 2.0000E-04
1.1411E-05 2.0000E-04
1.3919E-05 2.0000E-04
2.0373E-05 2.0000E-04
1.8048E-05 2.0000E-04
1.2156E-05 2.0000E-04
1.4106E-05 2.0000E-04
1.6234E-05 2.0000E-04
1.5942E-05 2.0000E-04
1.8585E-05 2.0000E-04
1.3824E-05 2.0000E-04
1.2339E-05 2.0000E-04
1.8336E-05 2.0000E-04
1.3845E-05 2.0000E-04
1.3406E-05 2.0000E-04
1.5612E-05 2.0000E-04
1.3793E-05 2.0000E-04
1.3271E-05 2.0000E-04
1.9809E-05 2.0000E-04
1.4968E-05 2.0000E-04
1.3129E-05 2.0000E-04
1.6653E-05 2.0000E-04
1.6653E-05 2.0000E-04
1.7032E-05 2.0000E-04
1.6257E-05 2.0000E-04
1.3305E-05 2.0000E-04
1.5018E-05 2.0000E-04
1.8704E-05 2.0000E-04
1.4164E-05 2.0000E-04
1.4167E-05 2.0000E-04
1.7938E-05 2.0000E-04
1.3864E-05 2.0000E-04
1.3851E-05 2.0000E-04
1.6648E-05 2.0000E-04
1.3698E-05 2.0000E-04
1.4651E-05 2.0000E-04
2.1416E-05 2.0000E-04
1.3000E-05 2.0000E-04
1.2077E-05 2.0000E-04
1.5183E-05 2.0000E-04
2.3348E-05 2.0000E-04
1.2570E-05 2.0000E-04
1.2344E-05 2.0000E-04
1.4941E-05 2.0000E-04
2.9376E-05 2.0000E-04
1.3027E-05 2.0000E-04
1.1117E-05 2.0000E-04
1.3826E-05 2.0000E-04
2.1060E-05 2.0000E-04
1.3330E-05 2.0000E-04
1.0318E-05 2.0000E-04
1.5985E-05 2.0000E-04
1.7793E-05 2.0000E-04
1.2744E-05 2.0000E-04
1.3560E-05 2.0000E-04
1.9015E-05 2.0000E-04
1.3305E-05 2.0000E-04
1.0907E-05 2.0000E-04
1.2674E-05 2.0000E-04
1.2136E-05 2.0000E-04
3.0523E-05 2.0000E-04
1.2219E-05 2.0000E-04
8.9278E-06 2.0000E-04
1.1065E-05 2.0000E-04
1.5123E-05 2.0000E-04
2.0724E-05 2.0000E-04
9.7970E-06 2.0000E-04
1.0142E-05 2.0000E-04
1.3944E-05 2.0000E-04
1.9077E-05 2.0000E-04
1.0855E-05 2.0000E-04
1.1137E-05 2.0000E-04
1.2874E-05 2.0000E-04
2.5603E-05 2.0000E-04
1.0205E-05 2.0000E-04
9.0234E-06 2.0000E-04
1.1160E-05 2.0000E-04
2.1142E-05 2.0000E-04
1.1170E-05 2.0000E-04
8.3115E-06 2.0000E-04
1.0223E-05 2.0000E-04
1.8654E-05 2.0000E-04
1.0364E-05 2.0000E-04
8.2411E-06 2.0000E-04
1.1138E-05 2.0000E-04
1.4797E-05 2.0000E-04
1.0082E-05 2.0000E-04
8.8999E-06 2.0000E-04
1.1301E-05 2.0000E-04
9.8310E-06 2.0000E-04
1.2649E-05 2.0000E-04
9.3788E-06 2.0000E-04
8.7458E-06 2.0000E-04
1.1086E-05 2.0000E-04
1.5558E-05 2.0000E-04
8.9277E-06 2.0000E-04
8.4201E-06 2.0000E-04
9.7997E-06 2.0000E-04
1.4708E-05 2.0000E-04
8.8528E-06 2.0000E-04
8.5035E-06 2.0000E-04
9.9672E-06 2.0000E-04
1.7289E-05 2.0000E-04
8.1974E-06 2.0000E-04
7.3980E-06 2.0000E-04
8.6718E-06 2.0000E-04
1.4904E-05 2.0000E-04
8.0217E-06 2.0000E-04
7.0580E-06 2.0000E-04
9.0523E-06 2.0000E-04
1.3550E-05 2.0000E-04
8.6494E-06 2.0000E-04
6.9057E-06 2.0000E-04
8.4179E-06 2.0000E-04
1.0450E-05 2.0000E-04
1.1784E-05 2.0000E-04
7.2099E-06 2.0000E-04
