RMS Step   Target
2.2222E-03 1.2000E-03
6.2288E-03 1.2000E-03
6.1211E-03 1.2000E-03
6.0111E-03 1.2000E-03
5.1519E-03 1.2000E-03
6.3036E-03 1.2000E-03
1.7888E-03 1.2000E-03
1.4040E-03 1.2000E-03
3.6506E-03 1.2000E-03
6.7015E-03 1.2000E-03
1.2176E-03 1.2000E-03
1.4752E-03 1.2000E-03
2.5189E-03 1.2000E-03
3.0946E-03 1.2000E-03
6.6834E-03 1.2000E-03
1.6761E-03 1.2000E-03
2.2009E-03 1.2000E-03
2.7156E-03 1.2000E-03
3.2467E-03 1.2000E-03
9.6128E-04 1.2000E-03
2.5746E-04 1.2000E-03
1.3723E-03 1.2000E-03
1.5441E-03 1.2000E-03
1.0286E-03 1.2000E-03
4.7655E-04 1.2000E-03
6.6046E-04 1.2000E-03
8.8666E-04 1.2000E-03
3.5070E-04 1.2000E-03
1.8508E-04 1.2000E-03
1.8508E-04 1.2000E-03
