557.6
158.2
123.1
125.9
124.7
126.9
124.9
125.6
127.1
124.0
123.4
124.3
157.6
159.7
126.2
159.2
117.8
171.9
158.3
124.5
176.5
158.8
126.6
159.1
153.7
123.5
146.4
158.6
126.9
159.2
158.0
125.6
157.7
160.5
126.3
162.0
154.1
126.7
160.3
160.1
128.3
156.0
163.0
120.5
162.1
159.9
114.8
160.6
155.5
119.9
162.0
155.9
129.5
162.2
149.9
130.5
154.2
162.1
112.6
153.0
155.3
114.2
155.2
151.5
110.6
162.0
161.3
109.5
152.9
161.5
113.0
158.1
163.6
111.9
154.8
161.0
155.4
149.0
112.4
159.0
150.6
163.5
162.3
162.4
158.0
112.0
162.5
156.5
156.6
160.9
159.9
161.0
109.2
159.9
