RMS Grad   Target
1.2678E-03 3.0000E-04
1.2737E-03 3.0000E-04
1.2653E-03 3.0000E-04
2.2440E-03 3.0000E-04
9.6484E-04 3.0000E-04
6.3952E-04 3.0000E-04
5.5271E-04 3.0000E-04
1.1247E-03 3.0000E-04
4.8964E-04 3.0000E-04
4.4884E-04 3.0000E-04
5.7328E-04 3.0000E-04
9.2733E-04 3.0000E-04
3.9512E-04 3.0000E-04
2.3442E-04 3.0000E-04
2.7205E-04 3.0000E-04
3.7934E-04 3.0000E-04
4.1633E-04 3.0000E-04
4.0066E-04 3.0000E-04
2.3391E-04 3.0000E-04
2.3532E-04 3.0000E-04
2.9996E-04 3.0000E-04
4.6980E-04 3.0000E-04
2.0008E-04 3.0000E-04
1.4182E-04 3.0000E-04
1.7419E-04 3.0000E-04
1.8946E-04 3.0000E-04
1.6834E-04 3.0000E-04
1.3325E-04 3.0000E-04
1.2579E-04 3.0000E-04
1.2651E-04 3.0000E-04
1.8038E-04 3.0000E-04
8.8045E-05 3.0000E-04
6.5618E-05 3.0000E-04
8.0851E-05 3.0000E-04
7.0423E-05 3.0000E-04
5.9439E-05 3.0000E-04
5.9439E-05 3.0000E-04
