534.3
122.8
122.1
155.1
154.0
169.8
168.4
122.6
115.2
122.1
154.0
121.9
154.0
120.7
122.1
153.3
122.4
120.3
153.5
115.3
122.1
154.7
120.6
120.5
115.5
153.8
122.7
119.4
114.6
156.3
120.9
122.4
120.4
121.0
122.9
120.9
121.3
119.8
121.9
120.8
121.1
121.3
120.1
122.0
122.7
120.3
120.9
118.2
120.5
119.3
122.1
115.3
106.1
120.9
120.3
121.8
121.2
122.0
122.4
121.5
122.5
121.9
121.4
120.6
115.6
119.9
120.9
121.0
122.9
121.3
105.7
121.7
114.3
105.2
120.0
121.4
105.2
121.8
105.4
122.9
121.0
103.4
122.3
826.8
116.3
123.0
131.5
123.3
119.9
124.9
131.4
125.4
119.6
125.7
133.3
124.1
120.5
128.9
125.7
131.4
115.8
127.2
131.0
179.2
135.9
145.3
131.4
132.2
121.0
149.4
140.9
121.3
164.9
131.0
132.5
172.7
151.1
123.6
121.5
144.4
141.7
150.1
119.4
125.7
140.7
136.8
119.3
131.7
132.7
145.6
134.6
150.6
120.3
133.2
148.3
150.3
130.9
113.2
130.4
161.6
137.6
118.8
149.2
137.1
116.2
143.0
144.0
130.7
119.5
163.8
149.7
139.4
144.3
148.8
150.8
129.8
149.7
127.1
138.1
139.3
143.2
142.4
132.8
127.4
143.4
140.3
128.9
142.2
148.7
142.6
132.8
137.7
143.1
137.3
140.8
149.4
132.6
130.3
148.7
149.0
136.1
137.7
149.1
180.4
129.7
151.8
148.3
137.9
138.3
143.1
139.6
135.4
143.9
136.6
140.6
134.1
138.4
180.7
135.9
134.2
148.7
123.6
138.4
150.3
145.0
138.7
145.6
148.4
172.7
138.0
144.1
150.3
132.1
146.2
150.0
142.9
139.3
140.6
146.9
132.6
147.2
149.3
148.8
137.4
135.7
145.2
136.9
137.0
158.2
145.7
137.8
146.9
153.1
139.0
146.9
148.7
153.4
134.7
154.4
144.4
133.5
141.9
145.0
149.7
133.6
150.1
138.7
143.2
149.4
150.4
128.1
114.6
133.9
143.3
143.9
138.7
152.5
150.4
131.8
149.8
150.0
143.0
134.8
144.8
150.6
141.6
150.6
128.2
140.6
133.2
150.3
143.7
143.3
122.5
147.0
145.3
133.2
143.0
128.4
137.1
131.5
129.3
129.2
126.0
116.0
133.7
171.6
122.8
146.0
137.0
129.1
139.3
146.1
127.4
148.0
112.8
136.5
135.0
161.1
130.5
128.7
146.5
121.7
128.6
129.8
151.1
132.5
131.2
131.8
143.9
135.6
150.4
131.2
141.6
135.6
139.5
127.6
120.2
142.2
143.4
121.6
121.0
149.8
147.7
137.3
126.9
154.1
147.6
139.1
139.2
137.1
146.9
142.8
152.6
139.0
140.3
539.6
122.1
122.2
123.9
124.4
123.1
124.7
121.4
123.9
151.4
122.4
123.1
121.5
121.9
147.8
124.2
123.3
157.0
121.9
123.3
154.9
155.1
122.5
119.1
117.1
155.9
121.4
155.3
120.2
115.8
148.7
122.4
122.8
154.6
123.4
122.3
123.4
121.8
121.7
122.9
157.2
116.4
113.1
154.9
121.9
121.8
122.6
122.4
154.7
121.8
122.2
154.7
124.5
120.9
121.8
121.4
147.2
115.7
122.0
125.0
122.2
154.3
123.1
120.6
155.2
124.1
122.1
124.7
116.4
123.6
121.9
122.6
116.5
122.3
123.6
117.5
121.4
122.7
120.9
122.1
122.1
120.8
122.8
121.4
116.8
123.0
121.3
123.4
124.0
121.5
121.8
122.7
122.1
122.0
121.9
154.7
122.7
121.1
156.5
121.8
157.5
124.1
121.9
153.0
122.9
155.4
122.0
123.0
156.4
121.6
124.5
121.9
156.2
123.3
122.1
156.6
114.5
121.7
122.5
121.2
122.3
119.6
121.7
122.2
122.5
124.1
122.4
122.1
121.5
122.8
123.1
153.9
123.3
122.5
121.9
122.1
123.8
122.9
154.8
121.4
120.6
121.4
121.3
122.4
121.5
105.9
120.7
122.7
124.2
154.9
119.1
121.3
121.5
122.3
123.8
123.2
123.3
122.3
122.5
122.6
124.8
124.1
106.5
153.6
123.9
107.6
123.7
100.0
105.4
122.6
122.0
107.6
105.4
139.2
122.8
123.1
106.2
122.0
122.3
108.4
123.5
123.4
106.4
107.5
153.5
104.7
122.6
105.0
106.5
140.4
106.6
124.5
123.1
105.3
121.6
123.7
105.4
121.9
106.8
104.8
114.7
122.7
106.5
106.2
137.1
122.6
123.3
105.7
104.4
106.3
137.9
121.1
106.2
122.6
124.1
106.0
106.3
132.2
123.4
122.1
105.6
105.8
105.2
107.3
106.0
106.1
104.6
139.3
123.0
103.7
122.1
122.1
108.1
122.1
120.4
123.1
117.6
122.9
122.0
120.6
122.6
106.4
122.5
122.6
106.9
121.0
123.4
121.5
122.5
107.9
109.2
156.6
121.2
123.5
122.4
123.0
123.8
106.7
121.8
123.1
105.6
105.5
107.9
124.5
123.2
106.4
105.7
104.9
139.5
122.0
122.2
123.1
105.1
122.6
106.0
107.0
122.4
106.7
105.7
138.2
120.6
123.1
106.9
106.5
105.7
105.4
101.1
106.3
105.1
523.1
106.0
106.8
105.0
107.3
106.5
105.9
104.8
105.1
106.5
107.4
106.7
107.8
107.2
104.8
105.4
105.4
105.0
106.6
122.8
122.3
122.3
106.0
107.2
106.7
107.3
140.8
122.5
105.9
105.9
105.7
105.8
106.9
106.8
106.1
106.2
106.6
106.6
105.2
105.8
104.0
105.8
106.2
105.5
104.6
108.9
106.9
107.1
106.6
106.0
104.4
106.6
105.4
104.8
106.0
104.7
106.7
105.1
105.7
105.3
106.4
106.8
106.2
104.5
107.0
106.2
133.0
104.8
106.6
105.8
104.8
104.2
105.9
104.9
108.0
105.9
106.7
104.9
105.6
106.4
103.7
106.5
104.1
106.2
