RMS Grad   Target
1.1590E-03 3.0000E-04
9.6001E-04 3.0000E-04
8.9775E-04 3.0000E-04
1.3889E-03 3.0000E-04
1.0082E-03 3.0000E-04
8.1894E-04 3.0000E-04
8.8369E-04 3.0000E-04
4.1055E-04 3.0000E-04
2.9202E-04 3.0000E-04
3.8941E-04 3.0000E-04
3.3536E-04 3.0000E-04
8.2536E-04 3.0000E-04
2.2492E-04 3.0000E-04
1.9787E-04 3.0000E-04
2.6626E-04 3.0000E-04
6.6087E-04 3.0000E-04
2.5628E-04 3.0000E-04
1.7994E-04 3.0000E-04
2.0545E-04 3.0000E-04
3.1237E-04 3.0000E-04
2.2608E-04 3.0000E-04
8.6452E-05 3.0000E-04
7.9945E-05 3.0000E-04
1.0499E-04 3.0000E-04
1.8989E-04 3.0000E-04
8.5625E-05 3.0000E-04
6.8284E-05 3.0000E-04
6.8284E-05 3.0000E-04
