RMS Step   Target
2.8627E-04 8.0000E-04
1.8253E-04 8.0000E-04
8.4567E-04 8.0000E-04
1.5327E-03 8.0000E-04
3.8829E-03 8.0000E-04
1.7527E-03 8.0000E-04
6.6453E-04 8.0000E-04
1.1144E-03 8.0000E-04
1.0674E-03 8.0000E-04
1.3683E-03 8.0000E-04
1.9396E-03 8.0000E-04
2.0805E-03 8.0000E-04
7.3399E-04 8.0000E-04
2.0446E-03 8.0000E-04
1.9427E-03 8.0000E-04
1.8172E-03 8.0000E-04
1.0292E-03 8.0000E-04
1.6350E-03 8.0000E-04
1.5214E-03 8.0000E-04
1.3282E-03 8.0000E-04
7.0563E-04 8.0000E-04
5.2279E-04 8.0000E-04
1.2447E-03 8.0000E-04
2.5860E-03 8.0000E-04
6.8033E-04 8.0000E-04
7.9178E-04 8.0000E-04
9.8319E-04 8.0000E-04
2.5888E-03 8.0000E-04
7.7098E-04 8.0000E-04
5.9994E-04 8.0000E-04
1.1271E-03 8.0000E-04
1.9633E-03 8.0000E-04
1.3487E-03 8.0000E-04
8.3551E-04 8.0000E-04
1.4144E-03 8.0000E-04
2.4421E-03 8.0000E-04
1.8896E-03 8.0000E-04
8.3330E-04 8.0000E-04
1.1924E-03 8.0000E-04
1.7083E-03 8.0000E-04
1.6848E-03 8.0000E-04
1.5873E-03 8.0000E-04
1.1934E-03 8.0000E-04
1.5681E-03 8.0000E-04
1.5894E-03 8.0000E-04
4.9407E-04 8.0000E-04
9.9682E-04 8.0000E-04
1.3854E-03 8.0000E-04
1.7849E-03 8.0000E-04
1.1642E-03 8.0000E-04
1.1683E-03 8.0000E-04
8.6070E-04 8.0000E-04
7.1653E-04 8.0000E-04
1.1192E-03 8.0000E-04
1.2315E-03 8.0000E-04
1.4401E-03 8.0000E-04
1.7488E-03 8.0000E-04
1.2613E-03 8.0000E-04
5.3183E-04 8.0000E-04
1.6473E-03 8.0000E-04
9.5284E-04 8.0000E-04
1.0229E-03 8.0000E-04
2.0199E-03 8.0000E-04
1.8874E-03 8.0000E-04
4.3453E-04 8.0000E-04
7.4306E-04 8.0000E-04
9.1367E-04 8.0000E-04
2.6156E-03 8.0000E-04
3.0136E-04 8.0000E-04
5.1742E-04 8.0000E-04
7.3556E-04 8.0000E-04
1.9393E-03 8.0000E-04
6.3117E-04 8.0000E-04
6.2763E-04 8.0000E-04
7.3507E-04 8.0000E-04
1.7027E-03 8.0000E-04
1.3042E-03 8.0000E-04
1.0294E-03 8.0000E-04
1.3015E-03 8.0000E-04
1.2497E-03 8.0000E-04
1.0505E-03 8.0000E-04
1.0689E-03 8.0000E-04
9.7918E-04 8.0000E-04
1.4515E-03 8.0000E-04
1.7902E-03 8.0000E-04
7.9911E-04 8.0000E-04
5.4410E-04 8.0000E-04
1.1031E-03 8.0000E-04
1.9306E-03 8.0000E-04
5.8387E-04 8.0000E-04
2.6393E-04 8.0000E-04
7.9032E-04 8.0000E-04
1.2965E-03 8.0000E-04
9.1634E-04 8.0000E-04
4.2242E-04 8.0000E-04
7.0007E-04 8.0000E-04
1.0059E-03 8.0000E-04
8.9670E-04 8.0000E-04
5.1245E-04 8.0000E-04
6.6552E-04 8.0000E-04
7.6557E-04 8.0000E-04
4.8993E-04 8.0000E-04
9.9609E-04 8.0000E-04
5.6640E-04 8.0000E-04
3.0843E-04 8.0000E-04
1.0522E-03 8.0000E-04
4.0809E-04 8.0000E-04
1.5452E-04 8.0000E-04
7.3653E-04 8.0000E-04
6.6160E-04 8.0000E-04
4.0250E-04 8.0000E-04
1.0619E-03 8.0000E-04
5.3779E-04 8.0000E-04
2.2486E-04 8.0000E-04
4.8264E-04 8.0000E-04
5.9300E-04 8.0000E-04
7.3370E-04 8.0000E-04
9.3099E-04 8.0000E-04
5.9942E-04 8.0000E-04
1.4514E-04 8.0000E-04
3.4421E-04 8.0000E-04
7.4116E-04 8.0000E-04
4.8325E-04 8.0000E-04
8.4376E-04 8.0000E-04
5.9324E-04 8.0000E-04
1.0198E-03 8.0000E-04
3.3273E-04 8.0000E-04
1.2833E-04 8.0000E-04
3.7628E-04 8.0000E-04
6.8242E-04 8.0000E-04
3.6594E-04 8.0000E-04
7.5491E-04 8.0000E-04
4.1479E-04 8.0000E-04
1.0025E-03 8.0000E-04
3.2302E-04 8.0000E-04
1.5149E-04 8.0000E-04
2.8381E-04 8.0000E-04
4.3407E-04 8.0000E-04
4.3606E-04 8.0000E-04
6.2913E-04 8.0000E-04
3.9545E-04 8.0000E-04
2.3673E-04 8.0000E-04
4.5408E-04 8.0000E-04
1.8621E-04 8.0000E-04
1.0915E-04 8.0000E-04
3.5086E-04 8.0000E-04
4.9579E-04 8.0000E-04
2.3678E-04 8.0000E-04
3.9363E-04 8.0000E-04
1.8861E-04 8.0000E-04
6.7310E-04 8.0000E-04
2.2619E-04 8.0000E-04
1.0237E-04 8.0000E-04
3.4487E-04 8.0000E-04
3.9791E-04 8.0000E-04
2.3655E-04 8.0000E-04
4.0523E-04 8.0000E-04
2.8523E-04 8.0000E-04
5.0102E-04 8.0000E-04
2.9666E-04 8.0000E-04
1.3458E-04 8.0000E-04
1.5791E-04 8.0000E-04
2.9707E-04 8.0000E-04
4.3223E-04 8.0000E-04
3.2287E-04 8.0000E-04
3.3679E-04 8.0000E-04
2.8744E-04 8.0000E-04
1.8912E-04 8.0000E-04
1.5509E-04 8.0000E-04
2.2368E-04 8.0000E-04
2.7812E-04 8.0000E-04
3.4528E-04 8.0000E-04
2.9881E-04 8.0000E-04
2.0386E-04 8.0000E-04
2.8036E-04 8.0000E-04
2.3641E-04 8.0000E-04
1.7593E-04 8.0000E-04
2.8189E-04 8.0000E-04
3.2518E-04 8.0000E-04
2.0088E-04 8.0000E-04
2.3122E-04 8.0000E-04
1.8096E-04 8.0000E-04
2.3264E-04 8.0000E-04
3.3293E-04 8.0000E-04
1.4481E-04 8.0000E-04
1.0803E-04 8.0000E-04
2.6226E-04 8.0000E-04
3.8041E-04 8.0000E-04
6.9894E-05 8.0000E-04
1.1009E-04 8.0000E-04
1.4239E-04 8.0000E-04
3.7883E-04 8.0000E-04
2.6590E-04 8.0000E-04
4.3660E-05 8.0000E-04
1.5857E-04 8.0000E-04
2.3609E-04 8.0000E-04
2.0200E-04 8.0000E-04
4.2538E-04 8.0000E-04
2.6826E-04 8.0000E-04
3.7325E-05 8.0000E-04
1.7835E-04 8.0000E-04
1.5766E-04 8.0000E-04
3.3084E-04 8.0000E-04
4.3967E-04 8.0000E-04
1.0002E-04 8.0000E-04
5.1147E-05 8.0000E-04
1.3900E-04 8.0000E-04
3.2010E-04 8.0000E-04
3.5065E-04 8.0000E-04
8.7114E-05 8.0000E-04
1.4288E-04 8.0000E-04
1.7811E-04 8.0000E-04
2.7081E-04 8.0000E-04
1.5029E-04 8.0000E-04
1.2020E-04 8.0000E-04
1.5954E-04 8.0000E-04
2.5139E-04 8.0000E-04
1.1344E-04 8.0000E-04
1.1293E-04 8.0000E-04
1.7194E-04 8.0000E-04
2.6645E-04 8.0000E-04
4.3637E-05 8.0000E-04
