RMS Grad   Target
3.7338E-04 2.0000E-04
1.6168E-04 2.0000E-04
1.5479E-04 2.0000E-04
2.3920E-04 2.0000E-04
3.3298E-04 2.0000E-04
6.2794E-04 2.0000E-04
2.9712E-04 2.0000E-04
1.8132E-04 2.0000E-04
1.8788E-04 2.0000E-04
2.2969E-04 2.0000E-04
1.8594E-04 2.0000E-04
1.9823E-04 2.0000E-04
2.8923E-04 2.0000E-04
2.0754E-04 2.0000E-04
2.0471E-04 2.0000E-04
3.0606E-04 2.0000E-04
1.8219E-04 2.0000E-04
1.9565E-04 2.0000E-04
1.9268E-04 2.0000E-04
1.8870E-04 2.0000E-04
1.8036E-04 2.0000E-04
1.2410E-04 2.0000E-04
1.2111E-04 2.0000E-04
1.5937E-04 2.0000E-04
2.4348E-04 2.0000E-04
1.3368E-04 2.0000E-04
1.2083E-04 2.0000E-04
1.3939E-04 2.0000E-04
2.5746E-04 2.0000E-04
1.2855E-04 2.0000E-04
1.0733E-04 2.0000E-04
1.2248E-04 2.0000E-04
2.3708E-04 2.0000E-04
1.2741E-04 2.0000E-04
1.0869E-04 2.0000E-04
1.3391E-04 2.0000E-04
2.3686E-04 2.0000E-04
1.3326E-04 2.0000E-04
1.0868E-04 2.0000E-04
1.3091E-04 2.0000E-04
1.5304E-04 2.0000E-04
1.1620E-04 2.0000E-04
1.0733E-04 2.0000E-04
1.2068E-04 2.0000E-04
1.1976E-04 2.0000E-04
1.3308E-04 2.0000E-04
9.5574E-05 2.0000E-04
9.5828E-05 2.0000E-04
1.3114E-04 2.0000E-04
1.0841E-04 2.0000E-04
9.2043E-05 2.0000E-04
9.6635E-05 2.0000E-04
1.1120E-04 2.0000E-04
8.2335E-05 2.0000E-04
9.2515E-05 2.0000E-04
1.1957E-04 2.0000E-04
9.5840E-05 2.0000E-04
1.0784E-04 2.0000E-04
9.8441E-05 2.0000E-04
8.7914E-05 2.0000E-04
1.2796E-04 2.0000E-04
1.0485E-04 2.0000E-04
9.1701E-05 2.0000E-04
1.1799E-04 2.0000E-04
1.3876E-04 2.0000E-04
8.3062E-05 2.0000E-04
7.3453E-05 2.0000E-04
8.8267E-05 2.0000E-04
1.7775E-04 2.0000E-04
6.6184E-05 2.0000E-04
6.2768E-05 2.0000E-04
8.2768E-05 2.0000E-04
1.5906E-04 2.0000E-04
7.6214E-05 2.0000E-04
6.3510E-05 2.0000E-04
7.8312E-05 2.0000E-04
1.2214E-04 2.0000E-04
7.7599E-05 2.0000E-04
6.9892E-05 2.0000E-04
9.7227E-05 2.0000E-04
8.7408E-05 2.0000E-04
7.7573E-05 2.0000E-04
8.2601E-05 2.0000E-04
8.3186E-05 2.0000E-04
8.4622E-05 2.0000E-04
1.2943E-04 2.0000E-04
7.0542E-05 2.0000E-04
6.6091E-05 2.0000E-04
7.5945E-05 2.0000E-04
1.5391E-04 2.0000E-04
6.2560E-05 2.0000E-04
5.7239E-05 2.0000E-04
7.1038E-05 2.0000E-04
1.4217E-04 2.0000E-04
6.1360E-05 2.0000E-04
4.8772E-05 2.0000E-04
6.1429E-05 2.0000E-04
9.8979E-05 2.0000E-04
6.1040E-05 2.0000E-04
4.8040E-05 2.0000E-04
7.1219E-05 2.0000E-04
7.9945E-05 2.0000E-04
5.6103E-05 2.0000E-04
6.0598E-05 2.0000E-04
6.7975E-05 2.0000E-04
5.5280E-05 2.0000E-04
7.1580E-05 2.0000E-04
6.5920E-05 2.0000E-04
4.9195E-05 2.0000E-04
4.6987E-05 2.0000E-04
5.9397E-05 2.0000E-04
4.7636E-05 2.0000E-04
5.1222E-05 2.0000E-04
6.7399E-05 2.0000E-04
4.7254E-05 2.0000E-04
3.9743E-05 2.0000E-04
4.9518E-05 2.0000E-04
4.0259E-05 2.0000E-04
6.2658E-05 2.0000E-04
4.3157E-05 2.0000E-04
3.4396E-05 2.0000E-04
3.9251E-05 2.0000E-04
7.1119E-05 2.0000E-04
4.3464E-05 2.0000E-04
3.4471E-05 2.0000E-04
3.8129E-05 2.0000E-04
4.8101E-05 2.0000E-04
4.2294E-05 2.0000E-04
3.4665E-05 2.0000E-04
3.6481E-05 2.0000E-04
5.8177E-05 2.0000E-04
3.2975E-05 2.0000E-04
2.9109E-05 2.0000E-04
3.4423E-05 2.0000E-04
5.1272E-05 2.0000E-04
3.4671E-05 2.0000E-04
2.7522E-05 2.0000E-04
3.4544E-05 2.0000E-04
3.6081E-05 2.0000E-04
2.5952E-05 2.0000E-04
2.9411E-05 2.0000E-04
2.9577E-05 2.0000E-04
2.5917E-05 2.0000E-04
3.9481E-05 2.0000E-04
2.7639E-05 2.0000E-04
2.2094E-05 2.0000E-04
2.1548E-05 2.0000E-04
3.8180E-05 2.0000E-04
2.4831E-05 2.0000E-04
2.2035E-05 2.0000E-04
2.3470E-05 2.0000E-04
3.6220E-05 2.0000E-04
2.8008E-05 2.0000E-04
2.0584E-05 2.0000E-04
2.0214E-05 2.0000E-04
3.3345E-05 2.0000E-04
2.1653E-05 2.0000E-04
1.8898E-05 2.0000E-04
2.2920E-05 2.0000E-04
2.5437E-05 2.0000E-04
2.6096E-05 2.0000E-04
1.7438E-05 2.0000E-04
1.7726E-05 2.0000E-04
2.1246E-05 2.0000E-04
2.2097E-05 2.0000E-04
1.7552E-05 2.0000E-04
1.7024E-05 2.0000E-04
2.3666E-05 2.0000E-04
1.5603E-05 2.0000E-04
1.4045E-05 2.0000E-04
1.8878E-05 2.0000E-04
1.8390E-05 2.0000E-04
1.6911E-05 2.0000E-04
1.6469E-05 2.0000E-04
1.5816E-05 2.0000E-04
1.7661E-05 2.0000E-04
1.7398E-05 2.0000E-04
1.3905E-05 2.0000E-04
1.5137E-05 2.0000E-04
2.2115E-05 2.0000E-04
1.4368E-05 2.0000E-04
1.3307E-05 2.0000E-04
1.5716E-05 2.0000E-04
1.4003E-05 2.0000E-04
2.0566E-05 2.0000E-04
1.3502E-05 2.0000E-04
1.2489E-05 2.0000E-04
1.5188E-05 2.0000E-04
2.7450E-05 2.0000E-04
1.1931E-05 2.0000E-04
1.0908E-05 2.0000E-04
1.2171E-05 2.0000E-04
2.2504E-05 2.0000E-04
1.5137E-05 2.0000E-04
1.1032E-05 2.0000E-04
1.2636E-05 2.0000E-04
1.8366E-05 2.0000E-04
1.4023E-05 2.0000E-04
1.4754E-05 2.0000E-04
1.7599E-05 2.0000E-04
1.1978E-05 2.0000E-04
1.0984E-05 2.0000E-04
1.2742E-05 2.0000E-04
1.1771E-05 2.0000E-04
2.5225E-05 2.0000E-04
1.1289E-05 2.0000E-04
9.2967E-06 2.0000E-04
1.1017E-05 2.0000E-04
1.7512E-05 2.0000E-04
1.3200E-05 2.0000E-04
8.5401E-06 2.0000E-04
9.8957E-06 2.0000E-04
1.3311E-05 2.0000E-04
1.2155E-05 2.0000E-04
9.3548E-06 2.0000E-04
9.3883E-06 2.0000E-04
1.1596E-05 2.0000E-04
1.2104E-05 2.0000E-04
8.4630E-06 2.0000E-04
8.8319E-06 2.0000E-04
1.1343E-05 2.0000E-04
1.4312E-05 2.0000E-04
7.4007E-06 2.0000E-04
