Max Step   Target
1.2191E-02 1.2000E-03
1.1026E-01 1.2000E-03
2.7559E-02 1.2000E-03
4.7052E-02 1.2000E-03
4.5621E-02 1.2000E-03
2.5304E-02 1.2000E-03
9.6347E-03 1.2000E-03
1.6079E-02 1.2000E-03
3.0227E-02 1.2000E-03
1.3301E-02 1.2000E-03
7.7726E-03 1.2000E-03
2.3159E-02 1.2000E-03
3.9604E-02 1.2000E-03
3.7163E-02 1.2000E-03
1.4507E-02 1.2000E-03
1.6949E-02 1.2000E-03
1.5183E-02 1.2000E-03
1.0356E-02 1.2000E-03
1.8529E-02 1.2000E-03
7.1632E-03 1.2000E-03
5.6739E-03 1.2000E-03
1.7701E-02 1.2000E-03
1.6428E-02 1.2000E-03
2.1212E-03 1.2000E-03
6.5015E-03 1.2000E-03
9.0895E-03 1.2000E-03
1.7626E-02 1.2000E-03
7.7049E-03 1.2000E-03
2.6808E-03 1.2000E-03
2.0562E-03 1.2000E-03
5.2229E-03 1.2000E-03
8.2408E-03 1.2000E-03
1.0948E-02 1.2000E-03
7.4898E-03 1.2000E-03
2.9259E-03 1.2000E-03
4.0657E-03 1.2000E-03
4.4889E-03 1.2000E-03
3.5964E-03 1.2000E-03
5.6092E-03 1.2000E-03
5.4951E-03 1.2000E-03
1.4549E-03 1.2000E-03
1.8740E-03 1.2000E-03
2.5411E-03 1.2000E-03
6.5637E-03 1.2000E-03
5.7375E-03 1.2000E-03
2.6319E-03 1.2000E-03
2.9572E-03 1.2000E-03
3.1488E-03 1.2000E-03
3.5472E-03 1.2000E-03
4.8925E-03 1.2000E-03
2.4108E-03 1.2000E-03
1.4932E-03 1.2000E-03
5.5514E-03 1.2000E-03
4.9114E-03 1.2000E-03
8.1474E-04 1.2000E-03
1.9054E-03 1.2000E-03
2.9678E-03 1.2000E-03
7.4802E-03 1.2000E-03
1.3880E-02 1.2000E-03
1.2297E-03 1.2000E-03
2.0526E-03 1.2000E-03
2.5456E-03 1.2000E-03
8.6523E-03 1.2000E-03
9.6885E-03 1.2000E-03
1.7385E-03 1.2000E-03
3.4209E-03 1.2000E-03
2.8774E-03 1.2000E-03
9.9172E-03 1.2000E-03
8.4427E-03 1.2000E-03
2.7606E-03 1.2000E-03
7.2337E-03 1.2000E-03
6.1736E-03 1.2000E-03
6.7121E-03 1.2000E-03
1.2269E-02 1.2000E-03
8.2361E-03 1.2000E-03
3.7833E-03 1.2000E-03
1.3052E-02 1.2000E-03
6.2235E-03 1.2000E-03
5.6082E-04 1.2000E-03
9.1343E-03 1.2000E-03
9.5409E-03 1.2000E-03
2.3806E-02 1.2000E-03
1.6373E-02 1.2000E-03
8.6745E-04 1.2000E-03
1.2157E-02 1.2000E-03
1.1357E-02 1.2000E-03
1.4762E-02 1.2000E-03
2.3367E-02 1.2000E-03
1.1130E-02 1.2000E-03
2.2659E-02 1.2000E-03
2.4570E-02 1.2000E-03
7.0751E-03 1.2000E-03
2.3094E-02 1.2000E-03
2.9305E-02 1.2000E-03
4.9582E-02 1.2000E-03
1.3147E-02 1.2000E-03
3.7250E-02 1.2000E-03
6.2650E-03 1.2000E-03
5.3399E-02 1.2000E-03
3.7954E-02 1.2000E-03
2.7205E-02 1.2000E-03
7.1218E-02 1.2000E-03
4.0794E-02 1.2000E-03
1.5395E-01 1.2000E-03
6.7943E-02 1.2000E-03
1.0212E-02 1.2000E-03
4.7434E-02 1.2000E-03
1.3516E-01 1.2000E-03
2.4345E-02 1.2000E-03
4.9383E-02 1.2000E-03
1.2181E-01 1.2000E-03
8.6184E-02 1.2000E-03
3.5802E-02 1.2000E-03
1.4730E-01 1.2000E-03
4.9926E-02 1.2000E-03
1.5680E-02 1.2000E-03
6.9248E-02 1.2000E-03
2.4865E-02 1.2000E-03
4.6521E-02 1.2000E-03
1.0076E-01 1.2000E-03
1.0697E-02 1.2000E-03
5.2120E-02 1.2000E-03
6.4454E-03 1.2000E-03
3.5896E-02 1.2000E-03
5.4541E-02 1.2000E-03
9.9695E-03 1.2000E-03
1.3299E-02 1.2000E-03
3.5360E-02 1.2000E-03
1.6346E-02 1.2000E-03
2.0447E-02 1.2000E-03
6.0594E-02 1.2000E-03
3.0520E-02 1.2000E-03
7.1846E-03 1.2000E-03
4.5964E-02 1.2000E-03
1.8340E-02 1.2000E-03
1.7456E-02 1.2000E-03
3.2159E-02 1.2000E-03
9.5972E-03 1.2000E-03
1.8036E-02 1.2000E-03
3.3126E-02 1.2000E-03
2.2465E-03 1.2000E-03
1.4376E-02 1.2000E-03
2.2667E-02 1.2000E-03
4.5102E-02 1.2000E-03
2.8383E-02 1.2000E-03
4.4971E-03 1.2000E-03
7.0965E-03 1.2000E-03
1.1090E-02 1.2000E-03
1.0891E-02 1.2000E-03
4.5174E-02 1.2000E-03
1.6504E-02 1.2000E-03
2.5525E-02 1.2000E-03
1.4977E-02 1.2000E-03
3.8373E-02 1.2000E-03
3.1430E-02 1.2000E-03
4.9014E-03 1.2000E-03
8.0652E-03 1.2000E-03
7.6899E-03 1.2000E-03
3.0462E-02 1.2000E-03
7.6701E-03 1.2000E-03
2.8513E-03 1.2000E-03
1.8231E-02 1.2000E-03
1.3282E-02 1.2000E-03
1.7057E-02 1.2000E-03
1.6117E-02 1.2000E-03
1.4088E-02 1.2000E-03
3.2395E-02 1.2000E-03
2.2639E-02 1.2000E-03
5.2864E-03 1.2000E-03
2.4957E-02 1.2000E-03
1.1496E-02 1.2000E-03
2.6096E-02 1.2000E-03
3.5691E-02 1.2000E-03
9.1814E-03 1.2000E-03
7.7661E-03 1.2000E-03
1.5527E-02 1.2000E-03
1.3057E-02 1.2000E-03
8.0098E-03 1.2000E-03
1.8823E-02 1.2000E-03
1.2796E-02 1.2000E-03
4.4665E-02 1.2000E-03
1.2043E-02 1.2000E-03
2.8537E-03 1.2000E-03
1.0252E-02 1.2000E-03
2.4584E-02 1.2000E-03
1.7926E-02 1.2000E-03
1.8246E-02 1.2000E-03
1.1910E-02 1.2000E-03
1.6269E-02 1.2000E-03
9.9985E-03 1.2000E-03
1.0995E-02 1.2000E-03
1.4153E-02 1.2000E-03
1.8235E-02 1.2000E-03
3.5742E-02 1.2000E-03
2.1193E-02 1.2000E-03
6.2993E-03 1.2000E-03
1.9907E-02 1.2000E-03
1.2706E-02 1.2000E-03
1.2016E-02 1.2000E-03
2.0721E-02 1.2000E-03
8.6001E-03 1.2000E-03
2.2154E-03 1.2000E-03
1.3899E-02 1.2000E-03
1.1481E-02 1.2000E-03
1.2876E-02 1.2000E-03
2.7651E-02 1.2000E-03
1.6351E-02 1.2000E-03
2.9689E-03 1.2000E-03
2.2122E-02 1.2000E-03
1.3670E-02 1.2000E-03
3.3776E-03 1.2000E-03
1.9851E-02 1.2000E-03
1.9002E-02 1.2000E-03
8.1959E-03 1.2000E-03
2.5617E-02 1.2000E-03
6.4360E-03 1.2000E-03
4.7297E-03 1.2000E-03
1.2434E-02 1.2000E-03
8.4541E-03 1.2000E-03
1.2757E-02 1.2000E-03
1.6642E-02 1.2000E-03
1.3158E-02 1.2000E-03
2.6815E-03 1.2000E-03
1.1684E-02 1.2000E-03
7.9216E-03 1.2000E-03
7.9756E-03 1.2000E-03
1.8083E-02 1.2000E-03
1.1531E-02 1.2000E-03
7.8803E-03 1.2000E-03
8.6752E-03 1.2000E-03
2.3354E-03 1.2000E-03
1.6076E-03 1.2000E-03
6.5898E-03 1.2000E-03
1.4148E-02 1.2000E-03
4.3598E-03 1.2000E-03
9.1710E-03 1.2000E-03
6.5505E-03 1.2000E-03
1.2842E-02 1.2000E-03
5.1821E-03 1.2000E-03
5.8266E-03 1.2000E-03
1.9090E-03 1.2000E-03
4.3558E-03 1.2000E-03
9.2847E-03 1.2000E-03
1.2302E-02 1.2000E-03
8.0557E-03 1.2000E-03
5.8483E-03 1.2000E-03
3.6548E-03 1.2000E-03
4.9660E-03 1.2000E-03
2.7274E-03 1.2000E-03
4.1751E-03 1.2000E-03
8.3682E-03 1.2000E-03
7.7197E-03 1.2000E-03
8.2843E-03 1.2000E-03
2.3514E-03 1.2000E-03
1.7137E-03 1.2000E-03
3.3764E-03 1.2000E-03
2.3857E-03 1.2000E-03
3.6110E-03 1.2000E-03
6.4932E-03 1.2000E-03
5.8029E-03 1.2000E-03
3.9427E-03 1.2000E-03
4.4676E-03 1.2000E-03
1.4033E-03 1.2000E-03
1.0601E-03 1.2000E-03
2.6392E-03 1.2000E-03
6.0524E-03 1.2000E-03
2.1379E-03 1.2000E-03
3.8798E-03 1.2000E-03
2.8421E-03 1.2000E-03
4.5531E-03 1.2000E-03
2.6455E-03 1.2000E-03
8.2055E-04 1.2000E-03
2.4309E-03 1.2000E-03
4.7198E-03 1.2000E-03
2.8907E-03 1.2000E-03
4.9003E-03 1.2000E-03
2.5967E-03 1.2000E-03
4.2730E-03 1.2000E-03
3.2604E-03 1.2000E-03
1.0597E-03 1.2000E-03
6.5757E-04 1.2000E-03
2.3008E-03 1.2000E-03
5.6273E-03 1.2000E-03
2.6255E-03 1.2000E-03
1.5928E-03 1.2000E-03
2.4975E-03 1.2000E-03
3.7565E-03 1.2000E-03
1.4820E-03 1.2000E-03
1.0788E-03 1.2000E-03
1.3850E-03 1.2000E-03
3.7767E-03 1.2000E-03
3.5231E-03 1.2000E-03
6.4016E-04 1.2000E-03
2.2456E-03 1.2000E-03
1.3041E-03 1.2000E-03
2.8696E-03 1.2000E-03
4.1495E-03 1.2000E-03
8.3572E-04 1.2000E-03
8.2174E-04 1.2000E-03
1.8605E-03 1.2000E-03
3.2129E-03 1.2000E-03
5.2636E-03 1.2000E-03
4.4284E-04 1.2000E-03
8.0080E-04 1.2000E-03
1.3099E-03 1.2000E-03
5.5328E-03 1.2000E-03
2.0917E-03 1.2000E-03
2.0825E-04 1.2000E-03
