338.7
159.7
171.2
168.5
160.5
167.9
166.2
157.4
155.2
155.7
157.6
163.6
164.2
162.7
161.0
166.8
169.9
155.5
156.0
167.5
164.2
145.7
162.5
163.5
154.5
140.2
144.1
160.6
141.7
147.8
141.3
150.0
147.8
159.7
148.2
150.7
142.8
149.5
139.9
141.2
150.2
151.6
143.7
154.7
148.6
149.9
144.3
152.1
144.1
142.6
146.5
145.1
145.1
145.6
144.6
137.7
139.3
141.5
161.2
147.9
139.6
152.2
144.6
156.8
149.2
141.7
163.8
144.3
144.4
146.9
135.7
157.4
145.1
139.7
142.3
138.3
141.7
145.1
145.7
134.5
145.0
140.0
141.6
145.3
130.7
157.5
141.5
140.1
156.9
137.5
144.9
144.2
138.3
143.6
143.6
160.7
145.1
152.3
145.6
139.8
142.2
142.1
140.9
139.1
157.8
139.4
146.4
141.8
161.0
147.4
157.7
160.7
158.4
160.4
147.2
159.7
160.6
141.0
140.7
156.6
160.5
157.7
156.9
155.6
144.4
168.5
158.2
157.5
162.3
158.3
139.9
147.5
142.0
162.7
143.9
140.3
142.9
149.0
162.2
145.5
141.8
160.8
145.2
150.9
142.7
152.6
149.7
142.1
160.5
141.6
140.4
143.5
145.1
144.7
148.6
140.0
158.5
139.4
140.8
141.5
157.0
139.4
137.4
142.7
139.0
138.7
140.9
143.7
137.5
139.7
139.1
147.0
137.6
142.1
147.8
142.9
145.3
142.9
142.3
144.0
144.3
142.8
138.8
143.8
144.9
145.1
143.0
142.1
146.0
144.4
144.4
150.0
138.5
142.7
141.2
143.3
139.5
140.5
141.3
145.0
142.1
135.9
142.0
140.2
145.4
143.6
144.4
148.5
143.6
141.8
138.3
146.2
141.4
155.2
150.5
142.4
138.7
138.7
129.2
141.7
145.8
143.6
137.9
142.2
136.2
149.0
152.5
134.8
143.0
138.9
144.9
148.4
139.0
134.7
146.6
144.4
135.3
135.5
146.7
144.4
140.4
149.1
133.6
151.1
134.2
144.2
133.3
148.5
149.1
130.1
135.4
137.2
131.7
135.4
135.5
147.7
132.4
131.5
137.3
135.3
137.6
128.6
132.3
142.4
129.6
130.8
137.1
128.9
134.7
136.5
140.7
133.9
149.9
134.1
128.8
135.6
143.1
131.7
137.9
142.3
135.3
132.2
134.8
134.0
129.2
134.4
136.3
141.0
132.6
147.0
145.9
129.7
135.1
135.0
132.0
132.3
130.4
132.5
136.7
146.2
136.6
130.4
131.0
138.4
144.3
130.8
132.2
139.2
136.4
134.2
135.9
