547.8
126.9
125.9
124.8
159.4
119.5
118.4
124.4
125.5
125.9
123.5
109.8
159.2
123.8
126.3
176.7
128.2
119.7
177.3
127.3
127.5
160.9
125.2
124.7
158.3
124.3
124.6
157.8
118.2
128.1
157.3
126.6
157.8
153.5
126.5
124.8
159.6
119.0
159.1
153.0
124.7
125.6
159.3
127.4
154.3
159.7
126.2
126.5
158.7
126.9
158.9
160.2
126.6
125.7
159.1
124.2
119.2
126.2
125.2
158.8
159.2
125.2
124.5
158.1
125.4
125.8
146.4
126.8
126.9
159.2
127.3
126.6
161.1
125.4
124.3
158.9
126.0
124.2
126.2
158.8
124.7
121.9
160.7
124.8
158.9
125.9
124.6
125.9
159.1
126.9
159.9
125.5
160.0
125.1
161.2
127.2
158.8
127.0
119.7
158.8
127.2
124.9
150.9
124.4
124.3
125.9
159.1
127.5
161.2
125.5
154.7
158.9
125.6
126.6
157.5
124.2
125.1
124.2
161.1
124.6
160.0
127.2
126.6
158.9
126.9
126.9
117.6
158.5
117.7
156.7
123.8
124.2
124.0
