0.000000000000000000e+00 0.000000000000000000e+00
1.325900000000000134e-01 -1.283318655900000070e-02
2.574100000000000277e-01 1.312818481499000156e-01
4.292500000000000204e-01 7.107982695700000575e-02
5.492000000000000215e-01 2.382965427500000066e-01
7.188499999999999890e-01 2.029339005639999860e-01
8.564399999999999791e-01 3.816867418129999967e-01
9.957599999999999785e-01 6.384303548887000357e-01
1.136619999999999964e+00 1.036067873474500134e+00
1.279409999999999936e+00 1.724017661841899862e+00
1.422039999999999971e+00 2.981263507044600303e+00
1.552810000000000024e+00 4.966490261507999548e+00
1.695850000000000080e+00 7.616580936481500252e+00
1.831749999999999989e+00 9.896597551196000708e+00
2.039010000000000211e+00 1.228916317613610154e+01
2.161639999999999784e+00 1.239245178504510037e+01
2.282750000000000057e+00 1.190428341752750185e+01
2.402649999999999952e+00 1.111924462091840127e+01
2.521830000000000016e+00 1.031930003827419995e+01
2.640890000000000182e+00 9.672516848335598993e+00
2.760460000000000136e+00 9.217252981998299788e+00
2.881279999999999841e+00 8.929637494895100502e+00
3.013279999999999959e+00 8.869504750695799800e+00
3.142030000000000101e+00 8.862619408193300075e+00
