RMS Step   Target
5.6716E-05 1.2000E-02
2.0287E-03 1.2000E-02
6.0935E-04 1.2000E-02
9.3560E-04 1.2000E-02
9.5334E-04 1.2000E-02
0.0000E+00 1.2000E-02
5.1553E-05 1.2000E-02
2.9319E-04 1.2000E-02
2.5404E-04 1.2000E-02
2.8358E-04 1.2000E-02
2.4148E-03 1.2000E-02
2.7705E-03 1.2000E-02
4.8210E-04 1.2000E-02
4.0229E-04 1.2000E-02
1.9520E-04 1.2000E-02
5.8371E-04 1.2000E-02
1.7537E-03 1.2000E-02
4.9704E-04 1.2000E-02
3.6281E-04 1.2000E-02
2.5685E-04 1.2000E-02
3.4508E-04 1.2000E-02
5.7933E-04 1.2000E-02
5.8133E-04 1.2000E-02
4.0492E-04 1.2000E-02
8.7234E-04 1.2000E-02
6.1439E-04 1.2000E-02
1.4459E-04 1.2000E-02
3.0723E-04 1.2000E-02
1.5604E-04 1.2000E-02
