0.000000000000000000e+00 0.000000000000000000e+00
2.678200000000000025e-01 -1.238202641327000031e-01
5.499800000000000244e-01 -1.376408361032000205e-01
8.068800000000000416e-01 -1.374161251302999931e-01
1.058449999999999891e+00 -9.457916049440000250e-02
1.312349999999999905e+00 -3.420564109180000006e-02
1.572540000000000049e+00 4.719589315350000008e-02
1.837150000000000061e+00 3.368743160941999881e-01
2.095130000000000159e+00 3.024897721865000277e-01
2.360510000000000108e+00 5.287532651034000386e-01
2.648299999999999876e+00 1.125381668700800031e+00
2.960620000000000029e+00 2.154147972953100343e+00
3.258459999999999912e+00 6.310286289550099958e+00
3.553650000000000198e+00 1.120399535894940080e+01
3.858400000000000052e+00 1.286709595309290144e+01
4.150100000000000122e+00 1.229251470170509997e+01
4.429619999999999891e+00 1.265721019407240000e+01
4.701030000000000264e+00 1.361056635726050068e+01
4.965740000000000265e+00 1.401269972682769982e+01
5.242720000000000269e+00 1.383893727640299964e+01
5.496649999999999814e+00 1.346850566151580075e+01
5.750569999999999737e+00 1.323848991578250001e+01
6.015369999999999884e+00 1.316469404162080004e+01
6.277660000000000018e+00 1.323071037295500219e+01
