569.7
173.1
174.0
173.7
166.9
174.7
175.6
175.7
174.5
174.8
174.2
172.4
176.0
175.3
174.2
172.4
177.6
176.1
174.0
175.3
174.7
174.2
174.7
169.1
245.5
172.6
174.3
172.7
173.6
173.8
169.3
173.4
174.1
175.3
174.1
172.8
173.9
176.8
175.1
175.2
170.8
173.2
177.2
175.0
176.1
174.9
220.6
156.6
156.9
156.7
151.5
171.2
177.0
176.7
175.6
167.0
174.2
192.2
193.6
190.5
191.9
191.6
185.4
187.5
176.5
176.0
175.2
174.0
238.1
157.9
157.0
158.5
154.6
157.3
176.3
171.8
178.4
173.8
185.4
189.9
183.8
192.4
194.1
192.7
194.0
189.1
190.5
171.6
174.8
172.2
236.9
155.8
155.5
157.0
153.1
158.4
155.9
172.7
173.3
174.5
190.9
190.7
191.2
191.3
184.4
193.5
192.0
189.7
191.7
173.2
173.3
166.6
235.9
153.9
155.6
156.7
157.8
156.6
157.3
156.1
171.4
174.6
190.5
190.1
184.4
191.1
191.2
184.3
191.5
189.2
172.5
172.3
237.3
153.8
153.9
155.8
154.1
156.6
155.1
157.0
173.2
165.9
191.6
191.7
191.2
190.4
189.1
191.7
191.3
192.7
172.0
172.3
237.5
161.1
155.2
154.7
149.0
154.1
155.9
157.1
156.3
174.2
191.3
206.7
191.4
183.5
190.9
189.1
185.1
191.8
221.3
155.3
149.3
155.1
155.8
155.0
158.9
155.8
155.9
175.7
186.6
209.0
191.2
192.9
192.2
185.3
189.6
190.3
221.0
156.1
156.1
156.3
157.5
156.7
153.0
174.4
185.5
207.3
190.5
192.3
191.8
192.1
190.7
216.0
155.9
154.4
156.1
158.1
157.3
192.7
209.3
206.7
226.7
209.7
125.2
189.9
190.6
158.7
160.3
176.9
157.0
168.5
175.2
157.8
176.2
176.0
157.1
158.3
157.8
157.0
157.7
158.9
158.8
158.3
159.0
124.4
158.7
124.9
126.8
158.9
124.3
125.7
126.1
126.4
125.2
125.8
126.7
125.6
