512.2
154.5
125.7
127.2
125.0
125.6
124.6
126.4
124.0
125.1
122.9
124.7
124.9
156.5
125.7
156.5
155.3
124.8
155.8
155.6
127.4
153.9
153.9
125.4
156.9
154.6
126.5
157.5
157.8
124.2
158.0
155.4
125.7
156.0
156.1
126.2
158.3
155.2
125.6
157.3
153.5
126.6
153.6
154.2
123.5
156.1
153.6
125.2
154.8
157.1
122.9
156.2
156.3
125.9
151.3
155.6
126.5
155.6
156.1
125.9
154.3
156.1
126.0
156.0
156.5
123.5
156.8
156.7
125.0
156.1
154.9
127.0
158.3
155.2
124.7
155.0
155.0
108.6
155.5
156.2
110.9
150.7
155.7
109.2
155.7
162.4
112.8
155.9
155.8
110.5
155.4
155.5
109.1
155.9
154.6
110.3
154.8
156.0
110.6
157.1
155.3
154.7
