RMS Step   Target
2.2222E-03 1.2000E-03
5.2027E-03 1.2000E-03
1.0362E-02 1.2000E-03
1.0651E-02 1.2000E-03
1.7267E-03 1.2000E-03
4.5981E-04 1.2000E-03
2.5830E-03 1.2000E-03
2.8815E-03 1.2000E-03
4.1929E-03 1.2000E-03
1.1716E-03 1.2000E-03
1.2565E-03 1.2000E-03
1.8160E-03 1.2000E-03
4.4528E-03 1.2000E-03
1.9999E-03 1.2000E-03
1.9690E-03 1.2000E-03
2.3288E-03 1.2000E-03
3.0124E-03 1.2000E-03
8.7719E-04 1.2000E-03
2.2330E-04 1.2000E-03
5.6070E-04 1.2000E-03
9.7861E-04 1.2000E-03
3.5313E-04 1.2000E-03
4.4440E-04 1.2000E-03
5.4443E-04 1.2000E-03
8.3775E-04 1.2000E-03
1.7782E-03 1.2000E-03
5.6067E-04 1.2000E-03
1.1102E-04 1.2000E-03
1.1102E-04 1.2000E-03
