RMS Grad   Target
1.3460E-03 3.0000E-04
1.0894E-03 3.0000E-04
1.3171E-03 3.0000E-04
2.7749E-03 3.0000E-04
1.0311E-03 3.0000E-04
8.1906E-04 3.0000E-04
8.9452E-04 3.0000E-04
8.8149E-04 3.0000E-04
2.6507E-03 3.0000E-04
5.8727E-04 3.0000E-04
4.0453E-04 3.0000E-04
4.8728E-04 3.0000E-04
9.0157E-04 3.0000E-04
4.8796E-04 3.0000E-04
3.8212E-04 3.0000E-04
4.7862E-04 3.0000E-04
1.0597E-03 3.0000E-04
3.1441E-04 3.0000E-04
2.1656E-04 3.0000E-04
2.4987E-04 3.0000E-04
4.0007E-04 3.0000E-04
2.0668E-04 3.0000E-04
1.5658E-04 3.0000E-04
1.9485E-04 3.0000E-04
3.0929E-04 3.0000E-04
1.1612E-04 3.0000E-04
9.3338E-05 3.0000E-04
1.0858E-04 3.0000E-04
1.0285E-04 3.0000E-04
3.2728E-04 3.0000E-04
5.4278E-05 3.0000E-04
4.6618E-05 3.0000E-04
4.6618E-05 3.0000E-04
