Max Step   Target
6.9628E-03 1.8000E-03
1.3270E-02 1.8000E-03
1.5640E-02 1.8000E-03
5.9803E-03 1.8000E-03
8.8482E-03 1.8000E-03
1.4047E-02 1.8000E-03
1.8280E-02 1.8000E-03
1.3094E-02 1.8000E-03
6.7323E-03 1.8000E-03
1.3868E-03 1.8000E-03
5.2265E-03 1.8000E-03
5.4727E-03 1.8000E-03
4.8696E-03 1.8000E-03
4.2738E-03 1.8000E-03
5.4845E-03 1.8000E-03
5.4966E-03 1.8000E-03
5.4661E-03 1.8000E-03
6.8011E-03 1.8000E-03
2.3245E-03 1.8000E-03
2.1023E-03 1.8000E-03
3.5686E-03 1.8000E-03
1.8189E-03 1.8000E-03
8.8584E-04 1.8000E-03
4.2853E-03 1.8000E-03
1.2601E-03 1.8000E-03
1.9463E-03 1.8000E-03
2.7555E-03 1.8000E-03
2.3333E-03 1.8000E-03
3.7178E-03 1.8000E-03
3.6847E-03 1.8000E-03
2.1605E-03 1.8000E-03
1.6442E-03 1.8000E-03
1.6442E-03 1.8000E-03
