RMS Step   Target
2.2222E-03 1.2000E-03
3.9703E-03 1.2000E-03
4.0585E-03 1.2000E-03
1.5114E-03 1.2000E-03
2.1904E-03 1.2000E-03
3.4596E-03 1.2000E-03
4.9535E-03 1.2000E-03
3.6389E-03 1.2000E-03
1.7115E-03 1.2000E-03
4.2243E-04 1.2000E-03
2.0203E-03 1.2000E-03
2.4066E-03 1.2000E-03
2.2149E-03 1.2000E-03
1.4729E-03 1.2000E-03
1.7814E-03 1.2000E-03
1.9675E-03 1.2000E-03
2.1260E-03 1.2000E-03
2.6538E-03 1.2000E-03
9.4921E-04 1.2000E-03
8.4295E-04 1.2000E-03
1.3905E-03 1.2000E-03
8.4897E-04 1.2000E-03
3.8350E-04 1.2000E-03
1.9141E-03 1.2000E-03
4.9420E-04 1.2000E-03
4.9659E-04 1.2000E-03
7.0645E-04 1.2000E-03
6.4826E-04 1.2000E-03
9.7478E-04 1.2000E-03
7.9936E-04 1.2000E-03
4.3353E-04 1.2000E-03
5.0452E-04 1.2000E-03
5.0452E-04 1.2000E-03
