Max Step   Target
4.1043E-03 1.8000E-02
1.5011E-01 1.8000E-02
5.1686E-02 1.8000E-02
8.9115E-02 1.8000E-02
1.2098E-01 1.8000E-02
1.0807E-01 1.8000E-02
0.0000E+00 1.8000E-02
1.5598E-03 1.8000E-02
3.0723E-03 1.8000E-02
4.4046E-03 1.8000E-02
5.8200E-03 1.8000E-02
1.0777E-01 1.8000E-02
1.7928E-02 1.8000E-02
3.2891E-02 1.8000E-02
2.0643E-02 1.8000E-02
8.0262E-03 1.8000E-02
3.6565E-02 1.8000E-02
1.6905E-02 1.8000E-02
2.6634E-02 1.8000E-02
9.6780E-03 1.8000E-02
1.4244E-02 1.8000E-02
1.6172E-02 1.8000E-02
1.8486E-02 1.8000E-02
1.7215E-02 1.8000E-02
