RMS Grad   Target
7.2434E-04 3.0000E-03
6.9615E-04 3.0000E-03
4.9581E-04 3.0000E-03
3.5159E-04 3.0000E-03
2.6468E-04 3.0000E-03
2.3816E-04 3.0000E-03
3.4955E-04 3.0000E-03
2.1132E-04 3.0000E-03
1.6138E-04 3.0000E-03
1.3912E-04 3.0000E-03
1.1936E-04 3.0000E-03
1.1192E-04 3.0000E-03
5.9319E-04 3.0000E-03
5.5916E-04 3.0000E-03
1.2872E-04 3.0000E-03
1.3878E-04 3.0000E-03
1.0330E-04 3.0000E-03
1.7013E-04 3.0000E-03
2.1794E-04 3.0000E-03
1.1172E-04 3.0000E-03
9.0453E-05 3.0000E-03
9.4960E-05 3.0000E-03
9.4431E-05 3.0000E-03
1.6247E-04 3.0000E-03
1.1261E-04 3.0000E-03
