487.9
166.8
165.5
167.6
168.0
171.0
167.8
166.0
166.8
165.4
166.9
168.7
167.4
170.1
168.3
168.6
167.3
168.6
170.3
170.8
169.8
171.4
171.2
169.4
215.5
166.6
168.5
170.0
169.4
167.7
169.0
168.4
166.3
171.6
170.1
168.5
167.9
170.6
168.3
169.9
169.7
169.1
170.1
170.1
169.3
171.0
213.9
150.8
152.9
151.8
153.6
154.2
169.0
170.0
166.5
168.6
167.6
169.1
170.1
171.5
166.2
171.3
170.4
168.3
169.1
169.1
169.4
155.6
211.9
151.8
152.6
151.3
151.7
150.7
152.0
154.9
166.5
169.2
168.4
170.8
169.2
169.2
170.0
171.3
169.6
170.5
169.3
170.7
168.9
153.0
215.1
151.7
152.5
152.3
150.7
153.1
154.5
166.3
169.2
168.2
169.2
183.9
186.5
170.3
168.7
169.1
169.9
167.8
151.8
213.9
152.5
152.3
152.0
151.8
152.5
153.8
153.0
170.4
170.0
186.2
186.3
201.5
169.7
214.7
154.6
151.8
153.6
153.8
153.0
152.7
156.0
167.6
168.9
184.2
185.2
201.5
168.1
171.2
212.2
150.7
150.4
150.6
151.3
152.0
153.1
151.8
153.3
169.6
185.8
185.3
200.9
170.2
202.6
200.7
153.5
152.4
154.7
169.0
201.7
153.1
199.9
200.7
155.3
200.4
200.5
201.9
200.0
124.8
186.1
170.1
168.3
155.1
153.8
169.8
155.1
156.3
151.6
155.1
154.1
154.3
153.6
