RMS Grad   Target
1.3489E-02 2.0000E-04
1.3242E-02 2.0000E-04
1.1405E-02 2.0000E-04
8.5274E-03 2.0000E-04
5.7261E-03 2.0000E-04
3.7429E-03 2.0000E-04
2.7473E-03 2.0000E-04
2.6568E-03 2.0000E-04
2.9367E-03 2.0000E-04
3.2052E-03 2.0000E-04
3.4560E-03 2.0000E-04
3.6175E-03 2.0000E-04
3.6172E-03 2.0000E-04
3.6320E-03 2.0000E-04
3.5455E-03 2.0000E-04
3.3876E-03 2.0000E-04
3.3098E-03 2.0000E-04
3.1053E-03 2.0000E-04
2.9199E-03 2.0000E-04
2.7353E-03 2.0000E-04
2.5028E-03 2.0000E-04
2.3577E-03 2.0000E-04
2.1255E-03 2.0000E-04
1.9440E-03 2.0000E-04
1.8064E-03 2.0000E-04
1.5888E-03 2.0000E-04
1.4712E-03 2.0000E-04
1.3706E-03 2.0000E-04
1.2373E-03 2.0000E-04
1.1603E-03 2.0000E-04
1.1716E-03 2.0000E-04
1.0877E-03 2.0000E-04
1.1556E-03 2.0000E-04
1.1017E-03 2.0000E-04
1.1838E-03 2.0000E-04
1.1424E-03 2.0000E-04
1.2005E-03 2.0000E-04
1.1790E-03 2.0000E-04
1.1919E-03 2.0000E-04
1.2358E-03 2.0000E-04
1.2148E-03 2.0000E-04
1.3165E-03 2.0000E-04
1.2879E-03 2.0000E-04
1.4532E-03 2.0000E-04
1.4029E-03 2.0000E-04
1.5979E-03 2.0000E-04
1.5164E-03 2.0000E-04
1.5480E-03 2.0000E-04
1.4451E-03 2.0000E-04
1.4376E-03 2.0000E-04
1.3291E-03 2.0000E-04
1.2935E-03 2.0000E-04
1.1997E-03 2.0000E-04
1.1392E-03 2.0000E-04
1.0727E-03 2.0000E-04
9.9954E-04 2.0000E-04
9.5895E-04 2.0000E-04
9.0033E-04 2.0000E-04
8.8630E-04 2.0000E-04
8.6377E-04 2.0000E-04
8.4057E-04 2.0000E-04
9.0366E-04 2.0000E-04
8.8944E-04 2.0000E-04
1.2049E-03 2.0000E-04
1.1539E-03 2.0000E-04
1.2903E-03 2.0000E-04
1.2066E-03 2.0000E-04
1.2552E-03 2.0000E-04
1.1619E-03 2.0000E-04
1.2084E-03 2.0000E-04
1.1171E-03 2.0000E-04
1.1599E-03 2.0000E-04
1.0728E-03 2.0000E-04
1.0851E-03 2.0000E-04
1.0035E-03 2.0000E-04
1.0098E-03 2.0000E-04
9.2297E-04 2.0000E-04
9.4071E-04 2.0000E-04
8.4750E-04 2.0000E-04
9.0858E-04 2.0000E-04
8.0282E-04 2.0000E-04
9.5029E-04 2.0000E-04
8.6646E-04 2.0000E-04
1.0866E-03 2.0000E-04
9.9266E-04 2.0000E-04
1.1078E-03 2.0000E-04
9.9723E-04 2.0000E-04
1.0465E-03 2.0000E-04
9.3602E-04 2.0000E-04
9.6147E-04 2.0000E-04
8.5185E-04 2.0000E-04
8.7703E-04 2.0000E-04
7.7415E-04 2.0000E-04
8.1384E-04 2.0000E-04
7.2752E-04 2.0000E-04
8.0025E-04 2.0000E-04
7.2918E-04 2.0000E-04
8.0038E-04 2.0000E-04
7.4059E-04 2.0000E-04
7.8921E-04 2.0000E-04
7.2155E-04 2.0000E-04
7.5618E-04 2.0000E-04
6.9681E-04 2.0000E-04
6.8002E-04 2.0000E-04
6.8869E-04 2.0000E-04
6.5046E-04 2.0000E-04
8.2029E-04 2.0000E-04
7.5900E-04 2.0000E-04
1.0267E-03 2.0000E-04
9.1130E-04 2.0000E-04
1.0128E-03 2.0000E-04
8.4877E-04 2.0000E-04
8.8628E-04 2.0000E-04
7.1035E-04 2.0000E-04
7.8620E-04 2.0000E-04
6.5226E-04 2.0000E-04
7.8004E-04 2.0000E-04
6.7842E-04 2.0000E-04
8.7894E-04 2.0000E-04
7.6575E-04 2.0000E-04
8.8624E-04 2.0000E-04
7.6156E-04 2.0000E-04
8.4858E-04 2.0000E-04
7.1661E-04 2.0000E-04
7.9760E-04 2.0000E-04
6.7126E-04 2.0000E-04
7.5344E-04 2.0000E-04
6.4669E-04 2.0000E-04
7.7998E-04 2.0000E-04
6.8864E-04 2.0000E-04
8.2003E-04 2.0000E-04
7.2357E-04 2.0000E-04
8.2298E-04 2.0000E-04
6.9957E-04 2.0000E-04
7.5316E-04 2.0000E-04
6.2644E-04 2.0000E-04
6.4004E-04 2.0000E-04
5.6516E-04 2.0000E-04
6.5534E-04 2.0000E-04
5.7915E-04 2.0000E-04
7.8793E-04 2.0000E-04
6.5433E-04 2.0000E-04
7.9162E-04 2.0000E-04
6.0410E-04 2.0000E-04
6.4374E-04 2.0000E-04
4.9393E-04 2.0000E-04
5.8406E-04 2.0000E-04
5.6868E-04 2.0000E-04
6.3977E-04 2.0000E-04
6.1277E-04 2.0000E-04
7.3714E-04 2.0000E-04
6.3175E-04 2.0000E-04
8.6326E-04 2.0000E-04
6.9165E-04 2.0000E-04
7.2519E-04 2.0000E-04
5.8308E-04 2.0000E-04
5.6392E-04 2.0000E-04
5.0756E-04 2.0000E-04
4.6486E-04 2.0000E-04
5.1509E-04 2.0000E-04
4.5565E-04 2.0000E-04
5.5066E-04 2.0000E-04
4.7692E-04 2.0000E-04
5.5203E-04 2.0000E-04
4.6962E-04 2.0000E-04
5.5341E-04 2.0000E-04
4.7922E-04 2.0000E-04
5.4710E-04 2.0000E-04
5.0499E-04 2.0000E-04
4.9252E-04 2.0000E-04
7.1280E-04 2.0000E-04
5.2217E-04 2.0000E-04
8.9612E-04 2.0000E-04
6.2941E-04 2.0000E-04
5.3331E-04 2.0000E-04
5.9743E-04 2.0000E-04
5.4617E-04 2.0000E-04
4.7319E-04 2.0000E-04
5.0812E-04 2.0000E-04
4.4380E-04 2.0000E-04
4.7683E-04 2.0000E-04
4.3057E-04 2.0000E-04
4.6894E-04 2.0000E-04
4.3561E-04 2.0000E-04
4.9062E-04 2.0000E-04
4.7495E-04 2.0000E-04
5.1114E-04 2.0000E-04
6.5062E-04 2.0000E-04
5.1627E-04 2.0000E-04
8.6210E-04 2.0000E-04
5.0121E-04 2.0000E-04
4.6238E-04 2.0000E-04
4.2001E-04 2.0000E-04
4.0734E-04 2.0000E-04
3.9211E-04 2.0000E-04
3.5585E-04 2.0000E-04
4.2522E-04 2.0000E-04
3.9816E-04 2.0000E-04
4.8265E-04 2.0000E-04
4.3652E-04 2.0000E-04
4.9970E-04 2.0000E-04
4.5568E-04 2.0000E-04
5.6869E-04 2.0000E-04
5.2451E-04 2.0000E-04
5.9381E-04 2.0000E-04
7.6364E-04 2.0000E-04
4.9520E-04 2.0000E-04
4.6774E-04 2.0000E-04
5.0293E-04 2.0000E-04
5.1233E-04 2.0000E-04
4.6202E-04 2.0000E-04
3.9993E-04 2.0000E-04
3.5687E-04 2.0000E-04
3.2193E-04 2.0000E-04
3.0696E-04 2.0000E-04
4.1013E-04 2.0000E-04
3.6686E-04 2.0000E-04
5.8465E-04 2.0000E-04
4.4991E-04 2.0000E-04
6.0981E-04 2.0000E-04
4.2293E-04 2.0000E-04
5.0350E-04 2.0000E-04
6.2500E-04 2.0000E-04
4.7594E-04 2.0000E-04
5.6190E-04 2.0000E-04
5.6106E-04 2.0000E-04
5.1215E-04 2.0000E-04
4.5773E-04 2.0000E-04
4.4429E-04 2.0000E-04
3.8614E-04 2.0000E-04
3.7538E-04 2.0000E-04
3.4809E-04 2.0000E-04
4.0489E-04 2.0000E-04
3.6714E-04 2.0000E-04
5.2549E-04 2.0000E-04
4.6701E-04 2.0000E-04
6.0001E-04 2.0000E-04
5.0395E-04 2.0000E-04
5.4880E-04 2.0000E-04
4.5931E-04 2.0000E-04
4.7711E-04 2.0000E-04
4.6862E-04 2.0000E-04
8.9652E-04 2.0000E-04
4.3001E-04 2.0000E-04
3.2186E-04 2.0000E-04
4.9326E-04 2.0000E-04
5.6189E-04 2.0000E-04
4.9658E-04 2.0000E-04
5.2363E-04 2.0000E-04
3.7853E-04 2.0000E-04
3.3317E-04 2.0000E-04
3.4377E-04 2.0000E-04
4.2676E-04 2.0000E-04
5.7542E-04 2.0000E-04
4.8112E-04 2.0000E-04
5.6859E-04 2.0000E-04
5.2253E-04 2.0000E-04
3.7958E-04 2.0000E-04
4.8947E-04 2.0000E-04
3.5526E-04 2.0000E-04
3.1774E-04 2.0000E-04
3.6606E-04 2.0000E-04
3.9262E-04 2.0000E-04
3.0549E-04 2.0000E-04
3.6323E-04 2.0000E-04
3.0864E-04 2.0000E-04
4.0933E-04 2.0000E-04
5.5169E-04 2.0000E-04
4.2359E-04 2.0000E-04
5.2763E-04 2.0000E-04
3.1094E-04 2.0000E-04
3.4853E-04 2.0000E-04
3.8363E-04 2.0000E-04
4.5066E-04 2.0000E-04
3.3986E-04 2.0000E-04
3.1946E-04 2.0000E-04
2.6578E-04 2.0000E-04
3.4903E-04 2.0000E-04
4.7272E-04 2.0000E-04
4.3022E-04 2.0000E-04
4.8839E-04 2.0000E-04
3.7029E-04 2.0000E-04
6.0205E-04 2.0000E-04
3.4880E-04 2.0000E-04
2.9065E-04 2.0000E-04
3.5376E-04 2.0000E-04
4.6081E-04 2.0000E-04
3.7849E-04 2.0000E-04
3.9407E-04 2.0000E-04
2.8915E-04 2.0000E-04
3.6134E-04 2.0000E-04
4.2884E-04 2.0000E-04
3.9517E-04 2.0000E-04
6.1770E-04 2.0000E-04
4.1977E-04 2.0000E-04
6.5898E-04 2.0000E-04
4.0897E-04 2.0000E-04
3.8505E-04 2.0000E-04
3.9870E-04 2.0000E-04
3.8528E-04 2.0000E-04
3.8182E-04 2.0000E-04
3.5292E-04 2.0000E-04
4.4948E-04 2.0000E-04
3.3281E-04 2.0000E-04
8.1329E-04 2.0000E-04
3.9851E-04 2.0000E-04
3.6750E-04 2.0000E-04
4.8493E-04 2.0000E-04
4.2983E-04 2.0000E-04
3.7169E-04 2.0000E-04
3.7682E-04 2.0000E-04
4.2055E-04 2.0000E-04
3.3397E-04 2.0000E-04
3.4441E-04 2.0000E-04
3.8311E-04 2.0000E-04
4.5346E-04 2.0000E-04
4.0246E-04 2.0000E-04
2.9840E-04 2.0000E-04
3.2964E-04 2.0000E-04
4.8650E-04 2.0000E-04
4.0277E-04 2.0000E-04
3.1755E-04 2.0000E-04
3.9126E-04 2.0000E-04
4.6628E-04 2.0000E-04
3.9141E-04 2.0000E-04
4.2135E-04 2.0000E-04
4.2964E-04 2.0000E-04
3.8228E-04 2.0000E-04
4.0839E-04 2.0000E-04
4.0394E-04 2.0000E-04
3.1814E-04 2.0000E-04
3.4798E-04 2.0000E-04
4.9926E-04 2.0000E-04
3.0959E-04 2.0000E-04
2.6854E-04 2.0000E-04
3.0328E-04 2.0000E-04
3.5996E-04 2.0000E-04
3.5412E-04 2.0000E-04
3.5127E-04 2.0000E-04
3.4965E-04 2.0000E-04
2.9887E-04 2.0000E-04
2.9208E-04 2.0000E-04
3.6446E-04 2.0000E-04
3.1771E-04 2.0000E-04
4.0207E-04 2.0000E-04
3.4522E-04 2.0000E-04
3.2359E-04 2.0000E-04
3.8855E-04 2.0000E-04
5.8165E-04 2.0000E-04
3.1171E-04 2.0000E-04
3.7227E-04 2.0000E-04
3.9107E-04 2.0000E-04
3.2509E-04 2.0000E-04
3.0928E-04 2.0000E-04
2.7603E-04 2.0000E-04
4.0684E-04 2.0000E-04
3.2070E-04 2.0000E-04
2.6301E-04 2.0000E-04
3.8496E-04 2.0000E-04
2.7913E-04 2.0000E-04
2.8045E-04 2.0000E-04
3.1475E-04 2.0000E-04
3.5336E-04 2.0000E-04
2.5572E-04 2.0000E-04
2.7065E-04 2.0000E-04
2.9459E-04 2.0000E-04
2.3181E-04 2.0000E-04
2.9157E-04 2.0000E-04
2.8449E-04 2.0000E-04
2.4324E-04 2.0000E-04
3.0337E-04 2.0000E-04
4.7246E-04 2.0000E-04
2.3911E-04 2.0000E-04
1.8687E-04 2.0000E-04
2.4887E-04 2.0000E-04
3.4490E-04 2.0000E-04
4.3120E-04 2.0000E-04
2.0771E-04 2.0000E-04
2.3463E-04 2.0000E-04
3.2291E-04 2.0000E-04
3.9135E-04 2.0000E-04
2.6739E-04 2.0000E-04
2.5397E-04 2.0000E-04
2.5775E-04 2.0000E-04
2.8562E-04 2.0000E-04
3.5903E-04 2.0000E-04
2.3957E-04 2.0000E-04
2.2189E-04 2.0000E-04
2.8114E-04 2.0000E-04
2.7107E-04 2.0000E-04
2.6488E-04 2.0000E-04
2.4194E-04 2.0000E-04
2.7866E-04 2.0000E-04
2.8987E-04 2.0000E-04
3.2614E-04 2.0000E-04
3.3855E-04 2.0000E-04
2.5803E-04 2.0000E-04
2.4028E-04 2.0000E-04
3.3088E-04 2.0000E-04
3.7134E-04 2.0000E-04
2.4430E-04 2.0000E-04
2.5421E-04 2.0000E-04
3.1134E-04 2.0000E-04
3.1548E-04 2.0000E-04
3.6724E-04 2.0000E-04
3.6121E-04 2.0000E-04
2.8689E-04 2.0000E-04
2.4703E-04 2.0000E-04
3.5280E-04 2.0000E-04
2.9216E-04 2.0000E-04
2.9504E-04 2.0000E-04
2.9027E-04 2.0000E-04
3.1971E-04 2.0000E-04
2.6612E-04 2.0000E-04
3.0299E-04 2.0000E-04
3.6173E-04 2.0000E-04
2.5227E-04 2.0000E-04
2.9847E-04 2.0000E-04
3.7789E-04 2.0000E-04
2.6738E-04 2.0000E-04
2.7092E-04 2.0000E-04
2.6727E-04 2.0000E-04
2.5010E-04 2.0000E-04
3.8409E-04 2.0000E-04
2.4873E-04 2.0000E-04
2.6355E-04 2.0000E-04
2.4298E-04 2.0000E-04
2.2718E-04 2.0000E-04
3.2293E-04 2.0000E-04
2.7006E-04 2.0000E-04
2.0859E-04 2.0000E-04
2.8445E-04 2.0000E-04
3.0486E-04 2.0000E-04
2.6711E-04 2.0000E-04
2.7925E-04 2.0000E-04
2.5687E-04 2.0000E-04
2.2628E-04 2.0000E-04
2.6371E-04 2.0000E-04
3.7431E-04 2.0000E-04
1.9433E-04 2.0000E-04
1.8695E-04 2.0000E-04
2.1876E-04 2.0000E-04
4.3332E-04 2.0000E-04
1.9030E-04 2.0000E-04
1.9545E-04 2.0000E-04
2.7961E-04 2.0000E-04
2.1178E-04 2.0000E-04
1.9960E-04 2.0000E-04
2.4758E-04 2.0000E-04
1.9382E-04 2.0000E-04
1.8576E-04 2.0000E-04
2.5751E-04 2.0000E-04
2.4049E-04 2.0000E-04
2.1263E-04 2.0000E-04
1.9430E-04 2.0000E-04
3.5631E-04 2.0000E-04
2.7055E-04 2.0000E-04
1.8288E-04 2.0000E-04
1.7999E-04 2.0000E-04
2.4538E-04 2.0000E-04
3.9417E-04 2.0000E-04
2.0958E-04 2.0000E-04
1.9189E-04 2.0000E-04
2.4386E-04 2.0000E-04
4.7716E-04 2.0000E-04
2.9684E-04 2.0000E-04
4.2816E-04 2.0000E-04
1.9619E-04 2.0000E-04
1.9268E-04 2.0000E-04
2.4076E-04 2.0000E-04
4.6963E-04 2.0000E-04
2.0999E-04 2.0000E-04
2.1724E-04 2.0000E-04
2.3630E-04 2.0000E-04
3.2080E-04 2.0000E-04
2.2513E-04 2.0000E-04
2.5437E-04 2.0000E-04
2.2202E-04 2.0000E-04
2.0192E-04 2.0000E-04
3.0620E-04 2.0000E-04
2.3333E-04 2.0000E-04
2.4297E-04 2.0000E-04
2.0639E-04 2.0000E-04
1.9678E-04 2.0000E-04
2.3710E-04 2.0000E-04
3.6171E-04 2.0000E-04
1.7798E-04 2.0000E-04
1.6081E-04 2.0000E-04
2.3041E-04 2.0000E-04
3.1199E-04 2.0000E-04
1.8417E-04 2.0000E-04
1.7955E-04 2.0000E-04
2.3335E-04 2.0000E-04
2.6816E-04 2.0000E-04
2.5390E-04 2.0000E-04
1.6838E-04 2.0000E-04
1.7847E-04 2.0000E-04
1.9803E-04 2.0000E-04
1.7827E-04 2.0000E-04
1.8260E-04 2.0000E-04
1.8380E-04 2.0000E-04
1.6690E-04 2.0000E-04
2.3385E-04 2.0000E-04
1.5583E-04 2.0000E-04
1.7096E-04 2.0000E-04
1.9278E-04 2.0000E-04
2.1969E-04 2.0000E-04
1.6238E-04 2.0000E-04
1.8703E-04 2.0000E-04
1.6698E-04 2.0000E-04
1.4835E-04 2.0000E-04
2.1745E-04 2.0000E-04
2.0570E-04 2.0000E-04
1.5703E-04 2.0000E-04
2.2962E-04 2.0000E-04
2.3639E-04 2.0000E-04
1.5229E-04 2.0000E-04
1.5810E-04 2.0000E-04
1.6914E-04 2.0000E-04
1.7951E-04 2.0000E-04
2.5432E-04 2.0000E-04
1.5155E-04 2.0000E-04
1.2601E-04 2.0000E-04
1.6923E-04 2.0000E-04
2.2317E-04 2.0000E-04
1.4359E-04 2.0000E-04
1.3112E-04 2.0000E-04
1.4637E-04 2.0000E-04
2.3844E-04 2.0000E-04
1.3938E-04 2.0000E-04
1.3233E-04 2.0000E-04
1.6027E-04 2.0000E-04
1.5168E-04 2.0000E-04
1.2419E-04 2.0000E-04
1.3985E-04 2.0000E-04
1.3370E-04 2.0000E-04
1.2030E-04 2.0000E-04
1.8341E-04 2.0000E-04
1.2003E-04 2.0000E-04
1.1338E-04 2.0000E-04
1.4694E-04 2.0000E-04
2.0174E-04 2.0000E-04
1.1049E-04 2.0000E-04
1.0910E-04 2.0000E-04
1.3136E-04 2.0000E-04
2.4861E-04 2.0000E-04
1.1514E-04 2.0000E-04
1.0738E-04 2.0000E-04
1.3125E-04 2.0000E-04
2.4744E-04 2.0000E-04
1.4013E-04 2.0000E-04
1.1943E-04 2.0000E-04
1.6699E-04 2.0000E-04
1.5033E-04 2.0000E-04
1.2983E-04 2.0000E-04
1.7207E-04 2.0000E-04
1.3184E-04 2.0000E-04
1.3421E-04 2.0000E-04
1.9301E-04 2.0000E-04
1.8330E-04 2.0000E-04
1.4756E-04 2.0000E-04
2.1379E-04 2.0000E-04
1.5612E-04 2.0000E-04
1.3516E-04 2.0000E-04
1.8812E-04 2.0000E-04
2.6974E-04 2.0000E-04
1.6029E-04 2.0000E-04
2.0239E-04 2.0000E-04
2.6451E-04 2.0000E-04
1.5763E-04 2.0000E-04
1.9666E-04 2.0000E-04
1.7596E-04 2.0000E-04
1.6598E-04 2.0000E-04
2.5285E-04 2.0000E-04
1.4119E-04 2.0000E-04
1.5238E-04 2.0000E-04
1.9340E-04 2.0000E-04
3.4308E-04 2.0000E-04
1.4619E-04 2.0000E-04
1.5318E-04 2.0000E-04
1.9535E-04 2.0000E-04
1.8983E-04 2.0000E-04
1.8402E-04 2.0000E-04
2.0311E-04 2.0000E-04
1.6862E-04 2.0000E-04
1.6619E-04 2.0000E-04
2.4295E-04 2.0000E-04
1.8413E-04 2.0000E-04
1.6119E-04 2.0000E-04
1.9997E-04 2.0000E-04
2.0945E-04 2.0000E-04
1.9845E-04 2.0000E-04
2.5167E-04 2.0000E-04
3.0651E-04 2.0000E-04
1.8433E-04 2.0000E-04
1.8730E-04 2.0000E-04
2.2854E-04 2.0000E-04
4.2327E-04 2.0000E-04
1.8066E-04 2.0000E-04
1.6416E-04 2.0000E-04
1.9657E-04 2.0000E-04
3.9104E-04 2.0000E-04
2.2703E-04 2.0000E-04
2.5380E-04 2.0000E-04
2.3086E-04 2.0000E-04
2.0309E-04 2.0000E-04
2.2675E-04 2.0000E-04
3.7650E-04 2.0000E-04
2.3710E-04 2.0000E-04
2.2124E-04 2.0000E-04
2.5828E-04 2.0000E-04
2.9979E-04 2.0000E-04
2.9050E-04 2.0000E-04
1.9918E-04 2.0000E-04
2.0202E-04 2.0000E-04
2.4325E-04 2.0000E-04
1.9608E-04 2.0000E-04
2.0938E-04 2.0000E-04
2.3112E-04 2.0000E-04
2.1315E-04 2.0000E-04
2.2475E-04 2.0000E-04
2.4199E-04 2.0000E-04
2.2541E-04 2.0000E-04
3.2285E-04 2.0000E-04
3.4046E-04 2.0000E-04
3.6591E-04 2.0000E-04
2.8217E-04 2.0000E-04
2.4589E-04 2.0000E-04
2.7621E-04 2.0000E-04
4.7577E-04 2.0000E-04
2.9049E-04 2.0000E-04
3.1915E-04 2.0000E-04
4.3715E-04 2.0000E-04
2.5659E-04 2.0000E-04
2.1547E-04 2.0000E-04
2.8756E-04 2.0000E-04
4.7540E-04 2.0000E-04
2.5557E-04 2.0000E-04
2.1791E-04 2.0000E-04
2.7792E-04 2.0000E-04
3.5773E-04 2.0000E-04
2.6664E-04 2.0000E-04
2.5778E-04 2.0000E-04
2.7670E-04 2.0000E-04
3.0736E-04 2.0000E-04
2.8163E-04 2.0000E-04
2.8598E-04 2.0000E-04
3.0221E-04 2.0000E-04
3.0905E-04 2.0000E-04
3.2996E-04 2.0000E-04
3.3337E-04 2.0000E-04
2.8991E-04 2.0000E-04
4.0915E-04 2.0000E-04
2.7101E-04 2.0000E-04
2.7262E-04 2.0000E-04
3.1063E-04 2.0000E-04
3.1407E-04 2.0000E-04
2.6002E-04 2.0000E-04
2.9397E-04 2.0000E-04
2.3721E-04 2.0000E-04
2.0725E-04 2.0000E-04
2.0992E-04 2.0000E-04
2.5743E-04 2.0000E-04
1.7983E-04 2.0000E-04
1.8975E-04 2.0000E-04
2.4427E-04 2.0000E-04
1.6357E-04 2.0000E-04
1.4958E-04 2.0000E-04
1.8613E-04 2.0000E-04
1.4780E-04 2.0000E-04
2.3119E-04 2.0000E-04
1.4392E-04 2.0000E-04
1.1095E-04 2.0000E-04
1.1905E-04 2.0000E-04
2.3097E-04 2.0000E-04
1.2723E-04 2.0000E-04
1.0353E-04 2.0000E-04
1.2061E-04 2.0000E-04
1.9870E-04 2.0000E-04
1.2508E-04 2.0000E-04
1.1301E-04 2.0000E-04
1.2622E-04 2.0000E-04
2.8522E-04 2.0000E-04
1.3776E-04 2.0000E-04
1.1590E-04 2.0000E-04
1.4068E-04 2.0000E-04
3.2403E-04 2.0000E-04
1.6035E-04 2.0000E-04
1.4131E-04 2.0000E-04
1.8271E-04 2.0000E-04
3.1246E-04 2.0000E-04
2.1531E-04 2.0000E-04
1.9181E-04 2.0000E-04
2.5174E-04 2.0000E-04
2.3827E-04 2.0000E-04
1.9085E-04 2.0000E-04
2.7064E-04 2.0000E-04
2.5970E-04 2.0000E-04
2.1797E-04 2.0000E-04
2.5876E-04 2.0000E-04
3.4384E-04 2.0000E-04
1.9954E-04 2.0000E-04
1.4918E-04 2.0000E-04
1.8250E-04 2.0000E-04
3.3059E-04 2.0000E-04
1.5254E-04 2.0000E-04
1.6739E-04 2.0000E-04
2.0128E-04 2.0000E-04
3.8400E-04 2.0000E-04
1.6949E-04 2.0000E-04
1.4874E-04 2.0000E-04
1.9251E-04 2.0000E-04
3.8398E-04 2.0000E-04
2.0021E-04 2.0000E-04
1.6496E-04 2.0000E-04
1.9565E-04 2.0000E-04
1.8809E-04 2.0000E-04
2.9868E-04 2.0000E-04
1.6556E-04 2.0000E-04
1.7467E-04 2.0000E-04
2.2393E-04 2.0000E-04
3.6841E-04 2.0000E-04
1.8632E-04 2.0000E-04
1.8573E-04 2.0000E-04
2.2878E-04 2.0000E-04
3.0359E-04 2.0000E-04
2.0803E-04 2.0000E-04
1.9478E-04 2.0000E-04
2.0213E-04 2.0000E-04
4.4249E-04 2.0000E-04
1.9277E-04 2.0000E-04
1.5915E-04 2.0000E-04
1.7844E-04 2.0000E-04
3.0298E-04 2.0000E-04
1.5648E-04 2.0000E-04
1.5031E-04 2.0000E-04
1.7144E-04 2.0000E-04
4.4764E-04 2.0000E-04
1.4386E-04 2.0000E-04
1.2131E-04 2.0000E-04
1.5779E-04 2.0000E-04
2.8417E-04 2.0000E-04
1.4954E-04 2.0000E-04
1.2065E-04 2.0000E-04
1.6434E-04 2.0000E-04
2.4693E-04 2.0000E-04
1.4881E-04 2.0000E-04
1.2053E-04 2.0000E-04
1.4396E-04 2.0000E-04
2.2679E-04 2.0000E-04
1.5274E-04 2.0000E-04
1.1281E-04 2.0000E-04
1.3305E-04 2.0000E-04
1.9506E-04 2.0000E-04
1.3209E-04 2.0000E-04
1.3384E-04 2.0000E-04
1.4598E-04 2.0000E-04
1.2360E-04 2.0000E-04
1.2739E-04 2.0000E-04
1.4659E-04 2.0000E-04
1.1262E-04 2.0000E-04
1.0489E-04 2.0000E-04
1.4667E-04 2.0000E-04
1.0757E-04 2.0000E-04
1.0660E-04 2.0000E-04
1.4621E-04 2.0000E-04
1.0077E-04 2.0000E-04
9.5288E-05 2.0000E-04
1.2673E-04 2.0000E-04
1.0102E-04 2.0000E-04
1.4415E-04 2.0000E-04
9.1338E-05 2.0000E-04
8.5587E-05 2.0000E-04
1.2518E-04 2.0000E-04
1.1054E-04 2.0000E-04
8.5897E-05 2.0000E-04
8.9340E-05 2.0000E-04
1.3852E-04 2.0000E-04
8.8759E-05 2.0000E-04
7.7454E-05 2.0000E-04
9.1229E-05 2.0000E-04
9.9789E-05 2.0000E-04
1.0237E-04 2.0000E-04
8.1387E-05 2.0000E-04
8.7279E-05 2.0000E-04
1.0943E-04 2.0000E-04
8.1117E-05 2.0000E-04
8.4206E-05 2.0000E-04
1.2849E-04 2.0000E-04
8.5905E-05 2.0000E-04
7.9774E-05 2.0000E-04
1.0775E-04 2.0000E-04
9.6888E-05 2.0000E-04
1.1140E-04 2.0000E-04
9.4180E-05 2.0000E-04
1.1291E-04 2.0000E-04
1.1445E-04 2.0000E-04
1.1097E-04 2.0000E-04
1.0221E-04 2.0000E-04
1.0523E-04 2.0000E-04
1.4858E-04 2.0000E-04
1.1139E-04 2.0000E-04
9.9234E-05 2.0000E-04
1.2208E-04 2.0000E-04
1.6680E-04 2.0000E-04
1.0086E-04 2.0000E-04
9.7208E-05 2.0000E-04
1.2638E-04 2.0000E-04
1.0550E-04 2.0000E-04
1.4449E-04 2.0000E-04
8.0750E-05 2.0000E-04
7.6964E-05 2.0000E-04
9.5873E-05 2.0000E-04
1.8767E-04 2.0000E-04
7.9885E-05 2.0000E-04
6.2662E-05 2.0000E-04
7.8618E-05 2.0000E-04
1.0813E-04 2.0000E-04
1.2132E-04 2.0000E-04
6.2946E-05 2.0000E-04
7.1127E-05 2.0000E-04
8.4289E-05 2.0000E-04
1.1424E-04 2.0000E-04
7.7170E-05 2.0000E-04
6.8943E-05 2.0000E-04
8.4662E-05 2.0000E-04
1.3942E-04 2.0000E-04
6.8561E-05 2.0000E-04
6.4466E-05 2.0000E-04
8.3165E-05 2.0000E-04
1.3890E-04 2.0000E-04
6.9258E-05 2.0000E-04
6.2202E-05 2.0000E-04
8.1324E-05 2.0000E-04
1.1698E-04 2.0000E-04
8.2893E-05 2.0000E-04
7.1309E-05 2.0000E-04
8.4226E-05 2.0000E-04
1.2768E-04 2.0000E-04
8.2992E-05 2.0000E-04
7.3562E-05 2.0000E-04
8.6497E-05 2.0000E-04
7.8400E-05 2.0000E-04
1.6001E-04 2.0000E-04
7.5497E-05 2.0000E-04
6.4409E-05 2.0000E-04
8.1021E-05 2.0000E-04
1.0878E-04 2.0000E-04
7.5561E-05 2.0000E-04
7.0945E-05 2.0000E-04
1.1049E-04 2.0000E-04
8.3862E-05 2.0000E-04
6.2604E-05 2.0000E-04
7.5694E-05 2.0000E-04
1.1852E-04 2.0000E-04
7.3270E-05 2.0000E-04
5.8879E-05 2.0000E-04
7.1148E-05 2.0000E-04
9.0578E-05 2.0000E-04
8.5597E-05 2.0000E-04
6.5297E-05 2.0000E-04
7.8171E-05 2.0000E-04
1.0034E-04 2.0000E-04
7.6107E-05 2.0000E-04
9.7085E-05 2.0000E-04
9.6105E-05 2.0000E-04
8.7340E-05 2.0000E-04
1.1951E-04 2.0000E-04
9.9973E-05 2.0000E-04
9.2988E-05 2.0000E-04
1.1154E-04 2.0000E-04
1.0561E-04 2.0000E-04
8.4423E-05 2.0000E-04
1.0552E-04 2.0000E-04
1.2819E-04 2.0000E-04
9.4120E-05 2.0000E-04
1.2683E-04 2.0000E-04
1.3529E-04 2.0000E-04
8.5132E-05 2.0000E-04
8.7255E-05 2.0000E-04
9.2957E-05 2.0000E-04
2.2657E-04 2.0000E-04
7.6420E-05 2.0000E-04
6.1517E-05 2.0000E-04
7.6883E-05 2.0000E-04
1.6785E-04 2.0000E-04
7.9371E-05 2.0000E-04
5.9080E-05 2.0000E-04
7.0691E-05 2.0000E-04
9.1120E-05 2.0000E-04
8.6902E-05 2.0000E-04
7.0742E-05 2.0000E-04
7.4082E-05 2.0000E-04
7.1515E-05 2.0000E-04
7.4478E-05 2.0000E-04
7.4298E-05 2.0000E-04
6.3669E-05 2.0000E-04
6.5215E-05 2.0000E-04
1.2581E-04 2.0000E-04
6.5838E-05 2.0000E-04
5.8215E-05 2.0000E-04
7.1286E-05 2.0000E-04
1.2943E-04 2.0000E-04
8.2968E-05 2.0000E-04
6.2820E-05 2.0000E-04
1.0153E-04 2.0000E-04
1.1796E-04 2.0000E-04
1.0960E-04 2.0000E-04
1.1295E-04 2.0000E-04
1.0598E-04 2.0000E-04
1.0345E-04 2.0000E-04
2.2800E-04 2.0000E-04
1.4982E-04 2.0000E-04
1.6662E-04 2.0000E-04
1.1452E-04 2.0000E-04
1.1725E-04 2.0000E-04
1.5596E-04 2.0000E-04
1.3736E-04 2.0000E-04
1.6714E-04 2.0000E-04
2.3725E-04 2.0000E-04
1.3380E-04 2.0000E-04
9.2337E-05 2.0000E-04
9.9503E-05 2.0000E-04
1.8477E-04 2.0000E-04
1.2818E-04 2.0000E-04
1.0603E-04 2.0000E-04
1.1613E-04 2.0000E-04
1.3694E-04 2.0000E-04
1.1247E-04 2.0000E-04
1.0802E-04 2.0000E-04
1.3998E-04 2.0000E-04
1.0587E-04 2.0000E-04
9.9360E-05 2.0000E-04
1.7730E-04 2.0000E-04
1.0986E-04 2.0000E-04
1.0462E-04 2.0000E-04
1.5325E-04 2.0000E-04
1.8408E-04 2.0000E-04
1.1086E-04 2.0000E-04
1.0297E-04 2.0000E-04
1.1868E-04 2.0000E-04
2.2039E-04 2.0000E-04
1.0824E-04 2.0000E-04
1.0712E-04 2.0000E-04
1.2949E-04 2.0000E-04
3.0205E-04 2.0000E-04
1.3009E-04 2.0000E-04
1.0281E-04 2.0000E-04
1.2755E-04 2.0000E-04
2.1577E-04 2.0000E-04
1.4729E-04 2.0000E-04
1.2085E-04 2.0000E-04
1.6027E-04 2.0000E-04
1.7776E-04 2.0000E-04
1.4317E-04 2.0000E-04
1.7000E-04 2.0000E-04
1.5637E-04 2.0000E-04
1.2829E-04 2.0000E-04
1.6317E-04 2.0000E-04
1.8644E-04 2.0000E-04
1.3515E-04 2.0000E-04
1.9386E-04 2.0000E-04
1.3502E-04 2.0000E-04
1.2246E-04 2.0000E-04
2.0541E-04 2.0000E-04
2.0524E-04 2.0000E-04
1.6014E-04 2.0000E-04
1.9951E-04 2.0000E-04
2.1054E-04 2.0000E-04
1.5799E-04 2.0000E-04
1.8692E-04 2.0000E-04
1.9094E-04 2.0000E-04
1.7654E-04 2.0000E-04
2.8895E-04 2.0000E-04
1.4742E-04 2.0000E-04
1.5198E-04 2.0000E-04
3.4609E-04 2.0000E-04
1.5012E-04 2.0000E-04
1.1784E-04 2.0000E-04
1.4240E-04 2.0000E-04
1.7597E-04 2.0000E-04
2.5918E-04 2.0000E-04
1.2219E-04 2.0000E-04
1.2534E-04 2.0000E-04
1.3102E-04 2.0000E-04
2.1908E-04 2.0000E-04
1.1305E-04 2.0000E-04
1.0900E-04 2.0000E-04
1.2864E-04 2.0000E-04
3.0857E-04 2.0000E-04
1.0843E-04 2.0000E-04
8.2398E-05 2.0000E-04
1.1084E-04 2.0000E-04
1.3029E-04 2.0000E-04
3.0088E-04 2.0000E-04
9.0763E-05 2.0000E-04
7.8553E-05 2.0000E-04
1.0660E-04 2.0000E-04
1.3751E-04 2.0000E-04
1.1397E-04 2.0000E-04
7.6701E-05 2.0000E-04
9.3556E-05 2.0000E-04
1.4289E-04 2.0000E-04
9.5949E-05 2.0000E-04
7.7288E-05 2.0000E-04
1.0546E-04 2.0000E-04
1.0902E-04 2.0000E-04
8.9278E-05 2.0000E-04
1.3934E-04 2.0000E-04
1.0205E-04 2.0000E-04
9.1080E-05 2.0000E-04
1.1133E-04 2.0000E-04
1.6368E-04 2.0000E-04
9.0486E-05 2.0000E-04
7.9003E-05 2.0000E-04
9.5050E-05 2.0000E-04
1.8051E-04 2.0000E-04
9.6395E-05 2.0000E-04
7.6029E-05 2.0000E-04
1.1777E-04 2.0000E-04
1.5909E-04 2.0000E-04
1.0332E-04 2.0000E-04
8.8349E-05 2.0000E-04
1.0504E-04 2.0000E-04
1.0331E-04 2.0000E-04
1.8513E-04 2.0000E-04
1.0778E-04 2.0000E-04
9.0709E-05 2.0000E-04
1.1112E-04 2.0000E-04
9.5000E-05 2.0000E-04
1.1973E-04 2.0000E-04
1.0938E-04 2.0000E-04
8.3467E-05 2.0000E-04
9.4868E-05 2.0000E-04
1.4661E-04 2.0000E-04
9.3647E-05 2.0000E-04
8.1612E-05 2.0000E-04
1.0398E-04 2.0000E-04
1.1455E-04 2.0000E-04
1.2568E-04 2.0000E-04
1.0781E-04 2.0000E-04
9.6799E-05 2.0000E-04
9.5699E-05 2.0000E-04
1.5635E-04 2.0000E-04
1.0780E-04 2.0000E-04
9.6152E-05 2.0000E-04
1.2504E-04 2.0000E-04
1.4138E-04 2.0000E-04
1.0921E-04 2.0000E-04
1.1875E-04 2.0000E-04
1.5698E-04 2.0000E-04
1.0857E-04 2.0000E-04
1.1789E-04 2.0000E-04
1.2486E-04 2.0000E-04
1.0050E-04 2.0000E-04
1.8155E-04 2.0000E-04
1.5999E-04 2.0000E-04
1.1270E-04 2.0000E-04
1.1110E-04 2.0000E-04
1.8439E-04 2.0000E-04
1.2291E-04 2.0000E-04
1.0956E-04 2.0000E-04
1.1701E-04 2.0000E-04
1.2074E-04 2.0000E-04
1.7159E-04 2.0000E-04
1.1650E-04 2.0000E-04
1.2538E-04 2.0000E-04
1.5288E-04 2.0000E-04
1.5651E-04 2.0000E-04
1.2968E-04 2.0000E-04
1.6363E-04 2.0000E-04
1.5832E-04 2.0000E-04
1.1333E-04 2.0000E-04
1.4159E-04 2.0000E-04
1.7366E-04 2.0000E-04
1.2915E-04 2.0000E-04
1.5188E-04 2.0000E-04
1.8827E-04 2.0000E-04
1.5070E-04 2.0000E-04
1.7228E-04 2.0000E-04
1.4935E-04 2.0000E-04
1.3040E-04 2.0000E-04
1.8045E-04 2.0000E-04
2.2593E-04 2.0000E-04
1.3197E-04 2.0000E-04
1.4598E-04 2.0000E-04
1.5281E-04 2.0000E-04
1.2578E-04 2.0000E-04
2.4598E-04 2.0000E-04
1.3029E-04 2.0000E-04
1.1485E-04 2.0000E-04
1.4376E-04 2.0000E-04
2.2701E-04 2.0000E-04
1.4054E-04 2.0000E-04
1.2464E-04 2.0000E-04
1.4699E-04 2.0000E-04
1.5052E-04 2.0000E-04
2.2178E-04 2.0000E-04
1.6197E-04 2.0000E-04
1.2887E-04 2.0000E-04
1.0397E-04 2.0000E-04
1.3437E-04 2.0000E-04
2.4317E-04 2.0000E-04
1.1085E-04 2.0000E-04
8.2272E-05 2.0000E-04
1.0200E-04 2.0000E-04
1.4389E-04 2.0000E-04
2.1376E-04 2.0000E-04
8.8199E-05 2.0000E-04
8.1550E-05 2.0000E-04
9.4504E-05 2.0000E-04
1.5648E-04 2.0000E-04
8.9651E-05 2.0000E-04
7.3319E-05 2.0000E-04
9.6181E-05 2.0000E-04
1.7710E-04 2.0000E-04
8.6217E-05 2.0000E-04
6.9073E-05 2.0000E-04
8.1789E-05 2.0000E-04
1.0531E-04 2.0000E-04
1.3915E-04 2.0000E-04
6.6471E-05 2.0000E-04
6.8242E-05 2.0000E-04
9.3756E-05 2.0000E-04
1.4680E-04 2.0000E-04
7.2492E-05 2.0000E-04
7.1392E-05 2.0000E-04
8.6598E-05 2.0000E-04
1.4052E-04 2.0000E-04
8.0834E-05 2.0000E-04
6.9812E-05 2.0000E-04
8.6099E-05 2.0000E-04
1.5124E-04 2.0000E-04
8.3362E-05 2.0000E-04
7.2956E-05 2.0000E-04
9.6225E-05 2.0000E-04
9.5670E-05 2.0000E-04
1.1266E-04 2.0000E-04
8.1662E-05 2.0000E-04
8.2070E-05 2.0000E-04
9.5198E-05 2.0000E-04
1.2253E-04 2.0000E-04
8.3351E-05 2.0000E-04
8.8687E-05 2.0000E-04
1.1933E-04 2.0000E-04
1.0033E-04 2.0000E-04
1.2021E-04 2.0000E-04
1.0549E-04 2.0000E-04
1.1593E-04 2.0000E-04
1.4249E-04 2.0000E-04
1.9367E-04 2.0000E-04
1.2888E-04 2.0000E-04
9.9594E-05 2.0000E-04
1.0910E-04 2.0000E-04
1.8148E-04 2.0000E-04
1.3884E-04 2.0000E-04
1.1584E-04 2.0000E-04
1.3608E-04 2.0000E-04
1.4260E-04 2.0000E-04
1.5205E-04 2.0000E-04
1.6266E-04 2.0000E-04
1.3557E-04 2.0000E-04
1.2594E-04 2.0000E-04
1.9077E-04 2.0000E-04
1.8197E-04 2.0000E-04
1.8257E-04 2.0000E-04
1.2496E-04 2.0000E-04
1.2477E-04 2.0000E-04
1.5878E-04 2.0000E-04
1.5352E-04 2.0000E-04
1.2502E-04 2.0000E-04
1.5159E-04 2.0000E-04
1.6513E-04 2.0000E-04
1.3663E-04 2.0000E-04
1.3883E-04 2.0000E-04
1.3829E-04 2.0000E-04
1.6186E-04 2.0000E-04
2.2871E-04 2.0000E-04
1.2540E-04 2.0000E-04
1.0884E-04 2.0000E-04
1.5364E-04 2.0000E-04
2.0038E-04 2.0000E-04
1.1305E-04 2.0000E-04
1.0825E-04 2.0000E-04
1.2997E-04 2.0000E-04
2.6181E-04 2.0000E-04
1.0124E-04 2.0000E-04
8.5235E-05 2.0000E-04
1.2959E-04 2.0000E-04
1.4721E-04 2.0000E-04
9.0652E-05 2.0000E-04
8.2760E-05 2.0000E-04
1.0201E-04 2.0000E-04
1.0912E-04 2.0000E-04
1.3128E-04 2.0000E-04
8.1045E-05 2.0000E-04
7.8815E-05 2.0000E-04
1.0014E-04 2.0000E-04
1.1212E-04 2.0000E-04
8.0761E-05 2.0000E-04
7.8741E-05 2.0000E-04
9.4902E-05 2.0000E-04
1.4265E-04 2.0000E-04
7.5084E-05 2.0000E-04
7.7553E-05 2.0000E-04
9.3106E-05 2.0000E-04
1.9977E-04 2.0000E-04
7.7804E-05 2.0000E-04
6.4981E-05 2.0000E-04
8.5230E-05 2.0000E-04
1.1995E-04 2.0000E-04
1.0544E-04 2.0000E-04
6.8896E-05 2.0000E-04
8.8221E-05 2.0000E-04
1.0861E-04 2.0000E-04
8.3580E-05 2.0000E-04
1.3831E-04 2.0000E-04
8.5703E-05 2.0000E-04
8.3141E-05 2.0000E-04
1.1248E-04 2.0000E-04
1.4859E-04 2.0000E-04
8.3411E-05 2.0000E-04
8.1539E-05 2.0000E-04
9.4935E-05 2.0000E-04
2.3373E-04 2.0000E-04
8.6826E-05 2.0000E-04
7.6137E-05 2.0000E-04
1.0504E-04 2.0000E-04
1.6072E-04 2.0000E-04
9.9722E-05 2.0000E-04
9.3131E-05 2.0000E-04
1.2244E-04 2.0000E-04
1.2293E-04 2.0000E-04
1.2469E-04 2.0000E-04
1.1340E-04 2.0000E-04
1.2380E-04 2.0000E-04
1.3045E-04 2.0000E-04
1.3514E-04 2.0000E-04
1.2763E-04 2.0000E-04
1.2147E-04 2.0000E-04
1.2610E-04 2.0000E-04
1.3421E-04 2.0000E-04
1.2969E-04 2.0000E-04
1.5959E-04 2.0000E-04
1.2838E-04 2.0000E-04
1.1110E-04 2.0000E-04
1.0033E-04 2.0000E-04
1.5337E-04 2.0000E-04
9.4984E-05 2.0000E-04
8.7672E-05 2.0000E-04
1.1897E-04 2.0000E-04
1.2797E-04 2.0000E-04
8.5652E-05 2.0000E-04
8.5320E-05 2.0000E-04
1.0879E-04 2.0000E-04
8.6598E-05 2.0000E-04
1.2858E-04 2.0000E-04
9.6525E-05 2.0000E-04
8.0722E-05 2.0000E-04
1.0838E-04 2.0000E-04
1.1858E-04 2.0000E-04
8.5041E-05 2.0000E-04
8.2260E-05 2.0000E-04
1.2555E-04 2.0000E-04
9.6432E-05 2.0000E-04
1.2354E-04 2.0000E-04
1.1400E-04 2.0000E-04
8.2780E-05 2.0000E-04
8.1901E-05 2.0000E-04
1.3036E-04 2.0000E-04
9.6097E-05 2.0000E-04
1.0535E-04 2.0000E-04
1.0822E-04 2.0000E-04
8.7593E-05 2.0000E-04
1.0638E-04 2.0000E-04
1.4561E-04 2.0000E-04
8.6999E-05 2.0000E-04
6.9011E-05 2.0000E-04
8.2596E-05 2.0000E-04
2.1836E-04 2.0000E-04
7.9684E-05 2.0000E-04
6.6748E-05 2.0000E-04
8.7976E-05 2.0000E-04
1.3714E-04 2.0000E-04
9.7190E-05 2.0000E-04
7.5047E-05 2.0000E-04
1.1051E-04 2.0000E-04
1.1282E-04 2.0000E-04
9.8616E-05 2.0000E-04
1.5616E-04 2.0000E-04
1.0068E-04 2.0000E-04
8.8777E-05 2.0000E-04
1.0123E-04 2.0000E-04
1.8628E-04 2.0000E-04
1.0242E-04 2.0000E-04
8.1504E-05 2.0000E-04
9.8460E-05 2.0000E-04
1.7090E-04 2.0000E-04
9.2308E-05 2.0000E-04
7.8675E-05 2.0000E-04
1.0204E-04 2.0000E-04
1.7069E-04 2.0000E-04
9.3244E-05 2.0000E-04
7.8574E-05 2.0000E-04
9.0402E-05 2.0000E-04
1.3568E-04 2.0000E-04
9.8934E-05 2.0000E-04
8.2244E-05 2.0000E-04
9.0052E-05 2.0000E-04
1.3806E-04 2.0000E-04
8.3126E-05 2.0000E-04
7.8422E-05 2.0000E-04
9.3901E-05 2.0000E-04
8.5188E-05 2.0000E-04
9.2270E-05 2.0000E-04
8.8098E-05 2.0000E-04
7.7470E-05 2.0000E-04
8.9385E-05 2.0000E-04
1.0189E-04 2.0000E-04
7.2834E-05 2.0000E-04
7.1578E-05 2.0000E-04
1.0511E-04 2.0000E-04
7.8458E-05 2.0000E-04
8.3342E-05 2.0000E-04
1.0312E-04 2.0000E-04
7.7872E-05 2.0000E-04
8.2966E-05 2.0000E-04
1.1636E-04 2.0000E-04
8.9970E-05 2.0000E-04
9.2427E-05 2.0000E-04
8.8089E-05 2.0000E-04
7.7090E-05 2.0000E-04
1.5041E-04 2.0000E-04
8.5299E-05 2.0000E-04
7.4010E-05 2.0000E-04
1.0663E-04 2.0000E-04
1.6837E-04 2.0000E-04
9.1431E-05 2.0000E-04
8.2766E-05 2.0000E-04
9.5635E-05 2.0000E-04
2.0748E-04 2.0000E-04
1.7867E-04 2.0000E-04
2.3203E-04 2.0000E-04
7.6041E-05 2.0000E-04
7.9536E-05 2.0000E-04
1.2401E-04 2.0000E-04
1.8640E-04 2.0000E-04
1.0258E-04 2.0000E-04
9.0976E-05 2.0000E-04
1.2161E-04 2.0000E-04
1.6909E-04 2.0000E-04
1.2429E-04 2.0000E-04
1.6043E-04 2.0000E-04
1.6876E-04 2.0000E-04
1.0939E-04 2.0000E-04
1.1028E-04 2.0000E-04
1.3329E-04 2.0000E-04
2.5050E-04 2.0000E-04
9.8741E-05 2.0000E-04
9.0785E-05 2.0000E-04
1.2190E-04 2.0000E-04
1.7769E-04 2.0000E-04
1.0493E-04 2.0000E-04
9.4406E-05 2.0000E-04
1.3803E-04 2.0000E-04
1.4315E-04 2.0000E-04
1.1349E-04 2.0000E-04
2.0959E-04 2.0000E-04
1.8740E-04 2.0000E-04
1.1313E-04 2.0000E-04
9.7249E-05 2.0000E-04
1.4521E-04 2.0000E-04
2.0057E-04 2.0000E-04
1.5310E-04 2.0000E-04
1.0549E-04 2.0000E-04
1.4525E-04 2.0000E-04
1.4670E-04 2.0000E-04
1.3629E-04 2.0000E-04
1.3161E-04 2.0000E-04
1.7565E-04 2.0000E-04
1.6770E-04 2.0000E-04
1.4021E-04 2.0000E-04
1.1364E-04 2.0000E-04
1.2560E-04 2.0000E-04
1.9498E-04 2.0000E-04
1.3180E-04 2.0000E-04
1.2265E-04 2.0000E-04
1.9655E-04 2.0000E-04
1.2567E-04 2.0000E-04
9.6096E-05 2.0000E-04
1.0574E-04 2.0000E-04
1.8794E-04 2.0000E-04
1.0810E-04 2.0000E-04
8.8572E-05 2.0000E-04
1.2369E-04 2.0000E-04
1.4582E-04 2.0000E-04
9.2843E-05 2.0000E-04
1.1049E-04 2.0000E-04
1.4435E-04 2.0000E-04
1.1078E-04 2.0000E-04
1.0086E-04 2.0000E-04
9.8565E-05 2.0000E-04
1.2820E-04 2.0000E-04
1.0477E-04 2.0000E-04
8.1724E-05 2.0000E-04
9.3830E-05 2.0000E-04
1.1627E-04 2.0000E-04
9.3153E-05 2.0000E-04
9.7811E-05 2.0000E-04
1.2801E-04 2.0000E-04
1.0763E-04 2.0000E-04
1.0229E-04 2.0000E-04
1.0145E-04 2.0000E-04
1.0270E-04 2.0000E-04
1.2365E-04 2.0000E-04
1.4116E-04 2.0000E-04
1.0471E-04 2.0000E-04
1.3512E-04 2.0000E-04
1.5677E-04 2.0000E-04
1.1346E-04 2.0000E-04
1.2161E-04 2.0000E-04
1.1913E-04 2.0000E-04
1.0824E-04 2.0000E-04
1.8688E-04 2.0000E-04
1.1604E-04 2.0000E-04
1.2440E-04 2.0000E-04
1.7533E-04 2.0000E-04
1.0832E-04 2.0000E-04
1.0018E-04 2.0000E-04
1.1141E-04 2.0000E-04
1.3814E-04 2.0000E-04
1.0150E-04 2.0000E-04
9.5324E-05 2.0000E-04
1.1605E-04 2.0000E-04
1.6653E-04 2.0000E-04
8.3788E-05 2.0000E-04
8.0114E-05 2.0000E-04
1.0076E-04 2.0000E-04
1.3304E-04 2.0000E-04
8.7088E-05 2.0000E-04
8.2627E-05 2.0000E-04
9.5195E-05 2.0000E-04
1.5422E-04 2.0000E-04
8.3587E-05 2.0000E-04
8.0608E-05 2.0000E-04
9.6209E-05 2.0000E-04
2.0236E-04 2.0000E-04
8.5362E-05 2.0000E-04
7.1835E-05 2.0000E-04
8.4246E-05 2.0000E-04
1.3173E-04 2.0000E-04
1.0063E-04 2.0000E-04
8.1045E-05 2.0000E-04
8.7892E-05 2.0000E-04
1.0323E-04 2.0000E-04
1.0044E-04 2.0000E-04
8.6609E-05 2.0000E-04
8.4025E-05 2.0000E-04
9.6110E-05 2.0000E-04
1.2555E-04 2.0000E-04
9.3679E-05 2.0000E-04
9.4850E-05 2.0000E-04
8.5236E-05 2.0000E-04
7.8975E-05 2.0000E-04
1.4527E-04 2.0000E-04
7.9935E-05 2.0000E-04
7.1540E-05 2.0000E-04
8.6868E-05 2.0000E-04
1.7755E-04 2.0000E-04
7.0093E-05 2.0000E-04
6.7098E-05 2.0000E-04
9.4687E-05 2.0000E-04
1.0812E-04 2.0000E-04
7.3704E-05 2.0000E-04
7.8599E-05 2.0000E-04
9.0265E-05 2.0000E-04
7.5187E-05 2.0000E-04
1.1605E-04 2.0000E-04
9.0350E-05 2.0000E-04
7.0103E-05 2.0000E-04
8.9120E-05 2.0000E-04
9.1549E-05 2.0000E-04
6.3475E-05 2.0000E-04
7.7332E-05 2.0000E-04
8.7266E-05 2.0000E-04
7.1973E-05 2.0000E-04
1.0030E-04 2.0000E-04
9.5324E-05 2.0000E-04
6.4413E-05 2.0000E-04
6.8273E-05 2.0000E-04
8.7089E-05 2.0000E-04
7.3815E-05 2.0000E-04
9.5045E-05 2.0000E-04
6.4768E-05 2.0000E-04
6.3002E-05 2.0000E-04
7.7096E-05 2.0000E-04
8.5709E-05 2.0000E-04
5.8900E-05 2.0000E-04
5.7681E-05 2.0000E-04
8.1848E-05 2.0000E-04
6.6008E-05 2.0000E-04
5.5515E-05 2.0000E-04
6.5590E-05 2.0000E-04
9.2013E-05 2.0000E-04
6.4531E-05 2.0000E-04
8.2766E-05 2.0000E-04
7.1878E-05 2.0000E-04
5.7118E-05 2.0000E-04
6.8870E-05 2.0000E-04
9.3516E-05 2.0000E-04
6.7375E-05 2.0000E-04
6.3925E-05 2.0000E-04
8.2405E-05 2.0000E-04
6.5660E-05 2.0000E-04
9.9568E-05 2.0000E-04
8.8936E-05 2.0000E-04
6.3445E-05 2.0000E-04
7.1671E-05 2.0000E-04
7.1681E-05 2.0000E-04
5.7439E-05 2.0000E-04
1.0945E-04 2.0000E-04
6.9191E-05 2.0000E-04
6.1628E-05 2.0000E-04
8.6077E-05 2.0000E-04
1.2643E-04 2.0000E-04
6.9935E-05 2.0000E-04
6.8999E-05 2.0000E-04
8.4637E-05 2.0000E-04
9.8406E-05 2.0000E-04
1.0352E-04 2.0000E-04
8.4194E-05 2.0000E-04
9.0866E-05 2.0000E-04
1.4346E-04 2.0000E-04
9.2959E-05 2.0000E-04
8.9346E-05 2.0000E-04
1.3338E-04 2.0000E-04
1.4111E-04 2.0000E-04
1.6732E-04 2.0000E-04
1.0266E-04 2.0000E-04
1.0450E-04 2.0000E-04
1.2652E-04 2.0000E-04
1.6918E-04 2.0000E-04
1.1300E-04 2.0000E-04
1.0339E-04 2.0000E-04
1.3172E-04 2.0000E-04
1.3548E-04 2.0000E-04
1.1691E-04 2.0000E-04
1.3469E-04 2.0000E-04
1.2158E-04 2.0000E-04
1.0437E-04 2.0000E-04
1.2894E-04 2.0000E-04
1.2590E-04 2.0000E-04
9.8154E-05 2.0000E-04
1.1278E-04 2.0000E-04
1.5824E-04 2.0000E-04
9.8043E-05 2.0000E-04
9.2188E-05 2.0000E-04
1.1319E-04 2.0000E-04
1.5288E-04 2.0000E-04
1.0529E-04 2.0000E-04
9.2639E-05 2.0000E-04
1.0921E-04 2.0000E-04
1.5545E-04 2.0000E-04
8.6221E-05 2.0000E-04
8.2483E-05 2.0000E-04
9.7946E-05 2.0000E-04
2.2111E-04 2.0000E-04
8.1007E-05 2.0000E-04
6.4541E-05 2.0000E-04
8.2623E-05 2.0000E-04
1.4154E-04 2.0000E-04
9.1044E-05 2.0000E-04
6.8667E-05 2.0000E-04
8.0577E-05 2.0000E-04
9.7082E-05 2.0000E-04
8.8894E-05 2.0000E-04
6.9110E-05 2.0000E-04
7.7298E-05 2.0000E-04
9.2415E-05 2.0000E-04
9.8303E-05 2.0000E-04
6.6606E-05 2.0000E-04
7.2102E-05 2.0000E-04
9.6984E-05 2.0000E-04
1.0529E-04 2.0000E-04
6.8638E-05 2.0000E-04
7.4915E-05 2.0000E-04
9.0836E-05 2.0000E-04
1.0754E-04 2.0000E-04
9.3001E-05 2.0000E-04
7.3880E-05 2.0000E-04
8.3871E-05 2.0000E-04
1.3179E-04 2.0000E-04
8.2954E-05 2.0000E-04
8.0907E-05 2.0000E-04
9.0666E-05 2.0000E-04
9.8387E-05 2.0000E-04
1.0300E-04 2.0000E-04
7.6635E-05 2.0000E-04
7.6299E-05 2.0000E-04
1.0518E-04 2.0000E-04
7.7606E-05 2.0000E-04
7.2367E-05 2.0000E-04
8.5772E-05 2.0000E-04
9.4676E-05 2.0000E-04
6.3102E-05 2.0000E-04
6.5669E-05 2.0000E-04
8.4932E-05 2.0000E-04
6.4953E-05 2.0000E-04
7.2306E-05 2.0000E-04
6.1826E-05 2.0000E-04
5.6427E-05 2.0000E-04
7.7581E-05 2.0000E-04
6.1960E-05 2.0000E-04
5.7797E-05 2.0000E-04
7.3488E-05 2.0000E-04
8.8507E-05 2.0000E-04
4.8603E-05 2.0000E-04
4.3612E-05 2.0000E-04
5.3653E-05 2.0000E-04
9.8116E-05 2.0000E-04
4.3144E-05 2.0000E-04
4.0207E-05 2.0000E-04
4.5682E-05 2.0000E-04
9.8786E-05 2.0000E-04
3.9314E-05 2.0000E-04
3.6031E-05 2.0000E-04
4.4054E-05 2.0000E-04
8.9253E-05 2.0000E-04
4.0531E-05 2.0000E-04
3.1271E-05 2.0000E-04
3.7831E-05 2.0000E-04
6.0186E-05 2.0000E-04
4.0427E-05 2.0000E-04
3.1051E-05 2.0000E-04
4.6635E-05 2.0000E-04
4.5513E-05 2.0000E-04
3.7535E-05 2.0000E-04
5.0759E-05 2.0000E-04
4.6522E-05 2.0000E-04
3.5480E-05 2.0000E-04
3.5926E-05 2.0000E-04
4.8720E-05 2.0000E-04
3.8810E-05 2.0000E-04
4.6239E-05 2.0000E-04
4.7889E-05 2.0000E-04
3.3049E-05 2.0000E-04
2.8549E-05 2.0000E-04
3.3374E-05 2.0000E-04
8.6990E-05 2.0000E-04
2.6406E-05 2.0000E-04
2.4502E-05 2.0000E-04
3.1889E-05 2.0000E-04
8.7937E-05 2.0000E-04
3.3485E-05 2.0000E-04
2.3987E-05 2.0000E-04
3.0082E-05 2.0000E-04
3.5577E-05 2.0000E-04
4.6304E-05 2.0000E-04
2.5466E-05 2.0000E-04
2.7824E-05 2.0000E-04
4.1229E-05 2.0000E-04
4.8870E-05 2.0000E-04
2.6399E-05 2.0000E-04
2.9160E-05 2.0000E-04
3.4591E-05 2.0000E-04
8.1772E-05 2.0000E-04
2.9074E-05 2.0000E-04
2.4467E-05 2.0000E-04
3.2199E-05 2.0000E-04
4.6959E-05 2.0000E-04
3.8107E-05 2.0000E-04
2.8346E-05 2.0000E-04
3.8940E-05 2.0000E-04
4.3190E-05 2.0000E-04
3.7269E-05 2.0000E-04
6.5234E-05 2.0000E-04
3.6058E-05 2.0000E-04
3.6241E-05 2.0000E-04
4.6966E-05 2.0000E-04
8.1335E-05 2.0000E-04
3.9088E-05 2.0000E-04
3.3912E-05 2.0000E-04
4.4023E-05 2.0000E-04
6.2198E-05 2.0000E-04
5.8670E-05 2.0000E-04
3.4266E-05 2.0000E-04
4.5965E-05 2.0000E-04
5.0686E-05 2.0000E-04
5.5226E-05 2.0000E-04
4.7709E-05 2.0000E-04
4.4296E-05 2.0000E-04
4.8216E-05 2.0000E-04
7.7258E-05 2.0000E-04
4.5866E-05 2.0000E-04
4.9518E-05 2.0000E-04
6.2896E-05 2.0000E-04
4.6527E-05 2.0000E-04
5.0936E-05 2.0000E-04
5.6036E-05 2.0000E-04
4.6449E-05 2.0000E-04
6.6934E-05 2.0000E-04
7.0050E-05 2.0000E-04
4.5117E-05 2.0000E-04
3.8074E-05 2.0000E-04
4.7915E-05 2.0000E-04
6.1165E-05 2.0000E-04
4.6993E-05 2.0000E-04
4.1126E-05 2.0000E-04
4.6788E-05 2.0000E-04
5.9463E-05 2.0000E-04
4.3068E-05 2.0000E-04
3.7682E-05 2.0000E-04
4.4953E-05 2.0000E-04
4.9470E-05 2.0000E-04
3.6415E-05 2.0000E-04
3.5967E-05 2.0000E-04
3.9192E-05 2.0000E-04
3.4008E-05 2.0000E-04
4.4572E-05 2.0000E-04
3.3899E-05 2.0000E-04
3.0452E-05 2.0000E-04
4.2779E-05 2.0000E-04
3.7503E-05 2.0000E-04
2.9094E-05 2.0000E-04
3.4337E-05 2.0000E-04
4.8655E-05 2.0000E-04
2.9756E-05 2.0000E-04
2.6727E-05 2.0000E-04
2.9552E-05 2.0000E-04
3.2910E-05 2.0000E-04
3.0725E-05 2.0000E-04
2.4123E-05 2.0000E-04
2.5552E-05 2.0000E-04
3.8905E-05 2.0000E-04
2.3320E-05 2.0000E-04
2.0787E-05 2.0000E-04
2.6394E-05 2.0000E-04
2.9298E-05 2.0000E-04
2.5176E-05 2.0000E-04
2.1295E-05 2.0000E-04
2.4460E-05 2.0000E-04
3.1631E-05 2.0000E-04
2.0697E-05 2.0000E-04
2.0180E-05 2.0000E-04
2.5464E-05 2.0000E-04
2.0936E-05 2.0000E-04
2.3001E-05 2.0000E-04
2.0242E-05 2.0000E-04
2.2193E-05 2.0000E-04
2.6150E-05 2.0000E-04
2.0089E-05 2.0000E-04
2.0068E-05 2.0000E-04
2.7483E-05 2.0000E-04
2.6967E-05 2.0000E-04
1.9013E-05 2.0000E-04
2.0382E-05 2.0000E-04
3.3119E-05 2.0000E-04
2.0536E-05 2.0000E-04
1.9196E-05 2.0000E-04
2.5535E-05 2.0000E-04
2.1456E-05 2.0000E-04
2.7531E-05 2.0000E-04
2.3143E-05 2.0000E-04
2.1463E-05 2.0000E-04
2.9237E-05 2.0000E-04
3.4426E-05 2.0000E-04
2.4102E-05 2.0000E-04
2.4653E-05 2.0000E-04
3.4058E-05 2.0000E-04
2.5993E-05 2.0000E-04
3.4917E-05 2.0000E-04
3.0488E-05 2.0000E-04
2.4608E-05 2.0000E-04
3.7100E-05 2.0000E-04
3.8490E-05 2.0000E-04
2.6450E-05 2.0000E-04
2.7622E-05 2.0000E-04
4.1704E-05 2.0000E-04
3.3508E-05 2.0000E-04
5.4551E-05 2.0000E-04
3.5538E-05 2.0000E-04
4.1983E-05 2.0000E-04
2.7473E-05 2.0000E-04
3.1957E-05 2.0000E-04
4.2947E-05 2.0000E-04
3.8147E-05 2.0000E-04
4.9743E-05 2.0000E-04
3.5487E-05 2.0000E-04
3.3363E-05 2.0000E-04
6.0821E-05 2.0000E-04
5.6512E-05 2.0000E-04
4.0305E-05 2.0000E-04
4.0249E-05 2.0000E-04
4.1038E-05 2.0000E-04
1.0933E-04 2.0000E-04
4.1952E-05 2.0000E-04
4.2566E-05 2.0000E-04
5.1790E-05 2.0000E-04
3.8123E-05 2.0000E-04
4.6845E-05 2.0000E-04
6.8656E-05 2.0000E-04
4.4802E-05 2.0000E-04
6.2604E-05 2.0000E-04
4.7071E-05 2.0000E-04
3.6564E-05 2.0000E-04
6.5886E-05 2.0000E-04
5.0732E-05 2.0000E-04
4.2017E-05 2.0000E-04
6.7488E-05 2.0000E-04
8.0202E-05 2.0000E-04
4.4394E-05 2.0000E-04
3.8784E-05 2.0000E-04
5.4612E-05 2.0000E-04
8.7211E-05 2.0000E-04
7.4913E-05 2.0000E-04
4.1352E-05 2.0000E-04
3.9657E-05 2.0000E-04
5.0299E-05 2.0000E-04
9.0207E-05 2.0000E-04
4.3313E-05 2.0000E-04
4.5853E-05 2.0000E-04
4.8226E-05 2.0000E-04
1.0571E-04 2.0000E-04
4.6042E-05 2.0000E-04
4.6344E-05 2.0000E-04
5.1799E-05 2.0000E-04
7.9019E-05 2.0000E-04
5.5272E-05 2.0000E-04
5.9127E-05 2.0000E-04
5.0990E-05 2.0000E-04
5.4137E-05 2.0000E-04
1.0220E-04 2.0000E-04
5.1992E-05 2.0000E-04
6.2085E-05 2.0000E-04
8.8048E-05 2.0000E-04
6.9811E-05 2.0000E-04
6.0228E-05 2.0000E-04
6.2079E-05 2.0000E-04
8.4607E-05 2.0000E-04
6.2937E-05 2.0000E-04
5.8248E-05 2.0000E-04
1.0077E-04 2.0000E-04
8.3396E-05 2.0000E-04
4.6911E-05 2.0000E-04
6.5586E-05 2.0000E-04
7.9242E-05 2.0000E-04
1.1515E-04 2.0000E-04
8.1864E-05 2.0000E-04
5.0017E-05 2.0000E-04
7.6488E-05 2.0000E-04
6.3821E-05 2.0000E-04
5.4205E-05 2.0000E-04
1.0212E-04 2.0000E-04
6.7060E-05 2.0000E-04
7.1903E-05 2.0000E-04
9.0458E-05 2.0000E-04
1.3258E-04 2.0000E-04
1.0630E-04 2.0000E-04
5.9751E-05 2.0000E-04
7.6988E-05 2.0000E-04
9.2802E-05 2.0000E-04
1.4844E-04 2.0000E-04
1.0480E-04 2.0000E-04
7.2497E-05 2.0000E-04
9.9885E-05 2.0000E-04
8.6202E-05 2.0000E-04
9.0774E-05 2.0000E-04
1.0824E-04 2.0000E-04
9.9515E-05 2.0000E-04
9.1858E-05 2.0000E-04
1.7363E-04 2.0000E-04
1.2784E-04 2.0000E-04
6.5033E-05 2.0000E-04
8.9114E-05 2.0000E-04
1.2254E-04 2.0000E-04
1.6743E-04 2.0000E-04
1.3488E-04 2.0000E-04
8.3448E-05 2.0000E-04
1.5859E-04 2.0000E-04
1.0254E-04 2.0000E-04
7.6998E-05 2.0000E-04
1.6409E-04 2.0000E-04
1.2900E-04 2.0000E-04
1.1034E-04 2.0000E-04
1.4726E-04 2.0000E-04
2.4069E-04 2.0000E-04
1.4553E-04 2.0000E-04
1.8915E-04 2.0000E-04
1.0904E-04 2.0000E-04
1.2227E-04 2.0000E-04
1.3416E-04 2.0000E-04
2.2575E-04 2.0000E-04
2.3295E-04 2.0000E-04
1.1247E-04 2.0000E-04
1.2715E-04 2.0000E-04
1.9547E-04 2.0000E-04
2.9788E-04 2.0000E-04
2.7617E-04 2.0000E-04
1.5948E-04 2.0000E-04
1.6092E-04 2.0000E-04
2.2583E-04 2.0000E-04
3.0056E-04 2.0000E-04
1.7009E-04 2.0000E-04
2.0882E-04 2.0000E-04
1.7767E-04 2.0000E-04
2.0524E-04 2.0000E-04
4.0454E-04 2.0000E-04
1.6429E-04 2.0000E-04
2.7107E-04 2.0000E-04
1.7535E-04 2.0000E-04
1.4809E-04 2.0000E-04
1.9142E-04 2.0000E-04
2.5959E-04 2.0000E-04
1.4987E-04 2.0000E-04
1.2552E-04 2.0000E-04
1.3670E-04 2.0000E-04
2.8018E-04 2.0000E-04
1.1639E-04 2.0000E-04
9.0770E-05 2.0000E-04
1.0386E-04 2.0000E-04
2.2216E-04 2.0000E-04
1.0728E-04 2.0000E-04
8.0399E-05 2.0000E-04
9.9765E-05 2.0000E-04
1.5259E-04 2.0000E-04
1.1607E-04 2.0000E-04
6.7279E-05 2.0000E-04
7.5680E-05 2.0000E-04
9.1798E-05 2.0000E-04
1.1848E-04 2.0000E-04
9.4702E-05 2.0000E-04
6.8732E-05 2.0000E-04
7.2316E-05 2.0000E-04
9.7274E-05 2.0000E-04
7.4583E-05 2.0000E-04
8.3501E-05 2.0000E-04
6.9699E-05 2.0000E-04
6.6747E-05 2.0000E-04
1.3501E-04 2.0000E-04
6.5097E-05 2.0000E-04
6.0700E-05 2.0000E-04
7.1149E-05 2.0000E-04
1.5292E-04 2.0000E-04
6.1785E-05 2.0000E-04
4.5507E-05 2.0000E-04
5.9573E-05 2.0000E-04
7.0569E-05 2.0000E-04
8.8703E-05 2.0000E-04
4.7007E-05 2.0000E-04
5.0258E-05 2.0000E-04
6.2046E-05 2.0000E-04
1.0686E-04 2.0000E-04
4.4300E-05 2.0000E-04
4.1587E-05 2.0000E-04
4.9679E-05 2.0000E-04
8.0736E-05 2.0000E-04
4.7583E-05 2.0000E-04
3.3243E-05 2.0000E-04
4.4705E-05 2.0000E-04
4.9943E-05 2.0000E-04
4.2625E-05 2.0000E-04
8.0355E-05 2.0000E-04
3.6653E-05 2.0000E-04
3.2946E-05 2.0000E-04
3.8550E-05 2.0000E-04
7.0332E-05 2.0000E-04
3.9321E-05 2.0000E-04
2.9770E-05 2.0000E-04
3.5499E-05 2.0000E-04
6.5480E-05 2.0000E-04
3.0891E-05 2.0000E-04
2.8267E-05 2.0000E-04
3.3084E-05 2.0000E-04
6.3277E-05 2.0000E-04
2.7404E-05 2.0000E-04
2.2024E-05 2.0000E-04
2.7694E-05 2.0000E-04
5.2989E-05 2.0000E-04
2.7604E-05 2.0000E-04
2.2028E-05 2.0000E-04
2.6695E-05 2.0000E-04
4.9614E-05 2.0000E-04
2.4451E-05 2.0000E-04
2.1849E-05 2.0000E-04
2.7199E-05 2.0000E-04
4.6096E-05 2.0000E-04
2.5625E-05 2.0000E-04
2.1034E-05 2.0000E-04
2.6805E-05 2.0000E-04
3.6361E-05 2.0000E-04
2.3201E-05 2.0000E-04
2.1862E-05 2.0000E-04
2.8745E-05 2.0000E-04
2.2775E-05 2.0000E-04
2.8106E-05 2.0000E-04
2.4829E-05 2.0000E-04
1.9006E-05 2.0000E-04
2.0765E-05 2.0000E-04
3.3221E-05 2.0000E-04
2.0496E-05 2.0000E-04
1.6618E-05 2.0000E-04
1.9426E-05 2.0000E-04
2.3158E-05 2.0000E-04
3.2385E-05 2.0000E-04
1.7095E-05 2.0000E-04
1.5165E-05 2.0000E-04
1.8098E-05 2.0000E-04
4.0082E-05 2.0000E-04
1.6134E-05 2.0000E-04
1.2860E-05 2.0000E-04
1.5948E-05 2.0000E-04
2.6909E-05 2.0000E-04
1.6180E-05 2.0000E-04
1.2687E-05 2.0000E-04
2.0131E-05 2.0000E-04
1.7095E-05 2.0000E-04
1.4537E-05 2.0000E-04
2.8239E-05 2.0000E-04
1.4279E-05 2.0000E-04
1.2887E-05 2.0000E-04
1.5814E-05 2.0000E-04
3.4257E-05 2.0000E-04
1.4586E-05 2.0000E-04
1.0478E-05 2.0000E-04
1.3336E-05 2.0000E-04
1.4127E-05 2.0000E-04
3.2271E-05 2.0000E-04
1.2068E-05 2.0000E-04
9.5855E-06 2.0000E-04
1.2079E-05 2.0000E-04
2.4475E-05 2.0000E-04
1.1441E-05 2.0000E-04
9.2525E-06 2.0000E-04
1.2173E-05 2.0000E-04
2.5490E-05 2.0000E-04
1.1509E-05 2.0000E-04
9.3551E-06 2.0000E-04
1.0966E-05 2.0000E-04
1.3921E-05 2.0000E-04
1.5941E-05 2.0000E-04
8.5850E-06 2.0000E-04
9.4238E-06 2.0000E-04
1.2741E-05 2.0000E-04
2.0856E-05 2.0000E-04
9.1876E-06 2.0000E-04
8.9193E-06 2.0000E-04
1.0629E-05 2.0000E-04
2.0578E-05 2.0000E-04
9.7721E-06 2.0000E-04
7.5894E-06 2.0000E-04
1.5443E-03 2.0000E-04
1.2832E-03 2.0000E-04
5.8457E-04 2.0000E-04
5.1753E-04 2.0000E-04
6.3019E-04 2.0000E-04
5.6615E-04 2.0000E-04
2.4146E-04 2.0000E-04
1.6840E-04 2.0000E-04
1.8348E-04 2.0000E-04
3.8166E-04 2.0000E-04
1.3972E-04 2.0000E-04
1.1670E-04 2.0000E-04
1.5960E-04 2.0000E-04
1.7871E-04 2.0000E-04
3.5782E-04 2.0000E-04
1.0163E-04 2.0000E-04
9.6287E-05 2.0000E-04
1.2490E-04 2.0000E-04
2.4240E-04 2.0000E-04
1.0753E-04 2.0000E-04
8.5431E-05 2.0000E-04
1.1618E-04 2.0000E-04
1.5723E-04 2.0000E-04
1.4394E-04 2.0000E-04
7.6513E-05 2.0000E-04
8.8323E-05 2.0000E-04
1.0296E-04 2.0000E-04
9.2867E-05 2.0000E-04
8.6917E-05 2.0000E-04
6.9362E-05 2.0000E-04
6.8756E-05 2.0000E-04
1.2000E-04 2.0000E-04
6.3731E-05 2.0000E-04
5.3644E-05 2.0000E-04
6.8929E-05 2.0000E-04
1.0635E-04 2.0000E-04
6.2748E-05 2.0000E-04
5.3703E-05 2.0000E-04
5.7061E-05 2.0000E-04
1.1422E-04 2.0000E-04
4.5114E-05 2.0000E-04
4.2428E-05 2.0000E-04
5.6215E-05 2.0000E-04
1.0830E-04 2.0000E-04
5.1208E-05 2.0000E-04
3.7819E-05 2.0000E-04
4.1904E-05 2.0000E-04
7.1811E-05 2.0000E-04
4.4034E-05 2.0000E-04
3.2782E-05 2.0000E-04
4.2893E-05 2.0000E-04
6.4620E-05 2.0000E-04
3.9468E-05 2.0000E-04
3.2698E-05 2.0000E-04
3.7117E-05 2.0000E-04
3.7521E-05 2.0000E-04
5.0759E-05 2.0000E-04
3.4321E-05 2.0000E-04
3.3850E-05 2.0000E-04
4.4851E-05 2.0000E-04
3.3176E-05 2.0000E-04
2.8525E-05 2.0000E-04
2.5273E-05 2.0000E-04
2.4661E-05 2.0000E-04
2.4313E-05 2.0000E-04
2.4083E-05 2.0000E-04
2.3981E-05 2.0000E-04
2.3959E-05 2.0000E-04
2.3936E-05 2.0000E-04
2.3932E-05 2.0000E-04
2.3930E-05 2.0000E-04
2.3929E-05 2.0000E-04
2.3928E-05 2.0000E-04
2.3930E-05 2.0000E-04
2.3929E-05 2.0000E-04
2.3973E-05 2.0000E-04
3.7266E-05 2.0000E-04
2.4150E-05 2.0000E-04
2.3204E-05 2.0000E-04
3.3260E-05 2.0000E-04
2.5969E-05 2.0000E-04
2.7679E-05 2.0000E-04
2.5376E-05 2.0000E-04
2.2353E-05 2.0000E-04
2.7623E-05 2.0000E-04
4.4224E-05 2.0000E-04
2.5369E-05 2.0000E-04
2.4591E-05 2.0000E-04
2.6733E-05 2.0000E-04
3.6016E-05 2.0000E-04
2.9948E-05 2.0000E-04
2.1187E-05 2.0000E-04
2.0974E-05 2.0000E-04
2.6711E-05 2.0000E-04
2.2647E-05 2.0000E-04
2.6563E-05 2.0000E-04
3.4292E-05 2.0000E-04
2.2411E-05 2.0000E-04
2.0746E-05 2.0000E-04
2.8451E-05 2.0000E-04
2.3935E-05 2.0000E-04
2.7574E-05 2.0000E-04
2.6942E-05 2.0000E-04
2.1407E-05 2.0000E-04
2.1416E-05 2.0000E-04
3.3683E-05 2.0000E-04
2.3054E-05 2.0000E-04
2.2489E-05 2.0000E-04
2.9034E-05 2.0000E-04
2.3699E-05 2.0000E-04
2.6926E-05 2.0000E-04
2.9330E-05 2.0000E-04
2.5156E-05 2.0000E-04
2.8392E-05 2.0000E-04
4.5808E-05 2.0000E-04
2.8256E-05 2.0000E-04
2.3708E-05 2.0000E-04
3.0179E-05 2.0000E-04
2.7866E-05 2.0000E-04
4.7711E-05 2.0000E-04
2.3773E-05 2.0000E-04
2.2208E-05 2.0000E-04
2.8653E-05 2.0000E-04
4.2478E-05 2.0000E-04
2.7461E-05 2.0000E-04
3.1282E-05 2.0000E-04
4.0296E-05 2.0000E-04
2.4959E-05 2.0000E-04
2.3235E-05 2.0000E-04
2.9536E-05 2.0000E-04
5.1431E-05 2.0000E-04
3.2323E-05 2.0000E-04
2.9036E-05 2.0000E-04
3.8010E-05 2.0000E-04
4.4288E-05 2.0000E-04
3.3704E-05 2.0000E-04
4.1649E-05 2.0000E-04
4.7898E-05 2.0000E-04
4.0283E-05 2.0000E-04
3.4882E-05 2.0000E-04
2.6059E-05 2.0000E-04
2.7655E-05 2.0000E-04
3.6745E-05 2.0000E-04
5.2349E-05 2.0000E-04
3.5486E-05 2.0000E-04
2.5164E-05 2.0000E-04
4.2904E-05 2.0000E-04
5.0181E-05 2.0000E-04
2.8066E-05 2.0000E-04
2.4598E-05 2.0000E-04
3.3924E-05 2.0000E-04
5.0116E-05 2.0000E-04
4.5469E-05 2.0000E-04
2.8840E-05 2.0000E-04
4.3446E-05 2.0000E-04
4.3868E-05 2.0000E-04
4.9877E-05 2.0000E-04
6.3497E-05 2.0000E-04
3.7346E-05 2.0000E-04
3.9833E-05 2.0000E-04
4.5122E-05 2.0000E-04
1.1544E-04 2.0000E-04
1.1250E-04 2.0000E-04
7.3948E-05 2.0000E-04
4.0682E-05 2.0000E-04
4.6096E-05 2.0000E-04
6.0317E-05 2.0000E-04
1.0108E-04 2.0000E-04
5.2755E-05 2.0000E-04
3.9145E-05 2.0000E-04
1.1422E-04 2.0000E-04
5.3858E-05 2.0000E-04
3.5185E-05 2.0000E-04
3.8832E-05 2.0000E-04
4.8659E-05 2.0000E-04
6.0741E-05 2.0000E-04
4.0698E-05 2.0000E-04
3.9749E-05 2.0000E-04
6.0989E-05 2.0000E-04
4.3717E-05 2.0000E-04
3.8781E-05 2.0000E-04
4.0082E-05 2.0000E-04
6.3558E-05 2.0000E-04
4.3990E-05 2.0000E-04
5.8231E-05 2.0000E-04
5.8489E-05 2.0000E-04
3.9592E-05 2.0000E-04
5.0716E-05 2.0000E-04
4.0317E-05 2.0000E-04
3.6506E-05 2.0000E-04
4.8175E-05 2.0000E-04
6.3943E-05 2.0000E-04
3.5521E-05 2.0000E-04
3.5386E-05 2.0000E-04
3.5368E-05 2.0000E-04
5.4010E-05 2.0000E-04
3.5807E-05 2.0000E-04
3.5373E-05 2.0000E-04
4.5386E-05 2.0000E-04
6.7398E-05 2.0000E-04
3.3971E-05 2.0000E-04
3.8702E-05 2.0000E-04
3.7342E-05 2.0000E-04
2.8713E-05 2.0000E-04
3.5171E-05 2.0000E-04
4.5535E-05 2.0000E-04
2.8751E-05 2.0000E-04
2.7117E-05 2.0000E-04
3.7148E-05 2.0000E-04
2.8110E-05 2.0000E-04
2.5316E-05 2.0000E-04
3.5620E-05 2.0000E-04
2.7545E-05 2.0000E-04
2.5457E-05 2.0000E-04
3.1748E-05 2.0000E-04
2.2738E-05 2.0000E-04
2.2568E-05 2.0000E-04
3.1730E-05 2.0000E-04
2.9333E-05 2.0000E-04
2.2716E-05 2.0000E-04
2.5631E-05 2.0000E-04
2.8889E-05 2.0000E-04
2.6433E-05 2.0000E-04
2.9088E-05 2.0000E-04
3.0398E-05 2.0000E-04
2.6449E-05 2.0000E-04
3.1511E-05 2.0000E-04
3.2900E-05 2.0000E-04
2.4815E-05 2.0000E-04
2.7486E-05 2.0000E-04
3.1605E-05 2.0000E-04
2.5297E-05 2.0000E-04
2.9688E-05 2.0000E-04
3.3999E-05 2.0000E-04
2.2436E-05 2.0000E-04
2.1061E-05 2.0000E-04
2.5726E-05 2.0000E-04
2.5166E-05 2.0000E-04
3.8055E-05 2.0000E-04
2.0953E-05 2.0000E-04
2.0240E-05 2.0000E-04
2.5577E-05 2.0000E-04
4.0366E-05 2.0000E-04
1.9702E-05 2.0000E-04
1.9750E-05 2.0000E-04
2.5147E-05 2.0000E-04
3.0093E-05 2.0000E-04
3.1465E-05 2.0000E-04
1.9331E-05 2.0000E-04
2.0155E-05 2.0000E-04
2.2483E-05 2.0000E-04
2.3457E-05 2.0000E-04
2.5040E-05 2.0000E-04
1.9264E-05 2.0000E-04
1.9293E-05 2.0000E-04
2.7911E-05 2.0000E-04
1.7931E-05 2.0000E-04
1.6147E-05 2.0000E-04
2.1755E-05 2.0000E-04
2.0588E-05 2.0000E-04
1.8806E-05 2.0000E-04
1.8619E-05 2.0000E-04
1.7683E-05 2.0000E-04
1.7548E-05 2.0000E-04
2.2204E-05 2.0000E-04
1.7273E-05 2.0000E-04
1.6096E-05 2.0000E-04
1.7806E-05 2.0000E-04
1.5393E-05 2.0000E-04
1.5242E-05 2.0000E-04
1.4984E-05 2.0000E-04
1.7015E-05 2.0000E-04
1.4505E-05 2.0000E-04
1.4152E-05 2.0000E-04
1.6024E-05 2.0000E-04
1.4534E-05 2.0000E-04
1.3301E-05 2.0000E-04
1.3591E-05 2.0000E-04
1.6422E-05 2.0000E-04
1.3295E-05 2.0000E-04
1.2270E-05 2.0000E-04
1.7251E-05 2.0000E-04
1.4230E-05 2.0000E-04
1.1255E-05 2.0000E-04
1.3391E-05 2.0000E-04
1.9815E-05 2.0000E-04
1.3574E-05 2.0000E-04
1.3863E-05 2.0000E-04
1.3137E-05 2.0000E-04
