0.000000000000000000e+00 0.000000000000000000e+00
1.214800000000000046e-01 -3.348745704130000334e-02
2.358399999999999941e-01 1.031994398801000107e-01
4.033200000000000118e-01 6.251709014660000729e-02
5.147399999999999753e-01 1.484365009391999946e-01
6.304999999999999494e-01 3.133329394538000301e-01
7.434600000000000097e-01 4.690300332775000358e-01
8.765500000000000513e-01 4.337898180973999707e-01
1.032850000000000046e+00 7.514728381919000277e-01
1.206069999999999975e+00 1.718505497284100070e+00
1.332049999999999956e+00 2.977624582353600058e+00
1.454660000000000064e+00 4.728512932586300010e+00
1.578100000000000058e+00 6.948392347787600620e+00
1.694600000000000106e+00 9.126659633170101316e+00
1.837480000000000002e+00 1.130234308749419903e+01
1.953710000000000058e+00 1.220072682674449993e+01
2.085109999999999797e+00 1.224638714262410133e+01
2.207510000000000083e+00 1.200992487143200016e+01
2.313839999999999897e+00 1.137233443733979854e+01
2.436329999999999885e+00 1.079539124207600054e+01
2.543620000000000214e+00 1.054146137935630101e+01
2.653919999999999835e+00 1.022862329349990063e+01
2.774099999999999788e+00 1.013691241389360087e+01
2.891669999999999963e+00 1.014639878120109984e+01
