RMS Step   Target
2.8315E-04 8.0000E-04
2.7767E-03 8.0000E-04
8.5652E-04 8.0000E-04
1.5331E-03 8.0000E-04
1.6623E-03 8.0000E-04
1.0681E-03 8.0000E-04
5.1566E-04 8.0000E-04
7.5214E-04 8.0000E-04
1.3090E-03 8.0000E-04
7.0394E-04 8.0000E-04
3.2994E-04 8.0000E-04
8.5152E-04 8.0000E-04
1.3742E-03 8.0000E-04
5.6723E-04 8.0000E-04
6.8868E-04 8.0000E-04
6.7611E-04 8.0000E-04
1.4390E-03 8.0000E-04
1.2464E-03 8.0000E-04
5.5647E-04 8.0000E-04
4.4448E-04 8.0000E-04
5.6486E-04 8.0000E-04
1.3891E-03 8.0000E-04
4.1391E-04 8.0000E-04
3.7503E-04 8.0000E-04
6.0854E-04 8.0000E-04
1.2319E-03 8.0000E-04
4.1339E-04 8.0000E-04
2.0405E-04 8.0000E-04
3.5120E-04 8.0000E-04
5.1484E-04 8.0000E-04
7.1345E-04 8.0000E-04
3.8196E-04 8.0000E-04
6.9342E-04 8.0000E-04
4.7699E-04 8.0000E-04
1.8109E-04 8.0000E-04
5.0649E-04 8.0000E-04
3.0557E-04 8.0000E-04
5.1518E-04 8.0000E-04
1.1159E-03 8.0000E-04
6.8964E-04 8.0000E-04
1.1059E-04 8.0000E-04
2.8485E-04 8.0000E-04
4.6268E-04 8.0000E-04
5.3708E-04 8.0000E-04
1.6944E-03 8.0000E-04
8.1412E-04 8.0000E-04
2.2181E-04 8.0000E-04
1.9712E-04 8.0000E-04
5.1923E-04 8.0000E-04
9.6827E-04 8.0000E-04
2.6434E-04 8.0000E-04
3.2831E-04 8.0000E-04
3.6085E-04 8.0000E-04
6.9919E-04 8.0000E-04
5.4067E-04 8.0000E-04
1.0841E-04 8.0000E-04
2.7027E-04 8.0000E-04
3.5749E-04 8.0000E-04
8.1279E-04 8.0000E-04
5.5809E-04 8.0000E-04
5.3954E-04 8.0000E-04
4.1575E-04 8.0000E-04
5.7776E-04 8.0000E-04
6.5279E-04 8.0000E-04
3.2948E-04 8.0000E-04
2.6829E-04 8.0000E-04
2.8157E-04 8.0000E-04
5.5336E-04 8.0000E-04
7.1742E-04 8.0000E-04
3.9987E-04 8.0000E-04
3.8896E-04 8.0000E-04
3.9538E-04 8.0000E-04
4.4627E-04 8.0000E-04
5.1523E-04 8.0000E-04
4.7649E-04 8.0000E-04
3.8604E-04 8.0000E-04
3.6473E-04 8.0000E-04
2.5860E-04 8.0000E-04
3.2708E-04 8.0000E-04
4.7993E-04 8.0000E-04
3.5793E-04 8.0000E-04
2.3231E-04 8.0000E-04
4.1324E-04 8.0000E-04
3.9484E-04 8.0000E-04
2.3743E-04 8.0000E-04
5.1403E-04 8.0000E-04
3.5677E-04 8.0000E-04
1.6332E-04 8.0000E-04
4.3718E-04 8.0000E-04
2.2755E-04 8.0000E-04
7.5787E-05 8.0000E-04
4.4215E-04 8.0000E-04
3.4427E-04 8.0000E-04
2.6012E-04 8.0000E-04
5.0164E-04 8.0000E-04
1.9586E-04 8.0000E-04
2.2121E-04 8.0000E-04
2.3467E-04 8.0000E-04
3.3397E-04 8.0000E-04
3.7474E-04 8.0000E-04
1.6814E-04 8.0000E-04
2.7514E-04 8.0000E-04
2.3392E-04 8.0000E-04
1.5074E-04 8.0000E-04
2.4778E-04 8.0000E-04
1.9757E-04 8.0000E-04
3.9999E-04 8.0000E-04
3.7449E-04 8.0000E-04
2.7357E-04 8.0000E-04
1.0612E-04 8.0000E-04
1.8319E-04 8.0000E-04
3.8342E-04 8.0000E-04
1.8333E-04 8.0000E-04
2.0851E-04 8.0000E-04
2.3043E-04 8.0000E-04
3.9585E-04 8.0000E-04
3.8861E-04 8.0000E-04
5.1904E-05 8.0000E-04
1.1582E-04 8.0000E-04
1.9830E-04 8.0000E-04
3.8789E-04 8.0000E-04
4.6403E-04 8.0000E-04
2.2739E-04 8.0000E-04
2.3804E-04 8.0000E-04
2.0981E-04 8.0000E-04
3.3156E-04 8.0000E-04
8.6744E-05 8.0000E-04
1.0256E-04 8.0000E-04
2.2814E-04 8.0000E-04
4.3022E-04 8.0000E-04
3.9989E-04 8.0000E-04
9.8436E-05 8.0000E-04
2.1916E-04 8.0000E-04
2.8249E-04 8.0000E-04
1.3424E-04 8.0000E-04
2.4066E-04 8.0000E-04
2.2562E-04 8.0000E-04
4.4631E-04 8.0000E-04
2.0585E-04 8.0000E-04
1.5916E-04 8.0000E-04
1.7942E-04 8.0000E-04
2.0808E-04 8.0000E-04
7.0035E-05 8.0000E-04
1.9664E-04 8.0000E-04
9.6333E-05 8.0000E-04
