547.6
169.7
187.0
175.0
166.3
154.8
166.6
158.0
159.9
159.2
152.4
148.0
153.0
154.5
146.5
146.5
161.0
158.0
170.6
158.5
159.6
152.4
147.3
157.6
154.9
152.5
158.0
145.9
154.6
126.8
126.3
124.6
159.4
119.8
154.8
120.7
125.3
125.8
127.3
126.7
161.4
120.3
126.8
126.5
122.2
127.8
147.4
154.3
121.3
126.5
121.6
126.2
125.0
115.5
127.4
155.3
126.2
120.1
126.4
126.7
121.1
119.1
160.4
126.0
126.0
124.6
125.1
130.9
128.7
120.3
125.8
128.4
125.6
127.0
125.7
126.6
125.0
118.0
123.3
126.3
125.5
125.1
125.1
123.1
126.1
124.9
126.7
127.2
127.2
125.7
108.9
124.5
124.7
109.4
117.0
121.3
109.1
125.4
108.2
143.8
121.8
117.3
124.5
109.5
126.3
124.3
109.3
108.2
135.5
124.8
125.1
125.4
109.0
109.7
109.4
129.5
110.0
110.7
110.2
141.9
109.2
109.4
109.5
109.3
108.7
108.0
108.1
107.3
109.8
141.5
108.6
104.5
108.9
108.2
108.4
126.3
108.2
108.6
107.6
109.6
107.8
108.6
141.5
109.0
109.8
106.3
111.3
103.5
110.2
101.6
