RMS Step   Target
5.7431E-05 1.2000E-02
3.6947E-03 1.2000E-02
5.9354E-04 1.2000E-02
4.2057E-03 1.2000E-02
1.2867E-03 1.2000E-02
4.4756E-04 1.2000E-02
1.1989E-03 1.2000E-02
0.0000E+00 1.2000E-02
6.1359E-05 1.2000E-02
7.2844E-04 1.2000E-02
7.2091E-04 1.2000E-02
2.9398E-03 1.2000E-02
1.8676E-03 1.2000E-02
9.6845E-04 1.2000E-02
1.3898E-04 1.2000E-02
2.0656E-04 1.2000E-02
2.8715E-04 1.2000E-02
3.1952E-03 1.2000E-02
1.0473E-03 1.2000E-02
1.1165E-03 1.2000E-02
2.0964E-04 1.2000E-02
1.1525E-03 1.2000E-02
7.9606E-04 1.2000E-02
4.4996E-04 1.2000E-02
1.0083E-03 1.2000E-02
7.6449E-04 1.2000E-02
2.3893E-03 1.2000E-02
5.2106E-04 1.2000E-02
3.2458E-04 1.2000E-02
5.4279E-04 1.2000E-02
7.2273E-04 1.2000E-02
2.0555E-04 1.2000E-02
2.8852E-04 1.2000E-02
7.2201E-04 1.2000E-02
7.5502E-04 1.2000E-02
2.3754E-03 1.2000E-02
3.0843E-04 1.2000E-02
2.4764E-04 1.2000E-02
6.7417E-04 1.2000E-02
1.2776E-03 1.2000E-02
2.1876E-04 1.2000E-02
2.9556E-04 1.2000E-02
5.1047E-04 1.2000E-02
7.1253E-04 1.2000E-02
1.5003E-03 1.2000E-02
2.6627E-04 1.2000E-02
2.5174E-04 1.2000E-02
5.8655E-04 1.2000E-02
1.0726E-03 1.2000E-02
1.3910E-03 1.2000E-02
5.1410E-04 1.2000E-02
5.4423E-04 1.2000E-02
5.0391E-04 1.2000E-02
9.2700E-04 1.2000E-02
1.2172E-03 1.2000E-02
5.5109E-04 1.2000E-02
5.5109E-04 1.2000E-02
2.8715E-04 1.2000E-02
1.5915E-04 1.2000E-02
4.7944E-05 1.2000E-02
