RMS Grad   Target
1.2177E-03 3.0000E-04
1.0014E-03 3.0000E-04
9.5094E-04 3.0000E-04
1.9268E-03 3.0000E-04
1.0219E-03 3.0000E-04
8.2195E-04 3.0000E-04
6.0299E-04 3.0000E-04
1.4155E-03 3.0000E-04
3.3938E-04 3.0000E-04
2.7337E-04 3.0000E-04
3.7566E-04 3.0000E-04
4.7409E-04 3.0000E-04
4.2967E-04 3.0000E-04
2.4943E-04 3.0000E-04
2.9975E-04 3.0000E-04
3.2800E-04 3.0000E-04
4.1421E-04 3.0000E-04
1.9568E-04 3.0000E-04
1.9481E-04 3.0000E-04
1.8239E-04 3.0000E-04
4.8592E-04 3.0000E-04
8.3233E-05 3.0000E-04
6.6515E-05 3.0000E-04
6.6515E-05 3.0000E-04
