Max Step   Target
7.3433E-03 1.8000E-03
2.2724E-02 1.8000E-03
1.0145E-02 1.8000E-03
2.5000E-02 1.8000E-03
2.5000E-02 1.8000E-03
2.5000E-02 1.8000E-03
2.5000E-02 1.8000E-03
2.5000E-02 1.8000E-03
2.5000E-02 1.8000E-03
2.5000E-02 1.8000E-03
2.5000E-02 1.8000E-03
1.5277E-02 1.8000E-03
2.5000E-02 1.8000E-03
2.5000E-02 1.8000E-03
2.5000E-02 1.8000E-03
6.7869E-03 1.8000E-03
7.6890E-03 1.8000E-03
2.1369E-02 1.8000E-03
1.0194E-02 1.8000E-03
1.5191E-02 1.8000E-03
2.4710E-02 1.8000E-03
7.4206E-03 1.8000E-03
9.1505E-03 1.8000E-03
1.4893E-03 1.8000E-03
1.2112E-02 1.8000E-03
5.1872E-03 1.8000E-03
2.2407E-03 1.8000E-03
5.5650E-03 1.8000E-03
2.4418E-03 1.8000E-03
6.3244E-03 1.8000E-03
4.9437E-03 1.8000E-03
1.9529E-03 1.8000E-03
1.4991E-03 1.8000E-03
1.4991E-03 1.8000E-03
