RMS Step   Target
2.2222E-03 8.0000E-04
2.7535E-03 8.0000E-04
4.0221E-03 8.0000E-04
4.3386E-03 8.0000E-04
1.0110E-03 8.0000E-04
7.5825E-04 8.0000E-04
1.9997E-03 8.0000E-04
3.2152E-03 8.0000E-04
4.6017E-03 8.0000E-04
2.4594E-03 8.0000E-04
4.8065E-03 8.0000E-04
3.7330E-03 8.0000E-04
5.1464E-04 8.0000E-04
6.3828E-04 8.0000E-04
1.3494E-03 8.0000E-04
2.2007E-03 8.0000E-04
4.7016E-03 8.0000E-04
7.7778E-04 8.0000E-04
6.4876E-04 8.0000E-04
1.3238E-03 8.0000E-04
2.8694E-03 8.0000E-04
3.7295E-03 8.0000E-04
1.3810E-03 8.0000E-04
7.4152E-04 8.0000E-04
7.3838E-04 8.0000E-04
1.4976E-03 8.0000E-04
1.6161E-03 8.0000E-04
8.2198E-04 8.0000E-04
1.5867E-03 8.0000E-04
2.1105E-03 8.0000E-04
1.2638E-03 8.0000E-04
2.1105E-04 8.0000E-04
9.6286E-05 8.0000E-04
