RMS Grad   Target
1.3483E-03 2.0000E-04
9.6209E-04 2.0000E-04
7.3000E-04 2.0000E-04
8.0851E-04 2.0000E-04
1.2535E-03 2.0000E-04
4.2843E-04 2.0000E-04
3.5949E-04 2.0000E-04
3.9847E-04 2.0000E-04
6.2002E-04 2.0000E-04
4.6546E-04 2.0000E-04
3.6488E-04 2.0000E-04
4.7065E-04 2.0000E-04
6.4808E-04 2.0000E-04
2.4886E-04 2.0000E-04
1.9038E-04 2.0000E-04
2.7419E-04 2.0000E-04
3.3224E-04 2.0000E-04
5.1641E-04 2.0000E-04
1.9881E-04 2.0000E-04
1.7769E-04 2.0000E-04
2.2346E-04 2.0000E-04
3.3030E-04 2.0000E-04
2.5647E-04 2.0000E-04
1.4259E-04 2.0000E-04
1.2965E-04 2.0000E-04
1.3339E-04 2.0000E-04
1.2555E-04 2.0000E-04
1.7373E-04 2.0000E-04
1.2959E-04 2.0000E-04
1.3505E-04 2.0000E-04
1.9555E-04 2.0000E-04
1.0641E-04 2.0000E-04
5.9229E-05 2.0000E-04
5.5835E-05 2.0000E-04
