0.000000000000000000e+00 0.000000000000000000e+00
1.352500000000000091e-01 -5.087083686109999947e-02
3.018100000000000227e-01 -5.984867087500000266e-02
4.574799999999999978e-01 -3.963007989140000104e-02
5.878499999999999837e-01 4.055634592630000257e-02
7.214699999999999447e-01 1.453103138520999982e-01
8.612100000000000311e-01 2.796848401084999769e-01
1.004150000000000098e+00 4.489321750254999799e-01
1.146419999999999995e+00 6.661512552236000806e-01
1.290159999999999973e+00 9.735462652630999525e-01
1.437070000000000070e+00 1.476029305337800190e+00
1.585869999999999891e+00 2.412520473890999995e+00
1.728920000000000012e+00 4.116708663080200559e+00
1.947680000000000078e+00 7.802638170743200874e+00
2.086780000000000079e+00 9.557144235862699233e+00
2.245530000000000026e+00 1.078120589912379934e+01
2.390299999999999869e+00 1.102924891166179933e+01
2.514870000000000161e+00 1.069436022229630012e+01
2.672449999999999992e+00 9.735535318173200281e+00
2.819640000000000146e+00 9.222023430918099507e+00
2.944560000000000066e+00 9.182900064544201157e+00
3.072490000000000165e+00 8.974217616782100393e+00
3.209579999999999878e+00 8.944699342418500621e+00
3.342760000000000176e+00 8.983239564678701328e+00
