819.2
230.2
230.8
228.4
232.2
229.2
229.2
230.5
231.3
227.8
230.2
229.3
277.7
277.3
229.6
276.7
278.2
228.0
276.6
277.5
229.2
277.3
280.1
231.2
277.3
277.3
230.5
276.3
278.4
230.6
279.2
275.9
229.3
278.2
279.9
232.7
279.1
278.3
230.5
279.7
278.1
228.6
280.3
277.9
229.9
276.1
278.1
229.2
277.1
277.7
229.3
279.1
280.8
207.7
276.7
279.0
206.3
276.1
279.3
204.5
278.4
277.3
206.0
278.5
275.9
215.1
277.2
279.6
206.6
283.6
280.5
205.6
279.5
275.2
206.8
279.0
277.7
205.0
280.1
277.3
279.5
276.5
276.2
277.7
277.8
278.0
278.0
278.3
278.1
278.7
278.2
278.0
278.1
