Max Step   Target
6.7333E-03 1.8000E-03
2.1299E-02 1.8000E-03
2.1886E-02 1.8000E-03
5.5149E-03 1.8000E-03
1.5312E-02 1.8000E-03
1.4096E-02 1.8000E-03
2.5146E-02 1.8000E-03
4.8885E-03 1.8000E-03
2.7977E-03 1.8000E-03
5.4689E-03 1.8000E-03
1.1242E-02 1.8000E-03
2.2506E-03 1.8000E-03
2.8687E-03 1.8000E-03
4.6489E-03 1.8000E-03
7.9058E-03 1.8000E-03
1.4416E-02 1.8000E-03
2.6197E-03 1.8000E-03
2.2289E-03 1.8000E-03
4.0958E-03 1.8000E-03
6.7320E-03 1.8000E-03
9.8135E-03 1.8000E-03
1.3568E-03 1.8000E-03
1.6719E-03 1.8000E-03
3.0751E-03 1.8000E-03
6.8014E-03 1.8000E-03
1.0385E-03 1.8000E-03
5.7271E-04 1.8000E-03
5.7271E-04 1.8000E-03
