460.8
122.3
123.7
121.4
121.2
121.7
122.8
125.1
123.2
123.4
145.8
123.0
156.0
122.1
123.7
158.4
122.6
122.5
173.4
121.2
106.6
158.4
122.0
123.0
155.1
123.4
106.8
155.2
117.5
122.4
171.5
122.9
123.7
154.5
122.2
122.5
122.9
156.8
121.7
155.8
125.0
121.6
155.9
121.4
126.1
155.8
124.7
124.0
126.2
157.9
121.4
156.1
124.6
124.0
156.7
123.5
106.5
157.5
124.3
125.2
123.7
160.5
122.7
156.4
123.1
124.9
157.3
121.0
157.7
124.2
154.7
125.1
157.5
122.4
107.3
160.6
122.9
158.2
125.5
155.2
122.7
155.5
126.3
106.6
158.8
