RMS Step   Target
2.8222E-04 8.0000E-04
2.8222E-03 8.0000E-04
9.2843E-04 8.0000E-04
1.6313E-03 8.0000E-04
1.8601E-03 8.0000E-04
1.3439E-03 8.0000E-04
6.0164E-04 8.0000E-04
1.0314E-03 8.0000E-04
1.5956E-03 8.0000E-04
7.8208E-04 8.0000E-04
5.2984E-04 8.0000E-04
1.0109E-03 8.0000E-04
1.7338E-03 8.0000E-04
1.5538E-03 8.0000E-04
4.9339E-04 8.0000E-04
9.3390E-04 8.0000E-04
1.2086E-03 8.0000E-04
9.8571E-04 8.0000E-04
1.4062E-03 8.0000E-04
6.4960E-04 8.0000E-04
6.5042E-04 8.0000E-04
2.1563E-03 8.0000E-04
8.5052E-04 8.0000E-04
1.7428E-04 8.0000E-04
7.4813E-04 8.0000E-04
1.4395E-03 8.0000E-04
1.3111E-04 8.0000E-04
3.1419E-04 8.0000E-04
4.6714E-04 8.0000E-04
8.3712E-04 8.0000E-04
1.3565E-03 8.0000E-04
3.0065E-04 8.0000E-04
4.0897E-04 8.0000E-04
5.4876E-04 8.0000E-04
1.2072E-03 8.0000E-04
3.2097E-04 8.0000E-04
2.3693E-04 8.0000E-04
3.9997E-04 8.0000E-04
1.0983E-03 8.0000E-04
1.5352E-04 8.0000E-04
1.1784E-04 8.0000E-04
3.1029E-04 8.0000E-04
5.6334E-04 8.0000E-04
1.0999E-03 8.0000E-04
6.8824E-04 8.0000E-04
4.1602E-04 8.0000E-04
3.6547E-04 8.0000E-04
2.7372E-04 8.0000E-04
6.0639E-04 8.0000E-04
6.9071E-04 8.0000E-04
2.5460E-04 8.0000E-04
3.7519E-04 8.0000E-04
3.6915E-04 8.0000E-04
7.8909E-04 8.0000E-04
3.3794E-04 8.0000E-04
1.9084E-04 8.0000E-04
3.8641E-04 8.0000E-04
6.4354E-04 8.0000E-04
3.3560E-04 8.0000E-04
4.9689E-04 8.0000E-04
4.3087E-04 8.0000E-04
7.5486E-04 8.0000E-04
1.2292E-04 8.0000E-04
2.0903E-04 8.0000E-04
2.8404E-04 8.0000E-04
7.7227E-04 8.0000E-04
4.1819E-04 8.0000E-04
2.1986E-04 8.0000E-04
4.4654E-04 8.0000E-04
5.9683E-04 8.0000E-04
2.0400E-04 8.0000E-04
1.8509E-04 8.0000E-04
2.1666E-04 8.0000E-04
5.0637E-04 8.0000E-04
9.3658E-04 8.0000E-04
9.3931E-05 8.0000E-04
7.7636E-05 8.0000E-04
1.5463E-04 8.0000E-04
4.0315E-04 8.0000E-04
6.6446E-04 8.0000E-04
1.8790E-04 8.0000E-04
2.9446E-04 8.0000E-04
1.7812E-04 8.0000E-04
4.9699E-04 8.0000E-04
3.5758E-04 8.0000E-04
8.0304E-05 8.0000E-04
1.7903E-04 8.0000E-04
3.4978E-04 8.0000E-04
4.8661E-04 8.0000E-04
2.4926E-04 8.0000E-04
1.8694E-04 8.0000E-04
2.0206E-04 8.0000E-04
3.7143E-04 8.0000E-04
1.5365E-04 8.0000E-04
1.6513E-04 8.0000E-04
1.8054E-04 8.0000E-04
3.6672E-04 8.0000E-04
1.2759E-04 8.0000E-04
1.0340E-04 8.0000E-04
1.4035E-04 8.0000E-04
2.7532E-04 8.0000E-04
1.7945E-04 8.0000E-04
1.1179E-04 8.0000E-04
1.2957E-04 8.0000E-04
2.4296E-04 8.0000E-04
3.6648E-04 8.0000E-04
1.2003E-04 8.0000E-04
1.1177E-04 8.0000E-04
9.7508E-05 8.0000E-04
