RMS Grad   Target
3.4733E-03 2.0000E-04
3.1364E-03 2.0000E-04
8.2943E-04 2.0000E-04
5.5648E-04 2.0000E-04
5.4455E-04 2.0000E-04
6.0234E-04 2.0000E-04
3.3989E-04 2.0000E-04
2.6506E-04 2.0000E-04
2.6767E-04 2.0000E-04
3.9766E-04 2.0000E-04
2.0236E-04 2.0000E-04
1.6094E-04 2.0000E-04
1.7071E-04 2.0000E-04
3.4558E-04 2.0000E-04
1.6695E-04 2.0000E-04
1.2379E-04 2.0000E-04
1.4284E-04 2.0000E-04
1.8898E-04 2.0000E-04
3.3838E-04 2.0000E-04
1.0310E-04 2.0000E-04
9.4700E-05 2.0000E-04
1.2674E-04 2.0000E-04
1.7890E-04 2.0000E-04
2.1932E-04 2.0000E-04
9.8516E-05 2.0000E-04
1.0062E-04 2.0000E-04
1.1210E-04 2.0000E-04
2.8695E-04 2.0000E-04
7.6720E-05 2.0000E-04
6.0873E-05 2.0000E-04
7.7099E-05 2.0000E-04
1.4646E-04 2.0000E-04
8.4556E-05 2.0000E-04
6.3632E-05 2.0000E-04
9.2075E-05 2.0000E-04
8.6963E-05 2.0000E-04
5.7814E-05 2.0000E-04
6.3372E-05 2.0000E-04
6.0877E-05 2.0000E-04
6.4562E-05 2.0000E-04
9.3645E-05 2.0000E-04
1.0990E-04 2.0000E-04
3.9795E-05 2.0000E-04
3.3651E-05 2.0000E-04
4.8035E-05 2.0000E-04
6.9511E-05 2.0000E-04
7.1538E-05 2.0000E-04
3.4363E-05 2.0000E-04
3.4170E-05 2.0000E-04
4.1874E-05 2.0000E-04
6.8154E-05 2.0000E-04
4.9516E-05 2.0000E-04
3.3141E-05 2.0000E-04
3.8229E-05 2.0000E-04
5.1749E-05 2.0000E-04
3.9559E-05 2.0000E-04
5.3983E-05 2.0000E-04
4.0565E-05 2.0000E-04
3.6676E-05 2.0000E-04
5.9505E-05 2.0000E-04
7.6778E-05 2.0000E-04
3.5842E-05 2.0000E-04
2.5252E-05 2.0000E-04
3.1061E-05 2.0000E-04
4.6954E-05 2.0000E-04
4.0557E-05 2.0000E-04
2.3929E-05 2.0000E-04
2.9863E-05 2.0000E-04
3.5356E-05 2.0000E-04
4.8908E-05 2.0000E-04
3.0648E-05 2.0000E-04
2.6254E-05 2.0000E-04
3.0275E-05 2.0000E-04
4.8708E-05 2.0000E-04
2.5995E-05 2.0000E-04
2.7936E-05 2.0000E-04
2.9699E-05 2.0000E-04
3.8406E-05 2.0000E-04
3.1430E-05 2.0000E-04
2.0650E-05 2.0000E-04
2.2364E-05 2.0000E-04
3.1587E-05 2.0000E-04
3.2446E-05 2.0000E-04
3.7512E-05 2.0000E-04
2.2026E-05 2.0000E-04
2.1695E-05 2.0000E-04
2.2727E-05 2.0000E-04
3.3722E-05 2.0000E-04
2.2371E-05 2.0000E-04
1.6702E-05 2.0000E-04
1.8019E-05 2.0000E-04
3.3030E-05 2.0000E-04
1.9180E-05 2.0000E-04
1.6260E-05 2.0000E-04
2.1006E-05 2.0000E-04
3.2933E-05 2.0000E-04
1.9300E-05 2.0000E-04
1.7008E-05 2.0000E-04
1.9982E-05 2.0000E-04
1.9753E-05 2.0000E-04
1.8694E-05 2.0000E-04
1.6122E-05 2.0000E-04
1.9550E-05 2.0000E-04
1.8266E-05 2.0000E-04
1.7253E-05 2.0000E-04
2.0063E-05 2.0000E-04
2.0992E-05 2.0000E-04
1.3506E-05 2.0000E-04
1.3648E-05 2.0000E-04
1.6374E-05 2.0000E-04
2.0325E-05 2.0000E-04
1.9096E-05 2.0000E-04
1.4563E-05 2.0000E-04
1.4233E-05 2.0000E-04
2.1966E-05 2.0000E-04
1.4516E-05 2.0000E-04
1.3390E-05 2.0000E-04
1.4261E-05 2.0000E-04
