RMS Step   Target
2.8557E-04 8.0000E-04
2.8557E-03 8.0000E-04
1.1189E-03 8.0000E-04
1.7003E-03 8.0000E-04
2.0239E-03 8.0000E-04
1.3823E-03 8.0000E-04
1.0275E-03 8.0000E-04
9.0704E-04 8.0000E-04
1.9195E-03 8.0000E-04
7.9817E-04 8.0000E-04
2.6380E-04 8.0000E-04
9.7644E-04 8.0000E-04
1.5543E-03 8.0000E-04
6.6688E-04 8.0000E-04
8.1931E-04 8.0000E-04
7.8656E-04 8.0000E-04
1.6125E-03 8.0000E-04
2.4851E-03 8.0000E-04
6.7278E-04 8.0000E-04
2.5561E-04 8.0000E-04
6.8999E-04 8.0000E-04
1.4733E-03 8.0000E-04
2.8871E-03 8.0000E-04
3.8888E-04 8.0000E-04
5.5733E-04 8.0000E-04
7.5366E-04 8.0000E-04
1.9963E-03 8.0000E-04
2.4035E-04 8.0000E-04
1.8000E-04 8.0000E-04
5.1488E-04 8.0000E-04
9.2637E-04 8.0000E-04
7.9970E-04 8.0000E-04
7.2754E-04 8.0000E-04
7.5185E-04 8.0000E-04
7.0932E-04 8.0000E-04
3.2913E-04 8.0000E-04
5.0000E-04 8.0000E-04
3.3186E-04 8.0000E-04
4.4959E-04 8.0000E-04
1.2129E-03 8.0000E-04
9.3977E-04 8.0000E-04
4.2051E-04 8.0000E-04
9.6905E-05 8.0000E-04
2.8841E-04 8.0000E-04
6.0366E-04 8.0000E-04
1.0035E-03 8.0000E-04
2.7563E-04 8.0000E-04
2.1339E-04 8.0000E-04
2.5077E-04 8.0000E-04
7.0859E-04 8.0000E-04
4.9618E-04 8.0000E-04
1.5614E-04 8.0000E-04
3.2418E-04 8.0000E-04
4.0647E-04 8.0000E-04
3.8782E-04 8.0000E-04
7.3337E-04 8.0000E-04
3.6426E-04 8.0000E-04
1.0753E-04 8.0000E-04
8.2932E-04 8.0000E-04
7.2494E-04 8.0000E-04
5.8405E-05 8.0000E-04
3.1494E-04 8.0000E-04
4.5297E-04 8.0000E-04
6.5035E-04 8.0000E-04
7.1144E-04 8.0000E-04
8.5239E-05 8.0000E-04
1.8365E-04 8.0000E-04
2.7676E-04 8.0000E-04
8.7540E-04 8.0000E-04
5.0754E-04 8.0000E-04
2.2554E-04 8.0000E-04
3.8696E-04 8.0000E-04
5.6348E-04 8.0000E-04
1.0559E-04 8.0000E-04
2.5480E-04 8.0000E-04
2.4488E-04 8.0000E-04
6.3059E-04 8.0000E-04
4.3691E-04 8.0000E-04
6.5150E-05 8.0000E-04
1.2268E-04 8.0000E-04
2.3425E-04 8.0000E-04
7.0183E-04 8.0000E-04
3.5611E-04 8.0000E-04
1.9453E-04 8.0000E-04
2.4778E-04 8.0000E-04
2.4310E-04 8.0000E-04
6.0130E-04 8.0000E-04
1.3108E-04 8.0000E-04
8.5099E-05 8.0000E-04
1.6102E-04 8.0000E-04
3.7325E-04 8.0000E-04
3.0866E-04 8.0000E-04
2.6706E-04 8.0000E-04
3.4211E-04 8.0000E-04
4.3250E-04 8.0000E-04
1.2216E-04 8.0000E-04
1.6920E-04 8.0000E-04
1.3654E-04 8.0000E-04
3.6005E-04 8.0000E-04
3.7786E-04 8.0000E-04
2.1481E-04 8.0000E-04
2.9942E-04 8.0000E-04
9.1708E-05 8.0000E-04
1.3041E-04 8.0000E-04
2.6498E-04 8.0000E-04
3.8201E-04 8.0000E-04
2.1607E-04 8.0000E-04
2.4765E-04 8.0000E-04
1.7402E-04 8.0000E-04
4.1025E-04 8.0000E-04
2.0943E-04 8.0000E-04
7.9870E-05 8.0000E-04
2.0656E-04 8.0000E-04
3.3633E-04 8.0000E-04
1.7887E-04 8.0000E-04
2.3549E-04 8.0000E-04
1.5641E-04 8.0000E-04
