720.9
232.6
238.8
218.2
214.2
217.4
209.3
221.6
204.0
211.5
208.4
215.3
225.1
216.5
202.6
202.9
201.4
216.2
216.2
200.9
233.5
200.2
211.1
220.4
234.4
204.7
205.9
206.8
224.7
180.8
184.4
200.4
202.0
206.6
238.4
199.5
183.2
183.8
180.4
200.5
236.3
214.1
187.0
179.9
184.3
187.4
203.6
208.7
188.3
186.8
187.4
186.4
179.6
192.3
187.9
179.4
200.4
195.6
186.8
184.5
211.0
186.0
181.2
184.6
209.4
194.7
181.8
190.3
185.2
200.8
187.1
185.9
216.1
187.6
172.9
184.1
181.9
184.8
187.0
178.7
174.4
196.7
182.0
209.0
191.4
172.6
184.1
179.8
180.4
189.9
172.4
170.0
200.3
187.7
182.0
209.2
192.4
169.7
179.0
195.7
182.3
184.6
175.9
184.5
173.9
187.0
210.0
193.2
167.8
173.9
168.3
183.1
174.0
168.1
166.0
177.9
172.1
171.6
177.9
178.4
