Max Step   Target
8.1686E-03 1.8000E-03
1.8598E-02 1.8000E-03
2.3636E-02 1.8000E-03
7.4047E-03 1.8000E-03
1.1938E-02 1.8000E-03
1.3820E-02 1.8000E-03
2.5000E-02 1.8000E-03
2.3614E-02 1.8000E-03
4.7837E-03 1.8000E-03
9.7823E-03 1.8000E-03
7.6659E-03 1.8000E-03
5.7436E-03 1.8000E-03
5.5194E-03 1.8000E-03
5.6680E-03 1.8000E-03
9.9490E-03 1.8000E-03
5.1292E-03 1.8000E-03
3.5778E-03 1.8000E-03
4.1579E-03 1.8000E-03
5.2901E-03 1.8000E-03
2.3231E-03 1.8000E-03
1.9814E-03 1.8000E-03
2.9016E-03 1.8000E-03
6.0136E-03 1.8000E-03
1.3271E-03 1.8000E-03
7.4038E-04 1.8000E-03
1.3351E-03 1.8000E-03
2.4375E-03 1.8000E-03
4.7896E-03 1.8000E-03
8.8218E-04 1.8000E-03
2.4397E-04 1.8000E-03
2.4397E-04 1.8000E-03
