RMS Grad   Target
1.1547E-03 3.0000E-04
9.0510E-04 3.0000E-04
9.8130E-04 3.0000E-04
1.6448E-03 3.0000E-04
7.6144E-04 3.0000E-04
6.6220E-04 3.0000E-04
6.9671E-04 3.0000E-04
1.0382E-03 3.0000E-04
5.7039E-04 3.0000E-04
3.4792E-04 3.0000E-04
3.6775E-04 3.0000E-04
5.4687E-04 3.0000E-04
2.8989E-04 3.0000E-04
2.6843E-04 3.0000E-04
3.5402E-04 3.0000E-04
5.5869E-04 3.0000E-04
3.0728E-04 3.0000E-04
2.2033E-04 3.0000E-04
2.2397E-04 3.0000E-04
2.9694E-04 3.0000E-04
1.4439E-04 3.0000E-04
1.2865E-04 3.0000E-04
1.4991E-04 3.0000E-04
2.5809E-04 3.0000E-04
9.6451E-05 3.0000E-04
8.5012E-05 3.0000E-04
1.0558E-04 3.0000E-04
9.7990E-05 3.0000E-04
3.3134E-04 3.0000E-04
5.4251E-05 3.0000E-04
3.6797E-05 3.0000E-04
3.6797E-05 3.0000E-04
