547.6
161.2
125.2
128.4
125.8
126.1
125.1
126.5
125.4
124.6
127.0
128.9
159.6
160.2
128.8
159.9
158.8
119.4
158.9
158.9
126.4
158.9
159.6
126.5
161.2
153.6
126.5
160.0
162.0
124.9
161.6
160.3
127.8
160.4
154.3
127.1
161.3
148.9
121.1
154.6
156.1
126.4
160.7
163.4
123.1
161.8
161.7
104.2
161.0
161.4
108.8
159.9
154.1
110.5
161.4
163.0
109.5
155.0
160.7
110.3
155.4
160.7
110.8
159.5
161.4
110.4
159.9
159.5
109.8
160.9
154.6
108.6
160.4
153.6
160.2
160.2
161.2
160.2
161.7
151.9
161.0
159.8
152.2
159.8
159.9
160.7
154.9
160.8
159.7
160.2
160.8
