0.000000000000000000e+00 0.000000000000000000e+00
1.512499999999999956e-01 1.167851352319000113e-01
3.808699999999999863e-01 1.107201979959999971e-02
5.268599999999999950e-01 1.689465698533000049e-01
6.648899999999999810e-01 3.961613664142000224e-01
8.043500000000000094e-01 5.577478204556000074e-01
9.489600000000000257e-01 8.191339961169000761e-01
1.146439999999999904e+00 9.000107445855000110e-01
1.317790000000000017e+00 1.459616054431999821e+00
1.492070000000000007e+00 2.653623487892600163e+00
1.615730000000000111e+00 4.007539981086700287e+00
1.934709999999999930e+00 9.304518901603099579e+00
2.108260000000000023e+00 1.126143966633999938e+01
2.279609999999999914e+00 1.180174374061000009e+01
2.449469999999999814e+00 1.149575366047059966e+01
2.622510000000000119e+00 1.139020739968140106e+01
2.789439999999999920e+00 1.195064761025240152e+01
2.956290000000000084e+00 1.253203438499789968e+01
3.113789999999999836e+00 1.237040212279949891e+01
3.257839999999999847e+00 1.192030441255740136e+01
3.399059999999999970e+00 1.150720174641389981e+01
3.544470000000000010e+00 1.112806645619490098e+01
3.770789999999999864e+00 1.112643468179130046e+01
3.893069999999999808e+00 1.098936161583130122e+01
