RMS Grad   Target
9.6074E-04 3.0000E-03
9.3418E-04 3.0000E-03
6.7171E-04 3.0000E-03
4.8106E-04 3.0000E-03
3.6763E-04 3.0000E-03
5.2400E-04 3.0000E-03
3.2864E-04 3.0000E-03
2.2414E-04 3.0000E-03
1.9676E-04 3.0000E-03
1.7480E-04 3.0000E-03
1.3960E-04 3.0000E-03
1.1805E-04 3.0000E-03
1.0366E-04 3.0000E-03
1.1198E-04 3.0000E-03
1.1780E-04 3.0000E-03
9.7795E-05 3.0000E-03
1.7485E-04 3.0000E-03
1.4242E-04 3.0000E-03
8.3279E-05 3.0000E-03
1.3128E-04 3.0000E-03
8.3116E-05 3.0000E-03
6.2501E-05 3.0000E-03
9.2845E-05 3.0000E-03
4.4055E-05 3.0000E-03
3.7398E-05 3.0000E-03
5.5981E-05 3.0000E-03
7.1880E-05 3.0000E-03
1.2146E-04 3.0000E-03
7.1061E-05 3.0000E-03
3.8999E-05 3.0000E-03
4.8189E-05 3.0000E-03
6.1262E-05 3.0000E-03
6.9252E-05 3.0000E-03
9.4123E-05 3.0000E-03
