Max Step   Target
7.2025E-03 1.8000E-03
1.4239E-02 1.8000E-03
2.3741E-02 1.8000E-03
1.4562E-02 1.8000E-03
2.0659E-02 1.8000E-03
2.6929E-02 1.8000E-03
4.3822E-02 1.8000E-03
9.6101E-03 1.8000E-03
3.5467E-03 1.8000E-03
9.1685E-03 1.8000E-03
9.6102E-03 1.8000E-03
1.9957E-02 1.8000E-03
5.0901E-03 1.8000E-03
1.5679E-03 1.8000E-03
7.5495E-03 1.8000E-03
1.0601E-02 1.8000E-03
1.6493E-02 1.8000E-03
2.2460E-03 1.8000E-03
1.8369E-03 1.8000E-03
2.3638E-03 1.8000E-03
5.2114E-03 1.8000E-03
1.3834E-03 1.8000E-03
1.2879E-03 1.8000E-03
2.2636E-03 1.8000E-03
4.5960E-03 1.8000E-03
4.1581E-03 1.8000E-03
1.0060E-03 1.8000E-03
2.0133E-03 1.8000E-03
2.1905E-03 1.8000E-03
6.5319E-04 1.8000E-03
6.5319E-04 1.8000E-03
