RMS Grad   Target
1.2826E-03 3.0000E-04
9.8778E-04 3.0000E-04
9.4348E-04 3.0000E-04
1.4579E-03 3.0000E-04
8.4271E-04 3.0000E-04
8.8620E-04 3.0000E-04
9.3826E-04 3.0000E-04
2.0589E-03 3.0000E-04
4.8068E-04 3.0000E-04
3.7840E-04 3.0000E-04
4.6149E-04 3.0000E-04
4.7100E-04 3.0000E-04
1.3624E-03 3.0000E-04
3.0582E-04 3.0000E-04
2.6291E-04 3.0000E-04
3.7020E-04 3.0000E-04
5.0271E-04 3.0000E-04
5.1512E-04 3.0000E-04
1.7909E-04 3.0000E-04
1.6042E-04 3.0000E-04
1.8434E-04 3.0000E-04
3.3707E-04 3.0000E-04
1.2673E-04 3.0000E-04
1.1425E-04 3.0000E-04
1.3554E-04 3.0000E-04
2.2618E-04 3.0000E-04
1.0158E-04 3.0000E-04
7.1562E-05 3.0000E-04
9.2143E-05 3.0000E-04
1.5148E-04 3.0000E-04
6.9729E-05 3.0000E-04
6.9729E-05 3.0000E-04
