RMS Step   Target
2.2222E-03 1.2000E-03
3.9951E-03 1.2000E-03
5.8904E-03 1.2000E-03
3.2282E-03 1.2000E-03
4.4902E-03 1.2000E-03
5.8561E-03 1.2000E-03
9.7516E-03 1.2000E-03
2.4030E-03 1.2000E-03
7.4939E-04 1.2000E-03
2.4812E-03 1.2000E-03
3.4933E-03 1.2000E-03
7.2673E-03 1.2000E-03
1.7179E-03 1.2000E-03
5.4312E-04 1.2000E-03
2.9319E-03 1.2000E-03
4.0405E-03 1.2000E-03
6.2828E-03 1.2000E-03
8.6644E-04 1.2000E-03
5.2777E-04 1.2000E-03
9.2664E-04 1.2000E-03
1.9949E-03 1.2000E-03
4.9039E-04 1.2000E-03
5.1604E-04 1.2000E-03
8.5585E-04 1.2000E-03
1.6047E-03 1.2000E-03
1.3663E-03 1.2000E-03
3.2537E-04 1.2000E-03
6.0658E-04 1.2000E-03
7.9024E-04 1.2000E-03
2.0528E-04 1.2000E-03
2.0528E-04 1.2000E-03
