562.6
156.4
126.5
131.0
153.0
130.1
127.0
132.3
130.1
129.8
130.2
125.5
163.2
166.1
129.0
165.4
161.8
128.6
179.0
157.2
127.6
163.6
164.2
126.2
157.6
161.3
126.3
161.9
156.8
128.2
182.8
161.7
128.6
166.9
163.0
125.1
164.9
160.9
127.0
163.6
165.5
133.4
160.8
163.9
125.5
167.1
163.4
102.9
165.2
159.0
112.7
160.8
164.8
110.3
161.4
164.9
114.7
164.8
164.3
161.4
165.7
160.4
163.0
115.5
162.0
164.0
161.8
161.0
163.8
164.5
104.2
164.3
159.1
109.7
160.3
161.6
160.5
161.5
163.7
157.6
164.0
162.2
160.2
163.0
161.1
163.7
164.7
166.2
164.1
