532.7
108.8
109.8
109.4
143.7
124.5
125.6
126.3
124.0
126.0
126.3
125.2
128.9
120.5
125.7
126.2
127.0
125.9
109.4
109.7
109.2
111.5
109.4
110.3
110.3
111.7
110.3
111.2
112.4
110.2
109.1
111.4
108.6
111.7
109.9
109.1
110.3
110.8
111.0
110.0
109.8
110.4
109.8
108.9
112.8
109.7
112.6
110.7
109.3
109.3
111.3
111.2
110.7
112.6
109.5
109.1
111.7
111.5
110.0
112.3
112.7
109.9
104.8
110.3
110.0
109.4
111.5
111.3
110.8
109.7
112.3
105.9
111.3
110.4
111.8
110.8
111.7
112.8
106.0
110.6
111.6
110.8
111.8
111.4
112.4
110.9
111.8
110.1
110.3
113.8
112.3
111.1
112.4
112.8
111.4
111.8
112.4
112.1
110.4
111.4
111.7
111.6
112.4
111.3
109.8
111.9
111.6
107.3
109.4
107.6
106.8
109.4
109.4
109.3
109.9
110.3
108.9
109.4
109.0
110.1
109.5
110.5
109.9
110.1
109.3
110.0
110.6
109.5
110.4
109.0
109.3
108.6
109.9
109.5
110.8
108.7
109.8
111.0
108.8
109.3
111.2
108.3
110.7
110.4
108.2
109.1
111.6
107.8
109.3
111.4
107.9
110.1
110.3
110.3
109.0
110.7
108.3
108.5
106.5
109.7
108.2
108.6
110.0
109.9
110.2
108.7
109.3
111.3
112.5
109.7
108.5
108.9
110.8
110.1
110.6
108.0
105.5
108.2
104.7
109.8
110.0
109.5
109.4
109.9
109.2
110.0
104.3
110.4
107.7
106.8
110.1
109.1
108.7
110.0
108.8
109.9
111.1
107.8
108.1
111.5
107.8
108.9
110.0
108.5
109.7
128.1
111.0
107.5
108.7
109.5
108.4
109.0
108.4
108.8
107.6
109.4
110.3
110.5
109.7
109.8
110.2
110.3
110.7
110.0
109.1
110.3
109.6
110.6
109.3
111.2
107.8
109.6
111.2
109.0
109.4
109.5
109.0
107.9
110.3
111.1
110.1
109.8
109.2
108.1
110.9
110.0
110.5
110.1
110.5
108.7
109.3
110.0
108.9
110.1
108.8
107.8
108.7
109.9
108.7
109.7
107.7
109.1
109.1
112.2
108.2
108.8
109.9
108.0
107.6
109.1
110.2
107.9
108.8
107.5
110.6
109.8
108.8
108.2
111.0
108.5
109.6
109.5
108.4
109.6
110.7
111.5
109.3
108.7
109.1
110.5
109.6
109.7
110.4
109.0
108.2
110.1
108.4
108.2
108.3
110.4
109.2
109.4
108.2
109.1
109.0
110.1
110.5
109.2
109.6
108.4
108.8
