Max Step   Target
3.1861E-03 1.8000E-02
1.6379E-01 1.8000E-02
4.0482E-02 1.8000E-02
7.1138E-02 1.8000E-02
1.4181E-01 1.8000E-02
2.4670E-02 1.8000E-02
1.5792E-02 1.8000E-02
0.0000E+00 1.8000E-02
2.5019E-03 1.8000E-02
6.9673E-03 1.8000E-02
3.6547E-03 1.8000E-02
6.2352E-03 1.8000E-02
4.7890E-02 1.8000E-02
1.8122E-02 1.8000E-02
4.7263E-03 1.8000E-02
1.3681E-02 1.8000E-02
1.8781E-02 1.8000E-02
2.3739E-02 1.8000E-02
3.5132E-03 1.8000E-02
3.0943E-03 1.8000E-02
1.0364E-02 1.8000E-02
1.5807E-02 1.8000E-02
2.7733E-02 1.8000E-02
5.9323E-03 1.8000E-02
2.2623E-03 1.8000E-02
5.0934E-03 1.8000E-02
8.5427E-03 1.8000E-02
1.8139E-02 1.8000E-02
3.6599E-03 1.8000E-02
3.3523E-03 1.8000E-02
5.0304E-03 1.8000E-02
9.4943E-03 1.8000E-02
1.2673E-02 1.8000E-02
2.6697E-03 1.8000E-02
1.1692E-03 1.8000E-02
