Max Step   Target
6.7602E-03 1.8000E-03
2.4122E-02 1.8000E-03
2.2882E-02 1.8000E-03
3.9504E-03 1.8000E-03
1.2992E-02 1.8000E-03
1.1537E-02 1.8000E-03
2.2391E-02 1.8000E-03
9.3710E-03 1.8000E-03
4.8694E-03 1.8000E-03
4.8444E-03 1.8000E-03
8.3325E-03 1.8000E-03
9.5717E-03 1.8000E-03
2.2048E-03 1.8000E-03
2.6643E-03 1.8000E-03
5.9600E-03 1.8000E-03
7.2823E-03 1.8000E-03
1.6647E-02 1.8000E-03
1.1564E-02 1.8000E-03
2.5167E-03 1.8000E-03
3.2813E-03 1.8000E-03
4.5966E-03 1.8000E-03
2.6780E-03 1.8000E-03
2.2446E-03 1.8000E-03
1.0821E-03 1.8000E-03
1.0821E-03 1.8000E-03
