RMS Step   Target
2.2222E-03 1.2000E-03
6.7917E-03 1.2000E-03
5.7625E-03 1.2000E-03
1.3632E-03 1.2000E-03
3.8715E-03 1.2000E-03
3.4603E-03 1.2000E-03
7.1726E-03 1.2000E-03
3.1686E-03 1.2000E-03
1.4485E-03 1.2000E-03
1.1978E-03 1.2000E-03
2.9851E-03 1.2000E-03
4.2068E-03 1.2000E-03
8.9835E-04 1.2000E-03
9.4155E-04 1.2000E-03
2.1960E-03 1.2000E-03
3.1140E-03 1.2000E-03
6.7683E-03 1.2000E-03
4.9835E-03 1.2000E-03
8.2874E-04 1.2000E-03
1.1106E-03 1.2000E-03
1.7871E-03 1.2000E-03
1.1030E-03 1.2000E-03
9.1804E-04 1.2000E-03
4.2181E-04 1.2000E-03
4.2181E-04 1.2000E-03
