Max Step   Target
8.5912E-03 1.8000E-03
1.9512E-02 1.8000E-03
2.5000E-02 1.8000E-03
2.3594E-02 1.8000E-03
2.4357E-02 1.8000E-03
1.2165E-02 1.8000E-03
1.1931E-02 1.8000E-03
1.7745E-02 1.8000E-03
5.8304E-03 1.8000E-03
5.5318E-03 1.8000E-03
8.1542E-03 1.8000E-03
1.0019E-02 1.8000E-03
1.6912E-03 1.8000E-03
2.6332E-03 1.8000E-03
4.4240E-03 1.8000E-03
8.8118E-03 1.8000E-03
2.0883E-02 1.8000E-03
5.9257E-03 1.8000E-03
1.3178E-03 1.8000E-03
4.1731E-03 1.8000E-03
4.6706E-03 1.8000E-03
2.1789E-03 1.8000E-03
2.7575E-03 1.8000E-03
2.3224E-03 1.8000E-03
5.3791E-03 1.8000E-03
2.0356E-03 1.8000E-03
9.5894E-04 1.8000E-03
1.9864E-03 1.8000E-03
3.0953E-03 1.8000E-03
5.8889E-04 1.8000E-03
4.6123E-04 1.8000E-03
4.6123E-04 1.8000E-03
