Max Step   Target
8.7513E-03 1.8000E-03
7.1989E-03 1.8000E-03
2.9158E-02 1.8000E-03
3.9272E-02 1.8000E-03
8.4125E-03 1.8000E-03
3.0398E-03 1.8000E-03
8.4023E-03 1.8000E-03
1.0737E-02 1.8000E-03
1.6182E-02 1.8000E-03
5.5461E-03 1.8000E-03
8.6393E-03 1.8000E-03
1.0307E-02 1.8000E-03
2.5265E-02 1.8000E-03
7.9659E-03 1.8000E-03
8.0273E-03 1.8000E-03
4.9556E-03 1.8000E-03
1.1014E-02 1.8000E-03
5.4600E-03 1.8000E-03
9.2266E-03 1.8000E-03
1.4529E-02 1.8000E-03
9.7046E-03 1.8000E-03
3.7137E-02 1.8000E-03
4.9229E-03 1.8000E-03
8.2789E-03 1.8000E-03
5.9986E-03 1.8000E-03
5.6112E-03 1.8000E-03
6.3242E-03 1.8000E-03
1.9804E-03 1.8000E-03
1.7202E-03 1.8000E-03
4.9434E-03 1.8000E-03
8.5444E-03 1.8000E-03
4.9324E-03 1.8000E-03
1.7091E-03 1.8000E-03
2.5884E-03 1.8000E-03
4.9847E-03 1.8000E-03
1.6891E-03 1.8000E-03
1.3995E-03 1.8000E-03
1.3995E-03 1.8000E-03
