RMS Step   Target
2.2222E-03 1.2000E-03
1.8721E-03 1.2000E-03
6.6824E-03 1.2000E-03
9.0655E-03 1.2000E-03
1.9565E-03 1.2000E-03
1.0227E-03 1.2000E-03
2.3337E-03 1.2000E-03
3.7277E-03 1.2000E-03
5.8571E-03 1.2000E-03
1.4215E-03 1.2000E-03
1.8986E-03 1.2000E-03
1.9097E-03 1.2000E-03
4.2439E-03 1.2000E-03
1.6293E-03 1.2000E-03
2.9115E-03 1.2000E-03
1.4348E-03 1.2000E-03
4.0226E-03 1.2000E-03
1.7781E-03 1.2000E-03
3.0352E-03 1.2000E-03
3.6819E-03 1.2000E-03
3.2182E-03 1.2000E-03
1.1472E-02 1.2000E-03
1.6836E-03 1.2000E-03
2.0472E-03 1.2000E-03
1.2561E-03 1.2000E-03
1.3237E-03 1.2000E-03
1.6755E-03 1.2000E-03
7.7946E-04 1.2000E-03
8.1103E-04 1.2000E-03
1.6508E-03 1.2000E-03
3.0683E-03 1.2000E-03
1.5293E-03 1.2000E-03
5.7382E-04 1.2000E-03
7.6655E-04 1.2000E-03
1.3990E-03 1.2000E-03
6.3639E-04 1.2000E-03
3.9621E-04 1.2000E-03
3.9621E-04 1.2000E-03
