Energy     Target
1.8049E-02 6.6667E-07
1.5849E-01 6.6667E-07
2.4591E-01 6.6667E-07
2.1879E-01 6.6667E-07
1.5154E-01 6.6667E-07
1.0934E-01 6.6667E-07
8.5366E-02 6.6667E-07
7.1172E-02 6.6667E-07
6.3489E-02 6.6667E-07
5.7865E-02 6.6667E-07
5.4315E-02 6.6667E-07
5.2305E-02 6.6667E-07
4.9305E-02 6.6667E-07
4.6910E-02 6.6667E-07
4.5648E-02 6.6667E-07
4.2570E-02 6.6667E-07
4.1818E-02 6.6667E-07
3.9967E-02 6.6667E-07
3.8016E-02 6.6667E-07
3.6544E-02 6.6667E-07
3.4521E-02 6.6667E-07
3.3271E-02 6.6667E-07
3.1298E-02 6.6667E-07
2.9719E-02 6.6667E-07
2.8453E-02 6.6667E-07
2.6686E-02 6.6667E-07
2.5312E-02 6.6667E-07
2.4234E-02 6.6667E-07
2.2812E-02 6.6667E-07
2.1590E-02 6.6667E-07
2.0722E-02 6.6667E-07
1.9497E-02 6.6667E-07
1.8712E-02 6.6667E-07
1.7826E-02 6.6667E-07
1.7137E-02 6.6667E-07
1.6441E-02 6.6667E-07
1.6021E-02 6.6667E-07
1.5604E-02 6.6667E-07
1.4924E-02 6.6667E-07
1.4943E-02 6.6667E-07
1.4168E-02 6.6667E-07
1.4411E-02 6.6667E-07
1.3336E-02 6.6667E-07
1.3757E-02 6.6667E-07
1.3134E-02 6.6667E-07
1.3472E-02 6.6667E-07
1.3646E-02 6.6667E-07
1.3817E-02 6.6667E-07
1.3685E-02 6.6667E-07
1.4000E-02 6.6667E-07
1.3825E-02 6.6667E-07
1.4250E-02 6.6667E-07
1.3775E-02 6.6667E-07
1.4474E-02 6.6667E-07
1.3756E-02 6.6667E-07
1.4249E-02 6.6667E-07
1.3385E-02 6.6667E-07
1.3751E-02 6.6667E-07
1.2673E-02 6.6667E-07
1.3105E-02 6.6667E-07
1.1460E-02 6.6667E-07
1.2343E-02 6.6667E-07
1.0612E-02 6.6667E-07
1.1293E-02 6.6667E-07
1.0083E-02 6.6667E-07
1.0420E-02 6.6667E-07
9.5167E-03 6.6667E-07
9.5930E-03 6.6667E-07
9.0572E-03 6.6667E-07
9.0156E-03 6.6667E-07
8.7824E-03 6.6667E-07
8.7174E-03 6.6667E-07
8.5841E-03 6.6667E-07
8.6194E-03 6.6667E-07
8.5421E-03 6.6667E-07
8.5061E-03 6.6667E-07
8.4972E-03 6.6667E-07
8.3741E-03 6.6667E-07
8.3857E-03 6.6667E-07
8.1457E-03 6.6667E-07
8.2241E-03 6.6667E-07
7.7934E-03 6.6667E-07
8.0442E-03 6.6667E-07
7.2226E-03 6.6667E-07
7.7700E-03 6.6667E-07
6.6880E-03 6.6667E-07
7.2291E-03 6.6667E-07
6.2450E-03 6.6667E-07
7.0152E-03 6.6667E-07
6.0367E-03 6.6667E-07
7.2185E-03 6.6667E-07
6.4413E-03 6.6667E-07
7.7655E-03 6.6667E-07
6.8399E-03 6.6667E-07
8.4623E-03 6.6667E-07
7.6937E-03 6.6667E-07
8.7191E-03 6.6667E-07
7.8709E-03 6.6667E-07
8.3339E-03 6.6667E-07
7.5075E-03 6.6667E-07
7.6583E-03 6.6667E-07
6.9380E-03 6.6667E-07
6.8349E-03 6.6667E-07
6.3222E-03 6.6667E-07
6.0026E-03 6.6667E-07
5.9103E-03 6.6667E-07
5.1578E-03 6.6667E-07
5.5351E-03 6.6667E-07
4.7788E-03 6.6667E-07
5.0577E-03 6.6667E-07
4.8359E-03 6.6667E-07
5.0355E-03 6.6667E-07
4.9648E-03 6.6667E-07
5.1699E-03 6.6667E-07
5.1216E-03 6.6667E-07
5.2239E-03 6.6667E-07
5.2618E-03 6.6667E-07
5.2464E-03 6.6667E-07
5.0977E-03 6.6667E-07
5.0603E-03 6.6667E-07
5.0027E-03 6.6667E-07
4.8879E-03 6.6667E-07
5.1736E-03 6.6667E-07
4.8397E-03 6.6667E-07
5.3161E-03 6.6667E-07
5.0153E-03 6.6667E-07
5.5446E-03 6.6667E-07
5.2807E-03 6.6667E-07
5.8058E-03 6.6667E-07
5.0762E-03 6.6667E-07
5.8649E-03 6.6667E-07
4.5840E-03 6.6667E-07
5.9804E-03 6.6667E-07
4.7112E-03 6.6667E-07
5.6729E-03 6.6667E-07
4.4149E-03 6.6667E-07
4.5343E-03 6.6667E-07
3.9527E-03 6.6667E-07
4.0308E-03 6.6667E-07
3.6529E-03 6.6667E-07
3.8916E-03 6.6667E-07
3.4120E-03 6.6667E-07
3.7509E-03 6.6667E-07
3.3218E-03 6.6667E-07
3.6767E-03 6.6667E-07
3.1464E-03 6.6667E-07
3.7993E-03 6.6667E-07
3.0145E-03 6.6667E-07
3.8854E-03 6.6667E-07
3.2370E-03 6.6667E-07
4.1684E-03 6.6667E-07
3.3661E-03 6.6667E-07
4.5985E-03 6.6667E-07
3.2194E-03 6.6667E-07
4.2908E-03 6.6667E-07
3.3009E-03 6.6667E-07
3.1953E-03 6.6667E-07
2.6258E-03 6.6667E-07
2.9936E-03 6.6667E-07
2.6085E-03 6.6667E-07
3.0965E-03 6.6667E-07
2.7022E-03 6.6667E-07
2.8789E-03 6.6667E-07
2.7373E-03 6.6667E-07
2.7958E-03 6.6667E-07
2.5825E-03 6.6667E-07
2.8771E-03 6.6667E-07
2.4618E-03 6.6667E-07
2.9906E-03 6.6667E-07
2.4820E-03 6.6667E-07
3.0720E-03 6.6667E-07
2.8779E-03 6.6667E-07
3.3454E-03 6.6667E-07
3.1976E-03 6.6667E-07
3.5544E-03 6.6667E-07
2.7903E-03 6.6667E-07
3.4142E-03 6.6667E-07
2.8558E-03 6.6667E-07
3.5642E-03 6.6667E-07
3.3275E-03 6.6667E-07
3.7750E-03 6.6667E-07
2.0188E-03 6.6667E-07
2.1867E-03 6.6667E-07
1.9872E-03 6.6667E-07
2.2548E-03 6.6667E-07
2.1971E-03 6.6667E-07
2.3603E-03 6.6667E-07
2.4261E-03 6.6667E-07
2.4012E-03 6.6667E-07
2.4645E-03 6.6667E-07
2.4335E-03 6.6667E-07
2.3636E-03 6.6667E-07
2.4340E-03 6.6667E-07
1.9713E-03 6.6667E-07
2.7714E-03 6.6667E-07
2.8517E-03 6.6667E-07
2.7650E-03 6.6667E-07
1.9856E-03 6.6667E-07
2.6542E-03 6.6667E-07
2.1284E-03 6.6667E-07
1.9188E-03 6.6667E-07
1.7277E-03 6.6667E-07
1.7675E-03 6.6667E-07
1.7641E-03 6.6667E-07
1.8901E-03 6.6667E-07
2.0998E-03 6.6667E-07
2.0439E-03 6.6667E-07
2.3191E-03 6.6667E-07
1.8404E-03 6.6667E-07
2.4366E-03 6.6667E-07
1.5994E-03 6.6667E-07
2.3657E-03 6.6667E-07
6.6630E-04 6.6667E-07
2.6994E-03 6.6667E-07
1.5535E-03 6.6667E-07
1.7321E-03 6.6667E-07
1.7506E-03 6.6667E-07
1.9899E-03 6.6667E-07
1.9247E-03 6.6667E-07
1.6524E-03 6.6667E-07
1.6653E-03 6.6667E-07
1.5364E-03 6.6667E-07
1.6984E-03 6.6667E-07
1.4920E-03 6.6667E-07
1.7645E-03 6.6667E-07
1.5743E-03 6.6667E-07
1.8297E-03 6.6667E-07
1.6912E-03 6.6667E-07
2.0928E-03 6.6667E-07
1.5411E-03 6.6667E-07
2.5239E-03 6.6667E-07
2.4058E-03 6.6667E-07
2.7633E-03 6.6667E-07
1.6439E-03 6.6667E-07
1.9240E-03 6.6667E-07
1.9608E-03 6.6667E-07
1.9192E-03 6.6667E-07
1.5304E-03 6.6667E-07
1.6176E-03 6.6667E-07
1.4317E-03 6.6667E-07
1.4298E-03 6.6667E-07
1.5514E-03 6.6667E-07
1.3166E-03 6.6667E-07
1.6234E-03 6.6667E-07
1.2933E-03 6.6667E-07
1.7623E-03 6.6667E-07
1.4551E-03 6.6667E-07
1.8693E-03 6.6667E-07
9.2833E-04 6.6667E-07
1.7635E-03 6.6667E-07
1.2917E-03 6.6667E-07
1.7942E-03 6.6667E-07
1.5783E-03 6.6667E-07
1.4284E-03 6.6667E-07
1.2760E-03 6.6667E-07
1.2956E-03 6.6667E-07
1.3490E-03 6.6667E-07
1.3145E-03 6.6667E-07
1.5233E-03 6.6667E-07
1.4744E-03 6.6667E-07
1.6056E-03 6.6667E-07
1.5626E-03 6.6667E-07
1.6675E-03 6.6667E-07
1.6225E-03 6.6667E-07
1.8659E-03 6.6667E-07
1.8139E-03 6.6667E-07
2.0762E-03 6.6667E-07
1.6622E-03 6.6667E-07
1.8237E-03 6.6667E-07
1.5203E-03 6.6667E-07
1.0537E-03 6.6667E-07
1.1676E-03 6.6667E-07
1.4383E-03 6.6667E-07
1.8810E-03 6.6667E-07
1.8610E-03 6.6667E-07
1.8884E-03 6.6667E-07
9.8524E-04 6.6667E-07
1.4975E-03 6.6667E-07
1.3985E-03 6.6667E-07
1.7543E-03 6.6667E-07
1.2780E-03 6.6667E-07
1.2677E-03 6.6667E-07
1.3437E-03 6.6667E-07
1.3564E-03 6.6667E-07
1.4586E-03 6.6667E-07
1.5722E-03 6.6667E-07
1.7769E-03 6.6667E-07
1.7409E-03 6.6667E-07
2.1251E-03 6.6667E-07
1.6159E-03 6.6667E-07
1.7114E-03 6.6667E-07
1.5150E-03 6.6667E-07
1.6473E-03 6.6667E-07
1.0809E-03 6.6667E-07
1.2152E-03 6.6667E-07
1.2638E-03 6.6667E-07
1.5638E-03 6.6667E-07
1.4494E-03 6.6667E-07
1.5342E-03 6.6667E-07
1.7538E-03 6.6667E-07
1.7831E-03 6.6667E-07
1.9403E-03 6.6667E-07
1.7193E-03 6.6667E-07
1.0523E-03 6.6667E-07
1.2478E-03 6.6667E-07
1.2223E-03 6.6667E-07
1.1892E-03 6.6667E-07
1.3220E-03 6.6667E-07
1.3471E-03 6.6667E-07
1.1275E-03 6.6667E-07
1.3214E-03 6.6667E-07
1.1692E-03 6.6667E-07
1.3723E-03 6.6667E-07
1.4266E-03 6.6667E-07
1.7351E-03 6.6667E-07
8.6144E-04 6.6667E-07
1.1844E-03 6.6667E-07
1.1152E-03 6.6667E-07
7.4361E-04 6.6667E-07
1.7199E-03 6.6667E-07
1.2165E-03 6.6667E-07
1.1103E-03 6.6667E-07
1.2270E-03 6.6667E-07
1.2746E-03 6.6667E-07
1.2690E-03 6.6667E-07
1.1360E-03 6.6667E-07
1.4609E-03 6.6667E-07
1.0702E-03 6.6667E-07
1.4803E-03 6.6667E-07
1.2365E-03 6.6667E-07
1.1276E-03 6.6667E-07
1.1410E-03 6.6667E-07
1.2488E-03 6.6667E-07
1.3976E-03 6.6667E-07
1.1766E-03 6.6667E-07
1.1354E-03 6.6667E-07
1.2189E-03 6.6667E-07
1.3211E-03 6.6667E-07
1.2607E-03 6.6667E-07
1.4347E-03 6.6667E-07
1.1704E-03 6.6667E-07
1.2124E-03 6.6667E-07
9.4591E-04 6.6667E-07
1.0949E-03 6.6667E-07
1.4337E-03 6.6667E-07
1.2271E-03 6.6667E-07
1.0423E-03 6.6667E-07
1.0734E-03 6.6667E-07
1.2515E-03 6.6667E-07
1.2714E-03 6.6667E-07
1.3888E-03 6.6667E-07
1.2609E-03 6.6667E-07
9.6373E-04 6.6667E-07
9.2884E-04 6.6667E-07
8.7001E-04 6.6667E-07
1.3589E-03 6.6667E-07
9.6957E-04 6.6667E-07
8.4105E-04 6.6667E-07
7.0963E-04 6.6667E-07
9.9457E-04 6.6667E-07
4.9905E-04 6.6667E-07
5.5029E-04 6.6667E-07
8.0903E-04 6.6667E-07
5.9628E-04 6.6667E-07
7.1024E-04 6.6667E-07
5.9847E-04 6.6667E-07
5.0026E-04 6.6667E-07
6.4279E-04 6.6667E-07
6.9593E-04 6.6667E-07
6.5745E-04 6.6667E-07
4.7771E-04 6.6667E-07
5.6763E-04 6.6667E-07
6.3264E-04 6.6667E-07
7.6906E-04 6.6667E-07
6.3448E-04 6.6667E-07
5.4233E-04 6.6667E-07
6.1878E-04 6.6667E-07
6.9893E-04 6.6667E-07
4.2479E-04 6.6667E-07
5.2830E-04 6.6667E-07
4.2654E-04 6.6667E-07
6.8081E-04 6.6667E-07
5.0105E-04 6.6667E-07
3.9857E-04 6.6667E-07
5.3348E-04 6.6667E-07
7.7498E-04 6.6667E-07
7.3820E-04 6.6667E-07
5.5687E-04 6.6667E-07
7.4041E-04 6.6667E-07
6.3472E-04 6.6667E-07
6.8053E-04 6.6667E-07
9.0158E-04 6.6667E-07
8.4035E-04 6.6667E-07
9.9281E-04 6.6667E-07
1.0185E-03 6.6667E-07
7.8102E-04 6.6667E-07
1.9138E-04 6.6667E-07
1.1854E-03 6.6667E-07
6.7745E-04 6.6667E-07
9.3234E-04 6.6667E-07
1.1398E-03 6.6667E-07
1.0216E-03 6.6667E-07
9.3105E-04 6.6667E-07
8.4494E-04 6.6667E-07
7.5064E-04 6.6667E-07
9.8340E-04 6.6667E-07
1.1691E-03 6.6667E-07
7.3546E-04 6.6667E-07
1.0391E-03 6.6667E-07
1.3475E-03 6.6667E-07
1.0791E-03 6.6667E-07
6.7891E-04 6.6667E-07
9.3901E-04 6.6667E-07
9.1989E-04 6.6667E-07
1.1811E-03 6.6667E-07
1.0000E-03 6.6667E-07
9.7936E-04 6.6667E-07
9.1587E-04 6.6667E-07
8.8020E-04 6.6667E-07
9.2762E-04 6.6667E-07
9.4306E-04 6.6667E-07
1.0306E-03 6.6667E-07
7.1002E-04 6.6667E-07
7.7280E-04 6.6667E-07
8.9424E-04 6.6667E-07
7.5689E-04 6.6667E-07
9.0397E-04 6.6667E-07
1.0541E-03 6.6667E-07
6.2174E-04 6.6667E-07
6.4357E-04 6.6667E-07
9.9799E-04 6.6667E-07
5.1760E-04 6.6667E-07
6.0930E-04 6.6667E-07
7.5973E-04 6.6667E-07
4.0420E-04 6.6667E-07
5.8454E-04 6.6667E-07
7.1043E-04 6.6667E-07
5.2038E-04 6.6667E-07
3.3800E-04 6.6667E-07
7.5850E-04 6.6667E-07
4.9830E-04 6.6667E-07
5.5950E-04 6.6667E-07
6.0216E-04 6.6667E-07
4.9423E-04 6.6667E-07
6.6237E-04 6.6667E-07
7.0883E-04 6.6667E-07
5.7577E-04 6.6667E-07
6.3524E-04 6.6667E-07
6.8179E-04 6.6667E-07
7.7148E-04 6.6667E-07
9.0792E-04 6.6667E-07
6.4716E-04 6.6667E-07
7.3704E-04 6.6667E-07
1.1858E-03 6.6667E-07
6.6285E-04 6.6667E-07
6.8869E-04 6.6667E-07
1.0138E-03 6.6667E-07
7.7905E-04 6.6667E-07
9.4208E-04 6.6667E-07
1.0264E-03 6.6667E-07
9.2903E-04 6.6667E-07
7.9827E-04 6.6667E-07
7.1694E-04 6.6667E-07
8.2792E-04 6.6667E-07
7.8276E-04 6.6667E-07
6.6415E-04 6.6667E-07
8.0816E-04 6.6667E-07
7.2552E-04 6.6667E-07
6.0557E-04 6.6667E-07
6.8166E-04 6.6667E-07
4.9343E-04 6.6667E-07
5.3493E-04 6.6667E-07
4.9486E-04 6.6667E-07
4.4598E-04 6.6667E-07
3.9194E-04 6.6667E-07
3.5183E-04 6.6667E-07
2.9333E-04 6.6667E-07
3.0032E-04 6.6667E-07
3.2621E-04 6.6667E-07
2.7105E-04 6.6667E-07
2.5973E-04 6.6667E-07
2.5449E-04 6.6667E-07
2.2476E-04 6.6667E-07
2.0027E-04 6.6667E-07
2.0715E-04 6.6667E-07
2.0789E-04 6.6667E-07
2.3047E-04 6.6667E-07
1.9909E-04 6.6667E-07
2.0385E-04 6.6667E-07
2.0199E-04 6.6667E-07
2.3456E-04 6.6667E-07
2.6551E-04 6.6667E-07
2.2694E-04 6.6667E-07
2.5621E-04 6.6667E-07
3.4773E-04 6.6667E-07
2.4376E-04 6.6667E-07
2.5169E-04 6.6667E-07
4.5418E-04 6.6667E-07
1.7525E-04 6.6667E-07
2.7284E-04 6.6667E-07
2.7812E-04 6.6667E-07
2.4115E-04 6.6667E-07
3.6161E-04 6.6667E-07
2.7340E-04 6.6667E-07
2.7908E-04 6.6667E-07
2.1061E-04 6.6667E-07
2.0132E-04 6.6667E-07
2.1055E-04 6.6667E-07
2.3319E-04 6.6667E-07
1.7455E-04 6.6667E-07
1.8393E-04 6.6667E-07
8.9611E-05 6.6667E-07
2.8026E-04 6.6667E-07
1.2211E-04 6.6667E-07
1.6715E-04 6.6667E-07
2.3347E-04 6.6667E-07
1.4405E-04 6.6667E-07
2.5893E-04 6.6667E-07
1.4200E-04 6.6667E-07
1.6799E-04 6.6667E-07
2.2524E-04 6.6667E-07
2.3802E-04 6.6667E-07
1.8939E-04 6.6667E-07
1.8433E-04 6.6667E-07
1.9256E-04 6.6667E-07
2.5035E-04 6.6667E-07
2.4602E-04 6.6667E-07
2.1202E-04 6.6667E-07
2.2607E-04 6.6667E-07
3.1676E-04 6.6667E-07
2.4490E-04 6.6667E-07
2.3427E-04 6.6667E-07
3.1148E-04 6.6667E-07
2.9120E-04 6.6667E-07
2.9140E-04 6.6667E-07
3.7775E-04 6.6667E-07
2.9882E-04 6.6667E-07
3.7930E-04 6.6667E-07
2.8075E-04 6.6667E-07
2.8326E-04 6.6667E-07
2.4019E-04 6.6667E-07
4.1014E-04 6.6667E-07
2.3374E-04 6.6667E-07
2.9108E-04 6.6667E-07
2.5829E-04 6.6667E-07
2.2841E-04 6.6667E-07
1.4247E-04 6.6667E-07
3.6127E-04 6.6667E-07
1.6064E-04 6.6667E-07
2.0016E-04 6.6667E-07
2.2251E-04 6.6667E-07
2.8372E-04 6.6667E-07
2.1605E-04 6.6667E-07
2.3462E-04 6.6667E-07
2.0763E-04 6.6667E-07
2.8854E-04 6.6667E-07
2.0862E-04 6.6667E-07
2.1016E-04 6.6667E-07
2.4538E-04 6.6667E-07
2.5487E-04 6.6667E-07
1.8894E-04 6.6667E-07
2.7806E-04 6.6667E-07
1.5152E-04 6.6667E-07
1.5990E-04 6.6667E-07
2.0970E-04 6.6667E-07
2.4642E-04 6.6667E-07
2.3890E-04 6.6667E-07
1.9197E-04 6.6667E-07
2.1364E-04 6.6667E-07
1.8956E-04 6.6667E-07
1.7105E-04 6.6667E-07
1.8369E-04 6.6667E-07
1.8296E-04 6.6667E-07
1.7312E-04 6.6667E-07
1.8580E-04 6.6667E-07
1.6717E-04 6.6667E-07
1.8951E-04 6.6667E-07
1.6983E-04 6.6667E-07
1.7716E-04 6.6667E-07
1.8359E-04 6.6667E-07
1.9546E-04 6.6667E-07
1.7612E-04 6.6667E-07
1.6055E-04 6.6667E-07
1.9903E-04 6.6667E-07
1.8431E-04 6.6667E-07
1.9092E-04 6.6667E-07
1.9036E-04 6.6667E-07
1.7487E-04 6.6667E-07
1.7990E-04 6.6667E-07
2.0226E-04 6.6667E-07
2.1705E-04 6.6667E-07
2.0347E-04 6.6667E-07
1.8494E-04 6.6667E-07
1.9354E-04 6.6667E-07
1.5812E-04 6.6667E-07
2.2305E-04 6.6667E-07
1.9131E-04 6.6667E-07
1.7409E-04 6.6667E-07
1.6532E-04 6.6667E-07
1.6114E-04 6.6667E-07
1.7805E-04 6.6667E-07
1.7999E-04 6.6667E-07
1.7426E-04 6.6667E-07
2.0161E-04 6.6667E-07
1.9782E-04 6.6667E-07
1.9138E-04 6.6667E-07
2.1377E-04 6.6667E-07
1.9692E-04 6.6667E-07
1.8553E-04 6.6667E-07
1.8861E-04 6.6667E-07
1.8517E-04 6.6667E-07
2.1257E-04 6.6667E-07
2.1997E-04 6.6667E-07
2.4420E-04 6.6667E-07
1.9687E-04 6.6667E-07
2.5416E-04 6.6667E-07
2.4516E-04 6.6667E-07
2.1532E-04 6.6667E-07
1.9702E-04 6.6667E-07
2.2377E-04 6.6667E-07
1.9873E-04 6.6667E-07
2.0101E-04 6.6667E-07
2.6677E-04 6.6667E-07
1.7549E-04 6.6667E-07
1.8944E-04 6.6667E-07
1.6080E-04 6.6667E-07
1.4029E-04 6.6667E-07
1.9246E-04 6.6667E-07
1.7914E-04 6.6667E-07
1.4802E-04 6.6667E-07
1.4895E-04 6.6667E-07
9.0740E-05 6.6667E-07
1.6502E-04 6.6667E-07
1.0124E-04 6.6667E-07
9.4474E-05 6.6667E-07
1.3851E-04 6.6667E-07
1.5832E-04 6.6667E-07
1.1568E-04 6.6667E-07
1.2432E-04 6.6667E-07
1.1834E-04 6.6667E-07
1.3120E-04 6.6667E-07
1.4817E-04 6.6667E-07
1.1704E-04 6.6667E-07
1.3144E-04 6.6667E-07
1.4426E-04 6.6667E-07
1.5036E-04 6.6667E-07
1.1770E-04 6.6667E-07
1.6449E-04 6.6667E-07
1.0191E-04 6.6667E-07
1.4975E-04 6.6667E-07
1.7504E-04 6.6667E-07
1.6833E-04 6.6667E-07
1.1836E-04 6.6667E-07
2.5057E-04 6.6667E-07
1.5226E-04 6.6667E-07
1.7993E-04 6.6667E-07
9.6567E-05 6.6667E-07
2.2952E-04 6.6667E-07
1.3417E-04 6.6667E-07
1.2122E-04 6.6667E-07
1.9931E-04 6.6667E-07
1.6007E-04 6.6667E-07
1.8552E-04 6.6667E-07
1.6524E-04 6.6667E-07
1.3321E-04 6.6667E-07
1.8925E-04 6.6667E-07
2.0809E-04 6.6667E-07
1.8056E-04 6.6667E-07
1.1903E-04 6.6667E-07
2.3830E-04 6.6667E-07
8.6676E-05 6.6667E-07
1.8427E-04 6.6667E-07
1.2466E-04 6.6667E-07
1.1731E-04 6.6667E-07
1.9590E-04 6.6667E-07
1.0136E-04 6.6667E-07
2.3643E-04 6.6667E-07
8.5517E-05 6.6667E-07
1.5968E-04 6.6667E-07
1.6317E-04 6.6667E-07
1.8373E-04 6.6667E-07
1.0130E-04 6.6667E-07
1.1966E-04 6.6667E-07
1.1315E-04 6.6667E-07
1.3512E-04 6.6667E-07
1.2677E-04 6.6667E-07
8.8671E-05 6.6667E-07
1.2664E-04 6.6667E-07
1.2529E-04 6.6667E-07
1.4574E-04 6.6667E-07
8.4139E-05 6.6667E-07
1.1009E-04 6.6667E-07
1.0182E-04 6.6667E-07
1.6607E-04 6.6667E-07
9.3035E-05 6.6667E-07
8.3038E-05 6.6667E-07
8.7418E-05 6.6667E-07
1.2824E-04 6.6667E-07
9.4171E-05 6.6667E-07
7.9607E-05 6.6667E-07
9.9985E-05 6.6667E-07
1.0821E-04 6.6667E-07
8.3633E-05 6.6667E-07
8.0021E-05 6.6667E-07
8.6708E-05 6.6667E-07
9.5792E-05 6.6667E-07
9.4615E-05 6.6667E-07
7.6052E-05 6.6667E-07
7.6732E-05 6.6667E-07
1.1167E-04 6.6667E-07
8.2315E-05 6.6667E-07
7.3867E-05 6.6667E-07
1.4812E-04 6.6667E-07
8.2561E-05 6.6667E-07
8.6309E-05 6.6667E-07
1.5698E-04 6.6667E-07
9.2817E-05 6.6667E-07
1.3293E-04 6.6667E-07
1.2512E-04 6.6667E-07
1.9752E-04 6.6667E-07
1.0762E-04 6.6667E-07
2.0278E-04 6.6667E-07
1.7833E-04 6.6667E-07
2.2522E-04 6.6667E-07
1.9652E-04 6.6667E-07
1.7059E-04 6.6667E-07
1.6260E-04 6.6667E-07
1.8591E-04 6.6667E-07
1.4683E-04 6.6667E-07
1.2478E-04 6.6667E-07
1.7886E-04 6.6667E-07
9.9338E-05 6.6667E-07
1.0499E-04 6.6667E-07
1.0127E-04 6.6667E-07
8.7423E-05 6.6667E-07
9.4003E-05 6.6667E-07
9.3776E-05 6.6667E-07
9.2566E-05 6.6667E-07
9.6198E-05 6.6667E-07
1.0629E-04 6.6667E-07
8.5410E-05 6.6667E-07
1.0503E-04 6.6667E-07
1.0642E-04 6.6667E-07
8.8582E-05 6.6667E-07
9.4003E-05 6.6667E-07
1.0522E-04 6.6667E-07
9.0422E-05 6.6667E-07
8.2848E-05 6.6667E-07
7.9579E-05 6.6667E-07
9.3757E-05 6.6667E-07
1.0106E-04 6.6667E-07
9.1874E-05 6.6667E-07
8.8403E-05 6.6667E-07
9.4979E-05 6.6667E-07
9.6404E-05 6.6667E-07
8.8066E-05 6.6667E-07
1.1446E-04 6.6667E-07
8.2257E-05 6.6667E-07
9.2449E-05 6.6667E-07
1.0766E-04 6.6667E-07
7.4708E-05 6.6667E-07
9.2588E-05 6.6667E-07
1.4702E-04 6.6667E-07
9.7326E-05 6.6667E-07
8.4207E-05 6.6667E-07
1.5621E-04 6.6667E-07
1.0418E-04 6.6667E-07
1.5428E-04 6.6667E-07
1.5822E-04 6.6667E-07
1.6281E-04 6.6667E-07
9.3744E-05 6.6667E-07
1.5467E-04 6.6667E-07
1.7172E-04 6.6667E-07
1.8445E-04 6.6667E-07
1.8154E-04 6.6667E-07
1.9184E-04 6.6667E-07
1.8901E-04 6.6667E-07
1.9323E-04 6.6667E-07
1.7720E-04 6.6667E-07
1.8433E-04 6.6667E-07
1.8341E-04 6.6667E-07
1.3762E-04 6.6667E-07
1.6205E-04 6.6667E-07
1.6272E-04 6.6667E-07
1.6537E-04 6.6667E-07
1.6225E-04 6.6667E-07
1.7951E-04 6.6667E-07
1.4807E-04 6.6667E-07
1.5433E-04 6.6667E-07
1.7968E-04 6.6667E-07
1.6179E-04 6.6667E-07
1.8965E-04 6.6667E-07
2.1400E-04 6.6667E-07
1.9805E-04 6.6667E-07
1.9538E-04 6.6667E-07
2.5308E-04 6.6667E-07
2.1683E-04 6.6667E-07
2.6496E-04 6.6667E-07
2.6389E-04 6.6667E-07
3.1077E-04 6.6667E-07
2.7825E-04 6.6667E-07
4.4460E-04 6.6667E-07
4.5587E-04 6.6667E-07
4.0761E-04 6.6667E-07
5.4294E-04 6.6667E-07
4.7500E-04 6.6667E-07
2.8556E-04 6.6667E-07
4.1451E-04 6.6667E-07
4.8957E-04 6.6667E-07
4.7104E-04 6.6667E-07
3.9810E-04 6.6667E-07
4.7980E-04 6.6667E-07
3.9561E-04 6.6667E-07
3.1536E-04 6.6667E-07
3.8416E-04 6.6667E-07
2.4024E-04 6.6667E-07
3.6435E-04 6.6667E-07
1.9129E-04 6.6667E-07
2.6933E-04 6.6667E-07
2.2639E-04 6.6667E-07
3.7513E-04 6.6667E-07
2.6494E-04 6.6667E-07
3.2843E-04 6.6667E-07
3.7707E-04 6.6667E-07
2.6765E-04 6.6667E-07
2.6829E-04 6.6667E-07
4.0881E-04 6.6667E-07
2.9855E-04 6.6667E-07
3.6724E-04 6.6667E-07
4.2584E-04 6.6667E-07
5.0968E-04 6.6667E-07
3.0616E-04 6.6667E-07
4.5110E-04 6.6667E-07
4.2684E-04 6.6667E-07
4.4680E-04 6.6667E-07
4.7097E-04 6.6667E-07
2.8695E-04 6.6667E-07
3.9324E-04 6.6667E-07
3.7367E-04 6.6667E-07
3.4207E-04 6.6667E-07
2.4944E-04 6.6667E-07
3.1526E-04 6.6667E-07
1.9220E-04 6.6667E-07
2.9670E-04 6.6667E-07
2.3145E-04 6.6667E-07
1.7186E-04 6.6667E-07
3.0304E-04 6.6667E-07
3.3943E-04 6.6667E-07
2.4312E-04 6.6667E-07
2.1116E-04 6.6667E-07
2.8932E-04 6.6667E-07
2.4846E-04 6.6667E-07
1.9894E-04 6.6667E-07
2.3436E-04 6.6667E-07
1.8422E-04 6.6667E-07
2.3310E-04 6.6667E-07
2.0353E-04 6.6667E-07
1.7614E-04 6.6667E-07
1.3765E-04 6.6667E-07
1.8648E-04 6.6667E-07
1.5064E-04 6.6667E-07
1.7655E-04 6.6667E-07
1.7417E-04 6.6667E-07
1.5496E-04 6.6667E-07
1.5022E-04 6.6667E-07
1.1840E-04 6.6667E-07
1.4328E-04 6.6667E-07
1.7630E-04 6.6667E-07
1.1062E-04 6.6667E-07
1.0603E-04 6.6667E-07
1.1817E-04 6.6667E-07
8.1886E-05 6.6667E-07
1.0725E-04 6.6667E-07
1.3176E-04 6.6667E-07
9.8245E-05 6.6667E-07
6.7991E-05 6.6667E-07
1.0515E-04 6.6667E-07
7.7283E-05 6.6667E-07
8.9093E-05 6.6667E-07
8.0539E-05 6.6667E-07
6.2478E-05 6.6667E-07
8.8694E-05 6.6667E-07
7.8008E-05 6.6667E-07
7.4494E-05 6.6667E-07
6.5267E-05 6.6667E-07
6.8265E-05 6.6667E-07
7.6963E-05 6.6667E-07
6.6464E-05 6.6667E-07
7.2684E-05 6.6667E-07
6.7479E-05 6.6667E-07
7.1032E-05 6.6667E-07
6.1884E-05 6.6667E-07
5.3287E-05 6.6667E-07
5.4077E-05 6.6667E-07
6.0519E-05 6.6667E-07
4.7617E-05 6.6667E-07
4.7764E-05 6.6667E-07
7.3668E-05 6.6667E-07
3.8369E-05 6.6667E-07
4.7769E-05 6.6667E-07
6.3618E-05 6.6667E-07
4.7309E-05 6.6667E-07
3.7289E-05 6.6667E-07
6.8091E-05 6.6667E-07
4.4269E-05 6.6667E-07
4.4632E-05 6.6667E-07
8.3562E-05 6.6667E-07
4.9513E-05 6.6667E-07
5.5526E-05 6.6667E-07
9.9509E-05 6.6667E-07
5.8256E-05 6.6667E-07
9.8866E-05 6.6667E-07
5.7005E-05 6.6667E-07
1.1375E-04 6.6667E-07
6.1335E-05 6.6667E-07
7.5192E-05 6.6667E-07
8.4646E-05 6.6667E-07
1.4798E-04 6.6667E-07
9.3039E-05 6.6667E-07
9.5236E-05 6.6667E-07
1.7942E-04 6.6667E-07
7.8696E-05 6.6667E-07
7.7450E-05 6.6667E-07
9.2117E-05 6.6667E-07
6.9072E-05 6.6667E-07
6.2136E-05 6.6667E-07
1.0894E-04 6.6667E-07
9.5397E-05 6.6667E-07
7.1368E-05 6.6667E-07
8.5827E-05 6.6667E-07
4.6294E-05 6.6667E-07
6.6888E-05 6.6667E-07
4.1376E-05 6.6667E-07
9.6657E-05 6.6667E-07
4.2715E-05 6.6667E-07
4.3974E-05 6.6667E-07
5.8876E-05 6.6667E-07
3.9025E-05 6.6667E-07
4.8159E-05 6.6667E-07
3.0625E-05 6.6667E-07
3.4453E-05 6.6667E-07
3.6917E-05 6.6667E-07
4.2557E-05 6.6667E-07
2.6881E-05 6.6667E-07
2.4848E-05 6.6667E-07
3.1815E-05 6.6667E-07
4.0830E-05 6.6667E-07
2.0843E-05 6.6667E-07
2.8066E-05 6.6667E-07
2.2488E-05 6.6667E-07
2.7860E-05 6.6667E-07
2.2229E-05 6.6667E-07
1.8812E-05 6.6667E-07
2.2265E-05 6.6667E-07
2.3901E-05 6.6667E-07
2.0016E-05 6.6667E-07
1.8818E-05 6.6667E-07
2.2381E-05 6.6667E-07
2.4049E-05 6.6667E-07
2.4663E-05 6.6667E-07
1.7765E-05 6.6667E-07
1.8491E-05 6.6667E-07
2.5805E-05 6.6667E-07
1.9303E-05 6.6667E-07
1.5734E-05 6.6667E-07
2.3971E-05 6.6667E-07
1.3902E-05 6.6667E-07
1.7288E-05 6.6667E-07
2.2890E-05 6.6667E-07
1.5017E-05 6.6667E-07
1.7552E-05 6.6667E-07
2.1866E-05 6.6667E-07
1.3142E-05 6.6667E-07
1.9580E-05 6.6667E-07
1.0823E-05 6.6667E-07
2.7382E-05 6.6667E-07
1.3637E-05 6.6667E-07
1.4945E-05 6.6667E-07
2.3016E-05 6.6667E-07
1.4734E-05 6.6667E-07
2.4466E-05 6.6667E-07
1.5492E-05 6.6667E-07
1.8897E-05 6.6667E-07
1.3373E-05 6.6667E-07
2.3102E-05 6.6667E-07
1.3503E-05 6.6667E-07
1.3363E-05 6.6667E-07
2.0950E-05 6.6667E-07
3.7236E-06 6.6667E-07
3.0365E-05 6.6667E-07
8.6713E-06 6.6667E-07
1.3828E-05 6.6667E-07
1.7991E-05 6.6667E-07
1.7485E-05 6.6667E-07
1.3750E-05 6.6667E-07
1.6210E-05 6.6667E-07
1.2497E-05 6.6667E-07
2.1811E-05 6.6667E-07
1.9152E-05 6.6667E-07
1.8631E-05 6.6667E-07
1.5233E-05 6.6667E-07
1.9477E-05 6.6667E-07
1.6492E-05 6.6667E-07
1.5000E-05 6.6667E-07
1.7405E-05 6.6667E-07
1.5804E-05 6.6667E-07
2.3631E-05 6.6667E-07
1.8982E-05 6.6667E-07
1.8803E-05 6.6667E-07
1.9959E-05 6.6667E-07
1.8676E-05 6.6667E-07
1.8978E-05 6.6667E-07
1.9096E-05 6.6667E-07
1.8717E-05 6.6667E-07
2.2784E-05 6.6667E-07
1.9233E-05 6.6667E-07
1.9360E-05 6.6667E-07
1.9749E-05 6.6667E-07
2.4187E-05 6.6667E-07
2.1529E-05 6.6667E-07
1.9671E-05 6.6667E-07
2.1424E-05 6.6667E-07
2.7558E-05 6.6667E-07
2.5364E-05 6.6667E-07
2.7154E-05 6.6667E-07
2.2553E-05 6.6667E-07
2.9732E-05 6.6667E-07
3.5122E-05 6.6667E-07
2.8184E-05 6.6667E-07
2.6692E-05 6.6667E-07
5.1007E-05 6.6667E-07
3.9900E-05 6.6667E-07
3.2518E-05 6.6667E-07
7.0203E-05 6.6667E-07
4.1693E-05 6.6667E-07
5.0388E-05 6.6667E-07
8.4037E-05 6.6667E-07
7.3700E-05 6.6667E-07
8.8829E-05 6.6667E-07
4.8945E-05 6.6667E-07
1.2529E-04 6.6667E-07
1.4920E-04 6.6667E-07
9.8867E-05 6.6667E-07
1.3035E-04 6.6667E-07
2.3094E-04 6.6667E-07
1.2005E-04 6.6667E-07
1.3512E-04 6.6667E-07
1.9906E-04 6.6667E-07
1.5031E-04 6.6667E-07
1.7434E-04 6.6667E-07
2.0059E-04 6.6667E-07
2.0460E-04 6.6667E-07
1.7033E-04 6.6667E-07
1.7269E-04 6.6667E-07
1.3218E-04 6.6667E-07
1.5664E-04 6.6667E-07
1.3579E-04 6.6667E-07
1.1158E-04 6.6667E-07
1.6931E-04 6.6667E-07
1.7379E-04 6.6667E-07
1.2085E-04 6.6667E-07
1.6150E-04 6.6667E-07
1.3017E-04 6.6667E-07
1.3538E-04 6.6667E-07
1.3117E-04 6.6667E-07
1.1546E-04 6.6667E-07
8.7265E-05 6.6667E-07
2.2468E-04 6.6667E-07
9.2382E-05 6.6667E-07
1.4083E-04 6.6667E-07
1.6123E-04 6.6667E-07
1.7543E-04 6.6667E-07
1.4150E-04 6.6667E-07
1.5552E-04 6.6667E-07
1.2904E-04 6.6667E-07
1.9198E-04 6.6667E-07
1.4726E-04 6.6667E-07
1.1393E-04 6.6667E-07
1.1035E-04 6.6667E-07
1.6448E-04 6.6667E-07
1.0610E-04 6.6667E-07
8.9237E-05 6.6667E-07
1.4642E-04 6.6667E-07
7.2716E-05 6.6667E-07
9.6590E-05 6.6667E-07
8.3604E-05 6.6667E-07
1.1103E-04 6.6667E-07
6.5111E-05 6.6667E-07
1.1222E-04 6.6667E-07
1.1460E-04 6.6667E-07
1.2687E-04 6.6667E-07
1.0254E-04 6.6667E-07
8.3185E-05 6.6667E-07
1.2191E-04 6.6667E-07
1.2313E-04 6.6667E-07
9.7912E-05 6.6667E-07
9.9471E-05 6.6667E-07
1.0171E-04 6.6667E-07
1.1559E-04 6.6667E-07
1.1169E-04 6.6667E-07
7.9595E-05 6.6667E-07
8.4874E-05 6.6667E-07
1.0271E-04 6.6667E-07
7.6441E-05 6.6667E-07
6.2835E-05 6.6667E-07
1.0913E-04 6.6667E-07
6.5077E-05 6.6667E-07
7.4843E-05 6.6667E-07
7.0959E-05 6.6667E-07
6.3301E-05 6.6667E-07
6.3695E-05 6.6667E-07
9.8977E-05 6.6667E-07
5.6243E-05 6.6667E-07
7.1422E-05 6.6667E-07
7.9829E-05 6.6667E-07
9.4258E-05 6.6667E-07
6.8343E-05 6.6667E-07
8.6852E-05 6.6667E-07
7.3212E-05 6.6667E-07
8.9276E-05 6.6667E-07
1.0067E-04 6.6667E-07
5.1224E-05 6.6667E-07
6.9995E-05 6.6667E-07
1.3495E-04 6.6667E-07
7.4429E-05 6.6667E-07
1.0991E-04 6.6667E-07
9.8403E-05 6.6667E-07
1.0334E-04 6.6667E-07
9.5290E-05 6.6667E-07
1.0488E-04 6.6667E-07
9.0114E-05 6.6667E-07
9.5855E-05 6.6667E-07
8.5697E-05 6.6667E-07
7.3183E-05 6.6667E-07
1.1908E-04 6.6667E-07
1.3763E-04 6.6667E-07
1.0436E-04 6.6667E-07
1.1367E-04 6.6667E-07
1.6975E-04 6.6667E-07
1.4107E-04 6.6667E-07
1.3748E-04 6.6667E-07
1.9745E-04 6.6667E-07
1.8396E-04 6.6667E-07
2.4737E-04 6.6667E-07
1.5247E-04 6.6667E-07
7.4234E-05 6.6667E-07
3.0577E-04 6.6667E-07
1.5085E-04 6.6667E-07
4.7305E-04 6.6667E-07
2.0286E-04 6.6667E-07
2.2156E-04 6.6667E-07
3.8773E-04 6.6667E-07
2.0152E-04 6.6667E-07
1.8609E-04 6.6667E-07
3.5660E-04 6.6667E-07
2.4382E-04 6.6667E-07
3.5394E-04 6.6667E-07
1.4956E-04 6.6667E-07
3.8927E-04 6.6667E-07
2.0905E-04 6.6667E-07
1.5712E-04 6.6667E-07
2.4175E-04 6.6667E-07
2.6993E-04 6.6667E-07
3.7475E-04 6.6667E-07
1.9405E-04 6.6667E-07
1.9547E-04 6.6667E-07
4.2579E-04 6.6667E-07
1.9068E-04 6.6667E-07
3.0347E-04 6.6667E-07
3.3841E-04 6.6667E-07
2.5252E-04 6.6667E-07
1.6976E-04 6.6667E-07
2.3398E-04 6.6667E-07
2.5547E-04 6.6667E-07
2.7380E-04 6.6667E-07
2.9026E-04 6.6667E-07
2.1167E-04 6.6667E-07
2.7231E-04 6.6667E-07
2.1409E-04 6.6667E-07
1.9860E-04 6.6667E-07
2.7286E-04 6.6667E-07
1.4102E-04 6.6667E-07
1.6774E-04 6.6667E-07
2.5221E-04 6.6667E-07
1.2174E-04 6.6667E-07
1.5518E-04 6.6667E-07
1.4269E-04 6.6667E-07
2.1594E-04 6.6667E-07
7.6126E-05 6.6667E-07
1.2985E-04 6.6667E-07
1.7178E-04 6.6667E-07
1.0515E-04 6.6667E-07
1.1314E-04 6.6667E-07
1.4176E-04 6.6667E-07
9.5836E-05 6.6667E-07
1.3608E-04 6.6667E-07
1.0470E-04 6.6667E-07
9.5925E-05 6.6667E-07
1.0496E-04 6.6667E-07
7.9031E-05 6.6667E-07
9.0305E-05 6.6667E-07
9.9096E-05 6.6667E-07
7.6300E-05 6.6667E-07
1.0635E-04 6.6667E-07
9.5298E-05 6.6667E-07
8.0042E-05 6.6667E-07
7.7840E-05 6.6667E-07
8.5427E-05 6.6667E-07
8.7971E-05 6.6667E-07
8.6138E-05 6.6667E-07
7.3461E-05 6.6667E-07
8.5444E-05 6.6667E-07
7.3803E-05 6.6667E-07
6.7726E-05 6.6667E-07
7.1529E-05 6.6667E-07
8.3657E-05 6.6667E-07
6.9717E-05 6.6667E-07
6.0011E-05 6.6667E-07
5.3267E-05 6.6667E-07
6.8128E-05 6.6667E-07
5.2891E-05 6.6667E-07
4.8984E-05 6.6667E-07
5.8774E-05 6.6667E-07
4.7845E-05 6.6667E-07
5.5116E-05 6.6667E-07
5.6832E-05 6.6667E-07
4.9955E-05 6.6667E-07
5.1455E-05 6.6667E-07
6.1404E-05 6.6667E-07
4.9486E-05 6.6667E-07
5.6228E-05 6.6667E-07
5.7739E-05 6.6667E-07
5.1580E-05 6.6667E-07
5.1206E-05 6.6667E-07
5.2519E-05 6.6667E-07
6.0543E-05 6.6667E-07
5.6792E-05 6.6667E-07
5.2579E-05 6.6667E-07
6.6072E-05 6.6667E-07
4.5934E-05 6.6667E-07
5.7473E-05 6.6667E-07
6.2693E-05 6.6667E-07
5.6507E-05 6.6667E-07
3.8111E-05 6.6667E-07
5.6695E-05 6.6667E-07
4.5151E-05 6.6667E-07
3.8971E-05 6.6667E-07
5.4790E-05 6.6667E-07
4.0291E-05 6.6667E-07
3.9606E-05 6.6667E-07
5.5558E-05 6.6667E-07
3.0400E-05 6.6667E-07
3.3368E-05 6.6667E-07
5.7327E-05 6.6667E-07
2.5199E-05 6.6667E-07
2.7516E-05 6.6667E-07
4.8240E-05 6.6667E-07
2.7059E-05 6.6667E-07
4.2217E-06 6.6667E-07
7.1225E-05 6.6667E-07
1.6333E-05 6.6667E-07
3.4602E-05 6.6667E-07
3.2299E-05 6.6667E-07
4.1753E-05 6.6667E-07
3.4204E-05 6.6667E-07
3.2633E-05 6.6667E-07
3.2596E-05 6.6667E-07
3.8160E-05 6.6667E-07
4.1177E-05 6.6667E-07
2.9848E-05 6.6667E-07
4.8819E-05 6.6667E-07
5.1152E-05 6.6667E-07
5.1034E-05 6.6667E-07
4.7060E-05 6.6667E-07
5.2810E-05 6.6667E-07
6.4881E-05 6.6667E-07
6.7580E-05 6.6667E-07
6.3235E-05 6.6667E-07
7.5599E-05 6.6667E-07
8.6896E-05 6.6667E-07
8.2489E-05 6.6667E-07
7.6451E-05 6.6667E-07
1.0788E-04 6.6667E-07
9.4983E-05 6.6667E-07
1.1012E-04 6.6667E-07
9.4269E-05 6.6667E-07
1.1292E-04 6.6667E-07
1.0129E-04 6.6667E-07
1.2742E-04 6.6667E-07
1.5018E-04 6.6667E-07
1.2601E-04 6.6667E-07
1.0907E-04 6.6667E-07
1.2035E-04 6.6667E-07
1.0575E-04 6.6667E-07
1.2278E-04 6.6667E-07
1.4734E-04 6.6667E-07
9.9854E-05 6.6667E-07
1.0541E-04 6.6667E-07
1.4558E-04 6.6667E-07
9.1422E-05 6.6667E-07
1.5586E-04 6.6667E-07
1.1742E-04 6.6667E-07
1.1508E-04 6.6667E-07
1.1408E-04 6.6667E-07
1.0627E-04 6.6667E-07
1.2831E-04 6.6667E-07
1.6916E-04 6.6667E-07
1.2614E-04 6.6667E-07
1.1828E-04 6.6667E-07
1.9744E-04 6.6667E-07
1.3108E-04 6.6667E-07
1.2476E-04 6.6667E-07
2.5004E-04 6.6667E-07
1.5043E-04 6.6667E-07
2.4877E-04 6.6667E-07
9.5189E-05 6.6667E-07
3.2673E-04 6.6667E-07
1.2181E-04 6.6667E-07
1.7806E-04 6.6667E-07
2.1389E-04 6.6667E-07
2.5110E-04 6.6667E-07
1.7936E-04 6.6667E-07
1.7862E-04 6.6667E-07
2.2057E-04 6.6667E-07
1.3805E-04 6.6667E-07
1.2291E-04 6.6667E-07
1.9941E-04 6.6667E-07
1.0388E-04 6.6667E-07
1.2682E-04 6.6667E-07
1.4343E-04 6.6667E-07
8.7782E-05 6.6667E-07
1.0530E-04 6.6667E-07
1.5685E-04 6.6667E-07
9.3147E-05 6.6667E-07
1.0214E-04 6.6667E-07
1.1862E-04 6.6667E-07
8.1307E-05 6.6667E-07
7.9902E-05 6.6667E-07
8.7415E-05 6.6667E-07
8.0331E-05 6.6667E-07
7.0437E-05 6.6667E-07
1.0762E-04 6.6667E-07
5.4896E-05 6.6667E-07
8.1137E-05 6.6667E-07
7.2631E-05 6.6667E-07
1.0494E-04 6.6667E-07
6.8779E-05 6.6667E-07
7.2224E-05 6.6667E-07
8.5827E-05 6.6667E-07
1.0380E-04 6.6667E-07
7.4449E-05 6.6667E-07
8.0183E-05 6.6667E-07
6.8501E-05 6.6667E-07
9.0242E-05 6.6667E-07
9.8159E-05 6.6667E-07
8.1397E-05 6.6667E-07
6.0119E-05 6.6667E-07
1.2598E-04 6.6667E-07
6.1604E-05 6.6667E-07
7.9609E-05 6.6667E-07
1.2388E-04 6.6667E-07
6.4161E-05 6.6667E-07
9.8678E-05 6.6667E-07
1.1191E-04 6.6667E-07
1.0244E-04 6.6667E-07
8.8479E-05 6.6667E-07
1.1227E-04 6.6667E-07
8.7190E-05 6.6667E-07
8.3250E-05 6.6667E-07
8.6435E-05 6.6667E-07
6.9213E-05 6.6667E-07
8.4776E-05 6.6667E-07
1.0730E-04 6.6667E-07
6.7364E-05 6.6667E-07
6.3746E-05 6.6667E-07
1.0144E-04 6.6667E-07
5.8727E-05 6.6667E-07
8.1533E-05 6.6667E-07
6.1033E-05 6.6667E-07
3.8972E-05 6.6667E-07
4.8112E-05 6.6667E-07
4.8836E-05 6.6667E-07
5.4789E-05 6.6667E-07
5.4227E-05 6.6667E-07
6.6009E-05 6.6667E-07
5.5307E-05 6.6667E-07
5.6883E-05 6.6667E-07
4.8322E-05 6.6667E-07
5.8238E-05 6.6667E-07
5.6490E-05 6.6667E-07
5.1351E-05 6.6667E-07
3.9574E-05 6.6667E-07
5.8738E-05 6.6667E-07
2.8877E-05 6.6667E-07
4.9110E-05 6.6667E-07
3.2134E-05 6.6667E-07
2.4808E-05 6.6667E-07
3.6276E-05 6.6667E-07
6.7005E-05 6.6667E-07
3.3855E-05 6.6667E-07
5.2733E-05 6.6667E-07
5.1753E-05 6.6667E-07
4.6918E-05 6.6667E-07
3.7441E-05 6.6667E-07
4.1024E-05 6.6667E-07
4.1129E-05 6.6667E-07
4.8864E-05 6.6667E-07
4.2683E-05 6.6667E-07
4.1943E-05 6.6667E-07
5.1375E-05 6.6667E-07
4.4438E-05 6.6667E-07
5.2709E-05 6.6667E-07
4.0365E-05 6.6667E-07
3.6243E-05 6.6667E-07
5.7686E-05 6.6667E-07
6.0901E-05 6.6667E-07
6.9075E-05 6.6667E-07
4.9534E-05 6.6667E-07
8.6156E-05 6.6667E-07
6.5842E-05 6.6667E-07
8.9602E-05 6.6667E-07
7.3313E-05 6.6667E-07
6.8547E-05 6.6667E-07
5.7690E-05 6.6667E-07
1.1342E-04 6.6667E-07
1.0822E-04 6.6667E-07
1.2151E-04 6.6667E-07
8.4028E-05 6.6667E-07
1.9551E-04 6.6667E-07
1.2759E-04 6.6667E-07
1.2108E-04 6.6667E-07
1.6812E-04 6.6667E-07
1.6557E-04 6.6667E-07
1.3014E-04 6.6667E-07
1.5114E-04 6.6667E-07
1.2692E-04 6.6667E-07
1.5351E-04 6.6667E-07
1.4164E-04 6.6667E-07
9.0188E-05 6.6667E-07
1.3542E-04 6.6667E-07
9.0014E-05 6.6667E-07
1.8618E-04 6.6667E-07
7.9083E-05 6.6667E-07
8.5457E-05 6.6667E-07
1.1199E-04 6.6667E-07
1.3558E-04 6.6667E-07
1.1354E-04 6.6667E-07
8.4342E-05 6.6667E-07
1.3629E-04 6.6667E-07
7.6808E-05 6.6667E-07
1.0322E-04 6.6667E-07
9.1283E-05 6.6667E-07
7.6755E-05 6.6667E-07
9.6568E-05 6.6667E-07
1.1580E-04 6.6667E-07
9.4770E-05 6.6667E-07
9.1610E-05 6.6667E-07
1.0616E-04 6.6667E-07
9.3778E-05 6.6667E-07
1.0339E-04 6.6667E-07
7.5214E-05 6.6667E-07
8.8946E-05 6.6667E-07
8.0975E-05 6.6667E-07
5.9695E-05 6.6667E-07
5.7325E-05 6.6667E-07
7.7442E-05 6.6667E-07
6.2921E-05 6.6667E-07
6.3819E-05 6.6667E-07
6.2322E-05 6.6667E-07
4.4356E-05 6.6667E-07
4.5040E-05 6.6667E-07
5.4799E-05 6.6667E-07
3.4164E-05 6.6667E-07
3.6820E-05 6.6667E-07
4.5104E-05 6.6667E-07
2.5485E-05 6.6667E-07
3.0362E-05 6.6667E-07
3.8225E-05 6.6667E-07
2.3584E-05 6.6667E-07
3.5729E-05 6.6667E-07
2.9219E-05 6.6667E-07
3.3448E-05 6.6667E-07
1.9542E-05 6.6667E-07
2.5313E-05 6.6667E-07
1.2903E-05 6.6667E-07
3.1874E-05 6.6667E-07
1.5030E-05 6.6667E-07
1.6368E-05 6.6667E-07
2.6581E-05 6.6667E-07
1.2129E-05 6.6667E-07
2.9194E-05 6.6667E-07
1.0511E-05 6.6667E-07
1.6231E-05 6.6667E-07
1.6570E-05 6.6667E-07
2.1122E-05 6.6667E-07
1.4766E-05 6.6667E-07
1.4370E-05 6.6667E-07
1.5736E-05 6.6667E-07
1.9832E-05 6.6667E-07
1.4179E-05 6.6667E-07
1.4049E-05 6.6667E-07
1.6370E-05 6.6667E-07
1.9438E-05 6.6667E-07
1.6835E-05 6.6667E-07
1.5431E-05 6.6667E-07
1.7332E-05 6.6667E-07
1.8262E-05 6.6667E-07
2.0263E-05 6.6667E-07
1.5631E-05 6.6667E-07
2.2476E-05 6.6667E-07
1.8442E-05 6.6667E-07
2.0051E-05 6.6667E-07
1.5211E-05 6.6667E-07
1.9539E-05 6.6667E-07
1.5412E-05 6.6667E-07
2.4179E-05 6.6667E-07
1.5610E-05 6.6667E-07
1.7003E-05 6.6667E-07
2.1672E-05 6.6667E-07
2.6846E-05 6.6667E-07
2.0954E-05 6.6667E-07
2.1481E-05 6.6667E-07
2.1648E-05 6.6667E-07
2.4997E-05 6.6667E-07
2.7660E-05 6.6667E-07
2.1131E-05 6.6667E-07
2.6716E-05 6.6667E-07
2.9491E-05 6.6667E-07
2.2786E-05 6.6667E-07
2.0310E-05 6.6667E-07
2.4763E-05 6.6667E-07
2.7117E-05 6.6667E-07
2.3519E-05 6.6667E-07
2.6809E-05 6.6667E-07
1.9604E-05 6.6667E-07
1.7692E-05 6.6667E-07
2.4744E-05 6.6667E-07
2.5163E-05 6.6667E-07
2.1245E-05 6.6667E-07
2.3394E-05 6.6667E-07
2.5774E-05 6.6667E-07
2.1495E-05 6.6667E-07
2.1460E-05 6.6667E-07
2.1002E-05 6.6667E-07
2.6027E-05 6.6667E-07
2.0560E-05 6.6667E-07
1.8185E-05 6.6667E-07
2.3125E-05 6.6667E-07
2.0737E-05 6.6667E-07
2.6556E-05 6.6667E-07
2.3782E-05 6.6667E-07
2.7630E-05 6.6667E-07
2.2542E-05 6.6667E-07
2.4214E-05 6.6667E-07
2.7829E-05 6.6667E-07
2.1957E-05 6.6667E-07
2.0569E-05 6.6667E-07
2.9452E-05 6.6667E-07
2.3228E-05 6.6667E-07
2.4704E-05 6.6667E-07
3.1691E-05 6.6667E-07
2.0967E-05 6.6667E-07
1.9770E-05 6.6667E-07
4.1044E-05 6.6667E-07
2.0491E-05 6.6667E-07
1.9623E-05 6.6667E-07
3.1398E-05 6.6667E-07
1.9244E-05 6.6667E-07
1.6905E-05 6.6667E-07
4.2855E-05 6.6667E-07
1.5022E-05 6.6667E-07
2.1621E-05 6.6667E-07
1.2417E-05 6.6667E-07
3.1658E-05 6.6667E-07
1.7544E-05 6.6667E-07
1.8498E-05 6.6667E-07
1.6896E-05 6.6667E-07
2.1536E-05 6.6667E-07
1.6833E-05 6.6667E-07
1.0733E-05 6.6667E-07
2.0014E-05 6.6667E-07
1.1188E-05 6.6667E-07
1.5431E-05 6.6667E-07
1.0483E-05 6.6667E-07
1.1421E-05 6.6667E-07
1.6510E-05 6.6667E-07
1.5871E-05 6.6667E-07
9.6859E-06 6.6667E-07
1.2820E-05 6.6667E-07
9.2734E-06 6.6667E-07
1.3170E-05 6.6667E-07
1.1015E-05 6.6667E-07
1.2846E-05 6.6667E-07
7.0414E-06 6.6667E-07
1.3201E-05 6.6667E-07
2.6158E-06 6.6667E-07
1.4337E-05 6.6667E-07
7.0436E-06 6.6667E-07
9.8535E-06 6.6667E-07
1.2208E-05 6.6667E-07
4.5227E-06 6.6667E-07
1.7149E-05 6.6667E-07
6.6945E-06 6.6667E-07
1.0384E-05 6.6667E-07
1.3857E-05 6.6667E-07
1.5487E-05 6.6667E-07
1.1228E-05 6.6667E-07
1.5321E-05 6.6667E-07
1.3779E-05 6.6667E-07
1.5005E-05 6.6667E-07
2.0877E-05 6.6667E-07
1.1825E-05 6.6667E-07
1.3004E-05 6.6667E-07
3.0821E-05 6.6667E-07
1.5417E-05 6.6667E-07
1.2808E-05 6.6667E-07
2.8741E-05 6.6667E-07
1.9414E-05 6.6667E-07
1.3873E-05 6.6667E-07
4.1732E-05 6.6667E-07
2.0357E-05 6.6667E-07
2.9053E-05 6.6667E-07
2.7195E-05 6.6667E-07
3.6948E-05 6.6667E-07
3.9207E-05 6.6667E-07
3.0902E-05 6.6667E-07
4.0749E-05 6.6667E-07
4.6149E-05 6.6667E-07
4.8795E-05 6.6667E-07
3.9240E-05 6.6667E-07
4.9691E-05 6.6667E-07
5.7354E-05 6.6667E-07
5.3633E-05 6.6667E-07
4.5130E-05 6.6667E-07
4.9208E-05 6.6667E-07
5.7204E-05 6.6667E-07
6.2003E-05 6.6667E-07
4.8177E-05 6.6667E-07
6.4566E-05 6.6667E-07
6.3247E-05 6.6667E-07
5.5891E-05 6.6667E-07
5.8914E-05 6.6667E-07
6.2860E-05 6.6667E-07
6.2621E-05 6.6667E-07
7.5010E-05 6.6667E-07
7.9793E-05 6.6667E-07
5.8883E-05 6.6667E-07
8.7842E-05 6.6667E-07
8.6784E-05 6.6667E-07
8.3020E-05 6.6667E-07
9.7450E-05 6.6667E-07
9.5092E-05 6.6667E-07
1.0112E-04 6.6667E-07
1.2655E-04 6.6667E-07
9.5652E-05 6.6667E-07
1.0962E-04 6.6667E-07
1.1050E-04 6.6667E-07
1.0313E-04 6.6667E-07
1.0680E-04 6.6667E-07
1.0159E-04 6.6667E-07
2.0919E-04 6.6667E-07
1.1244E-04 6.6667E-07
1.0600E-04 6.6667E-07
1.5654E-04 6.6667E-07
1.1639E-04 6.6667E-07
1.6557E-04 6.6667E-07
1.9663E-04 6.6667E-07
1.2047E-04 6.6667E-07
1.6178E-04 6.6667E-07
1.4904E-04 6.6667E-07
1.6121E-04 6.6667E-07
1.5301E-04 6.6667E-07
1.1652E-04 6.6667E-07
1.4139E-04 6.6667E-07
1.3043E-04 6.6667E-07
8.2809E-05 6.6667E-07
8.5016E-05 6.6667E-07
9.5483E-05 6.6667E-07
1.0219E-04 6.6667E-07
8.9556E-05 6.6667E-07
7.2226E-05 6.6667E-07
6.8767E-05 6.6667E-07
8.6797E-05 6.6667E-07
5.4120E-05 6.6667E-07
4.2997E-05 6.6667E-07
6.4415E-05 6.6667E-07
3.3865E-05 6.6667E-07
3.8849E-05 6.6667E-07
6.6577E-05 6.6667E-07
2.5488E-05 6.6667E-07
2.8119E-05 6.6667E-07
5.9964E-05 6.6667E-07
2.1594E-05 6.6667E-07
2.7039E-05 6.6667E-07
4.3506E-05 6.6667E-07
2.2237E-05 6.6667E-07
3.7190E-05 6.6667E-07
2.8121E-05 6.6667E-07
3.0350E-05 6.6667E-07
2.8198E-05 6.6667E-07
2.6096E-05 6.6667E-07
2.7376E-05 6.6667E-07
3.3094E-05 6.6667E-07
2.0295E-05 6.6667E-07
2.8660E-05 6.6667E-07
2.3716E-05 6.6667E-07
3.5368E-05 6.6667E-07
2.2005E-05 6.6667E-07
2.1647E-05 6.6667E-07
2.8187E-05 6.6667E-07
3.4866E-05 6.6667E-07
2.7008E-05 6.6667E-07
3.0309E-05 6.6667E-07
2.4781E-05 6.6667E-07
2.8532E-05 6.6667E-07
4.8522E-05 6.6667E-07
3.7163E-05 6.6667E-07
2.5227E-05 6.6667E-07
6.4224E-05 6.6667E-07
3.2059E-05 6.6667E-07
3.7463E-05 6.6667E-07
8.1237E-05 6.6667E-07
4.6698E-05 6.6667E-07
8.4747E-05 6.6667E-07
5.4563E-05 6.6667E-07
9.9519E-05 6.6667E-07
6.2924E-05 6.6667E-07
6.7535E-05 6.6667E-07
5.5977E-05 6.6667E-07
1.2098E-04 6.6667E-07
7.1400E-05 6.6667E-07
7.1504E-05 6.6667E-07
8.2781E-05 6.6667E-07
1.1155E-04 6.6667E-07
8.8656E-05 6.6667E-07
7.8315E-05 6.6667E-07
7.7343E-05 6.6667E-07
8.6582E-05 6.6667E-07
7.5132E-05 6.6667E-07
6.6271E-05 6.6667E-07
6.2685E-05 6.6667E-07
7.0255E-05 6.6667E-07
5.6527E-05 6.6667E-07
5.6142E-05 6.6667E-07
6.0577E-05 6.6667E-07
5.1958E-05 6.6667E-07
6.8315E-05 6.6667E-07
5.8500E-05 6.6667E-07
5.9831E-05 6.6667E-07
6.5545E-05 6.6667E-07
6.5724E-05 6.6667E-07
7.7276E-05 6.6667E-07
7.5006E-05 6.6667E-07
8.5841E-05 6.6667E-07
1.0588E-04 6.6667E-07
1.0168E-04 6.6667E-07
1.3923E-04 6.6667E-07
1.0149E-04 6.6667E-07
1.1002E-04 6.6667E-07
1.6512E-04 6.6667E-07
2.3942E-04 6.6667E-07
1.9494E-04 6.6667E-07
1.8421E-04 6.6667E-07
2.9023E-04 6.6667E-07
1.8437E-04 6.6667E-07
2.0757E-04 6.6667E-07
2.3519E-04 6.6667E-07
1.7640E-04 6.6667E-07
2.5363E-04 6.6667E-07
2.0861E-04 6.6667E-07
2.1054E-04 6.6667E-07
1.7568E-04 6.6667E-07
1.0930E-04 6.6667E-07
1.8514E-04 6.6667E-07
1.5976E-04 6.6667E-07
1.6275E-04 6.6667E-07
1.4463E-04 6.6667E-07
1.7286E-04 6.6667E-07
1.4140E-04 6.6667E-07
1.3302E-04 6.6667E-07
1.0357E-04 6.6667E-07
1.9824E-04 6.6667E-07
1.0174E-04 6.6667E-07
1.0285E-04 6.6667E-07
1.2283E-04 6.6667E-07
1.4164E-04 6.6667E-07
1.3074E-04 6.6667E-07
9.5704E-05 6.6667E-07
1.2140E-04 6.6667E-07
1.0199E-04 6.6667E-07
8.1004E-05 6.6667E-07
1.0443E-04 6.6667E-07
7.7517E-05 6.6667E-07
9.2998E-05 6.6667E-07
9.1593E-05 6.6667E-07
5.9149E-05 6.6667E-07
7.0644E-05 6.6667E-07
9.8987E-05 6.6667E-07
6.2006E-05 6.6667E-07
6.3283E-05 6.6667E-07
9.7866E-05 6.6667E-07
5.7673E-05 6.6667E-07
5.8059E-05 6.6667E-07
7.6495E-05 6.6667E-07
5.1363E-05 6.6667E-07
7.3087E-05 6.6667E-07
5.7400E-05 6.6667E-07
4.9692E-05 6.6667E-07
5.7152E-05 6.6667E-07
4.1399E-05 6.6667E-07
5.1593E-05 6.6667E-07
4.8035E-05 6.6667E-07
3.5826E-05 6.6667E-07
4.1679E-05 6.6667E-07
5.9262E-05 6.6667E-07
4.6209E-05 6.6667E-07
4.6111E-05 6.6667E-07
5.2316E-05 6.6667E-07
5.2739E-05 6.6667E-07
4.0233E-05 6.6667E-07
4.7148E-05 6.6667E-07
3.9619E-05 6.6667E-07
5.6403E-05 6.6667E-07
4.7024E-05 6.6667E-07
3.8721E-05 6.6667E-07
3.6419E-05 6.6667E-07
6.2123E-05 6.6667E-07
4.7338E-05 6.6667E-07
4.9419E-05 6.6667E-07
5.4580E-05 6.6667E-07
5.8353E-05 6.6667E-07
5.2127E-05 6.6667E-07
3.8210E-05 6.6667E-07
5.2547E-05 6.6667E-07
4.7097E-05 6.6667E-07
4.2708E-05 6.6667E-07
3.4146E-05 6.6667E-07
3.7359E-05 6.6667E-07
5.5413E-05 6.6667E-07
4.3856E-05 6.6667E-07
4.6639E-05 6.6667E-07
3.7950E-05 6.6667E-07
4.1110E-05 6.6667E-07
3.8162E-05 6.6667E-07
4.5513E-05 6.6667E-07
3.9972E-05 6.6667E-07
3.8442E-05 6.6667E-07
4.8290E-05 6.6667E-07
4.5264E-05 6.6667E-07
4.4235E-05 6.6667E-07
4.3400E-05 6.6667E-07
5.0994E-05 6.6667E-07
4.8971E-05 6.6667E-07
4.5149E-05 6.6667E-07
1.6224E-05 6.6667E-07
4.9607E-05 6.6667E-07
3.5282E-05 6.6667E-07
3.6299E-05 6.6667E-07
5.5817E-05 6.6667E-07
3.8432E-05 6.6667E-07
4.6220E-05 6.6667E-07
4.7242E-05 6.6667E-07
3.9395E-05 6.6667E-07
4.5411E-05 6.6667E-07
4.7957E-05 6.6667E-07
3.7297E-05 6.6667E-07
3.7482E-05 6.6667E-07
5.8294E-05 6.6667E-07
3.8638E-05 6.6667E-07
4.5781E-05 6.6667E-07
3.7113E-05 6.6667E-07
2.9101E-05 6.6667E-07
3.7681E-05 6.6667E-07
5.0969E-05 6.6667E-07
3.8518E-05 6.6667E-07
5.2906E-05 6.6667E-07
5.0650E-05 6.6667E-07
5.4853E-05 6.6667E-07
3.5980E-05 6.6667E-07
5.0567E-05 6.6667E-07
2.9215E-05 6.6667E-07
4.9432E-05 6.6667E-07
4.6216E-05 6.6667E-07
4.4013E-05 6.6667E-07
6.7702E-05 6.6667E-07
6.5159E-05 6.6667E-07
5.2769E-05 6.6667E-07
4.5334E-05 6.6667E-07
5.6459E-05 6.6667E-07
6.5317E-05 6.6667E-07
7.1243E-05 6.6667E-07
6.9131E-05 6.6667E-07
7.4419E-05 6.6667E-07
7.7590E-05 6.6667E-07
6.7741E-05 6.6667E-07
4.9225E-05 6.6667E-07
4.8691E-05 6.6667E-07
7.1697E-05 6.6667E-07
5.4485E-05 6.6667E-07
7.6322E-05 6.6667E-07
5.2809E-05 6.6667E-07
9.4041E-05 6.6667E-07
5.6874E-05 6.6667E-07
5.4110E-05 6.6667E-07
6.2425E-05 6.6667E-07
8.5255E-05 6.6667E-07
5.8200E-05 6.6667E-07
5.6804E-05 6.6667E-07
6.1916E-05 6.6667E-07
8.8734E-05 6.6667E-07
6.1425E-05 6.6667E-07
5.4485E-05 6.6667E-07
6.5984E-05 6.6667E-07
5.8306E-05 6.6667E-07
6.1049E-05 6.6667E-07
4.9081E-05 6.6667E-07
5.2671E-05 6.6667E-07
4.8514E-05 6.6667E-07
5.5296E-05 6.6667E-07
4.4527E-05 6.6667E-07
5.4602E-05 6.6667E-07
4.6525E-05 6.6667E-07
6.7005E-05 6.6667E-07
6.9445E-05 6.6667E-07
7.7895E-05 6.6667E-07
8.7530E-05 6.6667E-07
7.4743E-05 6.6667E-07
1.1013E-04 6.6667E-07
1.2387E-04 6.6667E-07
1.2072E-04 6.6667E-07
4.8151E-05 6.6667E-07
1.5115E-04 6.6667E-07
1.1247E-04 6.6667E-07
2.6109E-04 6.6667E-07
1.7119E-04 6.6667E-07
2.6228E-04 6.6667E-07
2.3097E-04 6.6667E-07
2.0206E-04 6.6667E-07
2.1825E-04 6.6667E-07
3.8477E-04 6.6667E-07
1.6564E-04 6.6667E-07
3.1052E-04 6.6667E-07
1.9274E-04 6.6667E-07
1.2761E-04 6.6667E-07
2.3791E-04 6.6667E-07
2.1565E-04 6.6667E-07
1.7410E-04 6.6667E-07
1.4677E-04 6.6667E-07
1.9728E-04 6.6667E-07
1.4710E-04 6.6667E-07
1.3528E-04 6.6667E-07
1.1360E-04 6.6667E-07
1.2781E-04 6.6667E-07
1.0693E-04 6.6667E-07
8.0348E-05 6.6667E-07
1.2860E-04 6.6667E-07
7.9833E-05 6.6667E-07
8.7058E-05 6.6667E-07
1.1636E-04 6.6667E-07
5.8773E-05 6.6667E-07
7.3405E-05 6.6667E-07
1.1376E-04 6.6667E-07
7.9014E-05 6.6667E-07
4.7646E-05 6.6667E-07
7.2111E-05 6.6667E-07
6.3935E-05 6.6667E-07
7.2620E-05 6.6667E-07
7.8877E-05 6.6667E-07
6.6521E-05 6.6667E-07
5.5145E-05 6.6667E-07
9.1400E-05 6.6667E-07
6.2627E-05 6.6667E-07
5.5122E-05 6.6667E-07
5.8372E-05 6.6667E-07
5.7609E-05 6.6667E-07
1.2572E-05 6.6667E-07
1.1205E-04 6.6667E-07
2.5473E-05 6.6667E-07
4.7760E-05 6.6667E-07
4.5142E-05 6.6667E-07
5.0577E-05 6.6667E-07
3.4930E-05 6.6667E-07
3.3923E-05 6.6667E-07
2.9349E-05 6.6667E-07
3.0672E-05 6.6667E-07
3.5947E-05 6.6667E-07
2.1743E-05 6.6667E-07
3.2783E-05 6.6667E-07
3.2462E-05 6.6667E-07
2.9928E-05 6.6667E-07
2.0488E-05 6.6667E-07
3.9494E-05 6.6667E-07
1.0680E-05 6.6667E-07
3.2393E-05 6.6667E-07
2.0888E-05 6.6667E-07
2.5285E-05 6.6667E-07
3.8892E-05 6.6667E-07
1.8331E-05 6.6667E-07
4.3150E-05 6.6667E-07
2.1511E-05 6.6667E-07
2.6263E-05 6.6667E-07
2.5833E-05 6.6667E-07
3.9498E-05 6.6667E-07
2.8132E-05 6.6667E-07
2.6583E-05 6.6667E-07
2.1619E-05 6.6667E-07
2.8295E-05 6.6667E-07
3.1399E-05 6.6667E-07
2.3318E-05 6.6667E-07
2.3712E-05 6.6667E-07
4.5368E-05 6.6667E-07
1.9622E-05 6.6667E-07
2.5714E-05 6.6667E-07
2.4173E-05 6.6667E-07
3.1994E-05 6.6667E-07
3.1763E-05 6.6667E-07
2.5854E-05 6.6667E-07
2.7195E-05 6.6667E-07
2.6483E-05 6.6667E-07
3.1266E-05 6.6667E-07
2.5600E-05 6.6667E-07
2.7428E-05 6.6667E-07
4.0580E-05 6.6667E-07
2.9704E-05 6.6667E-07
2.1583E-05 6.6667E-07
4.5659E-05 6.6667E-07
2.8353E-05 6.6667E-07
3.9247E-05 6.6667E-07
4.9120E-05 6.6667E-07
3.5809E-05 6.6667E-07
4.2389E-05 6.6667E-07
5.8622E-05 6.6667E-07
5.4403E-05 6.6667E-07
5.7435E-05 6.6667E-07
8.1641E-05 6.6667E-07
6.3896E-05 6.6667E-07
7.8733E-05 6.6667E-07
4.4802E-05 6.6667E-07
8.2527E-05 6.6667E-07
6.1556E-05 6.6667E-07
8.4455E-05 6.6667E-07
9.1119E-05 6.6667E-07
6.6192E-05 6.6667E-07
1.0422E-04 6.6667E-07
6.3617E-05 6.6667E-07
6.5613E-05 6.6667E-07
5.6694E-05 6.6667E-07
8.5906E-05 6.6667E-07
4.6576E-05 6.6667E-07
4.9422E-05 6.6667E-07
4.4407E-05 6.6667E-07
6.1130E-05 6.6667E-07
4.9754E-05 6.6667E-07
3.1479E-05 6.6667E-07
5.1660E-05 6.6667E-07
3.5541E-05 6.6667E-07
2.8801E-05 6.6667E-07
2.8124E-05 6.6667E-07
2.3415E-05 6.6667E-07
2.9069E-05 6.6667E-07
2.2917E-05 6.6667E-07
1.7733E-05 6.6667E-07
2.3803E-05 6.6667E-07
1.7152E-05 6.6667E-07
1.9875E-05 6.6667E-07
1.4442E-05 6.6667E-07
1.4508E-05 6.6667E-07
1.5852E-05 6.6667E-07
1.9148E-05 6.6667E-07
1.1086E-05 6.6667E-07
1.2617E-05 6.6667E-07
1.0311E-05 6.6667E-07
1.3806E-05 6.6667E-07
1.2268E-05 6.6667E-07
8.4703E-06 6.6667E-07
1.0112E-05 6.6667E-07
1.2627E-05 6.6667E-07
8.6563E-06 6.6667E-07
8.7139E-06 6.6667E-07
7.5821E-06 6.6667E-07
1.0495E-05 6.6667E-07
6.2347E-06 6.6667E-07
6.0660E-06 6.6667E-07
7.5363E-06 6.6667E-07
8.8319E-06 6.6667E-07
6.4199E-06 6.6667E-07
6.9781E-06 6.6667E-07
5.2222E-06 6.6667E-07
5.0609E-06 6.6667E-07
7.7113E-06 6.6667E-07
3.9727E-06 6.6667E-07
5.4144E-06 6.6667E-07
4.9584E-06 6.6667E-07
8.9924E-06 6.6667E-07
2.7257E-06 6.6667E-07
7.0477E-06 6.6667E-07
1.5792E-07 6.6667E-07
7.8431E-06 6.6667E-07
3.1683E-06 6.6667E-07
4.6525E-06 6.6667E-07
5.6125E-06 6.6667E-07
3.9243E-06 6.6667E-07
7.5114E-06 6.6667E-07
4.4452E-06 6.6667E-07
5.1042E-06 6.6667E-07
2.5873E-06 6.6667E-07
5.8522E-06 6.6667E-07
3.8224E-06 6.6667E-07
3.8939E-06 6.6667E-07
6.2968E-06 6.6667E-07
2.9910E-06 6.6667E-07
5.3368E-06 6.6667E-07
2.8710E-06 6.6667E-07
4.0005E-06 6.6667E-07
5.6681E-06 6.6667E-07
5.0023E-06 6.6667E-07
3.6985E-06 6.6667E-07
3.8773E-06 6.6667E-07
3.0794E-06 6.6667E-07
4.8370E-06 6.6667E-07
4.0031E-06 6.6667E-07
3.2886E-06 6.6667E-07
3.4416E-06 6.6667E-07
3.3550E-06 6.6667E-07
3.0580E-06 6.6667E-07
2.8530E-06 6.6667E-07
2.4572E-06 6.6667E-07
2.9507E-06 6.6667E-07
3.8705E-06 6.6667E-07
1.8240E-06 6.6667E-07
2.4377E-06 6.6667E-07
2.9928E-06 6.6667E-07
3.4587E-06 6.6667E-07
2.7884E-06 6.6667E-07
2.9523E-06 6.6667E-07
2.2028E-06 6.6667E-07
2.6524E-06 6.6667E-07
3.0475E-06 6.6667E-07
2.2157E-06 6.6667E-07
1.6377E-06 6.6667E-07
3.4531E-06 6.6667E-07
1.5534E-06 6.6667E-07
1.6414E-06 6.6667E-07
2.9946E-06 6.6667E-07
1.8334E-06 6.6667E-07
3.3213E-06 6.6667E-07
2.4546E-06 6.6667E-07
1.9017E-06 6.6667E-07
1.8351E-06 6.6667E-07
1.9241E-06 6.6667E-07
2.5639E-06 6.6667E-07
2.3441E-06 6.6667E-07
1.5998E-06 6.6667E-07
1.7769E-06 6.6667E-07
1.9796E-06 6.6667E-07
1.9589E-06 6.6667E-07
1.7094E-06 6.6667E-07
1.3899E-06 6.6667E-07
1.7630E-06 6.6667E-07
2.1126E-06 6.6667E-07
1.0819E-06 6.6667E-07
1.3730E-06 6.6667E-07
1.5949E-06 6.6667E-07
1.8514E-06 6.6667E-07
1.5195E-06 6.6667E-07
1.3963E-06 6.6667E-07
1.5034E-06 6.6667E-07
1.5398E-06 6.6667E-07
1.5874E-06 6.6667E-07
1.0791E-06 6.6667E-07
1.3313E-06 6.6667E-07
1.1323E-06 6.6667E-07
2.1173E-06 6.6667E-07
7.2072E-07 6.6667E-07
1.5750E-06 6.6667E-07
6.9665E-07 6.6667E-07
1.7193E-06 6.6667E-07
9.9875E-07 6.6667E-07
1.0113E-06 6.6667E-07
1.6241E-06 6.6667E-07
6.8757E-07 6.6667E-07
1.7419E-06 6.6667E-07
8.4863E-07 6.6667E-07
1.0337E-06 6.6667E-07
1.1095E-06 6.6667E-07
1.4696E-06 6.6667E-07
1.1358E-06 6.6667E-07
1.4658E-06 6.6667E-07
8.2627E-07 6.6667E-07
1.2292E-06 6.6667E-07
1.2129E-06 6.6667E-07
7.9093E-07 6.6667E-07
1.7915E-06 6.6667E-07
1.0117E-06 6.6667E-07
1.3211E-06 6.6667E-07
1.0953E-06 6.6667E-07
1.1828E-06 6.6667E-07
6.8181E-07 6.6667E-07
2.0469E-06 6.6667E-07
8.1631E-07 6.6667E-07
1.0762E-06 6.6667E-07
1.5326E-06 6.6667E-07
6.1678E-07 6.6667E-07
2.1926E-06 6.6667E-07
7.2848E-07 6.6667E-07
1.0536E-06 6.6667E-07
1.6134E-06 6.6667E-07
1.5791E-06 6.6667E-07
1.3560E-06 6.6667E-07
1.3244E-06 6.6667E-07
9.6483E-07 6.6667E-07
1.7414E-06 6.6667E-07
1.2717E-06 6.6667E-07
1.3061E-06 6.6667E-07
1.2157E-06 6.6667E-07
1.2784E-06 6.6667E-07
1.2918E-06 6.6667E-07
9.5987E-07 6.6667E-07
1.3013E-06 6.6667E-07
8.9626E-07 6.6667E-07
9.8277E-07 6.6667E-07
1.3916E-06 6.6667E-07
7.5122E-07 6.6667E-07
1.1669E-06 6.6667E-07
5.5130E-07 6.6667E-07
2.1023E-06 6.6667E-07
5.8736E-07 6.6667E-07
2.0303E-03 6.6667E-07
6.7095E-03 6.6667E-07
1.9349E-03 6.6667E-07
2.4471E-03 6.6667E-07
3.7431E-04 6.6667E-07
1.0019E-03 6.6667E-07
3.0895E-04 6.6667E-07
3.8625E-04 6.6667E-07
9.8967E-05 6.6667E-07
2.2842E-04 6.6667E-07
1.0008E-04 6.6667E-07
1.3204E-04 6.6667E-07
1.6510E-04 6.6667E-07
5.0207E-05 6.6667E-07
1.4186E-04 6.6667E-07
5.6658E-05 6.6667E-07
6.9395E-05 6.6667E-07
8.7079E-05 6.6667E-07
2.9150E-05 6.6667E-07
8.0495E-05 6.6667E-07
2.7051E-05 6.6667E-07
4.9601E-05 6.6667E-07
6.5666E-05 6.6667E-07
6.3298E-05 6.6667E-07
3.5950E-05 6.6667E-07
3.4956E-05 6.6667E-07
3.0067E-05 6.6667E-07
4.9847E-05 6.6667E-07
2.1566E-05 6.6667E-07
2.7685E-05 6.6667E-07
1.9483E-05 6.6667E-07
2.5118E-05 6.6667E-07
3.2358E-05 6.6667E-07
3.3357E-05 6.6667E-07
2.1578E-05 6.6667E-07
2.5879E-05 6.6667E-07
2.3154E-05 6.6667E-07
2.4728E-05 6.6667E-07
2.9096E-05 6.6667E-07
1.4863E-05 6.6667E-07
1.5339E-05 6.6667E-07
2.1656E-05 6.6667E-07
1.4236E-05 6.6667E-07
1.0240E-05 6.6667E-07
2.4379E-05 6.6667E-07
1.1802E-05 6.6667E-07
1.6763E-05 6.6667E-07
1.7409E-05 6.6667E-07
1.7863E-05 6.6667E-07
1.1989E-05 6.6667E-07
1.8554E-05 6.6667E-07
1.4507E-05 6.6667E-07
1.3229E-05 6.6667E-07
1.5114E-05 6.6667E-07
1.1418E-05 6.6667E-07
1.4289E-05 6.6667E-07
1.1482E-05 6.6667E-07
1.0594E-05 6.6667E-07
1.6662E-05 6.6667E-07
8.9962E-06 6.6667E-07
1.8252E-05 6.6667E-07
8.2621E-06 6.6667E-07
9.6022E-06 6.6667E-07
1.4525E-05 6.6667E-07
6.4800E-06 6.6667E-07
1.7832E-05 6.6667E-07
6.8325E-06 6.6667E-07
8.2520E-06 6.6667E-07
1.0223E-05 6.6667E-07
1.1984E-05 6.6667E-07
7.2359E-06 6.6667E-07
7.9932E-06 6.6667E-07
7.2446E-06 6.6667E-07
8.1682E-06 6.6667E-07
8.1660E-06 6.6667E-07
8.3740E-06 6.6667E-07
5.4643E-06 6.6667E-07
1.3623E-05 6.6667E-07
4.4153E-06 6.6667E-07
5.1008E-06 6.6667E-07
6.0558E-06 6.6667E-07
4.9258E-06 6.6667E-07
7.7811E-06 6.6667E-07
6.8552E-06 6.6667E-07
6.2435E-06 6.6667E-07
4.1798E-06 6.6667E-07
4.7339E-06 6.6667E-07
4.0214E-06 6.6667E-07
5.1507E-06 6.6667E-07
4.4897E-06 6.6667E-07
4.6225E-06 6.6667E-07
6.1353E-06 6.6667E-07
4.8296E-06 6.6667E-07
3.7663E-06 6.6667E-07
3.3444E-06 6.6667E-07
5.0395E-06 6.6667E-07
4.8452E-06 6.6667E-07
3.6741E-06 6.6667E-07
2.9484E-06 6.6667E-07
2.5911E-06 6.6667E-07
3.7613E-06 6.6667E-07
5.1701E-06 6.6667E-07
2.7618E-06 6.6667E-07
2.2568E-06 6.6667E-07
1.8642E-06 6.6667E-07
6.0147E-06 6.6667E-07
3.6720E-06 6.6667E-07
3.1924E-06 6.6667E-07
1.9593E-06 6.6667E-07
3.4571E-06 6.6667E-07
9.4212E-06 6.6667E-07
2.6958E-06 6.6667E-07
3.0238E-06 6.6667E-07
3.1179E-06 6.6667E-07
2.5080E-06 6.6667E-07
3.1285E-06 6.6667E-07
2.8593E-06 6.6667E-07
1.7523E-06 6.6667E-07
1.5820E-06 6.6667E-07
3.1797E-06 6.6667E-07
3.1703E-06 6.6667E-07
1.9836E-06 6.6667E-07
2.5301E-06 6.6667E-07
1.1943E-06 6.6667E-07
1.6645E-07 6.6667E-07
4.1003E-08 6.6667E-07
1.1137E-08 6.6667E-07
5.3950E-09 6.6667E-07
4.1881E-09 6.6667E-07
8.7368E-10 6.6667E-07
3.5243E-12 6.6667E-07
5.1715E-06 6.6667E-07
7.1091E-07 6.6667E-07
5.5593E-06 6.6667E-07
9.2996E-07 6.6667E-07
1.6164E-06 6.6667E-07
3.2222E-07 6.6667E-07
