RMS Grad   Target
1.3081E-02 2.0000E-04
1.2834E-02 2.0000E-04
1.1013E-02 2.0000E-04
8.2078E-03 2.0000E-04
5.5332E-03 2.0000E-04
3.7004E-03 2.0000E-04
2.8195E-03 2.0000E-04
2.7386E-03 2.0000E-04
2.9892E-03 2.0000E-04
3.2058E-03 2.0000E-04
3.4290E-03 2.0000E-04
3.5876E-03 2.0000E-04
3.5795E-03 2.0000E-04
3.5992E-03 2.0000E-04
3.5363E-03 2.0000E-04
3.3875E-03 2.0000E-04
3.3497E-03 2.0000E-04
3.1546E-03 2.0000E-04
2.9994E-03 2.0000E-04
2.8192E-03 2.0000E-04
2.5984E-03 2.0000E-04
2.4662E-03 2.0000E-04
2.2428E-03 2.0000E-04
2.0794E-03 2.0000E-04
1.9251E-03 2.0000E-04
1.7323E-03 2.0000E-04
1.5920E-03 2.0000E-04
1.4993E-03 2.0000E-04
1.3502E-03 2.0000E-04
1.2762E-03 2.0000E-04
1.2419E-03 2.0000E-04
1.1618E-03 2.0000E-04
1.2143E-03 2.0000E-04
1.1676E-03 2.0000E-04
1.2422E-03 2.0000E-04
1.2086E-03 2.0000E-04
1.2588E-03 2.0000E-04
1.2484E-03 2.0000E-04
1.2589E-03 2.0000E-04
1.3354E-03 2.0000E-04
1.3212E-03 2.0000E-04
1.4805E-03 2.0000E-04
1.4640E-03 2.0000E-04
1.6968E-03 2.0000E-04
1.6562E-03 2.0000E-04
1.8188E-03 2.0000E-04
1.7508E-03 2.0000E-04
1.7644E-03 2.0000E-04
1.6762E-03 2.0000E-04
1.6929E-03 2.0000E-04
1.5988E-03 2.0000E-04
1.5880E-03 2.0000E-04
1.4909E-03 2.0000E-04
1.4520E-03 2.0000E-04
1.3530E-03 2.0000E-04
1.3023E-03 2.0000E-04
1.2044E-03 2.0000E-04
1.2054E-03 2.0000E-04
1.1065E-03 2.0000E-04
1.1289E-03 2.0000E-04
1.0460E-03 2.0000E-04
1.1159E-03 2.0000E-04
1.0477E-03 2.0000E-04
1.2000E-03 2.0000E-04
1.1370E-03 2.0000E-04
1.2821E-03 2.0000E-04
1.2030E-03 2.0000E-04
1.3245E-03 2.0000E-04
1.2358E-03 2.0000E-04
1.2995E-03 2.0000E-04
1.2036E-03 2.0000E-04
1.2353E-03 2.0000E-04
1.1377E-03 2.0000E-04
1.1430E-03 2.0000E-04
1.0395E-03 2.0000E-04
1.0375E-03 2.0000E-04
9.3787E-04 2.0000E-04
9.3165E-04 2.0000E-04
8.3859E-04 2.0000E-04
8.1503E-04 2.0000E-04
7.6022E-04 2.0000E-04
7.1879E-04 2.0000E-04
7.1968E-04 2.0000E-04
6.9374E-04 2.0000E-04
7.3714E-04 2.0000E-04
7.1216E-04 2.0000E-04
8.4706E-04 2.0000E-04
8.1329E-04 2.0000E-04
1.0628E-03 2.0000E-04
1.0087E-03 2.0000E-04
1.2096E-03 2.0000E-04
1.1165E-03 2.0000E-04
1.2124E-03 2.0000E-04
1.1005E-03 2.0000E-04
1.2081E-03 2.0000E-04
1.0957E-03 2.0000E-04
1.1348E-03 2.0000E-04
1.0263E-03 2.0000E-04
1.0938E-03 2.0000E-04
9.9540E-04 2.0000E-04
1.0562E-03 2.0000E-04
9.4978E-04 2.0000E-04
9.9525E-04 2.0000E-04
8.8975E-04 2.0000E-04
9.1370E-04 2.0000E-04
8.2217E-04 2.0000E-04
8.2383E-04 2.0000E-04
7.5370E-04 2.0000E-04
7.1924E-04 2.0000E-04
6.4711E-04 2.0000E-04
6.4796E-04 2.0000E-04
5.8506E-04 2.0000E-04
6.0039E-04 2.0000E-04
5.7886E-04 2.0000E-04
5.7422E-04 2.0000E-04
5.9837E-04 2.0000E-04
5.8389E-04 2.0000E-04
6.5200E-04 2.0000E-04
6.2254E-04 2.0000E-04
7.7917E-04 2.0000E-04
7.0673E-04 2.0000E-04
9.2041E-04 2.0000E-04
8.0692E-04 2.0000E-04
8.7714E-04 2.0000E-04
7.4702E-04 2.0000E-04
7.1348E-04 2.0000E-04
6.1588E-04 2.0000E-04
5.9135E-04 2.0000E-04
5.9573E-04 2.0000E-04
5.7227E-04 2.0000E-04
7.6319E-04 2.0000E-04
6.6819E-04 2.0000E-04
9.4711E-04 2.0000E-04
6.9495E-04 2.0000E-04
8.8065E-04 2.0000E-04
6.3069E-04 2.0000E-04
6.6596E-04 2.0000E-04
5.4687E-04 2.0000E-04
5.8467E-04 2.0000E-04
5.1982E-04 2.0000E-04
5.2755E-04 2.0000E-04
5.0511E-04 2.0000E-04
4.8833E-04 2.0000E-04
5.1230E-04 2.0000E-04
4.6826E-04 2.0000E-04
5.3270E-04 2.0000E-04
4.7553E-04 2.0000E-04
5.1741E-04 2.0000E-04
5.0425E-04 2.0000E-04
5.3452E-04 2.0000E-04
5.6732E-04 2.0000E-04
5.2519E-04 2.0000E-04
7.2181E-04 2.0000E-04
5.4149E-04 2.0000E-04
8.9547E-04 2.0000E-04
5.2464E-04 2.0000E-04
5.3053E-04 2.0000E-04
4.9424E-04 2.0000E-04
5.4673E-04 2.0000E-04
5.2750E-04 2.0000E-04
5.1958E-04 2.0000E-04
5.0751E-04 2.0000E-04
4.6381E-04 2.0000E-04
5.2738E-04 2.0000E-04
4.5385E-04 2.0000E-04
5.7218E-04 2.0000E-04
4.9753E-04 2.0000E-04
5.9890E-04 2.0000E-04
5.1031E-04 2.0000E-04
5.2699E-04 2.0000E-04
4.4799E-04 2.0000E-04
4.6117E-04 2.0000E-04
4.4127E-04 2.0000E-04
4.5539E-04 2.0000E-04
5.3289E-04 2.0000E-04
4.6285E-04 2.0000E-04
6.4188E-04 2.0000E-04
4.6242E-04 2.0000E-04
7.2804E-04 2.0000E-04
5.1330E-04 2.0000E-04
6.9105E-04 2.0000E-04
5.5468E-04 2.0000E-04
4.8476E-04 2.0000E-04
4.4655E-04 2.0000E-04
5.0147E-04 2.0000E-04
4.1197E-04 2.0000E-04
4.2707E-04 2.0000E-04
3.7559E-04 2.0000E-04
3.6675E-04 2.0000E-04
4.5485E-04 2.0000E-04
4.0030E-04 2.0000E-04
6.2678E-04 2.0000E-04
4.8935E-04 2.0000E-04
7.4306E-04 2.0000E-04
4.9980E-04 2.0000E-04
5.7039E-04 2.0000E-04
5.8179E-04 2.0000E-04
5.5365E-04 2.0000E-04
8.0786E-04 2.0000E-04
4.2127E-04 2.0000E-04
4.1258E-04 2.0000E-04
4.2918E-04 2.0000E-04
5.0768E-04 2.0000E-04
4.4476E-04 2.0000E-04
5.7902E-04 2.0000E-04
4.7871E-04 2.0000E-04
4.9402E-04 2.0000E-04
3.7227E-04 2.0000E-04
4.1157E-04 2.0000E-04
3.5553E-04 2.0000E-04
4.6514E-04 2.0000E-04
5.4841E-04 2.0000E-04
4.9552E-04 2.0000E-04
1.0860E-03 2.0000E-04
4.4133E-04 2.0000E-04
3.7337E-04 2.0000E-04
4.5326E-04 2.0000E-04
8.0492E-04 2.0000E-04
6.4588E-04 2.0000E-04
4.8055E-04 2.0000E-04
4.0217E-04 2.0000E-04
3.5101E-04 2.0000E-04
3.6462E-04 2.0000E-04
4.0121E-04 2.0000E-04
3.8552E-04 2.0000E-04
4.4384E-04 2.0000E-04
3.9326E-04 2.0000E-04
4.6950E-04 2.0000E-04
3.6795E-04 2.0000E-04
5.6671E-04 2.0000E-04
3.9884E-04 2.0000E-04
4.7470E-04 2.0000E-04
6.2648E-04 2.0000E-04
4.4772E-04 2.0000E-04
7.7382E-04 2.0000E-04
4.3875E-04 2.0000E-04
4.6816E-04 2.0000E-04
5.3516E-04 2.0000E-04
5.5002E-04 2.0000E-04
4.6984E-04 2.0000E-04
4.8016E-04 2.0000E-04
3.7089E-04 2.0000E-04
3.8493E-04 2.0000E-04
3.1590E-04 2.0000E-04
4.6622E-04 2.0000E-04
3.9425E-04 2.0000E-04
5.7001E-04 2.0000E-04
4.2009E-04 2.0000E-04
4.8397E-04 2.0000E-04
7.9835E-04 2.0000E-04
3.7636E-04 2.0000E-04
3.4071E-04 2.0000E-04
4.7882E-04 2.0000E-04
5.8914E-04 2.0000E-04
4.5280E-04 2.0000E-04
3.9053E-04 2.0000E-04
3.2747E-04 2.0000E-04
3.6140E-04 2.0000E-04
3.8209E-04 2.0000E-04
4.3322E-04 2.0000E-04
4.3146E-04 2.0000E-04
4.4777E-04 2.0000E-04
3.9781E-04 2.0000E-04
4.3063E-04 2.0000E-04
3.5064E-04 2.0000E-04
5.5554E-04 2.0000E-04
5.2820E-04 2.0000E-04
5.6146E-04 2.0000E-04
8.5333E-04 2.0000E-04
4.6188E-04 2.0000E-04
4.0926E-04 2.0000E-04
4.1014E-04 2.0000E-04
4.5486E-04 2.0000E-04
3.7172E-04 2.0000E-04
4.6668E-04 2.0000E-04
4.2653E-04 2.0000E-04
4.8670E-04 2.0000E-04
7.8109E-04 2.0000E-04
3.8764E-04 2.0000E-04
3.6733E-04 2.0000E-04
4.5102E-04 2.0000E-04
4.6086E-04 2.0000E-04
3.8034E-04 2.0000E-04
3.5068E-04 2.0000E-04
3.1871E-04 2.0000E-04
3.7839E-04 2.0000E-04
4.3356E-04 2.0000E-04
4.4029E-04 2.0000E-04
5.2548E-04 2.0000E-04
4.2517E-04 2.0000E-04
5.7309E-04 2.0000E-04
4.3941E-04 2.0000E-04
5.3575E-04 2.0000E-04
3.9531E-04 2.0000E-04
3.8789E-04 2.0000E-04
3.6409E-04 2.0000E-04
3.8212E-04 2.0000E-04
3.8641E-04 2.0000E-04
3.6553E-04 2.0000E-04
4.1825E-04 2.0000E-04
4.1264E-04 2.0000E-04
5.0390E-04 2.0000E-04
4.6483E-04 2.0000E-04
5.1391E-04 2.0000E-04
4.2986E-04 2.0000E-04
4.4634E-04 2.0000E-04
4.3207E-04 2.0000E-04
4.3072E-04 2.0000E-04
3.7192E-04 2.0000E-04
3.1131E-04 2.0000E-04
2.7922E-04 2.0000E-04
3.9276E-04 2.0000E-04
3.4559E-04 2.0000E-04
3.8973E-04 2.0000E-04
4.0331E-04 2.0000E-04
5.4310E-04 2.0000E-04
6.4707E-04 2.0000E-04
4.7887E-04 2.0000E-04
3.8256E-04 2.0000E-04
2.9296E-04 2.0000E-04
3.8241E-04 2.0000E-04
4.7295E-04 2.0000E-04
4.4879E-04 2.0000E-04
4.3426E-04 2.0000E-04
2.9185E-04 2.0000E-04
3.0155E-04 2.0000E-04
3.6228E-04 2.0000E-04
4.5042E-04 2.0000E-04
4.2786E-04 2.0000E-04
6.2025E-04 2.0000E-04
5.0987E-04 2.0000E-04
3.3343E-04 2.0000E-04
3.8616E-04 2.0000E-04
3.7306E-04 2.0000E-04
3.7018E-04 2.0000E-04
3.8809E-04 2.0000E-04
3.3726E-04 2.0000E-04
4.3288E-04 2.0000E-04
3.2703E-04 2.0000E-04
4.2417E-04 2.0000E-04
3.8194E-04 2.0000E-04
3.9056E-04 2.0000E-04
4.5717E-04 2.0000E-04
5.5420E-04 2.0000E-04
4.0544E-04 2.0000E-04
4.1624E-04 2.0000E-04
3.5336E-04 2.0000E-04
3.2248E-04 2.0000E-04
2.8915E-04 2.0000E-04
3.5909E-04 2.0000E-04
3.4900E-04 2.0000E-04
5.2814E-04 2.0000E-04
4.1445E-04 2.0000E-04
3.9867E-04 2.0000E-04
4.7073E-04 2.0000E-04
3.2337E-04 2.0000E-04
2.6831E-04 2.0000E-04
4.2763E-04 2.0000E-04
3.6341E-04 2.0000E-04
3.2115E-04 2.0000E-04
3.3161E-04 2.0000E-04
3.1214E-04 2.0000E-04
2.4098E-04 2.0000E-04
2.9973E-04 2.0000E-04
4.3666E-04 2.0000E-04
2.8319E-04 2.0000E-04
2.4833E-04 2.0000E-04
3.0121E-04 2.0000E-04
3.2540E-04 2.0000E-04
4.3443E-04 2.0000E-04
2.5072E-04 2.0000E-04
2.8111E-04 2.0000E-04
3.2173E-04 2.0000E-04
4.7460E-04 2.0000E-04
2.7082E-04 2.0000E-04
2.5078E-04 2.0000E-04
2.8815E-04 2.0000E-04
4.9806E-04 2.0000E-04
2.5028E-04 2.0000E-04
2.1720E-04 2.0000E-04
2.7363E-04 2.0000E-04
5.5092E-04 2.0000E-04
2.6182E-04 2.0000E-04
2.2711E-04 2.0000E-04
3.0276E-04 2.0000E-04
3.0273E-04 2.0000E-04
3.5455E-04 2.0000E-04
3.1996E-04 2.0000E-04
2.7332E-04 2.0000E-04
3.7632E-04 2.0000E-04
3.4344E-04 2.0000E-04
2.9365E-04 2.0000E-04
3.2915E-04 2.0000E-04
3.9121E-04 2.0000E-04
3.8000E-04 2.0000E-04
3.4186E-04 2.0000E-04
3.6611E-04 2.0000E-04
6.9350E-04 2.0000E-04
3.5665E-04 2.0000E-04
2.7394E-04 2.0000E-04
3.4727E-04 2.0000E-04
4.5712E-04 2.0000E-04
4.5693E-04 2.0000E-04
2.8752E-04 2.0000E-04
3.6200E-04 2.0000E-04
4.7834E-04 2.0000E-04
3.4959E-04 2.0000E-04
3.5099E-04 2.0000E-04
3.5162E-04 2.0000E-04
3.5571E-04 2.0000E-04
5.2515E-04 2.0000E-04
3.9588E-04 2.0000E-04
3.3077E-04 2.0000E-04
4.3597E-04 2.0000E-04
3.5582E-04 2.0000E-04
3.3421E-04 2.0000E-04
4.9524E-04 2.0000E-04
3.3270E-04 2.0000E-04
2.8675E-04 2.0000E-04
4.0526E-04 2.0000E-04
3.9671E-04 2.0000E-04
3.5597E-04 2.0000E-04
3.4705E-04 2.0000E-04
3.4341E-04 2.0000E-04
3.0915E-04 2.0000E-04
3.2808E-04 2.0000E-04
3.8939E-04 2.0000E-04
3.1193E-04 2.0000E-04
3.3412E-04 2.0000E-04
3.8244E-04 2.0000E-04
2.7221E-04 2.0000E-04
2.8522E-04 2.0000E-04
4.2305E-04 2.0000E-04
2.6980E-04 2.0000E-04
2.5751E-04 2.0000E-04
3.3343E-04 2.0000E-04
2.7371E-04 2.0000E-04
4.0726E-04 2.0000E-04
2.5413E-04 2.0000E-04
2.3074E-04 2.0000E-04
3.2581E-04 2.0000E-04
4.1856E-04 2.0000E-04
2.3389E-04 2.0000E-04
2.2688E-04 2.0000E-04
2.7609E-04 2.0000E-04
4.0240E-04 2.0000E-04
2.5757E-04 2.0000E-04
2.6994E-04 2.0000E-04
3.4606E-04 2.0000E-04
3.6308E-04 2.0000E-04
2.9022E-04 2.0000E-04
3.5379E-04 2.0000E-04
3.7915E-04 2.0000E-04
3.1979E-04 2.0000E-04
4.2523E-04 2.0000E-04
3.9754E-04 2.0000E-04
4.2662E-04 2.0000E-04
2.8560E-04 2.0000E-04
3.2332E-04 2.0000E-04
4.0332E-04 2.0000E-04
4.3204E-04 2.0000E-04
3.7415E-04 2.0000E-04
3.6663E-04 2.0000E-04
3.6515E-04 2.0000E-04
3.0131E-04 2.0000E-04
3.2022E-04 2.0000E-04
3.0848E-04 2.0000E-04
3.1565E-04 2.0000E-04
3.3496E-04 2.0000E-04
2.8710E-04 2.0000E-04
2.6214E-04 2.0000E-04
3.0785E-04 2.0000E-04
2.2895E-04 2.0000E-04
2.2921E-04 2.0000E-04
2.7382E-04 2.0000E-04
2.0884E-04 2.0000E-04
2.0120E-04 2.0000E-04
1.9715E-04 2.0000E-04
1.8368E-04 2.0000E-04
2.0194E-04 2.0000E-04
1.8822E-04 2.0000E-04
1.5557E-04 2.0000E-04
1.7096E-04 2.0000E-04
1.9558E-04 2.0000E-04
1.4318E-04 2.0000E-04
1.3443E-04 2.0000E-04
1.9328E-04 2.0000E-04
1.6571E-04 2.0000E-04
1.3992E-04 2.0000E-04
1.4951E-04 2.0000E-04
2.0305E-04 2.0000E-04
1.4890E-04 2.0000E-04
1.6247E-04 2.0000E-04
2.2368E-04 2.0000E-04
1.7056E-04 2.0000E-04
1.9346E-04 2.0000E-04
2.4023E-04 2.0000E-04
1.8887E-04 2.0000E-04
2.2094E-04 2.0000E-04
3.4348E-04 2.0000E-04
2.0516E-04 2.0000E-04
1.8872E-04 2.0000E-04
1.6886E-04 2.0000E-04
2.2773E-04 2.0000E-04
2.9433E-04 2.0000E-04
1.6044E-04 2.0000E-04
1.4413E-04 2.0000E-04
1.6696E-04 2.0000E-04
2.6070E-04 2.0000E-04
1.4160E-04 2.0000E-04
1.3712E-04 2.0000E-04
1.5618E-04 2.0000E-04
3.7491E-04 2.0000E-04
1.3381E-04 2.0000E-04
1.1249E-04 2.0000E-04
1.4744E-04 2.0000E-04
2.0339E-04 2.0000E-04
2.9428E-04 2.0000E-04
1.2351E-04 2.0000E-04
1.2570E-04 2.0000E-04
1.7838E-04 2.0000E-04
2.4715E-04 2.0000E-04
1.8234E-04 2.0000E-04
1.3151E-04 2.0000E-04
1.5482E-04 2.0000E-04
2.2030E-04 2.0000E-04
1.7170E-04 2.0000E-04
1.7303E-04 2.0000E-04
1.8688E-04 2.0000E-04
1.8738E-04 2.0000E-04
2.0506E-04 2.0000E-04
2.0790E-04 2.0000E-04
1.8985E-04 2.0000E-04
2.3282E-04 2.0000E-04
2.3884E-04 2.0000E-04
1.7577E-04 2.0000E-04
2.0702E-04 2.0000E-04
2.6260E-04 2.0000E-04
2.7145E-04 2.0000E-04
2.7133E-04 2.0000E-04
1.9148E-04 2.0000E-04
1.6479E-04 2.0000E-04
2.0818E-04 2.0000E-04
3.3913E-04 2.0000E-04
1.7529E-04 2.0000E-04
1.4956E-04 2.0000E-04
1.7008E-04 2.0000E-04
4.3206E-04 2.0000E-04
1.5972E-04 2.0000E-04
1.2779E-04 2.0000E-04
1.6633E-04 2.0000E-04
2.4753E-04 2.0000E-04
1.7848E-04 2.0000E-04
1.3978E-04 2.0000E-04
1.7584E-04 2.0000E-04
1.9271E-04 2.0000E-04
1.6367E-04 2.0000E-04
2.4575E-04 2.0000E-04
1.5792E-04 2.0000E-04
1.5570E-04 2.0000E-04
1.9031E-04 2.0000E-04
3.2845E-04 2.0000E-04
1.4848E-04 2.0000E-04
1.4510E-04 2.0000E-04
1.8108E-04 2.0000E-04
2.0587E-04 2.0000E-04
1.6135E-04 2.0000E-04
1.5832E-04 2.0000E-04
1.8104E-04 2.0000E-04
1.6344E-04 2.0000E-04
1.5061E-04 2.0000E-04
1.5096E-04 2.0000E-04
1.7664E-04 2.0000E-04
1.8192E-04 2.0000E-04
1.3569E-04 2.0000E-04
1.3916E-04 2.0000E-04
1.8941E-04 2.0000E-04
1.4095E-04 2.0000E-04
1.3399E-04 2.0000E-04
1.6234E-04 2.0000E-04
1.6311E-04 2.0000E-04
1.4806E-04 2.0000E-04
1.5736E-04 2.0000E-04
1.4444E-04 2.0000E-04
1.4952E-04 2.0000E-04
2.0593E-04 2.0000E-04
1.5399E-04 2.0000E-04
1.6163E-04 2.0000E-04
1.7345E-04 2.0000E-04
1.5664E-04 2.0000E-04
1.4581E-04 2.0000E-04
1.8072E-04 2.0000E-04
1.9640E-04 2.0000E-04
1.3811E-04 2.0000E-04
1.4233E-04 2.0000E-04
1.6455E-04 2.0000E-04
1.5192E-04 2.0000E-04
1.9728E-04 2.0000E-04
1.3772E-04 2.0000E-04
1.5045E-04 2.0000E-04
1.6777E-04 2.0000E-04
1.4199E-04 2.0000E-04
1.4214E-04 2.0000E-04
1.4940E-04 2.0000E-04
1.5383E-04 2.0000E-04
1.7790E-04 2.0000E-04
1.4514E-04 2.0000E-04
1.5830E-04 2.0000E-04
1.9537E-04 2.0000E-04
1.5789E-04 2.0000E-04
1.5128E-04 2.0000E-04
1.7470E-04 2.0000E-04
1.9703E-04 2.0000E-04
1.5268E-04 2.0000E-04
1.5963E-04 2.0000E-04
1.8929E-04 2.0000E-04
1.5995E-04 2.0000E-04
1.9382E-04 2.0000E-04
1.7587E-04 2.0000E-04
1.8695E-04 2.0000E-04
1.7866E-04 2.0000E-04
1.7471E-04 2.0000E-04
1.5190E-04 2.0000E-04
1.6153E-04 2.0000E-04
2.5614E-04 2.0000E-04
1.3703E-04 2.0000E-04
1.2477E-04 2.0000E-04
1.5375E-04 2.0000E-04
1.9368E-04 2.0000E-04
1.5248E-04 2.0000E-04
1.2485E-04 2.0000E-04
1.4628E-04 2.0000E-04
2.3164E-04 2.0000E-04
1.2991E-04 2.0000E-04
1.0576E-04 2.0000E-04
1.1093E-04 2.0000E-04
1.8433E-04 2.0000E-04
1.3188E-04 2.0000E-04
1.0723E-04 2.0000E-04
1.2591E-04 2.0000E-04
1.4747E-04 2.0000E-04
1.1720E-04 2.0000E-04
1.4839E-04 2.0000E-04
1.2479E-04 2.0000E-04
1.2162E-04 2.0000E-04
2.0902E-04 2.0000E-04
1.3145E-04 2.0000E-04
1.3175E-04 2.0000E-04
1.8160E-04 2.0000E-04
2.3004E-04 2.0000E-04
1.3229E-04 2.0000E-04
1.1540E-04 2.0000E-04
1.4245E-04 2.0000E-04
3.3675E-04 2.0000E-04
1.3847E-04 2.0000E-04
1.2964E-04 2.0000E-04
1.6218E-04 2.0000E-04
3.3692E-04 2.0000E-04
1.8370E-04 2.0000E-04
1.5076E-04 2.0000E-04
1.3183E-04 2.0000E-04
1.6624E-04 2.0000E-04
2.3299E-04 2.0000E-04
1.4129E-04 2.0000E-04
1.5500E-04 2.0000E-04
1.7057E-04 2.0000E-04
1.4251E-04 2.0000E-04
2.4921E-04 2.0000E-04
1.3951E-04 2.0000E-04
1.3120E-04 2.0000E-04
1.6379E-04 2.0000E-04
3.0553E-04 2.0000E-04
1.5315E-04 2.0000E-04
1.2229E-04 2.0000E-04
1.4532E-04 2.0000E-04
1.5047E-04 2.0000E-04
3.3150E-04 2.0000E-04
1.1573E-04 2.0000E-04
1.0644E-04 2.0000E-04
1.3212E-04 2.0000E-04
2.5678E-04 2.0000E-04
1.2466E-04 2.0000E-04
9.3948E-05 2.0000E-04
1.1975E-04 2.0000E-04
2.0544E-04 2.0000E-04
1.2339E-04 2.0000E-04
9.7497E-05 2.0000E-04
1.3628E-04 2.0000E-04
1.3259E-04 2.0000E-04
2.1433E-04 2.0000E-04
1.0235E-04 2.0000E-04
9.7307E-05 2.0000E-04
1.2126E-04 2.0000E-04
2.6787E-04 2.0000E-04
1.1979E-04 2.0000E-04
9.5593E-05 2.0000E-04
1.0907E-04 2.0000E-04
2.1298E-04 2.0000E-04
1.0941E-04 2.0000E-04
9.4759E-05 2.0000E-04
1.1264E-04 2.0000E-04
1.5017E-04 2.0000E-04
1.0697E-04 2.0000E-04
8.7967E-05 2.0000E-04
1.0607E-04 2.0000E-04
1.2517E-04 2.0000E-04
9.7863E-05 2.0000E-04
1.0666E-04 2.0000E-04
1.1124E-04 2.0000E-04
9.4685E-05 2.0000E-04
1.3313E-04 2.0000E-04
1.3408E-04 2.0000E-04
1.0491E-04 2.0000E-04
1.4455E-04 2.0000E-04
1.4144E-04 2.0000E-04
1.1113E-04 2.0000E-04
1.3535E-04 2.0000E-04
1.2211E-04 2.0000E-04
1.3045E-04 2.0000E-04
2.9431E-04 2.0000E-04
1.2856E-04 2.0000E-04
1.0735E-04 2.0000E-04
1.4818E-04 2.0000E-04
2.3386E-04 2.0000E-04
1.4407E-04 2.0000E-04
1.3353E-04 2.0000E-04
1.6950E-04 2.0000E-04
1.5205E-04 2.0000E-04
1.4251E-04 2.0000E-04
1.5556E-04 2.0000E-04
1.3156E-04 2.0000E-04
1.4148E-04 2.0000E-04
1.9106E-04 2.0000E-04
1.3296E-04 2.0000E-04
1.6349E-04 2.0000E-04
1.0467E-04 2.0000E-04
9.2787E-05 2.0000E-04
1.2064E-04 2.0000E-04
1.3755E-04 2.0000E-04
9.4415E-05 2.0000E-04
9.9743E-05 2.0000E-04
1.3204E-04 2.0000E-04
1.0652E-04 2.0000E-04
1.1918E-04 2.0000E-04
1.0594E-04 2.0000E-04
1.0600E-04 2.0000E-04
1.5240E-04 2.0000E-04
1.3661E-04 2.0000E-04
1.0959E-04 2.0000E-04
9.5563E-05 2.0000E-04
1.0533E-04 2.0000E-04
1.3294E-04 2.0000E-04
1.0141E-04 2.0000E-04
9.1298E-05 2.0000E-04
1.1968E-04 2.0000E-04
1.2505E-04 2.0000E-04
9.4581E-05 2.0000E-04
1.1118E-04 2.0000E-04
1.4773E-04 2.0000E-04
1.1525E-04 2.0000E-04
1.1796E-04 2.0000E-04
1.3132E-04 2.0000E-04
1.1201E-04 2.0000E-04
1.5957E-04 2.0000E-04
1.5186E-04 2.0000E-04
1.1574E-04 2.0000E-04
1.1474E-04 2.0000E-04
1.4424E-04 2.0000E-04
1.2794E-04 2.0000E-04
2.3147E-04 2.0000E-04
1.4225E-04 2.0000E-04
1.5492E-04 2.0000E-04
1.4070E-04 2.0000E-04
1.5167E-04 2.0000E-04
1.6249E-04 2.0000E-04
1.5196E-04 2.0000E-04
1.3341E-04 2.0000E-04
2.0918E-04 2.0000E-04
1.3856E-04 2.0000E-04
1.3035E-04 2.0000E-04
2.5168E-04 2.0000E-04
1.5761E-04 2.0000E-04
1.8875E-04 2.0000E-04
1.2822E-04 2.0000E-04
1.3517E-04 2.0000E-04
1.7508E-04 2.0000E-04
1.3782E-04 2.0000E-04
1.3139E-04 2.0000E-04
1.5906E-04 2.0000E-04
1.3529E-04 2.0000E-04
1.3046E-04 2.0000E-04
1.5552E-04 2.0000E-04
1.4114E-04 2.0000E-04
1.7198E-04 2.0000E-04
1.6937E-04 2.0000E-04
1.3984E-04 2.0000E-04
1.6755E-04 2.0000E-04
2.6820E-04 2.0000E-04
1.9405E-04 2.0000E-04
3.1238E-04 2.0000E-04
2.2923E-04 2.0000E-04
1.7857E-04 2.0000E-04
2.1321E-04 2.0000E-04
2.9984E-04 2.0000E-04
4.0174E-04 2.0000E-04
2.2661E-04 2.0000E-04
2.4562E-04 2.0000E-04
3.5780E-04 2.0000E-04
3.2687E-04 2.0000E-04
2.6782E-04 2.0000E-04
2.2120E-04 2.0000E-04
2.5290E-04 2.0000E-04
2.9401E-04 2.0000E-04
2.4296E-04 2.0000E-04
1.9274E-04 2.0000E-04
2.0952E-04 2.0000E-04
3.8668E-04 2.0000E-04
2.0250E-04 2.0000E-04
2.9824E-04 2.0000E-04
2.0089E-04 2.0000E-04
1.6513E-04 2.0000E-04
1.9234E-04 2.0000E-04
2.7153E-04 2.0000E-04
1.8107E-04 2.0000E-04
1.8379E-04 2.0000E-04
2.5710E-04 2.0000E-04
1.9064E-04 2.0000E-04
1.9642E-04 2.0000E-04
2.4197E-04 2.0000E-04
2.1602E-04 2.0000E-04
4.2123E-04 2.0000E-04
2.1653E-04 2.0000E-04
2.2597E-04 2.0000E-04
2.9366E-04 2.0000E-04
3.6106E-04 2.0000E-04
2.3087E-04 2.0000E-04
2.1115E-04 2.0000E-04
2.7147E-04 2.0000E-04
2.0171E-04 2.0000E-04
3.1760E-04 2.0000E-04
2.0220E-04 2.0000E-04
1.6744E-04 2.0000E-04
2.0113E-04 2.0000E-04
3.5388E-04 2.0000E-04
1.9069E-04 2.0000E-04
1.6178E-04 2.0000E-04
1.8739E-04 2.0000E-04
2.4326E-04 2.0000E-04
1.9568E-04 2.0000E-04
1.6258E-04 2.0000E-04
1.6178E-04 2.0000E-04
2.2460E-04 2.0000E-04
2.2695E-04 2.0000E-04
1.4749E-04 2.0000E-04
1.3657E-04 2.0000E-04
1.9647E-04 2.0000E-04
1.5158E-04 2.0000E-04
2.1140E-04 2.0000E-04
1.6185E-04 2.0000E-04
1.7686E-04 2.0000E-04
1.3437E-04 2.0000E-04
1.3151E-04 2.0000E-04
1.7538E-04 2.0000E-04
1.6951E-04 2.0000E-04
1.2115E-04 2.0000E-04
1.2767E-04 2.0000E-04
1.6494E-04 2.0000E-04
1.2608E-04 2.0000E-04
1.4081E-04 2.0000E-04
1.8530E-04 2.0000E-04
1.1768E-04 2.0000E-04
1.3084E-04 2.0000E-04
1.2006E-04 2.0000E-04
1.0432E-04 2.0000E-04
1.6435E-04 2.0000E-04
1.1493E-04 2.0000E-04
9.2204E-05 2.0000E-04
9.6096E-05 2.0000E-04
1.5932E-04 2.0000E-04
9.5351E-05 2.0000E-04
7.9581E-05 2.0000E-04
1.0014E-04 2.0000E-04
1.0929E-04 2.0000E-04
1.3126E-04 2.0000E-04
8.2141E-05 2.0000E-04
8.0292E-05 2.0000E-04
1.2087E-04 2.0000E-04
8.9918E-05 2.0000E-04
8.2469E-05 2.0000E-04
1.0135E-04 2.0000E-04
9.8350E-05 2.0000E-04
8.5640E-05 2.0000E-04
1.0381E-04 2.0000E-04
9.5069E-05 2.0000E-04
8.1911E-05 2.0000E-04
9.5611E-05 2.0000E-04
1.1139E-04 2.0000E-04
7.8944E-05 2.0000E-04
7.3054E-05 2.0000E-04
1.0409E-04 2.0000E-04
8.0950E-05 2.0000E-04
1.1571E-04 2.0000E-04
8.2859E-05 2.0000E-04
7.3740E-05 2.0000E-04
1.0206E-04 2.0000E-04
9.7124E-05 2.0000E-04
7.7666E-05 2.0000E-04
9.4122E-05 2.0000E-04
1.2743E-04 2.0000E-04
8.3842E-05 2.0000E-04
7.6378E-05 2.0000E-04
1.0498E-04 2.0000E-04
9.7529E-05 2.0000E-04
2.2883E-04 2.0000E-04
1.0030E-04 2.0000E-04
1.2299E-04 2.0000E-04
1.3656E-04 2.0000E-04
1.0583E-04 2.0000E-04
1.3464E-04 2.0000E-04
1.5371E-04 2.0000E-04
1.2012E-04 2.0000E-04
1.5159E-04 2.0000E-04
1.8064E-04 2.0000E-04
1.2133E-04 2.0000E-04
1.7725E-04 2.0000E-04
1.1255E-04 2.0000E-04
8.1738E-05 2.0000E-04
9.9914E-05 2.0000E-04
1.1750E-04 2.0000E-04
1.7754E-04 2.0000E-04
7.7122E-05 2.0000E-04
7.9740E-05 2.0000E-04
9.5770E-05 2.0000E-04
2.3089E-04 2.0000E-04
8.6359E-05 2.0000E-04
5.9496E-05 2.0000E-04
7.4134E-05 2.0000E-04
8.4852E-05 2.0000E-04
1.2262E-04 2.0000E-04
5.9397E-05 2.0000E-04
5.6495E-05 2.0000E-04
7.4029E-05 2.0000E-04
1.2780E-04 2.0000E-04
6.0120E-05 2.0000E-04
5.1296E-05 2.0000E-04
5.9739E-05 2.0000E-04
1.2592E-04 2.0000E-04
5.4638E-05 2.0000E-04
4.6093E-05 2.0000E-04
5.7077E-05 2.0000E-04
9.8125E-05 2.0000E-04
5.2578E-05 2.0000E-04
4.1656E-05 2.0000E-04
5.4090E-05 2.0000E-04
8.1805E-05 2.0000E-04
4.9966E-05 2.0000E-04
4.1824E-05 2.0000E-04
5.5935E-05 2.0000E-04
7.0283E-05 2.0000E-04
5.3245E-05 2.0000E-04
4.7089E-05 2.0000E-04
5.5187E-05 2.0000E-04
4.9824E-05 2.0000E-04
6.2687E-05 2.0000E-04
5.6054E-05 2.0000E-04
4.5513E-05 2.0000E-04
4.6622E-05 2.0000E-04
7.8756E-05 2.0000E-04
4.7583E-05 2.0000E-04
4.2536E-05 2.0000E-04
4.9732E-05 2.0000E-04
8.6802E-05 2.0000E-04
4.0261E-05 2.0000E-04
4.0908E-05 2.0000E-04
4.9924E-05 2.0000E-04
1.1955E-04 2.0000E-04
4.5152E-05 2.0000E-04
3.4987E-05 2.0000E-04
4.5609E-05 2.0000E-04
5.1458E-05 2.0000E-04
8.8707E-05 2.0000E-04
4.0225E-05 2.0000E-04
3.9261E-05 2.0000E-04
5.0524E-05 2.0000E-04
1.0313E-04 2.0000E-04
4.3801E-05 2.0000E-04
3.5158E-05 2.0000E-04
4.5320E-05 2.0000E-04
5.5073E-05 2.0000E-04
1.2137E-04 2.0000E-04
3.5187E-05 2.0000E-04
3.2026E-05 2.0000E-04
4.2763E-05 2.0000E-04
6.2582E-05 2.0000E-04
5.2948E-05 2.0000E-04
3.2086E-05 2.0000E-04
4.3855E-05 2.0000E-04
5.5097E-05 2.0000E-04
4.6524E-05 2.0000E-04
5.4309E-05 2.0000E-04
4.6212E-05 2.0000E-04
4.5606E-05 2.0000E-04
5.2326E-05 2.0000E-04
6.3684E-05 2.0000E-04
4.0707E-05 2.0000E-04
4.2285E-05 2.0000E-04
5.3500E-05 2.0000E-04
5.5257E-05 2.0000E-04
5.0777E-05 2.0000E-04
4.6161E-05 2.0000E-04
5.2363E-05 2.0000E-04
6.6416E-05 2.0000E-04
4.3354E-05 2.0000E-04
4.4852E-05 2.0000E-04
5.7598E-05 2.0000E-04
6.0647E-05 2.0000E-04
4.5159E-05 2.0000E-04
4.6640E-05 2.0000E-04
5.7441E-05 2.0000E-04
6.5191E-05 2.0000E-04
4.5635E-05 2.0000E-04
4.7835E-05 2.0000E-04
6.3990E-05 2.0000E-04
5.8440E-05 2.0000E-04
5.0806E-05 2.0000E-04
6.1395E-05 2.0000E-04
7.2265E-05 2.0000E-04
6.0389E-05 2.0000E-04
7.8521E-05 2.0000E-04
6.8028E-05 2.0000E-04
5.9928E-05 2.0000E-04
9.8940E-05 2.0000E-04
9.1347E-05 2.0000E-04
7.1833E-05 2.0000E-04
8.3104E-05 2.0000E-04
1.0593E-04 2.0000E-04
8.7918E-05 2.0000E-04
7.8461E-05 2.0000E-04
8.6058E-05 2.0000E-04
1.3568E-04 2.0000E-04
1.2207E-04 2.0000E-04
1.1703E-04 2.0000E-04
1.3783E-04 2.0000E-04
1.4536E-04 2.0000E-04
1.2956E-04 2.0000E-04
1.6326E-04 2.0000E-04
2.2323E-04 2.0000E-04
1.5160E-04 2.0000E-04
1.7243E-04 2.0000E-04
1.4253E-04 2.0000E-04
1.3864E-04 2.0000E-04
2.2904E-04 2.0000E-04
1.6496E-04 2.0000E-04
1.3000E-04 2.0000E-04
1.4517E-04 2.0000E-04
2.4466E-04 2.0000E-04
1.3380E-04 2.0000E-04
1.1806E-04 2.0000E-04
1.4905E-04 2.0000E-04
1.9385E-04 2.0000E-04
1.1843E-04 2.0000E-04
1.1406E-04 2.0000E-04
1.5215E-04 2.0000E-04
2.0850E-04 2.0000E-04
1.1086E-04 2.0000E-04
1.1207E-04 2.0000E-04
1.2805E-04 2.0000E-04
3.2918E-04 2.0000E-04
1.1374E-04 2.0000E-04
9.7711E-05 2.0000E-04
1.3398E-04 2.0000E-04
1.9099E-04 2.0000E-04
1.6063E-04 2.0000E-04
1.2429E-04 2.0000E-04
1.5137E-04 2.0000E-04
1.6757E-04 2.0000E-04
1.2072E-04 2.0000E-04
1.5347E-04 2.0000E-04
1.3544E-04 2.0000E-04
1.1385E-04 2.0000E-04
1.7132E-04 2.0000E-04
1.6547E-04 2.0000E-04
1.1288E-04 2.0000E-04
1.0303E-04 2.0000E-04
1.3758E-04 2.0000E-04
1.2708E-04 2.0000E-04
1.9627E-04 2.0000E-04
9.7636E-05 2.0000E-04
9.1091E-05 2.0000E-04
1.1686E-04 2.0000E-04
2.0175E-04 2.0000E-04
1.1365E-04 2.0000E-04
9.5059E-05 2.0000E-04
1.1886E-04 2.0000E-04
1.7161E-04 2.0000E-04
1.2244E-04 2.0000E-04
9.5711E-05 2.0000E-04
1.1675E-04 2.0000E-04
1.5090E-04 2.0000E-04
1.1089E-04 2.0000E-04
1.1155E-04 2.0000E-04
1.2663E-04 2.0000E-04
1.1608E-04 2.0000E-04
1.3402E-04 2.0000E-04
1.0625E-04 2.0000E-04
9.3375E-05 2.0000E-04
1.1242E-04 2.0000E-04
1.6327E-04 2.0000E-04
8.8346E-05 2.0000E-04
7.7181E-05 2.0000E-04
9.4055E-05 2.0000E-04
2.0336E-04 2.0000E-04
8.5513E-05 2.0000E-04
7.8072E-05 2.0000E-04
9.7633E-05 2.0000E-04
1.7165E-04 2.0000E-04
9.1963E-05 2.0000E-04
7.5645E-05 2.0000E-04
1.0921E-04 2.0000E-04
1.6123E-04 2.0000E-04
1.0591E-04 2.0000E-04
1.1264E-04 2.0000E-04
1.3976E-04 2.0000E-04
1.0684E-04 2.0000E-04
1.0747E-04 2.0000E-04
1.1183E-04 2.0000E-04
1.0347E-04 2.0000E-04
1.6203E-04 2.0000E-04
9.7301E-05 2.0000E-04
1.0009E-04 2.0000E-04
1.3007E-04 2.0000E-04
1.7031E-04 2.0000E-04
9.7627E-05 2.0000E-04
1.0816E-04 2.0000E-04
1.4136E-04 2.0000E-04
1.2655E-04 2.0000E-04
1.1588E-04 2.0000E-04
1.2085E-04 2.0000E-04
1.2065E-04 2.0000E-04
1.5748E-04 2.0000E-04
1.7965E-04 2.0000E-04
1.2758E-04 2.0000E-04
1.3297E-04 2.0000E-04
2.0852E-04 2.0000E-04
1.7030E-04 2.0000E-04
3.2427E-04 2.0000E-04
3.5462E-04 2.0000E-04
1.4395E-04 2.0000E-04
1.1991E-04 2.0000E-04
2.6764E-04 2.0000E-04
3.0928E-04 2.0000E-04
1.9079E-04 2.0000E-04
1.8804E-04 2.0000E-04
2.3226E-04 2.0000E-04
3.7701E-04 2.0000E-04
1.5961E-04 2.0000E-04
1.3833E-04 2.0000E-04
1.9656E-04 2.0000E-04
4.6719E-04 2.0000E-04
1.8571E-04 2.0000E-04
1.3652E-04 2.0000E-04
2.5192E-04 2.0000E-04
2.2123E-04 2.0000E-04
1.6299E-04 2.0000E-04
2.1745E-04 2.0000E-04
2.6018E-04 2.0000E-04
1.8197E-04 2.0000E-04
2.0316E-04 2.0000E-04
2.3354E-04 2.0000E-04
1.8678E-04 2.0000E-04
3.0661E-04 2.0000E-04
2.6942E-04 2.0000E-04
2.1471E-04 2.0000E-04
1.3190E-04 2.0000E-04
1.5785E-04 2.0000E-04
2.6191E-04 2.0000E-04
1.7683E-04 2.0000E-04
1.5318E-04 2.0000E-04
2.1313E-04 2.0000E-04
2.1650E-04 2.0000E-04
1.5742E-04 2.0000E-04
1.7185E-04 2.0000E-04
2.1888E-04 2.0000E-04
1.6274E-04 2.0000E-04
1.5029E-04 2.0000E-04
1.7004E-04 2.0000E-04
1.5220E-04 2.0000E-04
3.2493E-04 2.0000E-04
1.4166E-04 2.0000E-04
1.1726E-04 2.0000E-04
9.0559E-05 2.0000E-04
1.2826E-04 2.0000E-04
1.7844E-04 2.0000E-04
1.0872E-04 2.0000E-04
9.9723E-05 2.0000E-04
1.2685E-04 2.0000E-04
1.2200E-04 2.0000E-04
1.3614E-04 2.0000E-04
9.7919E-05 2.0000E-04
1.0174E-04 2.0000E-04
1.6130E-04 2.0000E-04
9.5317E-05 2.0000E-04
9.5857E-05 2.0000E-04
1.2021E-04 2.0000E-04
1.3837E-04 2.0000E-04
1.1587E-04 2.0000E-04
9.5221E-05 2.0000E-04
1.0422E-04 2.0000E-04
1.3467E-04 2.0000E-04
9.5792E-05 2.0000E-04
9.3088E-05 2.0000E-04
1.1514E-04 2.0000E-04
1.0056E-04 2.0000E-04
8.8815E-05 2.0000E-04
8.9003E-05 2.0000E-04
1.0425E-04 2.0000E-04
9.3346E-05 2.0000E-04
8.9550E-05 2.0000E-04
8.5956E-05 2.0000E-04
8.4492E-05 2.0000E-04
8.6219E-05 2.0000E-04
1.0211E-04 2.0000E-04
7.4736E-05 2.0000E-04
7.1720E-05 2.0000E-04
1.0615E-04 2.0000E-04
7.4959E-05 2.0000E-04
7.3531E-05 2.0000E-04
1.0721E-04 2.0000E-04
7.5637E-05 2.0000E-04
7.3213E-05 2.0000E-04
1.1011E-04 2.0000E-04
7.8379E-05 2.0000E-04
7.1078E-05 2.0000E-04
1.0472E-04 2.0000E-04
7.8600E-05 2.0000E-04
7.3207E-05 2.0000E-04
1.0132E-04 2.0000E-04
1.0423E-04 2.0000E-04
7.6481E-05 2.0000E-04
7.9868E-05 2.0000E-04
9.8694E-05 2.0000E-04
8.3011E-05 2.0000E-04
1.4102E-04 2.0000E-04
8.1154E-05 2.0000E-04
7.7464E-05 2.0000E-04
9.1547E-05 2.0000E-04
8.2623E-05 2.0000E-04
6.7910E-05 2.0000E-04
8.2728E-05 2.0000E-04
9.6085E-05 2.0000E-04
7.0680E-05 2.0000E-04
7.0667E-05 2.0000E-04
9.0663E-05 2.0000E-04
6.8984E-05 2.0000E-04
7.5915E-05 2.0000E-04
1.0246E-04 2.0000E-04
6.6190E-05 2.0000E-04
5.4417E-05 2.0000E-04
5.9383E-05 2.0000E-04
1.9739E-04 2.0000E-04
5.2114E-05 2.0000E-04
4.3835E-05 2.0000E-04
5.7729E-05 2.0000E-04
1.1757E-04 2.0000E-04
6.3809E-05 2.0000E-04
4.9640E-05 2.0000E-04
6.7245E-05 2.0000E-04
1.0730E-04 2.0000E-04
6.4130E-05 2.0000E-04
5.7911E-05 2.0000E-04
7.3041E-05 2.0000E-04
9.9180E-05 2.0000E-04
7.8434E-05 2.0000E-04
7.1214E-05 2.0000E-04
9.1232E-05 2.0000E-04
9.8115E-05 2.0000E-04
8.8642E-05 2.0000E-04
8.0988E-05 2.0000E-04
1.0890E-04 2.0000E-04
9.4388E-05 2.0000E-04
1.0611E-04 2.0000E-04
1.1314E-04 2.0000E-04
1.0971E-04 2.0000E-04
1.0423E-04 2.0000E-04
1.5346E-04 2.0000E-04
1.1191E-04 2.0000E-04
1.2182E-04 2.0000E-04
1.1457E-04 2.0000E-04
1.4502E-04 2.0000E-04
1.1653E-04 2.0000E-04
1.3870E-04 2.0000E-04
1.5196E-04 2.0000E-04
1.3353E-04 2.0000E-04
1.6256E-04 2.0000E-04
1.3452E-04 2.0000E-04
1.1486E-04 2.0000E-04
1.4120E-04 2.0000E-04
1.7805E-04 2.0000E-04
1.0885E-04 2.0000E-04
1.0691E-04 2.0000E-04
1.2824E-04 2.0000E-04
1.4633E-04 2.0000E-04
1.6496E-04 2.0000E-04
1.2336E-04 2.0000E-04
1.4173E-04 2.0000E-04
1.3412E-04 2.0000E-04
1.1500E-04 2.0000E-04
1.7473E-04 2.0000E-04
1.4693E-04 2.0000E-04
1.2716E-04 2.0000E-04
1.8313E-04 2.0000E-04
1.8472E-04 2.0000E-04
1.3155E-04 2.0000E-04
1.3428E-04 2.0000E-04
1.7578E-04 2.0000E-04
1.5830E-04 2.0000E-04
4.1700E-04 2.0000E-04
1.4435E-04 2.0000E-04
1.3119E-04 2.0000E-04
2.0562E-04 2.0000E-04
1.7043E-04 2.0000E-04
1.5840E-04 2.0000E-04
1.8037E-04 2.0000E-04
1.4688E-04 2.0000E-04
1.6524E-04 2.0000E-04
1.8251E-04 2.0000E-04
1.2913E-04 2.0000E-04
1.2677E-04 2.0000E-04
1.7407E-04 2.0000E-04
1.2560E-04 2.0000E-04
1.4981E-04 2.0000E-04
1.2017E-04 2.0000E-04
1.3128E-04 2.0000E-04
1.2094E-04 2.0000E-04
1.1651E-04 2.0000E-04
9.9336E-05 2.0000E-04
1.2247E-04 2.0000E-04
1.5359E-04 2.0000E-04
8.9216E-05 2.0000E-04
8.6671E-05 2.0000E-04
1.0604E-04 2.0000E-04
2.0851E-04 2.0000E-04
8.5011E-05 2.0000E-04
8.2048E-05 2.0000E-04
1.0172E-04 2.0000E-04
2.1068E-04 2.0000E-04
9.6029E-05 2.0000E-04
7.6715E-05 2.0000E-04
1.0074E-04 2.0000E-04
1.7011E-04 2.0000E-04
1.0280E-04 2.0000E-04
8.0787E-05 2.0000E-04
1.2109E-04 2.0000E-04
1.1926E-04 2.0000E-04
1.0732E-04 2.0000E-04
1.5932E-04 2.0000E-04
1.0947E-04 2.0000E-04
9.9438E-05 2.0000E-04
1.0713E-04 2.0000E-04
1.6744E-04 2.0000E-04
1.0986E-04 2.0000E-04
1.0219E-04 2.0000E-04
1.1148E-04 2.0000E-04
9.9996E-05 2.0000E-04
1.3310E-04 2.0000E-04
1.1377E-04 2.0000E-04
9.7925E-05 2.0000E-04
1.2417E-04 2.0000E-04
1.3959E-04 2.0000E-04
1.1604E-04 2.0000E-04
1.2799E-04 2.0000E-04
1.1318E-04 2.0000E-04
9.3878E-05 2.0000E-04
1.2417E-04 2.0000E-04
1.3709E-04 2.0000E-04
8.6710E-05 2.0000E-04
8.3935E-05 2.0000E-04
9.3245E-05 2.0000E-04
1.2369E-04 2.0000E-04
9.5624E-05 2.0000E-04
1.0272E-04 2.0000E-04
9.7056E-05 2.0000E-04
6.9396E-05 2.0000E-04
7.9755E-05 2.0000E-04
1.0326E-04 2.0000E-04
8.4622E-05 2.0000E-04
7.2960E-05 2.0000E-04
8.6075E-05 2.0000E-04
7.9097E-05 2.0000E-04
7.3598E-05 2.0000E-04
1.1838E-04 2.0000E-04
7.9126E-05 2.0000E-04
6.7666E-05 2.0000E-04
8.1407E-05 2.0000E-04
1.4883E-04 2.0000E-04
7.2782E-05 2.0000E-04
8.1779E-05 2.0000E-04
9.6202E-05 2.0000E-04
6.5862E-05 2.0000E-04
8.3277E-05 2.0000E-04
8.2200E-05 2.0000E-04
6.4004E-05 2.0000E-04
8.5115E-05 2.0000E-04
8.9374E-05 2.0000E-04
6.0486E-05 2.0000E-04
6.4143E-05 2.0000E-04
8.2729E-05 2.0000E-04
9.0830E-05 2.0000E-04
6.7431E-05 2.0000E-04
6.6455E-05 2.0000E-04
8.5299E-05 2.0000E-04
1.2934E-04 2.0000E-04
6.3703E-05 2.0000E-04
7.2511E-05 2.0000E-04
8.6550E-05 2.0000E-04
1.1861E-04 2.0000E-04
8.5860E-05 2.0000E-04
7.9946E-05 2.0000E-04
9.3500E-05 2.0000E-04
9.1346E-05 2.0000E-04
1.8940E-04 2.0000E-04
9.2822E-05 2.0000E-04
9.5725E-05 2.0000E-04
1.1041E-04 2.0000E-04
2.3183E-04 2.0000E-04
1.0394E-04 2.0000E-04
8.7332E-05 2.0000E-04
1.1383E-04 2.0000E-04
2.7921E-04 2.0000E-04
1.5255E-04 2.0000E-04
1.2554E-04 2.0000E-04
1.2339E-04 2.0000E-04
2.0788E-04 2.0000E-04
1.6707E-04 2.0000E-04
1.3912E-04 2.0000E-04
1.3749E-04 2.0000E-04
1.9298E-04 2.0000E-04
2.0800E-04 2.0000E-04
1.1036E-04 2.0000E-04
1.0504E-04 2.0000E-04
1.2451E-04 2.0000E-04
3.0293E-04 2.0000E-04
1.1509E-04 2.0000E-04
9.5463E-05 2.0000E-04
1.5779E-04 2.0000E-04
1.3132E-04 2.0000E-04
1.2736E-04 2.0000E-04
1.2169E-04 2.0000E-04
1.0623E-04 2.0000E-04
1.0826E-04 2.0000E-04
2.0969E-04 2.0000E-04
1.0711E-04 2.0000E-04
9.7423E-05 2.0000E-04
1.0836E-04 2.0000E-04
1.7626E-04 2.0000E-04
1.0932E-04 2.0000E-04
9.4390E-05 2.0000E-04
1.2948E-04 2.0000E-04
1.2601E-04 2.0000E-04
9.8371E-05 2.0000E-04
1.1112E-04 2.0000E-04
1.2258E-04 2.0000E-04
1.1965E-04 2.0000E-04
1.1822E-04 2.0000E-04
1.0835E-04 2.0000E-04
8.9825E-05 2.0000E-04
9.1459E-05 2.0000E-04
1.0999E-04 2.0000E-04
8.0150E-05 2.0000E-04
7.6157E-05 2.0000E-04
9.7037E-05 2.0000E-04
6.9774E-05 2.0000E-04
6.8833E-05 2.0000E-04
9.8043E-05 2.0000E-04
6.6489E-05 2.0000E-04
6.9773E-05 2.0000E-04
9.1677E-05 2.0000E-04
6.2170E-05 2.0000E-04
5.8850E-05 2.0000E-04
6.1434E-05 2.0000E-04
5.4336E-05 2.0000E-04
1.0922E-04 2.0000E-04
5.1114E-05 2.0000E-04
4.6023E-05 2.0000E-04
5.2924E-05 2.0000E-04
1.2796E-04 2.0000E-04
4.7941E-05 2.0000E-04
3.6874E-05 2.0000E-04
4.4623E-05 2.0000E-04
5.8224E-05 2.0000E-04
1.1051E-04 2.0000E-04
3.7615E-05 2.0000E-04
3.5584E-05 2.0000E-04
4.6859E-05 2.0000E-04
8.8128E-05 2.0000E-04
4.2283E-05 2.0000E-04
3.5538E-05 2.0000E-04
4.3961E-05 2.0000E-04
8.5530E-05 2.0000E-04
4.2061E-05 2.0000E-04
3.5147E-05 2.0000E-04
4.4473E-05 2.0000E-04
7.6587E-05 2.0000E-04
4.4107E-05 2.0000E-04
3.6670E-05 2.0000E-04
4.7832E-05 2.0000E-04
6.7164E-05 2.0000E-04
4.4448E-05 2.0000E-04
4.1650E-05 2.0000E-04
5.2555E-05 2.0000E-04
5.1045E-05 2.0000E-04
7.7142E-05 2.0000E-04
4.0490E-05 2.0000E-04
4.2372E-05 2.0000E-04
5.3922E-05 2.0000E-04
9.9478E-05 2.0000E-04
4.4102E-05 2.0000E-04
4.0984E-05 2.0000E-04
5.3713E-05 2.0000E-04
9.3918E-05 2.0000E-04
5.2611E-05 2.0000E-04
4.3999E-05 2.0000E-04
5.6454E-05 2.0000E-04
8.3385E-05 2.0000E-04
5.2898E-05 2.0000E-04
4.6885E-05 2.0000E-04
6.5945E-05 2.0000E-04
6.0878E-05 2.0000E-04
5.7340E-05 2.0000E-04
7.5019E-05 2.0000E-04
5.1204E-05 2.0000E-04
5.1714E-05 2.0000E-04
6.2943E-05 2.0000E-04
9.5076E-05 2.0000E-04
4.9583E-05 2.0000E-04
5.5136E-05 2.0000E-04
7.3668E-05 2.0000E-04
6.0307E-05 2.0000E-04
4.7032E-05 2.0000E-04
5.4413E-05 2.0000E-04
6.5488E-05 2.0000E-04
5.6387E-05 2.0000E-04
4.6725E-05 2.0000E-04
5.4423E-05 2.0000E-04
5.5205E-05 2.0000E-04
5.4139E-05 2.0000E-04
6.8502E-05 2.0000E-04
4.8348E-05 2.0000E-04
4.5758E-05 2.0000E-04
6.1363E-05 2.0000E-04
5.6229E-05 2.0000E-04
5.1982E-05 2.0000E-04
5.8232E-05 2.0000E-04
6.1086E-05 2.0000E-04
5.2936E-05 2.0000E-04
7.1996E-05 2.0000E-04
6.0275E-05 2.0000E-04
5.4713E-05 2.0000E-04
6.6432E-05 2.0000E-04
6.6299E-05 2.0000E-04
5.2606E-05 2.0000E-04
6.7446E-05 2.0000E-04
6.5555E-05 2.0000E-04
5.6201E-05 2.0000E-04
8.0917E-05 2.0000E-04
8.9950E-05 2.0000E-04
5.4518E-05 2.0000E-04
4.4300E-05 2.0000E-04
5.0362E-05 2.0000E-04
1.5136E-04 2.0000E-04
4.7092E-05 2.0000E-04
3.7086E-05 2.0000E-04
4.8539E-05 2.0000E-04
8.8313E-05 2.0000E-04
4.9572E-05 2.0000E-04
4.4401E-05 2.0000E-04
4.5686E-05 2.0000E-04
5.4398E-05 2.0000E-04
6.3590E-05 2.0000E-04
4.0999E-05 2.0000E-04
3.9294E-05 2.0000E-04
5.2393E-05 2.0000E-04
8.3266E-05 2.0000E-04
3.6753E-05 2.0000E-04
3.2433E-05 2.0000E-04
4.1010E-05 2.0000E-04
6.9940E-05 2.0000E-04
4.5205E-05 2.0000E-04
2.9341E-05 2.0000E-04
3.6409E-05 2.0000E-04
4.7419E-05 2.0000E-04
3.8121E-05 2.0000E-04
6.8836E-05 2.0000E-04
3.2890E-05 2.0000E-04
3.1337E-05 2.0000E-04
3.8020E-05 2.0000E-04
8.9426E-05 2.0000E-04
3.3374E-05 2.0000E-04
2.6433E-05 2.0000E-04
3.5581E-05 2.0000E-04
4.2907E-05 2.0000E-04
8.4686E-05 2.0000E-04
2.8714E-05 2.0000E-04
2.6824E-05 2.0000E-04
3.7775E-05 2.0000E-04
6.5310E-05 2.0000E-04
4.0088E-05 2.0000E-04
3.1140E-05 2.0000E-04
4.7150E-05 2.0000E-04
5.8622E-05 2.0000E-04
4.2394E-05 2.0000E-04
4.6377E-05 2.0000E-04
5.7482E-05 2.0000E-04
4.7800E-05 2.0000E-04
6.8747E-05 2.0000E-04
7.1285E-05 2.0000E-04
4.6987E-05 2.0000E-04
4.1118E-05 2.0000E-04
5.3815E-05 2.0000E-04
1.3872E-04 2.0000E-04
5.0470E-05 2.0000E-04
4.6063E-05 2.0000E-04
6.4690E-05 2.0000E-04
1.0809E-04 2.0000E-04
6.2642E-05 2.0000E-04
5.5164E-05 2.0000E-04
7.1346E-05 2.0000E-04
1.0487E-04 2.0000E-04
6.6837E-05 2.0000E-04
6.9308E-05 2.0000E-04
9.2983E-05 2.0000E-04
9.5078E-05 2.0000E-04
1.0150E-04 2.0000E-04
7.4074E-05 2.0000E-04
8.1234E-05 2.0000E-04
1.0028E-04 2.0000E-04
8.2009E-05 2.0000E-04
9.5360E-05 2.0000E-04
8.4617E-05 2.0000E-04
8.9537E-05 2.0000E-04
1.1546E-04 2.0000E-04
8.5574E-05 2.0000E-04
8.3200E-05 2.0000E-04
1.0200E-04 2.0000E-04
1.3497E-04 2.0000E-04
9.3853E-05 2.0000E-04
9.6634E-05 2.0000E-04
1.0644E-04 2.0000E-04
1.0754E-04 2.0000E-04
1.2461E-04 2.0000E-04
9.8220E-05 2.0000E-04
1.0349E-04 2.0000E-04
1.3814E-04 2.0000E-04
1.0496E-04 2.0000E-04
1.2082E-04 2.0000E-04
1.3945E-04 2.0000E-04
1.1845E-04 2.0000E-04
2.3555E-04 2.0000E-04
1.6709E-04 2.0000E-04
1.3570E-04 2.0000E-04
1.1462E-04 2.0000E-04
1.8965E-04 2.0000E-04
2.0829E-04 2.0000E-04
1.2394E-04 2.0000E-04
1.1118E-04 2.0000E-04
1.4056E-04 2.0000E-04
2.3911E-04 2.0000E-04
1.2993E-04 2.0000E-04
1.2355E-04 2.0000E-04
1.5292E-04 2.0000E-04
1.9546E-04 2.0000E-04
1.3305E-04 2.0000E-04
1.1491E-04 2.0000E-04
1.2424E-04 2.0000E-04
1.9030E-04 2.0000E-04
1.3735E-04 2.0000E-04
1.1048E-04 2.0000E-04
1.3115E-04 2.0000E-04
1.2085E-04 2.0000E-04
1.0001E-04 2.0000E-04
1.2199E-04 2.0000E-04
1.0813E-04 2.0000E-04
8.9168E-05 2.0000E-04
1.1751E-04 2.0000E-04
1.0159E-04 2.0000E-04
7.3577E-05 2.0000E-04
7.1675E-05 2.0000E-04
1.0954E-04 2.0000E-04
7.9049E-05 2.0000E-04
6.7445E-05 2.0000E-04
9.1688E-05 2.0000E-04
7.0595E-05 2.0000E-04
6.7616E-05 2.0000E-04
9.7127E-05 2.0000E-04
6.4915E-05 2.0000E-04
5.8622E-05 2.0000E-04
6.3917E-05 2.0000E-04
6.1757E-05 2.0000E-04
1.0076E-04 2.0000E-04
5.6472E-05 2.0000E-04
4.8380E-05 2.0000E-04
5.9349E-05 2.0000E-04
1.0959E-04 2.0000E-04
5.2120E-05 2.0000E-04
4.9650E-05 2.0000E-04
6.0519E-05 2.0000E-04
1.2441E-04 2.0000E-04
5.6234E-05 2.0000E-04
4.3943E-05 2.0000E-04
5.6438E-05 2.0000E-04
9.2260E-05 2.0000E-04
6.2265E-05 2.0000E-04
4.6723E-05 2.0000E-04
7.1189E-05 2.0000E-04
7.4203E-05 2.0000E-04
6.4426E-05 2.0000E-04
1.1323E-04 2.0000E-04
8.1141E-05 2.0000E-04
6.6637E-05 2.0000E-04
8.4279E-05 2.0000E-04
1.0498E-04 2.0000E-04
7.4566E-05 2.0000E-04
7.7029E-05 2.0000E-04
9.3733E-05 2.0000E-04
8.7820E-05 2.0000E-04
2.0406E-04 2.0000E-04
8.7733E-05 2.0000E-04
7.6619E-05 2.0000E-04
9.7132E-05 2.0000E-04
2.1983E-04 2.0000E-04
1.0863E-04 2.0000E-04
9.4583E-05 2.0000E-04
1.0407E-04 2.0000E-04
1.2797E-04 2.0000E-04
1.0441E-04 2.0000E-04
9.6117E-05 2.0000E-04
9.9940E-05 2.0000E-04
9.6642E-05 2.0000E-04
8.8757E-05 2.0000E-04
1.1313E-04 2.0000E-04
8.7100E-05 2.0000E-04
7.6288E-05 2.0000E-04
9.9704E-05 2.0000E-04
1.1231E-04 2.0000E-04
8.8913E-05 2.0000E-04
1.0009E-04 2.0000E-04
8.1226E-05 2.0000E-04
8.0204E-05 2.0000E-04
1.2408E-04 2.0000E-04
7.9966E-05 2.0000E-04
7.8287E-05 2.0000E-04
1.0335E-04 2.0000E-04
1.2591E-04 2.0000E-04
8.8980E-05 2.0000E-04
9.7519E-05 2.0000E-04
1.2866E-04 2.0000E-04
2.1542E-04 2.0000E-04
1.1628E-04 2.0000E-04
1.4046E-04 2.0000E-04
1.5084E-04 2.0000E-04
1.5258E-04 2.0000E-04
2.1792E-04 2.0000E-04
1.9548E-04 2.0000E-04
1.5715E-04 2.0000E-04
1.7336E-04 2.0000E-04
2.8057E-04 2.0000E-04
2.4520E-04 2.0000E-04
2.0068E-04 2.0000E-04
1.6754E-04 2.0000E-04
1.8068E-04 2.0000E-04
2.1931E-04 2.0000E-04
1.4636E-04 2.0000E-04
1.5115E-04 2.0000E-04
2.4495E-04 2.0000E-04
1.4400E-04 2.0000E-04
1.2527E-04 2.0000E-04
1.4104E-04 2.0000E-04
2.3501E-04 2.0000E-04
1.2188E-04 2.0000E-04
1.1483E-04 2.0000E-04
1.3588E-04 2.0000E-04
3.0425E-04 2.0000E-04
1.1796E-04 2.0000E-04
1.0941E-04 2.0000E-04
1.3785E-04 2.0000E-04
1.9004E-04 2.0000E-04
1.2429E-04 2.0000E-04
1.0458E-04 2.0000E-04
1.2428E-04 2.0000E-04
1.3302E-04 2.0000E-04
1.2732E-04 2.0000E-04
9.4026E-05 2.0000E-04
1.0370E-04 2.0000E-04
1.5595E-04 2.0000E-04
9.8901E-05 2.0000E-04
9.6241E-05 2.0000E-04
1.2406E-04 2.0000E-04
9.1216E-05 2.0000E-04
1.0189E-04 2.0000E-04
1.1236E-04 2.0000E-04
8.5893E-05 2.0000E-04
9.9814E-05 2.0000E-04
1.3525E-04 2.0000E-04
8.5753E-05 2.0000E-04
7.1108E-05 2.0000E-04
8.9126E-05 2.0000E-04
1.0220E-04 2.0000E-04
8.9595E-05 2.0000E-04
7.6826E-05 2.0000E-04
8.0741E-05 2.0000E-04
1.3879E-04 2.0000E-04
7.4930E-05 2.0000E-04
6.8763E-05 2.0000E-04
9.0161E-05 2.0000E-04
1.2810E-04 2.0000E-04
8.1373E-05 2.0000E-04
6.6151E-05 2.0000E-04
7.6169E-05 2.0000E-04
1.2700E-04 2.0000E-04
8.0433E-05 2.0000E-04
6.5573E-05 2.0000E-04
7.7203E-05 2.0000E-04
1.4587E-04 2.0000E-04
7.4142E-05 2.0000E-04
6.6409E-05 2.0000E-04
8.9400E-05 2.0000E-04
1.5265E-04 2.0000E-04
7.6214E-05 2.0000E-04
6.3596E-05 2.0000E-04
8.0904E-05 2.0000E-04
1.3175E-04 2.0000E-04
8.1333E-05 2.0000E-04
6.7357E-05 2.0000E-04
7.9611E-05 2.0000E-04
9.1003E-05 2.0000E-04
9.6541E-05 2.0000E-04
9.6319E-05 2.0000E-04
7.3803E-05 2.0000E-04
6.9677E-05 2.0000E-04
6.7766E-05 2.0000E-04
1.2799E-04 2.0000E-04
7.1456E-05 2.0000E-04
6.8683E-05 2.0000E-04
7.8830E-05 2.0000E-04
1.1499E-04 2.0000E-04
6.6824E-05 2.0000E-04
6.5094E-05 2.0000E-04
7.2685E-05 2.0000E-04
1.0034E-04 2.0000E-04
7.2519E-05 2.0000E-04
7.0409E-05 2.0000E-04
8.2629E-05 2.0000E-04
9.3837E-05 2.0000E-04
7.0132E-05 2.0000E-04
7.9057E-05 2.0000E-04
1.3370E-04 2.0000E-04
1.1186E-04 2.0000E-04
6.8150E-05 2.0000E-04
6.3153E-05 2.0000E-04
8.2317E-05 2.0000E-04
1.0992E-04 2.0000E-04
6.5765E-05 2.0000E-04
7.2689E-05 2.0000E-04
9.9593E-05 2.0000E-04
9.5941E-05 2.0000E-04
7.9003E-05 2.0000E-04
7.9518E-05 2.0000E-04
6.9926E-05 2.0000E-04
7.6416E-05 2.0000E-04
1.2705E-04 2.0000E-04
6.5732E-05 2.0000E-04
8.7041E-05 2.0000E-04
7.9294E-05 2.0000E-04
6.3717E-05 2.0000E-04
9.6909E-05 2.0000E-04
8.5721E-05 2.0000E-04
6.7282E-05 2.0000E-04
1.2753E-04 2.0000E-04
6.7075E-05 2.0000E-04
6.9478E-05 2.0000E-04
8.9033E-05 2.0000E-04
1.5539E-04 2.0000E-04
8.1649E-05 2.0000E-04
6.4526E-05 2.0000E-04
6.9987E-05 2.0000E-04
1.1383E-04 2.0000E-04
1.1106E-04 2.0000E-04
7.0940E-05 2.0000E-04
8.7649E-05 2.0000E-04
8.0690E-05 2.0000E-04
1.0869E-04 2.0000E-04
9.2214E-05 2.0000E-04
8.5637E-05 2.0000E-04
1.0879E-04 2.0000E-04
9.6490E-05 2.0000E-04
8.0152E-05 2.0000E-04
1.2291E-04 2.0000E-04
1.4333E-04 2.0000E-04
8.8996E-05 2.0000E-04
8.7943E-05 2.0000E-04
1.0638E-04 2.0000E-04
2.1026E-04 2.0000E-04
9.6773E-05 2.0000E-04
7.0074E-05 2.0000E-04
9.0293E-05 2.0000E-04
1.6898E-04 2.0000E-04
8.9844E-05 2.0000E-04
8.0783E-05 2.0000E-04
1.0355E-04 2.0000E-04
9.0639E-05 2.0000E-04
8.0593E-05 2.0000E-04
1.1389E-04 2.0000E-04
7.7981E-05 2.0000E-04
7.2294E-05 2.0000E-04
1.0202E-04 2.0000E-04
8.4349E-05 2.0000E-04
7.8113E-05 2.0000E-04
7.4295E-05 2.0000E-04
9.6532E-05 2.0000E-04
8.5930E-05 2.0000E-04
1.2816E-04 2.0000E-04
8.1317E-05 2.0000E-04
6.5796E-05 2.0000E-04
8.1454E-05 2.0000E-04
1.3885E-04 2.0000E-04
9.6420E-05 2.0000E-04
8.8672E-05 2.0000E-04
1.2096E-04 2.0000E-04
1.1297E-04 2.0000E-04
1.6309E-04 2.0000E-04
1.2210E-04 2.0000E-04
2.5952E-04 2.0000E-04
1.2339E-04 2.0000E-04
1.0016E-04 2.0000E-04
1.5199E-04 2.0000E-04
3.5323E-04 2.0000E-04
1.9120E-04 2.0000E-04
2.4614E-04 2.0000E-04
1.7449E-04 2.0000E-04
1.6321E-04 2.0000E-04
2.1286E-04 2.0000E-04
3.6989E-04 2.0000E-04
1.6452E-04 2.0000E-04
1.4345E-04 2.0000E-04
1.9667E-04 2.0000E-04
2.0545E-04 2.0000E-04
1.6280E-04 2.0000E-04
1.5584E-04 2.0000E-04
1.5237E-04 2.0000E-04
1.4006E-04 2.0000E-04
1.7377E-04 2.0000E-04
1.1914E-04 2.0000E-04
1.0884E-04 2.0000E-04
1.5434E-04 2.0000E-04
1.3024E-04 2.0000E-04
9.8680E-05 2.0000E-04
1.1224E-04 2.0000E-04
1.6117E-04 2.0000E-04
1.0928E-04 2.0000E-04
9.3032E-05 2.0000E-04
1.1935E-04 2.0000E-04
1.0283E-04 2.0000E-04
1.7266E-04 2.0000E-04
1.2040E-04 2.0000E-04
7.9582E-05 2.0000E-04
8.8557E-05 2.0000E-04
9.9225E-05 2.0000E-04
8.7826E-05 2.0000E-04
1.3178E-04 2.0000E-04
8.4419E-05 2.0000E-04
8.2307E-05 2.0000E-04
1.2710E-04 2.0000E-04
1.3251E-04 2.0000E-04
7.3028E-05 2.0000E-04
7.1952E-05 2.0000E-04
8.4793E-05 2.0000E-04
2.4637E-04 2.0000E-04
6.7728E-05 2.0000E-04
5.5299E-05 2.0000E-04
7.0085E-05 2.0000E-04
1.2360E-04 2.0000E-04
6.5370E-05 2.0000E-04
5.3630E-05 2.0000E-04
8.5549E-05 2.0000E-04
7.5280E-05 2.0000E-04
6.0779E-05 2.0000E-04
5.9584E-05 2.0000E-04
6.4088E-05 2.0000E-04
5.4485E-05 2.0000E-04
9.7745E-05 2.0000E-04
6.0006E-05 2.0000E-04
5.3233E-05 2.0000E-04
6.6790E-05 2.0000E-04
1.3040E-04 2.0000E-04
5.4536E-05 2.0000E-04
4.3133E-05 2.0000E-04
5.6674E-05 2.0000E-04
6.4277E-05 2.0000E-04
1.3287E-04 2.0000E-04
5.1441E-05 2.0000E-04
4.4748E-05 2.0000E-04
5.8836E-05 2.0000E-04
1.1266E-04 2.0000E-04
5.7517E-05 2.0000E-04
4.8797E-05 2.0000E-04
6.2995E-05 2.0000E-04
9.8644E-05 2.0000E-04
5.4839E-05 2.0000E-04
5.2133E-05 2.0000E-04
6.0355E-05 2.0000E-04
1.4733E-04 2.0000E-04
5.3776E-05 2.0000E-04
4.3873E-05 2.0000E-04
5.8257E-05 2.0000E-04
9.2463E-05 2.0000E-04
5.6938E-05 2.0000E-04
4.8781E-05 2.0000E-04
7.1811E-05 2.0000E-04
6.5894E-05 2.0000E-04
5.0758E-05 2.0000E-04
7.4542E-05 2.0000E-04
6.6178E-05 2.0000E-04
6.2541E-05 2.0000E-04
9.8252E-05 2.0000E-04
7.7156E-05 2.0000E-04
5.7550E-05 2.0000E-04
6.0310E-05 2.0000E-04
9.2763E-05 2.0000E-04
7.0179E-05 2.0000E-04
6.8027E-05 2.0000E-04
7.9060E-05 2.0000E-04
7.0801E-05 2.0000E-04
8.9916E-05 2.0000E-04
9.1029E-05 2.0000E-04
8.3209E-05 2.0000E-04
9.1615E-05 2.0000E-04
1.5157E-04 2.0000E-04
1.0728E-04 2.0000E-04
1.6759E-04 2.0000E-04
1.4637E-04 2.0000E-04
9.1493E-05 2.0000E-04
7.9855E-05 2.0000E-04
1.1085E-04 2.0000E-04
2.0989E-04 2.0000E-04
9.0268E-05 2.0000E-04
7.3866E-05 2.0000E-04
9.1630E-05 2.0000E-04
1.7573E-04 2.0000E-04
7.7730E-05 2.0000E-04
6.7041E-05 2.0000E-04
8.8560E-05 2.0000E-04
1.2876E-04 2.0000E-04
7.6732E-05 2.0000E-04
6.1639E-05 2.0000E-04
7.3253E-05 2.0000E-04
8.3827E-05 2.0000E-04
9.2303E-05 2.0000E-04
5.6135E-05 2.0000E-04
5.5517E-05 2.0000E-04
6.4542E-05 2.0000E-04
6.6991E-05 2.0000E-04
6.0514E-05 2.0000E-04
4.7771E-05 2.0000E-04
4.8229E-05 2.0000E-04
8.5813E-05 2.0000E-04
4.2785E-05 2.0000E-04
3.7656E-05 2.0000E-04
4.4556E-05 2.0000E-04
8.4013E-05 2.0000E-04
3.9110E-05 2.0000E-04
3.1552E-05 2.0000E-04
4.0501E-05 2.0000E-04
7.3006E-05 2.0000E-04
3.8612E-05 2.0000E-04
3.0765E-05 2.0000E-04
3.7130E-05 2.0000E-04
6.4040E-05 2.0000E-04
3.2522E-05 2.0000E-04
2.9282E-05 2.0000E-04
3.4605E-05 2.0000E-04
6.6381E-05 2.0000E-04
2.9398E-05 2.0000E-04
2.4111E-05 2.0000E-04
2.9338E-05 2.0000E-04
4.9003E-05 2.0000E-04
2.9372E-05 2.0000E-04
2.2774E-05 2.0000E-04
3.3212E-05 2.0000E-04
3.8058E-05 2.0000E-04
2.6204E-05 2.0000E-04
2.6529E-05 2.0000E-04
3.1371E-05 2.0000E-04
2.8440E-05 2.0000E-04
6.7821E-05 2.0000E-04
2.1931E-05 2.0000E-04
1.8742E-05 2.0000E-04
2.4676E-05 2.0000E-04
7.0153E-05 2.0000E-04
2.4409E-05 2.0000E-04
1.6493E-05 2.0000E-04
2.2901E-05 2.0000E-04
2.5896E-05 2.0000E-04
4.9814E-05 2.0000E-04
2.2164E-05 2.0000E-04
1.8287E-05 2.0000E-04
2.3801E-05 2.0000E-04
5.3194E-05 2.0000E-04
2.2119E-05 2.0000E-04
1.8432E-05 2.0000E-04
2.3484E-05 2.0000E-04
2.6504E-05 2.0000E-04
4.5065E-05 2.0000E-04
1.8118E-05 2.0000E-04
1.8353E-05 2.0000E-04
2.3782E-05 2.0000E-04
3.6581E-05 2.0000E-04
2.9024E-05 2.0000E-04
1.6262E-05 2.0000E-04
2.0341E-05 2.0000E-04
2.5078E-05 2.0000E-04
2.7418E-05 2.0000E-04
2.0228E-05 2.0000E-04
2.0805E-05 2.0000E-04
2.4269E-05 2.0000E-04
2.9443E-05 2.0000E-04
1.7293E-05 2.0000E-04
1.8268E-05 2.0000E-04
2.1551E-05 2.0000E-04
3.9770E-05 2.0000E-04
1.6821E-05 2.0000E-04
1.4755E-05 2.0000E-04
1.8547E-05 2.0000E-04
2.6133E-05 2.0000E-04
1.9208E-05 2.0000E-04
1.5078E-05 2.0000E-04
2.1931E-05 2.0000E-04
2.1552E-05 2.0000E-04
1.7483E-05 2.0000E-04
2.5819E-05 2.0000E-04
2.0183E-05 2.0000E-04
1.6974E-05 2.0000E-04
2.1152E-05 2.0000E-04
2.7355E-05 2.0000E-04
1.7263E-05 2.0000E-04
1.3905E-05 2.0000E-04
1.5755E-05 2.0000E-04
2.6801E-05 2.0000E-04
2.2056E-05 2.0000E-04
1.1837E-05 2.0000E-04
1.3521E-05 2.0000E-04
1.8309E-05 2.0000E-04
2.4400E-05 2.0000E-04
1.3763E-05 2.0000E-04
1.3850E-05 2.0000E-04
1.7336E-05 2.0000E-04
2.4378E-05 2.0000E-04
1.3166E-05 2.0000E-04
1.2772E-05 2.0000E-04
1.5077E-05 2.0000E-04
2.8542E-05 2.0000E-04
1.2612E-05 2.0000E-04
1.1313E-05 2.0000E-04
1.3781E-05 2.0000E-04
2.4137E-05 2.0000E-04
1.3840E-05 2.0000E-04
1.0917E-05 2.0000E-04
1.4736E-05 2.0000E-04
1.8691E-05 2.0000E-04
1.2774E-05 2.0000E-04
1.2491E-05 2.0000E-04
1.4296E-05 2.0000E-04
1.3444E-05 2.0000E-04
3.1386E-05 2.0000E-04
1.0790E-05 2.0000E-04
9.9273E-06 2.0000E-04
1.2948E-05 2.0000E-04
3.0519E-05 2.0000E-04
1.2634E-05 2.0000E-04
8.9999E-06 2.0000E-04
1.1705E-05 2.0000E-04
1.3314E-05 2.0000E-04
2.7282E-05 2.0000E-04
1.0491E-05 2.0000E-04
8.7838E-06 2.0000E-04
1.1193E-05 2.0000E-04
2.0441E-05 2.0000E-04
1.1442E-05 2.0000E-04
9.5706E-06 2.0000E-04
1.3498E-05 2.0000E-04
2.3089E-05 2.0000E-04
1.1912E-05 2.0000E-04
9.6939E-06 2.0000E-04
1.1485E-05 2.0000E-04
1.4265E-05 2.0000E-04
1.9265E-05 2.0000E-04
9.7260E-06 2.0000E-04
1.0629E-05 2.0000E-04
1.3003E-05 2.0000E-04
3.1928E-05 2.0000E-04
1.1012E-05 2.0000E-04
8.9170E-06 2.0000E-04
1.2060E-05 2.0000E-04
1.5201E-05 2.0000E-04
3.1531E-05 2.0000E-04
9.9882E-06 2.0000E-04
9.2695E-06 2.0000E-04
1.2002E-05 2.0000E-04
1.8099E-05 2.0000E-04
1.7511E-05 2.0000E-04
9.8272E-06 2.0000E-04
1.1796E-05 2.0000E-04
1.4385E-05 2.0000E-04
1.2516E-05 2.0000E-04
1.7158E-05 2.0000E-04
1.1857E-05 2.0000E-04
1.1408E-05 2.0000E-04
1.5973E-05 2.0000E-04
1.2882E-05 2.0000E-04
9.7724E-06 2.0000E-04
1.2485E-05 2.0000E-04
1.6947E-05 2.0000E-04
1.1415E-05 2.0000E-04
1.1027E-05 2.0000E-04
1.3185E-05 2.0000E-04
1.2381E-05 2.0000E-04
3.4178E-05 2.0000E-04
9.8089E-06 2.0000E-04
8.0865E-06 2.0000E-04
1.5986E-03 2.0000E-04
1.3253E-03 2.0000E-04
5.8338E-04 2.0000E-04
5.1302E-04 2.0000E-04
5.4850E-04 2.0000E-04
6.9035E-04 2.0000E-04
2.3067E-04 2.0000E-04
1.5956E-04 2.0000E-04
1.7529E-04 2.0000E-04
3.6479E-04 2.0000E-04
1.2900E-04 2.0000E-04
9.7568E-05 2.0000E-04
1.3523E-04 2.0000E-04
1.4217E-04 2.0000E-04
2.5939E-04 2.0000E-04
9.1106E-05 2.0000E-04
7.3481E-05 2.0000E-04
9.6240E-05 2.0000E-04
1.1506E-04 2.0000E-04
1.8418E-04 2.0000E-04
5.9529E-05 2.0000E-04
6.1220E-05 2.0000E-04
8.1353E-05 2.0000E-04
1.3054E-04 2.0000E-04
9.0321E-05 2.0000E-04
5.1339E-05 2.0000E-04
6.1881E-05 2.0000E-04
7.6737E-05 2.0000E-04
7.8134E-05 2.0000E-04
1.0442E-04 2.0000E-04
4.9116E-05 2.0000E-04
4.7211E-05 2.0000E-04
5.9642E-05 2.0000E-04
9.6347E-05 2.0000E-04
5.7488E-05 2.0000E-04
4.7055E-05 2.0000E-04
6.2742E-05 2.0000E-04
7.3923E-05 2.0000E-04
5.2776E-05 2.0000E-04
5.3689E-05 2.0000E-04
5.6739E-05 2.0000E-04
4.5368E-05 2.0000E-04
6.6780E-05 2.0000E-04
5.6812E-05 2.0000E-04
4.1363E-05 2.0000E-04
3.4410E-05 2.0000E-04
5.3679E-05 2.0000E-04
4.3527E-05 2.0000E-04
6.5379E-05 2.0000E-04
4.1076E-05 2.0000E-04
3.9320E-05 2.0000E-04
6.3312E-05 2.0000E-04
6.2989E-05 2.0000E-04
3.7353E-05 2.0000E-04
3.4500E-05 2.0000E-04
3.9583E-05 2.0000E-04
5.2815E-05 2.0000E-04
3.5380E-05 2.0000E-04
3.7797E-05 2.0000E-04
4.9072E-05 2.0000E-04
9.5608E-05 2.0000E-04
3.5400E-05 2.0000E-04
2.7324E-05 2.0000E-04
3.5856E-05 2.0000E-04
4.8056E-05 2.0000E-04
8.4985E-05 2.0000E-04
2.9205E-05 2.0000E-04
2.6633E-05 2.0000E-04
3.2964E-05 2.0000E-04
5.9244E-05 2.0000E-04
3.3237E-05 2.0000E-04
2.4165E-05 2.0000E-04
3.3416E-05 2.0000E-04
4.0987E-05 2.0000E-04
3.1807E-05 2.0000E-04
5.1839E-05 2.0000E-04
3.0625E-05 2.0000E-04
2.9059E-05 2.0000E-04
3.8240E-05 2.0000E-04
3.8063E-05 2.0000E-04
2.5695E-05 2.0000E-04
2.2992E-05 2.0000E-04
3.0731E-05 2.0000E-04
2.9719E-05 2.0000E-04
3.9720E-05 2.0000E-04
2.2524E-05 2.0000E-04
1.9560E-05 2.0000E-04
2.6352E-05 2.0000E-04
3.8593E-05 2.0000E-04
2.3024E-05 2.0000E-04
2.2196E-05 2.0000E-04
2.5560E-05 2.0000E-04
3.0163E-05 2.0000E-04
2.7032E-05 2.0000E-04
2.0035E-05 2.0000E-04
2.2878E-05 2.0000E-04
2.8536E-05 2.0000E-04
2.2600E-05 2.0000E-04
2.2569E-05 2.0000E-04
1.9439E-05 2.0000E-04
2.2061E-05 2.0000E-04
3.0887E-05 2.0000E-04
2.2393E-05 2.0000E-04
1.8807E-05 2.0000E-04
2.1624E-05 2.0000E-04
2.5382E-05 2.0000E-04
1.9308E-05 2.0000E-04
2.2830E-05 2.0000E-04
1.9647E-05 2.0000E-04
1.7499E-05 2.0000E-04
2.4138E-05 2.0000E-04
2.2238E-05 2.0000E-04
1.8153E-05 2.0000E-04
2.2103E-05 2.0000E-04
2.6088E-05 2.0000E-04
1.8180E-05 2.0000E-04
1.7887E-05 2.0000E-04
2.2131E-05 2.0000E-04
1.8929E-05 2.0000E-04
2.2512E-05 2.0000E-04
1.7263E-05 2.0000E-04
1.4457E-05 2.0000E-04
1.6925E-05 2.0000E-04
1.9945E-05 2.0000E-04
1.7782E-05 2.0000E-04
1.7579E-05 2.0000E-04
1.7522E-05 2.0000E-04
1.7479E-05 2.0000E-04
1.7476E-05 2.0000E-04
1.7480E-05 2.0000E-04
1.7467E-05 2.0000E-04
1.7466E-05 2.0000E-04
1.7434E-05 2.0000E-04
6.2636E-05 2.0000E-04
1.2033E-05 2.0000E-04
8.9505E-06 2.0000E-04
1.0296E-05 2.0000E-04
9.7657E-06 2.0000E-04
