Max Step   Target
7.9808E-03 1.2000E-03
9.2920E-03 1.2000E-03
1.6968E-02 1.2000E-03
8.0988E-03 1.2000E-03
2.8135E-03 1.2000E-03
7.6088E-03 1.2000E-03
4.7379E-03 1.2000E-03
2.5132E-03 1.2000E-03
8.6933E-03 1.2000E-03
5.2055E-03 1.2000E-03
1.2605E-03 1.2000E-03
2.9577E-03 1.2000E-03
1.3932E-03 1.2000E-03
4.4483E-03 1.2000E-03
2.5536E-03 1.2000E-03
6.9006E-04 1.2000E-03
1.2696E-03 1.2000E-03
1.5606E-03 1.2000E-03
1.8493E-03 1.2000E-03
3.1196E-03 1.2000E-03
1.8679E-03 1.2000E-03
5.5785E-04 1.2000E-03
