RMS Grad   Target
8.0230E-04 2.0000E-04
9.2612E-04 2.0000E-04
6.4023E-04 2.0000E-04
7.4480E-04 2.0000E-04
4.8285E-04 2.0000E-04
3.4346E-04 2.0000E-04
2.8173E-04 2.0000E-04
3.4437E-04 2.0000E-04
2.5715E-04 2.0000E-04
2.4164E-04 2.0000E-04
3.0946E-04 2.0000E-04
1.7948E-04 2.0000E-04
1.1913E-04 2.0000E-04
1.2141E-04 2.0000E-04
1.7594E-04 2.0000E-04
1.5611E-04 2.0000E-04
9.3327E-05 2.0000E-04
9.8366E-05 2.0000E-04
1.0053E-04 2.0000E-04
8.2566E-05 2.0000E-04
9.5792E-05 2.0000E-04
8.5358E-05 2.0000E-04
4.6195E-05 2.0000E-04
