538.9
155.6
188.4
169.1
185.6
164.7
147.9
154.0
154.1
151.9
152.3
121.8
152.7
144.7
153.6
115.4
121.6
152.3
156.2
120.1
120.9
148.7
123.0
122.9
154.4
120.5
120.1
122.5
152.6
122.2
123.4
153.8
120.6
116.1
150.4
120.1
125.1
122.5
120.3
121.9
122.3
123.3
124.8
123.4
122.8
117.4
122.6
124.6
121.8
122.9
113.5
116.2
115.3
119.7
123.3
120.4
120.8
124.3
123.7
122.4
120.8
121.7
121.5
122.0
121.7
122.0
117.8
123.6
122.2
121.8
105.2
105.3
103.3
122.8
121.8
105.5
118.9
124.4
125.3
126.7
105.9
106.2
106.7
123.4
122.0
106.7
122.7
121.9
106.0
107.2
139.5
126.0
114.2
105.8
106.3
106.7
106.7
137.9
124.7
108.3
108.2
104.9
