RMS Step   Target
2.2222E-03 1.2000E-03
3.9115E-03 1.2000E-03
4.3112E-03 1.2000E-03
3.4166E-03 1.2000E-03
5.4273E-03 1.2000E-03
5.9587E-03 1.2000E-03
6.0824E-03 1.2000E-03
1.0308E-03 1.2000E-03
1.2421E-03 1.2000E-03
1.8553E-03 1.2000E-03
4.8524E-03 1.2000E-03
1.4678E-03 1.2000E-03
1.3689E-03 1.2000E-03
2.7726E-03 1.2000E-03
4.5325E-03 1.2000E-03
8.9887E-03 1.2000E-03
1.3769E-03 1.2000E-03
7.6607E-04 1.2000E-03
1.8737E-03 1.2000E-03
2.7774E-03 1.2000E-03
5.1622E-04 1.2000E-03
3.4458E-04 1.2000E-03
8.6027E-04 1.2000E-03
1.0516E-03 1.2000E-03
2.7274E-03 1.2000E-03
8.4104E-04 1.2000E-03
3.7179E-04 1.2000E-03
6.1993E-04 1.2000E-03
7.5805E-04 1.2000E-03
1.3462E-04 1.2000E-03
2.4937E-04 1.2000E-03
2.4937E-04 1.2000E-03
