RMS Step   Target
2.8796E-04 8.0000E-04
2.6942E-03 8.0000E-04
8.3522E-04 8.0000E-04
1.5630E-03 8.0000E-04
1.6669E-03 8.0000E-04
1.0930E-03 8.0000E-04
5.7378E-04 8.0000E-04
9.7524E-04 8.0000E-04
1.5899E-03 8.0000E-04
5.3645E-04 8.0000E-04
4.1630E-04 8.0000E-04
8.3447E-04 8.0000E-04
1.3582E-03 8.0000E-04
1.2515E-03 8.0000E-04
5.6537E-04 8.0000E-04
4.0470E-04 8.0000E-04
6.6667E-04 8.0000E-04
1.5539E-03 8.0000E-04
1.3213E-03 8.0000E-04
3.7102E-04 8.0000E-04
8.3583E-04 8.0000E-04
9.8498E-04 8.0000E-04
7.0091E-04 8.0000E-04
1.1861E-03 8.0000E-04
6.4548E-04 8.0000E-04
3.3876E-04 8.0000E-04
1.1626E-03 8.0000E-04
7.0253E-04 8.0000E-04
1.1926E-04 8.0000E-04
5.7697E-04 8.0000E-04
8.2792E-04 8.0000E-04
1.8926E-03 8.0000E-04
7.0217E-03 8.0000E-04
3.5995E-03 8.0000E-04
7.0361E-03 8.0000E-04
3.0551E-03 8.0000E-04
1.7652E-03 8.0000E-04
1.5179E-03 8.0000E-04
1.4107E-03 8.0000E-04
2.8214E-03 8.0000E-04
2.9025E-03 8.0000E-04
1.3663E-03 8.0000E-04
1.3759E-03 8.0000E-04
1.9445E-03 8.0000E-04
1.1089E-03 8.0000E-04
1.4333E-03 8.0000E-04
9.1115E-04 8.0000E-04
5.0674E-04 8.0000E-04
7.5610E-04 8.0000E-04
7.5382E-04 8.0000E-04
5.1108E-04 8.0000E-04
3.7348E-04 8.0000E-04
3.5248E-04 8.0000E-04
6.0913E-04 8.0000E-04
6.0222E-04 8.0000E-04
5.6067E-04 8.0000E-04
5.3829E-04 8.0000E-04
4.3419E-04 8.0000E-04
3.5542E-04 8.0000E-04
6.2338E-04 8.0000E-04
8.4367E-04 8.0000E-04
5.5286E-04 8.0000E-04
7.0483E-04 8.0000E-04
3.2013E-04 8.0000E-04
2.6107E-04 8.0000E-04
7.5130E-04 8.0000E-04
4.4056E-04 8.0000E-04
7.4977E-05 8.0000E-04
4.2127E-04 8.0000E-04
4.9151E-04 8.0000E-04
3.9576E-04 8.0000E-04
5.7380E-04 8.0000E-04
4.1148E-04 8.0000E-04
2.0408E-04 8.0000E-04
4.4820E-04 8.0000E-04
3.8780E-04 8.0000E-04
1.7628E-04 8.0000E-04
5.1680E-04 8.0000E-04
3.1658E-04 8.0000E-04
5.1683E-04 8.0000E-04
5.4852E-04 8.0000E-04
1.8119E-04 8.0000E-04
1.1799E-04 8.0000E-04
3.3088E-04 8.0000E-04
6.4776E-04 8.0000E-04
3.0432E-04 8.0000E-04
1.9604E-04 8.0000E-04
3.5222E-04 8.0000E-04
4.8926E-04 8.0000E-04
4.9288E-04 8.0000E-04
4.2618E-04 8.0000E-04
3.4680E-04 8.0000E-04
1.5601E-04 8.0000E-04
2.9541E-04 8.0000E-04
3.9744E-04 8.0000E-04
3.8383E-04 8.0000E-04
4.6923E-04 8.0000E-04
4.9098E-04 8.0000E-04
2.8476E-04 8.0000E-04
2.7735E-04 8.0000E-04
4.0680E-04 8.0000E-04
5.0845E-04 8.0000E-04
3.3076E-04 8.0000E-04
4.5448E-04 8.0000E-04
4.2148E-04 8.0000E-04
3.2863E-04 8.0000E-04
2.8560E-04 8.0000E-04
2.7154E-04 8.0000E-04
2.7958E-04 8.0000E-04
3.8254E-04 8.0000E-04
4.1340E-04 8.0000E-04
2.4829E-04 8.0000E-04
4.6645E-04 8.0000E-04
2.8540E-04 8.0000E-04
1.2113E-04 8.0000E-04
2.1407E-04 8.0000E-04
3.0915E-04 8.0000E-04
5.6236E-04 8.0000E-04
1.9179E-04 8.0000E-04
1.1926E-04 8.0000E-04
1.7706E-04 8.0000E-04
3.8471E-04 8.0000E-04
3.2562E-04 8.0000E-04
2.7573E-04 8.0000E-04
2.7014E-04 8.0000E-04
2.9170E-04 8.0000E-04
3.3232E-04 8.0000E-04
3.3881E-04 8.0000E-04
1.7983E-04 8.0000E-04
2.6470E-04 8.0000E-04
2.4916E-04 8.0000E-04
2.8076E-04 8.0000E-04
3.6869E-04 8.0000E-04
3.0909E-04 8.0000E-04
2.3455E-04 8.0000E-04
3.8000E-04 8.0000E-04
2.2429E-04 8.0000E-04
8.5834E-05 8.0000E-04
3.4730E-04 8.0000E-04
2.7856E-04 8.0000E-04
3.1786E-04 8.0000E-04
4.7428E-04 8.0000E-04
2.4912E-04 8.0000E-04
5.5350E-05 8.0000E-04
1.9928E-04 8.0000E-04
1.9401E-04 8.0000E-04
5.1422E-04 8.0000E-04
4.9211E-04 8.0000E-04
1.2781E-04 8.0000E-04
8.8656E-05 8.0000E-04
1.5756E-04 8.0000E-04
3.6379E-04 8.0000E-04
1.9801E-04 8.0000E-04
3.1566E-04 8.0000E-04
2.3099E-04 8.0000E-04
4.3594E-04 8.0000E-04
1.7939E-04 8.0000E-04
7.1943E-05 8.0000E-04
1.3845E-04 8.0000E-04
3.3540E-04 8.0000E-04
2.3562E-04 8.0000E-04
3.3293E-04 8.0000E-04
2.4536E-04 8.0000E-04
3.5305E-04 8.0000E-04
2.2082E-04 8.0000E-04
2.2810E-04 8.0000E-04
2.5464E-04 8.0000E-04
1.9391E-04 8.0000E-04
4.0014E-04 8.0000E-04
1.9232E-04 8.0000E-04
3.8463E-04 8.0000E-04
2.2601E-04 8.0000E-04
3.0644E-04 8.0000E-04
2.4743E-04 8.0000E-04
2.1449E-04 8.0000E-04
8.9359E-05 8.0000E-04
2.7144E-04 8.0000E-04
2.5283E-04 8.0000E-04
2.5814E-04 8.0000E-04
4.7550E-04 8.0000E-04
1.3451E-04 8.0000E-04
1.3107E-04 8.0000E-04
1.5446E-04 8.0000E-04
2.7331E-04 8.0000E-04
1.7407E-04 8.0000E-04
3.3991E-04 8.0000E-04
2.6097E-04 8.0000E-04
3.0403E-04 8.0000E-04
4.3377E-04 8.0000E-04
2.1165E-04 8.0000E-04
1.1519E-04 8.0000E-04
1.0729E-04 8.0000E-04
2.8788E-04 8.0000E-04
4.1397E-04 8.0000E-04
4.2199E-04 8.0000E-04
1.3628E-04 8.0000E-04
2.4951E-04 8.0000E-04
3.2058E-04 8.0000E-04
3.0112E-04 8.0000E-04
2.4159E-04 8.0000E-04
2.5044E-04 8.0000E-04
3.4338E-04 8.0000E-04
2.7613E-04 8.0000E-04
3.2224E-04 8.0000E-04
3.3326E-04 8.0000E-04
3.6697E-04 8.0000E-04
4.4116E-04 8.0000E-04
2.2461E-04 8.0000E-04
2.2488E-04 8.0000E-04
3.2092E-04 8.0000E-04
6.6418E-04 8.0000E-04
1.9041E-04 8.0000E-04
3.6554E-04 8.0000E-04
3.8933E-04 8.0000E-04
8.7888E-04 8.0000E-04
2.5883E-04 8.0000E-04
1.4057E-04 8.0000E-04
3.4325E-04 8.0000E-04
3.4277E-04 8.0000E-04
7.1076E-04 8.0000E-04
2.8741E-04 8.0000E-04
7.9379E-04 8.0000E-04
5.6642E-04 8.0000E-04
6.0930E-04 8.0000E-04
5.3760E-04 8.0000E-04
4.3170E-04 8.0000E-04
6.3222E-04 8.0000E-04
5.4843E-04 8.0000E-04
3.5833E-04 8.0000E-04
1.2442E-03 8.0000E-04
8.1649E-04 8.0000E-04
2.0664E-03 8.0000E-04
2.1959E-04 8.0000E-04
1.0963E-03 8.0000E-04
1.3102E-03 8.0000E-04
2.6006E-03 8.0000E-04
3.4555E-04 8.0000E-04
1.9981E-03 8.0000E-04
1.6235E-03 8.0000E-04
2.7454E-03 8.0000E-04
2.3771E-03 8.0000E-04
2.5390E-03 8.0000E-04
1.3651E-03 8.0000E-04
8.1430E-04 8.0000E-04
1.5873E-03 8.0000E-04
2.9198E-03 8.0000E-04
1.9686E-03 8.0000E-04
5.0726E-03 8.0000E-04
2.8073E-03 8.0000E-04
8.0877E-04 8.0000E-04
2.7450E-03 8.0000E-04
2.4588E-03 8.0000E-04
7.7155E-04 8.0000E-04
8.4416E-04 8.0000E-04
9.2249E-04 8.0000E-04
6.9927E-04 8.0000E-04
1.3853E-03 8.0000E-04
3.3400E-04 8.0000E-04
4.3300E-04 8.0000E-04
9.0106E-04 8.0000E-04
1.7160E-03 8.0000E-04
2.3386E-03 8.0000E-04
4.3487E-04 8.0000E-04
7.8915E-04 8.0000E-04
6.4898E-04 8.0000E-04
1.6429E-03 8.0000E-04
9.3553E-04 8.0000E-04
4.5431E-04 8.0000E-04
9.1927E-04 8.0000E-04
1.5202E-03 8.0000E-04
3.8595E-04 8.0000E-04
5.5531E-04 8.0000E-04
6.5780E-04 8.0000E-04
1.1240E-03 8.0000E-04
1.1246E-03 8.0000E-04
3.2337E-04 8.0000E-04
6.1950E-04 8.0000E-04
6.3616E-04 8.0000E-04
6.1177E-04 8.0000E-04
1.2594E-03 8.0000E-04
6.2976E-04 8.0000E-04
2.0758E-04 8.0000E-04
7.8085E-04 8.0000E-04
5.8578E-04 8.0000E-04
5.1741E-04 8.0000E-04
1.8005E-03 8.0000E-04
7.3348E-04 8.0000E-04
1.1523E-04 8.0000E-04
1.0363E-03 8.0000E-04
1.1667E-03 8.0000E-04
5.1607E-04 8.0000E-04
1.1674E-03 8.0000E-04
8.6977E-04 8.0000E-04
1.9203E-03 8.0000E-04
2.7539E-04 8.0000E-04
4.5817E-04 8.0000E-04
4.2521E-04 8.0000E-04
1.3156E-03 8.0000E-04
3.1861E-04 8.0000E-04
8.6112E-04 8.0000E-04
9.1507E-04 8.0000E-04
2.0665E-03 8.0000E-04
4.1345E-04 8.0000E-04
2.6338E-04 8.0000E-04
4.4766E-04 8.0000E-04
9.2244E-04 8.0000E-04
1.0019E-04 8.0000E-04
6.7919E-04 8.0000E-04
8.5650E-04 8.0000E-04
2.1523E-03 8.0000E-04
1.1980E-03 8.0000E-04
1.0246E-03 8.0000E-04
7.4160E-04 8.0000E-04
2.0282E-03 8.0000E-04
7.8806E-04 8.0000E-04
1.2852E-03 8.0000E-04
8.2718E-04 8.0000E-04
1.8478E-03 8.0000E-04
2.7542E-03 8.0000E-04
9.3948E-04 8.0000E-04
2.1336E-03 8.0000E-04
6.6000E-04 8.0000E-04
1.4718E-03 8.0000E-04
1.4961E-03 8.0000E-04
1.1579E-03 8.0000E-04
2.4394E-03 8.0000E-04
2.3779E-03 8.0000E-04
6.0268E-04 8.0000E-04
2.9149E-03 8.0000E-04
1.4898E-03 8.0000E-04
5.4221E-04 8.0000E-04
2.8196E-03 8.0000E-04
1.6775E-03 8.0000E-04
1.0325E-03 8.0000E-04
2.9446E-03 8.0000E-04
5.3650E-04 8.0000E-04
1.7109E-03 8.0000E-04
1.3479E-03 8.0000E-04
2.0687E-03 8.0000E-04
9.9286E-04 8.0000E-04
1.9704E-03 8.0000E-04
1.8089E-03 8.0000E-04
8.5241E-04 8.0000E-04
2.0878E-03 8.0000E-04
1.1968E-03 8.0000E-04
5.1205E-04 8.0000E-04
5.1205E-04 8.0000E-04
1.9018E-03 8.0000E-04
1.7166E-03 8.0000E-04
2.9196E-03 8.0000E-04
5.7085E-04 8.0000E-04
1.8767E-03 8.0000E-04
9.1723E-04 8.0000E-04
2.6059E-03 8.0000E-04
2.1183E-03 8.0000E-04
1.3068E-03 8.0000E-04
1.7083E-03 8.0000E-04
2.5175E-03 8.0000E-04
8.7217E-04 8.0000E-04
7.9215E-04 8.0000E-04
1.4498E-03 8.0000E-04
3.7527E-03 8.0000E-04
1.8268E-03 8.0000E-04
9.2978E-04 8.0000E-04
1.4110E-03 8.0000E-04
4.2379E-03 8.0000E-04
2.7353E-03 8.0000E-04
5.0055E-04 8.0000E-04
5.6267E-04 8.0000E-04
9.8517E-04 8.0000E-04
2.4415E-03 8.0000E-04
2.8431E-03 8.0000E-04
4.3096E-04 8.0000E-04
1.1824E-03 8.0000E-04
8.4327E-04 8.0000E-04
1.5749E-03 8.0000E-04
2.7380E-03 8.0000E-04
5.0936E-04 8.0000E-04
3.9770E-04 8.0000E-04
1.0126E-03 8.0000E-04
2.2149E-03 8.0000E-04
3.8870E-04 8.0000E-04
5.0443E-04 8.0000E-04
1.3248E-03 8.0000E-04
1.1571E-03 8.0000E-04
3.6556E-03 8.0000E-04
1.4558E-03 8.0000E-04
2.0543E-04 8.0000E-04
7.5722E-04 8.0000E-04
2.1585E-03 8.0000E-04
5.3885E-04 8.0000E-04
7.6141E-04 8.0000E-04
8.7540E-04 8.0000E-04
1.2314E-03 8.0000E-04
1.1698E-03 8.0000E-04
3.0421E-04 8.0000E-04
5.9745E-04 8.0000E-04
8.1267E-04 8.0000E-04
5.9277E-04 8.0000E-04
6.8188E-04 8.0000E-04
6.5499E-04 8.0000E-04
1.2504E-03 8.0000E-04
9.5273E-04 8.0000E-04
2.1648E-04 8.0000E-04
4.2879E-04 8.0000E-04
8.2764E-04 8.0000E-04
8.2815E-04 8.0000E-04
1.1637E-03 8.0000E-04
9.9334E-04 8.0000E-04
1.0012E-03 8.0000E-04
1.0972E-03 8.0000E-04
1.1092E-03 8.0000E-04
7.4850E-04 8.0000E-04
1.4375E-03 8.0000E-04
1.5532E-03 8.0000E-04
7.9425E-04 8.0000E-04
1.3497E-03 8.0000E-04
1.6801E-03 8.0000E-04
3.8534E-03 8.0000E-04
2.6274E-03 8.0000E-04
8.9841E-04 8.0000E-04
2.9976E-03 8.0000E-04
1.6266E-03 8.0000E-04
6.9365E-03 8.0000E-04
1.9630E-03 8.0000E-04
2.9042E-03 8.0000E-04
9.4766E-04 8.0000E-04
3.6988E-03 8.0000E-04
2.2912E-03 8.0000E-04
5.3249E-03 8.0000E-04
1.0297E-03 8.0000E-04
1.6884E-03 8.0000E-04
2.1665E-03 8.0000E-04
1.7906E-03 8.0000E-04
1.4258E-03 8.0000E-04
2.2377E-03 8.0000E-04
1.0943E-03 8.0000E-04
2.2606E-03 8.0000E-04
1.8130E-03 8.0000E-04
1.3901E-03 8.0000E-04
1.2847E-03 8.0000E-04
1.9435E-03 8.0000E-04
1.0937E-03 8.0000E-04
5.9885E-04 8.0000E-04
5.7136E-04 8.0000E-04
9.5640E-04 8.0000E-04
7.8156E-04 8.0000E-04
9.8285E-04 8.0000E-04
7.5785E-04 8.0000E-04
7.3972E-04 8.0000E-04
8.1083E-04 8.0000E-04
5.1849E-04 8.0000E-04
4.1129E-04 8.0000E-04
8.9935E-04 8.0000E-04
9.0803E-04 8.0000E-04
3.3846E-04 8.0000E-04
7.8261E-04 8.0000E-04
6.7732E-04 8.0000E-04
4.8128E-04 8.0000E-04
7.0561E-04 8.0000E-04
5.0996E-04 8.0000E-04
3.7401E-04 8.0000E-04
7.5095E-04 8.0000E-04
4.6579E-04 8.0000E-04
1.9868E-04 8.0000E-04
6.7297E-04 8.0000E-04
4.5977E-04 8.0000E-04
2.1749E-04 8.0000E-04
6.8668E-04 8.0000E-04
3.6889E-04 8.0000E-04
2.3875E-04 8.0000E-04
7.9044E-04 8.0000E-04
3.1816E-04 8.0000E-04
5.5698E-05 8.0000E-04
3.3138E-04 8.0000E-04
3.4339E-04 8.0000E-04
8.9652E-04 8.0000E-04
2.0821E-04 8.0000E-04
9.8987E-05 8.0000E-04
2.4252E-04 8.0000E-04
5.9889E-04 8.0000E-04
1.1032E-04 8.0000E-04
2.3270E-04 8.0000E-04
2.6315E-04 8.0000E-04
5.5231E-04 8.0000E-04
7.6270E-04 8.0000E-04
1.0772E-04 8.0000E-04
8.7559E-05 8.0000E-04
1.9911E-04 8.0000E-04
5.2735E-04 8.0000E-04
4.2079E-04 8.0000E-04
2.9400E-04 8.0000E-04
3.2906E-04 8.0000E-04
3.8014E-04 8.0000E-04
2.2176E-04 8.0000E-04
2.8728E-04 8.0000E-04
2.7553E-04 8.0000E-04
4.6096E-04 8.0000E-04
4.5839E-04 8.0000E-04
1.6421E-04 8.0000E-04
1.8478E-04 8.0000E-04
2.4214E-04 8.0000E-04
5.2833E-04 8.0000E-04
2.1364E-04 8.0000E-04
1.6885E-04 8.0000E-04
2.6443E-04 8.0000E-04
4.5937E-04 8.0000E-04
1.3878E-04 8.0000E-04
9.9889E-05 8.0000E-04
1.8581E-04 8.0000E-04
4.2954E-04 8.0000E-04
1.7889E-04 8.0000E-04
1.1896E-04 8.0000E-04
1.8746E-04 8.0000E-04
3.4890E-04 8.0000E-04
2.1735E-04 8.0000E-04
1.5330E-04 8.0000E-04
2.1445E-04 8.0000E-04
2.8357E-04 8.0000E-04
1.0648E-04 8.0000E-04
2.0224E-04 8.0000E-04
1.4703E-04 8.0000E-04
3.4382E-04 8.0000E-04
2.7494E-04 8.0000E-04
5.1715E-05 8.0000E-04
1.0018E-04 8.0000E-04
2.0705E-04 8.0000E-04
5.0359E-04 8.0000E-04
1.0953E-04 8.0000E-04
8.2915E-05 8.0000E-04
2.1308E-04 8.0000E-04
3.2453E-04 8.0000E-04
3.3714E-04 8.0000E-04
1.3089E-04 8.0000E-04
2.0300E-04 8.0000E-04
2.0231E-04 8.0000E-04
1.6619E-04 8.0000E-04
3.3306E-04 8.0000E-04
1.8550E-04 8.0000E-04
1.2943E-04 8.0000E-04
3.7550E-04 8.0000E-04
1.1435E-04 8.0000E-04
1.7630E-05 8.0000E-04
1.9002E-04 8.0000E-04
3.0264E-04 8.0000E-04
4.7323E-05 8.0000E-04
