Max Step   Target
1.6645E-03 1.2000E-03
4.4994E-03 1.2000E-03
4.8882E-03 1.2000E-03
1.6374E-02 1.2000E-03
1.0209E-02 1.2000E-03
3.7044E-03 1.2000E-03
2.0399E-03 1.2000E-03
2.2504E-03 1.2000E-03
9.3900E-03 1.2000E-03
1.3456E-02 1.2000E-03
3.6317E-03 1.2000E-03
3.2429E-03 1.2000E-03
4.0754E-03 1.2000E-03
1.2288E-02 1.2000E-03
7.0236E-03 1.2000E-03
2.0093E-03 1.2000E-03
7.8155E-03 1.2000E-03
1.2542E-02 1.2000E-03
7.1063E-03 1.2000E-03
5.2172E-03 1.2000E-03
5.3017E-03 1.2000E-03
1.0343E-02 1.2000E-03
1.0679E-02 1.2000E-03
4.3379E-03 1.2000E-03
6.5739E-03 1.2000E-03
4.7628E-03 1.2000E-03
5.7145E-03 1.2000E-03
1.2383E-02 1.2000E-03
7.8010E-03 1.2000E-03
1.7326E-03 1.2000E-03
7.1793E-03 1.2000E-03
5.7477E-03 1.2000E-03
7.4341E-03 1.2000E-03
1.1668E-02 1.2000E-03
4.7903E-03 1.2000E-03
1.4459E-03 1.2000E-03
4.6649E-03 1.2000E-03
1.0895E-02 1.2000E-03
3.4115E-03 1.2000E-03
4.2654E-03 1.2000E-03
6.2872E-03 1.2000E-03
8.5347E-03 1.2000E-03
1.5148E-02 1.2000E-03
3.6141E-03 1.2000E-03
1.0021E-03 1.2000E-03
3.9304E-03 1.2000E-03
1.0338E-02 1.2000E-03
1.4777E-02 1.2000E-03
3.5875E-03 1.2000E-03
5.5661E-03 1.2000E-03
5.7166E-03 1.2000E-03
1.0371E-02 1.2000E-03
6.0911E-03 1.2000E-03
5.0382E-03 1.2000E-03
5.8750E-03 1.2000E-03
1.2062E-02 1.2000E-03
4.4831E-03 1.2000E-03
2.4440E-03 1.2000E-03
4.7552E-03 1.2000E-03
1.0394E-02 1.2000E-03
6.3787E-03 1.2000E-03
2.9918E-03 1.2000E-03
5.8823E-03 1.2000E-03
8.4446E-03 1.2000E-03
6.7410E-03 1.2000E-03
3.1072E-03 1.2000E-03
2.8715E-03 1.2000E-03
5.5963E-03 1.2000E-03
5.6672E-03 1.2000E-03
6.6749E-03 1.2000E-03
6.4442E-03 1.2000E-03
4.5985E-03 1.2000E-03
7.3188E-03 1.2000E-03
3.3252E-03 1.2000E-03
1.5222E-03 1.2000E-03
4.9747E-03 1.2000E-03
6.6060E-03 1.2000E-03
1.3098E-03 1.2000E-03
4.6074E-03 1.2000E-03
4.8892E-03 1.2000E-03
4.8892E-03 1.2000E-03
8.4232E-03 1.2000E-03
9.7805E-03 1.2000E-03
3.5108E-03 1.2000E-03
1.3121E-03 1.2000E-03
2.1948E-03 1.2000E-03
5.7761E-03 1.2000E-03
5.3519E-03 1.2000E-03
5.1618E-03 1.2000E-03
5.9107E-03 1.2000E-03
6.3759E-03 1.2000E-03
2.0371E-03 1.2000E-03
2.7787E-03 1.2000E-03
2.1441E-03 1.2000E-03
3.3795E-03 1.2000E-03
8.2700E-03 1.2000E-03
3.8386E-03 1.2000E-03
1.7387E-03 1.2000E-03
3.6765E-03 1.2000E-03
6.5435E-03 1.2000E-03
9.1619E-04 1.2000E-03
1.4037E-03 1.2000E-03
2.4465E-03 1.2000E-03
5.7717E-03 1.2000E-03
1.1114E-02 1.2000E-03
7.8459E-04 1.2000E-03
1.2149E-03 1.2000E-03
2.8871E-03 1.2000E-03
7.0213E-03 1.2000E-03
3.7872E-03 1.2000E-03
3.7106E-03 1.2000E-03
4.0493E-03 1.2000E-03
8.2224E-03 1.2000E-03
2.1175E-03 1.2000E-03
2.6367E-03 1.2000E-03
2.7190E-03 1.2000E-03
7.7791E-03 1.2000E-03
6.1124E-03 1.2000E-03
4.6093E-03 1.2000E-03
5.0005E-03 1.2000E-03
5.8214E-03 1.2000E-03
4.5456E-03 1.2000E-03
8.6932E-03 1.2000E-03
5.4741E-03 1.2000E-03
2.1204E-03 1.2000E-03
1.1112E-02 1.2000E-03
7.7257E-03 1.2000E-03
1.1215E-03 1.2000E-03
6.0961E-03 1.2000E-03
7.0595E-03 1.2000E-03
1.5015E-02 1.2000E-03
5.9214E-03 1.2000E-03
3.3907E-03 1.2000E-03
5.5775E-03 1.2000E-03
1.0796E-02 1.2000E-03
7.5999E-03 1.2000E-03
8.4865E-03 1.2000E-03
8.3514E-03 1.2000E-03
1.0473E-02 1.2000E-03
6.9244E-03 1.2000E-03
9.6234E-03 1.2000E-03
8.9432E-03 1.2000E-03
7.4844E-03 1.2000E-03
1.1901E-02 1.2000E-03
1.2128E-02 1.2000E-03
2.7259E-03 1.2000E-03
9.6018E-03 1.2000E-03
8.9398E-03 1.2000E-03
2.4312E-02 1.2000E-03
5.5656E-03 1.2000E-03
8.6299E-03 1.2000E-03
3.2646E-03 1.2000E-03
1.2987E-02 1.2000E-03
6.2973E-03 1.2000E-03
1.8921E-02 1.2000E-03
1.7335E-02 1.2000E-03
1.3628E-02 1.2000E-03
2.0188E-02 1.2000E-03
1.3559E-02 1.2000E-03
5.2870E-03 1.2000E-03
1.7159E-02 1.2000E-03
5.7731E-03 1.2000E-03
8.0943E-03 1.2000E-03
2.8424E-02 1.2000E-03
3.4117E-02 1.2000E-03
5.4288E-03 1.2000E-03
2.2561E-02 1.2000E-03
4.2993E-03 1.2000E-03
1.1848E-02 1.2000E-03
2.1814E-02 1.2000E-03
2.3181E-02 1.2000E-03
9.2559E-03 1.2000E-03
2.3765E-02 1.2000E-03
2.5212E-02 1.2000E-03
3.1715E-02 1.2000E-03
4.7126E-02 1.2000E-03
5.0373E-03 1.2000E-03
4.0520E-02 1.2000E-03
1.4898E-02 1.2000E-03
9.0380E-03 1.2000E-03
2.7935E-02 1.2000E-03
3.7196E-02 1.2000E-03
1.8756E-02 1.2000E-03
2.8139E-02 1.2000E-03
3.0049E-02 1.2000E-03
2.0259E-02 1.2000E-03
4.3895E-02 1.2000E-03
3.6079E-02 1.2000E-03
2.0221E-02 1.2000E-03
9.7307E-02 1.2000E-03
2.0395E-02 1.2000E-03
1.2161E-02 1.2000E-03
3.1888E-02 1.2000E-03
6.1798E-02 1.2000E-03
5.4448E-02 1.2000E-03
5.9862E-02 1.2000E-03
6.4045E-02 1.2000E-03
8.6321E-02 1.2000E-03
4.4042E-02 1.2000E-03
7.4737E-02 1.2000E-03
1.9331E-02 1.2000E-03
3.3835E-02 1.2000E-03
3.3932E-02 1.2000E-03
9.6781E-02 1.2000E-03
3.1849E-02 1.2000E-03
5.4069E-02 1.2000E-03
9.5116E-02 1.2000E-03
1.7431E-01 1.2000E-03
6.0179E-02 1.2000E-03
5.9574E-02 1.2000E-03
5.1530E-02 1.2000E-03
4.8315E-02 1.2000E-03
4.9554E-02 1.2000E-03
1.3522E-01 1.2000E-03
1.1946E-02 1.2000E-03
3.7270E-02 1.2000E-03
1.7567E-02 1.2000E-03
1.7521E-01 1.2000E-03
4.1274E-02 1.2000E-03
2.6078E-02 1.2000E-03
5.5350E-02 1.2000E-03
9.6312E-02 1.2000E-03
6.7693E-03 1.2000E-03
7.6068E-03 1.2000E-03
3.3005E-02 1.2000E-03
3.7142E-02 1.2000E-03
3.7498E-02 1.2000E-03
3.7400E-03 1.2000E-03
4.5214E-02 1.2000E-03
3.1889E-02 1.2000E-03
2.4419E-02 1.2000E-03
4.0258E-02 1.2000E-03
1.6981E-02 1.2000E-03
3.4958E-02 1.2000E-03
4.3523E-02 1.2000E-03
1.9465E-02 1.2000E-03
4.1106E-03 1.2000E-03
1.0644E-02 1.2000E-03
2.3996E-02 1.2000E-03
5.5562E-03 1.2000E-03
6.2276E-03 1.2000E-03
2.2642E-02 1.2000E-03
1.7170E-02 1.2000E-03
4.8938E-02 1.2000E-03
1.0853E-02 1.2000E-03
1.3665E-02 1.2000E-03
2.3731E-02 1.2000E-03
4.2853E-02 1.2000E-03
2.5283E-02 1.2000E-03
9.1830E-03 1.2000E-03
1.2863E-02 1.2000E-03
3.4607E-02 1.2000E-03
1.6522E-02 1.2000E-03
1.7498E-02 1.2000E-03
1.4992E-02 1.2000E-03
1.9072E-02 1.2000E-03
2.5456E-02 1.2000E-03
1.3294E-02 1.2000E-03
9.2509E-03 1.2000E-03
2.0359E-02 1.2000E-03
2.7529E-02 1.2000E-03
4.0346E-03 1.2000E-03
1.4477E-02 1.2000E-03
1.5600E-02 1.2000E-03
4.4222E-02 1.2000E-03
8.5699E-03 1.2000E-03
2.8599E-03 1.2000E-03
1.7067E-02 1.2000E-03
2.8354E-02 1.2000E-03
3.1028E-02 1.2000E-03
2.1464E-02 1.2000E-03
3.1924E-02 1.2000E-03
1.7426E-02 1.2000E-03
2.7059E-02 1.2000E-03
8.4358E-03 1.2000E-03
1.7252E-02 1.2000E-03
2.3276E-02 1.2000E-03
3.2609E-02 1.2000E-03
1.7096E-02 1.2000E-03
6.4456E-03 1.2000E-03
1.3055E-02 1.2000E-03
2.1258E-02 1.2000E-03
6.8099E-03 1.2000E-03
1.0678E-02 1.2000E-03
1.1659E-02 1.2000E-03
2.1764E-02 1.2000E-03
6.3034E-03 1.2000E-03
3.9743E-03 1.2000E-03
5.0882E-03 1.2000E-03
2.3452E-02 1.2000E-03
5.8328E-03 1.2000E-03
3.9656E-03 1.2000E-03
5.0546E-03 1.2000E-03
2.0096E-02 1.2000E-03
1.2254E-02 1.2000E-03
2.5572E-03 1.2000E-03
9.0215E-03 1.2000E-03
5.3805E-03 1.2000E-03
2.1706E-02 1.2000E-03
1.0519E-02 1.2000E-03
2.8043E-03 1.2000E-03
9.2482E-03 1.2000E-03
1.0346E-02 1.2000E-03
7.5795E-03 1.2000E-03
8.2841E-03 1.2000E-03
8.1726E-03 1.2000E-03
1.7961E-02 1.2000E-03
8.9392E-03 1.2000E-03
2.4747E-03 1.2000E-03
6.2522E-03 1.2000E-03
1.2543E-02 1.2000E-03
1.0741E-02 1.2000E-03
1.3340E-02 1.2000E-03
1.2067E-02 1.2000E-03
1.0106E-02 1.2000E-03
1.3250E-02 1.2000E-03
1.5364E-02 1.2000E-03
3.3326E-03 1.2000E-03
8.0569E-03 1.2000E-03
1.1549E-02 1.2000E-03
2.9038E-02 1.2000E-03
5.6649E-03 1.2000E-03
5.8646E-03 1.2000E-03
8.8181E-03 1.2000E-03
2.4129E-02 1.2000E-03
5.0421E-03 1.2000E-03
1.0177E-02 1.2000E-03
1.2732E-02 1.2000E-03
2.4455E-02 1.2000E-03
1.1491E-02 1.2000E-03
9.4877E-03 1.2000E-03
1.1782E-02 1.2000E-03
2.0995E-02 1.2000E-03
1.2691E-02 1.2000E-03
2.0775E-02 1.2000E-03
1.6091E-02 1.2000E-03
2.9327E-02 1.2000E-03
2.1044E-02 1.2000E-03
1.7153E-02 1.2000E-03
7.0357E-03 1.2000E-03
2.0756E-02 1.2000E-03
2.0628E-02 1.2000E-03
3.0600E-02 1.2000E-03
3.0600E-02 1.2000E-03
2.2445E-02 1.2000E-03
3.8855E-02 1.2000E-03
9.5090E-03 1.2000E-03
2.1543E-02 1.2000E-03
7.0046E-03 1.2000E-03
1.0884E-02 1.2000E-03
2.0574E-02 1.2000E-03
2.2958E-02 1.2000E-03
1.0428E-02 1.2000E-03
3.0936E-02 1.2000E-03
2.2660E-02 1.2000E-03
3.2448E-03 1.2000E-03
4.8461E-03 1.2000E-03
1.2504E-02 1.2000E-03
9.1472E-03 1.2000E-03
2.4431E-02 1.2000E-03
8.2221E-03 1.2000E-03
1.4337E-02 1.2000E-03
1.9012E-02 1.2000E-03
9.1304E-03 1.2000E-03
6.0623E-03 1.2000E-03
1.5666E-02 1.2000E-03
5.5722E-03 1.2000E-03
1.5676E-02 1.2000E-03
2.4681E-03 1.2000E-03
2.1400E-03 1.2000E-03
1.1434E-02 1.2000E-03
1.7730E-02 1.2000E-03
2.9646E-02 1.2000E-03
3.5073E-03 1.2000E-03
2.8599E-03 1.2000E-03
3.3458E-03 1.2000E-03
2.0334E-02 1.2000E-03
2.7417E-03 1.2000E-03
1.4480E-02 1.2000E-03
8.7098E-03 1.2000E-03
4.3053E-02 1.2000E-03
3.9812E-03 1.2000E-03
3.7162E-03 1.2000E-03
6.4119E-03 1.2000E-03
1.2877E-02 1.2000E-03
6.6285E-03 1.2000E-03
1.8249E-02 1.2000E-03
8.1002E-03 1.2000E-03
2.3807E-02 1.2000E-03
2.0061E-02 1.2000E-03
8.2352E-03 1.2000E-03
1.5004E-02 1.2000E-03
2.2281E-02 1.2000E-03
5.3045E-03 1.2000E-03
1.5253E-02 1.2000E-03
8.4970E-03 1.2000E-03
3.9791E-02 1.2000E-03
1.0901E-02 1.2000E-03
2.1476E-02 1.2000E-03
6.4838E-03 1.2000E-03
3.6180E-02 1.2000E-03
2.3901E-02 1.2000E-03
3.6301E-02 1.2000E-03
2.6320E-02 1.2000E-03
2.5465E-02 1.2000E-03
4.4381E-02 1.2000E-03
3.7732E-02 1.2000E-03
6.6633E-03 1.2000E-03
5.6570E-02 1.2000E-03
4.1418E-02 1.2000E-03
4.1800E-02 1.2000E-03
6.4087E-02 1.2000E-03
3.4591E-02 1.2000E-03
3.3695E-02 1.2000E-03
4.2521E-02 1.2000E-03
1.3041E-02 1.2000E-03
3.9787E-02 1.2000E-03
3.1371E-02 1.2000E-03
2.7311E-02 1.2000E-03
2.3716E-02 1.2000E-03
3.6001E-02 1.2000E-03
9.4154E-03 1.2000E-03
1.3259E-02 1.2000E-03
1.2007E-02 1.2000E-03
1.0616E-02 1.2000E-03
1.1845E-02 1.2000E-03
2.0507E-02 1.2000E-03
6.6037E-03 1.2000E-03
9.9042E-03 1.2000E-03
5.6532E-03 1.2000E-03
4.9316E-03 1.2000E-03
5.9534E-03 1.2000E-03
1.4344E-02 1.2000E-03
9.1125E-03 1.2000E-03
1.0793E-02 1.2000E-03
6.0716E-03 1.2000E-03
9.2672E-03 1.2000E-03
2.0133E-02 1.2000E-03
2.5751E-02 1.2000E-03
6.6176E-03 1.2000E-03
6.5854E-03 1.2000E-03
6.5213E-03 1.2000E-03
2.7429E-02 1.2000E-03
6.0469E-03 1.2000E-03
1.3828E-03 1.2000E-03
7.0931E-03 1.2000E-03
1.0007E-02 1.2000E-03
2.3182E-02 1.2000E-03
3.7418E-03 1.2000E-03
6.0000E-03 1.2000E-03
9.5992E-03 1.2000E-03
1.7956E-02 1.2000E-03
9.4377E-03 1.2000E-03
9.5575E-03 1.2000E-03
8.3930E-03 1.2000E-03
1.8902E-02 1.2000E-03
7.0063E-03 1.2000E-03
9.2836E-03 1.2000E-03
9.9126E-03 1.2000E-03
1.8038E-02 1.2000E-03
1.5956E-02 1.2000E-03
1.5181E-02 1.2000E-03
2.6797E-03 1.2000E-03
1.9956E-02 1.2000E-03
1.2277E-02 1.2000E-03
1.0680E-02 1.2000E-03
2.0022E-02 1.2000E-03
2.1477E-02 1.2000E-03
1.6851E-02 1.2000E-03
2.1374E-02 1.2000E-03
1.2278E-02 1.2000E-03
9.5043E-03 1.2000E-03
2.3494E-02 1.2000E-03
2.8259E-02 1.2000E-03
6.3480E-03 1.2000E-03
2.1150E-02 1.2000E-03
1.6569E-02 1.2000E-03
4.4431E-02 1.2000E-03
1.5995E-02 1.2000E-03
1.4851E-02 1.2000E-03
1.0862E-02 1.2000E-03
2.8176E-02 1.2000E-03
1.2842E-02 1.2000E-03
4.1204E-02 1.2000E-03
2.1736E-02 1.2000E-03
1.9109E-02 1.2000E-03
4.9278E-02 1.2000E-03
2.7316E-02 1.2000E-03
2.6638E-03 1.2000E-03
2.2959E-02 1.2000E-03
1.9794E-02 1.2000E-03
8.1419E-02 1.2000E-03
2.4515E-02 1.2000E-03
2.1847E-02 1.2000E-03
1.9692E-02 1.2000E-03
6.1234E-02 1.2000E-03
8.6160E-03 1.2000E-03
4.4730E-02 1.2000E-03
9.0843E-03 1.2000E-03
5.5914E-02 1.2000E-03
7.9322E-02 1.2000E-03
2.8794E-02 1.2000E-03
5.5703E-03 1.2000E-03
4.9840E-02 1.2000E-03
1.6418E-02 1.2000E-03
3.6791E-02 1.2000E-03
5.2948E-02 1.2000E-03
2.3882E-02 1.2000E-03
6.6489E-02 1.2000E-03
2.0758E-02 1.2000E-03
4.0979E-03 1.2000E-03
6.1443E-02 1.2000E-03
2.1446E-02 1.2000E-03
3.6552E-02 1.2000E-03
3.3900E-02 1.2000E-03
2.5695E-02 1.2000E-03
3.1504E-02 1.2000E-03
4.2828E-02 1.2000E-03
3.0587E-02 1.2000E-03
3.6007E-02 1.2000E-03
1.1269E-02 1.2000E-03
4.8566E-02 1.2000E-03
6.1505E-02 1.2000E-03
3.0209E-02 1.2000E-03
2.5210E-02 1.2000E-03
3.3134E-02 1.2000E-03
2.5291E-02 1.2000E-03
8.0971E-03 1.2000E-03
1.6000E-02 1.2000E-03
3.0496E-02 1.2000E-03
9.6049E-03 1.2000E-03
2.2889E-02 1.2000E-03
3.4736E-02 1.2000E-03
2.3745E-02 1.2000E-03
2.6760E-02 1.2000E-03
3.6030E-02 1.2000E-03
6.1470E-03 1.2000E-03
2.0348E-02 1.2000E-03
8.2402E-03 1.2000E-03
1.5047E-02 1.2000E-03
1.6730E-02 1.2000E-03
3.9548E-02 1.2000E-03
9.0154E-03 1.2000E-03
3.7435E-02 1.2000E-03
5.6178E-03 1.2000E-03
1.0931E-02 1.2000E-03
3.9385E-02 1.2000E-03
2.7589E-02 1.2000E-03
3.1678E-03 1.2000E-03
5.5415E-03 1.2000E-03
6.1258E-03 1.2000E-03
3.5791E-02 1.2000E-03
1.1164E-02 1.2000E-03
1.0602E-02 1.2000E-03
1.9758E-02 1.2000E-03
1.7418E-02 1.2000E-03
9.2450E-03 1.2000E-03
2.2893E-02 1.2000E-03
8.2225E-03 1.2000E-03
1.0376E-02 1.2000E-03
2.5935E-02 1.2000E-03
1.4592E-02 1.2000E-03
4.1904E-03 1.2000E-03
1.7890E-02 1.2000E-03
2.1449E-02 1.2000E-03
1.2509E-02 1.2000E-03
2.0639E-02 1.2000E-03
1.9459E-02 1.2000E-03
2.5177E-02 1.2000E-03
2.8586E-02 1.2000E-03
5.7902E-03 1.2000E-03
8.0454E-03 1.2000E-03
1.9872E-02 1.2000E-03
4.4782E-02 1.2000E-03
3.5102E-02 1.2000E-03
1.5474E-02 1.2000E-03
3.2808E-02 1.2000E-03
3.4534E-02 1.2000E-03
3.4546E-02 1.2000E-03
6.0969E-02 1.2000E-03
6.9039E-02 1.2000E-03
1.1609E-02 1.2000E-03
1.9280E-01 1.2000E-03
7.5400E-02 1.2000E-03
3.8363E-02 1.2000E-03
9.2137E-02 1.2000E-03
2.1549E-01 1.2000E-03
2.4092E-02 1.2000E-03
3.6571E-02 1.2000E-03
9.9444E-02 1.2000E-03
5.2834E-02 1.2000E-03
1.3428E-01 1.2000E-03
8.7204E-02 1.2000E-03
7.4372E-02 1.2000E-03
8.4355E-02 1.2000E-03
7.7588E-02 1.2000E-03
9.0707E-02 1.2000E-03
7.0075E-02 1.2000E-03
4.8941E-02 1.2000E-03
1.4920E-02 1.2000E-03
1.4178E-01 1.2000E-03
5.4952E-02 1.2000E-03
2.7610E-02 1.2000E-03
5.0750E-02 1.2000E-03
1.3545E-01 1.2000E-03
4.2520E-02 1.2000E-03
1.0463E-02 1.2000E-03
1.7947E-02 1.2000E-03
6.4438E-02 1.2000E-03
2.5740E-02 1.2000E-03
2.6757E-02 1.2000E-03
3.8292E-02 1.2000E-03
2.4795E-02 1.2000E-03
1.3396E-02 1.2000E-03
2.8483E-02 1.2000E-03
1.0987E-02 1.2000E-03
1.1686E-02 1.2000E-03
4.8291E-02 1.2000E-03
4.3371E-02 1.2000E-03
8.1770E-03 1.2000E-03
6.4113E-03 1.2000E-03
2.2620E-02 1.2000E-03
2.5561E-02 1.2000E-03
8.8555E-02 1.2000E-03
2.7702E-02 1.2000E-03
9.5827E-03 1.2000E-03
1.9154E-02 1.2000E-03
3.9627E-02 1.2000E-03
2.8285E-02 1.2000E-03
2.7047E-02 1.2000E-03
2.4243E-02 1.2000E-03
3.7815E-02 1.2000E-03
1.8794E-02 1.2000E-03
1.9446E-02 1.2000E-03
2.2068E-02 1.2000E-03
3.7568E-02 1.2000E-03
2.5788E-02 1.2000E-03
2.9691E-02 1.2000E-03
1.6874E-02 1.2000E-03
2.8074E-02 1.2000E-03
3.9852E-02 1.2000E-03
1.3807E-02 1.2000E-03
2.8365E-02 1.2000E-03
2.8365E-02 1.2000E-03
2.6392E-08 1.2000E-03
1.5900E-03 1.2000E-03
7.1569E-04 1.2000E-03
1.2369E-03 1.2000E-03
2.0878E-03 1.2000E-03
4.3001E-03 1.2000E-03
5.8656E-03 1.2000E-03
4.3286E-03 1.2000E-03
3.3492E-03 1.2000E-03
6.1184E-03 1.2000E-03
1.0212E-02 1.2000E-03
8.3537E-03 1.2000E-03
6.1119E-03 1.2000E-03
9.2496E-03 1.2000E-03
1.2576E-02 1.2000E-03
1.3351E-02 1.2000E-03
1.8085E-02 1.2000E-03
8.7915E-03 1.2000E-03
9.3331E-03 1.2000E-03
2.8056E-02 1.2000E-03
1.7774E-02 1.2000E-03
6.4135E-03 1.2000E-03
1.8557E-02 1.2000E-03
2.8485E-02 1.2000E-03
9.5237E-03 1.2000E-03
1.8562E-02 1.2000E-03
1.5276E-02 1.2000E-03
4.3649E-02 1.2000E-03
2.2416E-02 1.2000E-03
2.6232E-03 1.2000E-03
1.3701E-02 1.2000E-03
2.5833E-02 1.2000E-03
1.8311E-02 1.2000E-03
3.0903E-02 1.2000E-03
2.0834E-02 1.2000E-03
2.3306E-02 1.2000E-03
2.9187E-02 1.2000E-03
2.5077E-02 1.2000E-03
4.6378E-03 1.2000E-03
3.4007E-03 1.2000E-03
1.2570E-02 1.2000E-03
2.8612E-02 1.2000E-03
5.6581E-03 1.2000E-03
1.1277E-02 1.2000E-03
7.3341E-03 1.2000E-03
1.9417E-02 1.2000E-03
4.6409E-03 1.2000E-03
1.3377E-03 1.2000E-03
4.0033E-03 1.2000E-03
9.6421E-03 1.2000E-03
1.3545E-02 1.2000E-03
2.2960E-03 1.2000E-03
9.6515E-04 1.2000E-03
2.8807E-03 1.2000E-03
7.1183E-03 1.2000E-03
4.1438E-03 1.2000E-03
1.4706E-03 1.2000E-03
3.8041E-03 1.2000E-03
6.9678E-03 1.2000E-03
4.9510E-03 1.2000E-03
3.1133E-03 1.2000E-03
5.4212E-03 1.2000E-03
6.3408E-03 1.2000E-03
4.1514E-03 1.2000E-03
1.6565E-03 1.2000E-03
3.1840E-03 1.2000E-03
5.9253E-03 1.2000E-03
4.2970E-03 1.2000E-03
2.8562E-03 1.2000E-03
3.2600E-03 1.2000E-03
3.3956E-03 1.2000E-03
4.0094E-03 1.2000E-03
4.0136E-03 1.2000E-03
2.4060E-03 1.2000E-03
2.4569E-03 1.2000E-03
4.6775E-03 1.2000E-03
2.4440E-03 1.2000E-03
1.0924E-03 1.2000E-03
2.2521E-03 1.2000E-03
4.5420E-03 1.2000E-03
3.2365E-03 1.2000E-03
2.6771E-03 1.2000E-03
3.1484E-03 1.2000E-03
3.7673E-03 1.2000E-03
1.3566E-03 1.2000E-03
1.8729E-03 1.2000E-03
2.0512E-03 1.2000E-03
5.0604E-03 1.2000E-03
2.8167E-03 1.2000E-03
5.8640E-04 1.2000E-03
1.6073E-03 1.2000E-03
2.7729E-03 1.2000E-03
2.1290E-03 1.2000E-03
3.0202E-03 1.2000E-03
2.4841E-03 1.2000E-03
4.4617E-03 1.2000E-03
2.0053E-03 1.2000E-03
1.3209E-03 1.2000E-03
1.9198E-03 1.2000E-03
3.1143E-03 1.2000E-03
2.5459E-03 1.2000E-03
2.7631E-03 1.2000E-03
2.1659E-03 1.2000E-03
3.1827E-03 1.2000E-03
2.8346E-03 1.2000E-03
1.1733E-03 1.2000E-03
1.1220E-03 1.2000E-03
2.5940E-03 1.2000E-03
3.9709E-03 1.2000E-03
1.2396E-03 1.2000E-03
1.8572E-03 1.2000E-03
1.5210E-03 1.2000E-03
3.1344E-03 1.2000E-03
2.1504E-03 1.2000E-03
1.4196E-03 1.2000E-03
1.7133E-03 1.2000E-03
2.5590E-03 1.2000E-03
2.7255E-03 1.2000E-03
9.9031E-04 1.2000E-03
