RMS Grad   Target
7.2521E-04 2.0000E-04
5.3413E-04 2.0000E-04
4.1897E-04 2.0000E-04
4.7240E-04 2.0000E-04
6.0034E-04 2.0000E-04
5.8925E-04 2.0000E-04
2.0752E-04 2.0000E-04
1.4826E-04 2.0000E-04
1.6982E-04 2.0000E-04
2.8293E-04 2.0000E-04
3.7691E-04 2.0000E-04
1.6546E-04 2.0000E-04
1.3293E-04 2.0000E-04
1.4704E-04 2.0000E-04
3.2582E-04 2.0000E-04
1.3602E-04 2.0000E-04
1.1671E-04 2.0000E-04
1.4920E-04 2.0000E-04
2.7434E-04 2.0000E-04
1.3051E-04 2.0000E-04
9.0840E-05 2.0000E-04
1.0713E-04 2.0000E-04
1.7064E-04 2.0000E-04
1.2534E-04 2.0000E-04
9.1070E-05 2.0000E-04
1.3068E-04 2.0000E-04
1.1573E-04 2.0000E-04
1.0280E-04 2.0000E-04
1.4010E-04 2.0000E-04
1.2646E-04 2.0000E-04
9.2303E-05 2.0000E-04
8.7353E-05 2.0000E-04
1.1193E-04 2.0000E-04
9.2083E-05 2.0000E-04
1.6556E-04 2.0000E-04
7.8162E-05 2.0000E-04
7.0745E-05 2.0000E-04
9.3107E-05 2.0000E-04
1.8513E-04 2.0000E-04
7.7806E-05 2.0000E-04
5.8648E-05 2.0000E-04
7.8861E-05 2.0000E-04
9.8208E-05 2.0000E-04
1.7100E-04 2.0000E-04
5.8985E-05 2.0000E-04
5.6456E-05 2.0000E-04
7.5853E-05 2.0000E-04
1.0799E-04 2.0000E-04
8.8857E-05 2.0000E-04
5.4477E-05 2.0000E-04
7.1825E-05 2.0000E-04
8.9734E-05 2.0000E-04
7.2952E-05 2.0000E-04
7.0170E-05 2.0000E-04
6.7626E-05 2.0000E-04
7.2608E-05 2.0000E-04
1.2130E-04 2.0000E-04
5.3437E-05 2.0000E-04
5.2802E-05 2.0000E-04
6.5158E-05 2.0000E-04
1.2151E-04 2.0000E-04
5.8344E-05 2.0000E-04
4.8664E-05 2.0000E-04
6.3161E-05 2.0000E-04
9.7803E-05 2.0000E-04
5.4095E-05 2.0000E-04
4.4404E-05 2.0000E-04
5.7466E-05 2.0000E-04
7.7865E-05 2.0000E-04
5.4594E-05 2.0000E-04
5.0199E-05 2.0000E-04
6.1286E-05 2.0000E-04
5.1858E-05 2.0000E-04
6.2528E-05 2.0000E-04
5.4876E-05 2.0000E-04
5.0430E-05 2.0000E-04
6.5391E-05 2.0000E-04
8.1198E-05 2.0000E-04
4.3642E-05 2.0000E-04
3.8619E-05 2.0000E-04
4.8853E-05 2.0000E-04
4.8853E-05 2.0000E-04
6.4768E-05 2.0000E-04
9.2299E-05 2.0000E-04
3.7522E-05 2.0000E-04
3.7403E-05 2.0000E-04
4.6653E-05 2.0000E-04
8.2466E-05 2.0000E-04
4.0335E-05 2.0000E-04
3.2733E-05 2.0000E-04
4.5815E-05 2.0000E-04
6.4554E-05 2.0000E-04
4.2606E-05 2.0000E-04
3.7847E-05 2.0000E-04
4.6788E-05 2.0000E-04
4.4284E-05 2.0000E-04
6.9479E-05 2.0000E-04
3.4533E-05 2.0000E-04
3.4520E-05 2.0000E-04
4.4012E-05 2.0000E-04
9.1464E-05 2.0000E-04
3.5051E-05 2.0000E-04
2.8498E-05 2.0000E-04
3.5874E-05 2.0000E-04
4.9384E-05 2.0000E-04
6.7875E-05 2.0000E-04
3.0420E-05 2.0000E-04
3.0509E-05 2.0000E-04
3.7023E-05 2.0000E-04
7.1011E-05 2.0000E-04
3.3562E-05 2.0000E-04
2.8559E-05 2.0000E-04
3.5761E-05 2.0000E-04
6.7099E-05 2.0000E-04
3.4805E-05 2.0000E-04
2.8877E-05 2.0000E-04
3.5680E-05 2.0000E-04
5.2562E-05 2.0000E-04
3.7843E-05 2.0000E-04
2.9021E-05 2.0000E-04
3.8901E-05 2.0000E-04
4.2070E-05 2.0000E-04
3.3025E-05 2.0000E-04
4.5456E-05 2.0000E-04
4.1036E-05 2.0000E-04
3.5240E-05 2.0000E-04
4.8187E-05 2.0000E-04
5.4194E-05 2.0000E-04
3.2592E-05 2.0000E-04
2.6623E-05 2.0000E-04
3.3255E-05 2.0000E-04
7.2397E-05 2.0000E-04
3.0398E-05 2.0000E-04
2.5977E-05 2.0000E-04
3.2580E-05 2.0000E-04
5.9161E-05 2.0000E-04
3.3917E-05 2.0000E-04
2.7576E-05 2.0000E-04
3.7899E-05 2.0000E-04
4.4300E-05 2.0000E-04
3.1170E-05 2.0000E-04
3.1850E-05 2.0000E-04
4.1683E-05 2.0000E-04
3.1490E-05 2.0000E-04
3.6543E-05 2.0000E-04
5.0601E-05 2.0000E-04
3.3274E-05 2.0000E-04
2.8844E-05 2.0000E-04
3.5183E-05 2.0000E-04
5.0454E-05 2.0000E-04
3.8674E-05 2.0000E-04
3.2998E-05 2.0000E-04
3.9356E-05 2.0000E-04
4.4450E-05 2.0000E-04
3.5025E-05 2.0000E-04
3.8468E-05 2.0000E-04
4.6703E-05 2.0000E-04
3.3855E-05 2.0000E-04
3.6249E-05 2.0000E-04
4.6644E-05 2.0000E-04
3.8677E-05 2.0000E-04
5.8837E-05 2.0000E-04
4.2483E-05 2.0000E-04
3.5055E-05 2.0000E-04
4.5437E-05 2.0000E-04
5.6107E-05 2.0000E-04
4.1388E-05 2.0000E-04
4.8891E-05 2.0000E-04
3.7623E-05 2.0000E-04
3.4578E-05 2.0000E-04
4.9599E-05 2.0000E-04
5.7499E-05 2.0000E-04
3.9349E-05 2.0000E-04
4.0110E-05 2.0000E-04
5.0533E-05 2.0000E-04
4.3299E-05 2.0000E-04
6.0846E-05 2.0000E-04
5.4944E-05 2.0000E-04
6.7528E-05 2.0000E-04
4.6666E-05 2.0000E-04
3.9807E-05 2.0000E-04
5.2300E-05 2.0000E-04
6.1361E-05 2.0000E-04
4.6982E-05 2.0000E-04
5.0499E-05 2.0000E-04
7.5533E-05 2.0000E-04
5.5352E-05 2.0000E-04
5.9061E-05 2.0000E-04
7.8825E-05 2.0000E-04
5.9660E-05 2.0000E-04
1.1341E-04 2.0000E-04
9.3864E-05 2.0000E-04
5.7608E-05 2.0000E-04
5.4992E-05 2.0000E-04
8.1513E-05 2.0000E-04
1.1786E-04 2.0000E-04
7.7219E-05 2.0000E-04
6.0854E-05 2.0000E-04
9.3554E-05 2.0000E-04
9.6922E-05 2.0000E-04
9.4454E-05 2.0000E-04
8.8644E-05 2.0000E-04
8.6019E-05 2.0000E-04
8.3254E-05 2.0000E-04
1.6347E-04 2.0000E-04
8.7579E-05 2.0000E-04
9.0127E-05 2.0000E-04
1.1052E-04 2.0000E-04
2.3505E-04 2.0000E-04
2.1403E-04 2.0000E-04
1.3406E-04 2.0000E-04
8.8172E-05 2.0000E-04
1.0846E-04 2.0000E-04
1.2555E-04 2.0000E-04
3.2786E-04 2.0000E-04
1.1769E-04 2.0000E-04
9.1177E-05 2.0000E-04
1.3736E-04 2.0000E-04
1.8631E-04 2.0000E-04
1.0656E-04 2.0000E-04
1.0025E-04 2.0000E-04
1.2383E-04 2.0000E-04
2.0628E-04 2.0000E-04
1.0818E-04 2.0000E-04
1.0527E-04 2.0000E-04
1.2443E-04 2.0000E-04
2.4895E-04 2.0000E-04
1.0758E-04 2.0000E-04
9.6112E-05 2.0000E-04
1.2901E-04 2.0000E-04
1.9997E-04 2.0000E-04
1.0089E-04 2.0000E-04
1.0031E-04 2.0000E-04
1.2972E-04 2.0000E-04
1.0775E-04 2.0000E-04
1.9750E-04 2.0000E-04
9.6005E-05 2.0000E-04
8.5290E-05 2.0000E-04
9.7492E-05 2.0000E-04
2.4447E-04 2.0000E-04
1.0490E-04 2.0000E-04
7.3325E-05 2.0000E-04
1.0276E-04 2.0000E-04
1.2922E-04 2.0000E-04
1.5071E-04 2.0000E-04
8.6734E-05 2.0000E-04
1.0289E-04 2.0000E-04
1.1545E-04 2.0000E-04
1.4775E-04 2.0000E-04
1.1954E-04 2.0000E-04
8.6073E-05 2.0000E-04
9.6443E-05 2.0000E-04
1.4213E-04 2.0000E-04
9.4605E-05 2.0000E-04
9.0976E-05 2.0000E-04
1.0655E-04 2.0000E-04
9.2541E-05 2.0000E-04
1.2183E-04 2.0000E-04
8.9362E-05 2.0000E-04
8.0522E-05 2.0000E-04
1.0551E-04 2.0000E-04
1.3804E-04 2.0000E-04
7.7913E-05 2.0000E-04
6.7971E-05 2.0000E-04
8.0186E-05 2.0000E-04
1.9873E-04 2.0000E-04
7.1299E-05 2.0000E-04
6.1803E-05 2.0000E-04
7.7105E-05 2.0000E-04
1.4493E-04 2.0000E-04
8.3140E-05 2.0000E-04
6.4986E-05 2.0000E-04
9.9008E-05 2.0000E-04
1.1913E-04 2.0000E-04
9.5244E-05 2.0000E-04
9.4930E-05 2.0000E-04
8.0314E-05 2.0000E-04
7.8491E-05 2.0000E-04
1.1751E-04 2.0000E-04
7.6195E-05 2.0000E-04
6.5541E-05 2.0000E-04
7.8959E-05 2.0000E-04
1.1026E-04 2.0000E-04
6.2158E-05 2.0000E-04
5.6952E-05 2.0000E-04
6.5731E-05 2.0000E-04
1.1138E-04 2.0000E-04
5.4281E-05 2.0000E-04
5.0706E-05 2.0000E-04
5.8868E-05 2.0000E-04
1.3495E-04 2.0000E-04
4.9094E-05 2.0000E-04
3.7007E-05 2.0000E-04
4.8014E-05 2.0000E-04
6.7758E-05 2.0000E-04
6.8917E-05 2.0000E-04
3.7312E-05 2.0000E-04
4.3092E-05 2.0000E-04
5.2014E-05 2.0000E-04
8.7461E-05 2.0000E-04
4.6930E-05 2.0000E-04
3.9191E-05 2.0000E-04
4.8072E-05 2.0000E-04
7.7275E-05 2.0000E-04
4.2257E-05 2.0000E-04
4.0135E-05 2.0000E-04
4.7968E-05 2.0000E-04
9.4594E-05 2.0000E-04
4.6080E-05 2.0000E-04
3.7393E-05 2.0000E-04
4.5461E-05 2.0000E-04
7.0903E-05 2.0000E-04
4.4805E-05 2.0000E-04
3.8252E-05 2.0000E-04
5.4065E-05 2.0000E-04
4.8567E-05 2.0000E-04
4.5034E-05 2.0000E-04
7.0711E-05 2.0000E-04
4.2473E-05 2.0000E-04
4.2409E-05 2.0000E-04
4.7751E-05 2.0000E-04
8.5868E-05 2.0000E-04
3.8070E-05 2.0000E-04
3.6671E-05 2.0000E-04
4.6104E-05 2.0000E-04
8.2326E-05 2.0000E-04
3.9821E-05 2.0000E-04
3.5175E-05 2.0000E-04
4.2256E-05 2.0000E-04
7.4163E-05 2.0000E-04
3.9653E-05 2.0000E-04
3.5477E-05 2.0000E-04
4.6215E-05 2.0000E-04
6.8603E-05 2.0000E-04
4.1522E-05 2.0000E-04
3.7950E-05 2.0000E-04
5.2612E-05 2.0000E-04
5.6200E-05 2.0000E-04
5.4261E-05 2.0000E-04
4.3136E-05 2.0000E-04
4.8322E-05 2.0000E-04
5.9529E-05 2.0000E-04
5.3051E-05 2.0000E-04
4.8158E-05 2.0000E-04
4.8158E-05 2.0000E-04
5.5029E-05 2.0000E-04
5.3611E-05 2.0000E-04
4.6560E-05 2.0000E-04
5.0681E-05 2.0000E-04
4.6969E-05 2.0000E-04
4.3005E-05 2.0000E-04
5.3045E-05 2.0000E-04
4.6193E-05 2.0000E-04
3.8933E-05 2.0000E-04
4.3344E-05 2.0000E-04
7.1682E-05 2.0000E-04
3.7619E-05 2.0000E-04
3.2948E-05 2.0000E-04
3.9627E-05 2.0000E-04
5.5755E-05 2.0000E-04
4.0712E-05 2.0000E-04
3.3414E-05 2.0000E-04
3.7833E-05 2.0000E-04
5.2957E-05 2.0000E-04
3.4754E-05 2.0000E-04
3.3736E-05 2.0000E-04
3.7988E-05 2.0000E-04
3.4490E-05 2.0000E-04
8.6002E-05 2.0000E-04
3.0693E-05 2.0000E-04
2.4555E-05 2.0000E-04
3.2536E-05 2.0000E-04
4.1798E-05 2.0000E-04
5.9622E-05 2.0000E-04
2.8766E-05 2.0000E-04
3.0117E-05 2.0000E-04
3.5877E-05 2.0000E-04
7.3500E-05 2.0000E-04
3.0651E-05 2.0000E-04
2.7937E-05 2.0000E-04
3.7018E-05 2.0000E-04
5.1561E-05 2.0000E-04
3.5512E-05 2.0000E-04
3.1193E-05 2.0000E-04
3.5809E-05 2.0000E-04
5.7669E-05 2.0000E-04
3.6568E-05 2.0000E-04
3.1910E-05 2.0000E-04
3.5580E-05 2.0000E-04
4.6603E-05 2.0000E-04
3.9040E-05 2.0000E-04
3.2235E-05 2.0000E-04
4.0251E-05 2.0000E-04
5.8773E-05 2.0000E-04
3.5036E-05 2.0000E-04
3.4215E-05 2.0000E-04
4.0099E-05 2.0000E-04
5.3616E-05 2.0000E-04
5.0718E-05 2.0000E-04
4.2572E-05 2.0000E-04
4.3517E-05 2.0000E-04
5.3381E-05 2.0000E-04
4.4106E-05 2.0000E-04
5.9540E-05 2.0000E-04
4.8217E-05 2.0000E-04
4.6720E-05 2.0000E-04
8.5220E-05 2.0000E-04
5.9681E-05 2.0000E-04
5.1860E-05 2.0000E-04
8.8794E-05 2.0000E-04
8.1790E-05 2.0000E-04
6.3456E-05 2.0000E-04
6.0504E-05 2.0000E-04
6.0791E-05 2.0000E-04
8.6812E-05 2.0000E-04
6.8361E-05 2.0000E-04
6.8624E-05 2.0000E-04
9.8368E-05 2.0000E-04
6.1802E-05 2.0000E-04
6.0237E-05 2.0000E-04
5.9407E-05 2.0000E-04
7.6758E-05 2.0000E-04
5.0858E-05 2.0000E-04
5.4804E-05 2.0000E-04
8.0919E-05 2.0000E-04
5.1766E-05 2.0000E-04
4.8906E-05 2.0000E-04
6.0627E-05 2.0000E-04
5.1533E-05 2.0000E-04
5.7869E-05 2.0000E-04
4.6062E-05 2.0000E-04
4.7049E-05 2.0000E-04
6.7248E-05 2.0000E-04
4.6902E-05 2.0000E-04
4.2166E-05 2.0000E-04
5.4731E-05 2.0000E-04
5.3809E-05 2.0000E-04
4.2314E-05 2.0000E-04
5.2513E-05 2.0000E-04
7.2836E-05 2.0000E-04
4.2136E-05 2.0000E-04
3.7708E-05 2.0000E-04
4.4973E-05 2.0000E-04
1.1029E-04 2.0000E-04
3.8745E-05 2.0000E-04
3.2040E-05 2.0000E-04
4.3211E-05 2.0000E-04
5.8027E-05 2.0000E-04
5.5849E-05 2.0000E-04
3.4574E-05 2.0000E-04
4.0198E-05 2.0000E-04
4.9976E-05 2.0000E-04
5.0459E-05 2.0000E-04
3.9368E-05 2.0000E-04
3.9505E-05 2.0000E-04
4.9493E-05 2.0000E-04
5.0930E-05 2.0000E-04
3.2653E-05 2.0000E-04
3.7148E-05 2.0000E-04
4.8173E-05 2.0000E-04
3.6971E-05 2.0000E-04
4.9684E-05 2.0000E-04
3.9357E-05 2.0000E-04
3.6303E-05 2.0000E-04
4.8683E-05 2.0000E-04
5.4200E-05 2.0000E-04
3.8095E-05 2.0000E-04
3.3389E-05 2.0000E-04
4.5932E-05 2.0000E-04
3.7114E-05 2.0000E-04
5.1231E-05 2.0000E-04
3.7790E-05 2.0000E-04
3.3731E-05 2.0000E-04
4.6809E-05 2.0000E-04
5.9371E-05 2.0000E-04
3.7714E-05 2.0000E-04
3.4478E-05 2.0000E-04
4.3411E-05 2.0000E-04
4.9117E-05 2.0000E-04
5.0181E-05 2.0000E-04
3.7651E-05 2.0000E-04
4.0585E-05 2.0000E-04
5.1561E-05 2.0000E-04
4.0709E-05 2.0000E-04
5.3189E-05 2.0000E-04
4.7083E-05 2.0000E-04
3.8956E-05 2.0000E-04
5.1132E-05 2.0000E-04
6.9907E-05 2.0000E-04
4.4986E-05 2.0000E-04
3.8568E-05 2.0000E-04
4.2219E-05 2.0000E-04
6.7490E-05 2.0000E-04
5.2767E-05 2.0000E-04
4.2951E-05 2.0000E-04
5.1540E-05 2.0000E-04
6.7473E-05 2.0000E-04
4.9127E-05 2.0000E-04
5.4181E-05 2.0000E-04
5.1035E-05 2.0000E-04
4.6477E-05 2.0000E-04
8.7743E-05 2.0000E-04
4.5868E-05 2.0000E-04
4.3414E-05 2.0000E-04
5.8979E-05 2.0000E-04
7.5839E-05 2.0000E-04
4.8308E-05 2.0000E-04
4.8450E-05 2.0000E-04
5.4408E-05 2.0000E-04
8.4320E-05 2.0000E-04
5.0180E-05 2.0000E-04
4.7010E-05 2.0000E-04
6.5721E-05 2.0000E-04
9.7747E-05 2.0000E-04
4.7293E-05 2.0000E-04
4.2005E-05 2.0000E-04
4.8944E-05 2.0000E-04
1.1396E-04 2.0000E-04
5.0690E-05 2.0000E-04
4.4114E-05 2.0000E-04
6.0870E-05 2.0000E-04
5.0960E-05 2.0000E-04
5.3319E-05 2.0000E-04
6.9256E-05 2.0000E-04
4.8440E-05 2.0000E-04
4.3733E-05 2.0000E-04
5.9306E-05 2.0000E-04
4.9635E-05 2.0000E-04
4.3276E-05 2.0000E-04
4.6884E-05 2.0000E-04
6.0683E-05 2.0000E-04
4.1871E-05 2.0000E-04
3.9563E-05 2.0000E-04
5.0900E-05 2.0000E-04
4.4078E-05 2.0000E-04
5.1511E-05 2.0000E-04
4.3312E-05 2.0000E-04
3.8366E-05 2.0000E-04
4.7767E-05 2.0000E-04
5.1362E-05 2.0000E-04
3.6881E-05 2.0000E-04
3.8940E-05 2.0000E-04
5.2026E-05 2.0000E-04
4.1996E-05 2.0000E-04
5.5147E-05 2.0000E-04
3.8961E-05 2.0000E-04
3.4040E-05 2.0000E-04
4.2390E-05 2.0000E-04
6.8461E-05 2.0000E-04
3.5351E-05 2.0000E-04
2.8425E-05 2.0000E-04
3.3097E-05 2.0000E-04
5.8646E-05 2.0000E-04
3.4412E-05 2.0000E-04
2.5831E-05 2.0000E-04
3.4111E-05 2.0000E-04
4.9170E-05 2.0000E-04
3.3819E-05 2.0000E-04
3.1051E-05 2.0000E-04
3.6565E-05 2.0000E-04
3.1649E-05 2.0000E-04
5.3636E-05 2.0000E-04
3.7578E-05 2.0000E-04
2.8864E-05 2.0000E-04
2.9075E-05 2.0000E-04
4.8579E-05 2.0000E-04
3.2526E-05 2.0000E-04
2.8780E-05 2.0000E-04
3.4754E-05 2.0000E-04
3.3344E-05 2.0000E-04
6.3070E-05 2.0000E-04
3.1212E-05 2.0000E-04
2.7819E-05 2.0000E-04
3.3957E-05 2.0000E-04
6.6888E-05 2.0000E-04
3.7829E-05 2.0000E-04
3.0309E-05 2.0000E-04
4.2009E-05 2.0000E-04
5.9708E-05 2.0000E-04
4.5736E-05 2.0000E-04
5.3527E-05 2.0000E-04
6.7286E-05 2.0000E-04
6.3641E-05 2.0000E-04
1.1411E-04 2.0000E-04
7.9969E-05 2.0000E-04
6.6850E-05 2.0000E-04
7.0519E-05 2.0000E-04
1.5127E-04 2.0000E-04
1.5386E-04 2.0000E-04
9.4447E-05 2.0000E-04
1.0542E-04 2.0000E-04
1.2560E-04 2.0000E-04
1.7439E-04 2.0000E-04
1.5517E-04 2.0000E-04
1.5128E-04 2.0000E-04
1.4598E-04 2.0000E-04
1.3030E-04 2.0000E-04
1.4572E-04 2.0000E-04
2.2218E-04 2.0000E-04
1.3497E-04 2.0000E-04
1.6377E-04 2.0000E-04
2.3453E-04 2.0000E-04
1.1196E-04 2.0000E-04
9.6702E-05 2.0000E-04
1.3772E-04 2.0000E-04
2.7114E-04 2.0000E-04
1.1407E-04 2.0000E-04
8.6579E-05 2.0000E-04
1.0894E-04 2.0000E-04
1.7657E-04 2.0000E-04
1.0455E-04 2.0000E-04
8.0115E-05 2.0000E-04
1.1714E-04 2.0000E-04
1.3396E-04 2.0000E-04
1.0254E-04 2.0000E-04
1.2526E-04 2.0000E-04
9.2606E-05 2.0000E-04
8.4874E-05 2.0000E-04
1.0607E-04 2.0000E-04
1.8319E-04 2.0000E-04
8.0768E-05 2.0000E-04
5.9369E-05 2.0000E-04
7.8894E-05 2.0000E-04
9.5573E-05 2.0000E-04
2.1283E-04 2.0000E-04
6.5051E-05 2.0000E-04
5.3174E-05 2.0000E-04
7.3816E-05 2.0000E-04
1.2919E-04 2.0000E-04
6.7346E-05 2.0000E-04
5.4235E-05 2.0000E-04
7.2128E-05 2.0000E-04
1.1058E-04 2.0000E-04
6.7674E-05 2.0000E-04
6.0041E-05 2.0000E-04
8.0559E-05 2.0000E-04
7.1288E-05 2.0000E-04
6.9954E-05 2.0000E-04
7.3550E-05 2.0000E-04
6.9237E-05 2.0000E-04
7.0206E-05 2.0000E-04
1.3577E-04 2.0000E-04
6.8493E-05 2.0000E-04
6.6694E-05 2.0000E-04
6.6694E-05 2.0000E-04
6.6720E-05 2.0000E-04
1.0313E-04 2.0000E-04
5.2348E-05 2.0000E-04
3.7435E-05 2.0000E-04
5.1796E-05 2.0000E-04
5.9198E-05 2.0000E-04
1.1671E-04 2.0000E-04
4.7464E-05 2.0000E-04
3.5712E-05 2.0000E-04
5.0946E-05 2.0000E-04
8.5228E-05 2.0000E-04
5.1986E-05 2.0000E-04
4.0962E-05 2.0000E-04
5.9503E-05 2.0000E-04
7.1777E-05 2.0000E-04
5.6859E-05 2.0000E-04
5.8718E-05 2.0000E-04
5.5951E-05 2.0000E-04
5.7851E-05 2.0000E-04
1.0683E-04 2.0000E-04
5.8750E-05 2.0000E-04
4.8004E-05 2.0000E-04
5.8712E-05 2.0000E-04
1.1107E-04 2.0000E-04
6.0267E-05 2.0000E-04
4.8393E-05 2.0000E-04
5.5792E-05 2.0000E-04
1.2181E-04 2.0000E-04
5.7095E-05 2.0000E-04
4.3562E-05 2.0000E-04
5.4410E-05 2.0000E-04
8.9265E-05 2.0000E-04
5.7062E-05 2.0000E-04
4.6640E-05 2.0000E-04
6.3466E-05 2.0000E-04
5.6133E-05 2.0000E-04
6.6253E-05 2.0000E-04
7.4315E-05 2.0000E-04
3.9610E-05 2.0000E-04
3.8480E-05 2.0000E-04
4.8126E-05 2.0000E-04
6.8383E-05 2.0000E-04
3.3456E-05 2.0000E-04
3.2584E-05 2.0000E-04
3.8120E-05 2.0000E-04
8.4346E-05 2.0000E-04
2.7449E-05 2.0000E-04
2.2070E-05 2.0000E-04
2.8651E-05 2.0000E-04
3.5967E-05 2.0000E-04
4.4115E-05 2.0000E-04
2.0590E-05 2.0000E-04
2.2519E-05 2.0000E-04
2.6838E-05 2.0000E-04
5.3162E-05 2.0000E-04
2.2393E-05 2.0000E-04
2.0676E-05 2.0000E-04
2.3717E-05 2.0000E-04
4.0129E-05 2.0000E-04
2.3686E-05 2.0000E-04
2.0075E-05 2.0000E-04
2.6159E-05 2.0000E-04
3.8724E-05 2.0000E-04
2.0692E-05 2.0000E-04
1.7590E-05 2.0000E-04
2.1218E-05 2.0000E-04
2.8603E-05 2.0000E-04
2.2297E-05 2.0000E-04
1.7952E-05 2.0000E-04
2.0672E-05 2.0000E-04
2.3519E-05 2.0000E-04
1.8175E-05 2.0000E-04
1.8644E-05 2.0000E-04
1.7481E-05 2.0000E-04
1.6667E-05 2.0000E-04
2.8059E-05 2.0000E-04
1.5232E-05 2.0000E-04
1.4161E-05 2.0000E-04
1.6009E-05 2.0000E-04
2.4610E-05 2.0000E-04
1.4474E-05 2.0000E-04
1.3072E-05 2.0000E-04
1.7587E-05 2.0000E-04
2.0284E-05 2.0000E-04
1.3217E-05 2.0000E-04
1.3498E-05 2.0000E-04
1.4443E-05 2.0000E-04
1.7854E-05 2.0000E-04
1.6450E-05 2.0000E-04
1.2181E-05 2.0000E-04
1.0824E-05 2.0000E-04
1.9889E-05 2.0000E-04
1.2086E-05 2.0000E-04
1.0430E-05 2.0000E-04
1.2807E-05 2.0000E-04
1.5995E-05 2.0000E-04
1.1785E-05 2.0000E-04
1.0845E-05 2.0000E-04
1.3714E-05 2.0000E-04
1.4043E-05 2.0000E-04
1.0380E-05 2.0000E-04
1.0369E-05 2.0000E-04
1.2370E-05 2.0000E-04
1.1818E-05 2.0000E-04
1.4822E-05 2.0000E-04
9.8214E-06 2.0000E-04
9.1774E-06 2.0000E-04
1.2644E-05 2.0000E-04
1.4811E-05 2.0000E-04
8.5331E-06 2.0000E-04
8.8406E-06 2.0000E-04
1.0707E-05 2.0000E-04
9.7947E-06 2.0000E-04
1.1608E-05 2.0000E-04
8.4332E-06 2.0000E-04
7.9819E-06 2.0000E-04
1.1096E-05 2.0000E-04
9.0350E-06 2.0000E-04
6.6204E-06 2.0000E-04
