RMS Step   Target
5.6940E-05 1.2000E-02
2.9083E-03 1.2000E-02
8.5606E-04 1.2000E-02
1.1112E-03 1.2000E-02
0.0000E+00 1.2000E-02
6.9219E-05 1.2000E-02
8.1639E-04 1.2000E-02
5.6023E-04 1.2000E-02
1.2490E-03 1.2000E-02
1.1432E-03 1.2000E-02
1.1009E-03 1.2000E-02
9.4473E-04 1.2000E-02
1.2976E-04 1.2000E-02
1.4258E-04 1.2000E-02
1.4227E-04 1.2000E-02
2.8470E-04 1.2000E-02
1.3838E-03 1.2000E-02
4.0627E-04 1.2000E-02
1.3579E-04 1.2000E-02
1.3032E-03 1.2000E-02
1.6774E-03 1.2000E-02
1.2258E-03 1.2000E-02
1.0984E-03 1.2000E-02
4.6009E-04 1.2000E-02
1.1772E-03 1.2000E-02
1.2734E-03 1.2000E-02
2.8614E-04 1.2000E-02
3.6517E-04 1.2000E-02
5.0151E-04 1.2000E-02
4.8720E-04 1.2000E-02
1.1497E-04 1.2000E-02
1.2786E-04 1.2000E-02
3.1060E-04 1.2000E-02
3.4039E-04 1.2000E-02
6.6715E-04 1.2000E-02
3.2905E-04 1.2000E-02
1.6473E-04 1.2000E-02
