Max Step   Target
6.2602E-03 1.8000E-03
5.6556E-03 1.8000E-03
2.5000E-02 1.8000E-03
2.4838E-02 1.8000E-03
5.4914E-03 1.8000E-03
4.3595E-03 1.8000E-03
1.0443E-02 1.8000E-03
1.1748E-02 1.8000E-03
1.8483E-02 1.8000E-03
4.0565E-03 1.8000E-03
6.9554E-03 1.8000E-03
1.0066E-02 1.8000E-03
1.8161E-02 1.8000E-03
3.2663E-03 1.8000E-03
3.2071E-03 1.8000E-03
7.3819E-03 1.8000E-03
1.4061E-02 1.8000E-03
2.5000E-02 1.8000E-03
6.1403E-03 1.8000E-03
1.3322E-03 1.8000E-03
1.9954E-03 1.8000E-03
3.3193E-03 1.8000E-03
8.3570E-03 1.8000E-03
1.9282E-03 1.8000E-03
2.2200E-03 1.8000E-03
4.7382E-03 1.8000E-03
8.6823E-03 1.8000E-03
9.3634E-04 1.8000E-03
1.0274E-03 1.8000E-03
2.8504E-03 1.8000E-03
3.4050E-03 1.8000E-03
8.1682E-03 1.8000E-03
1.8633E-03 1.8000E-03
5.0464E-04 1.8000E-03
5.0464E-04 1.8000E-03
