546.8
115.1
129.9
132.2
132.2
131.7
124.3
129.7
131.9
130.9
131.0
131.9
129.5
123.8
130.3
131.2
124.6
123.8
130.2
129.9
124.3
130.2
132.0
130.4
124.7
130.3
123.3
131.3
131.3
118.2
113.5
112.6
149.5
112.6
113.1
112.0
113.2
112.6
114.4
113.1
112.7
113.8
112.6
114.4
113.7
117.7
114.3
114.4
108.9
114.8
106.9
112.4
115.0
114.3
114.0
114.3
109.3
114.0
113.5
114.4
114.7
112.6
113.0
115.5
113.9
106.7
114.3
110.9
110.0
113.3
110.6
111.7
110.0
103.7
110.3
112.4
106.5
112.1
110.5
110.2
111.5
109.7
110.1
109.6
110.7
112.9
110.9
110.5
110.4
111.9
112.5
112.6
110.7
103.9
111.1
110.1
111.3
112.0
112.1
112.5
109.5
114.3
110.8
112.2
112.2
110.0
112.2
107.4
111.0
112.2
105.5
111.5
112.7
111.6
111.3
108.6
111.0
112.2
113.1
107.4
111.7
111.6
112.4
110.8
102.7
112.4
112.7
108.3
112.3
110.5
105.5
105.5
110.5
111.0
112.4
111.1
110.6
114.3
112.5
112.0
99.6
112.5
110.6
111.0
104.3
113.5
105.9
110.7
111.3
105.0
106.6
104.5
111.0
111.3
104.4
111.2
111.6
106.6
110.9
106.6
104.3
114.2
110.7
110.9
112.3
112.0
112.2
112.6
112.7
110.6
112.0
111.3
112.1
114.1
112.4
105.1
113.5
108.2
113.7
112.6
113.6
114.1
115.1
111.8
114.6
114.3
113.9
107.6
113.7
114.3
113.2
112.6
114.3
104.9
106.6
112.9
112.3
107.7
112.1
112.7
114.0
112.5
113.0
113.6
113.2
112.9
113.0
111.6
106.8
110.6
104.4
106.8
110.3
112.9
114.0
113.1
113.5
114.9
113.3
115.2
112.2
113.3
115.7
106.5
113.4
113.5
109.9
114.5
112.5
110.6
112.2
105.9
111.9
113.1
112.5
111.4
112.4
111.1
110.7
112.2
103.9
113.3
109.9
113.2
111.0
110.8
112.4
109.7
111.6
110.6
111.6
110.7
105.5
111.5
109.0
103.3
109.8
111.5
103.6
111.0
102.9
109.9
111.6
109.5
109.9
104.3
112.2
110.7
111.1
111.3
112.1
110.5
111.2
111.4
110.2
110.9
110.8
105.6
112.1
112.0
109.3
110.8
110.8
111.4
111.1
109.9
109.8
109.8
106.7
109.9
110.7
112.3
110.2
110.3
110.9
111.1
111.2
111.8
111.4
110.9
110.9
102.1
104.5
109.7
109.2
112.0
111.4
110.1
110.9
111.2
110.2
110.2
110.7
111.0
110.6
109.6
111.3
109.8
112.9
111.9
109.0
113.0
110.8
104.6
110.8
111.6
111.4
112.6
111.0
111.7
593.6
121.1
123.0
150.5
123.0
112.9
112.5
113.1
111.4
110.7
114.0
115.0
113.6
103.3
112.9
115.3
129.2
129.4
113.6
