Max Step   Target
8.3409E-03 1.8000E-03
2.5000E-02 1.8000E-03
2.5000E-02 1.8000E-03
2.5000E-02 1.8000E-03
2.5000E-02 1.8000E-03
2.5000E-02 1.8000E-03
9.0788E-03 1.8000E-03
2.4859E-03 1.8000E-03
3.6792E-03 1.8000E-03
7.4227E-03 1.8000E-03
1.1898E-02 1.8000E-03
1.4689E-03 1.8000E-03
1.1702E-03 1.8000E-03
2.7006E-03 1.8000E-03
3.5676E-03 1.8000E-03
2.0368E-03 1.8000E-03
2.3524E-03 1.8000E-03
1.8224E-03 1.8000E-03
3.6482E-03 1.8000E-03
4.8874E-03 1.8000E-03
1.6593E-03 1.8000E-03
2.1315E-03 1.8000E-03
1.5879E-03 1.8000E-03
4.1978E-03 1.8000E-03
1.2530E-03 1.8000E-03
6.1061E-04 1.8000E-03
6.1061E-04 1.8000E-03
