Max Step   Target
2.8546E-03 1.8000E-02
1.3974E-01 1.8000E-02
3.2663E-02 1.8000E-02
3.2075E-01 1.8000E-02
1.4194E-01 1.8000E-02
4.5989E-02 1.8000E-02
1.2224E-01 1.8000E-02
1.1575E-01 1.8000E-02
2.0760E-01 1.8000E-02
5.9724E-02 1.8000E-02
0.0000E+00 1.8000E-02
6.8328E-03 1.8000E-02
1.7546E-02 1.8000E-02
2.4993E-02 1.8000E-02
3.4308E-02 1.8000E-02
4.3130E-02 1.8000E-02
3.5154E-02 1.8000E-02
1.1300E-02 1.8000E-02
2.9710E-02 1.8000E-02
5.5631E-02 1.8000E-02
8.7876E-02 1.8000E-02
1.5054E-02 1.8000E-02
1.1774E-02 1.8000E-02
2.1375E-02 1.8000E-02
1.3276E-01 1.8000E-02
3.6543E-02 1.8000E-02
9.0424E-03 1.8000E-02
2.9537E-02 1.8000E-02
2.5174E-02 1.8000E-02
3.7517E-02 1.8000E-02
1.8361E-02 1.8000E-02
1.5084E-02 1.8000E-02
5.6938E-03 1.8000E-02
1.3312E-02 1.8000E-02
1.8651E-02 1.8000E-02
1.9383E-02 1.8000E-02
3.6771E-02 1.8000E-02
8.6144E-02 1.8000E-02
2.7424E-02 1.8000E-02
2.5143E-02 1.8000E-02
1.4498E-02 1.8000E-02
2.8691E-02 1.8000E-02
7.1122E-02 1.8000E-02
6.6685E-02 1.8000E-02
2.9146E-02 1.8000E-02
7.5924E-02 1.8000E-02
2.9651E-02 1.8000E-02
3.7212E-02 1.8000E-02
4.8383E-02 1.8000E-02
7.0211E-02 1.8000E-02
5.0000E-01 1.8000E-02
4.0114E-01 1.8000E-02
4.0723E-01 1.8000E-02
2.8199E-01 1.8000E-02
2.3112E-02 1.8000E-02
9.6833E-02 1.8000E-02
9.0381E-02 1.8000E-02
1.0742E-01 1.8000E-02
9.8337E-02 1.8000E-02
5.0000E-01 1.8000E-02
4.3426E-01 1.8000E-02
6.1063E-02 1.8000E-02
5.0000E-01 1.8000E-02
3.7101E-01 1.8000E-02
8.8688E-02 1.8000E-02
3.9192E-01 1.8000E-02
2.7477E-01 1.8000E-02
2.9517E-02 1.8000E-02
5.0000E-01 1.8000E-02
3.9938E-01 1.8000E-02
2.0836E-02 1.8000E-02
9.6314E-02 1.8000E-02
1.0587E-01 1.8000E-02
2.4245E-02 1.8000E-02
1.9120E-02 1.8000E-02
4.0347E-02 1.8000E-02
1.2356E-02 1.8000E-02
4.1954E-02 1.8000E-02
2.6094E-02 1.8000E-02
1.1540E-02 1.8000E-02
1.9586E-02 1.8000E-02
1.7798E-02 1.8000E-02
4.2282E-02 1.8000E-02
1.1142E-02 1.8000E-02
4.8530E-03 1.8000E-02
1.3429E-02 1.8000E-02
1.7077E-02 1.8000E-02
7.0188E-03 1.8000E-02
8.3341E-03 1.8000E-02
7.9933E-03 1.8000E-02
1.5978E-02 1.8000E-02
2.4328E-02 1.8000E-02
5.7741E-03 1.8000E-02
5.1100E-03 1.8000E-02
5.9783E-03 1.8000E-02
1.0688E-02 1.8000E-02
1.1732E-02 1.8000E-02
9.7179E-03 1.8000E-02
9.3216E-03 1.8000E-02
4.7436E-03 1.8000E-02
4.2959E-03 1.8000E-02
8.2909E-03 1.8000E-02
7.0729E-03 1.8000E-02
2.3680E-03 1.8000E-02
6.1871E-03 1.8000E-02
5.8385E-03 1.8000E-02
1.0994E-02 1.8000E-02
