386.8
183.2
191.0
191.6
188.8
179.0
184.6
181.4
195.7
195.9
185.5
188.7
193.2
185.4
180.9
185.4
195.8
175.7
189.0
189.8
190.2
189.4
198.0
207.5
231.3
186.9
193.5
197.3
193.4
191.3
186.6
187.9
184.7
190.7
188.3
194.1
203.5
192.5
188.1
187.4
190.2
190.1
189.1
191.3
193.3
190.2
219.7
177.0
187.2
180.6
188.7
196.8
188.8
187.8
192.3
196.0
193.5
194.1
200.8
196.0
197.1
180.8
196.2
197.5
200.8
189.7
191.0
193.3
226.9
192.0
183.8
181.2
201.1
192.8
195.5
191.1
177.9
196.5
188.0
206.2
204.2
204.5
215.2
198.3
190.7
192.2
195.9
199.9
187.6
190.3
228.4
179.9
200.2
191.6
193.1
204.9
199.5
184.8
191.0
202.1
207.5
204.2
192.3
205.5
198.8
195.6
194.8
192.0
186.7
189.6
179.6
226.0
182.5
179.9
180.8
180.6
184.9
194.3
179.5
168.7
196.9
199.9
200.5
195.9
194.0
208.8
193.0
196.9
188.1
186.9
184.0
177.6
221.7
191.1
166.9
174.9
176.7
177.3
176.8
179.6
184.3
184.4
187.8
202.8
199.2
206.9
199.2
196.8
199.4
195.5
186.9
176.5
184.1
171.9
218.2
174.5
170.2
179.2
173.3
184.5
184.2
203.0
203.7
194.1
188.5
191.2
187.7
180.2
171.1
210.2
170.4
169.0
173.1
168.6
173.2
189.1
190.5
194.4
191.5
196.1
185.3
171.6
179.4
196.7
163.4
174.1
177.1
174.5
174.7
181.5
187.8
194.8
187.5
190.3
186.0
173.3
162.2
209.0
167.4
160.2
162.9
159.3
164.7
180.7
189.6
195.5
191.1
194.0
178.4
180.1
162.6
209.2
173.1
169.4
174.9
165.9
166.5
188.3
200.3
192.8
172.6
170.3
167.3
176.6
162.7
167.9
168.6
164.5
161.7
183.5
171.2
170.7
173.3
183.6
165.4
171.2
168.7
161.0
167.6
168.8
166.3
159.7
171.4
163.2
170.5
168.0
165.3
161.1
165.2
170.7
163.0
163.0
183.4
165.0
174.2
162.3
158.2
169.3
180.5
190.5
190.2
189.4
179.8
164.7
172.2
164.2
183.5
164.9
190.0
195.9
177.8
182.0
186.0
171.4
177.4
188.0
162.9
183.8
183.4
158.9
166.8
175.5
164.9
160.0
162.6
170.2
169.4
162.0
169.6
161.5
154.9
160.2
161.7
163.1
176.8
163.8
155.3
158.9
152.9
165.6
167.3
151.1
148.2
169.8
171.8
171.3
167.4
171.3
149.5
154.8
157.6
166.5
153.0
151.2
147.5
169.9
