RMS Grad   Target
1.0386E-03 2.0000E-04
1.0948E-03 2.0000E-04
6.5342E-04 2.0000E-04
5.5626E-04 2.0000E-04
6.7267E-04 2.0000E-04
5.6088E-04 2.0000E-04
8.4106E-04 2.0000E-04
5.8888E-04 2.0000E-04
2.4340E-04 2.0000E-04
1.9696E-04 2.0000E-04
2.8518E-04 2.0000E-04
4.5823E-04 2.0000E-04
2.6013E-04 2.0000E-04
1.5517E-04 2.0000E-04
1.9405E-04 2.0000E-04
2.0857E-04 2.0000E-04
1.7931E-04 2.0000E-04
2.3855E-04 2.0000E-04
1.4153E-04 2.0000E-04
1.2895E-04 2.0000E-04
1.5677E-04 2.0000E-04
1.0734E-04 2.0000E-04
7.0513E-05 2.0000E-04
7.0336E-05 2.0000E-04
