562.1
174.0
190.7
175.2
173.0
174.7
175.5
149.6
156.6
168.4
151.1
159.0
151.3
152.3
160.0
158.8
178.5
157.0
156.8
157.6
158.3
124.7
158.2
156.6
124.4
156.5
157.1
157.9
157.4
126.9
121.8
124.1
157.7
156.6
157.6
156.0
157.8
123.3
126.5
124.4
124.3
157.9
124.4
123.8
151.3
127.3
151.3
124.3
125.5
119.5
124.2
157.8
124.4
123.8
125.7
123.9
124.0
125.0
157.1
126.6
124.8
125.1
123.9
126.4
124.5
124.8
122.9
122.8
119.3
108.5
119.2
124.8
125.1
125.2
125.0
106.6
124.2
124.5
125.3
124.9
108.6
124.5
123.8
110.1
124.3
107.8
125.7
125.1
110.5
125.6
125.5
108.0
108.6
109.5
127.0
123.4
108.9
124.4
106.8
125.7
107.8
126.0
109.4
108.4
108.0
108.2
108.1
125.0
107.3
109.8
