RMS Grad   Target
1.1687E-03 2.0000E-04
8.5497E-04 2.0000E-04
8.4313E-04 2.0000E-04
8.7329E-04 2.0000E-04
5.3456E-04 2.0000E-04
3.4492E-04 2.0000E-04
4.2821E-04 2.0000E-04
2.9435E-04 2.0000E-04
3.0149E-04 2.0000E-04
4.0999E-04 2.0000E-04
3.0489E-04 2.0000E-04
2.5090E-04 2.0000E-04
3.5998E-04 2.0000E-04
1.6384E-04 2.0000E-04
1.6265E-04 2.0000E-04
2.0614E-04 2.0000E-04
3.5656E-04 2.0000E-04
1.6586E-04 2.0000E-04
1.2181E-04 2.0000E-04
1.6830E-04 2.0000E-04
1.8358E-04 2.0000E-04
1.3041E-04 2.0000E-04
1.0261E-04 2.0000E-04
9.5104E-05 2.0000E-04
9.7232E-05 2.0000E-04
9.1406E-05 2.0000E-04
