555.4
124.7
126.2
127.4
125.1
124.4
128.2
128.3
150.2
124.9
124.6
125.1
160.5
125.0
126.7
192.5
126.3
124.1
159.4
109.2
108.9
109.8
140.7
223.9
124.7
129.1
124.4
149.6
176.9
124.4
125.0
158.3
194.5
125.2
124.4
125.9
193.7
125.4
125.1
159.8
124.6
125.3
157.9
123.5
125.6
160.1
123.6
125.9
159.4
126.8
109.3
158.4
126.2
126.7
204.9
124.9
126.8
161.3
125.2
127.1
126.0
159.0
125.1
159.9
126.3
125.3
159.3
124.6
119.2
159.9
125.1
126.4
124.5
161.3
126.7
160.5
124.3
125.3
156.9
125.0
107.0
161.4
125.2
124.0
125.1
161.4
125.2
159.4
124.1
125.2
152.4
125.8
126.3
126.1
159.8
124.2
126.1
158.5
125.2
161.1
124.9
125.1
126.1
159.2
126.1
159.1
125.4
125.9
159.0
