RMS Grad   Target
9.2324E-04 3.0000E-04
9.4487E-04 3.0000E-04
7.3210E-04 3.0000E-04
8.0460E-04 3.0000E-04
1.2231E-03 3.0000E-04
5.5517E-04 3.0000E-04
4.1358E-04 3.0000E-04
4.1589E-04 3.0000E-04
6.5389E-04 3.0000E-04
6.5634E-04 3.0000E-04
2.6148E-04 3.0000E-04
2.2597E-04 3.0000E-04
2.8597E-04 3.0000E-04
6.1719E-04 3.0000E-04
3.5436E-04 3.0000E-04
3.2927E-04 3.0000E-04
3.3220E-04 3.0000E-04
1.0159E-03 3.0000E-04
2.0072E-04 3.0000E-04
1.3553E-04 3.0000E-04
1.3414E-04 3.0000E-04
1.6204E-04 3.0000E-04
2.3187E-04 3.0000E-04
8.2874E-05 3.0000E-04
7.5959E-05 3.0000E-04
7.5959E-05 3.0000E-04
