RMS Grad   Target
3.0946E-03 2.0000E-04
2.7534E-03 2.0000E-04
7.2602E-04 2.0000E-04
5.2550E-04 2.0000E-04
4.6993E-04 2.0000E-04
5.9538E-04 2.0000E-04
2.9654E-04 2.0000E-04
2.3662E-04 2.0000E-04
2.5055E-04 2.0000E-04
4.8444E-04 2.0000E-04
1.7942E-04 2.0000E-04
1.5956E-04 2.0000E-04
2.0163E-04 2.0000E-04
2.1530E-04 2.0000E-04
3.1044E-04 2.0000E-04
1.3671E-04 2.0000E-04
1.4309E-04 2.0000E-04
1.8579E-04 2.0000E-04
3.0928E-04 2.0000E-04
1.9410E-04 2.0000E-04
2.1260E-04 2.0000E-04
5.8585E-04 2.0000E-04
5.0477E-04 2.0000E-04
3.4352E-04 2.0000E-04
5.3380E-04 2.0000E-04
3.2300E-04 2.0000E-04
2.8187E-04 2.0000E-04
4.2618E-04 2.0000E-04
2.2943E-04 2.0000E-04
1.6551E-04 2.0000E-04
2.5122E-04 2.0000E-04
3.2255E-04 2.0000E-04
1.2097E-04 2.0000E-04
9.3202E-05 2.0000E-04
9.9752E-05 2.0000E-04
2.6566E-04 2.0000E-04
8.3459E-05 2.0000E-04
6.4005E-05 2.0000E-04
7.6992E-05 2.0000E-04
1.0371E-04 2.0000E-04
1.0389E-04 2.0000E-04
5.7595E-05 2.0000E-04
5.2232E-05 2.0000E-04
6.6799E-05 2.0000E-04
5.6100E-05 2.0000E-04
9.7526E-05 2.0000E-04
4.5204E-05 2.0000E-04
3.9494E-05 2.0000E-04
5.2122E-05 2.0000E-04
1.0963E-04 2.0000E-04
5.3677E-05 2.0000E-04
4.0658E-05 2.0000E-04
4.5510E-05 2.0000E-04
7.1369E-05 2.0000E-04
4.9624E-05 2.0000E-04
3.8055E-05 2.0000E-04
5.2768E-05 2.0000E-04
8.6831E-05 2.0000E-04
4.1939E-05 2.0000E-04
3.2385E-05 2.0000E-04
3.6807E-05 2.0000E-04
5.6778E-05 2.0000E-04
7.5135E-05 2.0000E-04
2.9394E-05 2.0000E-04
2.7299E-05 2.0000E-04
3.5332E-05 2.0000E-04
6.1023E-05 2.0000E-04
3.7560E-05 2.0000E-04
2.6275E-05 2.0000E-04
3.4459E-05 2.0000E-04
3.9370E-05 2.0000E-04
3.3202E-05 2.0000E-04
5.1501E-05 2.0000E-04
4.0325E-05 2.0000E-04
2.7494E-05 2.0000E-04
2.8646E-05 2.0000E-04
2.9787E-05 2.0000E-04
3.1706E-05 2.0000E-04
5.6247E-05 2.0000E-04
3.3340E-05 2.0000E-04
2.7714E-05 2.0000E-04
2.9294E-05 2.0000E-04
6.3103E-05 2.0000E-04
2.6851E-05 2.0000E-04
2.5062E-05 2.0000E-04
3.3118E-05 2.0000E-04
5.5982E-05 2.0000E-04
2.7951E-05 2.0000E-04
2.3328E-05 2.0000E-04
2.6732E-05 2.0000E-04
5.4949E-05 2.0000E-04
2.5994E-05 2.0000E-04
2.2054E-05 2.0000E-04
2.8933E-05 2.0000E-04
4.9241E-05 2.0000E-04
2.6116E-05 2.0000E-04
2.0698E-05 2.0000E-04
2.3622E-05 2.0000E-04
5.4320E-05 2.0000E-04
2.2624E-05 2.0000E-04
1.9369E-05 2.0000E-04
2.5805E-05 2.0000E-04
3.4851E-05 2.0000E-04
2.2194E-05 2.0000E-04
1.9199E-05 2.0000E-04
2.6494E-05 2.0000E-04
3.1556E-05 2.0000E-04
2.1432E-05 2.0000E-04
2.0310E-05 2.0000E-04
2.4211E-05 2.0000E-04
2.2483E-05 2.0000E-04
4.5666E-05 2.0000E-04
2.2559E-05 2.0000E-04
2.0509E-05 2.0000E-04
2.0962E-05 2.0000E-04
3.3371E-05 2.0000E-04
2.3310E-05 2.0000E-04
1.7376E-05 2.0000E-04
1.9023E-05 2.0000E-04
2.7087E-05 2.0000E-04
2.3399E-05 2.0000E-04
2.2390E-05 2.0000E-04
2.1469E-05 2.0000E-04
2.1596E-05 2.0000E-04
2.6465E-05 2.0000E-04
3.3359E-05 2.0000E-04
1.7305E-05 2.0000E-04
1.7010E-05 2.0000E-04
1.9928E-05 2.0000E-04
2.8922E-05 2.0000E-04
2.8386E-05 2.0000E-04
1.6108E-05 2.0000E-04
1.6636E-05 2.0000E-04
2.2557E-05 2.0000E-04
2.1636E-05 2.0000E-04
3.7722E-05 2.0000E-04
1.7032E-05 2.0000E-04
1.5724E-05 2.0000E-04
1.8152E-05 2.0000E-04
4.0067E-05 2.0000E-04
1.8880E-05 2.0000E-04
1.5417E-05 2.0000E-04
1.9547E-05 2.0000E-04
3.4903E-05 2.0000E-04
2.2591E-05 2.0000E-04
1.5746E-05 2.0000E-04
2.2373E-05 2.0000E-04
2.2617E-05 2.0000E-04
2.1134E-05 2.0000E-04
3.5579E-05 2.0000E-04
2.2440E-05 2.0000E-04
2.2993E-05 2.0000E-04
2.7211E-05 2.0000E-04
3.6817E-05 2.0000E-04
2.5842E-05 2.0000E-04
2.8634E-05 2.0000E-04
3.9330E-05 2.0000E-04
3.4092E-05 2.0000E-04
6.3139E-05 2.0000E-04
4.7326E-05 2.0000E-04
1.1125E-04 2.0000E-04
9.0433E-05 2.0000E-04
1.3368E-04 2.0000E-04
1.1940E-04 2.0000E-04
2.0525E-04 2.0000E-04
1.3654E-04 2.0000E-04
1.2837E-04 2.0000E-04
2.0013E-04 2.0000E-04
2.0459E-04 2.0000E-04
1.7151E-04 2.0000E-04
1.7387E-04 2.0000E-04
1.6743E-04 2.0000E-04
2.0516E-04 2.0000E-04
2.5221E-04 2.0000E-04
1.9894E-04 2.0000E-04
1.4786E-04 2.0000E-04
1.5716E-04 2.0000E-04
2.2252E-04 2.0000E-04
1.9074E-04 2.0000E-04
1.7532E-04 2.0000E-04
1.9435E-04 2.0000E-04
2.4186E-04 2.0000E-04
1.7897E-04 2.0000E-04
1.8154E-04 2.0000E-04
2.0469E-04 2.0000E-04
1.8162E-04 2.0000E-04
2.4764E-04 2.0000E-04
1.6330E-04 2.0000E-04
1.4644E-04 2.0000E-04
1.5563E-04 2.0000E-04
2.2344E-04 2.0000E-04
1.2182E-04 2.0000E-04
1.1836E-04 2.0000E-04
1.4004E-04 2.0000E-04
3.4289E-04 2.0000E-04
1.1485E-04 2.0000E-04
9.2656E-05 2.0000E-04
1.2475E-04 2.0000E-04
1.8460E-04 2.0000E-04
1.2052E-04 2.0000E-04
9.8095E-05 2.0000E-04
1.2596E-04 2.0000E-04
1.5069E-04 2.0000E-04
1.2396E-04 2.0000E-04
1.4684E-04 2.0000E-04
1.2799E-04 2.0000E-04
1.2065E-04 2.0000E-04
2.0134E-04 2.0000E-04
1.2133E-04 2.0000E-04
9.5436E-05 2.0000E-04
1.0731E-04 2.0000E-04
1.8922E-04 2.0000E-04
9.1256E-05 2.0000E-04
7.8633E-05 2.0000E-04
9.1188E-05 2.0000E-04
1.9005E-04 2.0000E-04
8.5939E-05 2.0000E-04
7.1315E-05 2.0000E-04
1.0076E-04 2.0000E-04
1.5073E-04 2.0000E-04
9.3568E-05 2.0000E-04
8.0524E-05 2.0000E-04
1.0113E-04 2.0000E-04
1.1149E-04 2.0000E-04
1.3165E-04 2.0000E-04
9.7766E-05 2.0000E-04
9.6670E-05 2.0000E-04
1.1367E-04 2.0000E-04
1.2979E-04 2.0000E-04
1.1205E-04 2.0000E-04
1.0975E-04 2.0000E-04
1.1344E-04 2.0000E-04
1.2773E-04 2.0000E-04
1.3346E-04 2.0000E-04
1.1017E-04 2.0000E-04
1.1066E-04 2.0000E-04
1.7321E-04 2.0000E-04
1.1888E-04 2.0000E-04
1.2759E-04 2.0000E-04
1.3032E-04 2.0000E-04
1.1738E-04 2.0000E-04
1.3331E-04 2.0000E-04
1.3493E-04 2.0000E-04
1.1166E-04 2.0000E-04
1.5890E-04 2.0000E-04
1.4321E-04 2.0000E-04
1.1418E-04 2.0000E-04
1.4357E-04 2.0000E-04
1.5543E-04 2.0000E-04
1.3382E-04 2.0000E-04
1.1396E-04 2.0000E-04
1.2095E-04 2.0000E-04
1.1183E-04 2.0000E-04
1.9849E-04 2.0000E-04
1.0884E-04 2.0000E-04
1.0271E-04 2.0000E-04
1.4117E-04 2.0000E-04
2.4602E-04 2.0000E-04
1.1776E-04 2.0000E-04
1.0804E-04 2.0000E-04
1.3935E-04 2.0000E-04
1.4744E-04 2.0000E-04
1.6377E-04 2.0000E-04
1.0807E-04 2.0000E-04
1.0301E-04 2.0000E-04
1.3862E-04 2.0000E-04
1.4383E-04 2.0000E-04
1.0536E-04 2.0000E-04
1.0508E-04 2.0000E-04
1.4698E-04 2.0000E-04
9.9006E-05 2.0000E-04
9.5117E-05 2.0000E-04
1.2528E-04 2.0000E-04
9.8745E-05 2.0000E-04
1.2717E-04 2.0000E-04
1.1977E-04 2.0000E-04
8.7365E-05 2.0000E-04
9.3776E-05 2.0000E-04
1.2099E-04 2.0000E-04
9.2771E-05 2.0000E-04
1.1777E-04 2.0000E-04
1.0203E-04 2.0000E-04
7.1904E-05 2.0000E-04
6.6015E-05 2.0000E-04
8.3330E-05 2.0000E-04
8.3906E-05 2.0000E-04
1.3224E-04 2.0000E-04
6.8126E-05 2.0000E-04
6.0200E-05 2.0000E-04
7.3901E-05 2.0000E-04
1.4488E-04 2.0000E-04
6.9020E-05 2.0000E-04
6.7242E-05 2.0000E-04
8.0209E-05 2.0000E-04
1.8092E-04 2.0000E-04
7.5920E-05 2.0000E-04
6.1517E-05 2.0000E-04
7.9734E-05 2.0000E-04
1.1836E-04 2.0000E-04
8.1752E-05 2.0000E-04
6.9610E-05 2.0000E-04
1.0202E-04 2.0000E-04
1.0245E-04 2.0000E-04
8.0391E-05 2.0000E-04
1.0101E-04 2.0000E-04
1.0456E-04 2.0000E-04
8.2094E-05 2.0000E-04
8.7625E-05 2.0000E-04
1.2643E-04 2.0000E-04
8.0233E-05 2.0000E-04
7.1369E-05 2.0000E-04
8.0041E-05 2.0000E-04
8.8755E-05 2.0000E-04
7.5906E-05 2.0000E-04
7.6216E-05 2.0000E-04
9.0198E-05 2.0000E-04
7.0753E-05 2.0000E-04
9.2091E-05 2.0000E-04
9.3141E-05 2.0000E-04
6.5879E-05 2.0000E-04
6.7914E-05 2.0000E-04
9.7526E-05 2.0000E-04
7.2860E-05 2.0000E-04
7.2860E-05 2.0000E-04
7.3013E-05 2.0000E-04
9.6749E-05 2.0000E-04
5.6660E-05 2.0000E-04
4.3920E-05 2.0000E-04
4.9702E-05 2.0000E-04
6.5336E-05 2.0000E-04
7.3697E-05 2.0000E-04
4.8980E-05 2.0000E-04
4.7266E-05 2.0000E-04
7.5790E-05 2.0000E-04
5.4386E-05 2.0000E-04
5.5682E-05 2.0000E-04
6.7675E-05 2.0000E-04
5.3130E-05 2.0000E-04
5.3524E-05 2.0000E-04
8.1055E-05 2.0000E-04
5.6360E-05 2.0000E-04
4.7605E-05 2.0000E-04
6.3951E-05 2.0000E-04
5.4532E-05 2.0000E-04
9.9337E-05 2.0000E-04
4.9916E-05 2.0000E-04
4.6421E-05 2.0000E-04
6.1941E-05 2.0000E-04
1.2917E-04 2.0000E-04
5.4053E-05 2.0000E-04
4.5267E-05 2.0000E-04
5.6472E-05 2.0000E-04
7.2248E-05 2.0000E-04
9.0476E-05 2.0000E-04
4.5784E-05 2.0000E-04
4.9179E-05 2.0000E-04
6.4544E-05 2.0000E-04
1.2305E-04 2.0000E-04
5.2144E-05 2.0000E-04
4.6044E-05 2.0000E-04
5.7491E-05 2.0000E-04
8.3599E-05 2.0000E-04
6.7840E-05 2.0000E-04
4.3786E-05 2.0000E-04
5.3618E-05 2.0000E-04
5.9955E-05 2.0000E-04
5.2400E-05 2.0000E-04
8.5876E-05 2.0000E-04
4.6162E-05 2.0000E-04
4.3316E-05 2.0000E-04
4.9845E-05 2.0000E-04
8.3980E-05 2.0000E-04
4.5708E-05 2.0000E-04
3.4285E-05 2.0000E-04
4.6823E-05 2.0000E-04
6.6379E-05 2.0000E-04
4.5145E-05 2.0000E-04
4.0099E-05 2.0000E-04
4.4605E-05 2.0000E-04
4.2218E-05 2.0000E-04
4.8019E-05 2.0000E-04
5.4884E-05 2.0000E-04
3.9272E-05 2.0000E-04
3.6675E-05 2.0000E-04
4.1264E-05 2.0000E-04
3.3048E-05 2.0000E-04
4.2218E-05 2.0000E-04
3.0963E-05 2.0000E-04
3.0182E-05 2.0000E-04
4.3353E-05 2.0000E-04
3.5281E-05 2.0000E-04
2.7065E-05 2.0000E-04
2.9545E-05 2.0000E-04
4.4069E-05 2.0000E-04
2.8253E-05 2.0000E-04
2.6027E-05 2.0000E-04
3.2221E-05 2.0000E-04
2.6319E-05 2.0000E-04
4.1715E-05 2.0000E-04
2.4020E-05 2.0000E-04
2.4451E-05 2.0000E-04
3.0410E-05 2.0000E-04
5.5673E-05 2.0000E-04
2.4343E-05 2.0000E-04
1.9458E-05 2.0000E-04
2.3214E-05 2.0000E-04
3.6237E-05 2.0000E-04
3.8732E-05 2.0000E-04
2.1165E-05 2.0000E-04
2.0854E-05 2.0000E-04
2.4627E-05 2.0000E-04
3.9160E-05 2.0000E-04
2.2925E-05 2.0000E-04
2.0188E-05 2.0000E-04
2.3091E-05 2.0000E-04
4.2943E-05 2.0000E-04
2.4099E-05 2.0000E-04
1.9709E-05 2.0000E-04
2.3348E-05 2.0000E-04
3.7390E-05 2.0000E-04
2.3495E-05 2.0000E-04
1.9761E-05 2.0000E-04
2.2689E-05 2.0000E-04
4.1258E-05 2.0000E-04
2.1496E-05 2.0000E-04
1.7662E-05 2.0000E-04
2.1544E-05 2.0000E-04
3.2756E-05 2.0000E-04
2.0478E-05 2.0000E-04
1.7558E-05 2.0000E-04
2.3302E-05 2.0000E-04
2.7137E-05 2.0000E-04
1.9453E-05 2.0000E-04
2.1923E-05 2.0000E-04
2.4868E-05 2.0000E-04
1.8883E-05 2.0000E-04
1.9218E-05 2.0000E-04
2.5036E-05 2.0000E-04
2.0702E-05 2.0000E-04
2.5401E-05 2.0000E-04
2.3918E-05 2.0000E-04
1.9053E-05 2.0000E-04
2.1910E-05 2.0000E-04
2.8314E-05 2.0000E-04
2.0677E-05 2.0000E-04
1.8842E-05 2.0000E-04
2.6964E-05 2.0000E-04
2.1327E-05 2.0000E-04
2.3933E-05 2.0000E-04
2.5555E-05 2.0000E-04
1.9809E-05 2.0000E-04
1.8456E-05 2.0000E-04
2.3152E-05 2.0000E-04
1.9542E-05 2.0000E-04
2.4835E-05 2.0000E-04
2.2748E-05 2.0000E-04
1.7259E-05 2.0000E-04
1.6849E-05 2.0000E-04
2.4917E-05 2.0000E-04
1.9804E-05 2.0000E-04
1.7443E-05 2.0000E-04
1.9570E-05 2.0000E-04
1.6487E-05 2.0000E-04
2.2661E-05 2.0000E-04
2.1543E-05 2.0000E-04
1.7408E-05 2.0000E-04
2.1601E-05 2.0000E-04
2.9220E-05 2.0000E-04
1.8295E-05 2.0000E-04
1.2539E-05 2.0000E-04
1.6008E-05 2.0000E-04
1.6733E-05 2.0000E-04
1.7333E-05 2.0000E-04
1.4868E-05 2.0000E-04
1.6284E-05 2.0000E-04
2.1706E-05 2.0000E-04
1.5011E-05 2.0000E-04
1.2827E-05 2.0000E-04
1.6452E-05 2.0000E-04
2.0979E-05 2.0000E-04
1.3432E-05 2.0000E-04
1.3233E-05 2.0000E-04
1.6414E-05 2.0000E-04
1.4830E-05 2.0000E-04
2.2746E-05 2.0000E-04
1.3486E-05 2.0000E-04
1.2163E-05 2.0000E-04
1.3585E-05 2.0000E-04
2.3131E-05 2.0000E-04
1.0823E-05 2.0000E-04
1.1036E-05 2.0000E-04
1.2455E-05 2.0000E-04
2.4019E-05 2.0000E-04
1.0623E-05 2.0000E-04
9.4974E-06 2.0000E-04
1.1403E-05 2.0000E-04
