RMS Step   Target
2.8627E-04 8.0000E-04
2.7119E-03 8.0000E-04
8.5700E-04 8.0000E-04
1.7684E-03 8.0000E-04
1.9342E-03 8.0000E-04
1.2527E-03 8.0000E-04
7.2609E-04 8.0000E-04
1.0787E-03 8.0000E-04
1.8241E-03 8.0000E-04
4.6528E-04 8.0000E-04
4.0694E-04 8.0000E-04
9.0802E-04 8.0000E-04
1.5318E-03 8.0000E-04
1.5754E-03 8.0000E-04
8.5308E-04 8.0000E-04
6.5340E-04 8.0000E-04
1.0920E-03 8.0000E-04
2.3844E-03 8.0000E-04
2.7264E-03 8.0000E-04
2.1670E-03 8.0000E-04
7.1567E-03 8.0000E-04
3.9604E-03 8.0000E-04
9.0482E-04 8.0000E-04
4.7503E-03 8.0000E-04
1.6882E-03 8.0000E-04
3.2858E-03 8.0000E-04
2.7353E-03 8.0000E-04
1.4200E-03 8.0000E-04
1.4159E-03 8.0000E-04
2.2615E-03 8.0000E-04
2.0684E-03 8.0000E-04
3.7140E-04 8.0000E-04
3.7112E-04 8.0000E-04
5.8153E-04 8.0000E-04
1.1416E-03 8.0000E-04
2.6498E-04 8.0000E-04
1.9967E-04 8.0000E-04
4.4707E-04 8.0000E-04
6.6282E-04 8.0000E-04
9.8725E-04 8.0000E-04
2.5404E-04 8.0000E-04
2.8286E-04 8.0000E-04
3.1689E-04 8.0000E-04
5.4272E-04 8.0000E-04
7.6372E-04 8.0000E-04
2.4108E-04 8.0000E-04
9.5722E-05 8.0000E-04
3.7305E-04 8.0000E-04
7.1491E-04 8.0000E-04
2.2379E-04 8.0000E-04
4.3433E-04 8.0000E-04
4.5717E-04 8.0000E-04
7.4132E-04 8.0000E-04
8.8401E-04 8.0000E-04
1.9590E-04 8.0000E-04
5.0847E-04 8.0000E-04
6.3903E-04 8.0000E-04
1.3375E-04 8.0000E-04
4.1993E-04 8.0000E-04
2.9798E-04 8.0000E-04
8.6281E-04 8.0000E-04
8.2738E-04 8.0000E-04
1.9031E-04 8.0000E-04
1.1643E-04 8.0000E-04
2.3499E-04 8.0000E-04
6.5458E-04 8.0000E-04
6.3926E-04 8.0000E-04
3.3267E-04 8.0000E-04
4.2134E-04 8.0000E-04
2.7720E-04 8.0000E-04
2.1243E-04 8.0000E-04
8.0129E-04 8.0000E-04
3.0149E-04 8.0000E-04
5.8081E-05 8.0000E-04
5.2214E-04 8.0000E-04
2.7096E-04 8.0000E-04
7.1532E-04 8.0000E-04
6.8423E-04 8.0000E-04
2.0571E-04 8.0000E-04
3.7646E-04 8.0000E-04
3.7812E-04 8.0000E-04
9.4059E-04 8.0000E-04
2.4205E-04 8.0000E-04
1.3629E-04 8.0000E-04
3.6570E-04 8.0000E-04
7.6503E-04 8.0000E-04
2.6546E-04 8.0000E-04
3.6089E-04 8.0000E-04
3.1029E-04 8.0000E-04
7.9444E-04 8.0000E-04
3.5980E-04 8.0000E-04
1.6100E-04 8.0000E-04
3.3948E-04 8.0000E-04
5.8716E-04 8.0000E-04
3.1312E-04 8.0000E-04
3.6942E-04 8.0000E-04
2.7151E-04 8.0000E-04
6.7282E-04 8.0000E-04
2.6980E-04 8.0000E-04
9.6692E-05 8.0000E-04
2.8855E-04 8.0000E-04
4.9470E-04 8.0000E-04
4.2784E-04 8.0000E-04
2.5234E-04 8.0000E-04
4.1250E-04 8.0000E-04
4.8556E-04 8.0000E-04
3.1971E-04 8.0000E-04
3.4849E-04 8.0000E-04
2.5323E-04 8.0000E-04
3.9060E-04 8.0000E-04
8.1238E-04 8.0000E-04
1.3710E-04 8.0000E-04
1.2287E-04 8.0000E-04
2.8336E-04 8.0000E-04
6.8171E-04 8.0000E-04
4.0200E-04 8.0000E-04
2.1422E-04 8.0000E-04
3.5867E-04 8.0000E-04
3.6913E-04 8.0000E-04
3.2280E-04 8.0000E-04
4.9848E-04 8.0000E-04
1.8526E-04 8.0000E-04
2.9595E-04 8.0000E-04
6.6146E-04 8.0000E-04
5.2760E-04 8.0000E-04
7.6988E-05 8.0000E-04
1.8116E-04 8.0000E-04
2.1727E-04 8.0000E-04
6.0096E-04 8.0000E-04
6.3697E-04 8.0000E-04
8.9280E-05 8.0000E-04
3.0550E-04 8.0000E-04
2.7832E-04 8.0000E-04
5.8358E-04 8.0000E-04
7.4283E-04 8.0000E-04
1.0248E-04 8.0000E-04
9.6349E-05 8.0000E-04
2.6988E-04 8.0000E-04
6.7876E-04 8.0000E-04
3.9542E-04 8.0000E-04
3.0682E-04 8.0000E-04
5.1324E-04 8.0000E-04
7.4447E-04 8.0000E-04
6.9375E-04 8.0000E-04
3.1764E-04 8.0000E-04
3.6190E-04 8.0000E-04
2.1012E-04 8.0000E-04
6.8660E-04 8.0000E-04
1.1442E-03 8.0000E-04
7.8165E-04 8.0000E-04
3.8446E-04 8.0000E-04
8.7921E-04 8.0000E-04
9.5743E-04 8.0000E-04
1.0936E-03 8.0000E-04
1.2262E-03 8.0000E-04
1.6983E-03 8.0000E-04
1.4123E-03 8.0000E-04
3.6856E-03 8.0000E-04
1.7273E-03 8.0000E-04
6.5543E-03 8.0000E-04
1.9756E-03 8.0000E-04
7.0702E-03 8.0000E-04
1.1752E-03 8.0000E-04
7.1567E-03 8.0000E-04
7.2416E-04 8.0000E-04
5.6897E-03 8.0000E-04
7.1567E-03 8.0000E-04
2.0064E-03 8.0000E-04
5.0004E-03 8.0000E-04
3.5385E-03 8.0000E-04
2.7603E-03 8.0000E-04
2.6599E-03 8.0000E-04
7.1567E-03 8.0000E-04
3.0268E-03 8.0000E-04
6.5777E-04 8.0000E-04
3.0588E-03 8.0000E-04
3.7942E-03 8.0000E-04
3.4010E-03 8.0000E-04
1.2908E-03 8.0000E-04
3.0995E-03 8.0000E-04
1.6661E-03 8.0000E-04
1.9889E-03 8.0000E-04
3.0156E-03 8.0000E-04
1.4461E-03 8.0000E-04
2.2112E-03 8.0000E-04
2.1813E-03 8.0000E-04
1.9785E-03 8.0000E-04
5.8224E-04 8.0000E-04
1.9793E-03 8.0000E-04
1.9405E-03 8.0000E-04
4.7198E-04 8.0000E-04
1.1007E-03 8.0000E-04
1.0431E-03 8.0000E-04
2.9546E-03 8.0000E-04
5.5762E-04 8.0000E-04
3.8875E-04 8.0000E-04
1.3877E-03 8.0000E-04
1.6058E-03 8.0000E-04
2.2288E-03 8.0000E-04
1.2173E-03 8.0000E-04
1.1849E-03 8.0000E-04
1.3775E-03 8.0000E-04
2.1996E-03 8.0000E-04
2.0799E-03 8.0000E-04
1.2106E-03 8.0000E-04
1.6355E-03 8.0000E-04
2.4238E-03 8.0000E-04
1.4972E-03 8.0000E-04
7.2799E-04 8.0000E-04
1.2401E-03 8.0000E-04
1.9053E-03 8.0000E-04
5.0221E-04 8.0000E-04
6.8656E-04 8.0000E-04
9.3524E-04 8.0000E-04
2.1554E-03 8.0000E-04
1.3433E-03 8.0000E-04
3.4114E-04 8.0000E-04
1.0056E-03 8.0000E-04
1.3058E-03 8.0000E-04
9.8630E-04 8.0000E-04
1.5318E-03 8.0000E-04
1.1468E-03 8.0000E-04
1.9471E-03 8.0000E-04
1.8584E-03 8.0000E-04
1.0893E-03 8.0000E-04
1.0544E-03 8.0000E-04
1.1915E-03 8.0000E-04
2.6283E-03 8.0000E-04
1.7725E-03 8.0000E-04
1.8037E-03 8.0000E-04
1.4672E-03 8.0000E-04
2.3885E-03 8.0000E-04
2.0991E-03 8.0000E-04
1.6639E-03 8.0000E-04
1.5035E-03 8.0000E-04
3.3547E-03 8.0000E-04
1.0469E-03 8.0000E-04
2.6313E-03 8.0000E-04
1.2437E-03 8.0000E-04
2.5924E-03 8.0000E-04
2.8873E-03 8.0000E-04
1.3379E-03 8.0000E-04
1.3158E-03 8.0000E-04
3.2652E-03 8.0000E-04
1.4619E-03 8.0000E-04
1.5787E-03 8.0000E-04
1.9582E-03 8.0000E-04
3.7190E-03 8.0000E-04
1.0405E-03 8.0000E-04
1.9747E-03 8.0000E-04
1.5692E-03 8.0000E-04
3.2910E-03 8.0000E-04
2.9438E-03 8.0000E-04
7.5799E-04 8.0000E-04
6.8331E-04 8.0000E-04
1.6630E-03 8.0000E-04
4.1708E-03 8.0000E-04
7.2001E-04 8.0000E-04
2.0467E-03 8.0000E-04
1.0192E-03 8.0000E-04
3.3744E-03 8.0000E-04
3.2040E-03 8.0000E-04
9.4866E-04 8.0000E-04
8.7879E-04 8.0000E-04
1.4178E-03 8.0000E-04
2.4086E-03 8.0000E-04
1.2297E-03 8.0000E-04
2.5316E-03 8.0000E-04
1.2014E-03 8.0000E-04
1.3597E-03 8.0000E-04
1.2832E-03 8.0000E-04
1.2204E-03 8.0000E-04
6.4231E-04 8.0000E-04
2.3921E-03 8.0000E-04
9.0565E-04 8.0000E-04
6.8513E-04 8.0000E-04
1.6284E-03 8.0000E-04
1.1456E-03 8.0000E-04
4.9071E-04 8.0000E-04
1.9592E-03 8.0000E-04
6.2246E-04 8.0000E-04
5.6491E-04 8.0000E-04
1.3359E-03 8.0000E-04
1.0991E-03 8.0000E-04
1.3686E-03 8.0000E-04
1.4103E-03 8.0000E-04
3.8786E-04 8.0000E-04
5.1026E-04 8.0000E-04
8.4075E-04 8.0000E-04
2.1942E-03 8.0000E-04
5.5020E-04 8.0000E-04
6.3927E-04 8.0000E-04
9.5574E-04 8.0000E-04
2.2131E-03 8.0000E-04
5.0156E-04 8.0000E-04
8.5657E-04 8.0000E-04
8.9063E-04 8.0000E-04
2.5892E-03 8.0000E-04
1.2878E-03 8.0000E-04
1.0243E-03 8.0000E-04
1.6469E-03 8.0000E-04
1.5338E-03 8.0000E-04
8.6590E-04 8.0000E-04
2.5672E-03 8.0000E-04
1.1953E-03 8.0000E-04
8.4558E-04 8.0000E-04
2.8320E-03 8.0000E-04
1.7786E-03 8.0000E-04
5.1065E-04 8.0000E-04
1.1424E-03 8.0000E-04
8.0386E-04 8.0000E-04
2.2832E-03 8.0000E-04
2.1312E-03 8.0000E-04
2.0805E-03 8.0000E-04
1.1750E-03 8.0000E-04
1.7341E-03 8.0000E-04
1.6202E-03 8.0000E-04
1.1870E-03 8.0000E-04
4.9267E-04 8.0000E-04
1.2601E-03 8.0000E-04
1.3266E-03 8.0000E-04
1.9401E-03 8.0000E-04
1.9401E-03 8.0000E-04
8.9766E-10 8.0000E-04
1.4313E-04 8.0000E-04
5.7153E-05 8.0000E-04
2.2047E-04 8.0000E-04
1.7016E-04 8.0000E-04
4.3746E-04 8.0000E-04
4.3294E-04 8.0000E-04
1.8546E-04 8.0000E-04
3.8196E-04 8.0000E-04
4.7600E-04 8.0000E-04
4.8404E-04 8.0000E-04
6.4925E-04 8.0000E-04
5.4950E-04 8.0000E-04
2.5711E-04 8.0000E-04
7.0103E-04 8.0000E-04
5.8326E-04 8.0000E-04
3.1868E-04 8.0000E-04
8.6955E-04 8.0000E-04
5.7501E-04 8.0000E-04
7.9070E-04 8.0000E-04
1.2245E-03 8.0000E-04
5.7792E-04 8.0000E-04
2.3818E-04 8.0000E-04
7.1479E-04 8.0000E-04
1.4019E-03 8.0000E-04
1.8677E-04 8.0000E-04
5.0178E-04 8.0000E-04
7.8148E-04 8.0000E-04
1.3538E-03 8.0000E-04
1.3769E-03 8.0000E-04
6.0221E-04 8.0000E-04
4.3798E-04 8.0000E-04
7.0016E-04 8.0000E-04
1.5158E-03 8.0000E-04
4.2756E-04 8.0000E-04
2.5909E-04 8.0000E-04
6.1878E-04 8.0000E-04
9.8159E-04 8.0000E-04
1.5797E-03 8.0000E-04
3.7533E-04 8.0000E-04
4.7134E-04 8.0000E-04
4.8507E-04 8.0000E-04
9.4703E-04 8.0000E-04
8.1575E-04 8.0000E-04
2.9623E-04 8.0000E-04
2.0920E-04 8.0000E-04
5.6230E-04 8.0000E-04
9.1833E-04 8.0000E-04
8.5986E-04 8.0000E-04
2.0850E-04 8.0000E-04
4.0438E-04 8.0000E-04
5.7045E-04 8.0000E-04
3.4288E-04 8.0000E-04
6.5533E-04 8.0000E-04
3.5598E-04 8.0000E-04
3.5379E-04 8.0000E-04
8.1448E-04 8.0000E-04
4.4509E-04 8.0000E-04
1.6178E-04 8.0000E-04
5.3113E-04 8.0000E-04
4.0841E-04 8.0000E-04
6.8802E-04 8.0000E-04
6.5482E-04 8.0000E-04
3.1585E-04 8.0000E-04
2.8672E-04 8.0000E-04
4.4389E-04 8.0000E-04
4.1170E-04 8.0000E-04
3.0277E-04 8.0000E-04
4.2294E-04 8.0000E-04
5.1386E-04 8.0000E-04
2.8841E-04 8.0000E-04
3.9482E-04 8.0000E-04
3.4309E-04 8.0000E-04
4.4265E-04 8.0000E-04
4.6630E-04 8.0000E-04
2.0206E-04 8.0000E-04
1.9638E-04 8.0000E-04
3.4449E-04 8.0000E-04
7.6355E-04 8.0000E-04
2.0678E-04 8.0000E-04
1.9459E-04 8.0000E-04
2.5345E-04 8.0000E-04
5.1184E-04 8.0000E-04
6.0788E-04 8.0000E-04
1.6151E-04 8.0000E-04
1.7159E-04 8.0000E-04
2.5902E-04 8.0000E-04
7.0738E-04 8.0000E-04
3.2126E-04 8.0000E-04
1.1201E-04 8.0000E-04
2.8660E-04 8.0000E-04
5.5337E-04 8.0000E-04
1.7149E-04 8.0000E-04
3.6180E-04 8.0000E-04
2.9230E-04 8.0000E-04
7.7140E-04 8.0000E-04
2.9921E-04 8.0000E-04
1.0037E-04 8.0000E-04
2.7187E-04 8.0000E-04
5.3773E-04 8.0000E-04
2.0718E-04 8.0000E-04
3.9947E-04 8.0000E-04
3.3460E-04 8.0000E-04
6.5859E-04 8.0000E-04
3.3183E-04 8.0000E-04
1.6970E-04 8.0000E-04
2.0967E-04 8.0000E-04
3.6147E-04 8.0000E-04
3.2170E-04 8.0000E-04
6.1109E-04 8.0000E-04
4.1253E-04 8.0000E-04
9.8140E-05 8.0000E-04
3.6954E-04 8.0000E-04
3.0414E-04 8.0000E-04
3.1888E-04 8.0000E-04
6.1307E-04 8.0000E-04
3.3935E-04 8.0000E-04
5.3475E-05 8.0000E-04
3.3595E-04 8.0000E-04
3.7566E-04 8.0000E-04
2.6754E-04 8.0000E-04
6.4302E-04 8.0000E-04
4.8260E-04 8.0000E-04
2.3889E-04 8.0000E-04
6.0161E-04 8.0000E-04
2.1219E-04 8.0000E-04
8.1514E-05 8.0000E-04
5.3478E-04 8.0000E-04
3.8587E-04 8.0000E-04
3.9013E-04 8.0000E-04
7.5064E-04 8.0000E-04
3.5907E-04 8.0000E-04
4.7096E-05 8.0000E-04
2.5242E-04 8.0000E-04
4.5005E-04 8.0000E-04
2.8931E-04 8.0000E-04
7.6513E-04 8.0000E-04
2.7091E-04 8.0000E-04
2.2386E-04 8.0000E-04
4.3625E-04 8.0000E-04
2.3261E-04 8.0000E-04
5.6013E-05 8.0000E-04
4.6332E-04 8.0000E-04
5.1195E-04 8.0000E-04
2.6209E-04 8.0000E-04
4.9895E-04 8.0000E-04
2.6338E-04 8.0000E-04
3.3016E-04 8.0000E-04
3.2208E-04 8.0000E-04
2.0410E-04 8.0000E-04
2.7584E-04 8.0000E-04
3.8643E-04 8.0000E-04
4.3805E-04 8.0000E-04
2.7777E-04 8.0000E-04
3.4979E-04 8.0000E-04
3.1701E-04 8.0000E-04
1.0167E-04 8.0000E-04
2.2188E-04 8.0000E-04
2.3111E-04 8.0000E-04
4.6995E-04 8.0000E-04
4.3211E-04 8.0000E-04
1.6629E-04 8.0000E-04
8.3730E-05 8.0000E-04
1.8172E-04 8.0000E-04
4.6128E-04 8.0000E-04
1.4889E-04 8.0000E-04
2.1002E-04 8.0000E-04
2.4885E-04 8.0000E-04
4.1076E-04 8.0000E-04
9.0368E-05 8.0000E-04
5.0545E-05 8.0000E-04
1.3340E-04 8.0000E-04
