Max Step   Target
1.2093E-02 1.2000E-03
1.1290E-01 1.2000E-03
2.8670E-02 1.2000E-03
5.0199E-02 1.2000E-03
4.7320E-02 1.2000E-03
2.6659E-02 1.2000E-03
1.1590E-02 1.2000E-03
2.2311E-02 1.2000E-03
4.3858E-02 1.2000E-03
1.6449E-02 1.2000E-03
1.1040E-02 1.2000E-03
2.7073E-02 1.2000E-03
4.6924E-02 1.2000E-03
5.6448E-02 1.2000E-03
5.9484E-03 1.2000E-03
1.0020E-02 1.2000E-03
1.4971E-02 1.2000E-03
1.9771E-02 1.2000E-03
2.7789E-02 1.2000E-03
1.6740E-02 1.2000E-03
5.4750E-03 1.2000E-03
2.4996E-02 1.2000E-03
1.7344E-02 1.2000E-03
3.7381E-03 1.2000E-03
1.3895E-02 1.2000E-03
1.8359E-02 1.2000E-03
7.9289E-03 1.2000E-03
4.5438E-03 1.2000E-03
4.3359E-03 1.2000E-03
9.1753E-03 1.2000E-03
7.0993E-03 1.2000E-03
8.5301E-03 1.2000E-03
1.0363E-02 1.2000E-03
8.4193E-03 1.2000E-03
4.4977E-03 1.2000E-03
5.1127E-03 1.2000E-03
3.4628E-03 1.2000E-03
2.9364E-03 1.2000E-03
6.5172E-03 1.2000E-03
5.2292E-03 1.2000E-03
1.7720E-03 1.2000E-03
1.1556E-03 1.2000E-03
2.5478E-03 1.2000E-03
4.6694E-03 1.2000E-03
7.4466E-03 1.2000E-03
5.2074E-03 1.2000E-03
9.0390E-04 1.2000E-03
2.0009E-03 1.2000E-03
3.0698E-03 1.2000E-03
3.4344E-03 1.2000E-03
3.2922E-03 1.2000E-03
2.9552E-03 1.2000E-03
2.7962E-03 1.2000E-03
4.5843E-03 1.2000E-03
2.5219E-03 1.2000E-03
8.2782E-04 1.2000E-03
1.5709E-03 1.2000E-03
2.4969E-03 1.2000E-03
4.5260E-03 1.2000E-03
3.3901E-03 1.2000E-03
1.4039E-03 1.2000E-03
1.3741E-03 1.2000E-03
1.9167E-03 1.2000E-03
2.4341E-03 1.2000E-03
1.4249E-03 1.2000E-03
1.4483E-03 1.2000E-03
1.0700E-03 1.2000E-03
2.6668E-03 1.2000E-03
2.6540E-03 1.2000E-03
6.6460E-04 1.2000E-03
9.4552E-04 1.2000E-03
