RMS Grad   Target
3.1146E-03 2.0000E-04
2.7802E-03 2.0000E-04
7.0329E-04 2.0000E-04
4.8479E-04 2.0000E-04
4.1606E-04 2.0000E-04
4.9679E-04 2.0000E-04
2.3628E-04 2.0000E-04
1.8011E-04 2.0000E-04
1.8270E-04 2.0000E-04
3.3807E-04 2.0000E-04
1.2886E-04 2.0000E-04
1.1348E-04 2.0000E-04
1.4134E-04 2.0000E-04
2.0176E-04 2.0000E-04
1.4171E-04 2.0000E-04
8.5841E-05 2.0000E-04
1.0514E-04 2.0000E-04
1.4070E-04 2.0000E-04
1.0111E-04 2.0000E-04
1.3250E-04 2.0000E-04
9.6262E-05 2.0000E-04
8.4315E-05 2.0000E-04
1.5801E-04 2.0000E-04
9.2250E-05 2.0000E-04
6.1088E-05 2.0000E-04
4.7689E-05 2.0000E-04
9.9375E-05 2.0000E-04
5.2793E-05 2.0000E-04
3.9578E-05 2.0000E-04
4.7028E-05 2.0000E-04
7.2303E-05 2.0000E-04
5.4452E-05 2.0000E-04
5.0546E-05 2.0000E-04
7.2367E-05 2.0000E-04
4.8421E-05 2.0000E-04
3.5921E-05 2.0000E-04
3.9265E-05 2.0000E-04
3.5828E-05 2.0000E-04
3.4812E-05 2.0000E-04
4.4576E-05 2.0000E-04
7.6709E-05 2.0000E-04
2.6795E-05 2.0000E-04
2.1093E-05 2.0000E-04
3.5795E-05 2.0000E-04
4.8266E-05 2.0000E-04
5.5607E-05 2.0000E-04
3.5639E-05 2.0000E-04
2.5462E-05 2.0000E-04
2.9468E-05 2.0000E-04
4.1555E-05 2.0000E-04
2.9110E-05 2.0000E-04
2.2740E-05 2.0000E-04
2.7887E-05 2.0000E-04
2.9417E-05 2.0000E-04
3.4276E-05 2.0000E-04
2.9280E-05 2.0000E-04
2.0715E-05 2.0000E-04
2.3261E-05 2.0000E-04
2.8367E-05 2.0000E-04
2.5453E-05 2.0000E-04
2.1865E-05 2.0000E-04
1.6072E-05 2.0000E-04
1.6891E-05 2.0000E-04
2.3515E-05 2.0000E-04
1.9849E-05 2.0000E-04
1.6555E-05 2.0000E-04
1.7828E-05 2.0000E-04
1.9044E-05 2.0000E-04
1.9110E-05 2.0000E-04
3.3912E-05 2.0000E-04
1.7121E-05 2.0000E-04
1.5656E-05 2.0000E-04
