Max Step   Target
2.0569E-03 1.2000E-03
1.4601E-02 1.2000E-03
2.4923E-02 1.2000E-03
2.7382E-02 1.2000E-03
3.0470E-02 1.2000E-03
3.3718E-02 1.2000E-03
3.5549E-02 1.2000E-03
3.5531E-02 1.2000E-03
3.5764E-02 1.2000E-03
3.4630E-02 1.2000E-03
3.2858E-02 1.2000E-03
3.1611E-02 1.2000E-03
2.9144E-02 1.2000E-03
2.8610E-02 1.2000E-03
2.8539E-02 1.2000E-03
2.9674E-02 1.2000E-03
2.9592E-02 1.2000E-03
3.0044E-02 1.2000E-03
3.0415E-02 1.2000E-03
3.0675E-02 1.2000E-03
3.0681E-02 1.2000E-03
3.1022E-02 1.2000E-03
3.1064E-02 1.2000E-03
3.1102E-02 1.2000E-03
3.0977E-02 1.2000E-03
3.0855E-02 1.2000E-03
3.0720E-02 1.2000E-03
3.0806E-02 1.2000E-03
3.2474E-02 1.2000E-03
3.2334E-02 1.2000E-03
3.3397E-02 1.2000E-03
3.4086E-02 1.2000E-03
3.4822E-02 1.2000E-03
3.5420E-02 1.2000E-03
3.6249E-02 1.2000E-03
3.7056E-02 1.2000E-03
3.7406E-02 1.2000E-03
3.9165E-02 1.2000E-03
3.8733E-02 1.2000E-03
4.0094E-02 1.2000E-03
4.0076E-02 1.2000E-03
4.1734E-02 1.2000E-03
4.1390E-02 1.2000E-03
4.3509E-02 1.2000E-03
4.2960E-02 1.2000E-03
4.4085E-02 1.2000E-03
4.4287E-02 1.2000E-03
4.5189E-02 1.2000E-03
4.5146E-02 1.2000E-03
4.5663E-02 1.2000E-03
4.5587E-02 1.2000E-03
4.5222E-02 1.2000E-03
4.5287E-02 1.2000E-03
4.4236E-02 1.2000E-03
4.4026E-02 1.2000E-03
4.2690E-02 1.2000E-03
4.1633E-02 1.2000E-03
4.0444E-02 1.2000E-03
3.8350E-02 1.2000E-03
3.6619E-02 1.2000E-03
3.5781E-02 1.2000E-03
3.3440E-02 1.2000E-03
3.3929E-02 1.2000E-03
3.1565E-02 1.2000E-03
3.3260E-02 1.2000E-03
3.4452E-02 1.2000E-03
3.7137E-02 1.2000E-03
3.7492E-02 1.2000E-03
4.0342E-02 1.2000E-03
4.0472E-02 1.2000E-03
4.2471E-02 1.2000E-03
4.2535E-02 1.2000E-03
4.3756E-02 1.2000E-03
4.3517E-02 1.2000E-03
4.3462E-02 1.2000E-03
4.3068E-02 1.2000E-03
4.2101E-02 1.2000E-03
4.1436E-02 1.2000E-03
3.9692E-02 1.2000E-03
3.8658E-02 1.2000E-03
3.6632E-02 1.2000E-03
3.5231E-02 1.2000E-03
3.5901E-02 1.2000E-03
3.6488E-02 1.2000E-03
3.8701E-02 1.2000E-03
3.9353E-02 1.2000E-03
4.1135E-02 1.2000E-03
4.2350E-02 1.2000E-03
4.3012E-02 1.2000E-03
4.5009E-02 1.2000E-03
4.5254E-02 1.2000E-03
4.7076E-02 1.2000E-03
4.7334E-02 1.2000E-03
4.8268E-02 1.2000E-03
4.8314E-02 1.2000E-03
4.8704E-02 1.2000E-03
4.8432E-02 1.2000E-03
4.8188E-02 1.2000E-03
4.8730E-02 1.2000E-03
4.8592E-02 1.2000E-03
5.0034E-02 1.2000E-03
4.9751E-02 1.2000E-03
5.0620E-02 1.2000E-03
5.0456E-02 1.2000E-03
5.0380E-02 1.2000E-03
4.9774E-02 1.2000E-03
4.8408E-02 1.2000E-03
4.7744E-02 1.2000E-03
4.8017E-02 1.2000E-03
4.7912E-02 1.2000E-03
4.7341E-02 1.2000E-03
4.7005E-02 1.2000E-03
4.9636E-02 1.2000E-03
4.7936E-02 1.2000E-03
5.0367E-02 1.2000E-03
4.9343E-02 1.2000E-03
5.0234E-02 1.2000E-03
4.9474E-02 1.2000E-03
5.0219E-02 1.2000E-03
4.9322E-02 1.2000E-03
5.0181E-02 1.2000E-03
4.9648E-02 1.2000E-03
5.0003E-02 1.2000E-03
4.9272E-02 1.2000E-03
5.0071E-02 1.2000E-03
4.9872E-02 1.2000E-03
5.3418E-02 1.2000E-03
4.9310E-02 1.2000E-03
5.4181E-02 1.2000E-03
5.1608E-02 1.2000E-03
5.2645E-02 1.2000E-03
4.9939E-02 1.2000E-03
4.9370E-02 1.2000E-03
4.4174E-02 1.2000E-03
4.2006E-02 1.2000E-03
3.8613E-02 1.2000E-03
3.9319E-02 1.2000E-03
3.7445E-02 1.2000E-03
3.8709E-02 1.2000E-03
3.7979E-02 1.2000E-03
3.9477E-02 1.2000E-03
4.2102E-02 1.2000E-03
4.0034E-02 1.2000E-03
4.2324E-02 1.2000E-03
4.4714E-02 1.2000E-03
4.1784E-02 1.2000E-03
4.2105E-02 1.2000E-03
4.0874E-02 1.2000E-03
4.1144E-02 1.2000E-03
4.2027E-02 1.2000E-03
4.2433E-02 1.2000E-03
4.3788E-02 1.2000E-03
4.7952E-02 1.2000E-03
4.6570E-02 1.2000E-03
5.1653E-02 1.2000E-03
4.7915E-02 1.2000E-03
5.0145E-02 1.2000E-03
4.8919E-02 1.2000E-03
4.4187E-02 1.2000E-03
4.9691E-02 1.2000E-03
4.3174E-02 1.2000E-03
4.9101E-02 1.2000E-03
4.8703E-02 1.2000E-03
5.1917E-02 1.2000E-03
5.2860E-02 1.2000E-03
5.4075E-02 1.2000E-03
5.4006E-02 1.2000E-03
5.5395E-02 1.2000E-03
5.4786E-02 1.2000E-03
5.7507E-02 1.2000E-03
5.7102E-02 1.2000E-03
5.9680E-02 1.2000E-03
6.0740E-02 1.2000E-03
6.4068E-02 1.2000E-03
6.1943E-02 1.2000E-03
7.1087E-02 1.2000E-03
5.0972E-02 1.2000E-03
7.0749E-02 1.2000E-03
4.9233E-02 1.2000E-03
5.3046E-02 1.2000E-03
4.8593E-02 1.2000E-03
3.8526E-02 1.2000E-03
5.0157E-02 1.2000E-03
5.9174E-02 1.2000E-03
5.9585E-02 1.2000E-03
5.7102E-02 1.2000E-03
5.8034E-02 1.2000E-03
5.2011E-02 1.2000E-03
5.5572E-02 1.2000E-03
4.8725E-02 1.2000E-03
4.9503E-02 1.2000E-03
4.9491E-02 1.2000E-03
5.2839E-02 1.2000E-03
5.2236E-02 1.2000E-03
5.3572E-02 1.2000E-03
5.1261E-02 1.2000E-03
4.2921E-02 1.2000E-03
4.2207E-02 1.2000E-03
4.9657E-02 1.2000E-03
4.6631E-02 1.2000E-03
5.4746E-02 1.2000E-03
5.7494E-02 1.2000E-03
6.0304E-02 1.2000E-03
6.1022E-02 1.2000E-03
5.7584E-02 1.2000E-03
5.4967E-02 1.2000E-03
4.9957E-02 1.2000E-03
4.5214E-02 1.2000E-03
2.4435E-02 1.2000E-03
1.5924E-02 1.2000E-03
3.0768E-02 1.2000E-03
6.4118E-02 1.2000E-03
6.6439E-02 1.2000E-03
6.5082E-02 1.2000E-03
6.3691E-02 1.2000E-03
6.1587E-02 1.2000E-03
5.8707E-02 1.2000E-03
5.7730E-02 1.2000E-03
5.2283E-02 1.2000E-03
4.6530E-02 1.2000E-03
3.7835E-02 1.2000E-03
4.2240E-02 1.2000E-03
5.7290E-02 1.2000E-03
6.1693E-02 1.2000E-03
5.2424E-02 1.2000E-03
5.1738E-02 1.2000E-03
4.0669E-02 1.2000E-03
4.1661E-02 1.2000E-03
1.7532E-02 1.2000E-03
2.5314E-02 1.2000E-03
3.3136E-02 1.2000E-03
6.3240E-02 1.2000E-03
5.6307E-02 1.2000E-03
5.5662E-02 1.2000E-03
4.8427E-02 1.2000E-03
3.1597E-02 1.2000E-03
5.5877E-02 1.2000E-03
2.6121E-02 1.2000E-03
4.4132E-02 1.2000E-03
4.8802E-02 1.2000E-03
5.4078E-02 1.2000E-03
3.1539E-02 1.2000E-03
4.8212E-02 1.2000E-03
5.6209E-02 1.2000E-03
5.7050E-02 1.2000E-03
6.3541E-02 1.2000E-03
6.2313E-02 1.2000E-03
6.0733E-02 1.2000E-03
6.3580E-02 1.2000E-03
3.3429E-02 1.2000E-03
6.7523E-02 1.2000E-03
1.8669E-02 1.2000E-03
4.3106E-02 1.2000E-03
5.5721E-02 1.2000E-03
5.7329E-02 1.2000E-03
5.8119E-02 1.2000E-03
5.6034E-02 1.2000E-03
6.0736E-02 1.2000E-03
5.7999E-02 1.2000E-03
6.2897E-02 1.2000E-03
6.1617E-02 1.2000E-03
6.8891E-02 1.2000E-03
6.8208E-02 1.2000E-03
4.7212E-02 1.2000E-03
3.5893E-02 1.2000E-03
2.4763E-02 1.2000E-03
7.8378E-02 1.2000E-03
7.6909E-02 1.2000E-03
8.0610E-02 1.2000E-03
8.0698E-02 1.2000E-03
8.1638E-02 1.2000E-03
8.2249E-02 1.2000E-03
8.2090E-02 1.2000E-03
8.1378E-02 1.2000E-03
8.3876E-02 1.2000E-03
8.8759E-02 1.2000E-03
8.9417E-02 1.2000E-03
6.7663E-02 1.2000E-03
9.0433E-02 1.2000E-03
2.4278E-02 1.2000E-03
3.0674E-02 1.2000E-03
5.1236E-02 1.2000E-03
6.0813E-02 1.2000E-03
7.3417E-02 1.2000E-03
5.6198E-02 1.2000E-03
8.2448E-02 1.2000E-03
2.5654E-02 1.2000E-03
7.5532E-02 1.2000E-03
3.8131E-02 1.2000E-03
3.7868E-02 1.2000E-03
7.8672E-02 1.2000E-03
1.1400E-01 1.2000E-03
3.2538E-02 1.2000E-03
7.5052E-02 1.2000E-03
5.4292E-02 1.2000E-03
1.4211E-01 1.2000E-03
4.3638E-02 1.2000E-03
6.9765E-02 1.2000E-03
2.5507E-02 1.2000E-03
1.0064E-01 1.2000E-03
3.7982E-02 1.2000E-03
5.1960E-02 1.2000E-03
7.6547E-02 1.2000E-03
6.3170E-02 1.2000E-03
5.9095E-02 1.2000E-03
4.0006E-02 1.2000E-03
1.0331E-01 1.2000E-03
5.7480E-02 1.2000E-03
1.1481E-02 1.2000E-03
3.2967E-02 1.2000E-03
4.3849E-02 1.2000E-03
6.7638E-02 1.2000E-03
1.3860E-02 1.2000E-03
1.5584E-02 1.2000E-03
2.4323E-02 1.2000E-03
6.7730E-02 1.2000E-03
2.1617E-02 1.2000E-03
2.5940E-02 1.2000E-03
2.7495E-02 1.2000E-03
4.7411E-02 1.2000E-03
7.3318E-02 1.2000E-03
2.9495E-02 1.2000E-03
3.6206E-02 1.2000E-03
5.1044E-02 1.2000E-03
8.1603E-02 1.2000E-03
1.0249E-02 1.2000E-03
3.3208E-02 1.2000E-03
2.2739E-02 1.2000E-03
6.0414E-02 1.2000E-03
4.4212E-02 1.2000E-03
2.1170E-02 1.2000E-03
2.4917E-02 1.2000E-03
4.7635E-02 1.2000E-03
5.2366E-02 1.2000E-03
1.9546E-02 1.2000E-03
3.0866E-02 1.2000E-03
2.6774E-02 1.2000E-03
5.1173E-02 1.2000E-03
2.4869E-02 1.2000E-03
4.1449E-02 1.2000E-03
3.4841E-02 1.2000E-03
2.5964E-02 1.2000E-03
2.9700E-02 1.2000E-03
4.0805E-02 1.2000E-03
2.3470E-02 1.2000E-03
5.2006E-02 1.2000E-03
2.3475E-02 1.2000E-03
2.5820E-02 1.2000E-03
5.5609E-02 1.2000E-03
5.6131E-02 1.2000E-03
1.3722E-02 1.2000E-03
3.4149E-02 1.2000E-03
2.3487E-02 1.2000E-03
4.2543E-02 1.2000E-03
6.8047E-02 1.2000E-03
6.7649E-02 1.2000E-03
9.6005E-03 1.2000E-03
6.5517E-02 1.2000E-03
3.1850E-02 1.2000E-03
4.7297E-02 1.2000E-03
2.8512E-02 1.2000E-03
4.9977E-02 1.2000E-03
6.6296E-02 1.2000E-03
3.9579E-02 1.2000E-03
9.0006E-03 1.2000E-03
7.0258E-02 1.2000E-03
2.9874E-02 1.2000E-03
5.7249E-02 1.2000E-03
7.2030E-02 1.2000E-03
2.8191E-02 1.2000E-03
5.8935E-02 1.2000E-03
7.0494E-02 1.2000E-03
2.6600E-02 1.2000E-03
7.1709E-02 1.2000E-03
2.4270E-02 1.2000E-03
5.1407E-02 1.2000E-03
3.5103E-02 1.2000E-03
5.0537E-02 1.2000E-03
4.0640E-02 1.2000E-03
6.2112E-02 1.2000E-03
1.8346E-02 1.2000E-03
4.9911E-02 1.2000E-03
2.5047E-02 1.2000E-03
7.0595E-02 1.2000E-03
5.5277E-02 1.2000E-03
4.1695E-02 1.2000E-03
1.6698E-02 1.2000E-03
5.0892E-02 1.2000E-03
4.2638E-02 1.2000E-03
3.1807E-02 1.2000E-03
4.1032E-02 1.2000E-03
3.8565E-02 1.2000E-03
2.0800E-02 1.2000E-03
5.6133E-02 1.2000E-03
1.8984E-02 1.2000E-03
1.9115E-02 1.2000E-03
5.3614E-02 1.2000E-03
7.6582E-02 1.2000E-03
1.6499E-02 1.2000E-03
4.2570E-02 1.2000E-03
2.3331E-02 1.2000E-03
5.5897E-02 1.2000E-03
6.0108E-02 1.2000E-03
3.0940E-02 1.2000E-03
2.7816E-02 1.2000E-03
7.5141E-02 1.2000E-03
4.9901E-02 1.2000E-03
2.2351E-02 1.2000E-03
4.0245E-02 1.2000E-03
7.6475E-02 1.2000E-03
4.6132E-02 1.2000E-03
5.7496E-02 1.2000E-03
1.1614E-02 1.2000E-03
3.6489E-02 1.2000E-03
5.0122E-02 1.2000E-03
8.8101E-02 1.2000E-03
3.4003E-02 1.2000E-03
2.9014E-02 1.2000E-03
4.6189E-02 1.2000E-03
8.4035E-02 1.2000E-03
5.6480E-02 1.2000E-03
2.3485E-02 1.2000E-03
7.9759E-02 1.2000E-03
2.6386E-02 1.2000E-03
6.4726E-02 1.2000E-03
9.9819E-02 1.2000E-03
8.5629E-02 1.2000E-03
6.8959E-02 1.2000E-03
8.8040E-02 1.2000E-03
3.3893E-02 1.2000E-03
6.7143E-02 1.2000E-03
5.5931E-02 1.2000E-03
1.2088E-01 1.2000E-03
1.4634E-02 1.2000E-03
6.7631E-02 1.2000E-03
6.5222E-02 1.2000E-03
7.2019E-02 1.2000E-03
4.8588E-02 1.2000E-03
6.9973E-02 1.2000E-03
3.6379E-02 1.2000E-03
4.0524E-02 1.2000E-03
5.1361E-02 1.2000E-03
8.0849E-02 1.2000E-03
2.7288E-02 1.2000E-03
1.3604E-01 1.2000E-03
6.7610E-02 1.2000E-03
9.4032E-03 1.2000E-03
5.9578E-02 1.2000E-03
8.4403E-02 1.2000E-03
7.6223E-02 1.2000E-03
1.4027E-02 1.2000E-03
2.9167E-02 1.2000E-03
2.8582E-02 1.2000E-03
3.0305E-02 1.2000E-03
6.0037E-02 1.2000E-03
3.7912E-02 1.2000E-03
9.0335E-03 1.2000E-03
6.9056E-02 1.2000E-03
2.5040E-02 1.2000E-03
3.1608E-02 1.2000E-03
2.0261E-02 1.2000E-03
5.9788E-02 1.2000E-03
2.5708E-02 1.2000E-03
3.9842E-02 1.2000E-03
3.2154E-02 1.2000E-03
1.7784E-02 1.2000E-03
3.9077E-02 1.2000E-03
5.5034E-02 1.2000E-03
1.7019E-02 1.2000E-03
3.4282E-02 1.2000E-03
4.0218E-02 1.2000E-03
6.1232E-02 1.2000E-03
4.1760E-02 1.2000E-03
8.2872E-03 1.2000E-03
2.3855E-02 1.2000E-03
4.6628E-02 1.2000E-03
5.8646E-02 1.2000E-03
2.9674E-02 1.2000E-03
2.0592E-02 1.2000E-03
2.5020E-02 1.2000E-03
6.8057E-02 1.2000E-03
1.3241E-02 1.2000E-03
1.2551E-02 1.2000E-03
2.3166E-02 1.2000E-03
6.0248E-02 1.2000E-03
8.9347E-03 1.2000E-03
3.3830E-02 1.2000E-03
2.0488E-02 1.2000E-03
6.9318E-02 1.2000E-03
4.8483E-02 1.2000E-03
2.1352E-02 1.2000E-03
2.3065E-02 1.2000E-03
3.7074E-02 1.2000E-03
2.1647E-02 1.2000E-03
1.7374E-02 1.2000E-03
4.7310E-02 1.2000E-03
5.3259E-02 1.2000E-03
6.3899E-03 1.2000E-03
3.4692E-02 1.2000E-03
3.9150E-02 1.2000E-03
3.6977E-02 1.2000E-03
4.6614E-02 1.2000E-03
1.3581E-02 1.2000E-03
3.8409E-02 1.2000E-03
3.4061E-02 1.2000E-03
3.3307E-02 1.2000E-03
4.0067E-02 1.2000E-03
4.7222E-02 1.2000E-03
1.0224E-02 1.2000E-03
3.5225E-02 1.2000E-03
1.8462E-02 1.2000E-03
4.2735E-02 1.2000E-03
3.8954E-02 1.2000E-03
2.9471E-02 1.2000E-03
2.7497E-02 1.2000E-03
5.1834E-02 1.2000E-03
3.2000E-02 1.2000E-03
8.9994E-03 1.2000E-03
5.9654E-02 1.2000E-03
2.6736E-02 1.2000E-03
3.3431E-02 1.2000E-03
3.8487E-02 1.2000E-03
2.1422E-02 1.2000E-03
6.0426E-02 1.2000E-03
1.5201E-02 1.2000E-03
1.1650E-02 1.2000E-03
3.4772E-02 1.2000E-03
1.8987E-02 1.2000E-03
3.4870E-02 1.2000E-03
4.4078E-02 1.2000E-03
2.3328E-02 1.2000E-03
3.1107E-02 1.2000E-03
3.2540E-02 1.2000E-03
2.1727E-02 1.2000E-03
4.2348E-02 1.2000E-03
4.4625E-02 1.2000E-03
1.8174E-02 1.2000E-03
2.5574E-02 1.2000E-03
3.6661E-02 1.2000E-03
3.2182E-02 1.2000E-03
8.3063E-02 1.2000E-03
4.7786E-02 1.2000E-03
2.3346E-02 1.2000E-03
3.3021E-02 1.2000E-03
5.3225E-02 1.2000E-03
4.6038E-02 1.2000E-03
6.3987E-02 1.2000E-03
4.0265E-02 1.2000E-03
8.4219E-02 1.2000E-03
4.0018E-02 1.2000E-03
6.9283E-02 1.2000E-03
3.4509E-02 1.2000E-03
1.1774E-01 1.2000E-03
4.3945E-02 1.2000E-03
2.1750E-02 1.2000E-03
9.0595E-02 1.2000E-03
1.1463E-01 1.2000E-03
8.6093E-03 1.2000E-03
4.3148E-02 1.2000E-03
1.7248E-02 1.2000E-03
1.1230E-01 1.2000E-03
1.4758E-02 1.2000E-03
2.2283E-02 1.2000E-03
6.0460E-02 1.2000E-03
6.0232E-02 1.2000E-03
2.4316E-02 1.2000E-03
3.6963E-02 1.2000E-03
3.6680E-02 1.2000E-03
4.7953E-02 1.2000E-03
8.2944E-02 1.2000E-03
2.6815E-02 1.2000E-03
5.6382E-02 1.2000E-03
1.1738E-02 1.2000E-03
3.3787E-02 1.2000E-03
4.5365E-02 1.2000E-03
6.5625E-02 1.2000E-03
1.4277E-02 1.2000E-03
1.6934E-02 1.2000E-03
4.1366E-02 1.2000E-03
3.0541E-02 1.2000E-03
4.4629E-02 1.2000E-03
5.6544E-03 1.2000E-03
4.3160E-02 1.2000E-03
2.3538E-02 1.2000E-03
3.8681E-02 1.2000E-03
7.2620E-02 1.2000E-03
3.2699E-02 1.2000E-03
2.3898E-02 1.2000E-03
6.0156E-02 1.2000E-03
1.7317E-02 1.2000E-03
1.1558E-02 1.2000E-03
2.3060E-02 1.2000E-03
7.8793E-02 1.2000E-03
1.4743E-02 1.2000E-03
4.4657E-02 1.2000E-03
2.5828E-02 1.2000E-03
8.0367E-02 1.2000E-03
2.9475E-02 1.2000E-03
1.7239E-02 1.2000E-03
2.0124E-02 1.2000E-03
4.2527E-02 1.2000E-03
1.5384E-02 1.2000E-03
6.0404E-02 1.2000E-03
3.2652E-02 1.2000E-03
3.6830E-02 1.2000E-03
4.2228E-02 1.2000E-03
3.3577E-02 1.2000E-03
2.2302E-02 1.2000E-03
4.0929E-02 1.2000E-03
2.2326E-02 1.2000E-03
1.8648E-02 1.2000E-03
6.0776E-02 1.2000E-03
3.8850E-02 1.2000E-03
1.5393E-02 1.2000E-03
1.4022E-02 1.2000E-03
1.5358E-02 1.2000E-03
2.1177E-02 1.2000E-03
6.8002E-02 1.2000E-03
1.1483E-02 1.2000E-03
1.9874E-02 1.2000E-03
2.0535E-02 1.2000E-03
6.6849E-02 1.2000E-03
3.8847E-02 1.2000E-03
1.1865E-02 1.2000E-03
3.7157E-02 1.2000E-03
6.0450E-03 1.2000E-03
1.8247E-02 1.2000E-03
5.3893E-02 1.2000E-03
4.5185E-02 1.2000E-03
1.7987E-02 1.2000E-03
3.0986E-02 1.2000E-03
3.9069E-02 1.2000E-03
1.0059E-02 1.2000E-03
6.7502E-02 1.2000E-03
1.2718E-02 1.2000E-03
2.7173E-02 1.2000E-03
2.6978E-02 1.2000E-03
4.1915E-02 1.2000E-03
1.8380E-02 1.2000E-03
4.2880E-02 1.2000E-03
2.4751E-02 1.2000E-03
1.3675E-02 1.2000E-03
4.8975E-02 1.2000E-03
6.9421E-02 1.2000E-03
9.8008E-03 1.2000E-03
3.5941E-02 1.2000E-03
2.1431E-02 1.2000E-03
5.5244E-02 1.2000E-03
4.5524E-02 1.2000E-03
2.7757E-02 1.2000E-03
3.3199E-02 1.2000E-03
6.3484E-02 1.2000E-03
2.2353E-02 1.2000E-03
2.0004E-02 1.2000E-03
3.4417E-02 1.2000E-03
4.6996E-02 1.2000E-03
3.6154E-02 1.2000E-03
8.4450E-02 1.2000E-03
4.2371E-02 1.2000E-03
1.5148E-02 1.2000E-03
3.9568E-02 1.2000E-03
4.7878E-02 1.2000E-03
5.7312E-02 1.2000E-03
2.9303E-02 1.2000E-03
3.7953E-02 1.2000E-03
3.3423E-02 1.2000E-03
6.3329E-02 1.2000E-03
1.4751E-02 1.2000E-03
6.3207E-02 1.2000E-03
1.4056E-02 1.2000E-03
3.3505E-02 1.2000E-03
6.7122E-02 1.2000E-03
4.8775E-02 1.2000E-03
1.6346E-02 1.2000E-03
7.9101E-02 1.2000E-03
4.3119E-02 1.2000E-03
2.7785E-02 1.2000E-03
2.9972E-02 1.2000E-03
5.4109E-02 1.2000E-03
2.4055E-02 1.2000E-03
5.0653E-02 1.2000E-03
2.5716E-02 1.2000E-03
3.0870E-02 1.2000E-03
5.1324E-02 1.2000E-03
4.3724E-02 1.2000E-03
8.8906E-03 1.2000E-03
3.0720E-02 1.2000E-03
2.9106E-02 1.2000E-03
4.9331E-02 1.2000E-03
3.0879E-02 1.2000E-03
4.5401E-02 1.2000E-03
1.2392E-02 1.2000E-03
2.9357E-02 1.2000E-03
2.6409E-02 1.2000E-03
1.8260E-02 1.2000E-03
4.6809E-02 1.2000E-03
3.8654E-02 1.2000E-03
1.3199E-02 1.2000E-03
1.2365E-02 1.2000E-03
1.5920E-02 1.2000E-03
5.4206E-02 1.2000E-03
1.2858E-02 1.2000E-03
1.1091E-02 1.2000E-03
2.1126E-02 1.2000E-03
3.4481E-02 1.2000E-03
4.0182E-02 1.2000E-03
1.0366E-02 1.2000E-03
2.1718E-02 1.2000E-03
1.7918E-02 1.2000E-03
3.4781E-02 1.2000E-03
4.5599E-02 1.2000E-03
3.0158E-02 1.2000E-03
1.5656E-02 1.2000E-03
3.0210E-02 1.2000E-03
2.7945E-02 1.2000E-03
2.8854E-02 1.2000E-03
3.6984E-02 1.2000E-03
2.5066E-02 1.2000E-03
3.7321E-02 1.2000E-03
1.6005E-02 1.2000E-03
1.0399E-02 1.2000E-03
1.7113E-02 1.2000E-03
4.6980E-02 1.2000E-03
1.3934E-02 1.2000E-03
2.0138E-02 1.2000E-03
2.0180E-02 1.2000E-03
3.5917E-02 1.2000E-03
3.0526E-02 1.2000E-03
1.5746E-02 1.2000E-03
1.6791E-02 1.2000E-03
3.3867E-02 1.2000E-03
1.9476E-02 1.2000E-03
2.1529E-02 1.2000E-03
2.4511E-02 1.2000E-03
1.7224E-02 1.2000E-03
1.7147E-02 1.2000E-03
3.6399E-02 1.2000E-03
2.5631E-02 1.2000E-03
2.9458E-02 1.2000E-03
2.7152E-02 1.2000E-03
5.6473E-02 1.2000E-03
1.6683E-02 1.2000E-03
1.2640E-02 1.2000E-03
3.3098E-02 1.2000E-03
7.6378E-02 1.2000E-03
1.6172E-02 1.2000E-03
1.8051E-02 1.2000E-03
3.6614E-02 1.2000E-03
3.6302E-02 1.2000E-03
4.0983E-02 1.2000E-03
7.0898E-03 1.2000E-03
4.3986E-02 1.2000E-03
1.8404E-02 1.2000E-03
2.0977E-02 1.2000E-03
4.8940E-02 1.2000E-03
9.9946E-03 1.2000E-03
8.4929E-03 1.2000E-03
3.6434E-02 1.2000E-03
1.8297E-02 1.2000E-03
2.3474E-03 1.2000E-03
2.0442E-02 1.2000E-03
1.0142E-02 1.2000E-03
3.7599E-02 1.2000E-03
1.1113E-02 1.2000E-03
6.3986E-03 1.2000E-03
1.4827E-02 1.2000E-03
2.6451E-02 1.2000E-03
6.3510E-03 1.2000E-03
1.0618E-02 1.2000E-03
1.6164E-02 1.2000E-03
4.8736E-02 1.2000E-03
1.2740E-02 1.2000E-03
1.0087E-02 1.2000E-03
1.7129E-02 1.2000E-03
4.8142E-02 1.2000E-03
2.4378E-02 1.2000E-03
3.0456E-02 1.2000E-03
3.3584E-02 1.2000E-03
6.3457E-02 1.2000E-03
5.3881E-02 1.2000E-03
4.3748E-02 1.2000E-03
4.5132E-02 1.2000E-03
7.3191E-02 1.2000E-03
6.0517E-02 1.2000E-03
5.7208E-02 1.2000E-03
6.7121E-02 1.2000E-03
1.0971E-01 1.2000E-03
2.6855E-02 1.2000E-03
9.9253E-02 1.2000E-03
1.1040E-02 1.2000E-03
4.0321E-02 1.2000E-03
9.5297E-02 1.2000E-03
1.1480E-01 1.2000E-03
4.5916E-03 1.2000E-03
5.1769E-02 1.2000E-03
1.1908E-02 1.2000E-03
1.2095E-01 1.2000E-03
2.0572E-02 1.2000E-03
1.8228E-02 1.2000E-03
6.3000E-02 1.2000E-03
3.3208E-02 1.2000E-03
2.4856E-02 1.2000E-03
2.4480E-02 1.2000E-03
1.6364E-02 1.2000E-03
6.8057E-02 1.2000E-03
1.1062E-02 1.2000E-03
1.6166E-02 1.2000E-03
1.5130E-02 1.2000E-03
5.0733E-02 1.2000E-03
1.5212E-02 1.2000E-03
2.0430E-02 1.2000E-03
2.4407E-02 1.2000E-03
5.2014E-02 1.2000E-03
3.3124E-02 1.2000E-03
3.6851E-02 1.2000E-03
3.0001E-02 1.2000E-03
3.0590E-02 1.2000E-03
4.5016E-02 1.2000E-03
2.6110E-02 1.2000E-03
1.4131E-02 1.2000E-03
4.6891E-02 1.2000E-03
2.6864E-02 1.2000E-03
3.0485E-02 1.2000E-03
3.9104E-02 1.2000E-03
4.5196E-02 1.2000E-03
2.1715E-02 1.2000E-03
7.1080E-02 1.2000E-03
1.1780E-02 1.2000E-03
3.7464E-02 1.2000E-03
5.9290E-02 1.2000E-03
8.0753E-02 1.2000E-03
2.3068E-02 1.2000E-03
6.4397E-02 1.2000E-03
2.0734E-02 1.2000E-03
3.5776E-02 1.2000E-03
2.9594E-02 1.2000E-03
3.2941E-02 1.2000E-03
3.6717E-02 1.2000E-03
2.0878E-02 1.2000E-03
6.5233E-03 1.2000E-03
2.2525E-02 1.2000E-03
2.0360E-02 1.2000E-03
2.8953E-02 1.2000E-03
4.1355E-03 1.2000E-03
1.8239E-02 1.2000E-03
1.8464E-02 1.2000E-03
3.0144E-02 1.2000E-03
9.6743E-03 1.2000E-03
3.0462E-02 1.2000E-03
6.4428E-03 1.2000E-03
1.3334E-02 1.2000E-03
1.2908E-02 1.2000E-03
2.1632E-02 1.2000E-03
1.8228E-02 1.2000E-03
1.5979E-02 1.2000E-03
1.3183E-02 1.2000E-03
1.2973E-02 1.2000E-03
1.8499E-02 1.2000E-03
1.5013E-02 1.2000E-03
1.3477E-02 1.2000E-03
2.0446E-02 1.2000E-03
1.6337E-02 1.2000E-03
1.2350E-02 1.2000E-03
1.3922E-02 1.2000E-03
2.7637E-02 1.2000E-03
1.0278E-02 1.2000E-03
1.4611E-02 1.2000E-03
1.1225E-02 1.2000E-03
2.6020E-02 1.2000E-03
7.1402E-03 1.2000E-03
1.5819E-02 1.2000E-03
1.0242E-02 1.2000E-03
1.9468E-02 1.2000E-03
2.2061E-02 1.2000E-03
1.3984E-02 1.2000E-03
5.8420E-03 1.2000E-03
2.1679E-02 1.2000E-03
1.8176E-02 1.2000E-03
4.1835E-03 1.2000E-03
1.9733E-02 1.2000E-03
1.4049E-02 1.2000E-03
1.6129E-02 1.2000E-03
1.5190E-02 1.2000E-03
1.2185E-02 1.2000E-03
5.7949E-03 1.2000E-03
1.4174E-02 1.2000E-03
2.3181E-02 1.2000E-03
7.8629E-03 1.2000E-03
2.8545E-02 1.2000E-03
1.3326E-02 1.2000E-03
4.8743E-03 1.2000E-03
8.7374E-03 1.2000E-03
1.6720E-02 1.2000E-03
3.0375E-02 1.2000E-03
1.4866E-02 1.2000E-03
1.3105E-02 1.2000E-03
1.4760E-02 1.2000E-03
3.6803E-02 1.2000E-03
9.8218E-03 1.2000E-03
8.5138E-03 1.2000E-03
1.5705E-02 1.2000E-03
2.8862E-02 1.2000E-03
3.5354E-02 1.2000E-03
3.6482E-03 1.2000E-03
2.3297E-02 1.2000E-03
1.7443E-02 1.2000E-03
2.3880E-02 1.2000E-03
4.4550E-02 1.2000E-03
1.6162E-02 1.2000E-03
3.3722E-03 1.2000E-03
3.3988E-02 1.2000E-03
2.3841E-02 1.2000E-03
2.6414E-03 1.2000E-03
3.2997E-02 1.2000E-03
1.6529E-02 1.2000E-03
5.0077E-02 1.2000E-03
9.2035E-03 1.2000E-03
9.3533E-03 1.2000E-03
7.7989E-03 1.2000E-03
3.6401E-02 1.2000E-03
1.7053E-02 1.2000E-03
2.8531E-02 1.2000E-03
3.5569E-02 1.2000E-03
1.9340E-02 1.2000E-03
4.1882E-02 1.2000E-03
8.0432E-03 1.2000E-03
1.0403E-02 1.2000E-03
1.0000E-02 1.2000E-03
5.7429E-02 1.2000E-03
6.7335E-03 1.2000E-03
3.8915E-02 1.2000E-03
2.5660E-02 1.2000E-03
4.7071E-02 1.2000E-03
4.6328E-02 1.2000E-03
3.0825E-03 1.2000E-03
3.1410E-03 1.2000E-03
7.8820E-03 1.2000E-03
5.4138E-02 1.2000E-03
1.2924E-02 1.2000E-03
2.7495E-02 1.2000E-03
1.4961E-02 1.2000E-03
5.7520E-02 1.2000E-03
3.0781E-02 1.2000E-03
1.6851E-02 1.2000E-03
3.0846E-02 1.2000E-03
2.2753E-02 1.2000E-03
2.5932E-02 1.2000E-03
3.8688E-02 1.2000E-03
2.8180E-02 1.2000E-03
3.1803E-02 1.2000E-03
4.3805E-02 1.2000E-03
9.8356E-03 1.2000E-03
4.0200E-02 1.2000E-03
1.0725E-02 1.2000E-03
5.0826E-02 1.2000E-03
3.6375E-02 1.2000E-03
3.2967E-02 1.2000E-03
5.2949E-02 1.2000E-03
4.6808E-02 1.2000E-03
5.7454E-03 1.2000E-03
2.4339E-02 1.2000E-03
9.5136E-03 1.2000E-03
5.4322E-02 1.2000E-03
2.8511E-02 1.2000E-03
3.7271E-02 1.2000E-03
2.3186E-02 1.2000E-03
3.5121E-02 1.2000E-03
2.9486E-02 1.2000E-03
2.5877E-02 1.2000E-03
1.0478E-02 1.2000E-03
1.3304E-02 1.2000E-03
1.7481E-02 1.2000E-03
8.2155E-03 1.2000E-03
1.0065E-02 1.2000E-03
1.4770E-02 1.2000E-03
1.0104E-02 1.2000E-03
5.1903E-03 1.2000E-03
9.6148E-03 1.2000E-03
9.7356E-03 1.2000E-03
3.1086E-03 1.2000E-03
9.0502E-03 1.2000E-03
8.1998E-03 1.2000E-03
2.5391E-02 1.2000E-03
5.3963E-03 1.2000E-03
5.4693E-03 1.2000E-03
1.1837E-02 1.2000E-03
1.3292E-02 1.2000E-03
9.0693E-03 1.2000E-03
6.7300E-03 1.2000E-03
6.9961E-03 1.2000E-03
2.3554E-02 1.2000E-03
9.6385E-03 1.2000E-03
4.9086E-03 1.2000E-03
6.0210E-03 1.2000E-03
1.7749E-02 1.2000E-03
9.1827E-03 1.2000E-03
1.2650E-02 1.2000E-03
9.4209E-03 1.2000E-03
2.0604E-02 1.2000E-03
7.6455E-03 1.2000E-03
4.6968E-03 1.2000E-03
1.0607E-02 1.2000E-03
2.3116E-02 1.2000E-03
1.0059E-02 1.2000E-03
1.3953E-02 1.2000E-03
1.2442E-02 1.2000E-03
3.3222E-02 1.2000E-03
8.2506E-03 1.2000E-03
5.4599E-03 1.2000E-03
1.0782E-02 1.2000E-03
3.0161E-02 1.2000E-03
1.0363E-02 1.2000E-03
2.2785E-02 1.2000E-03
1.4729E-02 1.2000E-03
2.7943E-02 1.2000E-03
1.9646E-02 1.2000E-03
2.5835E-02 1.2000E-03
2.1844E-03 1.2000E-03
1.0325E-02 1.2000E-03
2.2347E-02 1.2000E-03
4.2065E-02 1.2000E-03
7.6152E-03 1.2000E-03
2.4534E-02 1.2000E-03
1.4888E-02 1.2000E-03
4.0408E-02 1.2000E-03
1.0077E-02 1.2000E-03
1.7082E-02 1.2000E-03
1.6908E-02 1.2000E-03
3.8187E-02 1.2000E-03
4.5426E-03 1.2000E-03
3.4903E-02 1.2000E-03
1.0913E-02 1.2000E-03
4.5939E-02 1.2000E-03
4.8987E-02 1.2000E-03
1.7773E-02 1.2000E-03
7.5111E-03 1.2000E-03
4.1092E-02 1.2000E-03
8.0512E-03 1.2000E-03
2.4339E-02 1.2000E-03
5.1198E-02 1.2000E-03
1.8642E-02 1.2000E-03
3.6699E-02 1.2000E-03
3.9855E-02 1.2000E-03
1.4426E-02 1.2000E-03
3.0720E-02 1.2000E-03
1.0416E-02 1.2000E-03
1.0274E-01 1.2000E-03
3.8990E-02 1.2000E-03
9.5832E-03 1.2000E-03
4.7619E-02 1.2000E-03
7.6886E-02 1.2000E-03
3.7496E-03 1.2000E-03
2.1934E-02 1.2000E-03
1.3592E-02 1.2000E-03
7.4372E-02 1.2000E-03
2.8253E-02 1.2000E-03
2.2161E-02 1.2000E-03
3.0961E-02 1.2000E-03
4.2033E-02 1.2000E-03
5.4947E-02 1.2000E-03
1.4477E-02 1.2000E-03
1.6048E-02 1.2000E-03
1.4830E-02 1.2000E-03
9.8089E-02 1.2000E-03
4.7301E-02 1.2000E-03
1.6454E-02 1.2000E-03
2.9311E-02 1.2000E-03
8.1712E-02 1.2000E-03
3.6487E-02 1.2000E-03
3.8806E-03 1.2000E-03
3.8278E-02 1.2000E-03
1.8596E-02 1.2000E-03
8.5977E-02 1.2000E-03
4.8494E-02 1.2000E-03
1.2927E-02 1.2000E-03
6.3096E-02 1.2000E-03
1.2893E-02 1.2000E-03
6.1977E-02 1.2000E-03
8.5274E-02 1.2000E-03
1.6268E-02 1.2000E-03
7.4718E-02 1.2000E-03
1.9433E-02 1.2000E-03
4.9682E-02 1.2000E-03
5.7679E-02 1.2000E-03
4.4255E-02 1.2000E-03
3.6531E-02 1.2000E-03
1.4866E-02 1.2000E-03
8.4054E-02 1.2000E-03
1.8896E-02 1.2000E-03
2.3345E-02 1.2000E-03
4.1531E-02 1.2000E-03
4.6568E-02 1.2000E-03
4.1198E-02 1.2000E-03
9.3645E-03 1.2000E-03
8.4426E-03 1.2000E-03
2.2306E-02 1.2000E-03
5.5775E-02 1.2000E-03
1.1560E-02 1.2000E-03
3.3823E-03 1.2000E-03
3.8881E-02 1.2000E-03
1.6033E-02 1.2000E-03
2.8078E-02 1.2000E-03
5.0997E-02 1.2000E-03
1.1163E-02 1.2000E-03
1.8409E-02 1.2000E-03
6.4215E-02 1.2000E-03
6.0276E-03 1.2000E-03
6.7780E-03 1.2000E-03
2.6066E-02 1.2000E-03
3.3364E-02 1.2000E-03
1.2550E-02 1.2000E-03
1.5208E-02 1.2000E-03
1.5826E-02 1.2000E-03
3.7141E-02 1.2000E-03
3.0520E-02 1.2000E-03
1.8470E-02 1.2000E-03
1.2387E-02 1.2000E-03
3.1397E-02 1.2000E-03
1.1016E-02 1.2000E-03
3.7002E-02 1.2000E-03
1.8154E-02 1.2000E-03
1.0179E-02 1.2000E-03
2.4346E-02 1.2000E-03
3.9725E-02 1.2000E-03
7.0310E-03 1.2000E-03
1.0574E-02 1.2000E-03
1.5117E-02 1.2000E-03
4.3575E-02 1.2000E-03
5.0666E-02 1.2000E-03
4.0661E-03 1.2000E-03
6.3566E-03 1.2000E-03
1.0520E-02 1.2000E-03
4.8059E-02 1.2000E-03
2.9356E-02 1.2000E-03
1.7601E-02 1.2000E-03
5.8450E-02 1.2000E-03
1.1683E-02 1.2000E-03
4.9477E-02 1.2000E-03
6.1433E-02 1.2000E-03
1.9386E-02 1.2000E-03
1.1710E-02 1.2000E-03
7.6238E-02 1.2000E-03
3.2704E-02 1.2000E-03
3.6493E-02 1.2000E-03
7.3429E-02 1.2000E-03
7.2449E-02 1.2000E-03
2.3083E-02 1.2000E-03
8.8532E-02 1.2000E-03
2.3998E-02 1.2000E-03
7.1587E-02 1.2000E-03
9.9345E-02 1.2000E-03
1.5542E-02 1.2000E-03
9.5839E-02 1.2000E-03
3.7261E-02 1.2000E-03
3.1243E-02 1.2000E-03
1.0966E-01 1.2000E-03
2.2485E-02 1.2000E-03
7.5991E-02 1.2000E-03
4.2016E-02 1.2000E-03
3.0584E-02 1.2000E-03
3.4827E-02 1.2000E-03
1.1190E-02 1.2000E-03
3.7605E-02 1.2000E-03
3.8320E-02 1.2000E-03
1.1820E-02 1.2000E-03
2.1974E-02 1.2000E-03
2.2551E-02 1.2000E-03
1.0705E-02 1.2000E-03
2.7553E-02 1.2000E-03
2.3469E-02 1.2000E-03
1.1314E-02 1.2000E-03
2.4931E-02 1.2000E-03
2.0086E-02 1.2000E-03
1.7256E-02 1.2000E-03
1.9134E-02 1.2000E-03
2.6968E-02 1.2000E-03
1.6592E-02 1.2000E-03
4.0406E-02 1.2000E-03
1.5038E-02 1.2000E-03
2.7173E-02 1.2000E-03
2.3245E-02 1.2000E-03
3.6472E-02 1.2000E-03
4.1080E-02 1.2000E-03
2.5113E-02 1.2000E-03
4.0695E-02 1.2000E-03
4.4894E-02 1.2000E-03
3.8947E-02 1.2000E-03
5.0804E-02 1.2000E-03
4.8832E-02 1.2000E-03
1.8019E-02 1.2000E-03
8.0285E-02 1.2000E-03
2.0247E-02 1.2000E-03
2.3788E-02 1.2000E-03
5.0645E-02 1.2000E-03
5.0379E-02 1.2000E-03
2.3353E-02 1.2000E-03
3.8344E-02 1.2000E-03
2.0969E-02 1.2000E-03
2.3794E-02 1.2000E-03
3.0733E-02 1.2000E-03
2.9606E-02 1.2000E-03
9.2327E-03 1.2000E-03
3.8708E-02 1.2000E-03
2.4065E-02 1.2000E-03
2.1307E-02 1.2000E-03
2.0286E-02 1.2000E-03
1.8749E-02 1.2000E-03
2.8176E-02 1.2000E-03
1.3096E-02 1.2000E-03
3.8372E-03 1.2000E-03
1.6496E-02 1.2000E-03
1.6381E-02 1.2000E-03
1.4110E-02 1.2000E-03
1.3619E-02 1.2000E-03
1.5454E-02 1.2000E-03
1.7031E-02 1.2000E-03
3.3419E-03 1.2000E-03
2.3647E-03 1.2000E-03
5.6631E-03 1.2000E-03
1.4690E-02 1.2000E-03
2.1643E-03 1.2000E-03
5.2439E-03 1.2000E-03
8.3223E-03 1.2000E-03
1.0121E-02 1.2000E-03
1.2200E-02 1.2000E-03
8.5644E-03 1.2000E-03
5.4448E-03 1.2000E-03
1.1398E-02 1.2000E-03
1.3439E-02 1.2000E-03
5.3117E-03 1.2000E-03
1.1957E-02 1.2000E-03
9.2173E-03 1.2000E-03
1.6919E-02 1.2000E-03
2.3582E-02 1.2000E-03
5.0823E-03 1.2000E-03
5.4232E-03 1.2000E-03
9.1411E-03 1.2000E-03
2.0058E-02 1.2000E-03
1.1849E-02 1.2000E-03
1.0408E-02 1.2000E-03
1.0156E-02 1.2000E-03
2.1094E-02 1.2000E-03
1.0812E-02 1.2000E-03
8.0967E-03 1.2000E-03
1.2722E-02 1.2000E-03
2.0933E-02 1.2000E-03
2.3171E-02 1.2000E-03
6.9314E-03 1.2000E-03
1.9133E-02 1.2000E-03
7.8098E-03 1.2000E-03
1.6905E-02 1.2000E-03
3.8247E-02 1.2000E-03
2.8403E-02 1.2000E-03
4.1082E-03 1.2000E-03
2.2553E-02 1.2000E-03
1.0303E-02 1.2000E-03
2.4622E-02 1.2000E-03
3.8925E-02 1.2000E-03
1.7482E-02 1.2000E-03
4.7461E-03 1.2000E-03
3.2890E-02 1.2000E-03
1.9611E-02 1.2000E-03
1.2906E-02 1.2000E-03
2.5886E-02 1.2000E-03
1.4823E-02 1.2000E-03
5.2960E-02 1.2000E-03
8.3184E-03 1.2000E-03
5.3557E-03 1.2000E-03
8.2770E-03 1.2000E-03
6.6838E-02 1.2000E-03
1.4137E-02 1.2000E-03
1.9303E-02 1.2000E-03
2.5359E-02 1.2000E-03
6.3616E-02 1.2000E-03
3.0919E-02 1.2000E-03
8.4690E-03 1.2000E-03
2.3339E-02 1.2000E-03
9.1980E-03 1.2000E-03
1.8624E-02 1.2000E-03
4.2557E-02 1.2000E-03
4.8952E-02 1.2000E-03
1.3551E-02 1.2000E-03
4.5762E-02 1.2000E-03
3.9406E-02 1.2000E-03
5.6029E-02 1.2000E-03
4.9571E-02 1.2000E-03
1.8599E-02 1.2000E-03
2.3700E-02 1.2000E-03
1.1727E-02 1.2000E-03
6.6331E-02 1.2000E-03
5.8050E-03 1.2000E-03
1.6306E-02 1.2000E-03
1.6431E-02 1.2000E-03
8.4918E-02 1.2000E-03
3.8162E-02 1.2000E-03
2.1691E-02 1.2000E-03
1.3334E-02 1.2000E-03
3.1267E-02 1.2000E-03
4.4824E-02 1.2000E-03
6.9470E-03 1.2000E-03
1.0260E-02 1.2000E-03
1.3295E-02 1.2000E-03
3.8581E-02 1.2000E-03
1.0108E-02 1.2000E-03
5.4850E-03 1.2000E-03
1.0995E-02 1.2000E-03
1.5333E-02 1.2000E-03
3.1686E-03 1.2000E-03
1.4576E-02 1.2000E-03
1.1853E-02 1.2000E-03
3.3492E-02 1.2000E-03
1.5646E-02 1.2000E-03
9.8243E-03 1.2000E-03
5.0260E-03 1.2000E-03
6.2197E-03 1.2000E-03
2.0968E-02 1.2000E-03
7.9782E-03 1.2000E-03
4.8279E-03 1.2000E-03
1.3945E-02 1.2000E-03
1.3487E-02 1.2000E-03
2.5656E-02 1.2000E-03
4.0501E-03 1.2000E-03
7.7359E-03 1.2000E-03
9.1512E-03 1.2000E-03
1.7973E-02 1.2000E-03
6.4789E-03 1.2000E-03
1.2663E-02 1.2000E-03
7.9541E-03 1.2000E-03
1.7890E-02 1.2000E-03
5.0135E-03 1.2000E-03
6.7577E-03 1.2000E-03
6.6164E-03 1.2000E-03
1.2648E-02 1.2000E-03
6.4445E-03 1.2000E-03
5.7818E-03 1.2000E-03
8.8925E-03 1.2000E-03
8.5664E-03 1.2000E-03
3.3241E-03 1.2000E-03
3.5923E-03 1.2000E-03
5.0193E-03 1.2000E-03
1.2532E-02 1.2000E-03
6.3531E-03 1.2000E-03
3.2846E-03 1.2000E-03
5.8168E-03 1.2000E-03
5.7156E-03 1.2000E-03
5.3827E-03 1.2000E-03
4.4813E-03 1.2000E-03
2.6362E-03 1.2000E-03
3.3208E-03 1.2000E-03
6.0491E-03 1.2000E-03
2.0261E-03 1.2000E-03
4.8665E-03 1.2000E-03
4.4952E-03 1.2000E-03
5.8837E-03 1.2000E-03
1.0491E-02 1.2000E-03
2.9450E-03 1.2000E-03
2.2215E-03 1.2000E-03
2.5922E-03 1.2000E-03
6.4627E-03 1.2000E-03
5.0913E-03 1.2000E-03
3.5929E-03 1.2000E-03
4.8365E-03 1.2000E-03
6.3951E-03 1.2000E-03
2.7045E-03 1.2000E-03
2.3639E-03 1.2000E-03
2.6478E-03 1.2000E-03
6.0207E-03 1.2000E-03
6.5277E-03 1.2000E-03
2.3086E-03 1.2000E-03
4.9698E-03 1.2000E-03
4.2851E-03 1.2000E-03
2.3360E-03 1.2000E-03
7.3550E-03 1.2000E-03
3.8409E-03 1.2000E-03
1.8079E-03 1.2000E-03
8.7409E-03 1.2000E-03
4.4897E-03 1.2000E-03
1.3416E-03 1.2000E-03
5.4355E-03 1.2000E-03
4.0980E-03 1.2000E-03
1.0176E-02 1.2000E-03
8.7945E-03 1.2000E-03
3.0109E-03 1.2000E-03
2.7247E-03 1.2000E-03
3.7389E-03 1.2000E-03
9.1674E-03 1.2000E-03
5.0951E-03 1.2000E-03
3.8171E-03 1.2000E-03
5.3109E-03 1.2000E-03
8.8436E-03 1.2000E-03
3.9056E-03 1.2000E-03
3.2198E-03 1.2000E-03
4.0601E-03 1.2000E-03
9.5707E-03 1.2000E-03
5.5581E-03 1.2000E-03
3.1685E-03 1.2000E-03
4.3045E-03 1.2000E-03
6.8040E-03 1.2000E-03
4.7964E-03 1.2000E-03
6.8748E-03 1.2000E-03
4.9526E-03 1.2000E-03
3.6302E-03 1.2000E-03
8.1184E-03 1.2000E-03
6.9227E-03 1.2000E-03
7.4057E-04 1.2000E-03
4.1438E-03 1.2000E-03
5.0832E-03 1.2000E-03
1.3093E-02 1.2000E-03
2.4782E-03 1.2000E-03
1.8614E-03 1.2000E-03
4.8047E-03 1.2000E-03
8.2733E-03 1.2000E-03
7.7694E-03 1.2000E-03
5.3257E-03 1.2000E-03
9.0083E-03 1.2000E-03
5.0302E-03 1.2000E-03
2.4509E-03 1.2000E-03
9.0755E-03 1.2000E-03
7.7314E-03 1.2000E-03
2.3273E-03 1.2000E-03
8.4311E-03 1.2000E-03
4.4747E-03 1.2000E-03
1.5510E-02 1.2000E-03
1.8818E-03 1.2000E-03
4.1109E-03 1.2000E-03
5.3844E-03 1.2000E-03
1.5804E-02 1.2000E-03
2.3688E-03 1.2000E-03
4.8137E-03 1.2000E-03
6.9902E-03 1.2000E-03
2.1142E-02 1.2000E-03
4.5541E-03 1.2000E-03
2.6651E-03 1.2000E-03
6.6937E-03 1.2000E-03
1.1129E-02 1.2000E-03
2.6963E-02 1.2000E-03
4.8040E-03 1.2000E-03
2.6665E-03 1.2000E-03
6.4701E-03 1.2000E-03
2.4481E-02 1.2000E-03
3.7534E-03 1.2000E-03
8.4191E-03 1.2000E-03
8.6493E-03 1.2000E-03
2.4296E-02 1.2000E-03
4.6393E-03 1.2000E-03
1.5347E-02 1.2000E-03
7.6495E-03 1.2000E-03
1.9055E-02 1.2000E-03
1.5001E-02 1.2000E-03
3.0622E-02 1.2000E-03
5.7618E-03 1.2000E-03
1.6286E-02 1.2000E-03
1.1524E-02 1.2000E-03
3.0965E-02 1.2000E-03
1.9236E-02 1.2000E-03
1.3785E-02 1.2000E-03
3.4340E-02 1.2000E-03
1.0833E-02 1.2000E-03
4.6626E-02 1.2000E-03
5.8939E-03 1.2000E-03
2.7369E-02 1.2000E-03
3.0415E-02 1.2000E-03
1.6678E-02 1.2000E-03
5.9657E-02 1.2000E-03
1.9538E-02 1.2000E-03
6.5081E-02 1.2000E-03
6.7677E-03 1.2000E-03
3.1124E-02 1.2000E-03
6.0185E-02 1.2000E-03
4.5466E-02 1.2000E-03
7.2675E-02 1.2000E-03
2.7285E-02 1.2000E-03
2.7686E-02 1.2000E-03
2.8571E-02 1.2000E-03
3.9153E-02 1.2000E-03
4.5711E-02 1.2000E-03
6.8585E-02 1.2000E-03
2.4921E-02 1.2000E-03
5.1380E-02 1.2000E-03
2.3574E-02 1.2000E-03
1.3074E-02 1.2000E-03
4.6672E-02 1.2000E-03
4.1768E-02 1.2000E-03
3.9881E-02 1.2000E-03
1.3180E-02 1.2000E-03
1.5470E-02 1.2000E-03
2.3186E-02 1.2000E-03
1.0124E-02 1.2000E-03
2.1168E-02 1.2000E-03
2.0521E-02 1.2000E-03
1.8243E-02 1.2000E-03
7.7614E-03 1.2000E-03
4.6648E-02 1.2000E-03
2.2557E-02 1.2000E-03
9.4247E-03 1.2000E-03
4.0497E-02 1.2000E-03
3.5854E-02 1.2000E-03
1.7571E-02 1.2000E-03
2.7541E-02 1.2000E-03
1.8281E-02 1.2000E-03
2.8376E-02 1.2000E-03
5.5687E-02 1.2000E-03
6.2849E-03 1.2000E-03
1.4066E-02 1.2000E-03
2.6129E-02 1.2000E-03
1.0102E-01 1.2000E-03
3.2242E-02 1.2000E-03
2.1535E-02 1.2000E-03
3.6866E-02 1.2000E-03
8.1479E-02 1.2000E-03
6.4505E-02 1.2000E-03
7.5579E-03 1.2000E-03
3.2769E-02 1.2000E-03
2.7560E-02 1.2000E-03
1.0651E-01 1.2000E-03
3.1356E-02 1.2000E-03
3.9077E-02 1.2000E-03
7.0898E-02 1.2000E-03
7.6349E-03 1.2000E-03
5.8199E-02 1.2000E-03
7.0767E-02 1.2000E-03
2.2879E-02 1.2000E-03
6.3830E-02 1.2000E-03
9.6157E-02 1.2000E-03
9.2152E-03 1.2000E-03
6.6834E-02 1.2000E-03
3.0955E-02 1.2000E-03
1.0351E-02 1.2000E-03
4.5383E-02 1.2000E-03
5.7644E-02 1.2000E-03
2.9464E-02 1.2000E-03
4.4550E-02 1.2000E-03
2.5780E-02 1.2000E-03
1.5011E-02 1.2000E-03
2.6286E-02 1.2000E-03
1.2587E-02 1.2000E-03
1.5402E-02 1.2000E-03
2.4214E-02 1.2000E-03
4.0634E-02 1.2000E-03
4.9496E-03 1.2000E-03
2.0358E-02 1.2000E-03
1.2028E-02 1.2000E-03
6.5517E-02 1.2000E-03
1.2468E-02 1.2000E-03
2.2524E-02 1.2000E-03
1.8889E-02 1.2000E-03
3.3064E-02 1.2000E-03
1.5046E-02 1.2000E-03
1.5087E-02 1.2000E-03
2.3105E-02 1.2000E-03
3.7809E-02 1.2000E-03
2.2070E-02 1.2000E-03
1.8802E-02 1.2000E-03
1.9893E-02 1.2000E-03
1.5684E-02 1.2000E-03
2.5899E-02 1.2000E-03
2.0505E-02 1.2000E-03
8.5018E-03 1.2000E-03
1.0657E-02 1.2000E-03
2.5679E-02 1.2000E-03
2.6934E-02 1.2000E-03
1.9804E-02 1.2000E-03
8.4541E-03 1.2000E-03
1.3489E-02 1.2000E-03
1.5611E-02 1.2000E-03
5.8194E-03 1.2000E-03
1.5156E-02 1.2000E-03
1.0752E-02 1.2000E-03
2.2844E-02 1.2000E-03
7.6496E-03 1.2000E-03
2.9803E-03 1.2000E-03
9.2720E-03 1.2000E-03
2.3982E-02 1.2000E-03
5.2884E-03 1.2000E-03
6.3340E-03 1.2000E-03
7.5439E-03 1.2000E-03
1.8326E-02 1.2000E-03
2.0614E-02 1.2000E-03
3.6766E-03 1.2000E-03
5.8354E-03 1.2000E-03
6.5227E-03 1.2000E-03
1.6408E-02 1.2000E-03
1.4538E-02 1.2000E-03
8.5140E-03 1.2000E-03
5.7307E-03 1.2000E-03
1.0763E-02 1.2000E-03
1.1703E-02 1.2000E-03
7.1427E-03 1.2000E-03
1.6925E-02 1.2000E-03
1.2687E-02 1.2000E-03
1.0271E-02 1.2000E-03
2.2662E-02 1.2000E-03
1.6033E-02 1.2000E-03
1.2997E-02 1.2000E-03
3.8737E-02 1.2000E-03
2.9079E-02 1.2000E-03
4.9933E-03 1.2000E-03
3.6187E-02 1.2000E-03
2.1341E-02 1.2000E-03
6.4680E-02 1.2000E-03
7.0143E-02 1.2000E-03
6.0964E-02 1.2000E-03
1.3042E-02 1.2000E-03
8.1023E-02 1.2000E-03
4.7986E-02 1.2000E-03
1.0262E-01 1.2000E-03
2.2072E-02 1.2000E-03
1.1315E-01 1.2000E-03
1.4968E-02 1.2000E-03
8.0741E-02 1.2000E-03
5.1283E-02 1.2000E-03
8.8712E-02 1.2000E-03
2.8424E-02 1.2000E-03
8.5005E-02 1.2000E-03
2.4302E-02 1.2000E-03
1.5743E-02 1.2000E-03
6.3345E-02 1.2000E-03
7.6531E-02 1.2000E-03
1.0954E-02 1.2000E-03
4.5487E-02 1.2000E-03
1.9405E-02 1.2000E-03
4.2329E-02 1.2000E-03
3.1505E-02 1.2000E-03
2.6583E-02 1.2000E-03
1.2730E-02 1.2000E-03
5.4710E-02 1.2000E-03
1.5124E-02 1.2000E-03
2.0132E-02 1.2000E-03
2.4303E-02 1.2000E-03
4.3298E-02 1.2000E-03
1.8979E-02 1.2000E-03
2.3792E-02 1.2000E-03
2.3653E-02 1.2000E-03
1.4673E-02 1.2000E-03
2.1985E-02 1.2000E-03
2.1129E-02 1.2000E-03
2.3112E-02 1.2000E-03
2.3640E-02 1.2000E-03
7.3403E-03 1.2000E-03
5.0546E-03 1.2000E-03
1.2560E-02 1.2000E-03
2.6439E-02 1.2000E-03
3.6062E-03 1.2000E-03
6.9852E-03 1.2000E-03
1.1072E-02 1.2000E-03
2.1571E-02 1.2000E-03
2.5620E-02 1.2000E-03
2.7845E-03 1.2000E-03
8.0739E-03 1.2000E-03
1.3125E-02 1.2000E-03
1.0699E-02 1.2000E-03
2.5981E-02 1.2000E-03
1.6503E-02 1.2000E-03
5.1299E-03 1.2000E-03
2.4160E-02 1.2000E-03
8.2302E-03 1.2000E-03
4.4427E-03 1.2000E-03
1.9631E-02 1.2000E-03
1.5799E-02 1.2000E-03
1.1881E-02 1.2000E-03
2.2189E-02 1.2000E-03
6.9526E-03 1.2000E-03
1.9182E-03 1.2000E-03
9.2051E-03 1.2000E-03
2.0268E-02 1.2000E-03
1.7148E-03 1.2000E-03
6.6820E-03 1.2000E-03
1.1901E-02 1.2000E-03
1.3346E-02 1.2000E-03
1.7419E-02 1.2000E-03
8.7202E-03 1.2000E-03
3.4181E-03 1.2000E-03
7.5170E-03 1.2000E-03
1.4648E-02 1.2000E-03
7.5001E-03 1.2000E-03
6.7451E-03 1.2000E-03
9.0175E-03 1.2000E-03
1.3234E-02 1.2000E-03
2.5342E-02 1.2000E-03
3.8148E-03 1.2000E-03
1.0210E-03 1.2000E-03
4.7302E-03 1.2000E-03
1.4388E-02 1.2000E-03
7.0647E-03 1.2000E-03
5.3259E-03 1.2000E-03
8.2667E-03 1.2000E-03
8.5309E-03 1.2000E-03
1.0971E-02 1.2000E-03
3.8260E-03 1.2000E-03
3.0004E-03 1.2000E-03
5.1795E-03 1.2000E-03
9.7458E-03 1.2000E-03
3.9912E-03 1.2000E-03
5.6884E-03 1.2000E-03
5.0360E-03 1.2000E-03
1.3344E-02 1.2000E-03
2.9225E-03 1.2000E-03
1.3107E-03 1.2000E-03
4.2799E-03 1.2000E-03
9.8222E-03 1.2000E-03
8.3644E-03 1.2000E-03
5.3335E-03 1.2000E-03
7.4531E-03 1.2000E-03
9.6458E-03 1.2000E-03
6.1059E-03 1.2000E-03
8.7826E-03 1.2000E-03
6.7022E-03 1.2000E-03
9.5303E-03 1.2000E-03
1.2747E-02 1.2000E-03
1.8717E-02 1.2000E-03
1.2079E-03 1.2000E-03
2.3386E-03 1.2000E-03
9.1004E-03 1.2000E-03
2.1400E-02 1.2000E-03
9.9934E-03 1.2000E-03
1.3400E-02 1.2000E-03
1.8177E-02 1.2000E-03
3.0390E-02 1.2000E-03
2.6023E-02 1.2000E-03
1.5958E-02 1.2000E-03
1.7036E-02 1.2000E-03
2.1961E-02 1.2000E-03
3.3501E-02 1.2000E-03
7.2654E-02 1.2000E-03
3.6060E-02 1.2000E-03
6.0541E-02 1.2000E-03
1.0930E-01 1.2000E-03
1.3699E-01 1.2000E-03
6.0524E-02 1.2000E-03
1.4913E-02 1.2000E-03
6.6014E-02 1.2000E-03
8.5170E-02 1.2000E-03
2.2437E-02 1.2000E-03
1.3907E-01 1.2000E-03
1.6893E-02 1.2000E-03
9.4204E-02 1.2000E-03
5.4725E-02 1.2000E-03
1.3354E-01 1.2000E-03
4.1870E-02 1.2000E-03
1.1064E-01 1.2000E-03
4.2506E-02 1.2000E-03
1.2471E-01 1.2000E-03
7.3346E-02 1.2000E-03
7.4184E-02 1.2000E-03
1.5259E-02 1.2000E-03
1.4477E-01 1.2000E-03
8.7204E-03 1.2000E-03
6.8295E-02 1.2000E-03
1.0093E-01 1.2000E-03
6.1019E-02 1.2000E-03
1.5230E-02 1.2000E-03
1.0398E-01 1.2000E-03
1.4555E-02 1.2000E-03
6.5627E-02 1.2000E-03
1.0074E-01 1.2000E-03
8.4202E-02 1.2000E-03
8.3576E-03 1.2000E-03
1.4063E-01 1.2000E-03
3.7423E-02 1.2000E-03
2.9332E-02 1.2000E-03
1.4106E-01 1.2000E-03
1.6666E-01 1.2000E-03
3.7310E-02 1.2000E-03
9.8632E-02 1.2000E-03
8.9891E-02 1.2000E-03
1.8659E-01 1.2000E-03
1.6785E-01 1.2000E-03
1.9136E-01 1.2000E-03
7.5079E-02 1.2000E-03
5.3701E-02 1.2000E-03
5.2942E-02 1.2000E-03
1.3697E-01 1.2000E-03
4.5817E-02 1.2000E-03
1.4302E-02 1.2000E-03
4.3562E-02 1.2000E-03
1.3781E-02 1.2000E-03
1.0093E-01 1.2000E-03
2.7215E-02 1.2000E-03
1.1351E-02 1.2000E-03
5.0782E-02 1.2000E-03
1.8174E-02 1.2000E-03
3.2263E-02 1.2000E-03
4.1601E-02 1.2000E-03
1.5531E-02 1.2000E-03
2.4299E-02 1.2000E-03
1.6412E-02 1.2000E-03
5.2731E-03 1.2000E-03
1.0649E-02 1.2000E-03
2.1337E-02 1.2000E-03
1.7964E-02 1.2000E-03
1.5599E-02 1.2000E-03
1.0292E-02 1.2000E-03
9.0239E-03 1.2000E-03
8.8093E-03 1.2000E-03
1.0639E-02 1.2000E-03
8.9621E-03 1.2000E-03
8.8284E-03 1.2000E-03
1.4675E-02 1.2000E-03
9.3791E-03 1.2000E-03
4.4114E-03 1.2000E-03
1.3092E-02 1.2000E-03
1.6672E-02 1.2000E-03
3.2038E-03 1.2000E-03
6.0646E-03 1.2000E-03
7.0307E-03 1.2000E-03
1.7028E-02 1.2000E-03
1.1335E-02 1.2000E-03
4.6994E-03 1.2000E-03
7.4790E-03 1.2000E-03
1.4314E-02 1.2000E-03
6.3090E-03 1.2000E-03
8.7762E-03 1.2000E-03
6.3502E-03 1.2000E-03
1.6968E-02 1.2000E-03
1.8817E-02 1.2000E-03
2.3274E-03 1.2000E-03
4.8601E-03 1.2000E-03
6.9038E-03 1.2000E-03
1.8023E-02 1.2000E-03
8.9906E-03 1.2000E-03
6.8392E-03 1.2000E-03
1.1208E-02 1.2000E-03
2.1215E-02 1.2000E-03
3.2294E-03 1.2000E-03
3.3815E-03 1.2000E-03
7.0793E-03 1.2000E-03
1.5585E-02 1.2000E-03
1.8853E-02 1.2000E-03
1.4288E-02 1.2000E-03
1.1662E-02 1.2000E-03
1.4332E-02 1.2000E-03
2.4979E-02 1.2000E-03
5.3325E-03 1.2000E-03
3.7864E-03 1.2000E-03
9.5867E-03 1.2000E-03
2.1516E-02 1.2000E-03
2.8060E-02 1.2000E-03
1.4288E-02 1.2000E-03
1.6411E-02 1.2000E-03
1.5937E-02 1.2000E-03
3.2434E-02 1.2000E-03
1.6064E-02 1.2000E-03
6.8567E-03 1.2000E-03
7.1415E-03 1.2000E-03
1.9942E-02 1.2000E-03
5.2793E-03 1.2000E-03
3.3990E-02 1.2000E-03
1.0679E-02 1.2000E-03
1.2793E-02 1.2000E-03
3.2214E-02 1.2000E-03
8.4362E-03 1.2000E-03
9.3622E-03 1.2000E-03
8.3918E-03 1.2000E-03
9.7360E-03 1.2000E-03
3.1420E-02 1.2000E-03
2.0341E-02 1.2000E-03
1.5684E-02 1.2000E-03
7.2572E-03 1.2000E-03
8.6652E-03 1.2000E-03
5.6518E-03 1.2000E-03
7.9687E-03 1.2000E-03
9.8313E-03 1.2000E-03
1.1908E-02 1.2000E-03
1.9735E-02 1.2000E-03
1.2618E-02 1.2000E-03
3.8027E-03 1.2000E-03
1.0047E-02 1.2000E-03
4.6976E-03 1.2000E-03
5.1832E-03 1.2000E-03
2.0807E-02 1.2000E-03
1.4715E-02 1.2000E-03
5.5698E-03 1.2000E-03
6.3115E-03 1.2000E-03
5.1699E-03 1.2000E-03
7.9551E-03 1.2000E-03
1.2011E-02 1.2000E-03
8.0272E-03 1.2000E-03
4.8510E-03 1.2000E-03
9.7626E-03 1.2000E-03
5.2145E-03 1.2000E-03
4.2693E-03 1.2000E-03
9.0706E-03 1.2000E-03
5.5784E-03 1.2000E-03
3.5483E-03 1.2000E-03
8.3773E-03 1.2000E-03
6.9328E-03 1.2000E-03
2.1946E-03 1.2000E-03
5.4082E-03 1.2000E-03
4.0046E-03 1.2000E-03
1.2133E-02 1.2000E-03
3.0530E-03 1.2000E-03
5.1821E-04 1.2000E-03
4.4083E-03 1.2000E-03
8.4360E-03 1.2000E-03
4.0523E-03 1.2000E-03
4.0278E-03 1.2000E-03
6.0659E-03 1.2000E-03
7.9784E-03 1.2000E-03
1.8795E-02 1.2000E-03
4.8428E-03 1.2000E-03
1.4216E-03 1.2000E-03
3.1706E-03 1.2000E-03
1.2001E-02 1.2000E-03
3.8323E-03 1.2000E-03
4.9772E-03 1.2000E-03
7.5766E-03 1.2000E-03
9.7144E-03 1.2000E-03
1.5646E-02 1.2000E-03
2.7820E-03 1.2000E-03
2.2688E-03 1.2000E-03
2.2270E-03 1.2000E-03
7.5398E-03 1.2000E-03
1.4342E-02 1.2000E-03
4.2823E-03 1.2000E-03
7.6712E-03 1.2000E-03
4.9930E-03 1.2000E-03
9.3723E-03 1.2000E-03
8.3269E-03 1.2000E-03
1.7864E-03 1.2000E-03
2.2515E-03 1.2000E-03
5.4566E-03 1.2000E-03
1.2434E-02 1.2000E-03
3.0815E-03 1.2000E-03
2.5356E-03 1.2000E-03
4.7134E-03 1.2000E-03
6.9594E-03 1.2000E-03
9.4939E-03 1.2000E-03
3.0407E-03 1.2000E-03
6.1022E-03 1.2000E-03
4.0361E-03 1.2000E-03
2.9620E-03 1.2000E-03
9.7665E-03 1.2000E-03
6.2695E-03 1.2000E-03
1.6730E-03 1.2000E-03
4.7015E-03 1.2000E-03
3.5992E-03 1.2000E-03
1.1700E-02 1.2000E-03
1.1221E-02 1.2000E-03
1.1818E-03 1.2000E-03
2.7380E-03 1.2000E-03
7.7866E-03 1.2000E-03
2.7546E-03 1.2000E-03
7.9104E-03 1.2000E-03
5.3899E-03 1.2000E-03
1.2930E-02 1.2000E-03
1.6234E-02 1.2000E-03
4.0609E-03 1.2000E-03
1.6645E-03 1.2000E-03
3.2795E-03 1.2000E-03
1.3138E-02 1.2000E-03
7.0529E-03 1.2000E-03
6.4033E-03 1.2000E-03
1.0156E-02 1.2000E-03
1.1231E-02 1.2000E-03
2.1434E-02 1.2000E-03
4.6098E-03 1.2000E-03
2.3568E-03 1.2000E-03
2.5397E-03 1.2000E-03
1.2859E-02 1.2000E-03
1.3522E-02 1.2000E-03
8.4143E-03 1.2000E-03
1.3887E-02 1.2000E-03
1.0710E-02 1.2000E-03
2.6222E-03 1.2000E-03
2.7100E-03 1.2000E-03
3.7129E-03 1.2000E-03
1.6496E-02 1.2000E-03
9.2922E-03 1.2000E-03
3.9082E-03 1.2000E-03
1.0000E-02 1.2000E-03
1.3265E-02 1.2000E-03
4.6581E-03 1.2000E-03
6.3071E-03 1.2000E-03
6.1138E-03 1.2000E-03
1.5412E-02 1.2000E-03
2.3519E-02 1.2000E-03
8.2570E-04 1.2000E-03
5.0703E-03 1.2000E-03
6.7226E-03 1.2000E-03
2.7592E-02 1.2000E-03
2.6415E-03 1.2000E-03
7.8079E-03 1.2000E-03
1.3116E-02 1.2000E-03
3.0563E-02 1.2000E-03
6.8622E-03 1.2000E-03
1.4914E-02 1.2000E-03
1.6654E-02 1.2000E-03
2.1516E-02 1.2000E-03
1.3276E-02 1.2000E-03
3.5935E-02 1.2000E-03
1.5741E-02 1.2000E-03
1.4933E-02 1.2000E-03
5.1028E-02 1.2000E-03
4.9843E-02 1.2000E-03
1.3100E-02 1.2000E-03
4.6933E-02 1.2000E-03
2.4646E-02 1.2000E-03
2.4104E-02 1.2000E-03
9.1726E-02 1.2000E-03
2.3390E-02 1.2000E-03
6.8469E-02 1.2000E-03
1.1526E-01 1.2000E-03
2.5729E-02 1.2000E-03
6.7111E-02 1.2000E-03
1.2761E-02 1.2000E-03
1.1113E-01 1.2000E-03
1.1210E-01 1.2000E-03
7.3889E-02 1.2000E-03
8.5869E-02 1.2000E-03
1.1723E-02 1.2000E-03
2.1994E-02 1.2000E-03
5.7719E-02 1.2000E-03
5.9687E-02 1.2000E-03
8.5173E-02 1.2000E-03
4.4634E-03 1.2000E-03
6.7970E-02 1.2000E-03
4.4128E-02 1.2000E-03
3.5177E-02 1.2000E-03
5.0318E-02 1.2000E-03
2.2681E-02 1.2000E-03
3.3659E-02 1.2000E-03
2.8336E-02 1.2000E-03
2.5221E-03 1.2000E-03
1.6455E-02 1.2000E-03
9.7723E-03 1.2000E-03
7.7111E-03 1.2000E-03
1.7986E-02 1.2000E-03
7.2820E-03 1.2000E-03
8.7079E-03 1.2000E-03
1.2178E-02 1.2000E-03
6.7389E-03 1.2000E-03
2.7903E-03 1.2000E-03
6.2283E-03 1.2000E-03
1.2606E-02 1.2000E-03
1.6192E-03 1.2000E-03
1.9785E-03 1.2000E-03
4.4964E-03 1.2000E-03
9.6538E-03 1.2000E-03
1.3274E-02 1.2000E-03
5.1820E-03 1.2000E-03
5.1003E-03 1.2000E-03
3.7952E-03 1.2000E-03
1.5789E-02 1.2000E-03
6.4552E-03 1.2000E-03
5.5861E-03 1.2000E-03
6.5987E-03 1.2000E-03
1.0291E-02 1.2000E-03
5.3211E-03 1.2000E-03
5.1759E-03 1.2000E-03
5.7668E-03 1.2000E-03
1.0468E-02 1.2000E-03
6.2549E-03 1.2000E-03
8.1576E-03 1.2000E-03
5.9077E-03 1.2000E-03
1.0076E-02 1.2000E-03
1.2355E-02 1.2000E-03
6.5716E-03 1.2000E-03
4.7526E-03 1.2000E-03
9.5515E-03 1.2000E-03
1.7612E-02 1.2000E-03
2.5700E-03 1.2000E-03
5.4891E-03 1.2000E-03
7.5010E-03 1.2000E-03
1.9237E-02 1.2000E-03
6.5527E-03 1.2000E-03
7.5531E-03 1.2000E-03
9.7370E-03 1.2000E-03
1.5941E-02 1.2000E-03
4.5220E-03 1.2000E-03
1.3561E-02 1.2000E-03
8.3521E-03 1.2000E-03
6.7740E-03 1.2000E-03
2.3583E-02 1.2000E-03
1.1798E-02 1.2000E-03
2.6308E-03 1.2000E-03
5.9413E-03 1.2000E-03
8.2855E-03 1.2000E-03
1.5321E-02 1.2000E-03
1.9638E-02 1.2000E-03
1.7369E-02 1.2000E-03
5.4814E-03 1.2000E-03
3.0473E-03 1.2000E-03
4.9017E-03 1.2000E-03
5.1897E-03 1.2000E-03
1.7319E-02 1.2000E-03
5.6238E-03 1.2000E-03
1.6950E-02 1.2000E-03
1.2184E-03 1.2000E-03
3.2967E-03 1.2000E-03
2.7578E-03 1.2000E-03
7.9337E-03 1.2000E-03
2.7500E-03 1.2000E-03
6.6761E-03 1.2000E-03
6.0900E-03 1.2000E-03
6.0932E-03 1.2000E-03
6.8822E-03 1.2000E-03
1.9118E-03 1.2000E-03
2.3514E-03 1.2000E-03
1.4769E-03 1.2000E-03
5.2491E-03 1.2000E-03
2.7359E-03 1.2000E-03
4.9614E-03 1.2000E-03
5.3197E-03 1.2000E-03
7.0988E-03 1.2000E-03
4.0282E-03 1.2000E-03
7.2840E-04 1.2000E-03
2.6633E-03 1.2000E-03
2.2490E-03 1.2000E-03
2.9104E-03 1.2000E-03
4.0723E-03 1.2000E-03
2.9335E-03 1.2000E-03
8.2866E-03 1.2000E-03
2.1292E-03 1.2000E-03
1.2511E-03 1.2000E-03
3.1488E-03 1.2000E-03
1.6533E-03 1.2000E-03
1.7197E-03 1.2000E-03
6.4650E-03 1.2000E-03
8.1136E-04 1.2000E-03
8.5682E-04 1.2000E-03
4.1982E-03 1.2000E-03
3.4086E-03 1.2000E-03
2.3141E-03 1.2000E-03
1.6193E-03 1.2000E-03
2.0055E-03 1.2000E-03
2.4133E-03 1.2000E-03
3.1488E-03 1.2000E-03
1.4476E-03 1.2000E-03
9.5714E-04 1.2000E-03
1.4582E-03 1.2000E-03
3.1430E-03 1.2000E-03
1.6426E-03 1.2000E-03
1.4941E-03 1.2000E-03
1.9835E-03 1.2000E-03
2.4903E-03 1.2000E-03
4.4260E-03 1.2000E-03
9.9077E-04 1.2000E-03
4.1280E-04 1.2000E-03
7.6271E-04 1.2000E-03
2.7254E-03 1.2000E-03
2.2497E-03 1.2000E-03
1.5312E-03 1.2000E-03
2.0506E-03 1.2000E-03
2.2682E-03 1.2000E-03
1.7214E-03 1.2000E-03
9.3273E-04 1.2000E-03
9.9532E-04 1.2000E-03
9.1448E-04 1.2000E-03
1.4250E-03 1.2000E-03
2.5348E-03 1.2000E-03
3.1063E-03 1.2000E-03
1.9672E-04 1.2000E-03
6.7853E-04 1.2000E-03
1.0699E-03 1.2000E-03
2.5550E-03 1.2000E-03
4.6163E-03 1.2000E-03
7.1115E-04 1.2000E-03
1.9778E-04 1.2000E-03
6.3515E-03 1.2000E-03
4.6415E-02 1.2000E-03
3.0776E-02 1.2000E-03
6.0058E-02 1.2000E-03
3.5984E-02 1.2000E-03
1.4025E-02 1.2000E-03
1.5981E-02 1.2000E-03
2.8589E-02 1.2000E-03
3.4785E-02 1.2000E-03
5.4493E-03 1.2000E-03
7.8740E-03 1.2000E-03
1.4858E-02 1.2000E-03
2.3315E-02 1.2000E-03
2.2705E-02 1.2000E-03
5.4916E-03 1.2000E-03
1.2709E-02 1.2000E-03
1.2379E-02 1.2000E-03
1.5195E-02 1.2000E-03
1.1724E-02 1.2000E-03
1.3241E-02 1.2000E-03
9.8357E-03 1.2000E-03
1.7341E-02 1.2000E-03
2.1117E-02 1.2000E-03
4.2442E-03 1.2000E-03
3.2167E-03 1.2000E-03
9.3608E-03 1.2000E-03
1.7615E-02 1.2000E-03
2.3439E-02 1.2000E-03
3.6743E-03 1.2000E-03
6.3801E-03 1.2000E-03
7.2570E-03 1.2000E-03
2.0140E-02 1.2000E-03
6.8721E-03 1.2000E-03
3.3014E-03 1.2000E-03
8.2603E-03 1.2000E-03
1.1707E-02 1.2000E-03
8.3178E-03 1.2000E-03
6.1032E-03 1.2000E-03
4.9970E-03 1.2000E-03
5.2384E-03 1.2000E-03
9.1624E-03 1.2000E-03
6.2103E-03 1.2000E-03
2.7912E-03 1.2000E-03
6.6057E-03 1.2000E-03
9.0893E-03 1.2000E-03
1.9711E-03 1.2000E-03
3.7866E-03 1.2000E-03
3.9597E-03 1.2000E-03
9.5055E-03 1.2000E-03
6.7308E-03 1.2000E-03
1.0288E-03 1.2000E-03
2.7285E-03 1.2000E-03
5.6287E-03 1.2000E-03
4.2371E-03 1.2000E-03
9.0751E-03 1.2000E-03
4.0633E-03 1.2000E-03
4.4485E-03 1.2000E-03
7.7028E-03 1.2000E-03
2.2835E-03 1.2000E-03
1.2204E-03 1.2000E-03
3.4325E-03 1.2000E-03
4.4794E-03 1.2000E-03
1.1869E-03 1.2000E-03
3.9904E-03 1.2000E-03
2.6659E-03 1.2000E-03
6.6113E-03 1.2000E-03
4.1124E-03 1.2000E-03
1.3310E-03 1.2000E-03
3.6777E-03 1.2000E-03
3.9305E-03 1.2000E-03
2.0218E-03 1.2000E-03
5.3034E-03 1.2000E-03
3.4623E-03 1.2000E-03
5.2914E-03 1.2000E-03
2.3114E-03 1.2000E-03
1.2175E-03 1.2000E-03
3.5354E-03 1.2000E-03
3.4071E-03 1.2000E-03
1.6925E-03 1.2000E-03
2.8519E-03 1.2000E-03
1.8030E-03 1.2000E-03
5.4014E-03 1.2000E-03
2.3160E-03 1.2000E-03
1.0280E-03 1.2000E-03
1.7375E-03 1.2000E-03
2.3085E-03 1.2000E-03
2.4643E-03 1.2000E-03
4.1042E-03 1.2000E-03
3.2255E-03 1.2000E-03
1.0371E-03 1.2000E-03
1.9145E-03 1.2000E-03
1.8534E-03 1.2000E-03
1.5598E-03 1.2000E-03
3.7693E-03 1.2000E-03
3.0639E-03 1.2000E-03
7.5582E-04 1.2000E-03
1.6812E-03 1.2000E-03
1.3920E-03 1.2000E-03
2.6561E-03 1.2000E-03
1.8692E-03 1.2000E-03
1.8122E-03 1.2000E-03
2.0496E-03 1.2000E-03
1.4858E-03 1.2000E-03
1.0745E-03 1.2000E-03
1.5720E-03 1.2000E-03
1.7797E-03 1.2000E-03
1.2259E-03 1.2000E-03
2.0939E-03 1.2000E-03
7.4372E-04 1.2000E-03
