RMS Grad   Target
1.2951E-02 2.0000E-04
1.2714E-02 2.0000E-04
1.0968E-02 2.0000E-04
8.2730E-03 2.0000E-04
5.6737E-03 2.0000E-04
3.8291E-03 2.0000E-04
2.8447E-03 2.0000E-04
2.6628E-03 2.0000E-04
2.8400E-03 2.0000E-04
3.0701E-03 2.0000E-04
3.3207E-03 2.0000E-04
3.4937E-03 2.0000E-04
3.5074E-03 2.0000E-04
3.5513E-03 2.0000E-04
3.4920E-03 2.0000E-04
3.3519E-03 2.0000E-04
3.3589E-03 2.0000E-04
3.1551E-03 2.0000E-04
3.0571E-03 2.0000E-04
2.8391E-03 2.0000E-04
2.6415E-03 2.0000E-04
2.4489E-03 2.0000E-04
2.2405E-03 2.0000E-04
2.0558E-03 2.0000E-04
1.8740E-03 2.0000E-04
1.7224E-03 2.0000E-04
1.5404E-03 2.0000E-04
1.4774E-03 2.0000E-04
1.3191E-03 2.0000E-04
1.2686E-03 2.0000E-04
1.1718E-03 2.0000E-04
1.1431E-03 2.0000E-04
1.1039E-03 2.0000E-04
1.0894E-03 2.0000E-04
1.1572E-03 2.0000E-04
1.1410E-03 2.0000E-04
1.3059E-03 2.0000E-04
1.2833E-03 2.0000E-04
1.4504E-03 2.0000E-04
1.4261E-03 2.0000E-04
1.5521E-03 2.0000E-04
1.5127E-03 2.0000E-04
1.6307E-03 2.0000E-04
1.5722E-03 2.0000E-04
1.6391E-03 2.0000E-04
1.5639E-03 2.0000E-04
1.6136E-03 2.0000E-04
1.5283E-03 2.0000E-04
1.5444E-03 2.0000E-04
1.4506E-03 2.0000E-04
1.4514E-03 2.0000E-04
1.3471E-03 2.0000E-04
1.3516E-03 2.0000E-04
1.2354E-03 2.0000E-04
1.2330E-03 2.0000E-04
1.1156E-03 2.0000E-04
1.0663E-03 2.0000E-04
9.8974E-04 2.0000E-04
9.0757E-04 2.0000E-04
8.7212E-04 2.0000E-04
8.1991E-04 2.0000E-04
7.9032E-04 2.0000E-04
7.8204E-04 2.0000E-04
8.2874E-04 2.0000E-04
7.9940E-04 2.0000E-04
1.0427E-03 2.0000E-04
9.8247E-04 2.0000E-04
1.2233E-03 2.0000E-04
1.1182E-03 2.0000E-04
1.2480E-03 2.0000E-04
1.1160E-03 2.0000E-04
1.1780E-03 2.0000E-04
1.0382E-03 2.0000E-04
1.0329E-03 2.0000E-04
9.0059E-04 2.0000E-04
9.0886E-04 2.0000E-04
7.7973E-04 2.0000E-04
8.3681E-04 2.0000E-04
7.1645E-04 2.0000E-04
7.9974E-04 2.0000E-04
7.0454E-04 2.0000E-04
8.4768E-04 2.0000E-04
7.7285E-04 2.0000E-04
9.6842E-04 2.0000E-04
8.9173E-04 2.0000E-04
1.0281E-03 2.0000E-04
9.4411E-04 2.0000E-04
1.0631E-03 2.0000E-04
9.7918E-04 2.0000E-04
1.0484E-03 2.0000E-04
9.5677E-04 2.0000E-04
9.5006E-04 2.0000E-04
8.4325E-04 2.0000E-04
8.5600E-04 2.0000E-04
7.4515E-04 2.0000E-04
7.5793E-04 2.0000E-04
6.5927E-04 2.0000E-04
6.3706E-04 2.0000E-04
6.0513E-04 2.0000E-04
5.6433E-04 2.0000E-04
6.2334E-04 2.0000E-04
5.9871E-04 2.0000E-04
6.8536E-04 2.0000E-04
6.6206E-04 2.0000E-04
8.0918E-04 2.0000E-04
7.5335E-04 2.0000E-04
8.9032E-04 2.0000E-04
8.0283E-04 2.0000E-04
9.4468E-04 2.0000E-04
8.2947E-04 2.0000E-04
9.1831E-04 2.0000E-04
7.7465E-04 2.0000E-04
8.2062E-04 2.0000E-04
6.9162E-04 2.0000E-04
7.9197E-04 2.0000E-04
6.8749E-04 2.0000E-04
7.9873E-04 2.0000E-04
7.1576E-04 2.0000E-04
8.3908E-04 2.0000E-04
7.6222E-04 2.0000E-04
8.3757E-04 2.0000E-04
7.5893E-04 2.0000E-04
7.7816E-04 2.0000E-04
6.9496E-04 2.0000E-04
7.0772E-04 2.0000E-04
6.2144E-04 2.0000E-04
6.4348E-04 2.0000E-04
5.8341E-04 2.0000E-04
5.8133E-04 2.0000E-04
5.5890E-04 2.0000E-04
5.8149E-04 2.0000E-04
5.3803E-04 2.0000E-04
8.2785E-04 2.0000E-04
6.8449E-04 2.0000E-04
7.0576E-04 2.0000E-04
5.3234E-04 2.0000E-04
5.1884E-04 2.0000E-04
5.1395E-04 2.0000E-04
4.8130E-04 2.0000E-04
7.9508E-04 2.0000E-04
5.8118E-04 2.0000E-04
7.9548E-04 2.0000E-04
5.1059E-04 2.0000E-04
6.3614E-04 2.0000E-04
5.8830E-04 2.0000E-04
5.7245E-04 2.0000E-04
5.3447E-04 2.0000E-04
6.2366E-04 2.0000E-04
5.4124E-04 2.0000E-04
6.2632E-04 2.0000E-04
5.1228E-04 2.0000E-04
5.7949E-04 2.0000E-04
4.4953E-04 2.0000E-04
4.7078E-04 2.0000E-04
4.3392E-04 2.0000E-04
4.4392E-04 2.0000E-04
6.2731E-04 2.0000E-04
5.3458E-04 2.0000E-04
8.7479E-04 2.0000E-04
5.5738E-04 2.0000E-04
6.2673E-04 2.0000E-04
4.5671E-04 2.0000E-04
5.3422E-04 2.0000E-04
4.6636E-04 2.0000E-04
4.9836E-04 2.0000E-04
4.4879E-04 2.0000E-04
4.5602E-04 2.0000E-04
4.1930E-04 2.0000E-04
4.2068E-04 2.0000E-04
3.8114E-04 2.0000E-04
4.4882E-04 2.0000E-04
3.9508E-04 2.0000E-04
4.9533E-04 2.0000E-04
4.2572E-04 2.0000E-04
5.3313E-04 2.0000E-04
4.7632E-04 2.0000E-04
5.5665E-04 2.0000E-04
6.0614E-04 2.0000E-04
5.4854E-04 2.0000E-04
4.8449E-04 2.0000E-04
1.0040E-03 2.0000E-04
4.7971E-04 2.0000E-04
4.9137E-04 2.0000E-04
5.1306E-04 2.0000E-04
5.7202E-04 2.0000E-04
5.2473E-04 2.0000E-04
5.9016E-04 2.0000E-04
4.8814E-04 2.0000E-04
5.3362E-04 2.0000E-04
4.3072E-04 2.0000E-04
5.5124E-04 2.0000E-04
4.4177E-04 2.0000E-04
5.7428E-04 2.0000E-04
4.8903E-04 2.0000E-04
4.8453E-04 2.0000E-04
6.4194E-04 2.0000E-04
4.6934E-04 2.0000E-04
7.0242E-04 2.0000E-04
4.6149E-04 2.0000E-04
6.7829E-04 2.0000E-04
4.9401E-04 2.0000E-04
4.5795E-04 2.0000E-04
3.8538E-04 2.0000E-04
4.1878E-04 2.0000E-04
4.4891E-04 2.0000E-04
5.0225E-04 2.0000E-04
5.8235E-04 2.0000E-04
4.8298E-04 2.0000E-04
8.1812E-04 2.0000E-04
3.4549E-04 2.0000E-04
3.2743E-04 2.0000E-04
4.3733E-04 2.0000E-04
6.6809E-04 2.0000E-04
5.1565E-04 2.0000E-04
4.8829E-04 2.0000E-04
3.3612E-04 2.0000E-04
3.7797E-04 2.0000E-04
5.7547E-04 2.0000E-04
5.3491E-04 2.0000E-04
4.0612E-04 2.0000E-04
4.9553E-04 2.0000E-04
4.3089E-04 2.0000E-04
4.6786E-04 2.0000E-04
4.9352E-04 2.0000E-04
3.4638E-04 2.0000E-04
3.8782E-04 2.0000E-04
4.1196E-04 2.0000E-04
4.4717E-04 2.0000E-04
4.2978E-04 2.0000E-04
3.0762E-04 2.0000E-04
3.1482E-04 2.0000E-04
4.2719E-04 2.0000E-04
4.3014E-04 2.0000E-04
4.1133E-04 2.0000E-04
3.9350E-04 2.0000E-04
3.3473E-04 2.0000E-04
4.9464E-04 2.0000E-04
3.7812E-04 2.0000E-04
4.6105E-04 2.0000E-04
4.6658E-04 2.0000E-04
5.4316E-04 2.0000E-04
3.7856E-04 2.0000E-04
3.2318E-04 2.0000E-04
3.7859E-04 2.0000E-04
5.0878E-04 2.0000E-04
4.1974E-04 2.0000E-04
4.7635E-04 2.0000E-04
3.1908E-04 2.0000E-04
4.8609E-04 2.0000E-04
4.0839E-04 2.0000E-04
3.8750E-04 2.0000E-04
4.6713E-04 2.0000E-04
4.1254E-04 2.0000E-04
4.0928E-04 2.0000E-04
4.3058E-04 2.0000E-04
3.9694E-04 2.0000E-04
3.3773E-04 2.0000E-04
3.3542E-04 2.0000E-04
3.3084E-04 2.0000E-04
3.4027E-04 2.0000E-04
4.2978E-04 2.0000E-04
3.7104E-04 2.0000E-04
5.0013E-04 2.0000E-04
5.2217E-04 2.0000E-04
4.4410E-04 2.0000E-04
5.9326E-04 2.0000E-04
4.0677E-04 2.0000E-04
4.1297E-04 2.0000E-04
4.9124E-04 2.0000E-04
4.7317E-04 2.0000E-04
4.3270E-04 2.0000E-04
4.2035E-04 2.0000E-04
3.9343E-04 2.0000E-04
4.4935E-04 2.0000E-04
4.2264E-04 2.0000E-04
4.8767E-04 2.0000E-04
4.5004E-04 2.0000E-04
4.5072E-04 2.0000E-04
9.7143E-04 2.0000E-04
5.9813E-04 2.0000E-04
4.6248E-04 2.0000E-04
5.4746E-04 2.0000E-04
6.1506E-04 2.0000E-04
3.9202E-04 2.0000E-04
3.6424E-04 2.0000E-04
4.6822E-04 2.0000E-04
4.0677E-04 2.0000E-04
4.4337E-04 2.0000E-04
4.4524E-04 2.0000E-04
3.1880E-04 2.0000E-04
3.0296E-04 2.0000E-04
3.7333E-04 2.0000E-04
5.4915E-04 2.0000E-04
3.2590E-04 2.0000E-04
3.3179E-04 2.0000E-04
4.0554E-04 2.0000E-04
5.3947E-04 2.0000E-04
4.2953E-04 2.0000E-04
3.9748E-04 2.0000E-04
3.7476E-04 2.0000E-04
5.0766E-04 2.0000E-04
4.5610E-04 2.0000E-04
3.4561E-04 2.0000E-04
3.5441E-04 2.0000E-04
4.7572E-04 2.0000E-04
3.3780E-04 2.0000E-04
3.8842E-04 2.0000E-04
6.1789E-04 2.0000E-04
3.7912E-04 2.0000E-04
2.5549E-04 2.0000E-04
2.8015E-04 2.0000E-04
3.1485E-04 2.0000E-04
6.5036E-04 2.0000E-04
2.4173E-04 2.0000E-04
2.2233E-04 2.0000E-04
2.9201E-04 2.0000E-04
5.9523E-04 2.0000E-04
2.9475E-04 2.0000E-04
2.4929E-04 2.0000E-04
2.6849E-04 2.0000E-04
3.2989E-04 2.0000E-04
3.9886E-04 2.0000E-04
2.8118E-04 2.0000E-04
2.5389E-04 2.0000E-04
3.0137E-04 2.0000E-04
3.7865E-04 2.0000E-04
2.3341E-04 2.0000E-04
2.5505E-04 2.0000E-04
3.7615E-04 2.0000E-04
2.8963E-04 2.0000E-04
2.6693E-04 2.0000E-04
2.6250E-04 2.0000E-04
2.6327E-04 2.0000E-04
2.5098E-04 2.0000E-04
3.8112E-04 2.0000E-04
2.6252E-04 2.0000E-04
2.3871E-04 2.0000E-04
3.0352E-04 2.0000E-04
2.9772E-04 2.0000E-04
2.4537E-04 2.0000E-04
2.6682E-04 2.0000E-04
3.5692E-04 2.0000E-04
2.3292E-04 2.0000E-04
2.4083E-04 2.0000E-04
3.1012E-04 2.0000E-04
2.3859E-04 2.0000E-04
3.4556E-04 2.0000E-04
2.3964E-04 2.0000E-04
2.1910E-04 2.0000E-04
2.8422E-04 2.0000E-04
3.2595E-04 2.0000E-04
2.2826E-04 2.0000E-04
2.3404E-04 2.0000E-04
2.9332E-04 2.0000E-04
2.4743E-04 2.0000E-04
3.0917E-04 2.0000E-04
2.8085E-04 2.0000E-04
2.5528E-04 2.0000E-04
2.4197E-04 2.0000E-04
4.4698E-04 2.0000E-04
2.3617E-04 2.0000E-04
2.3140E-04 2.0000E-04
2.8866E-04 2.0000E-04
5.9679E-04 2.0000E-04
2.7275E-04 2.0000E-04
2.3917E-04 2.0000E-04
3.4642E-04 2.0000E-04
3.6077E-04 2.0000E-04
2.9886E-04 2.0000E-04
2.7367E-04 2.0000E-04
3.2791E-04 2.0000E-04
3.7021E-04 2.0000E-04
3.0742E-04 2.0000E-04
3.0817E-04 2.0000E-04
3.6153E-04 2.0000E-04
3.0784E-04 2.0000E-04
3.0167E-04 2.0000E-04
3.5399E-04 2.0000E-04
2.7631E-04 2.0000E-04
2.8024E-04 2.0000E-04
4.0477E-04 2.0000E-04
2.8793E-04 2.0000E-04
3.2250E-04 2.0000E-04
3.1540E-04 2.0000E-04
3.1983E-04 2.0000E-04
3.9078E-04 2.0000E-04
3.2462E-04 2.0000E-04
2.6237E-04 2.0000E-04
2.9989E-04 2.0000E-04
3.2411E-04 2.0000E-04
2.4279E-04 2.0000E-04
2.7256E-04 2.0000E-04
3.4385E-04 2.0000E-04
2.7653E-04 2.0000E-04
4.0984E-04 2.0000E-04
2.7016E-04 2.0000E-04
2.3768E-04 2.0000E-04
2.8967E-04 2.0000E-04
4.2753E-04 2.0000E-04
2.7657E-04 2.0000E-04
2.6870E-04 2.0000E-04
2.9957E-04 2.0000E-04
2.9671E-04 2.0000E-04
3.5056E-04 2.0000E-04
2.7533E-04 2.0000E-04
2.5489E-04 2.0000E-04
3.8316E-04 2.0000E-04
3.6106E-04 2.0000E-04
2.5295E-04 2.0000E-04
2.5350E-04 2.0000E-04
4.5272E-04 2.0000E-04
4.1708E-04 2.0000E-04
3.5262E-04 2.0000E-04
2.2670E-04 2.0000E-04
2.3730E-04 2.0000E-04
3.0490E-04 2.0000E-04
4.1868E-04 2.0000E-04
2.3465E-04 2.0000E-04
2.3525E-04 2.0000E-04
2.8981E-04 2.0000E-04
5.1050E-04 2.0000E-04
2.6780E-04 2.0000E-04
2.6333E-04 2.0000E-04
3.7087E-04 2.0000E-04
2.9342E-04 2.0000E-04
2.4035E-04 2.0000E-04
3.0195E-04 2.0000E-04
2.9889E-04 2.0000E-04
2.8329E-04 2.0000E-04
3.1704E-04 2.0000E-04
2.9287E-04 2.0000E-04
2.8911E-04 2.0000E-04
3.3953E-04 2.0000E-04
3.2067E-04 2.0000E-04
3.0078E-04 2.0000E-04
2.6829E-04 2.0000E-04
3.3460E-04 2.0000E-04
2.5252E-04 2.0000E-04
2.5675E-04 2.0000E-04
3.3887E-04 2.0000E-04
2.6834E-04 2.0000E-04
2.4824E-04 2.0000E-04
2.8864E-04 2.0000E-04
3.3711E-04 2.0000E-04
2.6726E-04 2.0000E-04
4.2570E-04 2.0000E-04
2.7548E-04 2.0000E-04
1.9840E-04 2.0000E-04
2.1915E-04 2.0000E-04
3.1525E-04 2.0000E-04
2.6130E-04 2.0000E-04
2.0435E-04 2.0000E-04
2.4844E-04 2.0000E-04
3.0437E-04 2.0000E-04
2.2116E-04 2.0000E-04
2.8909E-04 2.0000E-04
2.7101E-04 2.0000E-04
2.2505E-04 2.0000E-04
3.1221E-04 2.0000E-04
3.7913E-04 2.0000E-04
2.3041E-04 2.0000E-04
2.1552E-04 2.0000E-04
2.5197E-04 2.0000E-04
2.3333E-04 2.0000E-04
3.2325E-04 2.0000E-04
2.3037E-04 2.0000E-04
2.1430E-04 2.0000E-04
3.0545E-04 2.0000E-04
3.9951E-04 2.0000E-04
2.5223E-04 2.0000E-04
2.2935E-04 2.0000E-04
2.9748E-04 2.0000E-04
2.8368E-04 2.0000E-04
4.4797E-04 2.0000E-04
2.4315E-04 2.0000E-04
2.3837E-04 2.0000E-04
3.3792E-04 2.0000E-04
3.1611E-04 2.0000E-04
2.4550E-04 2.0000E-04
2.2512E-04 2.0000E-04
2.5513E-04 2.0000E-04
3.6693E-04 2.0000E-04
2.4296E-04 2.0000E-04
2.2186E-04 2.0000E-04
2.4449E-04 2.0000E-04
4.6011E-04 2.0000E-04
2.2107E-04 2.0000E-04
2.0331E-04 2.0000E-04
2.6253E-04 2.0000E-04
2.9216E-04 2.0000E-04
2.5524E-04 2.0000E-04
2.1792E-04 2.0000E-04
2.1803E-04 2.0000E-04
3.2588E-04 2.0000E-04
2.2338E-04 2.0000E-04
1.9156E-04 2.0000E-04
2.4393E-04 2.0000E-04
3.5959E-04 2.0000E-04
1.9911E-04 2.0000E-04
1.9694E-04 2.0000E-04
3.3749E-04 2.0000E-04
2.1635E-04 2.0000E-04
2.0664E-04 2.0000E-04
2.0978E-04 2.0000E-04
2.7477E-04 2.0000E-04
1.8721E-04 2.0000E-04
1.7505E-04 2.0000E-04
2.1324E-04 2.0000E-04
2.3978E-04 2.0000E-04
1.7966E-04 2.0000E-04
1.9721E-04 2.0000E-04
2.3667E-04 2.0000E-04
1.9186E-04 2.0000E-04
1.8569E-04 2.0000E-04
1.8107E-04 2.0000E-04
1.7458E-04 2.0000E-04
2.8362E-04 2.0000E-04
1.6359E-04 2.0000E-04
1.5553E-04 2.0000E-04
2.0561E-04 2.0000E-04
2.4650E-04 2.0000E-04
1.5190E-04 2.0000E-04
1.4766E-04 2.0000E-04
1.6933E-04 2.0000E-04
2.8776E-04 2.0000E-04
1.4020E-04 2.0000E-04
1.3386E-04 2.0000E-04
1.7117E-04 2.0000E-04
1.8886E-04 2.0000E-04
1.3079E-04 2.0000E-04
1.3748E-04 2.0000E-04
1.6442E-04 2.0000E-04
1.5912E-04 2.0000E-04
1.2864E-04 2.0000E-04
1.3794E-04 2.0000E-04
1.8462E-04 2.0000E-04
1.6731E-04 2.0000E-04
1.2614E-04 2.0000E-04
1.4166E-04 2.0000E-04
1.9008E-04 2.0000E-04
1.4312E-04 2.0000E-04
2.6819E-04 2.0000E-04
2.6081E-04 2.0000E-04
1.4091E-04 2.0000E-04
1.0839E-04 2.0000E-04
1.6638E-04 2.0000E-04
2.3305E-04 2.0000E-04
1.8038E-04 2.0000E-04
1.3319E-04 2.0000E-04
1.8476E-04 2.0000E-04
1.7332E-04 2.0000E-04
1.6637E-04 2.0000E-04
2.6240E-04 2.0000E-04
2.4831E-04 2.0000E-04
1.3587E-04 2.0000E-04
1.1601E-04 2.0000E-04
2.2967E-04 2.0000E-04
2.5562E-04 2.0000E-04
1.4035E-04 2.0000E-04
1.3406E-04 2.0000E-04
1.6391E-04 2.0000E-04
2.4614E-04 2.0000E-04
1.7535E-04 2.0000E-04
1.3321E-04 2.0000E-04
1.5026E-04 2.0000E-04
2.7237E-04 2.0000E-04
1.5081E-04 2.0000E-04
1.4204E-04 2.0000E-04
1.5176E-04 2.0000E-04
1.7615E-04 2.0000E-04
1.9039E-04 2.0000E-04
2.6996E-04 2.0000E-04
1.4682E-04 2.0000E-04
1.1107E-04 2.0000E-04
1.2021E-04 2.0000E-04
1.7249E-04 2.0000E-04
1.8996E-04 2.0000E-04
1.1837E-04 2.0000E-04
1.2544E-04 2.0000E-04
1.4804E-04 2.0000E-04
2.0449E-04 2.0000E-04
1.3809E-04 2.0000E-04
1.3457E-04 2.0000E-04
1.8975E-04 2.0000E-04
1.4963E-04 2.0000E-04
1.3203E-04 2.0000E-04
1.6074E-04 2.0000E-04
1.6429E-04 2.0000E-04
1.5242E-04 2.0000E-04
2.4371E-04 2.0000E-04
1.6454E-04 2.0000E-04
1.3753E-04 2.0000E-04
1.5053E-04 2.0000E-04
2.5862E-04 2.0000E-04
1.5399E-04 2.0000E-04
1.3751E-04 2.0000E-04
1.6658E-04 2.0000E-04
1.7351E-04 2.0000E-04
2.0059E-04 2.0000E-04
1.5406E-04 2.0000E-04
1.4887E-04 2.0000E-04
2.1556E-04 2.0000E-04
1.4469E-04 2.0000E-04
1.6166E-04 2.0000E-04
1.9973E-04 2.0000E-04
1.5210E-04 2.0000E-04
1.7902E-04 2.0000E-04
1.8229E-04 2.0000E-04
1.5254E-04 2.0000E-04
2.2836E-04 2.0000E-04
1.4996E-04 2.0000E-04
1.2317E-04 2.0000E-04
1.4122E-04 2.0000E-04
3.0689E-04 2.0000E-04
1.3776E-04 2.0000E-04
1.0026E-04 2.0000E-04
1.2806E-04 2.0000E-04
1.7507E-04 2.0000E-04
2.4435E-04 2.0000E-04
1.0849E-04 2.0000E-04
1.0806E-04 2.0000E-04
1.3436E-04 2.0000E-04
2.2042E-04 2.0000E-04
1.2613E-04 2.0000E-04
1.1792E-04 2.0000E-04
2.0864E-04 2.0000E-04
1.4571E-04 2.0000E-04
1.2157E-04 2.0000E-04
1.4343E-04 2.0000E-04
1.8605E-04 2.0000E-04
1.3042E-04 2.0000E-04
1.5460E-04 2.0000E-04
1.4985E-04 2.0000E-04
1.1572E-04 2.0000E-04
1.4945E-04 2.0000E-04
2.2867E-04 2.0000E-04
1.3519E-04 2.0000E-04
1.1880E-04 2.0000E-04
1.3319E-04 2.0000E-04
1.5460E-04 2.0000E-04
1.9930E-04 2.0000E-04
1.2323E-04 2.0000E-04
1.1657E-04 2.0000E-04
1.4750E-04 2.0000E-04
2.2630E-04 2.0000E-04
1.2717E-04 2.0000E-04
1.3472E-04 2.0000E-04
1.7708E-04 2.0000E-04
1.6810E-04 2.0000E-04
1.4219E-04 2.0000E-04
1.3913E-04 2.0000E-04
1.5305E-04 2.0000E-04
1.8107E-04 2.0000E-04
1.8436E-04 2.0000E-04
1.3990E-04 2.0000E-04
1.4654E-04 2.0000E-04
2.0393E-04 2.0000E-04
1.7218E-04 2.0000E-04
2.2660E-04 2.0000E-04
2.0469E-04 2.0000E-04
1.5166E-04 2.0000E-04
1.4123E-04 2.0000E-04
1.9191E-04 2.0000E-04
2.3661E-04 2.0000E-04
1.6604E-04 2.0000E-04
1.6215E-04 2.0000E-04
2.2484E-04 2.0000E-04
1.8935E-04 2.0000E-04
2.2309E-04 2.0000E-04
2.2913E-04 2.0000E-04
1.8977E-04 2.0000E-04
1.6551E-04 2.0000E-04
2.5399E-04 2.0000E-04
2.0907E-04 2.0000E-04
1.7733E-04 2.0000E-04
2.2721E-04 2.0000E-04
3.0912E-04 2.0000E-04
1.9347E-04 2.0000E-04
1.9072E-04 2.0000E-04
2.5215E-04 2.0000E-04
1.9938E-04 2.0000E-04
2.4666E-04 2.0000E-04
1.7885E-04 2.0000E-04
1.6806E-04 2.0000E-04
2.4390E-04 2.0000E-04
2.3630E-04 2.0000E-04
1.6516E-04 2.0000E-04
1.6442E-04 2.0000E-04
2.4508E-04 2.0000E-04
1.9031E-04 2.0000E-04
2.0948E-04 2.0000E-04
1.9071E-04 2.0000E-04
1.6786E-04 2.0000E-04
2.1629E-04 2.0000E-04
1.8923E-04 2.0000E-04
1.5683E-04 2.0000E-04
1.9058E-04 2.0000E-04
2.9213E-04 2.0000E-04
1.6076E-04 2.0000E-04
1.3045E-04 2.0000E-04
1.5477E-04 2.0000E-04
3.4897E-04 2.0000E-04
1.4042E-04 2.0000E-04
1.2414E-04 2.0000E-04
1.5314E-04 2.0000E-04
2.5759E-04 2.0000E-04
1.6890E-04 2.0000E-04
1.2273E-04 2.0000E-04
1.7817E-04 2.0000E-04
2.0533E-04 2.0000E-04
1.6708E-04 2.0000E-04
2.9781E-04 2.0000E-04
1.5116E-04 2.0000E-04
1.5588E-04 2.0000E-04
1.9472E-04 2.0000E-04
2.2547E-04 2.0000E-04
1.4590E-04 2.0000E-04
1.5191E-04 2.0000E-04
1.8570E-04 2.0000E-04
2.2518E-04 2.0000E-04
1.4565E-04 2.0000E-04
1.4674E-04 2.0000E-04
1.8238E-04 2.0000E-04
2.8939E-04 2.0000E-04
1.3327E-04 2.0000E-04
1.3398E-04 2.0000E-04
1.7811E-04 2.0000E-04
1.7683E-04 2.0000E-04
1.4028E-04 2.0000E-04
1.4038E-04 2.0000E-04
1.5730E-04 2.0000E-04
1.4873E-04 2.0000E-04
1.4299E-04 2.0000E-04
1.3813E-04 2.0000E-04
1.6274E-04 2.0000E-04
1.2302E-04 2.0000E-04
1.2556E-04 2.0000E-04
1.9087E-04 2.0000E-04
1.4376E-04 2.0000E-04
1.3008E-04 2.0000E-04
1.9829E-04 2.0000E-04
2.1149E-04 2.0000E-04
1.4611E-04 2.0000E-04
1.1260E-04 2.0000E-04
1.3761E-04 2.0000E-04
2.9034E-04 2.0000E-04
1.4213E-04 2.0000E-04
1.1936E-04 2.0000E-04
1.4629E-04 2.0000E-04
2.9063E-04 2.0000E-04
1.4050E-04 2.0000E-04
1.2672E-04 2.0000E-04
1.7765E-04 2.0000E-04
1.7212E-04 2.0000E-04
1.2810E-04 2.0000E-04
1.4622E-04 2.0000E-04
1.3893E-04 2.0000E-04
1.2626E-04 2.0000E-04
1.8201E-04 2.0000E-04
1.7326E-04 2.0000E-04
1.1216E-04 2.0000E-04
1.0416E-04 2.0000E-04
1.3193E-04 2.0000E-04
1.3399E-04 2.0000E-04
1.1700E-04 2.0000E-04
1.0411E-04 2.0000E-04
1.1458E-04 2.0000E-04
1.7986E-04 2.0000E-04
9.2373E-05 2.0000E-04
9.5228E-05 2.0000E-04
1.1214E-04 2.0000E-04
2.5608E-04 2.0000E-04
1.0205E-04 2.0000E-04
9.2167E-05 2.0000E-04
1.2360E-04 2.0000E-04
1.9538E-04 2.0000E-04
1.1484E-04 2.0000E-04
1.0540E-04 2.0000E-04
1.3933E-04 2.0000E-04
1.7438E-04 2.0000E-04
1.5908E-04 2.0000E-04
1.2775E-04 2.0000E-04
1.4789E-04 2.0000E-04
2.2313E-04 2.0000E-04
1.4545E-04 2.0000E-04
1.3698E-04 2.0000E-04
2.0572E-04 2.0000E-04
2.3233E-04 2.0000E-04
2.1266E-04 2.0000E-04
2.1474E-04 2.0000E-04
1.6361E-04 2.0000E-04
1.6211E-04 2.0000E-04
2.1368E-04 2.0000E-04
2.7963E-04 2.0000E-04
1.5045E-04 2.0000E-04
1.5413E-04 2.0000E-04
1.9026E-04 2.0000E-04
2.5440E-04 2.0000E-04
1.4915E-04 2.0000E-04
1.4570E-04 2.0000E-04
1.7129E-04 2.0000E-04
2.5664E-04 2.0000E-04
1.3530E-04 2.0000E-04
1.3426E-04 2.0000E-04
1.6047E-04 2.0000E-04
2.7269E-04 2.0000E-04
1.3607E-04 2.0000E-04
1.2556E-04 2.0000E-04
1.4637E-04 2.0000E-04
2.4397E-04 2.0000E-04
1.3636E-04 2.0000E-04
1.2291E-04 2.0000E-04
1.5393E-04 2.0000E-04
2.4659E-04 2.0000E-04
1.5283E-04 2.0000E-04
1.6326E-04 2.0000E-04
1.6756E-04 2.0000E-04
1.4672E-04 2.0000E-04
1.4731E-04 2.0000E-04
1.7629E-04 2.0000E-04
1.4112E-04 2.0000E-04
1.5992E-04 2.0000E-04
1.9560E-04 2.0000E-04
1.4758E-04 2.0000E-04
1.4962E-04 2.0000E-04
1.9445E-04 2.0000E-04
1.8558E-04 2.0000E-04
2.3888E-04 2.0000E-04
1.6611E-04 2.0000E-04
1.5441E-04 2.0000E-04
1.8277E-04 2.0000E-04
2.1462E-04 2.0000E-04
1.9308E-04 2.0000E-04
1.9743E-04 2.0000E-04
2.4949E-04 2.0000E-04
1.6087E-04 2.0000E-04
1.4752E-04 2.0000E-04
1.6786E-04 2.0000E-04
2.6134E-04 2.0000E-04
1.3805E-04 2.0000E-04
1.2727E-04 2.0000E-04
1.5328E-04 2.0000E-04
3.2268E-04 2.0000E-04
1.2772E-04 2.0000E-04
9.8102E-05 2.0000E-04
1.2939E-04 2.0000E-04
2.1665E-04 2.0000E-04
1.2947E-04 2.0000E-04
1.2758E-04 2.0000E-04
1.4290E-04 2.0000E-04
1.3008E-04 2.0000E-04
1.1160E-04 2.0000E-04
1.2243E-04 2.0000E-04
1.2453E-04 2.0000E-04
1.3206E-04 2.0000E-04
1.1182E-04 2.0000E-04
1.1391E-04 2.0000E-04
1.2062E-04 2.0000E-04
1.2079E-04 2.0000E-04
1.0953E-04 2.0000E-04
1.1062E-04 2.0000E-04
1.2769E-04 2.0000E-04
1.1870E-04 2.0000E-04
9.6365E-05 2.0000E-04
9.9950E-05 2.0000E-04
1.6336E-04 2.0000E-04
9.6212E-05 2.0000E-04
9.1760E-05 2.0000E-04
1.2213E-04 2.0000E-04
1.1895E-04 2.0000E-04
8.9601E-05 2.0000E-04
9.7021E-05 2.0000E-04
1.1569E-04 2.0000E-04
8.9275E-05 2.0000E-04
1.2065E-04 2.0000E-04
1.0465E-04 2.0000E-04
8.7497E-05 2.0000E-04
1.2208E-04 2.0000E-04
1.3297E-04 2.0000E-04
9.0196E-05 2.0000E-04
7.7564E-05 2.0000E-04
1.1311E-04 2.0000E-04
8.6671E-05 2.0000E-04
1.1364E-04 2.0000E-04
8.7109E-05 2.0000E-04
8.2659E-05 2.0000E-04
1.0727E-04 2.0000E-04
9.8211E-05 2.0000E-04
8.6070E-05 2.0000E-04
1.0851E-04 2.0000E-04
1.3545E-04 2.0000E-04
7.9501E-05 2.0000E-04
7.3069E-05 2.0000E-04
9.2907E-05 2.0000E-04
1.3963E-04 2.0000E-04
7.5621E-05 2.0000E-04
7.5556E-05 2.0000E-04
8.9502E-05 2.0000E-04
1.6359E-04 2.0000E-04
7.7069E-05 2.0000E-04
7.2103E-05 2.0000E-04
8.5936E-05 2.0000E-04
1.6010E-04 2.0000E-04
8.6210E-05 2.0000E-04
6.8338E-05 2.0000E-04
9.2180E-05 2.0000E-04
1.1987E-04 2.0000E-04
8.8047E-05 2.0000E-04
1.0543E-04 2.0000E-04
9.7932E-05 2.0000E-04
8.3009E-05 2.0000E-04
1.3770E-04 2.0000E-04
1.0769E-04 2.0000E-04
7.2902E-05 2.0000E-04
6.0992E-05 2.0000E-04
8.9729E-05 2.0000E-04
9.8058E-05 2.0000E-04
7.7411E-05 2.0000E-04
7.3576E-05 2.0000E-04
8.9428E-05 2.0000E-04
1.0173E-04 2.0000E-04
7.1091E-05 2.0000E-04
7.5278E-05 2.0000E-04
1.0248E-04 2.0000E-04
7.6581E-05 2.0000E-04
9.8296E-05 2.0000E-04
1.0710E-04 2.0000E-04
7.9106E-05 2.0000E-04
8.8772E-05 2.0000E-04
1.1412E-04 2.0000E-04
8.1697E-05 2.0000E-04
7.7629E-05 2.0000E-04
8.9594E-05 2.0000E-04
7.8925E-05 2.0000E-04
1.5493E-04 2.0000E-04
6.7251E-05 2.0000E-04
6.4366E-05 2.0000E-04
7.9060E-05 2.0000E-04
2.1956E-04 2.0000E-04
8.1058E-05 2.0000E-04
6.2307E-05 2.0000E-04
8.0969E-05 2.0000E-04
9.9313E-05 2.0000E-04
7.5534E-05 2.0000E-04
8.6603E-05 2.0000E-04
9.7586E-05 2.0000E-04
8.2714E-05 2.0000E-04
9.2666E-05 2.0000E-04
1.0555E-04 2.0000E-04
8.5870E-05 2.0000E-04
1.0214E-04 2.0000E-04
1.2481E-04 2.0000E-04
9.7885E-05 2.0000E-04
1.2522E-04 2.0000E-04
1.3985E-04 2.0000E-04
1.1962E-04 2.0000E-04
1.0550E-04 2.0000E-04
1.0573E-04 2.0000E-04
1.3453E-04 2.0000E-04
1.6289E-04 2.0000E-04
1.1217E-04 2.0000E-04
1.0438E-04 2.0000E-04
1.3781E-04 2.0000E-04
1.3561E-04 2.0000E-04
1.8117E-04 2.0000E-04
1.2080E-04 2.0000E-04
1.2948E-04 2.0000E-04
1.1422E-04 2.0000E-04
1.1510E-04 2.0000E-04
1.1697E-04 2.0000E-04
1.0801E-04 2.0000E-04
9.3088E-05 2.0000E-04
1.1161E-04 2.0000E-04
9.3770E-05 2.0000E-04
8.2927E-05 2.0000E-04
1.1118E-04 2.0000E-04
9.8443E-05 2.0000E-04
7.7346E-05 2.0000E-04
7.7684E-05 2.0000E-04
1.2677E-04 2.0000E-04
7.2750E-05 2.0000E-04
6.1169E-05 2.0000E-04
7.3145E-05 2.0000E-04
1.2356E-04 2.0000E-04
7.0631E-05 2.0000E-04
5.7733E-05 2.0000E-04
6.6792E-05 2.0000E-04
1.3010E-04 2.0000E-04
5.4066E-05 2.0000E-04
4.7723E-05 2.0000E-04
6.5133E-05 2.0000E-04
1.0759E-04 2.0000E-04
5.7014E-05 2.0000E-04
4.7296E-05 2.0000E-04
5.6852E-05 2.0000E-04
9.5392E-05 2.0000E-04
5.8180E-05 2.0000E-04
4.9468E-05 2.0000E-04
6.0503E-05 2.0000E-04
8.6464E-05 2.0000E-04
5.3674E-05 2.0000E-04
4.9372E-05 2.0000E-04
6.1914E-05 2.0000E-04
9.8050E-05 2.0000E-04
5.2385E-05 2.0000E-04
4.8785E-05 2.0000E-04
5.6997E-05 2.0000E-04
1.2350E-04 2.0000E-04
5.2322E-05 2.0000E-04
4.4920E-05 2.0000E-04
5.6629E-05 2.0000E-04
1.0402E-04 2.0000E-04
5.7479E-05 2.0000E-04
4.6366E-05 2.0000E-04
6.1905E-05 2.0000E-04
6.3679E-05 2.0000E-04
5.7443E-05 2.0000E-04
7.5195E-05 2.0000E-04
5.1581E-05 2.0000E-04
5.3389E-05 2.0000E-04
7.3112E-05 2.0000E-04
7.4585E-05 2.0000E-04
4.9327E-05 2.0000E-04
5.2859E-05 2.0000E-04
6.5472E-05 2.0000E-04
6.0611E-05 2.0000E-04
5.5356E-05 2.0000E-04
5.6816E-05 2.0000E-04
7.4421E-05 2.0000E-04
6.9783E-05 2.0000E-04
4.8623E-05 2.0000E-04
6.1921E-05 2.0000E-04
6.9070E-05 2.0000E-04
6.1054E-05 2.0000E-04
9.7616E-05 2.0000E-04
5.8399E-05 2.0000E-04
5.6793E-05 2.0000E-04
7.6874E-05 2.0000E-04
7.2437E-05 2.0000E-04
5.5754E-05 2.0000E-04
6.5381E-05 2.0000E-04
7.5341E-05 2.0000E-04
6.6851E-05 2.0000E-04
9.6497E-05 2.0000E-04
6.4403E-05 2.0000E-04
7.0638E-05 2.0000E-04
1.0987E-04 2.0000E-04
1.3455E-04 2.0000E-04
6.2439E-05 2.0000E-04
5.3234E-05 2.0000E-04
7.7470E-05 2.0000E-04
1.7649E-04 2.0000E-04
8.2460E-05 2.0000E-04
6.1547E-05 2.0000E-04
7.4441E-05 2.0000E-04
1.6233E-04 2.0000E-04
8.5728E-05 2.0000E-04
7.2568E-05 2.0000E-04
8.0962E-05 2.0000E-04
9.7665E-05 2.0000E-04
1.3007E-04 2.0000E-04
7.8415E-05 2.0000E-04
7.8101E-05 2.0000E-04
8.8616E-05 2.0000E-04
2.2186E-04 2.0000E-04
9.7521E-05 2.0000E-04
7.4711E-05 2.0000E-04
7.5607E-05 2.0000E-04
1.3105E-04 2.0000E-04
1.4507E-04 2.0000E-04
7.5805E-05 2.0000E-04
9.1089E-05 2.0000E-04
1.0173E-04 2.0000E-04
1.4986E-04 2.0000E-04
1.3528E-04 2.0000E-04
9.7638E-05 2.0000E-04
1.3728E-04 2.0000E-04
1.1161E-04 2.0000E-04
1.1034E-04 2.0000E-04
1.7935E-04 2.0000E-04
1.3367E-04 2.0000E-04
1.2823E-04 2.0000E-04
1.0956E-04 2.0000E-04
1.1973E-04 2.0000E-04
1.4603E-04 2.0000E-04
1.5452E-04 2.0000E-04
1.1333E-04 2.0000E-04
1.2091E-04 2.0000E-04
1.9104E-04 2.0000E-04
1.5923E-04 2.0000E-04
1.0948E-04 2.0000E-04
1.1163E-04 2.0000E-04
1.3426E-04 2.0000E-04
1.8030E-04 2.0000E-04
9.4690E-05 2.0000E-04
1.0273E-04 2.0000E-04
1.2349E-04 2.0000E-04
3.0887E-04 2.0000E-04
1.0419E-04 2.0000E-04
8.3241E-05 2.0000E-04
1.2083E-04 2.0000E-04
1.5706E-04 2.0000E-04
1.0880E-04 2.0000E-04
1.0349E-04 2.0000E-04
1.2217E-04 2.0000E-04
1.0746E-04 2.0000E-04
2.5370E-04 2.0000E-04
8.9606E-05 2.0000E-04
7.8346E-05 2.0000E-04
9.1750E-05 2.0000E-04
2.1051E-04 2.0000E-04
9.9378E-05 2.0000E-04
7.4675E-05 2.0000E-04
9.0930E-05 2.0000E-04
1.2520E-04 2.0000E-04
1.9736E-04 2.0000E-04
7.2985E-05 2.0000E-04
7.5573E-05 2.0000E-04
1.0287E-04 2.0000E-04
9.6492E-05 2.0000E-04
1.1090E-04 2.0000E-04
7.7896E-05 2.0000E-04
8.3827E-05 2.0000E-04
1.0420E-04 2.0000E-04
2.0650E-04 2.0000E-04
8.1063E-05 2.0000E-04
6.3384E-05 2.0000E-04
8.4601E-05 2.0000E-04
1.0806E-04 2.0000E-04
2.1299E-04 2.0000E-04
7.5562E-05 2.0000E-04
6.8424E-05 2.0000E-04
9.1180E-05 2.0000E-04
1.3531E-04 2.0000E-04
1.0792E-04 2.0000E-04
7.7321E-05 2.0000E-04
1.0890E-04 2.0000E-04
1.3026E-04 2.0000E-04
1.0644E-04 2.0000E-04
1.5471E-04 2.0000E-04
1.1070E-04 2.0000E-04
1.0954E-04 2.0000E-04
1.8959E-04 2.0000E-04
1.5833E-04 2.0000E-04
1.1857E-04 2.0000E-04
1.5731E-04 2.0000E-04
2.0240E-04 2.0000E-04
1.9369E-04 2.0000E-04
1.5938E-04 2.0000E-04
1.4827E-04 2.0000E-04
1.6189E-04 2.0000E-04
2.9405E-04 2.0000E-04
1.5077E-04 2.0000E-04
2.7082E-04 2.0000E-04
2.2301E-04 2.0000E-04
1.3677E-04 2.0000E-04
1.6878E-04 2.0000E-04
1.6551E-04 2.0000E-04
2.0701E-04 2.0000E-04
2.0430E-04 2.0000E-04
1.6744E-04 2.0000E-04
1.5787E-04 2.0000E-04
1.3136E-04 2.0000E-04
1.4395E-04 2.0000E-04
1.5973E-04 2.0000E-04
1.2622E-04 2.0000E-04
1.1837E-04 2.0000E-04
1.4374E-04 2.0000E-04
1.1676E-04 2.0000E-04
1.1850E-04 2.0000E-04
1.6180E-04 2.0000E-04
1.1010E-04 2.0000E-04
9.9567E-05 2.0000E-04
1.5910E-04 2.0000E-04
1.0376E-04 2.0000E-04
9.3117E-05 2.0000E-04
1.3619E-04 2.0000E-04
1.1481E-04 2.0000E-04
1.2920E-04 2.0000E-04
1.1289E-04 2.0000E-04
1.2093E-04 2.0000E-04
9.8187E-05 2.0000E-04
1.1970E-04 2.0000E-04
1.4144E-04 2.0000E-04
1.1577E-04 2.0000E-04
1.1665E-04 2.0000E-04
1.6047E-04 2.0000E-04
1.1453E-04 2.0000E-04
1.1702E-04 2.0000E-04
1.3858E-04 2.0000E-04
1.1748E-04 2.0000E-04
1.4539E-04 2.0000E-04
1.4627E-04 2.0000E-04
1.1162E-04 2.0000E-04
9.8931E-05 2.0000E-04
1.3058E-04 2.0000E-04
1.0366E-04 2.0000E-04
1.2952E-04 2.0000E-04
1.0142E-04 2.0000E-04
1.0031E-04 2.0000E-04
1.5273E-04 2.0000E-04
9.6210E-05 2.0000E-04
9.0636E-05 2.0000E-04
1.0343E-04 2.0000E-04
1.4822E-04 2.0000E-04
9.2745E-05 2.0000E-04
8.2494E-05 2.0000E-04
8.9395E-05 2.0000E-04
1.2024E-04 2.0000E-04
8.3858E-05 2.0000E-04
7.4556E-05 2.0000E-04
8.8655E-05 2.0000E-04
1.1540E-04 2.0000E-04
6.6528E-05 2.0000E-04
6.1958E-05 2.0000E-04
6.9382E-05 2.0000E-04
9.8671E-05 2.0000E-04
5.9163E-05 2.0000E-04
5.4140E-05 2.0000E-04
5.8082E-05 2.0000E-04
1.5869E-04 2.0000E-04
5.5038E-05 2.0000E-04
3.9710E-05 2.0000E-04
4.9100E-05 2.0000E-04
5.8051E-05 2.0000E-04
8.1935E-05 2.0000E-04
4.4057E-05 2.0000E-04
4.6275E-05 2.0000E-04
7.7107E-05 2.0000E-04
7.7793E-05 2.0000E-04
4.8332E-05 2.0000E-04
5.4673E-05 2.0000E-04
6.9674E-05 2.0000E-04
5.8262E-05 2.0000E-04
1.3302E-04 2.0000E-04
5.1575E-05 2.0000E-04
4.5752E-05 2.0000E-04
6.0219E-05 2.0000E-04
1.1508E-04 2.0000E-04
5.8089E-05 2.0000E-04
5.2070E-05 2.0000E-04
6.0684E-05 2.0000E-04
1.2491E-04 2.0000E-04
5.8972E-05 2.0000E-04
5.1215E-05 2.0000E-04
6.3174E-05 2.0000E-04
1.1347E-04 2.0000E-04
6.4312E-05 2.0000E-04
5.4088E-05 2.0000E-04
9.2507E-05 2.0000E-04
7.5238E-05 2.0000E-04
6.7725E-05 2.0000E-04
9.4150E-05 2.0000E-04
8.9523E-05 2.0000E-04
6.8672E-05 2.0000E-04
7.3502E-05 2.0000E-04
8.4369E-05 2.0000E-04
6.8304E-05 2.0000E-04
9.6972E-05 2.0000E-04
7.0182E-05 2.0000E-04
6.6365E-05 2.0000E-04
8.3088E-05 2.0000E-04
1.1190E-04 2.0000E-04
6.6401E-05 2.0000E-04
6.1214E-05 2.0000E-04
6.8598E-05 2.0000E-04
1.6431E-04 2.0000E-04
5.9507E-05 2.0000E-04
5.4927E-05 2.0000E-04
7.5026E-05 2.0000E-04
1.4828E-04 2.0000E-04
6.7158E-05 2.0000E-04
5.4751E-05 2.0000E-04
7.1274E-05 2.0000E-04
1.1662E-04 2.0000E-04
7.6712E-05 2.0000E-04
6.0670E-05 2.0000E-04
8.9849E-05 2.0000E-04
8.9556E-05 2.0000E-04
7.7381E-05 2.0000E-04
1.1150E-04 2.0000E-04
1.1157E-04 2.0000E-04
9.4649E-05 2.0000E-04
7.2773E-05 2.0000E-04
8.2414E-05 2.0000E-04
8.0686E-05 2.0000E-04
1.1587E-04 2.0000E-04
9.0051E-05 2.0000E-04
7.9909E-05 2.0000E-04
9.3970E-05 2.0000E-04
1.8585E-04 2.0000E-04
8.0182E-05 2.0000E-04
6.7732E-05 2.0000E-04
8.3444E-05 2.0000E-04
2.0663E-04 2.0000E-04
9.4085E-05 2.0000E-04
8.1820E-05 2.0000E-04
8.2205E-05 2.0000E-04
9.4250E-05 2.0000E-04
1.8746E-04 2.0000E-04
6.9420E-05 2.0000E-04
6.1510E-05 2.0000E-04
7.7774E-05 2.0000E-04
1.3490E-04 2.0000E-04
7.5348E-05 2.0000E-04
6.3560E-05 2.0000E-04
8.2374E-05 2.0000E-04
1.3179E-04 2.0000E-04
7.0813E-05 2.0000E-04
6.4503E-05 2.0000E-04
7.8611E-05 2.0000E-04
8.8558E-05 2.0000E-04
1.2349E-04 2.0000E-04
6.1243E-05 2.0000E-04
5.4743E-05 2.0000E-04
6.1761E-05 2.0000E-04
1.5240E-04 2.0000E-04
5.9457E-05 2.0000E-04
4.5940E-05 2.0000E-04
5.8103E-05 2.0000E-04
8.2363E-05 2.0000E-04
7.3953E-05 2.0000E-04
4.4189E-05 2.0000E-04
5.4587E-05 2.0000E-04
7.0159E-05 2.0000E-04
7.4220E-05 2.0000E-04
5.0512E-05 2.0000E-04
5.0848E-05 2.0000E-04
6.5443E-05 2.0000E-04
6.4423E-05 2.0000E-04
3.8655E-05 2.0000E-04
4.1071E-05 2.0000E-04
5.1023E-05 2.0000E-04
5.6114E-05 2.0000E-04
4.5165E-05 2.0000E-04
4.0462E-05 2.0000E-04
4.4845E-05 2.0000E-04
7.7865E-05 2.0000E-04
3.5233E-05 2.0000E-04
3.0802E-05 2.0000E-04
3.4846E-05 2.0000E-04
1.0307E-04 2.0000E-04
3.3947E-05 2.0000E-04
2.3230E-05 2.0000E-04
3.2054E-05 2.0000E-04
3.7256E-05 2.0000E-04
5.7572E-05 2.0000E-04
2.6150E-05 2.0000E-04
2.4323E-05 2.0000E-04
3.1873E-05 2.0000E-04
6.4542E-05 2.0000E-04
2.9482E-05 2.0000E-04
2.5064E-05 2.0000E-04
2.9612E-05 2.0000E-04
3.7844E-05 2.0000E-04
6.1498E-05 2.0000E-04
2.1556E-05 2.0000E-04
2.1641E-05 2.0000E-04
2.6898E-05 2.0000E-04
5.6768E-05 2.0000E-04
2.5438E-05 2.0000E-04
2.0050E-05 2.0000E-04
2.5523E-05 2.0000E-04
4.9484E-05 2.0000E-04
2.4891E-05 2.0000E-04
1.9952E-05 2.0000E-04
2.4835E-05 2.0000E-04
3.9105E-05 2.0000E-04
2.6143E-05 2.0000E-04
1.8713E-05 2.0000E-04
2.7676E-05 2.0000E-04
3.4702E-05 2.0000E-04
2.5372E-05 2.0000E-04
2.4832E-05 2.0000E-04
3.2733E-05 2.0000E-04
2.5702E-05 2.0000E-04
2.2943E-05 2.0000E-04
3.8416E-05 2.0000E-04
2.4428E-05 2.0000E-04
1.9605E-05 2.0000E-04
2.1817E-05 2.0000E-04
3.1294E-05 2.0000E-04
3.5573E-05 2.0000E-04
1.8285E-05 2.0000E-04
1.9263E-05 2.0000E-04
2.5688E-05 2.0000E-04
3.5157E-05 2.0000E-04
2.2703E-05 2.0000E-04
2.0367E-05 2.0000E-04
2.4203E-05 2.0000E-04
3.9973E-05 2.0000E-04
2.0987E-05 2.0000E-04
1.8878E-05 2.0000E-04
2.3605E-05 2.0000E-04
4.0583E-05 2.0000E-04
2.1648E-05 2.0000E-04
1.7604E-05 2.0000E-04
2.3267E-05 2.0000E-04
3.3277E-05 2.0000E-04
2.2313E-05 2.0000E-04
1.9895E-05 2.0000E-04
2.6325E-05 2.0000E-04
2.1634E-05 2.0000E-04
2.4974E-05 2.0000E-04
3.2048E-05 2.0000E-04
1.9961E-05 2.0000E-04
1.7843E-05 2.0000E-04
1.9922E-05 2.0000E-04
5.2582E-05 2.0000E-04
1.8472E-05 2.0000E-04
1.5669E-05 2.0000E-04
1.9764E-05 2.0000E-04
3.1487E-05 2.0000E-04
1.9632E-05 2.0000E-04
1.6347E-05 2.0000E-04
3.0138E-05 2.0000E-04
2.4254E-05 2.0000E-04
2.0376E-05 2.0000E-04
2.4684E-05 2.0000E-04
3.5070E-05 2.0000E-04
2.1804E-05 2.0000E-04
1.7902E-05 2.0000E-04
1.9588E-05 2.0000E-04
5.2785E-05 2.0000E-04
1.8081E-05 2.0000E-04
1.5671E-05 2.0000E-04
2.2763E-05 2.0000E-04
3.9115E-05 2.0000E-04
2.1010E-05 2.0000E-04
1.7764E-05 2.0000E-04
2.0759E-05 2.0000E-04
5.3870E-05 2.0000E-04
2.0012E-05 2.0000E-04
1.7261E-05 2.0000E-04
2.1666E-05 2.0000E-04
2.8496E-05 2.0000E-04
4.9963E-05 2.0000E-04
1.7701E-05 2.0000E-04
1.8726E-05 2.0000E-04
2.3804E-05 2.0000E-04
5.2410E-05 2.0000E-04
2.2772E-05 2.0000E-04
1.8556E-05 2.0000E-04
2.4608E-05 2.0000E-04
4.2976E-05 2.0000E-04
2.8251E-05 2.0000E-04
2.3428E-05 2.0000E-04
3.3573E-05 2.0000E-04
2.8104E-05 2.0000E-04
2.7693E-05 2.0000E-04
4.3421E-05 2.0000E-04
3.2147E-05 2.0000E-04
3.4273E-05 2.0000E-04
3.0538E-05 2.0000E-04
4.5023E-05 2.0000E-04
3.6303E-05 2.0000E-04
3.6123E-05 2.0000E-04
4.6704E-05 2.0000E-04
3.8622E-05 2.0000E-04
6.4447E-05 2.0000E-04
6.6569E-05 2.0000E-04
4.5804E-05 2.0000E-04
5.4849E-05 2.0000E-04
5.7628E-05 2.0000E-04
9.6967E-05 2.0000E-04
6.6787E-05 2.0000E-04
1.1472E-04 2.0000E-04
7.2692E-05 2.0000E-04
6.9122E-05 2.0000E-04
8.7412E-05 2.0000E-04
1.3397E-04 2.0000E-04
1.4258E-04 2.0000E-04
2.0641E-04 2.0000E-04
7.9283E-05 2.0000E-04
8.8387E-05 2.0000E-04
1.1505E-04 2.0000E-04
1.4673E-04 2.0000E-04
1.5150E-04 2.0000E-04
9.6303E-05 2.0000E-04
1.8110E-04 2.0000E-04
9.6419E-05 2.0000E-04
7.3270E-05 2.0000E-04
9.2315E-05 2.0000E-04
1.3305E-04 2.0000E-04
9.2902E-05 2.0000E-04
8.7537E-05 2.0000E-04
8.3150E-05 2.0000E-04
1.0494E-04 2.0000E-04
8.1684E-05 2.0000E-04
8.0002E-05 2.0000E-04
1.2517E-04 2.0000E-04
8.5510E-05 2.0000E-04
8.5306E-05 2.0000E-04
1.4167E-04 2.0000E-04
8.3500E-05 2.0000E-04
6.8836E-05 2.0000E-04
8.9553E-05 2.0000E-04
1.3738E-04 2.0000E-04
8.9230E-05 2.0000E-04
7.8157E-05 2.0000E-04
9.6477E-05 2.0000E-04
9.2999E-05 2.0000E-04
2.1415E-04 2.0000E-04
8.9194E-05 2.0000E-04
8.2105E-05 2.0000E-04
8.9991E-05 2.0000E-04
2.6093E-04 2.0000E-04
1.1751E-04 2.0000E-04
8.7209E-05 2.0000E-04
8.7442E-05 2.0000E-04
1.2804E-04 2.0000E-04
2.3981E-04 2.0000E-04
1.0220E-04 2.0000E-04
8.7826E-05 2.0000E-04
1.0061E-04 2.0000E-04
1.6298E-04 2.0000E-04
1.1692E-04 2.0000E-04
8.6988E-05 2.0000E-04
1.3584E-04 2.0000E-04
1.6142E-04 2.0000E-04
1.2636E-04 2.0000E-04
1.2542E-04 2.0000E-04
1.1396E-04 2.0000E-04
9.7916E-05 2.0000E-04
2.0722E-04 2.0000E-04
1.0618E-04 2.0000E-04
1.4880E-04 2.0000E-04
8.9513E-05 2.0000E-04
7.4550E-05 2.0000E-04
1.1156E-04 2.0000E-04
1.0513E-04 2.0000E-04
7.8607E-05 2.0000E-04
8.9342E-05 2.0000E-04
1.1100E-04 2.0000E-04
8.1525E-05 2.0000E-04
9.1448E-05 2.0000E-04
9.6877E-05 2.0000E-04
8.0159E-05 2.0000E-04
9.4103E-05 2.0000E-04
1.3090E-04 2.0000E-04
8.1441E-05 2.0000E-04
6.5786E-05 2.0000E-04
9.2760E-05 2.0000E-04
9.5231E-05 2.0000E-04
9.9585E-05 2.0000E-04
8.9002E-05 2.0000E-04
9.7733E-05 2.0000E-04
1.1725E-04 2.0000E-04
8.0549E-05 2.0000E-04
7.9619E-05 2.0000E-04
1.0791E-04 2.0000E-04
1.0443E-04 2.0000E-04
8.1667E-05 2.0000E-04
8.7704E-05 2.0000E-04
9.9119E-05 2.0000E-04
7.6919E-05 2.0000E-04
9.8946E-05 2.0000E-04
1.1576E-04 2.0000E-04
7.3135E-05 2.0000E-04
6.5538E-05 2.0000E-04
7.6133E-05 2.0000E-04
8.2871E-05 2.0000E-04
8.0636E-05 2.0000E-04
6.3940E-05 2.0000E-04
7.6102E-05 2.0000E-04
9.9458E-05 2.0000E-04
5.7659E-05 2.0000E-04
5.6269E-05 2.0000E-04
6.9932E-05 2.0000E-04
9.5359E-05 2.0000E-04
5.8099E-05 2.0000E-04
5.6901E-05 2.0000E-04
6.8343E-05 2.0000E-04
1.3729E-04 2.0000E-04
5.4091E-05 2.0000E-04
4.3627E-05 2.0000E-04
5.3506E-05 2.0000E-04
8.3900E-05 2.0000E-04
7.5042E-05 2.0000E-04
4.2666E-05 2.0000E-04
5.0786E-05 2.0000E-04
6.6622E-05 2.0000E-04
5.6817E-05 2.0000E-04
6.8724E-05 2.0000E-04
4.9224E-05 2.0000E-04
4.9657E-05 2.0000E-04
7.1124E-05 2.0000E-04
5.8609E-05 2.0000E-04
5.0240E-05 2.0000E-04
6.4995E-05 2.0000E-04
6.9817E-05 2.0000E-04
5.5914E-05 2.0000E-04
6.7152E-05 2.0000E-04
7.5510E-05 2.0000E-04
6.4792E-05 2.0000E-04
8.2962E-05 2.0000E-04
9.9669E-05 2.0000E-04
6.7446E-05 2.0000E-04
6.6322E-05 2.0000E-04
9.1684E-05 2.0000E-04
8.8596E-05 2.0000E-04
1.0817E-04 2.0000E-04
1.0254E-04 2.0000E-04
9.7550E-05 2.0000E-04
1.1603E-04 2.0000E-04
1.2772E-04 2.0000E-04
1.5255E-04 2.0000E-04
1.5047E-04 2.0000E-04
1.6643E-04 2.0000E-04
1.2518E-04 2.0000E-04
1.3559E-04 2.0000E-04
1.6587E-04 2.0000E-04
1.3707E-04 2.0000E-04
2.1439E-04 2.0000E-04
1.5163E-04 2.0000E-04
1.1320E-04 2.0000E-04
1.1001E-04 2.0000E-04
1.8679E-04 2.0000E-04
1.6171E-04 2.0000E-04
1.1478E-04 2.0000E-04
1.1395E-04 2.0000E-04
1.6202E-04 2.0000E-04
1.2390E-04 2.0000E-04
1.4764E-04 2.0000E-04
1.2109E-04 2.0000E-04
1.2713E-04 2.0000E-04
1.4936E-04 2.0000E-04
1.3674E-04 2.0000E-04
1.1548E-04 2.0000E-04
1.2643E-04 2.0000E-04
1.5408E-04 2.0000E-04
1.1243E-04 2.0000E-04
1.1637E-04 2.0000E-04
1.5561E-04 2.0000E-04
1.0585E-04 2.0000E-04
9.7315E-05 2.0000E-04
1.1642E-04 2.0000E-04
9.7341E-05 2.0000E-04
1.5454E-04 2.0000E-04
8.7729E-05 2.0000E-04
8.0235E-05 2.0000E-04
9.7327E-05 2.0000E-04
1.7792E-04 2.0000E-04
7.7496E-05 2.0000E-04
6.6904E-05 2.0000E-04
7.8197E-05 2.0000E-04
1.3835E-04 2.0000E-04
8.4955E-05 2.0000E-04
5.6794E-05 2.0000E-04
7.6400E-05 2.0000E-04
1.1399E-04 2.0000E-04
8.1072E-05 2.0000E-04
7.6064E-05 2.0000E-04
9.1473E-05 2.0000E-04
7.2575E-05 2.0000E-04
9.5281E-05 2.0000E-04
8.2110E-05 2.0000E-04
6.1887E-05 2.0000E-04
5.6485E-05 2.0000E-04
7.0367E-05 2.0000E-04
5.6749E-05 2.0000E-04
1.0438E-04 2.0000E-04
5.3890E-05 2.0000E-04
4.5708E-05 2.0000E-04
5.3284E-05 2.0000E-04
1.3142E-04 2.0000E-04
4.9708E-05 2.0000E-04
3.4663E-05 2.0000E-04
4.5068E-05 2.0000E-04
4.9553E-05 2.0000E-04
1.0284E-04 2.0000E-04
4.0629E-05 2.0000E-04
3.3335E-05 2.0000E-04
4.2866E-05 2.0000E-04
9.8749E-05 2.0000E-04
4.1504E-05 2.0000E-04
3.2442E-05 2.0000E-04
3.8927E-05 2.0000E-04
5.2143E-05 2.0000E-04
8.7602E-05 2.0000E-04
2.9965E-05 2.0000E-04
2.9932E-05 2.0000E-04
3.6984E-05 2.0000E-04
9.6978E-05 2.0000E-04
3.5141E-05 2.0000E-04
2.6395E-05 2.0000E-04
3.3121E-05 2.0000E-04
4.0596E-05 2.0000E-04
5.3550E-05 2.0000E-04
2.8062E-05 2.0000E-04
2.8891E-05 2.0000E-04
4.1756E-05 2.0000E-04
5.8402E-05 2.0000E-04
3.0715E-05 2.0000E-04
3.0553E-05 2.0000E-04
3.5463E-05 2.0000E-04
7.1335E-05 2.0000E-04
2.9050E-05 2.0000E-04
2.8011E-05 2.0000E-04
3.5480E-05 2.0000E-04
6.2414E-05 2.0000E-04
3.2270E-05 2.0000E-04
2.5742E-05 2.0000E-04
3.6758E-05 2.0000E-04
5.4488E-05 2.0000E-04
3.5487E-05 2.0000E-04
2.8162E-05 2.0000E-04
3.9399E-05 2.0000E-04
3.6042E-05 2.0000E-04
3.6830E-05 2.0000E-04
6.2679E-05 2.0000E-04
3.1555E-05 2.0000E-04
3.0886E-05 2.0000E-04
3.7004E-05 2.0000E-04
7.9072E-05 2.0000E-04
3.6594E-05 2.0000E-04
3.1536E-05 2.0000E-04
4.1713E-05 2.0000E-04
6.5090E-05 2.0000E-04
5.0825E-05 2.0000E-04
3.9825E-05 2.0000E-04
5.7405E-05 2.0000E-04
6.3751E-05 2.0000E-04
6.2624E-05 2.0000E-04
1.0073E-04 2.0000E-04
6.8518E-05 2.0000E-04
6.9595E-05 2.0000E-04
9.9141E-05 2.0000E-04
1.7133E-04 2.0000E-04
2.2689E-04 2.0000E-04
8.3270E-05 2.0000E-04
7.8952E-05 2.0000E-04
1.4402E-04 2.0000E-04
1.3022E-04 2.0000E-04
2.2544E-04 2.0000E-04
1.0646E-04 2.0000E-04
1.6651E-04 2.0000E-04
1.4982E-04 2.0000E-04
2.1672E-04 2.0000E-04
1.4037E-04 2.0000E-04
2.0209E-04 2.0000E-04
1.5927E-04 2.0000E-04
1.9601E-04 2.0000E-04
1.6122E-04 2.0000E-04
1.7483E-04 2.0000E-04
1.5016E-04 2.0000E-04
1.6954E-04 2.0000E-04
1.5051E-04 2.0000E-04
1.3715E-04 2.0000E-04
1.7495E-04 2.0000E-04
1.6880E-04 2.0000E-04
1.3199E-04 2.0000E-04
1.8917E-04 2.0000E-04
1.7342E-04 2.0000E-04
1.4425E-04 2.0000E-04
1.7518E-04 2.0000E-04
1.7163E-04 2.0000E-04
1.6700E-04 2.0000E-04
2.3761E-04 2.0000E-04
1.4883E-04 2.0000E-04
1.3585E-04 2.0000E-04
1.7363E-04 2.0000E-04
3.6324E-04 2.0000E-04
1.9563E-04 2.0000E-04
1.5816E-04 2.0000E-04
1.8855E-04 2.0000E-04
3.0266E-04 2.0000E-04
2.2033E-04 2.0000E-04
2.8650E-04 2.0000E-04
2.8879E-04 2.0000E-04
2.3245E-04 2.0000E-04
1.9318E-04 2.0000E-04
2.1624E-04 2.0000E-04
3.5197E-04 2.0000E-04
1.9071E-04 2.0000E-04
1.4674E-04 2.0000E-04
1.6885E-04 2.0000E-04
3.3124E-04 2.0000E-04
1.6411E-04 2.0000E-04
1.1469E-04 2.0000E-04
1.4062E-04 2.0000E-04
2.0413E-04 2.0000E-04
1.4663E-04 2.0000E-04
1.0751E-04 2.0000E-04
1.2139E-04 2.0000E-04
1.6618E-04 2.0000E-04
1.4134E-04 2.0000E-04
9.2267E-05 2.0000E-04
1.0005E-04 2.0000E-04
1.2900E-04 2.0000E-04
1.0878E-04 2.0000E-04
8.9132E-05 2.0000E-04
9.6155E-05 2.0000E-04
1.1354E-04 2.0000E-04
8.8838E-05 2.0000E-04
9.8719E-05 2.0000E-04
9.6136E-05 2.0000E-04
8.3939E-05 2.0000E-04
1.2690E-04 2.0000E-04
8.3243E-05 2.0000E-04
8.1053E-05 2.0000E-04
1.0107E-04 2.0000E-04
1.5265E-04 2.0000E-04
7.3650E-05 2.0000E-04
6.5453E-05 2.0000E-04
7.3163E-05 2.0000E-04
1.5471E-04 2.0000E-04
6.6223E-05 2.0000E-04
5.4352E-05 2.0000E-04
7.3840E-05 2.0000E-04
1.3490E-04 2.0000E-04
6.4013E-05 2.0000E-04
5.1937E-05 2.0000E-04
5.9516E-05 2.0000E-04
9.4431E-05 2.0000E-04
9.0437E-05 2.0000E-04
4.4772E-05 2.0000E-04
4.7893E-05 2.0000E-04
6.4057E-05 2.0000E-04
9.9930E-05 2.0000E-04
5.2133E-05 2.0000E-04
5.0029E-05 2.0000E-04
6.0818E-05 2.0000E-04
1.3156E-04 2.0000E-04
5.2722E-05 2.0000E-04
4.2158E-05 2.0000E-04
5.3141E-05 2.0000E-04
6.3990E-05 2.0000E-04
9.1204E-05 2.0000E-04
4.6712E-05 2.0000E-04
4.6353E-05 2.0000E-04
6.0732E-05 2.0000E-04
1.1699E-04 2.0000E-04
5.0180E-05 2.0000E-04
4.5444E-05 2.0000E-04
5.8297E-05 2.0000E-04
6.9915E-05 2.0000E-04
1.0519E-04 2.0000E-04
4.9654E-05 2.0000E-04
4.4719E-05 2.0000E-04
5.7122E-05 2.0000E-04
9.9391E-05 2.0000E-04
5.7658E-05 2.0000E-04
4.4171E-05 2.0000E-04
5.7835E-05 2.0000E-04
8.0367E-05 2.0000E-04
5.5999E-05 2.0000E-04
5.8601E-05 2.0000E-04
6.5976E-05 2.0000E-04
5.2323E-05 2.0000E-04
6.6888E-05 2.0000E-04
7.2174E-05 2.0000E-04
4.9143E-05 2.0000E-04
4.0221E-05 2.0000E-04
4.8231E-05 2.0000E-04
5.5667E-05 2.0000E-04
4.6900E-05 2.0000E-04
4.1435E-05 2.0000E-04
5.4315E-05 2.0000E-04
5.2543E-05 2.0000E-04
4.0309E-05 2.0000E-04
4.1846E-05 2.0000E-04
5.3893E-05 2.0000E-04
3.8719E-05 2.0000E-04
4.6999E-05 2.0000E-04
5.1243E-05 2.0000E-04
3.8626E-05 2.0000E-04
4.1291E-05 2.0000E-04
4.7413E-05 2.0000E-04
3.7573E-05 2.0000E-04
4.6351E-05 2.0000E-04
4.8700E-05 2.0000E-04
3.5962E-05 2.0000E-04
3.3724E-05 2.0000E-04
3.5986E-05 2.0000E-04
2.9881E-05 2.0000E-04
3.8417E-05 2.0000E-04
3.3949E-05 2.0000E-04
3.3179E-05 2.0000E-04
4.1618E-05 2.0000E-04
3.1136E-05 2.0000E-04
2.9165E-05 2.0000E-04
4.3582E-05 2.0000E-04
3.1400E-05 2.0000E-04
2.7189E-05 2.0000E-04
3.3360E-05 2.0000E-04
4.6085E-05 2.0000E-04
2.7135E-05 2.0000E-04
2.4717E-05 2.0000E-04
2.7743E-05 2.0000E-04
6.7237E-05 2.0000E-04
2.4047E-05 2.0000E-04
2.1625E-05 2.0000E-04
2.6832E-05 2.0000E-04
6.5539E-05 2.0000E-04
2.7147E-05 2.0000E-04
2.0293E-05 2.0000E-04
2.5374E-05 2.0000E-04
3.5333E-05 2.0000E-04
4.7827E-05 2.0000E-04
2.1007E-05 2.0000E-04
2.3322E-05 2.0000E-04
2.8232E-05 2.0000E-04
7.0904E-05 2.0000E-04
2.4008E-05 2.0000E-04
1.9200E-05 2.0000E-04
2.4953E-05 2.0000E-04
3.0700E-05 2.0000E-04
7.3110E-05 2.0000E-04
2.1086E-05 2.0000E-04
1.9006E-05 2.0000E-04
2.5774E-05 2.0000E-04
3.7788E-05 2.0000E-04
3.3411E-05 2.0000E-04
1.9303E-05 2.0000E-04
2.4312E-05 2.0000E-04
2.9593E-05 2.0000E-04
2.5487E-05 2.0000E-04
4.3208E-05 2.0000E-04
2.2394E-05 2.0000E-04
1.9885E-05 2.0000E-04
2.2073E-05 2.0000E-04
5.1588E-05 2.0000E-04
2.0715E-05 2.0000E-04
1.7981E-05 2.0000E-04
2.1446E-05 2.0000E-04
3.3722E-05 2.0000E-04
2.1336E-05 2.0000E-04
1.7384E-05 2.0000E-04
3.1009E-05 2.0000E-04
2.4948E-05 2.0000E-04
2.0687E-05 2.0000E-04
2.5257E-05 2.0000E-04
3.6495E-05 2.0000E-04
2.3156E-05 2.0000E-04
1.9301E-05 2.0000E-04
2.1292E-05 2.0000E-04
4.4272E-05 2.0000E-04
2.0998E-05 2.0000E-04
1.5872E-05 2.0000E-04
2.2996E-05 2.0000E-04
4.2403E-05 2.0000E-04
2.2688E-05 2.0000E-04
1.7984E-05 2.0000E-04
2.0692E-05 2.0000E-04
3.4448E-05 2.0000E-04
3.8388E-05 2.0000E-04
1.6752E-05 2.0000E-04
1.8392E-05 2.0000E-04
2.3067E-05 2.0000E-04
6.2109E-05 2.0000E-04
2.1698E-05 2.0000E-04
1.7207E-05 2.0000E-04
2.1950E-05 2.0000E-04
2.7941E-05 2.0000E-04
5.3113E-05 2.0000E-04
1.8178E-05 2.0000E-04
1.8439E-05 2.0000E-04
2.2974E-05 2.0000E-04
4.3421E-05 2.0000E-04
2.1571E-05 2.0000E-04
1.6776E-05 2.0000E-04
2.4839E-05 2.0000E-04
4.0160E-05 2.0000E-04
2.4353E-05 2.0000E-04
1.8399E-05 2.0000E-04
2.0953E-05 2.0000E-04
4.8191E-05 2.0000E-04
2.0944E-05 2.0000E-04
1.8010E-05 2.0000E-04
2.3156E-05 2.0000E-04
4.5018E-05 2.0000E-04
2.4112E-05 2.0000E-04
1.8138E-05 2.0000E-04
2.1526E-05 2.0000E-04
3.3126E-05 2.0000E-04
3.7178E-05 2.0000E-04
1.9213E-05 2.0000E-04
2.2429E-05 2.0000E-04
2.6780E-05 2.0000E-04
6.5261E-05 2.0000E-04
2.1921E-05 2.0000E-04
2.0199E-05 2.0000E-04
2.7047E-05 2.0000E-04
4.7755E-05 2.0000E-04
3.0363E-05 2.0000E-04
2.5000E-05 2.0000E-04
3.6112E-05 2.0000E-04
3.9534E-05 2.0000E-04
3.2996E-05 2.0000E-04
5.1203E-05 2.0000E-04
3.6657E-05 2.0000E-04
3.5493E-05 2.0000E-04
4.8797E-05 2.0000E-04
7.1587E-05 2.0000E-04
4.4151E-05 2.0000E-04
6.9867E-05 2.0000E-04
5.1699E-05 2.0000E-04
3.8140E-05 2.0000E-04
6.7325E-05 2.0000E-04
6.7718E-05 2.0000E-04
6.5442E-05 2.0000E-04
1.4183E-04 2.0000E-04
8.8715E-05 2.0000E-04
1.0351E-04 2.0000E-04
7.6003E-05 2.0000E-04
8.3065E-05 2.0000E-04
1.3036E-04 2.0000E-04
1.2610E-04 2.0000E-04
1.4431E-04 2.0000E-04
1.2797E-04 2.0000E-04
1.1251E-04 2.0000E-04
1.3295E-04 2.0000E-04
1.6142E-04 2.0000E-04
2.1751E-04 2.0000E-04
1.0162E-04 2.0000E-04
1.7431E-04 2.0000E-04
2.2438E-04 2.0000E-04
1.0371E-04 2.0000E-04
9.0530E-05 2.0000E-04
1.0928E-04 2.0000E-04
1.6359E-04 2.0000E-04
9.1813E-05 2.0000E-04
7.1292E-05 2.0000E-04
9.0730E-05 2.0000E-04
1.2766E-04 2.0000E-04
8.1793E-05 2.0000E-04
6.1229E-05 2.0000E-04
7.1976E-05 2.0000E-04
6.9230E-05 2.0000E-04
1.0682E-04 2.0000E-04
5.0809E-05 2.0000E-04
4.9316E-05 2.0000E-04
5.5751E-05 2.0000E-04
1.4083E-04 2.0000E-04
4.5511E-05 2.0000E-04
3.6733E-05 2.0000E-04
4.6599E-05 2.0000E-04
5.6143E-05 2.0000E-04
1.1627E-04 2.0000E-04
3.3837E-05 2.0000E-04
3.1501E-05 2.0000E-04
4.4963E-05 2.0000E-04
6.3616E-05 2.0000E-04
3.7671E-05 2.0000E-04
3.4532E-05 2.0000E-04
4.2756E-05 2.0000E-04
5.7433E-05 2.0000E-04
3.7879E-05 2.0000E-04
3.3560E-05 2.0000E-04
4.1980E-05 2.0000E-04
5.3210E-05 2.0000E-04
3.3988E-05 2.0000E-04
3.3135E-05 2.0000E-04
3.9412E-05 2.0000E-04
3.4505E-05 2.0000E-04
5.7914E-05 2.0000E-04
3.2807E-05 2.0000E-04
3.0703E-05 2.0000E-04
4.0271E-05 2.0000E-04
6.9491E-05 2.0000E-04
3.3329E-05 2.0000E-04
3.0465E-05 2.0000E-04
3.5918E-05 2.0000E-04
7.5659E-05 2.0000E-04
3.3874E-05 2.0000E-04
2.8201E-05 2.0000E-04
4.1956E-05 2.0000E-04
4.9638E-05 2.0000E-04
3.5717E-05 2.0000E-04
4.3374E-05 2.0000E-04
4.4803E-05 2.0000E-04
3.6802E-05 2.0000E-04
5.4108E-05 2.0000E-04
4.7792E-05 2.0000E-04
3.2819E-05 2.0000E-04
2.6037E-05 2.0000E-04
3.8557E-05 2.0000E-04
2.9477E-05 2.0000E-04
4.3819E-05 2.0000E-04
3.2125E-05 2.0000E-04
2.4621E-05 2.0000E-04
2.7588E-05 2.0000E-04
4.3642E-05 2.0000E-04
2.5872E-05 2.0000E-04
2.1451E-05 2.0000E-04
2.4871E-05 2.0000E-04
4.2658E-05 2.0000E-04
2.6437E-05 2.0000E-04
2.0833E-05 2.0000E-04
2.0637E-05 2.0000E-04
4.7341E-05 2.0000E-04
2.1883E-05 2.0000E-04
1.6869E-05 2.0000E-04
1.9970E-05 2.0000E-04
2.4667E-05 2.0000E-04
3.4837E-05 2.0000E-04
1.6095E-05 2.0000E-04
1.6523E-05 2.0000E-04
2.0564E-05 2.0000E-04
4.9717E-05 2.0000E-04
1.8464E-05 2.0000E-04
1.4200E-05 2.0000E-04
1.8092E-05 2.0000E-04
2.2631E-05 2.0000E-04
3.9838E-05 2.0000E-04
1.5045E-05 2.0000E-04
1.4972E-05 2.0000E-04
1.8550E-05 2.0000E-04
3.3158E-05 2.0000E-04
1.8181E-05 2.0000E-04
1.3393E-05 2.0000E-04
1.9192E-05 2.0000E-04
2.6566E-05 2.0000E-04
1.8495E-05 2.0000E-04
1.6690E-05 2.0000E-04
1.9775E-05 2.0000E-04
1.8249E-05 2.0000E-04
5.2834E-05 2.0000E-04
1.3456E-05 2.0000E-04
1.1343E-05 2.0000E-04
1.5081E-05 2.0000E-04
3.7505E-05 2.0000E-04
1.5599E-05 2.0000E-04
1.0677E-05 2.0000E-04
1.4083E-05 2.0000E-04
1.6323E-05 2.0000E-04
2.6951E-05 2.0000E-04
1.2021E-05 2.0000E-04
1.1126E-05 2.0000E-04
1.3582E-05 2.0000E-04
3.0665E-05 2.0000E-04
1.3138E-05 2.0000E-04
1.1082E-05 2.0000E-04
1.3774E-05 2.0000E-04
1.7272E-05 2.0000E-04
2.9019E-05 2.0000E-04
9.9086E-06 2.0000E-04
1.0365E-05 2.0000E-04
1.3311E-05 2.0000E-04
2.8393E-05 2.0000E-04
1.1958E-05 2.0000E-04
9.1650E-06 2.0000E-04
1.2197E-05 2.0000E-04
1.9349E-05 2.0000E-04
1.2917E-05 2.0000E-04
9.5682E-06 2.0000E-04
1.6764E-05 2.0000E-04
1.2492E-05 2.0000E-04
1.1189E-05 2.0000E-04
1.4870E-05 2.0000E-04
1.9355E-05 2.0000E-04
1.0927E-05 2.0000E-04
1.0142E-05 2.0000E-04
1.1539E-05 2.0000E-04
1.6356E-05 2.0000E-04
2.5582E-05 2.0000E-04
8.6907E-06 2.0000E-04
8.5199E-06 2.0000E-04
1.3833E-03 2.0000E-04
1.1498E-03 2.0000E-04
5.8088E-04 2.0000E-04
5.0800E-04 2.0000E-04
7.0276E-04 2.0000E-04
4.2318E-04 2.0000E-04
2.2741E-04 2.0000E-04
1.6206E-04 2.0000E-04
2.0310E-04 2.0000E-04
3.0802E-04 2.0000E-04
1.3418E-04 2.0000E-04
1.2616E-04 2.0000E-04
1.6454E-04 2.0000E-04
2.3924E-04 2.0000E-04
1.4322E-04 2.0000E-04
9.0566E-05 2.0000E-04
1.2042E-04 2.0000E-04
1.6199E-04 2.0000E-04
1.0377E-04 2.0000E-04
8.3205E-05 2.0000E-04
1.1880E-04 2.0000E-04
1.1882E-04 2.0000E-04
1.0811E-04 2.0000E-04
1.9298E-04 2.0000E-04
8.2031E-05 2.0000E-04
7.1615E-05 2.0000E-04
8.7000E-05 2.0000E-04
1.2009E-04 2.0000E-04
1.0681E-04 2.0000E-04
5.9635E-05 2.0000E-04
6.7814E-05 2.0000E-04
8.3882E-05 2.0000E-04
1.4557E-04 2.0000E-04
6.2556E-05 2.0000E-04
5.2115E-05 2.0000E-04
6.5341E-05 2.0000E-04
1.0303E-04 2.0000E-04
6.0628E-05 2.0000E-04
4.2952E-05 2.0000E-04
5.2274E-05 2.0000E-04
5.4634E-05 2.0000E-04
7.6041E-05 2.0000E-04
4.9142E-05 2.0000E-04
4.4772E-05 2.0000E-04
5.5294E-05 2.0000E-04
8.6923E-05 2.0000E-04
4.0624E-05 2.0000E-04
3.6785E-05 2.0000E-04
4.3184E-05 2.0000E-04
7.9641E-05 2.0000E-04
4.2369E-05 2.0000E-04
3.0505E-05 2.0000E-04
3.9312E-05 2.0000E-04
6.0038E-05 2.0000E-04
4.0143E-05 2.0000E-04
3.2746E-05 2.0000E-04
4.0208E-05 2.0000E-04
3.4593E-05 2.0000E-04
6.7842E-05 2.0000E-04
2.6309E-05 2.0000E-04
2.3054E-05 2.0000E-04
3.1490E-05 2.0000E-04
5.1501E-05 2.0000E-04
2.9146E-05 2.0000E-04
2.7981E-05 2.0000E-04
2.8114E-05 2.0000E-04
3.4595E-05 2.0000E-04
3.2310E-05 2.0000E-04
2.4666E-05 2.0000E-04
2.9129E-05 2.0000E-04
3.7001E-05 2.0000E-04
2.7083E-05 2.0000E-04
2.3345E-05 2.0000E-04
2.6222E-05 2.0000E-04
2.3547E-05 2.0000E-04
2.5746E-05 2.0000E-04
2.2997E-05 2.0000E-04
3.1472E-05 2.0000E-04
3.3025E-05 2.0000E-04
2.0001E-05 2.0000E-04
1.7780E-05 2.0000E-04
2.0738E-05 2.0000E-04
2.4118E-05 2.0000E-04
3.0284E-05 2.0000E-04
1.9484E-05 2.0000E-04
1.8241E-05 2.0000E-04
2.2781E-05 2.0000E-04
1.8395E-05 2.0000E-04
2.2956E-05 2.0000E-04
2.1350E-05 2.0000E-04
1.6534E-05 2.0000E-04
1.9059E-05 2.0000E-04
2.0434E-05 2.0000E-04
1.6860E-05 2.0000E-04
1.9884E-05 2.0000E-04
2.5284E-05 2.0000E-04
1.6177E-05 2.0000E-04
1.3641E-05 2.0000E-04
1.5545E-05 2.0000E-04
1.8642E-05 2.0000E-04
1.5579E-05 2.0000E-04
1.5255E-05 2.0000E-04
1.5272E-05 2.0000E-04
1.6478E-05 2.0000E-04
1.2421E-05 2.0000E-04
1.2278E-05 2.0000E-04
1.7933E-05 2.0000E-04
1.2164E-05 2.0000E-04
1.1476E-05 2.0000E-04
1.1162E-05 2.0000E-04
