RMS Step   Target
2.8222E-04 8.0000E-04
2.8222E-03 8.0000E-04
5.6445E-03 8.0000E-04
7.0556E-03 8.0000E-04
7.0556E-03 8.0000E-04
7.0556E-03 8.0000E-04
7.0556E-03 8.0000E-04
7.0556E-03 8.0000E-04
7.0556E-03 8.0000E-04
7.0556E-03 8.0000E-04
7.0556E-03 8.0000E-04
7.0556E-03 8.0000E-04
7.0556E-03 8.0000E-04
7.0556E-03 8.0000E-04
7.0556E-03 8.0000E-04
7.0556E-03 8.0000E-04
7.0556E-03 8.0000E-04
7.0556E-03 8.0000E-04
7.0556E-03 8.0000E-04
7.0556E-03 8.0000E-04
7.0556E-03 8.0000E-04
7.0556E-03 8.0000E-04
7.0556E-03 8.0000E-04
7.0556E-03 8.0000E-04
7.0556E-03 8.0000E-04
7.0556E-03 8.0000E-04
7.0556E-03 8.0000E-04
7.0556E-03 8.0000E-04
7.0556E-03 8.0000E-04
7.0556E-03 8.0000E-04
7.0556E-03 8.0000E-04
7.0556E-03 8.0000E-04
7.0556E-03 8.0000E-04
7.0556E-03 8.0000E-04
7.0556E-03 8.0000E-04
7.0556E-03 8.0000E-04
7.0556E-03 8.0000E-04
7.0556E-03 8.0000E-04
7.0556E-03 8.0000E-04
7.0556E-03 8.0000E-04
7.0556E-03 8.0000E-04
7.0556E-03 8.0000E-04
7.0556E-03 8.0000E-04
7.0556E-03 8.0000E-04
7.0556E-03 8.0000E-04
7.0556E-03 8.0000E-04
7.0556E-03 8.0000E-04
7.0556E-03 8.0000E-04
7.0556E-03 8.0000E-04
7.0556E-03 8.0000E-04
7.0556E-03 8.0000E-04
7.0556E-03 8.0000E-04
7.0556E-03 8.0000E-04
7.0556E-03 8.0000E-04
7.0556E-03 8.0000E-04
7.0556E-03 8.0000E-04
7.0556E-03 8.0000E-04
7.0556E-03 8.0000E-04
7.0556E-03 8.0000E-04
7.0556E-03 8.0000E-04
7.0556E-03 8.0000E-04
7.0556E-03 8.0000E-04
7.0556E-03 8.0000E-04
7.0556E-03 8.0000E-04
7.0556E-03 8.0000E-04
7.0556E-03 8.0000E-04
7.0556E-03 8.0000E-04
7.0556E-03 8.0000E-04
7.0556E-03 8.0000E-04
7.0556E-03 8.0000E-04
7.0556E-03 8.0000E-04
7.0556E-03 8.0000E-04
7.0556E-03 8.0000E-04
7.0556E-03 8.0000E-04
7.0556E-03 8.0000E-04
7.0556E-03 8.0000E-04
7.0556E-03 8.0000E-04
7.0556E-03 8.0000E-04
7.0556E-03 8.0000E-04
7.0556E-03 8.0000E-04
7.0556E-03 8.0000E-04
7.0556E-03 8.0000E-04
7.0556E-03 8.0000E-04
7.0556E-03 8.0000E-04
7.0556E-03 8.0000E-04
7.0556E-03 8.0000E-04
7.0556E-03 8.0000E-04
7.0556E-03 8.0000E-04
7.0556E-03 8.0000E-04
7.0556E-03 8.0000E-04
7.0556E-03 8.0000E-04
7.0556E-03 8.0000E-04
7.0556E-03 8.0000E-04
7.0556E-03 8.0000E-04
7.0556E-03 8.0000E-04
7.0556E-03 8.0000E-04
7.0556E-03 8.0000E-04
7.0556E-03 8.0000E-04
7.0556E-03 8.0000E-04
7.0556E-03 8.0000E-04
7.0556E-03 8.0000E-04
7.0556E-03 8.0000E-04
7.0556E-03 8.0000E-04
7.0556E-03 8.0000E-04
7.0556E-03 8.0000E-04
7.0556E-03 8.0000E-04
7.0556E-03 8.0000E-04
7.0556E-03 8.0000E-04
7.0556E-03 8.0000E-04
7.0556E-03 8.0000E-04
7.0556E-03 8.0000E-04
7.0556E-03 8.0000E-04
7.0556E-03 8.0000E-04
7.0556E-03 8.0000E-04
7.0556E-03 8.0000E-04
7.0556E-03 8.0000E-04
7.0556E-03 8.0000E-04
7.0556E-03 8.0000E-04
7.0556E-03 8.0000E-04
7.0556E-03 8.0000E-04
7.0556E-03 8.0000E-04
7.0556E-03 8.0000E-04
7.0556E-03 8.0000E-04
7.0556E-03 8.0000E-04
7.0556E-03 8.0000E-04
7.0556E-03 8.0000E-04
7.0556E-03 8.0000E-04
7.0556E-03 8.0000E-04
7.0556E-03 8.0000E-04
7.0556E-03 8.0000E-04
7.0556E-03 8.0000E-04
7.0556E-03 8.0000E-04
7.0556E-03 8.0000E-04
7.0556E-03 8.0000E-04
7.0556E-03 8.0000E-04
7.0556E-03 8.0000E-04
7.0556E-03 8.0000E-04
7.0556E-03 8.0000E-04
7.0556E-03 8.0000E-04
7.0556E-03 8.0000E-04
7.0556E-03 8.0000E-04
7.0556E-03 8.0000E-04
7.0556E-03 8.0000E-04
7.0556E-03 8.0000E-04
7.0556E-03 8.0000E-04
7.0556E-03 8.0000E-04
7.0556E-03 8.0000E-04
7.0556E-03 8.0000E-04
7.0556E-03 8.0000E-04
7.0556E-03 8.0000E-04
7.0556E-03 8.0000E-04
7.0556E-03 8.0000E-04
7.0556E-03 8.0000E-04
7.0556E-03 8.0000E-04
7.0556E-03 8.0000E-04
7.0556E-03 8.0000E-04
7.0556E-03 8.0000E-04
7.0556E-03 8.0000E-04
7.0556E-03 8.0000E-04
7.0556E-03 8.0000E-04
7.0556E-03 8.0000E-04
7.0556E-03 8.0000E-04
7.0556E-03 8.0000E-04
7.0556E-03 8.0000E-04
7.0556E-03 8.0000E-04
7.0556E-03 8.0000E-04
7.0556E-03 8.0000E-04
7.0556E-03 8.0000E-04
7.0556E-03 8.0000E-04
7.0556E-03 8.0000E-04
7.0556E-03 8.0000E-04
7.0556E-03 8.0000E-04
7.0556E-03 8.0000E-04
7.0556E-03 8.0000E-04
7.0556E-03 8.0000E-04
7.0556E-03 8.0000E-04
7.0556E-03 8.0000E-04
7.0556E-03 8.0000E-04
7.0556E-03 8.0000E-04
7.0556E-03 8.0000E-04
5.2457E-03 8.0000E-04
5.7929E-03 8.0000E-04
7.0556E-03 8.0000E-04
7.0556E-03 8.0000E-04
7.0556E-03 8.0000E-04
7.0556E-03 8.0000E-04
7.0556E-03 8.0000E-04
7.0556E-03 8.0000E-04
7.0556E-03 8.0000E-04
7.0556E-03 8.0000E-04
7.0556E-03 8.0000E-04
7.0556E-03 8.0000E-04
7.0556E-03 8.0000E-04
7.0556E-03 8.0000E-04
7.0556E-03 8.0000E-04
6.8212E-03 8.0000E-04
5.5990E-03 8.0000E-04
5.5122E-03 8.0000E-04
7.0556E-03 8.0000E-04
7.0556E-03 8.0000E-04
7.0556E-03 8.0000E-04
7.0556E-03 8.0000E-04
7.0556E-03 8.0000E-04
7.0556E-03 8.0000E-04
7.0556E-03 8.0000E-04
7.0556E-03 8.0000E-04
6.6626E-03 8.0000E-04
5.5069E-03 8.0000E-04
3.4689E-03 8.0000E-04
2.3573E-03 8.0000E-04
4.6190E-03 8.0000E-04
7.0556E-03 8.0000E-04
7.0556E-03 8.0000E-04
7.0556E-03 8.0000E-04
7.0556E-03 8.0000E-04
7.0556E-03 8.0000E-04
7.0556E-03 8.0000E-04
6.7808E-03 8.0000E-04
5.1644E-03 8.0000E-04
4.6895E-03 8.0000E-04
3.5248E-03 8.0000E-04
5.0713E-03 8.0000E-04
7.0556E-03 8.0000E-04
7.0556E-03 8.0000E-04
7.0556E-03 8.0000E-04
7.0556E-03 8.0000E-04
5.8350E-03 8.0000E-04
5.1801E-03 8.0000E-04
2.4968E-03 8.0000E-04
3.1473E-03 8.0000E-04
3.9635E-03 8.0000E-04
7.0556E-03 8.0000E-04
7.0556E-03 8.0000E-04
7.0556E-03 8.0000E-04
7.0556E-03 8.0000E-04
4.4592E-03 8.0000E-04
7.0556E-03 8.0000E-04
2.3585E-03 8.0000E-04
5.3408E-03 8.0000E-04
5.6441E-03 8.0000E-04
6.4120E-03 8.0000E-04
4.5818E-03 8.0000E-04
7.0556E-03 8.0000E-04
7.0556E-03 8.0000E-04
7.0556E-03 8.0000E-04
7.0556E-03 8.0000E-04
7.0556E-03 8.0000E-04
7.0556E-03 8.0000E-04
7.0556E-03 8.0000E-04
3.8301E-03 8.0000E-04
6.0296E-03 8.0000E-04
2.6560E-03 8.0000E-04
5.6112E-03 8.0000E-04
7.0556E-03 8.0000E-04
7.0556E-03 8.0000E-04
7.0556E-03 8.0000E-04
7.0556E-03 8.0000E-04
7.0556E-03 8.0000E-04
7.0556E-03 8.0000E-04
7.0556E-03 8.0000E-04
7.0556E-03 8.0000E-04
7.0556E-03 8.0000E-04
7.0556E-03 8.0000E-04
4.7200E-03 8.0000E-04
4.3411E-03 8.0000E-04
2.4574E-03 8.0000E-04
7.0556E-03 8.0000E-04
7.0556E-03 8.0000E-04
7.0556E-03 8.0000E-04
7.0556E-03 8.0000E-04
7.0556E-03 8.0000E-04
7.0556E-03 8.0000E-04
7.0556E-03 8.0000E-04
7.0556E-03 8.0000E-04
7.0556E-03 8.0000E-04
7.0556E-03 8.0000E-04
7.0556E-03 8.0000E-04
7.0556E-03 8.0000E-04
7.0556E-03 8.0000E-04
2.9193E-03 8.0000E-04
4.2401E-03 8.0000E-04
5.0654E-03 8.0000E-04
4.6624E-03 8.0000E-04
4.7590E-03 8.0000E-04
3.7448E-03 8.0000E-04
5.6418E-03 8.0000E-04
3.2802E-03 8.0000E-04
4.4862E-03 8.0000E-04
2.6772E-03 8.0000E-04
2.2670E-03 8.0000E-04
4.3541E-03 8.0000E-04
5.7230E-03 8.0000E-04
2.1957E-03 8.0000E-04
3.9822E-03 8.0000E-04
3.2570E-03 8.0000E-04
7.0556E-03 8.0000E-04
2.3200E-03 8.0000E-04
3.8185E-03 8.0000E-04
2.4779E-03 8.0000E-04
7.0556E-03 8.0000E-04
5.0135E-03 8.0000E-04
3.8658E-03 8.0000E-04
5.5095E-03 8.0000E-04
5.4612E-03 8.0000E-04
5.1882E-03 8.0000E-04
4.0730E-03 8.0000E-04
7.0556E-03 8.0000E-04
3.0695E-03 8.0000E-04
1.2921E-03 8.0000E-04
3.8581E-03 8.0000E-04
4.9687E-03 8.0000E-04
7.0556E-03 8.0000E-04
1.2573E-03 8.0000E-04
1.4522E-03 8.0000E-04
2.0001E-03 8.0000E-04
6.4735E-03 8.0000E-04
2.2098E-03 8.0000E-04
2.6936E-03 8.0000E-04
2.5728E-03 8.0000E-04
4.3903E-03 8.0000E-04
6.1827E-03 8.0000E-04
2.2215E-03 8.0000E-04
2.8011E-03 8.0000E-04
3.9372E-03 8.0000E-04
6.7441E-03 8.0000E-04
1.3449E-03 8.0000E-04
3.3048E-03 8.0000E-04
2.1494E-03 8.0000E-04
5.5651E-03 8.0000E-04
4.0051E-03 8.0000E-04
2.4414E-03 8.0000E-04
2.7445E-03 8.0000E-04
5.2773E-03 8.0000E-04
6.2682E-03 8.0000E-04
1.8696E-03 8.0000E-04
3.6001E-03 8.0000E-04
2.0529E-03 8.0000E-04
6.0740E-03 8.0000E-04
2.9483E-03 8.0000E-04
4.9323E-03 8.0000E-04
4.0512E-03 8.0000E-04
3.1073E-03 8.0000E-04
3.4864E-03 8.0000E-04
4.7030E-03 8.0000E-04
1.6991E-03 8.0000E-04
5.5874E-03 8.0000E-04
1.3802E-03 8.0000E-04
2.8044E-03 8.0000E-04
5.8958E-03 8.0000E-04
5.8738E-03 8.0000E-04
1.1294E-03 8.0000E-04
3.9104E-03 8.0000E-04
2.2815E-03 8.0000E-04
4.3555E-03 8.0000E-04
7.0556E-03 8.0000E-04
7.0556E-03 8.0000E-04
1.3219E-03 8.0000E-04
7.0556E-03 8.0000E-04
3.8688E-03 8.0000E-04
4.8242E-03 8.0000E-04
2.8550E-03 8.0000E-04
4.8486E-03 8.0000E-04
6.7692E-03 8.0000E-04
3.8137E-03 8.0000E-04
1.2773E-03 8.0000E-04
7.0556E-03 8.0000E-04
3.4513E-03 8.0000E-04
5.7815E-03 8.0000E-04
7.0556E-03 8.0000E-04
3.3295E-03 8.0000E-04
5.9662E-03 8.0000E-04
7.0556E-03 8.0000E-04
2.6762E-03 8.0000E-04
7.0556E-03 8.0000E-04
2.9095E-03 8.0000E-04
5.4511E-03 8.0000E-04
4.0058E-03 8.0000E-04
5.0877E-03 8.0000E-04
4.3379E-03 8.0000E-04
6.1943E-03 8.0000E-04
1.9462E-03 8.0000E-04
4.9534E-03 8.0000E-04
2.5367E-03 8.0000E-04
6.7748E-03 8.0000E-04
5.3638E-03 8.0000E-04
3.9699E-03 8.0000E-04
1.4293E-03 8.0000E-04
4.6018E-03 8.0000E-04
3.6782E-03 8.0000E-04
2.8566E-03 8.0000E-04
3.7755E-03 8.0000E-04
3.7816E-03 8.0000E-04
2.2171E-03 8.0000E-04
5.4976E-03 8.0000E-04
2.0776E-03 8.0000E-04
1.9279E-03 8.0000E-04
5.1742E-03 8.0000E-04
7.0556E-03 8.0000E-04
1.6504E-03 8.0000E-04
4.0260E-03 8.0000E-04
2.0424E-03 8.0000E-04
4.9887E-03 8.0000E-04
5.6209E-03 8.0000E-04
2.6672E-03 8.0000E-04
2.5357E-03 8.0000E-04
6.7886E-03 8.0000E-04
4.5736E-03 8.0000E-04
1.9036E-03 8.0000E-04
3.6336E-03 8.0000E-04
6.2752E-03 8.0000E-04
3.4883E-03 8.0000E-04
4.8746E-03 8.0000E-04
1.1126E-03 8.0000E-04
2.9861E-03 8.0000E-04
3.9998E-03 8.0000E-04
7.0556E-03 8.0000E-04
2.6461E-03 8.0000E-04
2.2061E-03 8.0000E-04
3.5028E-03 8.0000E-04
6.1687E-03 8.0000E-04
4.1729E-03 8.0000E-04
1.3824E-03 8.0000E-04
5.7907E-03 8.0000E-04
1.7153E-03 8.0000E-04
4.1017E-03 8.0000E-04
6.4444E-03 8.0000E-04
5.4329E-03 8.0000E-04
4.2197E-03 8.0000E-04
5.4585E-03 8.0000E-04
2.1590E-03 8.0000E-04
3.9602E-03 8.0000E-04
3.4298E-03 8.0000E-04
7.0556E-03 8.0000E-04
1.5531E-03 8.0000E-04
3.7861E-03 8.0000E-04
3.5004E-03 8.0000E-04
3.7512E-03 8.0000E-04
2.6733E-03 8.0000E-04
3.7474E-03 8.0000E-04
2.1781E-03 8.0000E-04
2.3128E-03 8.0000E-04
2.9631E-03 8.0000E-04
4.3184E-03 8.0000E-04
2.3316E-03 8.0000E-04
7.0556E-03 8.0000E-04
4.0986E-03 8.0000E-04
9.1032E-04 8.0000E-04
3.6186E-03 8.0000E-04
4.7419E-03 8.0000E-04
4.8480E-03 8.0000E-04
1.2690E-03 8.0000E-04
2.6089E-03 8.0000E-04
2.6095E-03 8.0000E-04
2.6517E-03 8.0000E-04
4.9007E-03 8.0000E-04
2.9786E-03 8.0000E-04
1.1140E-03 8.0000E-04
5.7224E-03 8.0000E-04
2.3967E-03 8.0000E-04
2.0025E-03 8.0000E-04
2.3252E-03 8.0000E-04
4.6593E-03 8.0000E-04
2.9961E-03 8.0000E-04
4.6667E-03 8.0000E-04
3.8160E-03 8.0000E-04
2.1098E-03 8.0000E-04
4.4948E-03 8.0000E-04
6.3057E-03 8.0000E-04
1.9810E-03 8.0000E-04
3.8792E-03 8.0000E-04
4.4705E-03 8.0000E-04
6.5798E-03 8.0000E-04
4.5224E-03 8.0000E-04
1.0272E-03 8.0000E-04
2.7888E-03 8.0000E-04
2.9862E-03 8.0000E-04
6.6572E-03 8.0000E-04
3.2481E-03 8.0000E-04
2.1438E-03 8.0000E-04
2.5858E-03 8.0000E-04
6.7825E-03 8.0000E-04
1.4909E-03 8.0000E-04
1.3032E-03 8.0000E-04
2.3605E-03 8.0000E-04
5.6319E-03 8.0000E-04
9.1766E-04 8.0000E-04
3.4957E-03 8.0000E-04
2.0459E-03 8.0000E-04
7.0556E-03 8.0000E-04
4.7239E-03 8.0000E-04
2.1036E-03 8.0000E-04
2.2504E-03 8.0000E-04
3.5678E-03 8.0000E-04
1.8535E-03 8.0000E-04
1.5711E-03 8.0000E-04
4.2450E-03 8.0000E-04
4.7520E-03 8.0000E-04
6.0991E-04 8.0000E-04
3.3750E-03 8.0000E-04
3.2819E-03 8.0000E-04
3.3247E-03 8.0000E-04
3.9701E-03 8.0000E-04
1.4123E-03 8.0000E-04
2.8841E-03 8.0000E-04
2.5822E-03 8.0000E-04
2.8015E-03 8.0000E-04
3.4776E-03 8.0000E-04
4.4102E-03 8.0000E-04
1.2478E-03 8.0000E-04
2.4019E-03 8.0000E-04
1.8083E-03 8.0000E-04
2.7959E-03 8.0000E-04
2.5536E-03 8.0000E-04
2.0899E-03 8.0000E-04
2.1537E-03 8.0000E-04
3.9844E-03 8.0000E-04
2.4112E-03 8.0000E-04
8.7285E-04 8.0000E-04
4.2602E-03 8.0000E-04
2.2639E-03 8.0000E-04
2.2719E-03 8.0000E-04
2.6147E-03 8.0000E-04
1.5798E-03 8.0000E-04
4.2339E-03 8.0000E-04
1.1894E-03 8.0000E-04
8.1903E-04 8.0000E-04
2.4657E-03 8.0000E-04
1.7111E-03 8.0000E-04
2.5350E-03 8.0000E-04
3.0683E-03 8.0000E-04
1.8409E-03 8.0000E-04
2.5033E-03 8.0000E-04
2.4444E-03 8.0000E-04
1.5631E-03 8.0000E-04
3.0107E-03 8.0000E-04
3.0364E-03 8.0000E-04
1.1986E-03 8.0000E-04
1.6734E-03 8.0000E-04
2.3231E-03 8.0000E-04
1.8654E-03 8.0000E-04
5.4543E-03 8.0000E-04
3.2366E-03 8.0000E-04
1.7303E-03 8.0000E-04
2.1740E-03 8.0000E-04
2.9300E-03 8.0000E-04
2.3948E-03 8.0000E-04
3.2558E-03 8.0000E-04
2.1956E-03 8.0000E-04
4.1653E-03 8.0000E-04
1.9665E-03 8.0000E-04
3.5710E-03 8.0000E-04
1.9110E-03 8.0000E-04
6.0375E-03 8.0000E-04
2.4413E-03 8.0000E-04
1.1616E-03 8.0000E-04
4.0071E-03 8.0000E-04
5.0507E-03 8.0000E-04
7.6616E-04 8.0000E-04
1.9218E-03 8.0000E-04
1.0524E-03 8.0000E-04
4.6726E-03 8.0000E-04
1.3211E-03 8.0000E-04
1.0679E-03 8.0000E-04
2.6827E-03 8.0000E-04
2.5839E-03 8.0000E-04
1.4648E-03 8.0000E-04
1.5838E-03 8.0000E-04
1.6560E-03 8.0000E-04
2.4216E-03 8.0000E-04
3.4955E-03 8.0000E-04
1.8461E-03 8.0000E-04
2.3292E-03 8.0000E-04
5.3337E-04 8.0000E-04
1.5585E-03 8.0000E-04
2.4120E-03 8.0000E-04
3.4003E-03 8.0000E-04
1.0711E-03 8.0000E-04
1.2009E-03 8.0000E-04
2.1840E-03 8.0000E-04
2.3608E-03 8.0000E-04
2.2143E-03 8.0000E-04
5.9082E-04 8.0000E-04
2.4545E-03 8.0000E-04
1.3484E-03 8.0000E-04
2.4812E-03 8.0000E-04
4.6378E-03 8.0000E-04
2.0801E-03 8.0000E-04
1.5808E-03 8.0000E-04
3.8160E-03 8.0000E-04
1.3501E-03 8.0000E-04
7.8431E-04 8.0000E-04
1.7569E-03 8.0000E-04
4.9404E-03 8.0000E-04
6.9807E-04 8.0000E-04
2.9241E-03 8.0000E-04
1.6522E-03 8.0000E-04
5.1460E-03 8.0000E-04
1.9672E-03 8.0000E-04
1.2596E-03 8.0000E-04
1.6403E-03 8.0000E-04
2.6622E-03 8.0000E-04
1.2002E-03 8.0000E-04
3.6949E-03 8.0000E-04
2.1601E-03 8.0000E-04
2.2703E-03 8.0000E-04
2.7154E-03 8.0000E-04
2.1084E-03 8.0000E-04
1.5528E-03 8.0000E-04
3.0440E-03 8.0000E-04
9.9032E-04 8.0000E-04
1.2198E-03 8.0000E-04
3.7459E-03 8.0000E-04
2.6717E-03 8.0000E-04
6.9144E-04 8.0000E-04
7.8960E-04 8.0000E-04
1.1175E-03 8.0000E-04
1.5317E-03 8.0000E-04
4.4234E-03 8.0000E-04
8.4730E-04 8.0000E-04
1.2471E-03 8.0000E-04
1.4017E-03 8.0000E-04
4.2930E-03 8.0000E-04
2.3530E-03 8.0000E-04
8.8793E-04 8.0000E-04
2.1825E-03 8.0000E-04
7.6653E-04 8.0000E-04
1.2641E-03 8.0000E-04
3.6080E-03 8.0000E-04
3.0232E-03 8.0000E-04
9.0078E-04 8.0000E-04
1.7891E-03 8.0000E-04
1.7058E-03 8.0000E-04
6.3870E-04 8.0000E-04
4.0417E-03 8.0000E-04
1.2950E-03 8.0000E-04
1.6506E-03 8.0000E-04
1.5260E-03 8.0000E-04
2.6182E-03 8.0000E-04
1.8604E-03 8.0000E-04
2.5352E-03 8.0000E-04
1.2843E-03 8.0000E-04
8.6888E-04 8.0000E-04
2.6365E-03 8.0000E-04
4.0963E-03 8.0000E-04
8.0880E-04 8.0000E-04
2.1437E-03 8.0000E-04
1.1572E-03 8.0000E-04
3.2310E-03 8.0000E-04
2.6651E-03 8.0000E-04
1.3221E-03 8.0000E-04
2.1418E-03 8.0000E-04
4.2678E-03 8.0000E-04
2.0477E-03 8.0000E-04
1.4603E-03 8.0000E-04
2.6847E-03 8.0000E-04
3.3990E-03 8.0000E-04
2.1298E-03 8.0000E-04
5.8839E-03 8.0000E-04
2.3958E-03 8.0000E-04
1.1572E-03 8.0000E-04
3.3510E-03 8.0000E-04
4.0415E-03 8.0000E-04
5.5462E-03 8.0000E-04
2.1478E-03 8.0000E-04
2.9549E-03 8.0000E-04
2.8263E-03 8.0000E-04
5.5320E-03 8.0000E-04
1.6088E-03 8.0000E-04
5.4263E-03 8.0000E-04
1.1419E-03 8.0000E-04
2.6823E-03 8.0000E-04
5.1935E-03 8.0000E-04
3.7861E-03 8.0000E-04
1.3970E-03 8.0000E-04
6.3802E-03 8.0000E-04
2.5209E-03 8.0000E-04
2.3675E-03 8.0000E-04
2.4771E-03 8.0000E-04
4.1188E-03 8.0000E-04
1.9380E-03 8.0000E-04
3.7387E-03 8.0000E-04
1.9794E-03 8.0000E-04
2.2968E-03 8.0000E-04
3.7807E-03 8.0000E-04
3.2508E-03 8.0000E-04
8.1960E-04 8.0000E-04
2.3754E-03 8.0000E-04
1.9473E-03 8.0000E-04
3.6642E-03 8.0000E-04
2.2421E-03 8.0000E-04
3.3713E-03 8.0000E-04
9.1629E-04 8.0000E-04
2.6875E-03 8.0000E-04
2.0506E-03 8.0000E-04
1.5388E-03 8.0000E-04
4.0034E-03 8.0000E-04
3.2052E-03 8.0000E-04
9.8618E-04 8.0000E-04
1.2483E-03 8.0000E-04
1.1836E-03 8.0000E-04
4.5943E-03 8.0000E-04
7.8797E-04 8.0000E-04
1.0106E-03 8.0000E-04
1.8876E-03 8.0000E-04
3.1480E-03 8.0000E-04
3.6917E-03 8.0000E-04
8.3606E-04 8.0000E-04
2.1339E-03 8.0000E-04
1.8195E-03 8.0000E-04
3.0858E-03 8.0000E-04
4.3137E-03 8.0000E-04
2.3435E-03 8.0000E-04
1.2606E-03 8.0000E-04
2.5628E-03 8.0000E-04
2.4940E-03 8.0000E-04
2.5298E-03 8.0000E-04
3.4189E-03 8.0000E-04
2.5356E-03 8.0000E-04
3.6549E-03 8.0000E-04
1.4746E-03 8.0000E-04
9.2692E-04 8.0000E-04
2.0815E-03 8.0000E-04
4.7310E-03 8.0000E-04
1.0859E-03 8.0000E-04
2.1435E-03 8.0000E-04
1.2199E-03 8.0000E-04
3.6251E-03 8.0000E-04
2.7577E-03 8.0000E-04
1.3993E-03 8.0000E-04
1.6711E-03 8.0000E-04
3.2675E-03 8.0000E-04
1.7144E-03 8.0000E-04
1.8360E-03 8.0000E-04
2.0555E-03 8.0000E-04
1.4502E-03 8.0000E-04
1.3740E-03 8.0000E-04
2.8242E-03 8.0000E-04
1.8591E-03 8.0000E-04
2.2675E-03 8.0000E-04
1.9593E-03 8.0000E-04
4.8380E-03 8.0000E-04
1.9525E-03 8.0000E-04
1.0168E-03 8.0000E-04
2.1685E-03 8.0000E-04
4.9450E-03 8.0000E-04
1.0256E-03 8.0000E-04
1.1907E-03 8.0000E-04
2.3394E-03 8.0000E-04
2.5120E-03 8.0000E-04
2.6686E-03 8.0000E-04
7.8121E-04 8.0000E-04
2.6866E-03 8.0000E-04
1.8139E-03 8.0000E-04
1.4222E-03 8.0000E-04
3.0174E-03 8.0000E-04
7.8745E-04 8.0000E-04
7.7006E-04 8.0000E-04
2.6624E-03 8.0000E-04
1.6965E-03 8.0000E-04
3.1808E-04 8.0000E-04
1.6235E-03 8.0000E-04
1.1117E-03 8.0000E-04
2.8581E-03 8.0000E-04
1.0848E-03 8.0000E-04
7.0125E-04 8.0000E-04
1.3174E-03 8.0000E-04
2.2826E-03 8.0000E-04
5.4953E-04 8.0000E-04
8.9409E-04 8.0000E-04
1.2033E-03 8.0000E-04
3.8443E-03 8.0000E-04
7.2284E-04 8.0000E-04
7.5619E-04 8.0000E-04
1.0652E-03 8.0000E-04
3.3621E-03 8.0000E-04
1.3787E-03 8.0000E-04
1.6835E-03 8.0000E-04
1.9182E-03 8.0000E-04
3.4345E-03 8.0000E-04
2.7655E-03 8.0000E-04
2.3137E-03 8.0000E-04
2.2082E-03 8.0000E-04
3.4802E-03 8.0000E-04
2.8047E-03 8.0000E-04
2.6216E-03 8.0000E-04
2.7848E-03 8.0000E-04
4.9628E-03 8.0000E-04
1.9301E-03 8.0000E-04
4.5139E-03 8.0000E-04
8.5284E-04 8.0000E-04
1.5656E-03 8.0000E-04
3.6778E-03 8.0000E-04
4.3604E-03 8.0000E-04
4.4068E-04 8.0000E-04
2.1207E-03 8.0000E-04
1.1642E-03 8.0000E-04
4.7193E-03 8.0000E-04
1.1554E-03 8.0000E-04
1.3440E-03 8.0000E-04
2.5327E-03 8.0000E-04
2.3398E-03 8.0000E-04
1.4645E-03 8.0000E-04
1.2097E-03 8.0000E-04
1.2057E-03 8.0000E-04
3.5388E-03 8.0000E-04
8.3575E-04 8.0000E-04
1.0961E-03 8.0000E-04
1.1039E-03 8.0000E-04
3.3139E-03 8.0000E-04
1.0640E-03 8.0000E-04
1.3170E-03 8.0000E-04
1.5202E-03 8.0000E-04
3.2563E-03 8.0000E-04
1.3766E-03 8.0000E-04
2.2887E-03 8.0000E-04
1.0991E-03 8.0000E-04
1.7992E-03 8.0000E-04
2.9045E-03 8.0000E-04
1.6221E-03 8.0000E-04
9.6243E-04 8.0000E-04
2.8840E-03 8.0000E-04
1.7701E-03 8.0000E-04
1.7330E-03 8.0000E-04
2.2281E-03 8.0000E-04
2.7239E-03 8.0000E-04
1.6466E-03 8.0000E-04
4.4703E-03 8.0000E-04
7.7810E-04 8.0000E-04
2.0757E-03 8.0000E-04
3.1461E-03 8.0000E-04
4.6220E-03 8.0000E-04
1.5993E-03 8.0000E-04
3.7519E-03 8.0000E-04
1.6764E-03 8.0000E-04
2.0538E-03 8.0000E-04
1.8023E-03 8.0000E-04
2.0134E-03 8.0000E-04
2.8614E-03 8.0000E-04
1.3809E-03 8.0000E-04
6.6335E-04 8.0000E-04
1.8004E-03 8.0000E-04
2.2931E-03 8.0000E-04
1.4060E-03 8.0000E-04
4.3086E-04 8.0000E-04
1.4764E-03 8.0000E-04
1.6692E-03 8.0000E-04
2.0902E-03 8.0000E-04
1.0608E-03 8.0000E-04
1.9618E-03 8.0000E-04
7.6487E-04 8.0000E-04
1.6027E-03 8.0000E-04
1.3404E-03 8.0000E-04
1.9922E-03 8.0000E-04
1.9177E-03 8.0000E-04
1.5141E-03 8.0000E-04
1.4216E-03 8.0000E-04
1.4532E-03 8.0000E-04
2.0158E-03 8.0000E-04
1.5935E-03 8.0000E-04
1.5044E-03 8.0000E-04
2.0717E-03 8.0000E-04
1.6906E-03 8.0000E-04
1.2969E-03 8.0000E-04
1.4052E-03 8.0000E-04
2.5198E-03 8.0000E-04
1.0542E-03 8.0000E-04
1.3633E-03 8.0000E-04
1.2256E-03 8.0000E-04
2.3599E-03 8.0000E-04
8.1580E-04 8.0000E-04
1.5842E-03 8.0000E-04
1.1291E-03 8.0000E-04
1.8322E-03 8.0000E-04
2.1725E-03 8.0000E-04
1.3816E-03 8.0000E-04
6.8832E-04 8.0000E-04
2.0913E-03 8.0000E-04
1.8897E-03 8.0000E-04
4.7231E-04 8.0000E-04
2.0158E-03 8.0000E-04
1.5770E-03 8.0000E-04
1.9558E-03 8.0000E-04
1.8576E-03 8.0000E-04
1.4898E-03 8.0000E-04
7.0308E-04 8.0000E-04
1.5164E-03 8.0000E-04
2.0493E-03 8.0000E-04
8.5494E-04 8.0000E-04
2.7616E-03 8.0000E-04
1.3243E-03 8.0000E-04
5.3200E-04 8.0000E-04
8.4603E-04 8.0000E-04
1.4751E-03 8.0000E-04
2.4561E-03 8.0000E-04
1.2593E-03 8.0000E-04
1.0085E-03 8.0000E-04
1.1105E-03 8.0000E-04
2.7178E-03 8.0000E-04
8.1035E-04 8.0000E-04
7.0475E-04 8.0000E-04
1.1704E-03 8.0000E-04
2.1443E-03 8.0000E-04
2.6626E-03 8.0000E-04
4.3982E-04 8.0000E-04
1.6835E-03 8.0000E-04
1.2542E-03 8.0000E-04
1.6867E-03 8.0000E-04
3.0973E-03 8.0000E-04
1.0731E-03 8.0000E-04
4.0922E-04 8.0000E-04
2.2411E-03 8.0000E-04
1.6551E-03 8.0000E-04
2.3385E-04 8.0000E-04
2.4274E-03 8.0000E-04
1.2284E-03 8.0000E-04
3.2943E-03 8.0000E-04
7.3638E-04 8.0000E-04
6.4869E-04 8.0000E-04
7.4375E-04 8.0000E-04
2.4341E-03 8.0000E-04
1.1911E-03 8.0000E-04
1.9981E-03 8.0000E-04
2.4079E-03 8.0000E-04
1.3426E-03 8.0000E-04
2.8017E-03 8.0000E-04
9.1571E-04 8.0000E-04
6.9762E-04 8.0000E-04
1.0624E-03 8.0000E-04
3.8539E-03 8.0000E-04
6.5694E-04 8.0000E-04
2.8701E-03 8.0000E-04
1.8755E-03 8.0000E-04
3.2574E-03 8.0000E-04
3.3361E-03 8.0000E-04
3.5422E-04 8.0000E-04
3.7380E-04 8.0000E-04
8.1933E-04 8.0000E-04
3.8777E-03 8.0000E-04
1.0923E-03 8.0000E-04
1.9473E-03 8.0000E-04
1.4736E-03 8.0000E-04
3.9925E-03 8.0000E-04
2.3067E-03 8.0000E-04
1.5976E-03 8.0000E-04
2.4130E-03 8.0000E-04
1.8438E-03 8.0000E-04
2.3148E-03 8.0000E-04
3.0480E-03 8.0000E-04
2.1956E-03 8.0000E-04
2.7946E-03 8.0000E-04
3.5423E-03 8.0000E-04
9.0407E-04 8.0000E-04
3.4527E-03 8.0000E-04
1.2934E-03 8.0000E-04
3.7547E-03 8.0000E-04
2.9802E-03 8.0000E-04
2.6001E-03 8.0000E-04
4.1879E-03 8.0000E-04
3.6687E-03 8.0000E-04
5.8323E-04 8.0000E-04
1.9356E-03 8.0000E-04
1.1293E-03 8.0000E-04
4.0902E-03 8.0000E-04
2.7016E-03 8.0000E-04
2.9024E-03 8.0000E-04
1.8377E-03 8.0000E-04
2.5714E-03 8.0000E-04
2.2681E-03 8.0000E-04
1.9000E-03 8.0000E-04
1.1119E-03 8.0000E-04
1.0246E-03 8.0000E-04
1.4635E-03 8.0000E-04
8.6649E-04 8.0000E-04
8.4384E-04 8.0000E-04
1.6574E-03 8.0000E-04
1.0709E-03 8.0000E-04
6.3274E-04 8.0000E-04
9.5599E-04 8.0000E-04
1.0440E-03 8.0000E-04
3.6767E-04 8.0000E-04
6.8507E-04 8.0000E-04
8.1811E-04 8.0000E-04
1.7783E-03 8.0000E-04
5.7760E-04 8.0000E-04
4.3145E-04 8.0000E-04
7.7378E-04 8.0000E-04
1.3504E-03 8.0000E-04
6.0865E-04 8.0000E-04
4.3858E-04 8.0000E-04
6.5682E-04 8.0000E-04
1.4514E-03 8.0000E-04
7.3028E-04 8.0000E-04
3.4154E-04 8.0000E-04
5.0206E-04 8.0000E-04
1.1366E-03 8.0000E-04
6.1395E-04 8.0000E-04
7.9064E-04 8.0000E-04
6.5820E-04 8.0000E-04
1.2830E-03 8.0000E-04
5.8452E-04 8.0000E-04
3.5297E-04 8.0000E-04
6.7314E-04 8.0000E-04
1.3508E-03 8.0000E-04
5.7075E-04 8.0000E-04
7.8528E-04 8.0000E-04
6.9814E-04 8.0000E-04
1.8510E-03 8.0000E-04
5.1568E-04 8.0000E-04
3.0466E-04 8.0000E-04
6.1943E-04 8.0000E-04
1.6029E-03 8.0000E-04
6.3669E-04 8.0000E-04
1.1895E-03 8.0000E-04
7.8284E-04 8.0000E-04
1.4591E-03 8.0000E-04
1.0334E-03 8.0000E-04
1.3905E-03 8.0000E-04
2.6173E-04 8.0000E-04
5.7205E-04 8.0000E-04
1.1746E-03 8.0000E-04
2.1317E-03 8.0000E-04
4.0353E-04 8.0000E-04
1.2110E-03 8.0000E-04
7.7049E-04 8.0000E-04
1.9942E-03 8.0000E-04
5.9711E-04 8.0000E-04
8.4101E-04 8.0000E-04
9.3175E-04 8.0000E-04
1.8234E-03 8.0000E-04
2.8893E-04 8.0000E-04
1.6635E-03 8.0000E-04
6.7046E-04 8.0000E-04
2.2094E-03 8.0000E-04
2.4348E-03 8.0000E-04
8.5717E-04 8.0000E-04
4.3334E-04 8.0000E-04
1.9795E-03 8.0000E-04
9.6272E-04 8.0000E-04
1.2876E-03 8.0000E-04
2.6039E-03 8.0000E-04
1.0852E-03 8.0000E-04
1.9329E-03 8.0000E-04
2.1478E-03 8.0000E-04
8.0745E-04 8.0000E-04
1.5538E-03 8.0000E-04
8.5849E-04 8.0000E-04
5.1509E-03 8.0000E-04
1.8845E-03 8.0000E-04
6.4132E-04 8.0000E-04
2.8625E-03 8.0000E-04
4.3297E-03 8.0000E-04
3.2638E-04 8.0000E-04
1.3554E-03 8.0000E-04
8.4242E-04 8.0000E-04
4.3597E-03 8.0000E-04
1.3984E-03 8.0000E-04
1.3687E-03 8.0000E-04
1.8655E-03 8.0000E-04
2.5003E-03 8.0000E-04
3.1092E-03 8.0000E-04
8.2312E-04 8.0000E-04
9.3034E-04 8.0000E-04
8.5635E-04 8.0000E-04
5.5271E-03 8.0000E-04
2.9780E-03 8.0000E-04
9.4802E-04 8.0000E-04
1.5515E-03 8.0000E-04
4.2556E-03 8.0000E-04
1.8513E-03 8.0000E-04
3.0742E-04 8.0000E-04
1.9060E-03 8.0000E-04
8.9579E-04 8.0000E-04
4.0769E-03 8.0000E-04
2.2548E-03 8.0000E-04
7.0359E-04 8.0000E-04
2.9581E-03 8.0000E-04
6.7033E-04 8.0000E-04
2.7545E-03 8.0000E-04
3.7719E-03 8.0000E-04
8.6094E-04 8.0000E-04
3.3100E-03 8.0000E-04
9.8633E-04 8.0000E-04
2.2172E-03 8.0000E-04
2.6249E-03 8.0000E-04
2.1240E-03 8.0000E-04
1.6598E-03 8.0000E-04
1.0039E-03 8.0000E-04
3.7163E-03 8.0000E-04
1.3122E-03 8.0000E-04
1.1460E-03 8.0000E-04
1.9592E-03 8.0000E-04
2.2553E-03 8.0000E-04
2.3800E-03 8.0000E-04
4.9679E-04 8.0000E-04
5.2292E-04 8.0000E-04
1.1825E-03 8.0000E-04
3.0260E-03 8.0000E-04
6.0010E-04 8.0000E-04
3.0818E-04 8.0000E-04
1.8899E-03 8.0000E-04
1.1800E-03 8.0000E-04
1.3593E-03 8.0000E-04
2.4946E-03 8.0000E-04
7.9546E-04 8.0000E-04
1.1331E-03 8.0000E-04
3.3108E-03 8.0000E-04
4.2494E-04 8.0000E-04
3.7953E-04 8.0000E-04
1.3246E-03 8.0000E-04
1.7869E-03 8.0000E-04
7.3142E-04 8.0000E-04
9.4686E-04 8.0000E-04
9.8355E-04 8.0000E-04
1.9524E-03 8.0000E-04
2.4361E-03 8.0000E-04
8.0689E-04 8.0000E-04
6.4441E-04 8.0000E-04
1.5384E-03 8.0000E-04
8.8770E-04 8.0000E-04
2.4176E-03 8.0000E-04
9.6160E-04 8.0000E-04
6.0611E-04 8.0000E-04
1.4684E-03 8.0000E-04
2.3549E-03 8.0000E-04
3.8985E-04 8.0000E-04
6.3653E-04 8.0000E-04
1.0188E-03 8.0000E-04
2.3993E-03 8.0000E-04
3.4766E-03 8.0000E-04
3.4369E-04 8.0000E-04
4.1260E-04 8.0000E-04
7.9494E-04 8.0000E-04
2.8467E-03 8.0000E-04
2.2525E-03 8.0000E-04
1.3850E-03 8.0000E-04
3.4885E-03 8.0000E-04
8.0932E-04 8.0000E-04
3.4247E-03 8.0000E-04
4.3817E-03 8.0000E-04
1.2220E-03 8.0000E-04
6.3706E-04 8.0000E-04
5.2248E-03 8.0000E-04
1.7551E-03 8.0000E-04
2.5567E-03 8.0000E-04
4.6659E-03 8.0000E-04
4.6925E-03 8.0000E-04
1.3626E-03 8.0000E-04
5.0743E-03 8.0000E-04
1.2800E-03 8.0000E-04
3.8387E-03 8.0000E-04
5.6092E-03 8.0000E-04
8.1885E-04 8.0000E-04
5.4066E-03 8.0000E-04
2.6075E-03 8.0000E-04
1.5569E-03 8.0000E-04
5.5863E-03 8.0000E-04
1.1975E-03 8.0000E-04
3.8899E-03 8.0000E-04
2.1655E-03 8.0000E-04
1.6440E-03 8.0000E-04
1.8793E-03 8.0000E-04
9.0946E-04 8.0000E-04
2.2669E-03 8.0000E-04
2.1499E-03 8.0000E-04
9.5012E-04 8.0000E-04
1.4674E-03 8.0000E-04
1.4965E-03 8.0000E-04
7.9914E-04 8.0000E-04
1.6788E-03 8.0000E-04
1.5154E-03 8.0000E-04
7.6266E-04 8.0000E-04
1.4905E-03 8.0000E-04
1.3018E-03 8.0000E-04
1.0150E-03 8.0000E-04
1.2306E-03 8.0000E-04
1.3708E-03 8.0000E-04
1.2844E-03 8.0000E-04
2.0021E-03 8.0000E-04
1.1584E-03 8.0000E-04
1.3105E-03 8.0000E-04
1.2720E-03 8.0000E-04
1.7778E-03 8.0000E-04
2.1029E-03 8.0000E-04
1.2094E-03 8.0000E-04
1.9222E-03 8.0000E-04
1.9982E-03 8.0000E-04
1.7979E-03 8.0000E-04
2.3095E-03 8.0000E-04
2.1503E-03 8.0000E-04
9.6032E-04 8.0000E-04
3.4656E-03 8.0000E-04
1.1506E-03 8.0000E-04
1.0504E-03 8.0000E-04
2.2701E-03 8.0000E-04
2.1641E-03 8.0000E-04
1.3537E-03 8.0000E-04
1.7783E-03 8.0000E-04
1.2047E-03 8.0000E-04
1.1727E-03 8.0000E-04
1.6763E-03 8.0000E-04
1.2983E-03 8.0000E-04
5.3724E-04 8.0000E-04
1.7219E-03 8.0000E-04
1.4587E-03 8.0000E-04
1.0106E-03 8.0000E-04
1.0568E-03 8.0000E-04
9.9243E-04 8.0000E-04
1.5922E-03 8.0000E-04
6.8226E-04 8.0000E-04
3.6721E-04 8.0000E-04
8.7770E-04 8.0000E-04
1.0776E-03 8.0000E-04
7.6849E-04 8.0000E-04
8.2792E-04 8.0000E-04
8.6232E-04 8.0000E-04
1.2419E-03 8.0000E-04
3.2778E-04 8.0000E-04
2.4397E-04 8.0000E-04
4.7109E-04 8.0000E-04
1.1618E-03 8.0000E-04
2.0641E-04 8.0000E-04
3.6247E-04 8.0000E-04
6.1885E-04 8.0000E-04
7.3370E-04 8.0000E-04
9.4087E-04 8.0000E-04
6.4802E-04 8.0000E-04
4.4803E-04 8.0000E-04
8.5892E-04 8.0000E-04
9.4966E-04 8.0000E-04
4.1945E-04 8.0000E-04
9.9216E-04 8.0000E-04
6.5037E-04 8.0000E-04
1.2384E-03 8.0000E-04
1.7720E-03 8.0000E-04
4.2584E-04 8.0000E-04
2.5385E-04 8.0000E-04
8.5272E-04 8.0000E-04
1.3888E-03 8.0000E-04
9.8357E-04 8.0000E-04
9.4600E-04 8.0000E-04
8.9319E-04 8.0000E-04
1.8690E-03 8.0000E-04
9.4099E-04 8.0000E-04
6.7894E-04 8.0000E-04
1.0828E-03 8.0000E-04
1.7188E-03 8.0000E-04
1.9901E-03 8.0000E-04
5.3311E-04 8.0000E-04
1.5953E-03 8.0000E-04
5.3728E-04 8.0000E-04
1.2993E-03 8.0000E-04
2.9111E-03 8.0000E-04
2.2602E-03 8.0000E-04
2.6032E-04 8.0000E-04
1.6790E-03 8.0000E-04
7.2435E-04 8.0000E-04
1.7412E-03 8.0000E-04
2.6738E-03 8.0000E-04
1.2556E-03 8.0000E-04
3.9885E-04 8.0000E-04
2.3580E-03 8.0000E-04
1.3119E-03 8.0000E-04
8.4737E-04 8.0000E-04
1.6396E-03 8.0000E-04
9.1217E-04 8.0000E-04
3.1602E-03 8.0000E-04
6.1250E-04 8.0000E-04
4.0394E-04 8.0000E-04
6.8452E-04 8.0000E-04
4.2991E-03 8.0000E-04
1.1223E-03 8.0000E-04
1.0698E-03 8.0000E-04
1.3772E-03 8.0000E-04
3.5388E-03 8.0000E-04
1.6291E-03 8.0000E-04
5.2274E-04 8.0000E-04
1.2522E-03 8.0000E-04
6.6934E-04 8.0000E-04
9.7444E-04 8.0000E-04
2.2189E-03 8.0000E-04
2.5675E-03 8.0000E-04
1.0048E-03 8.0000E-04
2.4026E-03 8.0000E-04
1.9640E-03 8.0000E-04
2.8139E-03 8.0000E-04
2.5685E-03 8.0000E-04
1.1412E-03 8.0000E-04
1.2103E-03 8.0000E-04
9.1962E-04 8.0000E-04
3.2967E-03 8.0000E-04
4.8044E-04 8.0000E-04
9.9867E-04 8.0000E-04
1.1302E-03 8.0000E-04
4.3172E-03 8.0000E-04
2.0945E-03 8.0000E-04
1.1709E-03 8.0000E-04
7.9690E-04 8.0000E-04
1.7555E-03 8.0000E-04
2.7197E-03 8.0000E-04
4.4739E-04 8.0000E-04
6.3694E-04 8.0000E-04
8.9517E-04 8.0000E-04
2.4099E-03 8.0000E-04
8.2990E-04 8.0000E-04
4.9959E-04 8.0000E-04
8.5339E-04 8.0000E-04
1.0392E-03 8.0000E-04
3.2808E-04 8.0000E-04
1.0213E-03 8.0000E-04
8.3642E-04 8.0000E-04
2.3161E-03 8.0000E-04
1.1019E-03 8.0000E-04
5.3989E-04 8.0000E-04
4.4589E-04 8.0000E-04
5.3368E-04 8.0000E-04
1.3878E-03 8.0000E-04
5.3340E-04 8.0000E-04
3.7738E-04 8.0000E-04
9.4537E-04 8.0000E-04
9.2084E-04 8.0000E-04
1.6226E-03 8.0000E-04
2.8366E-04 8.0000E-04
6.2688E-04 8.0000E-04
6.2900E-04 8.0000E-04
1.3357E-03 8.0000E-04
6.7074E-04 8.0000E-04
8.8796E-04 8.0000E-04
7.0150E-04 8.0000E-04
1.2258E-03 8.0000E-04
3.8275E-04 8.0000E-04
6.2123E-04 8.0000E-04
5.1279E-04 8.0000E-04
1.0539E-03 8.0000E-04
5.3066E-04 8.0000E-04
4.7840E-04 8.0000E-04
7.6826E-04 8.0000E-04
8.8173E-04 8.0000E-04
2.3715E-04 8.0000E-04
3.2752E-04 8.0000E-04
3.5698E-04 8.0000E-04
1.0962E-03 8.0000E-04
3.2452E-04 8.0000E-04
2.6296E-04 8.0000E-04
4.8488E-04 8.0000E-04
5.8052E-04 8.0000E-04
6.2412E-04 8.0000E-04
4.6598E-04 8.0000E-04
2.8594E-04 8.0000E-04
3.3642E-04 8.0000E-04
6.0411E-04 8.0000E-04
2.2397E-04 8.0000E-04
4.1344E-04 8.0000E-04
4.2718E-04 8.0000E-04
6.6068E-04 8.0000E-04
1.0572E-03 8.0000E-04
2.5762E-04 8.0000E-04
1.6896E-04 8.0000E-04
2.1796E-04 8.0000E-04
6.1921E-04 8.0000E-04
4.9358E-04 8.0000E-04
3.9751E-04 8.0000E-04
5.5017E-04 8.0000E-04
5.8388E-04 8.0000E-04
2.4361E-04 8.0000E-04
2.4213E-04 8.0000E-04
2.3112E-04 8.0000E-04
4.9623E-04 8.0000E-04
5.7938E-04 8.0000E-04
2.5152E-04 8.0000E-04
5.3726E-04 8.0000E-04
3.8845E-04 8.0000E-04
1.9980E-04 8.0000E-04
6.1843E-04 8.0000E-04
3.0849E-04 8.0000E-04
1.4821E-04 8.0000E-04
7.5171E-04 8.0000E-04
3.8281E-04 8.0000E-04
1.1682E-04 8.0000E-04
4.7919E-04 8.0000E-04
3.6412E-04 8.0000E-04
8.5474E-04 8.0000E-04
7.4229E-04 8.0000E-04
2.3308E-04 8.0000E-04
2.1200E-04 8.0000E-04
2.9151E-04 8.0000E-04
7.1723E-04 8.0000E-04
4.3635E-04 8.0000E-04
3.3840E-04 8.0000E-04
4.8414E-04 8.0000E-04
7.6155E-04 8.0000E-04
3.1899E-04 8.0000E-04
2.5193E-04 8.0000E-04
3.2041E-04 8.0000E-04
7.6540E-04 8.0000E-04
4.6154E-04 8.0000E-04
2.8280E-04 8.0000E-04
3.7738E-04 8.0000E-04
5.6017E-04 8.0000E-04
3.8374E-04 8.0000E-04
5.3959E-04 8.0000E-04
3.8814E-04 8.0000E-04
2.9467E-04 8.0000E-04
6.8643E-04 8.0000E-04
5.8453E-04 8.0000E-04
7.3787E-05 8.0000E-04
3.4607E-04 8.0000E-04
4.0474E-04 8.0000E-04
1.0399E-03 8.0000E-04
2.0403E-04 8.0000E-04
1.4289E-04 8.0000E-04
3.8109E-04 8.0000E-04
6.4481E-04 8.0000E-04
6.3927E-04 8.0000E-04
4.0610E-04 8.0000E-04
6.8948E-04 8.0000E-04
3.7482E-04 8.0000E-04
1.9662E-04 8.0000E-04
6.9832E-04 8.0000E-04
5.9669E-04 8.0000E-04
1.7675E-04 8.0000E-04
6.3411E-04 8.0000E-04
3.4022E-04 8.0000E-04
1.1528E-03 8.0000E-04
2.4792E-04 8.0000E-04
3.0132E-04 8.0000E-04
3.9935E-04 8.0000E-04
1.1499E-03 8.0000E-04
2.4515E-04 8.0000E-04
3.9946E-04 8.0000E-04
5.1187E-04 8.0000E-04
1.5272E-03 8.0000E-04
3.2897E-04 8.0000E-04
1.9172E-04 8.0000E-04
4.8053E-04 8.0000E-04
8.1164E-04 8.0000E-04
1.9608E-03 8.0000E-04
3.4795E-04 8.0000E-04
2.0717E-04 8.0000E-04
4.9142E-04 8.0000E-04
1.7826E-03 8.0000E-04
3.4155E-04 8.0000E-04
6.0976E-04 8.0000E-04
6.5138E-04 8.0000E-04
1.7650E-03 8.0000E-04
3.9381E-04 8.0000E-04
1.1520E-03 8.0000E-04
6.2412E-04 8.0000E-04
1.4007E-03 8.0000E-04
1.1296E-03 8.0000E-04
2.2701E-03 8.0000E-04
5.1819E-04 8.0000E-04
1.2177E-03 8.0000E-04
9.1103E-04 8.0000E-04
2.3298E-03 8.0000E-04
1.5218E-03 8.0000E-04
1.1044E-03 8.0000E-04
2.6447E-03 8.0000E-04
8.5852E-04 8.0000E-04
3.6143E-03 8.0000E-04
6.3631E-04 8.0000E-04
2.0958E-03 8.0000E-04
2.3750E-03 8.0000E-04
1.3674E-03 8.0000E-04
4.8086E-03 8.0000E-04
1.4041E-03 8.0000E-04
5.2561E-03 8.0000E-04
7.0055E-04 8.0000E-04
2.2832E-03 8.0000E-04
4.3376E-03 8.0000E-04
2.9848E-03 8.0000E-04
5.2442E-03 8.0000E-04
2.1161E-03 8.0000E-04
2.2459E-03 8.0000E-04
1.9731E-03 8.0000E-04
2.6408E-03 8.0000E-04
2.5886E-03 8.0000E-04
4.2293E-03 8.0000E-04
1.9256E-03 8.0000E-04
3.2994E-03 8.0000E-04
1.6396E-03 8.0000E-04
6.7342E-04 8.0000E-04
2.4522E-03 8.0000E-04
2.2063E-03 8.0000E-04
2.1090E-03 8.0000E-04
1.1670E-03 8.0000E-04
8.5106E-04 8.0000E-04
1.2727E-03 8.0000E-04
1.0555E-03 8.0000E-04
1.0918E-03 8.0000E-04
1.4699E-03 8.0000E-04
9.4144E-04 8.0000E-04
7.3590E-04 8.0000E-04
2.1005E-03 8.0000E-04
1.4294E-03 8.0000E-04
4.8943E-04 8.0000E-04
1.8895E-03 8.0000E-04
1.6456E-03 8.0000E-04
9.5784E-04 8.0000E-04
1.5139E-03 8.0000E-04
8.9945E-04 8.0000E-04
1.2753E-03 8.0000E-04
2.2926E-03 8.0000E-04
3.5170E-04 8.0000E-04
5.6114E-04 8.0000E-04
1.0031E-03 8.0000E-04
3.8324E-03 8.0000E-04
1.5876E-03 8.0000E-04
8.6910E-04 8.0000E-04
1.4285E-03 8.0000E-04
3.1047E-03 8.0000E-04
2.3019E-03 8.0000E-04
3.6438E-04 8.0000E-04
1.1516E-03 8.0000E-04
1.0216E-03 8.0000E-04
3.6492E-03 8.0000E-04
1.7744E-03 8.0000E-04
1.3362E-03 8.0000E-04
2.4605E-03 8.0000E-04
9.0098E-04 8.0000E-04
1.9907E-03 8.0000E-04
2.5258E-03 8.0000E-04
8.6993E-04 8.0000E-04
2.3313E-03 8.0000E-04
3.4809E-03 8.0000E-04
8.0919E-04 8.0000E-04
2.3193E-03 8.0000E-04
1.1179E-03 8.0000E-04
6.9445E-04 8.0000E-04
1.9463E-03 8.0000E-04
2.2498E-03 8.0000E-04
1.1563E-03 8.0000E-04
1.8736E-03 8.0000E-04
1.2178E-03 8.0000E-04
8.4902E-04 8.0000E-04
1.6060E-03 8.0000E-04
8.0585E-04 8.0000E-04
7.6049E-04 8.0000E-04
1.7025E-03 8.0000E-04
1.8021E-03 8.0000E-04
2.9462E-04 8.0000E-04
1.3069E-03 8.0000E-04
7.8940E-04 8.0000E-04
3.3663E-03 8.0000E-04
8.7985E-04 8.0000E-04
1.4914E-03 8.0000E-04
1.1932E-03 8.0000E-04
1.9235E-03 8.0000E-04
8.4381E-04 8.0000E-04
8.6123E-04 8.0000E-04
1.2348E-03 8.0000E-04
2.0473E-03 8.0000E-04
1.2334E-03 8.0000E-04
1.1345E-03 8.0000E-04
1.0054E-03 8.0000E-04
8.0865E-04 8.0000E-04
1.4743E-03 8.0000E-04
1.0757E-03 8.0000E-04
5.2208E-04 8.0000E-04
7.7536E-04 8.0000E-04
1.3381E-03 8.0000E-04
1.4596E-03 8.0000E-04
8.7865E-04 8.0000E-04
5.2721E-04 8.0000E-04
8.3226E-04 8.0000E-04
9.2761E-04 8.0000E-04
4.2595E-04 8.0000E-04
9.7521E-04 8.0000E-04
6.1884E-04 8.0000E-04
1.5800E-03 8.0000E-04
4.5433E-04 8.0000E-04
2.8952E-04 8.0000E-04
6.4797E-04 8.0000E-04
1.5788E-03 8.0000E-04
2.7531E-04 8.0000E-04
4.3816E-04 8.0000E-04
5.5986E-04 8.0000E-04
1.2351E-03 8.0000E-04
1.3915E-03 8.0000E-04
2.4433E-04 8.0000E-04
4.5773E-04 8.0000E-04
5.7297E-04 8.0000E-04
1.3174E-03 8.0000E-04
1.1268E-03 8.0000E-04
7.2813E-04 8.0000E-04
5.1344E-04 8.0000E-04
9.2407E-04 8.0000E-04
9.4718E-04 8.0000E-04
5.7703E-04 8.0000E-04
1.2831E-03 8.0000E-04
9.6843E-04 8.0000E-04
8.5378E-04 8.0000E-04
1.6300E-03 8.0000E-04
9.9635E-04 8.0000E-04
7.9029E-04 8.0000E-04
2.2226E-03 8.0000E-04
1.6388E-03 8.0000E-04
3.1418E-04 8.0000E-04
2.1412E-03 8.0000E-04
1.0999E-03 8.0000E-04
3.4806E-03 8.0000E-04
3.3260E-03 8.0000E-04
2.7362E-03 8.0000E-04
7.5537E-04 8.0000E-04
3.8796E-03 8.0000E-04
1.7702E-03 8.0000E-04
4.2529E-03 8.0000E-04
1.2837E-03 8.0000E-04
4.7882E-03 8.0000E-04
6.8956E-04 8.0000E-04
3.0021E-03 8.0000E-04
1.8210E-03 8.0000E-04
3.1462E-03 8.0000E-04
1.7223E-03 8.0000E-04
3.2546E-03 8.0000E-04
9.1771E-04 8.0000E-04
8.5202E-04 8.0000E-04
2.5478E-03 8.0000E-04
2.8665E-03 8.0000E-04
6.9451E-04 8.0000E-04
1.8696E-03 8.0000E-04
1.1968E-03 8.0000E-04
2.0984E-03 8.0000E-04
1.6733E-03 8.0000E-04
1.3909E-03 8.0000E-04
9.0529E-04 8.0000E-04
2.5395E-03 8.0000E-04
1.4099E-03 8.0000E-04
1.0985E-03 8.0000E-04
1.3969E-03 8.0000E-04
2.0808E-03 8.0000E-04
1.0913E-03 8.0000E-04
1.5175E-03 8.0000E-04
1.3759E-03 8.0000E-04
8.8521E-04 8.0000E-04
1.5829E-03 8.0000E-04
1.1277E-03 8.0000E-04
1.3621E-03 8.0000E-04
1.5278E-03 8.0000E-04
5.4617E-04 8.0000E-04
4.3010E-04 8.0000E-04
8.8193E-04 8.0000E-04
1.7331E-03 8.0000E-04
2.9755E-04 8.0000E-04
4.9455E-04 8.0000E-04
7.3781E-04 8.0000E-04
1.3882E-03 8.0000E-04
1.6175E-03 8.0000E-04
2.4709E-04 8.0000E-04
6.2675E-04 8.0000E-04
8.2189E-04 8.0000E-04
6.9664E-04 8.0000E-04
1.5261E-03 8.0000E-04
1.0485E-03 8.0000E-04
3.1466E-04 8.0000E-04
1.3927E-03 8.0000E-04
5.2202E-04 8.0000E-04
2.8267E-04 8.0000E-04
1.1435E-03 8.0000E-04
9.5333E-04 8.0000E-04
6.6254E-04 8.0000E-04
1.2652E-03 8.0000E-04
4.0746E-04 8.0000E-04
1.6122E-04 8.0000E-04
6.1260E-04 8.0000E-04
1.1025E-03 8.0000E-04
1.3658E-04 8.0000E-04
3.5506E-04 8.0000E-04
6.3382E-04 8.0000E-04
7.4317E-04 8.0000E-04
9.4519E-04 8.0000E-04
5.5116E-04 8.0000E-04
2.6544E-04 8.0000E-04
4.7538E-04 8.0000E-04
8.8438E-04 8.0000E-04
3.9569E-04 8.0000E-04
3.5610E-04 8.0000E-04
4.9047E-04 8.0000E-04
7.6252E-04 8.0000E-04
1.4710E-03 8.0000E-04
2.1993E-04 8.0000E-04
9.9536E-05 8.0000E-04
3.1654E-04 8.0000E-04
8.8940E-04 8.0000E-04
3.9775E-04 8.0000E-04
3.1862E-04 8.0000E-04
5.0802E-04 8.0000E-04
6.2488E-04 8.0000E-04
7.5839E-04 8.0000E-04
3.9433E-04 8.0000E-04
2.8614E-04 8.0000E-04
4.5921E-04 8.0000E-04
8.2746E-04 8.0000E-04
3.1152E-04 8.0000E-04
4.6840E-04 8.0000E-04
4.1969E-04 8.0000E-04
1.1148E-03 8.0000E-04
2.7121E-04 8.0000E-04
1.3063E-04 8.0000E-04
3.6281E-04 8.0000E-04
8.2252E-04 8.0000E-04
7.1144E-04 8.0000E-04
4.4709E-04 8.0000E-04
6.0008E-04 8.0000E-04
7.2530E-04 8.0000E-04
4.4369E-04 8.0000E-04
6.1631E-04 8.0000E-04
4.5816E-04 8.0000E-04
6.6076E-04 8.0000E-04
8.7241E-04 8.0000E-04
1.2758E-03 8.0000E-04
1.2128E-04 8.0000E-04
1.5584E-04 8.0000E-04
5.5260E-04 8.0000E-04
1.3139E-03 8.0000E-04
5.8207E-04 8.0000E-04
8.2357E-04 8.0000E-04
1.0837E-03 8.0000E-04
1.8161E-03 8.0000E-04
1.3708E-03 8.0000E-04
9.7828E-04 8.0000E-04
8.9226E-04 8.0000E-04
1.1963E-03 8.0000E-04
1.7041E-03 8.0000E-04
3.8366E-03 8.0000E-04
1.7488E-03 8.0000E-04
3.2250E-03 8.0000E-04
5.4967E-03 8.0000E-04
7.0556E-03 8.0000E-04
3.9024E-03 8.0000E-04
1.0749E-03 8.0000E-04
3.2077E-03 8.0000E-04
3.8741E-03 8.0000E-04
1.1743E-03 8.0000E-04
5.9813E-03 8.0000E-04
1.3966E-03 8.0000E-04
4.1956E-03 8.0000E-04
2.2211E-03 8.0000E-04
5.7823E-03 8.0000E-04
1.7506E-03 8.0000E-04
4.6227E-03 8.0000E-04
1.7564E-03 8.0000E-04
4.9742E-03 8.0000E-04
2.9141E-03 8.0000E-04
2.8746E-03 8.0000E-04
8.1038E-04 8.0000E-04
5.6739E-03 8.0000E-04
9.7869E-04 8.0000E-04
2.6046E-03 8.0000E-04
3.8070E-03 8.0000E-04
2.3519E-03 8.0000E-04
8.8205E-04 8.0000E-04
3.8681E-03 8.0000E-04
1.4231E-03 8.0000E-04
2.4300E-03 8.0000E-04
3.9301E-03 8.0000E-04
3.0937E-03 8.0000E-04
9.5273E-04 8.0000E-04
5.3492E-03 8.0000E-04
1.7200E-03 8.0000E-04
1.1670E-03 8.0000E-04
5.3808E-03 8.0000E-04
6.3119E-03 8.0000E-04
1.4781E-03 8.0000E-04
3.8325E-03 8.0000E-04
3.5191E-03 8.0000E-04
7.0556E-03 8.0000E-04
7.0556E-03 8.0000E-04
7.0556E-03 8.0000E-04
3.2946E-03 8.0000E-04
2.2053E-03 8.0000E-04
2.1848E-03 8.0000E-04
5.7971E-03 8.0000E-04
2.7492E-03 8.0000E-04
7.5039E-04 8.0000E-04
2.1265E-03 8.0000E-04
1.1639E-03 8.0000E-04
4.7392E-03 8.0000E-04
1.8351E-03 8.0000E-04
5.3349E-04 8.0000E-04
2.2576E-03 8.0000E-04
1.4578E-03 8.0000E-04
1.6931E-03 8.0000E-04
1.8839E-03 8.0000E-04
8.4217E-04 8.0000E-04
1.5492E-03 8.0000E-04
1.2175E-03 8.0000E-04
3.8978E-04 8.0000E-04
8.0419E-04 8.0000E-04
1.2002E-03 8.0000E-04
1.6147E-03 8.0000E-04
9.6517E-04 8.0000E-04
8.6625E-04 8.0000E-04
8.7388E-04 8.0000E-04
8.8078E-04 8.0000E-04
1.1494E-03 8.0000E-04
9.2751E-04 8.0000E-04
8.2425E-04 8.0000E-04
1.4823E-03 8.0000E-04
7.1297E-04 8.0000E-04
4.7244E-04 8.0000E-04
1.1946E-03 8.0000E-04
1.7192E-03 8.0000E-04
2.8344E-04 8.0000E-04
5.9722E-04 8.0000E-04
7.5303E-04 8.0000E-04
1.6521E-03 8.0000E-04
1.2085E-03 8.0000E-04
3.7486E-04 8.0000E-04
7.7573E-04 8.0000E-04
1.3531E-03 8.0000E-04
4.0405E-04 8.0000E-04
7.5771E-04 8.0000E-04
6.5636E-04 8.0000E-04
1.5129E-03 8.0000E-04
1.8173E-03 8.0000E-04
2.2599E-04 8.0000E-04
2.6184E-04 8.0000E-04
5.7947E-04 8.0000E-04
1.5022E-03 8.0000E-04
7.8401E-04 8.0000E-04
6.1068E-04 8.0000E-04
8.9532E-04 8.0000E-04
1.5874E-03 8.0000E-04
2.4790E-04 8.0000E-04
2.5727E-04 8.0000E-04
4.6939E-04 8.0000E-04
1.0372E-03 8.0000E-04
1.2414E-03 8.0000E-04
9.7108E-04 8.0000E-04
7.9363E-04 8.0000E-04
9.2361E-04 8.0000E-04
1.5306E-03 8.0000E-04
3.0800E-04 8.0000E-04
2.6884E-04 8.0000E-04
5.4033E-04 8.0000E-04
1.2342E-03 8.0000E-04
1.5908E-03 8.0000E-04
8.5107E-04 8.0000E-04
1.0211E-03 8.0000E-04
9.4214E-04 8.0000E-04
1.8664E-03 8.0000E-04
8.9485E-04 8.0000E-04
3.7079E-04 8.0000E-04
5.0593E-04 8.0000E-04
1.0541E-03 8.0000E-04
3.5713E-04 8.0000E-04
1.9520E-03 8.0000E-04
6.6463E-04 8.0000E-04
7.3358E-04 8.0000E-04
1.8316E-03 8.0000E-04
5.3318E-04 8.0000E-04
6.1562E-04 8.0000E-04
6.5044E-04 8.0000E-04
6.3420E-04 8.0000E-04
1.8074E-03 8.0000E-04
1.2193E-03 8.0000E-04
9.8354E-04 8.0000E-04
4.6402E-04 8.0000E-04
6.7025E-04 8.0000E-04
5.2305E-04 8.0000E-04
5.9977E-04 8.0000E-04
6.6053E-04 8.0000E-04
7.1708E-04 8.0000E-04
1.3136E-03 8.0000E-04
8.2155E-04 8.0000E-04
3.3295E-04 8.0000E-04
8.7799E-04 8.0000E-04
4.6142E-04 8.0000E-04
3.3693E-04 8.0000E-04
1.3830E-03 8.0000E-04
8.6018E-04 8.0000E-04
3.1433E-04 8.0000E-04
5.6947E-04 8.0000E-04
4.0721E-04 8.0000E-04
6.8971E-04 8.0000E-04
8.5577E-04 8.0000E-04
5.6879E-04 8.0000E-04
4.1138E-04 8.0000E-04
7.8722E-04 8.0000E-04
4.2954E-04 8.0000E-04
3.9399E-04 8.0000E-04
7.0655E-04 8.0000E-04
4.7115E-04 8.0000E-04
2.8558E-04 8.0000E-04
6.5162E-04 8.0000E-04
5.9470E-04 8.0000E-04
1.8774E-04 8.0000E-04
4.4894E-04 8.0000E-04
3.4432E-04 8.0000E-04
1.0570E-03 8.0000E-04
2.4709E-04 8.0000E-04
7.7215E-05 8.0000E-04
3.6741E-04 8.0000E-04
7.3847E-04 8.0000E-04
3.1930E-04 8.0000E-04
3.4013E-04 8.0000E-04
4.8915E-04 8.0000E-04
6.4602E-04 8.0000E-04
1.4109E-03 8.0000E-04
3.4317E-04 8.0000E-04
1.3868E-04 8.0000E-04
2.4882E-04 8.0000E-04
9.0707E-04 8.0000E-04
3.2299E-04 8.0000E-04
3.8007E-04 8.0000E-04
5.7340E-04 8.0000E-04
7.1050E-04 8.0000E-04
1.2350E-03 8.0000E-04
2.4037E-04 8.0000E-04
1.9372E-04 8.0000E-04
2.0030E-04 8.0000E-04
5.2911E-04 8.0000E-04
1.0813E-03 8.0000E-04
3.3431E-04 8.0000E-04
5.7164E-04 8.0000E-04
3.6418E-04 8.0000E-04
6.5516E-04 8.0000E-04
5.3872E-04 8.0000E-04
1.6404E-04 8.0000E-04
1.5636E-04 8.0000E-04
3.6815E-04 8.0000E-04
8.5041E-04 8.0000E-04
2.3804E-04 8.0000E-04
1.9130E-04 8.0000E-04
3.3074E-04 8.0000E-04
4.7868E-04 8.0000E-04
6.4426E-04 8.0000E-04
2.2379E-04 8.0000E-04
4.3715E-04 8.0000E-04
2.9364E-04 8.0000E-04
2.2395E-04 8.0000E-04
7.2186E-04 8.0000E-04
4.6900E-04 8.0000E-04
1.2624E-04 8.0000E-04
3.9614E-04 8.0000E-04
2.8507E-04 8.0000E-04
9.0965E-04 8.0000E-04
8.6551E-04 8.0000E-04
9.4978E-05 8.0000E-04
2.2555E-04 8.0000E-04
5.8861E-04 8.0000E-04
2.0647E-04 8.0000E-04
5.9627E-04 8.0000E-04
4.0660E-04 8.0000E-04
9.6292E-04 8.0000E-04
1.2090E-03 8.0000E-04
3.0552E-04 8.0000E-04
1.3657E-04 8.0000E-04
2.5145E-04 8.0000E-04
9.5394E-04 8.0000E-04
5.1516E-04 8.0000E-04
4.6181E-04 8.0000E-04
7.2240E-04 8.0000E-04
7.8952E-04 8.0000E-04
1.5001E-03 8.0000E-04
3.4251E-04 8.0000E-04
1.7668E-04 8.0000E-04
2.0231E-04 8.0000E-04
8.6928E-04 8.0000E-04
9.2311E-04 8.0000E-04
5.7247E-04 8.0000E-04
9.3292E-04 8.0000E-04
7.1336E-04 8.0000E-04
1.7826E-04 8.0000E-04
2.9820E-04 8.0000E-04
2.5446E-04 8.0000E-04
1.0835E-03 8.0000E-04
6.0423E-04 8.0000E-04
2.7238E-04 8.0000E-04
6.5725E-04 8.0000E-04
8.5339E-04 8.0000E-04
3.0252E-04 8.0000E-04
4.3487E-04 8.0000E-04
3.9898E-04 8.0000E-04
9.8201E-04 8.0000E-04
1.4926E-03 8.0000E-04
8.9111E-05 8.0000E-04
3.5899E-04 8.0000E-04
4.3473E-04 8.0000E-04
1.7571E-03 8.0000E-04
2.3922E-04 8.0000E-04
4.9786E-04 8.0000E-04
8.4263E-04 8.0000E-04
1.9412E-03 8.0000E-04
4.5285E-04 8.0000E-04
9.7622E-04 8.0000E-04
1.1160E-03 8.0000E-04
1.4012E-03 8.0000E-04
9.0689E-04 8.0000E-04
2.4078E-03 8.0000E-04
1.0478E-03 8.0000E-04
1.0088E-03 8.0000E-04
3.4504E-03 8.0000E-04
3.2195E-03 8.0000E-04
8.1326E-04 8.0000E-04
3.1442E-03 8.0000E-04
1.5023E-03 8.0000E-04
1.3060E-03 8.0000E-04
5.4255E-03 8.0000E-04
1.0608E-03 8.0000E-04
3.4232E-03 8.0000E-04
5.8878E-03 8.0000E-04
1.5090E-03 8.0000E-04
3.5278E-03 8.0000E-04
4.5660E-04 8.0000E-04
4.5701E-03 8.0000E-04
4.2150E-03 8.0000E-04
3.0936E-03 8.0000E-04
3.0684E-03 8.0000E-04
1.0403E-03 8.0000E-04
1.1695E-03 8.0000E-04
1.8011E-03 8.0000E-04
1.7375E-03 8.0000E-04
2.5756E-03 8.0000E-04
4.9886E-04 8.0000E-04
1.9326E-03 8.0000E-04
2.1121E-03 8.0000E-04
1.1041E-03 8.0000E-04
1.4090E-03 8.0000E-04
8.0792E-04 8.0000E-04
1.2896E-03 8.0000E-04
1.1284E-03 8.0000E-04
3.2211E-04 8.0000E-04
8.3566E-04 8.0000E-04
8.6464E-04 8.0000E-04
7.1760E-04 8.0000E-04
8.1258E-04 8.0000E-04
6.9198E-04 8.0000E-04
7.9051E-04 8.0000E-04
1.1852E-03 8.0000E-04
4.3654E-04 8.0000E-04
3.2145E-04 8.0000E-04
6.2482E-04 8.0000E-04
1.2293E-03 8.0000E-04
1.6077E-04 8.0000E-04
2.0263E-04 8.0000E-04
4.1449E-04 8.0000E-04
5.9637E-04 8.0000E-04
1.2750E-03 8.0000E-04
3.2543E-04 8.0000E-04
1.8050E-04 8.0000E-04
3.1226E-04 8.0000E-04
7.0394E-04 8.0000E-04
4.6725E-04 8.0000E-04
4.9465E-04 8.0000E-04
4.5170E-04 8.0000E-04
7.3254E-04 8.0000E-04
4.5992E-04 8.0000E-04
3.8598E-04 8.0000E-04
5.3599E-04 8.0000E-04
7.4183E-04 8.0000E-04
4.0931E-04 8.0000E-04
5.0658E-04 8.0000E-04
3.4105E-04 8.0000E-04
5.6372E-04 8.0000E-04
6.9168E-04 8.0000E-04
3.3370E-04 8.0000E-04
2.6351E-04 8.0000E-04
5.1741E-04 8.0000E-04
9.3380E-04 8.0000E-04
1.8666E-04 8.0000E-04
3.1839E-04 8.0000E-04
4.3653E-04 8.0000E-04
1.0025E-03 8.0000E-04
4.9592E-04 8.0000E-04
4.0224E-04 8.0000E-04
5.5657E-04 8.0000E-04
7.9361E-04 8.0000E-04
3.2223E-04 8.0000E-04
7.9278E-04 8.0000E-04
4.7735E-04 8.0000E-04
3.7051E-04 8.0000E-04
1.2914E-03 8.0000E-04
6.2386E-04 8.0000E-04
2.1942E-04 8.0000E-04
5.6720E-04 8.0000E-04
5.0338E-04 8.0000E-04
8.2766E-04 8.0000E-04
1.0735E-03 8.0000E-04
9.5433E-04 8.0000E-04
2.9552E-04 8.0000E-04
2.9364E-04 8.0000E-04
4.4519E-04 8.0000E-04
3.1414E-04 8.0000E-04
9.5119E-04 8.0000E-04
3.7469E-04 8.0000E-04
1.0649E-03 8.0000E-04
1.4573E-04 8.0000E-04
1.7705E-04 8.0000E-04
2.2709E-04 8.0000E-04
5.7624E-04 8.0000E-04
2.0541E-04 8.0000E-04
4.2870E-04 8.0000E-04
4.0173E-04 8.0000E-04
5.1230E-04 8.0000E-04
5.3514E-04 8.0000E-04
1.5301E-04 8.0000E-04
1.4947E-04 8.0000E-04
1.6770E-04 8.0000E-04
5.4367E-04 8.0000E-04
2.2764E-04 8.0000E-04
3.0659E-04 8.0000E-04
3.9061E-04 8.0000E-04
5.2254E-04 8.0000E-04
6.0576E-04 8.0000E-04
7.6789E-05 8.0000E-04
1.5442E-04 8.0000E-04
1.5984E-04 8.0000E-04
4.1941E-04 8.0000E-04
5.0639E-04 8.0000E-04
2.7203E-04 8.0000E-04
5.9368E-04 8.0000E-04
2.7415E-04 8.0000E-04
1.3400E-04 8.0000E-04
2.9088E-04 8.0000E-04
1.5894E-04 8.0000E-04
1.9330E-04 8.0000E-04
8.2817E-04 8.0000E-04
7.0629E-05 8.0000E-04
5.3221E-05 8.0000E-04
3.4156E-04 8.0000E-04
3.9415E-04 8.0000E-04
1.7532E-04 8.0000E-04
1.6682E-04 8.0000E-04
2.2593E-04 8.0000E-04
2.8734E-04 8.0000E-04
3.8138E-04 8.0000E-04
1.5413E-04 8.0000E-04
1.2500E-04 8.0000E-04
1.9427E-04 8.0000E-04
4.0280E-04 8.0000E-04
1.9282E-04 8.0000E-04
1.6289E-04 8.0000E-04
2.2937E-04 8.0000E-04
3.1524E-04 8.0000E-04
5.8683E-04 8.0000E-04
1.1822E-04 8.0000E-04
3.9202E-05 8.0000E-04
1.2289E-04 8.0000E-04
3.6254E-04 8.0000E-04
2.8831E-04 8.0000E-04
1.8485E-04 8.0000E-04
2.5714E-04 8.0000E-04
3.0221E-04 8.0000E-04
2.5571E-04 8.0000E-04
1.5900E-04 8.0000E-04
1.6948E-04 8.0000E-04
1.1406E-04 8.0000E-04
1.6035E-04 8.0000E-04
3.3473E-04 8.0000E-04
3.5336E-04 8.0000E-04
2.5864E-05 8.0000E-04
1.0099E-04 8.0000E-04
1.4541E-04 8.0000E-04
3.6051E-04 8.0000E-04
6.3383E-04 8.0000E-04
1.0157E-04 8.0000E-04
3.2382E-05 8.0000E-04
2.8222E-04 8.0000E-04
1.9081E-03 8.0000E-04
1.1310E-03 8.0000E-04
2.9016E-03 8.0000E-04
1.4473E-03 8.0000E-04
4.3727E-04 8.0000E-04
6.5219E-04 8.0000E-04
9.7693E-04 8.0000E-04
1.3341E-03 8.0000E-04
2.5759E-04 8.0000E-04
4.2100E-04 8.0000E-04
8.2619E-04 8.0000E-04
1.4164E-03 8.0000E-04
1.4890E-03 8.0000E-04
2.2551E-04 8.0000E-04
5.9907E-04 8.0000E-04
8.0829E-04 8.0000E-04
1.0281E-03 8.0000E-04
7.6708E-04 8.0000E-04
8.3095E-04 8.0000E-04
6.2534E-04 8.0000E-04
1.1643E-03 8.0000E-04
1.4248E-03 8.0000E-04
2.3818E-04 8.0000E-04
2.1887E-04 8.0000E-04
6.4866E-04 8.0000E-04
1.1963E-03 8.0000E-04
1.6090E-03 8.0000E-04
1.6458E-04 8.0000E-04
3.1831E-04 8.0000E-04
5.4707E-04 8.0000E-04
1.4785E-03 8.0000E-04
4.7588E-04 8.0000E-04
2.2311E-04 8.0000E-04
6.1310E-04 8.0000E-04
8.7280E-04 8.0000E-04
6.2314E-04 8.0000E-04
4.6175E-04 8.0000E-04
3.9314E-04 8.0000E-04
4.4788E-04 8.0000E-04
8.0248E-04 8.0000E-04
5.0854E-04 8.0000E-04
2.1523E-04 8.0000E-04
5.3649E-04 8.0000E-04
7.7757E-04 8.0000E-04
1.4785E-04 8.0000E-04
3.3707E-04 8.0000E-04
3.5896E-04 8.0000E-04
8.5584E-04 8.0000E-04
6.1627E-04 8.0000E-04
8.7632E-05 8.0000E-04
2.6295E-04 8.0000E-04
4.5278E-04 8.0000E-04
3.2405E-04 8.0000E-04
6.9475E-04 8.0000E-04
3.1432E-04 8.0000E-04
3.6020E-04 8.0000E-04
6.7081E-04 8.0000E-04
2.2363E-04 8.0000E-04
5.8529E-05 8.0000E-04
3.4548E-04 8.0000E-04
4.2814E-04 8.0000E-04
1.0403E-04 8.0000E-04
3.7711E-04 8.0000E-04
2.4838E-04 8.0000E-04
6.0387E-04 8.0000E-04
3.9652E-04 8.0000E-04
1.2799E-04 8.0000E-04
3.4788E-04 8.0000E-04
3.9579E-04 8.0000E-04
1.8697E-04 8.0000E-04
4.7888E-04 8.0000E-04
3.5798E-04 8.0000E-04
5.5361E-04 8.0000E-04
2.3095E-04 8.0000E-04
1.2905E-04 8.0000E-04
3.7039E-04 8.0000E-04
3.5851E-04 8.0000E-04
1.9129E-04 8.0000E-04
3.0469E-04 8.0000E-04
1.9337E-04 8.0000E-04
5.5830E-04 8.0000E-04
2.3419E-04 8.0000E-04
1.0920E-04 8.0000E-04
1.9026E-04 8.0000E-04
2.5217E-04 8.0000E-04
2.6784E-04 8.0000E-04
4.3676E-04 8.0000E-04
3.3535E-04 8.0000E-04
1.1168E-04 8.0000E-04
2.1369E-04 8.0000E-04
1.9521E-04 8.0000E-04
1.5282E-04 8.0000E-04
3.8357E-04 8.0000E-04
3.1277E-04 8.0000E-04
8.7817E-05 8.0000E-04
1.6976E-04 8.0000E-04
1.4105E-04 8.0000E-04
3.0406E-04 8.0000E-04
2.0598E-04 8.0000E-04
1.9011E-04 8.0000E-04
2.3175E-04 8.0000E-04
1.8394E-04 8.0000E-04
1.3069E-04 8.0000E-04
1.9427E-04 8.0000E-04
2.0732E-04 8.0000E-04
1.4620E-04 8.0000E-04
2.5632E-04 8.0000E-04
8.2268E-05 8.0000E-04
