Max Step   Target
4.2900E-03 1.2000E-03
1.4371E-02 1.2000E-03
1.1961E-02 1.2000E-03
3.3154E-02 1.2000E-03
7.8281E-03 1.2000E-03
1.3148E-02 1.2000E-03
1.4464E-02 1.2000E-03
4.2443E-02 1.2000E-03
1.3889E-02 1.2000E-03
8.9255E-03 1.2000E-03
1.3841E-02 1.2000E-03
2.9141E-02 1.2000E-03
1.1856E-02 1.2000E-03
6.6852E-03 1.2000E-03
1.3432E-02 1.2000E-03
1.9100E-02 1.2000E-03
5.1330E-03 1.2000E-03
4.3166E-03 1.2000E-03
5.3212E-03 1.2000E-03
1.3290E-02 1.2000E-03
3.8649E-03 1.2000E-03
5.0227E-03 1.2000E-03
1.0305E-02 1.2000E-03
1.2242E-02 1.2000E-03
1.3098E-02 1.2000E-03
4.5251E-03 1.2000E-03
3.9007E-03 1.2000E-03
5.0296E-03 1.2000E-03
6.5944E-03 1.2000E-03
8.5901E-03 1.2000E-03
7.6441E-03 1.2000E-03
4.7896E-03 1.2000E-03
5.6524E-03 1.2000E-03
5.6396E-03 1.2000E-03
3.4359E-03 1.2000E-03
3.7566E-03 1.2000E-03
5.1010E-03 1.2000E-03
6.2084E-03 1.2000E-03
7.1358E-03 1.2000E-03
7.3932E-03 1.2000E-03
2.7197E-03 1.2000E-03
2.4859E-03 1.2000E-03
3.7478E-03 1.2000E-03
7.2367E-03 1.2000E-03
3.8085E-03 1.2000E-03
8.1391E-03 1.2000E-03
4.3444E-03 1.2000E-03
9.2420E-03 1.2000E-03
4.6045E-03 1.2000E-03
1.0420E-03 1.2000E-03
2.4096E-03 1.2000E-03
4.0242E-03 1.2000E-03
8.3084E-03 1.2000E-03
5.5026E-03 1.2000E-03
2.7458E-03 1.2000E-03
1.6178E-03 1.2000E-03
3.6363E-03 1.2000E-03
3.2145E-03 1.2000E-03
3.7702E-03 1.2000E-03
3.0424E-03 1.2000E-03
3.4112E-03 1.2000E-03
5.4303E-03 1.2000E-03
2.5072E-03 1.2000E-03
4.6297E-04 1.2000E-03
1.9998E-03 1.2000E-03
3.0359E-03 1.2000E-03
2.0893E-03 1.2000E-03
3.8861E-03 1.2000E-03
2.3423E-03 1.2000E-03
2.1915E-03 1.2000E-03
3.9685E-03 1.2000E-03
2.8234E-03 1.2000E-03
4.7747E-04 1.2000E-03
1.6564E-03 1.2000E-03
4.5279E-03 1.2000E-03
1.9349E-03 1.2000E-03
3.1556E-03 1.2000E-03
2.5136E-03 1.2000E-03
5.3677E-03 1.2000E-03
2.3071E-03 1.2000E-03
4.0746E-04 1.2000E-03
6.9492E-04 1.2000E-03
2.0959E-03 1.2000E-03
3.7910E-03 1.2000E-03
4.0520E-03 1.2000E-03
2.5926E-03 1.2000E-03
6.7786E-04 1.2000E-03
2.0039E-03 1.2000E-03
3.4457E-03 1.2000E-03
6.2559E-04 1.2000E-03
1.8842E-03 1.2000E-03
2.3787E-03 1.2000E-03
4.9960E-03 1.2000E-03
2.3116E-03 1.2000E-03
7.6577E-04 1.2000E-03
1.3215E-03 1.2000E-03
2.6116E-03 1.2000E-03
2.2084E-03 1.2000E-03
3.9201E-03 1.2000E-03
2.4487E-03 1.2000E-03
2.5063E-03 1.2000E-03
4.8097E-03 1.2000E-03
5.2092E-04 1.2000E-03
