Max Step   Target
6.5085E-03 1.8000E-03
2.3175E-02 1.8000E-03
1.5918E-02 1.8000E-03
3.2525E-03 1.8000E-03
1.0864E-02 1.8000E-03
1.8419E-02 1.8000E-03
2.1577E-02 1.8000E-03
1.8642E-02 1.8000E-03
9.6785E-03 1.8000E-03
1.7017E-03 1.8000E-03
7.7874E-03 1.8000E-03
6.0972E-03 1.8000E-03
1.1598E-02 1.8000E-03
3.8700E-03 1.8000E-03
2.6317E-03 1.8000E-03
6.4238E-03 1.8000E-03
1.0459E-02 1.8000E-03
1.8083E-03 1.8000E-03
4.3089E-03 1.8000E-03
4.3590E-03 1.8000E-03
5.9529E-03 1.8000E-03
1.0018E-02 1.8000E-03
5.3866E-03 1.8000E-03
4.2263E-04 1.8000E-03
4.2263E-04 1.8000E-03
