Max Step   Target
7.9182E-03 1.8000E-03
1.5545E-02 1.8000E-03
2.5000E-02 1.8000E-03
1.4245E-02 1.8000E-03
2.8998E-03 1.8000E-03
5.4624E-03 1.8000E-03
1.0645E-02 1.8000E-03
1.4101E-02 1.8000E-03
2.1450E-03 1.8000E-03
1.5310E-03 1.8000E-03
3.9304E-03 1.8000E-03
6.0403E-03 1.8000E-03
1.5896E-02 1.8000E-03
1.9897E-03 1.8000E-03
2.1457E-03 1.8000E-03
6.9955E-03 1.8000E-03
1.3929E-02 1.8000E-03
1.9160E-03 1.8000E-03
1.9792E-03 1.8000E-03
7.2022E-03 1.8000E-03
9.0387E-03 1.8000E-03
2.0836E-02 1.8000E-03
4.7797E-03 1.8000E-03
7.6302E-04 1.8000E-03
3.1248E-03 1.8000E-03
4.6060E-03 1.8000E-03
1.3507E-03 1.8000E-03
1.1039E-03 1.8000E-03
1.1039E-03 1.8000E-03
