0.000000000000000000e+00 0.000000000000000000e+00
2.308900000000000119e-01 -8.498894044740000486e-02
4.688599999999999990e-01 -5.346953988280000319e-02
6.415899999999999936e-01 4.029235289000000081e-02
8.122099999999999875e-01 9.572009735820001530e-02
9.639600000000000390e-01 3.341300937354000355e-01
1.173170000000000046e+00 4.573748066133000445e-01
1.378479999999999928e+00 5.101970082116999983e-01
1.582470000000000043e+00 8.742372556812000317e-01
1.778089999999999948e+00 1.364580130136499925e+00
2.028680000000000039e+00 2.345012804667400363e+00
2.242680000000000007e+00 4.379089817011900365e+00
2.495989999999999931e+00 8.930231808669001126e+00
2.850999999999999979e+00 1.450865642229879882e+01
3.201350000000000140e+00 1.585202084965070135e+01
3.481320000000000192e+00 1.609679460304959875e+01
3.751829999999999998e+00 1.451300317714179933e+01
3.960840000000000138e+00 1.341443590927450202e+01
4.131269999999999776e+00 1.284227784664109961e+01
4.321500000000000341e+00 1.242708068095740082e+01
4.537060000000000315e+00 1.218905691636970090e+01
4.751019999999999577e+00 1.218596430101409922e+01
4.962030000000000385e+00 1.203500295486249883e+01
5.152250000000000441e+00 1.203767557844440006e+01
