Max Step   Target
3.2544E-03 1.8000E-02
1.8054E-01 1.8000E-02
4.7622E-02 1.8000E-02
6.2701E-02 1.8000E-02
1.4178E-01 1.8000E-02
2.6452E-02 1.8000E-02
1.4817E-02 1.8000E-02
0.0000E+00 1.8000E-02
1.4886E-03 1.8000E-02
4.5071E-03 1.8000E-02
7.1244E-03 1.8000E-02
2.0475E-02 1.8000E-02
4.3746E-02 1.8000E-02
4.5549E-02 1.8000E-02
5.6622E-03 1.8000E-02
5.8692E-03 1.8000E-02
9.1638E-03 1.8000E-02
1.3096E-02 1.8000E-02
3.8878E-03 1.8000E-02
5.4294E-03 1.8000E-02
8.7765E-03 1.8000E-02
1.6381E-02 1.8000E-02
2.0292E-03 1.8000E-02
1.5149E-03 1.8000E-02
5.0439E-03 1.8000E-02
9.3670E-03 1.8000E-02
8.6459E-03 1.8000E-02
6.3035E-03 1.8000E-02
5.8361E-03 1.8000E-02
3.5005E-03 1.8000E-02
2.2986E-03 1.8000E-02
2.2986E-03 1.8000E-02
5.0896E-03 1.8000E-02
3.8638E-03 1.8000E-02
5.1428E-04 1.8000E-02
