RMS Grad   Target
1.0523E-03 3.0000E-03
1.0251E-03 3.0000E-03
7.7994E-04 3.0000E-03
5.1230E-04 3.0000E-03
4.0292E-04 3.0000E-03
6.6089E-04 3.0000E-03
3.3327E-04 3.0000E-03
2.1532E-04 3.0000E-03
1.8788E-04 3.0000E-03
1.5527E-04 3.0000E-03
1.1737E-04 3.0000E-03
1.2682E-04 3.0000E-03
1.4676E-04 3.0000E-03
2.3391E-04 3.0000E-03
2.1450E-04 3.0000E-03
1.0212E-04 3.0000E-03
8.4570E-05 3.0000E-03
9.8244E-05 3.0000E-03
9.8309E-05 3.0000E-03
6.1608E-05 3.0000E-03
6.4131E-05 3.0000E-03
7.4151E-05 3.0000E-03
1.6554E-04 3.0000E-03
4.8182E-05 3.0000E-03
3.7926E-05 3.0000E-03
5.1371E-05 3.0000E-03
8.0384E-05 3.0000E-03
4.7589E-05 3.0000E-03
3.2376E-05 3.0000E-03
4.5711E-05 3.0000E-03
3.7661E-05 3.0000E-03
2.9717E-05 3.0000E-03
2.9717E-05 3.0000E-03
2.0729E-04 3.0000E-03
2.5806E-05 3.0000E-03
1.9888E-05 3.0000E-03
