RMS Grad   Target
1.3844E-03 2.0000E-04
1.0174E-03 2.0000E-04
7.7504E-04 2.0000E-04
9.6580E-04 2.0000E-04
1.1189E-03 2.0000E-04
4.4750E-04 2.0000E-04
3.2982E-04 2.0000E-04
3.6099E-04 2.0000E-04
3.9337E-04 2.0000E-04
6.5959E-04 2.0000E-04
2.6829E-04 2.0000E-04
2.6196E-04 2.0000E-04
3.2434E-04 2.0000E-04
4.1524E-04 2.0000E-04
1.5788E-04 2.0000E-04
1.4129E-04 2.0000E-04
1.7981E-04 2.0000E-04
2.6958E-04 2.0000E-04
1.7820E-04 2.0000E-04
1.0509E-04 2.0000E-04
1.3222E-04 2.0000E-04
1.4470E-04 2.0000E-04
1.5218E-04 2.0000E-04
1.4163E-04 2.0000E-04
8.0389E-05 2.0000E-04
6.3844E-05 2.0000E-04
