RMS Grad   Target
3.6894E-04 2.0000E-04
3.3146E-04 2.0000E-04
3.0264E-04 2.0000E-04
2.8014E-04 2.0000E-04
2.6234E-04 2.0000E-04
2.4789E-04 2.0000E-04
2.3594E-04 2.0000E-04
2.2587E-04 2.0000E-04
2.1727E-04 2.0000E-04
2.0984E-04 2.0000E-04
2.0335E-04 2.0000E-04
1.9763E-04 2.0000E-04
1.9254E-04 2.0000E-04
1.8799E-04 2.0000E-04
1.8370E-04 2.0000E-04
1.7970E-04 2.0000E-04
1.7598E-04 2.0000E-04
1.7249E-04 2.0000E-04
1.6911E-04 2.0000E-04
1.6592E-04 2.0000E-04
1.6288E-04 2.0000E-04
1.5991E-04 2.0000E-04
1.5707E-04 2.0000E-04
1.5434E-04 2.0000E-04
1.5171E-04 2.0000E-04
1.4910E-04 2.0000E-04
1.4665E-04 2.0000E-04
1.4421E-04 2.0000E-04
1.4182E-04 2.0000E-04
1.3959E-04 2.0000E-04
1.3730E-04 2.0000E-04
1.3513E-04 2.0000E-04
1.3305E-04 2.0000E-04
1.3091E-04 2.0000E-04
1.2893E-04 2.0000E-04
1.2695E-04 2.0000E-04
1.2497E-04 2.0000E-04
1.2311E-04 2.0000E-04
1.2125E-04 2.0000E-04
1.1942E-04 2.0000E-04
1.1766E-04 2.0000E-04
1.1591E-04 2.0000E-04
1.1421E-04 2.0000E-04
1.1254E-04 2.0000E-04
1.1090E-04 2.0000E-04
1.0930E-04 2.0000E-04
1.0772E-04 2.0000E-04
1.0616E-04 2.0000E-04
1.0467E-04 2.0000E-04
1.0315E-04 2.0000E-04
1.0169E-04 2.0000E-04
1.0027E-04 2.0000E-04
9.8806E-05 2.0000E-04
9.7473E-05 2.0000E-04
9.6093E-05 2.0000E-04
9.4763E-05 2.0000E-04
9.3556E-05 2.0000E-04
9.2191E-05 2.0000E-04
9.1071E-05 2.0000E-04
8.9818E-05 2.0000E-04
8.8610E-05 2.0000E-04
8.7597E-05 2.0000E-04
8.6300E-05 2.0000E-04
8.5416E-05 2.0000E-04
8.4213E-05 2.0000E-04
8.3121E-05 2.0000E-04
8.2274E-05 2.0000E-04
8.1126E-05 2.0000E-04
8.0183E-05 2.0000E-04
7.9271E-05 2.0000E-04
7.8143E-05 2.0000E-04
7.7311E-05 2.0000E-04
7.6308E-05 2.0000E-04
7.5428E-05 2.0000E-04
7.4571E-05 2.0000E-04
7.3670E-05 2.0000E-04
7.3071E-05 2.0000E-04
7.2180E-05 2.0000E-04
7.1634E-05 2.0000E-04
7.0814E-05 2.0000E-04
6.9796E-05 2.0000E-04
6.9063E-05 2.0000E-04
6.8319E-05 2.0000E-04
6.7541E-05 2.0000E-04
6.7143E-05 2.0000E-04
6.6386E-05 2.0000E-04
6.6050E-05 2.0000E-04
6.5332E-05 2.0000E-04
6.4912E-05 2.0000E-04
6.4240E-05 2.0000E-04
6.3856E-05 2.0000E-04
6.3243E-05 2.0000E-04
6.2495E-05 2.0000E-04
6.1875E-05 2.0000E-04
6.1816E-05 2.0000E-04
6.1191E-05 2.0000E-04
6.1090E-05 2.0000E-04
6.0496E-05 2.0000E-04
6.0550E-05 2.0000E-04
5.9967E-05 2.0000E-04
5.9783E-05 2.0000E-04
5.9277E-05 2.0000E-04
5.8325E-05 2.0000E-04
5.7834E-05 2.0000E-04
5.7498E-05 2.0000E-04
5.6968E-05 2.0000E-04
5.7352E-05 2.0000E-04
5.6803E-05 2.0000E-04
5.6727E-05 2.0000E-04
5.6239E-05 2.0000E-04
5.6265E-05 2.0000E-04
5.5765E-05 2.0000E-04
5.5401E-05 2.0000E-04
5.4971E-05 2.0000E-04
5.4763E-05 2.0000E-04
5.4243E-05 2.0000E-04
5.4406E-05 2.0000E-04
5.3956E-05 2.0000E-04
5.4124E-05 2.0000E-04
5.3665E-05 2.0000E-04
5.3700E-05 2.0000E-04
5.3222E-05 2.0000E-04
5.3047E-05 2.0000E-04
5.2649E-05 2.0000E-04
5.2535E-05 2.0000E-04
5.2080E-05 2.0000E-04
5.2146E-05 2.0000E-04
5.1757E-05 2.0000E-04
5.2166E-05 2.0000E-04
5.1703E-05 2.0000E-04
5.1694E-05 2.0000E-04
5.1285E-05 2.0000E-04
5.1325E-05 2.0000E-04
5.0906E-05 2.0000E-04
5.0891E-05 2.0000E-04
5.0563E-05 2.0000E-04
5.0646E-05 2.0000E-04
5.0163E-05 2.0000E-04
5.0366E-05 2.0000E-04
4.9940E-05 2.0000E-04
5.0135E-05 2.0000E-04
4.9704E-05 2.0000E-04
5.0012E-05 2.0000E-04
4.9634E-05 2.0000E-04
4.9748E-05 2.0000E-04
4.9350E-05 2.0000E-04
4.9516E-05 2.0000E-04
4.9101E-05 2.0000E-04
4.9435E-05 2.0000E-04
4.8971E-05 2.0000E-04
4.9476E-05 2.0000E-04
4.9017E-05 2.0000E-04
4.9317E-05 2.0000E-04
4.8956E-05 2.0000E-04
4.9019E-05 2.0000E-04
4.8643E-05 2.0000E-04
4.8664E-05 2.0000E-04
4.8262E-05 2.0000E-04
4.8718E-05 2.0000E-04
4.8288E-05 2.0000E-04
4.8540E-05 2.0000E-04
4.8168E-05 2.0000E-04
4.8634E-05 2.0000E-04
4.8194E-05 2.0000E-04
4.8198E-05 2.0000E-04
4.7848E-05 2.0000E-04
4.8097E-05 2.0000E-04
4.7691E-05 2.0000E-04
4.7955E-05 2.0000E-04
4.7605E-05 2.0000E-04
4.8171E-05 2.0000E-04
4.7767E-05 2.0000E-04
4.8097E-05 2.0000E-04
4.7661E-05 2.0000E-04
4.7770E-05 2.0000E-04
4.7410E-05 2.0000E-04
4.7708E-05 2.0000E-04
4.7343E-05 2.0000E-04
4.7435E-05 2.0000E-04
4.7093E-05 2.0000E-04
4.7653E-05 2.0000E-04
4.7209E-05 2.0000E-04
4.7498E-05 2.0000E-04
4.7134E-05 2.0000E-04
4.7337E-05 2.0000E-04
4.7011E-05 2.0000E-04
4.7183E-05 2.0000E-04
4.6813E-05 2.0000E-04
4.7158E-05 2.0000E-04
4.6752E-05 2.0000E-04
4.7160E-05 2.0000E-04
4.6717E-05 2.0000E-04
4.6999E-05 2.0000E-04
4.6587E-05 2.0000E-04
4.6977E-05 2.0000E-04
4.6602E-05 2.0000E-04
4.6942E-05 2.0000E-04
4.6547E-05 2.0000E-04
4.6992E-05 2.0000E-04
4.6567E-05 2.0000E-04
4.6850E-05 2.0000E-04
4.6448E-05 2.0000E-04
4.6879E-05 2.0000E-04
4.6429E-05 2.0000E-04
4.6766E-05 2.0000E-04
4.6370E-05 2.0000E-04
4.6648E-05 2.0000E-04
4.6261E-05 2.0000E-04
4.6578E-05 2.0000E-04
4.6182E-05 2.0000E-04
4.6572E-05 2.0000E-04
4.6170E-05 2.0000E-04
4.6311E-05 2.0000E-04
4.5947E-05 2.0000E-04
4.6332E-05 2.0000E-04
4.5876E-05 2.0000E-04
4.5967E-05 2.0000E-04
4.5607E-05 2.0000E-04
4.5870E-05 2.0000E-04
4.5496E-05 2.0000E-04
4.5656E-05 2.0000E-04
4.5308E-05 2.0000E-04
4.5672E-05 2.0000E-04
4.5229E-05 2.0000E-04
4.5449E-05 2.0000E-04
4.5020E-05 2.0000E-04
4.5134E-05 2.0000E-04
4.4778E-05 2.0000E-04
4.4924E-05 2.0000E-04
4.4579E-05 2.0000E-04
4.4585E-05 2.0000E-04
4.4178E-05 2.0000E-04
4.4447E-05 2.0000E-04
4.4042E-05 2.0000E-04
4.4276E-05 2.0000E-04
4.3921E-05 2.0000E-04
4.3957E-05 2.0000E-04
4.3637E-05 2.0000E-04
4.3709E-05 2.0000E-04
4.3290E-05 2.0000E-04
4.3545E-05 2.0000E-04
4.3112E-05 2.0000E-04
4.3318E-05 2.0000E-04
4.2924E-05 2.0000E-04
4.3004E-05 2.0000E-04
4.2631E-05 2.0000E-04
4.2762E-05 2.0000E-04
4.2347E-05 2.0000E-04
4.2501E-05 2.0000E-04
4.2062E-05 2.0000E-04
4.2350E-05 2.0000E-04
4.1942E-05 2.0000E-04
4.2038E-05 2.0000E-04
4.1676E-05 2.0000E-04
4.1748E-05 2.0000E-04
4.1342E-05 2.0000E-04
4.1490E-05 2.0000E-04
4.1052E-05 2.0000E-04
4.1223E-05 2.0000E-04
4.0822E-05 2.0000E-04
4.0992E-05 2.0000E-04
4.0610E-05 2.0000E-04
4.0742E-05 2.0000E-04
4.0372E-05 2.0000E-04
4.0298E-05 2.0000E-04
3.9936E-05 2.0000E-04
4.0018E-05 2.0000E-04
3.9567E-05 2.0000E-04
3.9637E-05 2.0000E-04
3.9245E-05 2.0000E-04
3.9341E-05 2.0000E-04
3.8959E-05 2.0000E-04
3.8871E-05 2.0000E-04
3.8530E-05 2.0000E-04
3.8616E-05 2.0000E-04
3.8135E-05 2.0000E-04
3.8156E-05 2.0000E-04
3.7773E-05 2.0000E-04
3.7750E-05 2.0000E-04
3.7339E-05 2.0000E-04
3.7267E-05 2.0000E-04
3.6894E-05 2.0000E-04
3.6770E-05 2.0000E-04
3.6384E-05 2.0000E-04
3.6307E-05 2.0000E-04
3.5932E-05 2.0000E-04
3.5890E-05 2.0000E-04
3.5557E-05 2.0000E-04
3.5417E-05 2.0000E-04
3.5063E-05 2.0000E-04
3.4966E-05 2.0000E-04
3.4617E-05 2.0000E-04
3.4639E-05 2.0000E-04
3.4270E-05 2.0000E-04
3.4215E-05 2.0000E-04
3.3851E-05 2.0000E-04
3.3764E-05 2.0000E-04
3.3434E-05 2.0000E-04
3.3319E-05 2.0000E-04
3.2956E-05 2.0000E-04
3.2899E-05 2.0000E-04
3.2502E-05 2.0000E-04
3.2586E-05 2.0000E-04
3.2205E-05 2.0000E-04
3.2205E-05 2.0000E-04
3.1815E-05 2.0000E-04
3.1730E-05 2.0000E-04
3.1362E-05 2.0000E-04
3.1190E-05 2.0000E-04
3.0843E-05 2.0000E-04
3.0614E-05 2.0000E-04
3.0259E-05 2.0000E-04
3.0153E-05 2.0000E-04
2.9779E-05 2.0000E-04
2.9825E-05 2.0000E-04
2.9426E-05 2.0000E-04
2.9385E-05 2.0000E-04
2.9041E-05 2.0000E-04
2.8762E-05 2.0000E-04
2.8468E-05 2.0000E-04
2.8141E-05 2.0000E-04
2.7817E-05 2.0000E-04
2.7732E-05 2.0000E-04
2.7376E-05 2.0000E-04
2.7423E-05 2.0000E-04
2.7070E-05 2.0000E-04
2.7091E-05 2.0000E-04
2.6717E-05 2.0000E-04
2.6649E-05 2.0000E-04
2.6316E-05 2.0000E-04
2.6053E-05 2.0000E-04
2.5788E-05 2.0000E-04
2.5437E-05 2.0000E-04
2.5149E-05 2.0000E-04
2.4998E-05 2.0000E-04
2.4630E-05 2.0000E-04
2.4762E-05 2.0000E-04
2.4396E-05 2.0000E-04
2.4442E-05 2.0000E-04
2.4077E-05 2.0000E-04
2.3984E-05 2.0000E-04
2.3695E-05 2.0000E-04
2.3404E-05 2.0000E-04
2.3159E-05 2.0000E-04
2.2787E-05 2.0000E-04
2.2519E-05 2.0000E-04
2.2385E-05 2.0000E-04
2.2064E-05 2.0000E-04
2.2174E-05 2.0000E-04
2.1863E-05 2.0000E-04
2.1754E-05 2.0000E-04
2.1470E-05 2.0000E-04
2.1266E-05 2.0000E-04
2.0982E-05 2.0000E-04
2.0960E-05 2.0000E-04
2.0652E-05 2.0000E-04
2.0731E-05 2.0000E-04
2.0426E-05 2.0000E-04
2.0464E-05 2.0000E-04
2.0160E-05 2.0000E-04
2.0099E-05 2.0000E-04
1.9847E-05 2.0000E-04
1.9636E-05 2.0000E-04
1.9342E-05 2.0000E-04
1.9353E-05 2.0000E-04
1.9049E-05 2.0000E-04
1.9211E-05 2.0000E-04
1.8871E-05 2.0000E-04
1.8920E-05 2.0000E-04
1.8661E-05 2.0000E-04
1.8489E-05 2.0000E-04
1.8244E-05 2.0000E-04
1.8047E-05 2.0000E-04
1.7793E-05 2.0000E-04
1.7730E-05 2.0000E-04
1.7447E-05 2.0000E-04
1.7488E-05 2.0000E-04
1.7227E-05 2.0000E-04
1.7236E-05 2.0000E-04
1.6997E-05 2.0000E-04
1.6868E-05 2.0000E-04
1.6667E-05 2.0000E-04
1.6380E-05 2.0000E-04
1.6161E-05 2.0000E-04
1.6044E-05 2.0000E-04
1.5793E-05 2.0000E-04
1.6013E-05 2.0000E-04
1.5725E-05 2.0000E-04
1.5914E-05 2.0000E-04
1.5681E-05 2.0000E-04
1.5586E-05 2.0000E-04
1.5383E-05 2.0000E-04
1.5227E-05 2.0000E-04
1.4995E-05 2.0000E-04
1.5094E-05 2.0000E-04
1.4849E-05 2.0000E-04
1.5035E-05 2.0000E-04
1.4768E-05 2.0000E-04
1.4896E-05 2.0000E-04
1.4690E-05 2.0000E-04
1.4647E-05 2.0000E-04
1.4465E-05 2.0000E-04
1.4243E-05 2.0000E-04
1.4051E-05 2.0000E-04
1.4013E-05 2.0000E-04
1.3774E-05 2.0000E-04
1.3955E-05 2.0000E-04
1.3717E-05 2.0000E-04
1.3888E-05 2.0000E-04
1.3687E-05 2.0000E-04
1.3758E-05 2.0000E-04
1.3556E-05 2.0000E-04
1.3653E-05 2.0000E-04
1.3443E-05 2.0000E-04
1.3536E-05 2.0000E-04
1.3337E-05 2.0000E-04
1.3510E-05 2.0000E-04
1.3288E-05 2.0000E-04
1.3413E-05 2.0000E-04
1.3237E-05 2.0000E-04
1.3384E-05 2.0000E-04
1.3176E-05 2.0000E-04
1.3286E-05 2.0000E-04
1.3108E-05 2.0000E-04
1.3331E-05 2.0000E-04
1.3131E-05 2.0000E-04
1.3237E-05 2.0000E-04
1.3073E-05 2.0000E-04
1.3198E-05 2.0000E-04
1.3008E-05 2.0000E-04
1.3104E-05 2.0000E-04
1.2923E-05 2.0000E-04
1.3025E-05 2.0000E-04
1.2878E-05 2.0000E-04
1.2952E-05 2.0000E-04
1.2781E-05 2.0000E-04
1.2871E-05 2.0000E-04
1.2697E-05 2.0000E-04
1.2822E-05 2.0000E-04
1.2648E-05 2.0000E-04
1.2842E-05 2.0000E-04
1.2658E-05 2.0000E-04
1.2851E-05 2.0000E-04
1.2687E-05 2.0000E-04
1.2872E-05 2.0000E-04
1.2729E-05 2.0000E-04
1.2804E-05 2.0000E-04
1.2655E-05 2.0000E-04
1.2840E-05 2.0000E-04
1.2606E-05 2.0000E-04
1.2753E-05 2.0000E-04
1.2606E-05 2.0000E-04
1.2720E-05 2.0000E-04
1.2570E-05 2.0000E-04
1.2618E-05 2.0000E-04
1.2490E-05 2.0000E-04
1.2670E-05 2.0000E-04
1.2488E-05 2.0000E-04
1.2595E-05 2.0000E-04
1.2433E-05 2.0000E-04
1.2571E-05 2.0000E-04
1.2430E-05 2.0000E-04
1.2660E-05 2.0000E-04
1.2493E-05 2.0000E-04
1.2682E-05 2.0000E-04
1.2525E-05 2.0000E-04
1.2765E-05 2.0000E-04
1.2585E-05 2.0000E-04
1.2806E-05 2.0000E-04
1.2650E-05 2.0000E-04
1.2706E-05 2.0000E-04
1.2587E-05 2.0000E-04
1.2800E-05 2.0000E-04
1.2587E-05 2.0000E-04
1.2742E-05 2.0000E-04
1.2572E-05 2.0000E-04
1.2802E-05 2.0000E-04
1.2639E-05 2.0000E-04
1.2765E-05 2.0000E-04
1.2632E-05 2.0000E-04
1.2876E-05 2.0000E-04
1.2722E-05 2.0000E-04
1.2832E-05 2.0000E-04
1.2689E-05 2.0000E-04
1.2865E-05 2.0000E-04
1.2737E-05 2.0000E-04
1.2918E-05 2.0000E-04
1.2782E-05 2.0000E-04
1.3028E-05 2.0000E-04
1.2885E-05 2.0000E-04
1.3046E-05 2.0000E-04
1.2881E-05 2.0000E-04
1.3091E-05 2.0000E-04
1.2935E-05 2.0000E-04
1.3220E-05 2.0000E-04
1.3058E-05 2.0000E-04
1.3295E-05 2.0000E-04
1.3166E-05 2.0000E-04
1.3374E-05 2.0000E-04
1.3205E-05 2.0000E-04
1.3435E-05 2.0000E-04
1.3262E-05 2.0000E-04
1.3406E-05 2.0000E-04
1.3284E-05 2.0000E-04
1.3502E-05 2.0000E-04
1.3346E-05 2.0000E-04
1.3538E-05 2.0000E-04
1.3408E-05 2.0000E-04
1.3662E-05 2.0000E-04
1.3494E-05 2.0000E-04
1.3603E-05 2.0000E-04
1.3464E-05 2.0000E-04
1.3656E-05 2.0000E-04
1.3517E-05 2.0000E-04
1.3794E-05 2.0000E-04
1.3643E-05 2.0000E-04
1.3831E-05 2.0000E-04
1.3680E-05 2.0000E-04
1.3856E-05 2.0000E-04
1.3707E-05 2.0000E-04
1.3907E-05 2.0000E-04
1.3771E-05 2.0000E-04
1.3917E-05 2.0000E-04
1.3757E-05 2.0000E-04
1.3958E-05 2.0000E-04
1.3818E-05 2.0000E-04
1.3923E-05 2.0000E-04
1.3770E-05 2.0000E-04
1.4002E-05 2.0000E-04
1.3847E-05 2.0000E-04
1.4020E-05 2.0000E-04
1.3871E-05 2.0000E-04
1.4161E-05 2.0000E-04
1.3984E-05 2.0000E-04
1.4083E-05 2.0000E-04
1.3939E-05 2.0000E-04
1.4072E-05 2.0000E-04
1.3928E-05 2.0000E-04
1.4080E-05 2.0000E-04
1.3944E-05 2.0000E-04
1.4160E-05 2.0000E-04
1.3986E-05 2.0000E-04
1.4124E-05 2.0000E-04
1.3968E-05 2.0000E-04
1.4109E-05 2.0000E-04
1.3963E-05 2.0000E-04
1.4149E-05 2.0000E-04
1.3984E-05 2.0000E-04
1.4150E-05 2.0000E-04
1.4010E-05 2.0000E-04
1.4167E-05 2.0000E-04
1.4019E-05 2.0000E-04
1.4219E-05 2.0000E-04
1.4040E-05 2.0000E-04
1.4131E-05 2.0000E-04
1.3998E-05 2.0000E-04
1.4158E-05 2.0000E-04
1.4014E-05 2.0000E-04
1.4167E-05 2.0000E-04
1.4020E-05 2.0000E-04
1.4203E-05 2.0000E-04
1.4039E-05 2.0000E-04
1.4147E-05 2.0000E-04
1.3999E-05 2.0000E-04
1.4161E-05 2.0000E-04
1.4021E-05 2.0000E-04
1.4199E-05 2.0000E-04
1.4040E-05 2.0000E-04
1.4163E-05 2.0000E-04
1.4019E-05 2.0000E-04
1.4135E-05 2.0000E-04
1.3981E-05 2.0000E-04
1.4150E-05 2.0000E-04
1.4010E-05 2.0000E-04
1.4150E-05 2.0000E-04
1.3988E-05 2.0000E-04
1.4118E-05 2.0000E-04
1.3979E-05 2.0000E-04
1.4040E-05 2.0000E-04
1.3881E-05 2.0000E-04
1.4055E-05 2.0000E-04
1.3903E-05 2.0000E-04
1.4042E-05 2.0000E-04
1.3891E-05 2.0000E-04
1.4134E-05 2.0000E-04
1.3938E-05 2.0000E-04
1.4002E-05 2.0000E-04
1.3872E-05 2.0000E-04
1.3941E-05 2.0000E-04
1.3800E-05 2.0000E-04
1.3874E-05 2.0000E-04
1.3741E-05 2.0000E-04
1.3890E-05 2.0000E-04
1.3724E-05 2.0000E-04
1.3811E-05 2.0000E-04
1.3653E-05 2.0000E-04
1.3736E-05 2.0000E-04
1.3606E-05 2.0000E-04
1.3722E-05 2.0000E-04
1.3722E-05 2.0000E-04
1.3503E-05 2.0000E-04
1.0752E-05 2.0000E-04
5.1540E-06 2.0000E-04
