527.5
111.3
109.7
111.6
110.6
111.5
111.0
110.8
108.8
108.9
111.4
110.2
109.4
110.8
110.1
109.4
109.9
111.0
110.6
107.7
109.5
109.9
111.3
110.8
108.8
109.1
109.4
109.7
109.3
110.9
109.0
111.0
108.6
110.8
110.3
109.7
111.5
110.3
109.1
108.9
109.1
110.4
110.9
111.2
110.8
109.3
113.6
109.7
108.3
110.6
110.3
111.1
109.3
110.5
110.0
109.5
109.9
108.9
110.2
110.2
110.0
110.4
109.1
109.2
109.8
110.0
110.4
109.5
110.7
110.3
111.4
109.7
109.4
108.9
112.3
110.9
109.2
109.0
109.3
111.1
110.3
109.0
110.6
110.1
110.9
110.3
108.8
108.3
110.7
108.7
111.2
111.9
112.0
112.0
110.7
110.9
109.0
110.9
109.6
110.1
107.9
110.9
110.3
111.9
109.5
109.6
110.0
110.5
108.5
109.6
112.0
108.3
110.7
110.6
111.3
109.8
110.1
107.8
111.3
109.3
108.5
109.2
110.5
108.6
109.7
112.3
109.4
110.1
108.4
110.4
109.3
109.8
109.7
110.6
109.3
111.0
108.2
109.6
110.9
111.4
110.4
111.2
109.5
112.3
109.0
109.9
110.6
110.8
111.0
109.2
108.5
109.8
110.8
108.8
110.9
107.9
109.5
110.1
108.4
107.4
109.9
107.9
110.1
110.4
108.2
110.8
109.2
109.6
110.5
109.7
110.9
109.6
110.0
108.2
108.9
109.7
110.2
109.7
111.6
108.0
110.1
110.2
110.7
109.9
110.3
108.9
111.5
110.0
109.8
109.3
108.3
110.1
110.5
108.6
110.8
109.9
110.2
110.2
111.3
109.0
109.0
108.6
108.8
109.7
109.2
109.3
107.3
110.0
111.5
109.6
109.3
112.0
110.6
109.1
108.9
109.7
109.3
108.0
109.1
109.4
109.9
110.3
112.5
108.3
109.3
109.7
110.3
109.5
110.5
109.8
109.9
109.8
109.1
110.3
108.7
109.6
108.8
108.5
108.6
110.1
108.8
110.8
108.5
109.6
110.7
110.4
108.7
109.4
109.5
110.5
108.9
111.2
111.3
110.2
110.2
108.4
110.1
110.2
111.2
108.3
108.9
110.1
110.2
157.9
107.6
110.7
110.8
110.3
110.5
110.1
109.8
109.0
108.4
109.8
109.6
108.7
111.2
110.5
110.3
112.7
110.5
110.2
109.9
110.2
110.2
108.6
110.2
111.0
109.0
110.2
109.2
108.6
109.6
109.5
110.9
111.3
110.5
110.9
109.1
110.7
110.3
108.7
110.8
109.9
110.4
110.7
110.3
110.2
108.0
110.8
110.2
109.0
108.7
109.4
111.1
110.4
109.5
112.6
109.5
112.5
109.4
108.7
110.1
108.5
109.6
112.5
111.3
111.3
110.7
109.1
109.6
111.0
110.9
109.3
109.1
109.3
110.0
109.0
110.5
111.9
109.8
110.4
108.7
110.0
109.4
110.4
111.0
109.5
109.0
114.6
111.4
109.2
110.6
111.2
109.3
110.0
109.1
109.8
109.0
110.7
110.7
110.7
109.1
110.6
111.9
112.7
109.6
110.3
109.9
110.1
111.9
110.1
108.7
107.8
111.5
109.9
109.3
108.7
108.1
111.1
111.1
111.2
111.3
110.1
108.8
110.7
111.1
110.1
109.8
109.6
111.5
109.0
109.6
110.3
111.5
110.4
109.5
110.4
110.6
108.3
109.4
110.5
108.9
110.2
110.1
110.5
110.9
109.6
108.9
109.8
109.3
109.9
110.4
108.9
110.4
112.9
109.5
109.6
109.4
109.1
111.9
108.6
109.5
110.5
111.1
109.3
111.0
109.9
109.6
111.6
109.0
109.0
111.0
110.1
111.5
110.3
110.2
110.3
108.5
111.2
109.8
109.8
110.6
109.6
109.7
110.9
108.9
108.5
108.8
110.0
111.3
109.6
110.8
109.4
109.4
110.3
111.7
111.0
109.2
108.3
110.5
110.8
108.8
110.3
111.1
110.3
110.1
109.1
109.9
111.0
109.6
111.5
109.4
109.3
112.1
109.9
109.6
111.5
108.7
110.2
110.8
110.0
110.3
110.9
109.0
110.6
108.9
110.1
112.4
109.7
109.2
110.1
110.5
108.4
109.5
110.0
110.2
110.3
109.1
110.3
110.2
109.4
110.0
110.3
109.2
108.9
110.0
109.0
111.7
109.7
110.7
110.0
110.4
110.1
111.2
109.5
110.5
111.0
111.4
111.1
110.3
110.1
109.6
109.4
110.2
108.3
111.9
112.2
111.0
109.0
111.3
110.9
108.7
110.3
110.8
109.0
110.1
112.4
109.2
109.3
108.9
110.4
111.1
111.7
110.0
110.8
110.7
109.8
110.9
110.5
110.5
110.3
109.4
109.5
109.7
110.5
112.5
109.6
109.2
112.1
109.4
111.4
112.8
109.4
109.7
110.4
110.0
112.2
109.6
110.4
108.1
109.0
109.6
111.3
111.5
109.6
110.0
111.9
111.4
109.4
111.4
110.8
111.3
110.6
107.9
110.2
110.0
110.4
113.0
109.8
109.3
111.6
110.2
110.2
111.0
111.1
110.3
110.1
112.7
507.7
106.9
108.4
109.9
108.5
110.1
111.6
116.6
109.8
110.5
107.3
109.8
108.5
108.8
110.5
124.2
109.5
109.1
110.0
