0.000000000000000000e+00 0.000000000000000000e+00
1.802700000000000136e-01 -3.978312933650000188e-02
4.214899999999999758e-01 -3.081803375530000125e-02
5.896700000000000275e-01 9.508901155689999940e-02
7.419900000000000384e-01 2.590980268436999800e-01
8.946800000000000308e-01 4.820489625005000001e-01
1.051919999999999966e+00 7.158854850329999797e-01
1.231260000000000021e+00 1.056654686739300075e+00
1.404800000000000049e+00 1.693664988761000023e+00
1.588529999999999998e+00 2.929524574232899692e+00
1.779209999999999958e+00 5.310249669101099634e+00
1.972239999999999993e+00 8.874512900024800643e+00
2.167629999999999946e+00 1.208551052676350146e+01
2.363459999999999894e+00 1.354139735795939892e+01
2.567110000000000003e+00 1.342531854685790016e+01
2.768689999999999873e+00 1.326296659458740024e+01
2.957980000000000054e+00 1.398080080881990028e+01
3.145880000000000010e+00 1.536888046074649949e+01
3.343360000000000110e+00 1.617077709838790156e+01
3.512770000000000170e+00 1.584886573439870006e+01
3.674389999999999823e+00 1.532468776291610091e+01
3.839580000000000215e+00 1.494996542973959919e+01
4.055679999999999730e+00 1.483634181035150057e+01
4.229440000000000310e+00 1.480807547919379985e+01
