Max Step   Target
3.3382E-03 1.8000E-02
1.8090E-01 1.8000E-02
6.3809E-02 1.8000E-02
5.9112E-02 1.8000E-02
1.5616E-01 1.8000E-02
5.8784E-02 1.8000E-02
1.7150E-02 1.8000E-02
0.0000E+00 1.8000E-02
2.1054E-03 1.8000E-02
2.2552E-03 1.8000E-02
8.1574E-03 1.8000E-02
4.2728E-02 1.8000E-02
2.2725E-02 1.8000E-02
3.9055E-03 1.8000E-02
2.2262E-02 1.8000E-02
3.4986E-02 1.8000E-02
5.6188E-02 1.8000E-02
1.0038E-02 1.8000E-02
3.9191E-03 1.8000E-02
1.5671E-02 1.8000E-02
1.4424E-02 1.8000E-02
3.1305E-02 1.8000E-02
9.5604E-03 1.8000E-02
3.8065E-03 1.8000E-02
8.3586E-03 1.8000E-02
1.0521E-02 1.8000E-02
1.5105E-02 1.8000E-02
