RMS Grad   Target
1.0642E-03 3.0000E-03
1.0383E-03 3.0000E-03
8.6828E-04 3.0000E-03
5.4193E-04 3.0000E-03
4.0143E-04 3.0000E-03
3.9264E-04 3.0000E-03
6.2044E-04 3.0000E-03
2.0173E-04 3.0000E-03
2.1140E-04 3.0000E-03
1.5128E-04 3.0000E-03
1.3281E-04 3.0000E-03
1.0736E-04 3.0000E-03
2.6949E-04 3.0000E-03
2.0926E-04 3.0000E-03
1.3601E-04 3.0000E-03
8.9396E-05 3.0000E-03
1.2682E-04 3.0000E-03
3.6694E-04 3.0000E-03
9.0716E-05 3.0000E-03
7.2436E-05 3.0000E-03
1.0704E-04 3.0000E-03
1.1228E-04 3.0000E-03
3.8554E-04 3.0000E-03
7.2508E-05 3.0000E-03
5.7670E-05 3.0000E-03
7.1377E-05 3.0000E-03
9.2228E-05 3.0000E-03
1.1660E-04 3.0000E-03
