Max Step   Target
1.4080E-03 1.2000E-03
4.9890E-03 1.2000E-03
5.9035E-03 1.2000E-03
1.8358E-02 1.2000E-03
9.4440E-03 1.2000E-03
2.7477E-03 1.2000E-03
2.1352E-03 1.2000E-03
2.1678E-03 1.2000E-03
8.9826E-03 1.2000E-03
9.6041E-03 1.2000E-03
2.4631E-03 1.2000E-03
3.9903E-03 1.2000E-03
4.2748E-03 1.2000E-03
1.3614E-02 1.2000E-03
4.0238E-03 1.2000E-03
2.1437E-03 1.2000E-03
5.7567E-03 1.2000E-03
1.0571E-02 1.2000E-03
1.3052E-02 1.2000E-03
1.5950E-03 1.2000E-03
3.3441E-03 1.2000E-03
4.9130E-03 1.2000E-03
1.3139E-02 1.2000E-03
8.5611E-03 1.2000E-03
2.7139E-03 1.2000E-03
4.4793E-03 1.2000E-03
6.9602E-03 1.2000E-03
1.1429E-02 1.2000E-03
5.3064E-03 1.2000E-03
6.3008E-03 1.2000E-03
6.2742E-03 1.2000E-03
8.7669E-03 1.2000E-03
9.5439E-03 1.2000E-03
1.9624E-03 1.2000E-03
4.3362E-03 1.2000E-03
7.2182E-03 1.2000E-03
1.1890E-02 1.2000E-03
4.5943E-03 1.2000E-03
6.0084E-03 1.2000E-03
5.7236E-03 1.2000E-03
1.0227E-02 1.2000E-03
4.2308E-03 1.2000E-03
4.2568E-03 1.2000E-03
6.1872E-03 1.2000E-03
9.9467E-03 1.2000E-03
6.2775E-03 1.2000E-03
6.4683E-03 1.2000E-03
5.4717E-03 1.2000E-03
6.4442E-03 1.2000E-03
8.5117E-03 1.2000E-03
5.6209E-03 1.2000E-03
2.6838E-03 1.2000E-03
9.3008E-03 1.2000E-03
9.6449E-03 1.2000E-03
1.7245E-03 1.2000E-03
3.1407E-03 1.2000E-03
4.4327E-03 1.2000E-03
8.8929E-03 1.2000E-03
1.3436E-02 1.2000E-03
1.0260E-03 1.2000E-03
2.9494E-03 1.2000E-03
4.1557E-03 1.2000E-03
1.2045E-02 1.2000E-03
8.6801E-03 1.2000E-03
4.0741E-03 1.2000E-03
2.8838E-03 1.2000E-03
5.8396E-03 1.2000E-03
1.1247E-02 1.2000E-03
4.6061E-03 1.2000E-03
1.9862E-03 1.2000E-03
6.1795E-03 1.2000E-03
7.7307E-03 1.2000E-03
1.0634E-02 1.2000E-03
4.1291E-03 1.2000E-03
5.3634E-03 1.2000E-03
7.0204E-03 1.2000E-03
3.9125E-03 1.2000E-03
6.3274E-03 1.2000E-03
5.2155E-03 1.2000E-03
5.2155E-03 1.2000E-03
1.3079E-08 1.2000E-03
7.3643E-04 1.2000E-03
2.8301E-04 1.2000E-03
1.3291E-03 1.2000E-03
1.0606E-03 1.2000E-03
2.7576E-03 1.2000E-03
1.2003E-03 1.2000E-03
4.2775E-04 1.2000E-03
1.2956E-03 1.2000E-03
2.0543E-03 1.2000E-03
2.0373E-03 1.2000E-03
2.2314E-03 1.2000E-03
1.0520E-03 1.2000E-03
2.1851E-03 1.2000E-03
3.9124E-03 1.2000E-03
1.1270E-03 1.2000E-03
1.3281E-03 1.2000E-03
1.8386E-03 1.2000E-03
3.9763E-03 1.2000E-03
5.6158E-03 1.2000E-03
1.2561E-03 1.2000E-03
1.9945E-03 1.2000E-03
2.4292E-03 1.2000E-03
6.8949E-03 1.2000E-03
6.1069E-03 1.2000E-03
8.6508E-04 1.2000E-03
2.7003E-03 1.2000E-03
4.1101E-03 1.2000E-03
9.6827E-03 1.2000E-03
2.8517E-03 1.2000E-03
2.0888E-03 1.2000E-03
4.6720E-03 1.2000E-03
9.6369E-03 1.2000E-03
2.5644E-03 1.2000E-03
2.6979E-03 1.2000E-03
4.5741E-03 1.2000E-03
8.0885E-03 1.2000E-03
1.4262E-02 1.2000E-03
1.6742E-03 1.2000E-03
1.7658E-03 1.2000E-03
3.4201E-03 1.2000E-03
1.2624E-02 1.2000E-03
8.6321E-03 1.2000E-03
4.4314E-03 1.2000E-03
8.0890E-03 1.2000E-03
8.7555E-03 1.2000E-03
8.8665E-03 1.2000E-03
1.1324E-02 1.2000E-03
6.3846E-03 1.2000E-03
5.8271E-03 1.2000E-03
1.6617E-02 1.2000E-03
7.5484E-03 1.2000E-03
3.3624E-03 1.2000E-03
1.3563E-02 1.2000E-03
1.5619E-02 1.2000E-03
4.9839E-03 1.2000E-03
3.9818E-03 1.2000E-03
7.0959E-03 1.2000E-03
1.3006E-02 1.2000E-03
2.7897E-02 1.2000E-03
2.8086E-03 1.2000E-03
7.7596E-03 1.2000E-03
8.2307E-03 1.2000E-03
2.8943E-02 1.2000E-03
1.9169E-02 1.2000E-03
9.3690E-03 1.2000E-03
1.1419E-02 1.2000E-03
8.1100E-03 1.2000E-03
1.2035E-02 1.2000E-03
2.6158E-02 1.2000E-03
2.5228E-02 1.2000E-03
1.9369E-03 1.2000E-03
2.3676E-02 1.2000E-03
3.5739E-03 1.2000E-03
2.2284E-02 1.2000E-03
3.0046E-02 1.2000E-03
1.2439E-02 1.2000E-03
1.5871E-02 1.2000E-03
4.0855E-02 1.2000E-03
1.3713E-02 1.2000E-03
2.0910E-02 1.2000E-03
2.2669E-02 1.2000E-03
8.8012E-02 1.2000E-03
4.6968E-02 1.2000E-03
1.1171E-02 1.2000E-03
1.4818E-02 1.2000E-03
2.7194E-02 1.2000E-03
1.3832E-02 1.2000E-03
2.8819E-02 1.2000E-03
2.1452E-03 1.2000E-03
2.9950E-03 1.2000E-03
1.1461E-02 1.2000E-03
2.7332E-02 1.2000E-03
1.4593E-02 1.2000E-03
1.1862E-02 1.2000E-03
1.6364E-02 1.2000E-03
1.1998E-02 1.2000E-03
1.9778E-02 1.2000E-03
2.1229E-03 1.2000E-03
2.2099E-02 1.2000E-03
6.9236E-03 1.2000E-03
1.3977E-02 1.2000E-03
3.6553E-02 1.2000E-03
1.5248E-02 1.2000E-03
9.5452E-03 1.2000E-03
3.6577E-02 1.2000E-03
1.4611E-02 1.2000E-03
1.0921E-03 1.2000E-03
3.4518E-02 1.2000E-03
1.0871E-02 1.2000E-03
3.5216E-02 1.2000E-03
3.5943E-02 1.2000E-03
3.3516E-02 1.2000E-03
8.3820E-03 1.2000E-03
2.4170E-02 1.2000E-03
2.8842E-02 1.2000E-03
3.9068E-02 1.2000E-03
2.0966E-02 1.2000E-03
2.3828E-02 1.2000E-03
2.4855E-02 1.2000E-03
1.4083E-02 1.2000E-03
2.0966E-02 1.2000E-03
1.5861E-02 1.2000E-03
1.5380E-02 1.2000E-03
2.2402E-02 1.2000E-03
1.0009E-02 1.2000E-03
2.4835E-02 1.2000E-03
1.8063E-02 1.2000E-03
3.8340E-02 1.2000E-03
2.3945E-03 1.2000E-03
9.6164E-03 1.2000E-03
1.1147E-02 1.2000E-03
1.4955E-02 1.2000E-03
1.5845E-02 1.2000E-03
1.4587E-02 1.2000E-03
8.0099E-03 1.2000E-03
1.1236E-02 1.2000E-03
1.0604E-02 1.2000E-03
4.0833E-03 1.2000E-03
7.7735E-03 1.2000E-03
1.2157E-02 1.2000E-03
1.1661E-02 1.2000E-03
7.3997E-03 1.2000E-03
8.2107E-03 1.2000E-03
3.4464E-03 1.2000E-03
7.0999E-03 1.2000E-03
8.0695E-03 1.2000E-03
5.5845E-03 1.2000E-03
7.7565E-03 1.2000E-03
1.0264E-02 1.2000E-03
1.7813E-03 1.2000E-03
2.5755E-03 1.2000E-03
7.3529E-03 1.2000E-03
5.4463E-03 1.2000E-03
8.5610E-03 1.2000E-03
4.7381E-03 1.2000E-03
4.2169E-03 1.2000E-03
5.6854E-03 1.2000E-03
4.0644E-03 1.2000E-03
1.8609E-03 1.2000E-03
6.1901E-03 1.2000E-03
7.6426E-03 1.2000E-03
4.8092E-03 1.2000E-03
4.0740E-03 1.2000E-03
7.5332E-03 1.2000E-03
1.0611E-02 1.2000E-03
8.4460E-03 1.2000E-03
9.9753E-04 1.2000E-03
1.8996E-03 1.2000E-03
5.6848E-03 1.2000E-03
7.8907E-03 1.2000E-03
2.6201E-03 1.2000E-03
5.2783E-03 1.2000E-03
4.1027E-03 1.2000E-03
3.3976E-03 1.2000E-03
4.0872E-03 1.2000E-03
2.2630E-03 1.2000E-03
2.5628E-03 1.2000E-03
3.9674E-03 1.2000E-03
5.2652E-03 1.2000E-03
3.5844E-03 1.2000E-03
1.6236E-03 1.2000E-03
2.8617E-03 1.2000E-03
3.2017E-03 1.2000E-03
1.2570E-03 1.2000E-03
4.8951E-03 1.2000E-03
3.6349E-03 1.2000E-03
5.4140E-03 1.2000E-03
5.5936E-03 1.2000E-03
2.6983E-03 1.2000E-03
5.7935E-04 1.2000E-03
1.7959E-03 1.2000E-03
4.3059E-03 1.2000E-03
2.8718E-03 1.2000E-03
5.0686E-03 1.2000E-03
3.2160E-03 1.2000E-03
4.2866E-03 1.2000E-03
2.4460E-03 1.2000E-03
1.0833E-03 1.2000E-03
1.5423E-03 1.2000E-03
3.4762E-03 1.2000E-03
4.1913E-03 1.2000E-03
3.3858E-03 1.2000E-03
3.6781E-03 1.2000E-03
2.5576E-03 1.2000E-03
9.1735E-04 1.2000E-03
9.3526E-04 1.2000E-03
1.9646E-03 1.2000E-03
3.8215E-03 1.2000E-03
5.0126E-03 1.2000E-03
2.1695E-03 1.2000E-03
8.2127E-04 1.2000E-03
1.7496E-03 1.2000E-03
2.6563E-03 1.2000E-03
1.2127E-03 1.2000E-03
2.6709E-03 1.2000E-03
2.4763E-03 1.2000E-03
2.5515E-03 1.2000E-03
3.3653E-03 1.2000E-03
1.0234E-03 1.2000E-03
1.0234E-03 1.2000E-03
