RMS Step   Target
2.8350E-04 8.0000E-04
1.1404E-03 8.0000E-04
1.1359E-03 8.0000E-04
3.4707E-03 8.0000E-04
1.9304E-03 8.0000E-04
5.6493E-04 8.0000E-04
4.4764E-04 8.0000E-04
4.2764E-04 8.0000E-04
1.7905E-03 8.0000E-04
1.9412E-03 8.0000E-04
4.9982E-04 8.0000E-04
7.6420E-04 8.0000E-04
7.5334E-04 8.0000E-04
2.2999E-03 8.0000E-04
5.6446E-04 8.0000E-04
3.0169E-04 8.0000E-04
9.9015E-04 8.0000E-04
1.7023E-03 8.0000E-04
2.0934E-03 8.0000E-04
2.7950E-04 8.0000E-04
5.5587E-04 8.0000E-04
7.3636E-04 8.0000E-04
1.9619E-03 8.0000E-04
1.2138E-03 8.0000E-04
3.9930E-04 8.0000E-04
6.5161E-04 8.0000E-04
9.4884E-04 8.0000E-04
1.5568E-03 8.0000E-04
7.1928E-04 8.0000E-04
8.6735E-04 8.0000E-04
8.6737E-04 8.0000E-04
1.2260E-03 8.0000E-04
1.3013E-03 8.0000E-04
3.3217E-04 8.0000E-04
6.0240E-04 8.0000E-04
1.0010E-03 8.0000E-04
1.5464E-03 8.0000E-04
6.6686E-04 8.0000E-04
7.9453E-04 8.0000E-04
8.0866E-04 8.0000E-04
1.3484E-03 8.0000E-04
6.3571E-04 8.0000E-04
5.8857E-04 8.0000E-04
8.2375E-04 8.0000E-04
1.2863E-03 8.0000E-04
8.3470E-04 8.0000E-04
8.5317E-04 8.0000E-04
7.6397E-04 8.0000E-04
8.9810E-04 8.0000E-04
1.1905E-03 8.0000E-04
7.2639E-04 8.0000E-04
3.9280E-04 8.0000E-04
1.2171E-03 8.0000E-04
1.3660E-03 8.0000E-04
2.1451E-04 8.0000E-04
4.3067E-04 8.0000E-04
5.8705E-04 8.0000E-04
1.2572E-03 8.0000E-04
1.6533E-03 8.0000E-04
1.5347E-04 8.0000E-04
4.2233E-04 8.0000E-04
5.5900E-04 8.0000E-04
1.4454E-03 8.0000E-04
1.1085E-03 8.0000E-04
4.5190E-04 8.0000E-04
3.7193E-04 8.0000E-04
6.7493E-04 8.0000E-04
1.4221E-03 8.0000E-04
4.8759E-04 8.0000E-04
2.4903E-04 8.0000E-04
6.7591E-04 8.0000E-04
9.7034E-04 8.0000E-04
1.0934E-03 8.0000E-04
4.7736E-04 8.0000E-04
6.2915E-04 8.0000E-04
8.7192E-04 8.0000E-04
4.1758E-04 8.0000E-04
6.7625E-04 8.0000E-04
5.5526E-04 8.0000E-04
5.5526E-04 8.0000E-04
1.3579E-09 8.0000E-04
7.0874E-05 8.0000E-04
2.8176E-05 8.0000E-04
1.4864E-04 8.0000E-04
1.2246E-04 8.0000E-04
3.9887E-04 8.0000E-04
1.5314E-04 8.0000E-04
6.8523E-05 8.0000E-04
2.3065E-04 8.0000E-04
3.4685E-04 8.0000E-04
3.3781E-04 8.0000E-04
3.6615E-04 8.0000E-04
1.7529E-04 8.0000E-04
3.5058E-04 8.0000E-04
5.7751E-04 8.0000E-04
1.7146E-04 8.0000E-04
1.9026E-04 8.0000E-04
2.4750E-04 8.0000E-04
5.2441E-04 8.0000E-04
7.1276E-04 8.0000E-04
1.6463E-04 8.0000E-04
2.5347E-04 8.0000E-04
2.8885E-04 8.0000E-04
8.0662E-04 8.0000E-04
6.9815E-04 8.0000E-04
1.0722E-04 8.0000E-04
3.1050E-04 8.0000E-04
4.5599E-04 8.0000E-04
1.0535E-03 8.0000E-04
3.0929E-04 8.0000E-04
2.2353E-04 8.0000E-04
4.8288E-04 8.0000E-04
9.7155E-04 8.0000E-04
2.5510E-04 8.0000E-04
2.6246E-04 8.0000E-04
4.3501E-04 8.0000E-04
7.6198E-04 8.0000E-04
1.3198E-03 8.0000E-04
1.6571E-04 8.0000E-04
1.7770E-04 8.0000E-04
3.0441E-04 8.0000E-04
1.1111E-03 8.0000E-04
7.5252E-04 8.0000E-04
3.9061E-04 8.0000E-04
6.9174E-04 8.0000E-04
7.6428E-04 8.0000E-04
7.3440E-04 8.0000E-04
9.3911E-04 8.0000E-04
5.1287E-04 8.0000E-04
4.7468E-04 8.0000E-04
1.3194E-03 8.0000E-04
6.0666E-04 8.0000E-04
2.7226E-04 8.0000E-04
1.0524E-03 8.0000E-04
1.2499E-03 8.0000E-04
3.7515E-04 8.0000E-04
2.9868E-04 8.0000E-04
5.2689E-04 8.0000E-04
1.0093E-03 8.0000E-04
2.0480E-03 8.0000E-04
2.7642E-04 8.0000E-04
6.2918E-04 8.0000E-04
6.1974E-04 8.0000E-04
2.0969E-03 8.0000E-04
1.3911E-03 8.0000E-04
6.7505E-04 8.0000E-04
7.9921E-04 8.0000E-04
5.8647E-04 8.0000E-04
8.5603E-04 8.0000E-04
1.8644E-03 8.0000E-04
1.7742E-03 8.0000E-04
1.8169E-04 8.0000E-04
1.6573E-03 8.0000E-04
4.2662E-04 8.0000E-04
1.4839E-03 8.0000E-04
2.0380E-03 8.0000E-04
8.3397E-04 8.0000E-04
1.0521E-03 8.0000E-04
2.7168E-03 8.0000E-04
9.3853E-04 8.0000E-04
1.4009E-03 8.0000E-04
1.5279E-03 8.0000E-04
5.8910E-03 8.0000E-04
3.3695E-03 8.0000E-04
7.8928E-04 8.0000E-04
9.7977E-04 8.0000E-04
1.7911E-03 8.0000E-04
9.0487E-04 8.0000E-04
1.8925E-03 8.0000E-04
2.3632E-04 8.0000E-04
2.2015E-04 8.0000E-04
7.4150E-04 8.0000E-04
1.7214E-03 8.0000E-04
9.1899E-04 8.0000E-04
7.2777E-04 8.0000E-04
9.9075E-04 8.0000E-04
7.2125E-04 8.0000E-04
1.1722E-03 8.0000E-04
2.4939E-04 8.0000E-04
1.2880E-03 8.0000E-04
7.4389E-04 8.0000E-04
7.7358E-04 8.0000E-04
2.0108E-03 8.0000E-04
8.0630E-04 8.0000E-04
4.9833E-04 8.0000E-04
1.8410E-03 8.0000E-04
7.4037E-04 8.0000E-04
1.0252E-04 8.0000E-04
1.8220E-03 8.0000E-04
6.2094E-04 8.0000E-04
1.7845E-03 8.0000E-04
1.7304E-03 8.0000E-04
1.7185E-03 8.0000E-04
6.2635E-04 8.0000E-04
1.1423E-03 8.0000E-04
1.3330E-03 8.0000E-04
1.7985E-03 8.0000E-04
9.5981E-04 8.0000E-04
1.0698E-03 8.0000E-04
1.0938E-03 8.0000E-04
6.5213E-04 8.0000E-04
8.9953E-04 8.0000E-04
7.0973E-04 8.0000E-04
7.1685E-04 8.0000E-04
9.7651E-04 8.0000E-04
7.4994E-04 8.0000E-04
1.0366E-03 8.0000E-04
1.4182E-03 8.0000E-04
1.5865E-03 8.0000E-04
2.7859E-04 8.0000E-04
6.3525E-04 8.0000E-04
9.7676E-04 8.0000E-04
7.2328E-04 8.0000E-04
7.4997E-04 8.0000E-04
6.4512E-04 8.0000E-04
5.2615E-04 8.0000E-04
6.6497E-04 8.0000E-04
5.9420E-04 8.0000E-04
3.2198E-04 8.0000E-04
4.9109E-04 8.0000E-04
5.9839E-04 8.0000E-04
7.2323E-04 8.0000E-04
5.3008E-04 8.0000E-04
4.1242E-04 8.0000E-04
3.4119E-04 8.0000E-04
6.3061E-04 8.0000E-04
4.4887E-04 8.0000E-04
3.9994E-04 8.0000E-04
6.3408E-04 8.0000E-04
6.1010E-04 8.0000E-04
1.8196E-04 8.0000E-04
2.6454E-04 8.0000E-04
3.7763E-04 8.0000E-04
4.0820E-04 8.0000E-04
5.1646E-04 8.0000E-04
3.4858E-04 8.0000E-04
2.9016E-04 8.0000E-04
5.4010E-04 8.0000E-04
3.1973E-04 8.0000E-04
1.9660E-04 8.0000E-04
5.4798E-04 8.0000E-04
7.5345E-04 8.0000E-04
2.2278E-04 8.0000E-04
3.1788E-04 8.0000E-04
4.0095E-04 8.0000E-04
1.1399E-03 8.0000E-04
3.4051E-04 8.0000E-04
6.6549E-05 8.0000E-04
1.7164E-04 8.0000E-04
5.1312E-04 8.0000E-04
3.7823E-04 8.0000E-04
2.3291E-04 8.0000E-04
2.7742E-04 8.0000E-04
3.8619E-04 8.0000E-04
3.1906E-04 8.0000E-04
2.1817E-04 8.0000E-04
1.9300E-04 8.0000E-04
2.0579E-04 8.0000E-04
2.7942E-04 8.0000E-04
4.1444E-04 8.0000E-04
2.7811E-04 8.0000E-04
1.3758E-04 8.0000E-04
2.5179E-04 8.0000E-04
2.4673E-04 8.0000E-04
9.7417E-05 8.0000E-04
3.6243E-04 8.0000E-04
2.7260E-04 8.0000E-04
4.0280E-04 8.0000E-04
4.2320E-04 8.0000E-04
2.0899E-04 8.0000E-04
5.2607E-05 8.0000E-04
1.6096E-04 8.0000E-04
3.0860E-04 8.0000E-04
2.0710E-04 8.0000E-04
3.7043E-04 8.0000E-04
2.3222E-04 8.0000E-04
3.1561E-04 8.0000E-04
1.9805E-04 8.0000E-04
1.0587E-04 8.0000E-04
1.1770E-04 8.0000E-04
2.4421E-04 8.0000E-04
2.9154E-04 8.0000E-04
2.3840E-04 8.0000E-04
2.6789E-04 8.0000E-04
1.9931E-04 8.0000E-04
9.6428E-05 8.0000E-04
1.0206E-04 8.0000E-04
1.4619E-04 8.0000E-04
2.7304E-04 8.0000E-04
3.4752E-04 8.0000E-04
1.5862E-04 8.0000E-04
7.9320E-05 8.0000E-04
1.6000E-04 8.0000E-04
2.1491E-04 8.0000E-04
9.6347E-05 8.0000E-04
1.9707E-04 8.0000E-04
1.7885E-04 8.0000E-04
1.8861E-04 8.0000E-04
2.6492E-04 8.0000E-04
9.2762E-05 8.0000E-04
9.2762E-05 8.0000E-04
