RMS Grad   Target
3.9872E-05 2.0000E-04
6.1854E-05 2.0000E-04
3.7886E-05 2.0000E-04
3.8466E-05 2.0000E-04
3.9438E-05 2.0000E-04
3.6959E-05 2.0000E-04
8.1163E-05 2.0000E-04
3.3377E-05 2.0000E-04
2.9193E-05 2.0000E-04
3.7994E-05 2.0000E-04
5.0121E-05 2.0000E-04
3.5746E-05 2.0000E-04
3.1798E-05 2.0000E-04
4.7955E-05 2.0000E-04
3.6903E-05 2.0000E-04
3.6880E-05 2.0000E-04
4.7652E-05 2.0000E-04
3.6934E-05 2.0000E-04
3.5437E-05 2.0000E-04
4.9253E-05 2.0000E-04
3.9066E-05 2.0000E-04
5.2804E-05 2.0000E-04
4.3803E-05 2.0000E-04
3.7819E-05 2.0000E-04
5.1447E-05 2.0000E-04
6.0963E-05 2.0000E-04
4.1536E-05 2.0000E-04
4.0174E-05 2.0000E-04
5.3095E-05 2.0000E-04
4.7276E-05 2.0000E-04
7.9469E-05 2.0000E-04
4.5672E-05 2.0000E-04
4.3734E-05 2.0000E-04
5.7190E-05 2.0000E-04
9.2533E-05 2.0000E-04
4.6254E-05 2.0000E-04
4.4991E-05 2.0000E-04
5.3762E-05 2.0000E-04
1.3141E-04 2.0000E-04
5.3311E-05 2.0000E-04
4.3425E-05 2.0000E-04
5.5719E-05 2.0000E-04
9.7669E-05 2.0000E-04
5.9671E-05 2.0000E-04
5.4650E-05 2.0000E-04
6.5361E-05 2.0000E-04
7.2319E-05 2.0000E-04
6.1190E-05 2.0000E-04
6.7138E-05 2.0000E-04
6.9072E-05 2.0000E-04
5.6686E-05 2.0000E-04
7.7321E-05 2.0000E-04
7.3313E-05 2.0000E-04
5.6745E-05 2.0000E-04
6.0691E-05 2.0000E-04
7.8807E-05 2.0000E-04
6.2649E-05 2.0000E-04
8.1741E-05 2.0000E-04
7.3974E-05 2.0000E-04
6.5148E-05 2.0000E-04
9.9091E-05 2.0000E-04
6.5120E-05 2.0000E-04
5.5294E-05 2.0000E-04
6.9219E-05 2.0000E-04
8.0938E-05 2.0000E-04
5.1379E-05 2.0000E-04
5.0118E-05 2.0000E-04
5.8978E-05 2.0000E-04
6.5346E-05 2.0000E-04
6.3101E-05 2.0000E-04
5.0623E-05 2.0000E-04
5.2712E-05 2.0000E-04
8.9985E-05 2.0000E-04
4.9538E-05 2.0000E-04
4.6691E-05 2.0000E-04
4.9760E-05 2.0000E-04
5.5073E-05 2.0000E-04
7.1009E-05 2.0000E-04
4.4373E-05 2.0000E-04
3.8716E-05 2.0000E-04
4.8474E-05 2.0000E-04
5.4146E-05 2.0000E-04
3.9824E-05 2.0000E-04
3.9769E-05 2.0000E-04
5.1360E-05 2.0000E-04
4.4386E-05 2.0000E-04
3.6052E-05 2.0000E-04
3.8682E-05 2.0000E-04
4.9201E-05 2.0000E-04
3.4788E-05 2.0000E-04
3.5060E-05 2.0000E-04
4.3988E-05 2.0000E-04
3.6144E-05 2.0000E-04
3.8872E-05 2.0000E-04
3.6933E-05 2.0000E-04
3.1407E-05 2.0000E-04
3.9014E-05 2.0000E-04
4.6851E-05 2.0000E-04
3.2163E-05 2.0000E-04
2.9076E-05 2.0000E-04
3.5212E-05 2.0000E-04
2.7175E-05 2.0000E-04
3.1772E-05 2.0000E-04
3.6424E-05 2.0000E-04
2.6528E-05 2.0000E-04
2.6992E-05 2.0000E-04
3.7592E-05 2.0000E-04
2.7341E-05 2.0000E-04
2.8268E-05 2.0000E-04
3.4977E-05 2.0000E-04
2.6915E-05 2.0000E-04
2.7722E-05 2.0000E-04
3.7830E-05 2.0000E-04
2.7305E-05 2.0000E-04
2.2849E-05 2.0000E-04
2.7635E-05 2.0000E-04
2.5026E-05 2.0000E-04
6.1732E-05 2.0000E-04
2.4177E-05 2.0000E-04
1.9767E-05 2.0000E-04
2.4584E-05 2.0000E-04
4.0064E-05 2.0000E-04
2.4897E-05 2.0000E-04
1.9964E-05 2.0000E-04
2.7825E-05 2.0000E-04
2.9982E-05 2.0000E-04
2.3150E-05 2.0000E-04
2.9238E-05 2.0000E-04
2.5759E-05 2.0000E-04
2.3755E-05 2.0000E-04
3.5504E-05 2.0000E-04
3.5971E-05 2.0000E-04
2.2498E-05 2.0000E-04
1.9445E-05 2.0000E-04
2.4033E-05 2.0000E-04
2.9070E-05 2.0000E-04
2.2646E-05 2.0000E-04
2.1209E-05 2.0000E-04
3.0256E-05 2.0000E-04
2.6410E-05 2.0000E-04
2.1960E-05 2.0000E-04
2.8364E-05 2.0000E-04
3.1273E-05 2.0000E-04
2.5281E-05 2.0000E-04
2.9348E-05 2.0000E-04
3.5362E-05 2.0000E-04
2.8269E-05 2.0000E-04
3.7943E-05 2.0000E-04
4.2525E-05 2.0000E-04
2.9298E-05 2.0000E-04
4.9070E-05 2.0000E-04
4.0385E-05 2.0000E-04
4.4716E-05 2.0000E-04
8.7489E-05 2.0000E-04
6.3730E-05 2.0000E-04
1.3971E-04 2.0000E-04
7.4892E-05 2.0000E-04
9.6107E-05 2.0000E-04
1.2486E-04 2.0000E-04
2.2504E-04 2.0000E-04
1.2106E-04 2.0000E-04
2.1785E-04 2.0000E-04
1.6058E-04 2.0000E-04
1.2640E-04 2.0000E-04
1.9592E-04 2.0000E-04
2.6581E-04 2.0000E-04
1.3170E-04 2.0000E-04
1.0221E-04 2.0000E-04
1.3655E-04 2.0000E-04
1.4884E-04 2.0000E-04
2.0997E-04 2.0000E-04
1.5731E-04 2.0000E-04
1.3303E-04 2.0000E-04
1.5271E-04 2.0000E-04
1.8802E-04 2.0000E-04
1.2750E-04 2.0000E-04
1.3898E-04 2.0000E-04
1.8762E-04 2.0000E-04
1.8100E-04 2.0000E-04
1.3716E-04 2.0000E-04
1.3382E-04 2.0000E-04
1.7781E-04 2.0000E-04
1.3212E-04 2.0000E-04
1.6612E-04 2.0000E-04
1.4529E-04 2.0000E-04
1.1688E-04 2.0000E-04
1.5840E-04 2.0000E-04
1.5623E-04 2.0000E-04
1.0458E-04 2.0000E-04
9.5852E-05 2.0000E-04
1.2065E-04 2.0000E-04
9.6009E-05 2.0000E-04
1.5378E-04 2.0000E-04
8.8767E-05 2.0000E-04
7.9791E-05 2.0000E-04
1.1599E-04 2.0000E-04
1.7728E-04 2.0000E-04
8.7268E-05 2.0000E-04
7.1509E-05 2.0000E-04
8.6233E-05 2.0000E-04
1.5931E-04 2.0000E-04
8.7185E-05 2.0000E-04
6.2861E-05 2.0000E-04
8.6733E-05 2.0000E-04
1.3219E-04 2.0000E-04
7.8408E-05 2.0000E-04
6.3631E-05 2.0000E-04
7.0100E-05 2.0000E-04
7.9915E-05 2.0000E-04
9.9521E-05 2.0000E-04
5.9687E-05 2.0000E-04
5.6480E-05 2.0000E-04
7.3914E-05 2.0000E-04
5.9794E-05 2.0000E-04
7.3675E-05 2.0000E-04
5.6473E-05 2.0000E-04
4.7330E-05 2.0000E-04
6.3339E-05 2.0000E-04
7.2344E-05 2.0000E-04
5.4285E-05 2.0000E-04
5.7194E-05 2.0000E-04
7.1769E-05 2.0000E-04
5.5870E-05 2.0000E-04
5.5534E-05 2.0000E-04
7.5270E-05 2.0000E-04
5.4180E-05 2.0000E-04
4.9465E-05 2.0000E-04
6.0763E-05 2.0000E-04
5.2837E-05 2.0000E-04
1.1196E-04 2.0000E-04
4.4379E-05 2.0000E-04
3.9143E-05 2.0000E-04
4.9613E-05 2.0000E-04
9.9346E-05 2.0000E-04
4.6400E-05 2.0000E-04
3.9020E-05 2.0000E-04
5.1323E-05 2.0000E-04
7.0137E-05 2.0000E-04
4.2130E-05 2.0000E-04
3.9749E-05 2.0000E-04
4.7907E-05 2.0000E-04
6.6350E-05 2.0000E-04
4.1582E-05 2.0000E-04
4.0103E-05 2.0000E-04
4.9796E-05 2.0000E-04
5.3377E-05 2.0000E-04
4.1649E-05 2.0000E-04
4.0692E-05 2.0000E-04
5.0133E-05 2.0000E-04
3.7826E-05 2.0000E-04
3.4252E-05 2.0000E-04
4.9636E-05 2.0000E-04
3.4676E-05 2.0000E-04
3.2014E-05 2.0000E-04
4.0378E-05 2.0000E-04
4.6265E-05 2.0000E-04
3.2183E-05 2.0000E-04
3.1064E-05 2.0000E-04
3.8720E-05 2.0000E-04
3.1786E-05 2.0000E-04
3.8547E-05 2.0000E-04
3.5484E-05 2.0000E-04
3.5249E-05 2.0000E-04
3.0035E-05 2.0000E-04
2.8774E-05 2.0000E-04
2.7012E-05 2.0000E-04
3.1204E-05 2.0000E-04
2.5997E-05 2.0000E-04
2.5907E-05 2.0000E-04
2.7333E-05 2.0000E-04
2.4721E-05 2.0000E-04
2.7157E-05 2.0000E-04
2.5050E-05 2.0000E-04
2.1284E-05 2.0000E-04
2.6757E-05 2.0000E-04
3.5127E-05 2.0000E-04
2.2593E-05 2.0000E-04
2.2589E-05 2.0000E-04
3.2208E-05 2.0000E-04
2.5080E-05 2.0000E-04
2.4030E-05 2.0000E-04
2.7232E-05 2.0000E-04
2.3275E-05 2.0000E-04
2.6321E-05 2.0000E-04
2.7106E-05 2.0000E-04
2.1883E-05 2.0000E-04
2.2413E-05 2.0000E-04
3.4826E-05 2.0000E-04
2.1625E-05 2.0000E-04
2.0135E-05 2.0000E-04
2.5436E-05 2.0000E-04
2.0026E-05 2.0000E-04
2.3703E-05 2.0000E-04
2.6593E-05 2.0000E-04
1.7125E-05 2.0000E-04
1.6625E-05 2.0000E-04
1.8387E-05 2.0000E-04
2.6947E-05 2.0000E-04
1.7402E-05 2.0000E-04
1.5745E-05 2.0000E-04
1.7304E-05 2.0000E-04
2.6665E-05 2.0000E-04
1.4772E-05 2.0000E-04
1.3529E-05 2.0000E-04
1.6422E-05 2.0000E-04
2.0340E-05 2.0000E-04
1.6126E-05 2.0000E-04
1.3954E-05 2.0000E-04
1.7059E-05 2.0000E-04
1.7938E-05 2.0000E-04
1.4074E-05 2.0000E-04
1.5382E-05 2.0000E-04
1.7657E-05 2.0000E-04
1.3595E-05 2.0000E-04
1.5697E-05 2.0000E-04
1.7531E-05 2.0000E-04
1.3617E-05 2.0000E-04
1.4472E-05 2.0000E-04
1.8488E-05 2.0000E-04
1.4758E-05 2.0000E-04
1.8223E-05 2.0000E-04
1.7084E-05 2.0000E-04
1.3654E-05 2.0000E-04
1.3330E-05 2.0000E-04
1.9649E-05 2.0000E-04
1.3424E-05 2.0000E-04
1.1788E-05 2.0000E-04
1.4608E-05 2.0000E-04
1.2552E-05 2.0000E-04
1.9217E-05 2.0000E-04
1.0629E-05 2.0000E-04
9.7299E-06 2.0000E-04
1.1812E-05 2.0000E-04
2.4300E-05 2.0000E-04
1.0293E-05 2.0000E-04
9.1345E-06 2.0000E-04
9.1345E-06 2.0000E-04
1.1727E-05 2.0000E-04
2.1624E-05 2.0000E-04
1.2024E-05 2.0000E-04
