0.000000000000000000e+00 0.000000000000000000e+00
1.649599999999999955e-01 1.310423907155000012e-01
4.500299999999999856e-01 4.371403396520000262e-02
6.206899999999999640e-01 2.083567078401999950e-01
7.775400000000000089e-01 3.135092067318999698e-01
9.877599999999999714e-01 3.450742272007999989e-01
1.174069999999999947e+00 5.725796859305000153e-01
1.368440000000000101e+00 9.016012916478000072e-01
1.574699999999999989e+00 1.494516598990400125e+00
1.794219999999999926e+00 2.930943999590899907e+00
2.013640000000000096e+00 6.166905879627500475e+00
2.232489999999999863e+00 1.067888553660180051e+01
2.456989999999999785e+00 1.421465352108459967e+01
2.694209999999999994e+00 1.513476042964780177e+01
2.932459999999999845e+00 1.460495000013209932e+01
3.160340000000000149e+00 1.504788651491529983e+01
3.383570000000000189e+00 1.571545945452930049e+01
3.589710000000000178e+00 1.519769682130820065e+01
3.782230000000000203e+00 1.419359293852479986e+01
3.972739999999999938e+00 1.351657040363070017e+01
4.192619999999999791e+00 1.325766809684409964e+01
4.369390000000000107e+00 1.315017009481220001e+01
4.621990000000000265e+00 1.316467232980940061e+01
4.783140000000000391e+00 1.303168679472450009e+01
