RMS Grad   Target
1.0941E-03 3.0000E-03
1.0687E-03 3.0000E-03
8.8914E-04 3.0000E-03
5.6311E-04 3.0000E-03
4.3120E-04 3.0000E-03
7.3743E-04 3.0000E-03
3.7383E-04 3.0000E-03
2.2721E-04 3.0000E-03
2.9928E-04 3.0000E-03
2.5713E-04 3.0000E-03
1.5032E-04 3.0000E-03
1.4439E-04 3.0000E-03
1.8620E-04 3.0000E-03
2.8467E-04 3.0000E-03
3.2054E-04 3.0000E-03
1.2272E-04 3.0000E-03
9.1615E-05 3.0000E-03
1.0261E-04 3.0000E-03
2.4423E-04 3.0000E-03
9.5823E-05 3.0000E-03
7.3911E-05 3.0000E-03
9.8385E-05 3.0000E-03
1.5446E-04 3.0000E-03
1.0131E-04 3.0000E-03
6.5092E-05 3.0000E-03
8.7079E-05 3.0000E-03
8.7079E-05 3.0000E-03
2.5582E-04 3.0000E-03
4.7517E-05 3.0000E-03
3.7779E-05 3.0000E-03
