RMS Step   Target
5.7307E-05 1.2000E-02
3.7103E-03 1.2000E-02
9.5591E-04 1.2000E-02
1.0436E-03 1.2000E-02
2.8088E-03 1.2000E-02
8.3540E-04 1.2000E-02
3.8324E-04 1.2000E-02
0.0000E+00 1.2000E-02
6.4568E-05 1.2000E-02
5.0640E-04 1.2000E-02
2.8653E-04 1.2000E-02
7.0949E-04 1.2000E-02
1.7978E-03 1.2000E-02
1.5795E-03 1.2000E-02
5.4142E-04 1.2000E-02
2.5240E-04 1.2000E-02
6.6482E-04 1.2000E-02
9.3967E-04 1.2000E-02
4.3112E-04 1.2000E-02
4.4246E-04 1.2000E-02
6.9257E-04 1.2000E-02
1.0267E-03 1.2000E-02
1.2022E-03 1.2000E-02
2.2041E-04 1.2000E-02
5.0893E-04 1.2000E-02
5.0893E-04 1.2000E-02
2.8653E-04 1.2000E-02
1.7151E-04 1.2000E-02
3.9986E-05 1.2000E-02
