0.000000000000000000e+00 0.000000000000000000e+00
1.585199999999999942e-01 1.713471055327999981e-01
4.328899999999999970e-01 1.112004933846000021e-01
5.754899999999999460e-01 2.928918965296999910e-01
7.114899999999999558e-01 5.403377715032999795e-01
8.753300000000000525e-01 9.937066234114999563e-01
1.038629999999999942e+00 1.470862772737200119e+00
1.201249999999999929e+00 2.027624588301100150e+00
1.370009999999999950e+00 3.158064356047300070e+00
1.535519999999999996e+00 5.248794324182499693e+00
1.701969999999999983e+00 8.487652472008599958e+00
1.870270000000000099e+00 1.230749415729679974e+01
2.046590000000000131e+00 1.569363224422420089e+01
2.233629999999999782e+00 1.744604136251840032e+01
2.422699999999999854e+00 1.761986919938090068e+01
2.610069999999999890e+00 1.718144497631489998e+01
2.798189999999999955e+00 1.759170019486910164e+01
2.975729999999999986e+00 1.787808676834670152e+01
3.133010000000000073e+00 1.735129195883229869e+01
3.291859999999999786e+00 1.642640343168909922e+01
3.442439999999999944e+00 1.572594519267020097e+01
3.597780000000000200e+00 1.504245473426039936e+01
3.834960000000000147e+00 1.500026146835670104e+01
3.988210000000000033e+00 1.476500589697160137e+01
