0.000000000000000000e+00 0.000000000000000000e+00
1.240699999999999997e-01 1.224054823413000120e-01
3.512500000000000067e-01 -3.617777637699999983e-03
4.743700000000000139e-01 1.297890042388999965e-01
6.222499999999999698e-01 4.033152827686999897e-01
8.041000000000000369e-01 7.997678133589000149e-01
9.820699999999999985e-01 1.327871167391000196e+00
1.159929999999999906e+00 2.201490514959900224e+00
1.333939999999999904e+00 3.913789571728600425e+00
1.496990000000000043e+00 6.586093500544000001e+00
1.651010000000000089e+00 9.747723237227500448e+00
1.803109999999999991e+00 1.264123337567609973e+01
1.959589999999999943e+00 1.459122976685070050e+01
2.122669999999999835e+00 1.528714063639930032e+01
2.264819999999999833e+00 1.515677488863850009e+01
2.429949999999999832e+00 1.484461739904349997e+01
2.594930000000000181e+00 1.480630420953949944e+01
2.762030000000000207e+00 1.467097819138639991e+01
2.915280000000000094e+00 1.413807878606730206e+01
3.058009999999999895e+00 1.342177682331099930e+01
3.212479999999999780e+00 1.276411557660470208e+01
3.487019999999999786e+00 1.285141224415050054e+01
3.640039999999999942e+00 1.242324402818050011e+01
3.753359999999999808e+00 1.230173136564439851e+01
