RMS Step   Target
5.7307E-05 1.2000E-02
2.9348E-03 1.2000E-02
9.0109E-04 1.2000E-02
0.0000E+00 1.2000E-02
6.1882E-05 1.2000E-02
1.0018E-03 1.2000E-02
1.1386E-03 1.2000E-02
2.3118E-03 1.2000E-02
4.1522E-03 1.2000E-02
1.1332E-03 1.2000E-02
2.7273E-04 1.2000E-02
2.8653E-04 1.2000E-02
5.3015E-04 1.2000E-02
1.2677E-03 1.2000E-02
9.4107E-04 1.2000E-02
2.2090E-04 1.2000E-02
4.4751E-04 1.2000E-02
7.1520E-04 1.2000E-02
1.2502E-03 1.2000E-02
2.5530E-04 1.2000E-02
2.4031E-04 1.2000E-02
8.1012E-04 1.2000E-02
9.2432E-04 1.2000E-02
1.2280E-03 1.2000E-02
2.4364E-04 1.2000E-02
2.6832E-04 1.2000E-02
4.2872E-04 1.2000E-02
9.9444E-04 1.2000E-02
1.7318E-04 1.2000E-02
1.1077E-04 1.2000E-02
3.3125E-04 1.2000E-02
3.2823E-04 1.2000E-02
5.5382E-04 1.2000E-02
2.3358E-04 1.2000E-02
2.2004E-04 1.2000E-02
