554.9
172.1
171.5
172.7
169.0
173.4
171.6
172.8
172.6
173.8
173.6
172.8
172.5
174.3
174.9
173.7
172.4
176.5
173.4
175.8
173.3
173.6
168.7
174.0
234.0
172.2
174.5
170.9
172.9
173.3
173.0
174.3
172.5
175.4
173.4
173.4
173.5
173.4
176.2
173.6
174.1
173.8
168.2
174.9
173.3
174.1
239.2
173.8
172.9
166.7
173.0
173.4
173.7
173.8
168.2
174.6
190.1
185.7
192.0
191.3
189.7
189.7
189.4
173.8
171.2
173.0
175.6
174.5
241.0
156.7
155.9
155.7
155.3
155.7
172.9
167.1
175.2
173.2
191.0
191.3
194.8
186.0
192.7
191.5
192.9
192.3
169.0
168.2
174.5
161.6
243.8
157.2
156.8
151.5
157.2
175.8
166.9
168.1
176.5
191.5
191.5
191.9
190.5
192.0
187.0
191.1
191.9
168.0
174.7
209.7
221.9
155.7
157.4
157.9
158.7
171.7
168.0
168.8
174.6
191.7
186.1
190.9
192.4
191.2
187.1
193.2
188.0
175.3
176.9
172.3
216.9
224.6
158.4
157.7
159.4
173.3
175.7
176.2
174.5
170.8
192.4
191.1
191.6
193.4
186.8
195.6
194.3
194.0
191.9
170.1
177.1
228.3
218.2
174.8
160.8
159.6
177.3
175.0
176.5
175.4
179.0
170.4
193.3
195.7
194.1
195.4
193.4
195.0
191.6
193.5
186.2
176.3
175.5
176.6
228.4
219.7
157.9
158.6
182.4
178.0
178.7
177.9
170.4
168.5
194.9
195.9
193.2
196.1
196.6
193.6
194.6
196.0
192.3
176.6
172.0
222.7
224.9
169.7
174.0
175.9
176.7
177.2
178.9
189.6
189.3
197.9
195.8
195.9
196.3
195.4
194.8
195.4
189.1
196.2
192.3
194.5
229.3
226.5
159.4
176.7
160.2
158.9
175.5
171.9
179.5
193.2
189.4
195.9
189.9
196.5
195.8
181.4
188.2
187.2
195.2
193.5
186.6
231.4
226.1
144.9
207.6
162.6
161.0
174.4
162.8
163.0
149.5
161.3
161.3
163.4
128.8
163.3
156.2
157.6
127.9
131.1
155.3
180.7
126.7
129.3
128.4
126.7
163.5
128.4
127.3
