733.1
125.4
123.9
124.8
156.2
175.3
158.3
116.5
126.6
117.1
126.9
125.5
150.9
124.5
125.0
163.5
123.7
118.3
122.7
157.7
123.7
123.6
125.3
156.3
155.6
157.2
117.1
125.1
123.8
158.1
123.9
123.8
123.3
113.5
156.4
123.6
122.7
125.1
117.3
123.9
124.9
116.6
123.1
126.0
123.3
124.5
124.8
123.4
125.7
123.2
124.7
123.2
118.0
122.8
116.6
155.1
122.8
123.5
126.0
160.4
124.5
124.7
124.6
124.3
117.8
123.1
123.7
124.6
119.2
125.0
124.2
108.0
125.2
126.3
108.8
126.1
123.3
123.8
731.9
130.7
126.9
129.7
129.5
127.8
121.6
128.3
124.4
128.4
121.0
127.7
112.3
127.4
124.9
125.1
127.6
127.6
127.3
125.6
127.9
120.8
129.2
127.2
126.5
110.1
126.9
126.1
122.9
126.0
125.6
110.8
126.7
125.9
109.3
125.9
127.1
110.0
127.2
125.4
111.8
127.2
121.0
109.6
122.8
102.1
155.5
126.1
109.4
129.2
128.1
109.8
125.7
127.2
125.4
126.4
126.2
125.7
126.2
122.6
119.3
109.6
110.6
152.3
127.1
126.9
122.4
126.6
111.5
127.4
122.2
128.1
123.1
121.5
106.4
126.6
126.1
103.6
109.6
145.3
126.1
127.5
111.1
120.6
125.2
110.3
126.5
122.2
119.7
124.7
125.9
123.3
127.4
125.7
126.7
119.2
125.2
126.7
124.0
126.8
124.3
127.6
119.6
125.7
124.6
126.3
124.7
126.8
125.7
123.9
127.1
118.3
127.5
150.2
125.9
124.9
125.5
123.8
128.4
120.0
124.3
125.4
125.3
125.6
123.5
122.3
123.0
123.2
121.1
122.6
122.2
121.6
123.8
125.8
124.4
112.3
111.9
124.5
118.8
119.3
117.5
124.3
126.5
126.7
125.4
124.1
122.9
124.8
109.9
123.8
125.3
124.3
123.6
117.7
125.2
124.7
125.6
107.5
124.7
108.2
125.4
124.0
124.2
118.3
125.4
124.0
112.9
118.7
125.3
125.8
123.9
125.4
108.4
124.5
125.3
126.5
124.6
125.2
124.2
124.5
125.6
127.4
158.2
119.7
118.8
125.8
123.6
125.1
125.3
124.0
125.6
125.0
150.4
117.7
123.4
125.7
113.7
124.1
123.1
126.3
124.2
126.4
123.9
118.5
124.4
124.7
124.9
158.1
126.7
103.1
122.8
124.9
125.4
125.2
111.1
123.8
126.4
126.0
124.4
123.5
118.5
124.8
116.7
126.7
125.9
125.1
118.9
124.5
125.5
152.4
118.4
123.4
126.4
126.5
153.0
157.2
151.7
125.8
123.6
124.9
157.3
152.7
123.7
123.7
124.6
156.3
151.5
125.0
123.4
123.5
151.5
126.1
122.8
127.4
160.6
124.8
125.4
128.1
123.7
124.7
123.2
124.8
124.5
125.1
125.2
126.0
107.6
125.3
123.4
123.4
125.4
127.1
123.0
122.7
122.8
122.1
103.3
157.7
122.7
109.0
108.0
117.9
732.6
119.9
105.1
103.3
119.2
105.5
103.3
103.8
103.0
136.7
108.5
104.0
104.9
121.2
104.1
104.2
103.6
104.4
136.1
103.6
104.8
120.8
104.2
104.8
103.7
135.3
103.1
104.6
104.6
118.9
118.6
103.9
103.5
102.0
104.3
104.1
136.7
102.9
103.3
106.1
105.8
104.0
103.3
104.4
104.5
135.8
104.4
102.4
103.7
102.9
120.0
103.5
97.4
119.5
102.7
105.4
104.7
134.9
104.1
103.4
103.3
103.0
105.6
103.5
119.5
121.0
104.5
119.4
102.8
104.1
103.5
137.5
105.4
104.6
103.4
104.0
103.6
102.4
102.5
102.9
102.6
136.5
105.2
104.2
104.3
104.2
103.6
104.0
135.6
103.3
104.0
120.1
103.2
103.7
103.3
98.3
135.8
103.8
104.9
103.6
104.8
103.5
102.9
101.6
105.0
104.1
137.2
101.4
121.0
102.8
102.6
120.0
104.2
105.0
103.7
102.1
104.0
105.4
135.0
120.4
103.8
120.6
118.9
103.2
119.3
104.1
102.1
112.3
104.0
103.5
129.9
120.4
113.5
120.5
121.3
121.9
119.8
119.3
113.7
120.5
120.5
118.8
119.7
119.4
121.4
121.1
120.2
119.4
120.0
120.2
120.9
121.3
120.4
119.9
122.1
122.1
120.3
120.7
120.3
115.4
122.1
120.8
122.5
121.1
121.3
119.6
121.6
121.4
121.0
121.2
120.9
121.0
153.3
120.3
113.8
122.4
153.0
121.1
120.8
120.5
152.2
121.3
120.3
120.3
120.4
119.9
114.5
113.1
119.8
121.2
153.1
120.5
120.9
121.4
120.1
119.9
121.7
119.8
120.0
121.7
120.7
120.8
122.3
120.2
121.2
151.8
119.9
121.3
119.8
119.9
120.5
120.1
121.7
120.0
153.0
121.5
122.1
119.4
121.3
122.0
122.2
121.3
122.0
122.2
124.2
121.5
122.1
121.2
121.8
119.0
120.3
121.6
122.4
120.2
121.4
105.0
100.2
126.2
121.4
122.2
121.3
124.7
122.2
104.6
121.2
107.1
120.5
120.6
105.8
105.5
139.1
103.5
104.8
105.4
122.7
121.8
122.0
106.0
105.2
106.1
106.1
137.1
121.3
103.4
106.0
137.7
101.0
98.5
106.2
106.2
105.6
104.8
105.7
105.0
136.8
104.3
104.8
104.7
105.0
106.1
105.7
99.9
128.8
105.0
104.7
106.1
103.9
105.5
97.4
99.0
104.6
103.8
106.3
105.7
104.6
107.3
106.7
104.6
105.2
101.3
103.8
103.7
106.2
105.4
105.4
96.1
103.6
104.2
98.1
751.7
107.9
108.1
107.8
108.4
106.9
106.5
106.0
105.9
107.4
107.9
100.4
139.7
106.2
107.1
108.1
106.3
106.2
108.6
107.3
106.0
105.7
106.9
106.7
107.1
107.4
107.4
108.9
106.2
106.6
106.0
106.9
108.5
101.6
106.5
106.9
101.7
108.5
108.8
108.7
105.3
107.9
107.2
102.7
108.1
107.6
108.6
108.2
108.0
106.6
105.6
106.5
108.7
107.6
107.5
106.6
106.8
108.4
107.5
107.2
106.7
106.2
107.8
107.7
107.5
108.2
100.6
107.6
108.2
108.2
106.4
107.6
107.1
107.3
106.6
106.9
106.4
106.5
107.6
107.5
108.8
107.1
108.5
106.0
