RMS Step   Target
2.8653E-04 8.0000E-04
2.8653E-03 8.0000E-04
5.7307E-03 8.0000E-04
7.1634E-03 8.0000E-04
7.1634E-03 8.0000E-04
7.1634E-03 8.0000E-04
7.1634E-03 8.0000E-04
7.1634E-03 8.0000E-04
7.1634E-03 8.0000E-04
7.1634E-03 8.0000E-04
7.1634E-03 8.0000E-04
7.1634E-03 8.0000E-04
7.1634E-03 8.0000E-04
7.1634E-03 8.0000E-04
7.1634E-03 8.0000E-04
7.1634E-03 8.0000E-04
7.1634E-03 8.0000E-04
7.1634E-03 8.0000E-04
7.1634E-03 8.0000E-04
7.1634E-03 8.0000E-04
7.1634E-03 8.0000E-04
7.1634E-03 8.0000E-04
7.1634E-03 8.0000E-04
7.1634E-03 8.0000E-04
7.1634E-03 8.0000E-04
7.1634E-03 8.0000E-04
7.1634E-03 8.0000E-04
7.1634E-03 8.0000E-04
7.1634E-03 8.0000E-04
7.1634E-03 8.0000E-04
7.1634E-03 8.0000E-04
7.1634E-03 8.0000E-04
7.1634E-03 8.0000E-04
7.1634E-03 8.0000E-04
7.1634E-03 8.0000E-04
7.1634E-03 8.0000E-04
7.1634E-03 8.0000E-04
7.1634E-03 8.0000E-04
7.1634E-03 8.0000E-04
7.1634E-03 8.0000E-04
7.1634E-03 8.0000E-04
7.1634E-03 8.0000E-04
7.1634E-03 8.0000E-04
7.1634E-03 8.0000E-04
7.1634E-03 8.0000E-04
7.1634E-03 8.0000E-04
7.1634E-03 8.0000E-04
7.1634E-03 8.0000E-04
7.1634E-03 8.0000E-04
7.1634E-03 8.0000E-04
7.1634E-03 8.0000E-04
7.1634E-03 8.0000E-04
7.1634E-03 8.0000E-04
7.1634E-03 8.0000E-04
7.1634E-03 8.0000E-04
7.1634E-03 8.0000E-04
7.1634E-03 8.0000E-04
7.1634E-03 8.0000E-04
7.1634E-03 8.0000E-04
7.1634E-03 8.0000E-04
7.1634E-03 8.0000E-04
7.1634E-03 8.0000E-04
7.1634E-03 8.0000E-04
7.1634E-03 8.0000E-04
7.1634E-03 8.0000E-04
7.1634E-03 8.0000E-04
7.1634E-03 8.0000E-04
7.1634E-03 8.0000E-04
7.1634E-03 8.0000E-04
7.1634E-03 8.0000E-04
7.1634E-03 8.0000E-04
7.1634E-03 8.0000E-04
7.1634E-03 8.0000E-04
7.1634E-03 8.0000E-04
7.1634E-03 8.0000E-04
7.1634E-03 8.0000E-04
7.1634E-03 8.0000E-04
7.1634E-03 8.0000E-04
7.1634E-03 8.0000E-04
7.1634E-03 8.0000E-04
7.1634E-03 8.0000E-04
7.1634E-03 8.0000E-04
7.1634E-03 8.0000E-04
7.1634E-03 8.0000E-04
7.1634E-03 8.0000E-04
7.1634E-03 8.0000E-04
7.1634E-03 8.0000E-04
7.1634E-03 8.0000E-04
7.1634E-03 8.0000E-04
7.1634E-03 8.0000E-04
7.1634E-03 8.0000E-04
7.1634E-03 8.0000E-04
7.1634E-03 8.0000E-04
7.1634E-03 8.0000E-04
7.1634E-03 8.0000E-04
7.1634E-03 8.0000E-04
7.1634E-03 8.0000E-04
7.1634E-03 8.0000E-04
7.1634E-03 8.0000E-04
7.1634E-03 8.0000E-04
7.1634E-03 8.0000E-04
7.1634E-03 8.0000E-04
7.1634E-03 8.0000E-04
7.1634E-03 8.0000E-04
7.1634E-03 8.0000E-04
7.1634E-03 8.0000E-04
7.1634E-03 8.0000E-04
7.1634E-03 8.0000E-04
7.1634E-03 8.0000E-04
7.1634E-03 8.0000E-04
7.1634E-03 8.0000E-04
7.1634E-03 8.0000E-04
7.1634E-03 8.0000E-04
7.1634E-03 8.0000E-04
7.1634E-03 8.0000E-04
7.1634E-03 8.0000E-04
7.1634E-03 8.0000E-04
7.1634E-03 8.0000E-04
7.1634E-03 8.0000E-04
7.1634E-03 8.0000E-04
7.1634E-03 8.0000E-04
7.1634E-03 8.0000E-04
7.1634E-03 8.0000E-04
7.1634E-03 8.0000E-04
7.1634E-03 8.0000E-04
7.1634E-03 8.0000E-04
7.1634E-03 8.0000E-04
7.1634E-03 8.0000E-04
7.1634E-03 8.0000E-04
7.1634E-03 8.0000E-04
7.1634E-03 8.0000E-04
7.1634E-03 8.0000E-04
7.1634E-03 8.0000E-04
7.1634E-03 8.0000E-04
7.1634E-03 8.0000E-04
7.1634E-03 8.0000E-04
7.1634E-03 8.0000E-04
7.1634E-03 8.0000E-04
7.1634E-03 8.0000E-04
7.1634E-03 8.0000E-04
7.1634E-03 8.0000E-04
7.1634E-03 8.0000E-04
7.1634E-03 8.0000E-04
7.1634E-03 8.0000E-04
7.1634E-03 8.0000E-04
7.1634E-03 8.0000E-04
7.1634E-03 8.0000E-04
7.1634E-03 8.0000E-04
7.1634E-03 8.0000E-04
7.1634E-03 8.0000E-04
7.1634E-03 8.0000E-04
7.1634E-03 8.0000E-04
7.1634E-03 8.0000E-04
7.1634E-03 8.0000E-04
7.1634E-03 8.0000E-04
7.1634E-03 8.0000E-04
7.1634E-03 8.0000E-04
7.1634E-03 8.0000E-04
7.1634E-03 8.0000E-04
7.1634E-03 8.0000E-04
7.1634E-03 8.0000E-04
7.1634E-03 8.0000E-04
7.1634E-03 8.0000E-04
7.1634E-03 8.0000E-04
7.1634E-03 8.0000E-04
7.1634E-03 8.0000E-04
7.1634E-03 8.0000E-04
7.1634E-03 8.0000E-04
7.1634E-03 8.0000E-04
7.1634E-03 8.0000E-04
7.1634E-03 8.0000E-04
7.1634E-03 8.0000E-04
7.1634E-03 8.0000E-04
7.1634E-03 8.0000E-04
7.1634E-03 8.0000E-04
7.1634E-03 8.0000E-04
7.1634E-03 8.0000E-04
7.1634E-03 8.0000E-04
7.1634E-03 8.0000E-04
7.1634E-03 8.0000E-04
7.1634E-03 8.0000E-04
7.1634E-03 8.0000E-04
7.1634E-03 8.0000E-04
7.1634E-03 8.0000E-04
7.1634E-03 8.0000E-04
7.1634E-03 8.0000E-04
7.1634E-03 8.0000E-04
3.5994E-03 8.0000E-04
7.1634E-03 8.0000E-04
7.1634E-03 8.0000E-04
7.1634E-03 8.0000E-04
7.1634E-03 8.0000E-04
7.1634E-03 8.0000E-04
7.1634E-03 8.0000E-04
7.1634E-03 8.0000E-04
7.1634E-03 8.0000E-04
7.1634E-03 8.0000E-04
7.1634E-03 8.0000E-04
7.1634E-03 8.0000E-04
7.1634E-03 8.0000E-04
7.1634E-03 8.0000E-04
7.1634E-03 8.0000E-04
7.1634E-03 8.0000E-04
4.6275E-03 8.0000E-04
7.1634E-03 8.0000E-04
4.7787E-03 8.0000E-04
7.1634E-03 8.0000E-04
7.1634E-03 8.0000E-04
7.1634E-03 8.0000E-04
7.1634E-03 8.0000E-04
7.1634E-03 8.0000E-04
7.1634E-03 8.0000E-04
7.1634E-03 8.0000E-04
7.1634E-03 8.0000E-04
7.1634E-03 8.0000E-04
7.1634E-03 8.0000E-04
7.1634E-03 8.0000E-04
7.1634E-03 8.0000E-04
7.1634E-03 8.0000E-04
7.1634E-03 8.0000E-04
7.1634E-03 8.0000E-04
7.1634E-03 8.0000E-04
7.1634E-03 8.0000E-04
6.2422E-03 8.0000E-04
5.0054E-03 8.0000E-04
5.5927E-03 8.0000E-04
7.1634E-03 8.0000E-04
7.1634E-03 8.0000E-04
7.1634E-03 8.0000E-04
7.1634E-03 8.0000E-04
7.1634E-03 8.0000E-04
7.1634E-03 8.0000E-04
7.1634E-03 8.0000E-04
7.1634E-03 8.0000E-04
6.5022E-03 8.0000E-04
6.3276E-03 8.0000E-04
2.5458E-03 8.0000E-04
2.7623E-03 8.0000E-04
7.0047E-03 8.0000E-04
7.1634E-03 8.0000E-04
7.1634E-03 8.0000E-04
7.1634E-03 8.0000E-04
7.1634E-03 8.0000E-04
4.0696E-03 8.0000E-04
7.1634E-03 8.0000E-04
7.1634E-03 8.0000E-04
6.9926E-03 8.0000E-04
3.5380E-03 8.0000E-04
2.4653E-03 8.0000E-04
3.8756E-03 8.0000E-04
7.1634E-03 8.0000E-04
7.1634E-03 8.0000E-04
7.1634E-03 8.0000E-04
7.1634E-03 8.0000E-04
7.1634E-03 8.0000E-04
7.1634E-03 8.0000E-04
7.1634E-03 8.0000E-04
7.1634E-03 8.0000E-04
7.1634E-03 8.0000E-04
7.1634E-03 8.0000E-04
7.1634E-03 8.0000E-04
7.1634E-03 8.0000E-04
7.1634E-03 8.0000E-04
6.6092E-03 8.0000E-04
7.1634E-03 8.0000E-04
6.4865E-03 8.0000E-04
6.6285E-03 8.0000E-04
4.1163E-03 8.0000E-04
7.1634E-03 8.0000E-04
7.1634E-03 8.0000E-04
7.1634E-03 8.0000E-04
7.1634E-03 8.0000E-04
7.1634E-03 8.0000E-04
7.1634E-03 8.0000E-04
7.1634E-03 8.0000E-04
7.1634E-03 8.0000E-04
7.1634E-03 8.0000E-04
7.1634E-03 8.0000E-04
7.1634E-03 8.0000E-04
7.1634E-03 8.0000E-04
7.1634E-03 8.0000E-04
6.0989E-03 8.0000E-04
2.6453E-03 8.0000E-04
7.1634E-03 8.0000E-04
7.1634E-03 8.0000E-04
7.1634E-03 8.0000E-04
7.1634E-03 8.0000E-04
7.1634E-03 8.0000E-04
7.1634E-03 8.0000E-04
7.1634E-03 8.0000E-04
7.1634E-03 8.0000E-04
7.1634E-03 8.0000E-04
7.1634E-03 8.0000E-04
4.5905E-03 8.0000E-04
3.8063E-03 8.0000E-04
4.2039E-03 8.0000E-04
3.7955E-03 8.0000E-04
6.6556E-03 8.0000E-04
7.1634E-03 8.0000E-04
7.1634E-03 8.0000E-04
7.1634E-03 8.0000E-04
7.1634E-03 8.0000E-04
7.1634E-03 8.0000E-04
7.1634E-03 8.0000E-04
4.6119E-03 8.0000E-04
6.6820E-03 8.0000E-04
5.1154E-03 8.0000E-04
2.9503E-03 8.0000E-04
2.0294E-03 8.0000E-04
5.6765E-03 8.0000E-04
5.3073E-03 8.0000E-04
6.9834E-03 8.0000E-04
7.1634E-03 8.0000E-04
4.5328E-03 8.0000E-04
3.9829E-03 8.0000E-04
5.7252E-03 8.0000E-04
3.5082E-03 8.0000E-04
5.4949E-03 8.0000E-04
3.5458E-03 8.0000E-04
1.3061E-03 8.0000E-04
4.4104E-03 8.0000E-04
4.4956E-03 8.0000E-04
7.1634E-03 8.0000E-04
3.9238E-03 8.0000E-04
2.8109E-03 8.0000E-04
4.4223E-03 8.0000E-04
6.6138E-03 8.0000E-04
1.0203E-03 8.0000E-04
1.3590E-03 8.0000E-04
3.6314E-03 8.0000E-04
4.8842E-03 8.0000E-04
7.1634E-03 8.0000E-04
1.7531E-03 8.0000E-04
3.4714E-03 8.0000E-04
2.4796E-03 8.0000E-04
7.1634E-03 8.0000E-04
2.4377E-03 8.0000E-04
2.9448E-03 8.0000E-04
2.8206E-03 8.0000E-04
5.3575E-03 8.0000E-04
3.5411E-03 8.0000E-04
4.3423E-03 8.0000E-04
1.9119E-03 8.0000E-04
3.2650E-03 8.0000E-04
2.1199E-03 8.0000E-04
3.4763E-03 8.0000E-04
2.0485E-03 8.0000E-04
5.3011E-03 8.0000E-04
2.5023E-03 8.0000E-04
3.0206E-03 8.0000E-04
3.7173E-03 8.0000E-04
5.4690E-03 8.0000E-04
1.7374E-03 8.0000E-04
2.4498E-03 8.0000E-04
2.6981E-03 8.0000E-04
5.2337E-03 8.0000E-04
3.0013E-03 8.0000E-04
3.7964E-03 8.0000E-04
4.2366E-03 8.0000E-04
6.8742E-03 8.0000E-04
1.1767E-03 8.0000E-04
1.9585E-03 8.0000E-04
3.2875E-03 8.0000E-04
6.0771E-03 8.0000E-04
2.6374E-03 8.0000E-04
2.2148E-03 8.0000E-04
3.6951E-03 8.0000E-04
5.1553E-03 8.0000E-04
4.6653E-03 8.0000E-04
2.6758E-03 8.0000E-04
3.1849E-03 8.0000E-04
1.9536E-03 8.0000E-04
3.4526E-03 8.0000E-04
4.1804E-03 8.0000E-04
2.1716E-03 8.0000E-04
2.6153E-03 8.0000E-04
3.0465E-03 8.0000E-04
2.1503E-03 8.0000E-04
3.4301E-03 8.0000E-04
2.5515E-03 8.0000E-04
1.6799E-03 8.0000E-04
4.7438E-03 8.0000E-04
3.1519E-03 8.0000E-04
1.6525E-03 8.0000E-04
3.7862E-03 8.0000E-04
6.3401E-03 8.0000E-04
4.0765E-03 8.0000E-04
5.4573E-03 8.0000E-04
2.0141E-03 8.0000E-04
4.6264E-03 8.0000E-04
5.8107E-03 8.0000E-04
6.7321E-03 8.0000E-04
2.0761E-03 8.0000E-04
4.9989E-03 8.0000E-04
4.6569E-03 8.0000E-04
5.2332E-03 8.0000E-04
4.8880E-03 8.0000E-04
6.4716E-03 8.0000E-04
2.2764E-03 8.0000E-04
7.1634E-03 8.0000E-04
1.8074E-03 8.0000E-04
3.3171E-03 8.0000E-04
5.8818E-03 8.0000E-04
7.1634E-03 8.0000E-04
1.5719E-03 8.0000E-04
3.8377E-03 8.0000E-04
2.9372E-03 8.0000E-04
7.1634E-03 8.0000E-04
3.8208E-03 8.0000E-04
7.1634E-03 8.0000E-04
1.8725E-03 8.0000E-04
6.8139E-03 8.0000E-04
5.1439E-03 8.0000E-04
5.7415E-03 8.0000E-04
3.9040E-03 8.0000E-04
6.1844E-03 8.0000E-04
3.2009E-03 8.0000E-04
4.4289E-03 8.0000E-04
4.2328E-03 8.0000E-04
7.1634E-03 8.0000E-04
1.6311E-03 8.0000E-04
7.0127E-03 8.0000E-04
4.9772E-03 8.0000E-04
2.0252E-03 8.0000E-04
3.7681E-03 8.0000E-04
3.3362E-03 8.0000E-04
3.5763E-03 8.0000E-04
3.5968E-03 8.0000E-04
2.4294E-03 8.0000E-04
2.6051E-03 8.0000E-04
3.0414E-03 8.0000E-04
4.1824E-03 8.0000E-04
1.7372E-03 8.0000E-04
4.2746E-03 8.0000E-04
3.2184E-03 8.0000E-04
3.3982E-03 8.0000E-04
6.4413E-03 8.0000E-04
4.8549E-03 8.0000E-04
1.8479E-03 8.0000E-04
7.1634E-03 8.0000E-04
3.1781E-03 8.0000E-04
4.0838E-03 8.0000E-04
4.5793E-03 8.0000E-04
6.3434E-03 8.0000E-04
2.0927E-03 8.0000E-04
5.1741E-03 8.0000E-04
4.8632E-03 8.0000E-04
5.1756E-03 8.0000E-04
3.9678E-03 8.0000E-04
5.1287E-03 8.0000E-04
2.6650E-03 8.0000E-04
4.6696E-03 8.0000E-04
2.2095E-03 8.0000E-04
2.1779E-03 8.0000E-04
5.2897E-03 8.0000E-04
4.1263E-03 8.0000E-04
1.9380E-03 8.0000E-04
1.6463E-03 8.0000E-04
1.5718E-03 8.0000E-04
4.8664E-03 8.0000E-04
1.6358E-03 8.0000E-04
1.6488E-03 8.0000E-04
1.5636E-03 8.0000E-04
3.7210E-03 8.0000E-04
3.3966E-03 8.0000E-04
2.7359E-03 8.0000E-04
1.9890E-03 8.0000E-04
4.0832E-03 8.0000E-04
5.0112E-03 8.0000E-04
1.4542E-03 8.0000E-04
2.6992E-03 8.0000E-04
2.9971E-03 8.0000E-04
7.1634E-03 8.0000E-04
2.0310E-03 8.0000E-04
2.6087E-03 8.0000E-04
3.3616E-03 8.0000E-04
7.1634E-03 8.0000E-04
2.2898E-03 8.0000E-04
4.2337E-03 8.0000E-04
1.4620E-03 8.0000E-04
2.4185E-03 8.0000E-04
4.7795E-03 8.0000E-04
1.1814E-03 8.0000E-04
1.8134E-03 8.0000E-04
2.2469E-03 8.0000E-04
4.2475E-03 8.0000E-04
1.3497E-03 8.0000E-04
2.6579E-03 8.0000E-04
1.6972E-03 8.0000E-04
6.1882E-03 8.0000E-04
2.8433E-03 8.0000E-04
2.6947E-03 8.0000E-04
2.8548E-03 8.0000E-04
7.1634E-03 8.0000E-04
2.0672E-03 8.0000E-04
5.8731E-03 8.0000E-04
2.2468E-03 8.0000E-04
4.5413E-03 8.0000E-04
7.1634E-03 8.0000E-04
5.8976E-03 8.0000E-04
1.3988E-03 8.0000E-04
7.1634E-03 8.0000E-04
2.6705E-03 8.0000E-04
3.7485E-03 8.0000E-04
7.1634E-03 8.0000E-04
2.6201E-03 8.0000E-04
2.3002E-03 8.0000E-04
7.1634E-03 8.0000E-04
2.7221E-03 8.0000E-04
3.2121E-03 8.0000E-04
3.1137E-03 8.0000E-04
5.9450E-03 8.0000E-04
1.5536E-03 8.0000E-04
5.5210E-03 8.0000E-04
4.1855E-03 8.0000E-04
2.6349E-03 8.0000E-04
5.0322E-03 8.0000E-04
4.5283E-03 8.0000E-04
7.1634E-03 8.0000E-04
6.8806E-03 8.0000E-04
3.1577E-03 8.0000E-04
7.1634E-03 8.0000E-04
2.8904E-03 8.0000E-04
5.2181E-03 8.0000E-04
4.1888E-03 8.0000E-04
7.1634E-03 8.0000E-04
2.6032E-03 8.0000E-04
7.1634E-03 8.0000E-04
1.8466E-03 8.0000E-04
3.7438E-03 8.0000E-04
4.2550E-03 8.0000E-04
4.4823E-03 8.0000E-04
3.9712E-03 8.0000E-04
4.4299E-03 8.0000E-04
3.4149E-03 8.0000E-04
6.1983E-03 8.0000E-04
2.3631E-03 8.0000E-04
1.0070E-03 8.0000E-04
3.2233E-03 8.0000E-04
4.5971E-03 8.0000E-04
1.0026E-03 8.0000E-04
2.1612E-03 8.0000E-04
2.1673E-03 8.0000E-04
5.1624E-03 8.0000E-04
2.4302E-03 8.0000E-04
1.9860E-03 8.0000E-04
2.0756E-03 8.0000E-04
3.8873E-03 8.0000E-04
1.0801E-03 8.0000E-04
2.7889E-03 8.0000E-04
2.8806E-03 8.0000E-04
4.5258E-03 8.0000E-04
2.4221E-03 8.0000E-04
1.2315E-03 8.0000E-04
9.8362E-04 8.0000E-04
2.9366E-03 8.0000E-04
1.5431E-03 8.0000E-04
2.6217E-03 8.0000E-04
2.2701E-03 8.0000E-04
2.4358E-03 8.0000E-04
4.1044E-03 8.0000E-04
2.1313E-03 8.0000E-04
1.0330E-03 8.0000E-04
3.6690E-03 8.0000E-04
3.1520E-03 8.0000E-04
2.2478E-03 8.0000E-04
3.2586E-03 8.0000E-04
3.1758E-03 8.0000E-04
5.9075E-03 8.0000E-04
3.0249E-03 8.0000E-04
1.2404E-03 8.0000E-04
3.6458E-03 8.0000E-04
1.3722E-03 8.0000E-04
3.2320E-03 8.0000E-04
5.4399E-03 8.0000E-04
3.1524E-03 8.0000E-04
6.9129E-04 8.0000E-04
3.4449E-03 8.0000E-04
1.6118E-03 8.0000E-04
1.4240E-03 8.0000E-04
3.3379E-03 8.0000E-04
1.6115E-03 8.0000E-04
2.3195E-03 8.0000E-04
4.1765E-03 8.0000E-04
1.6090E-03 8.0000E-04
9.4264E-04 8.0000E-04
3.4850E-03 8.0000E-04
2.0260E-03 8.0000E-04
1.6563E-03 8.0000E-04
3.3440E-03 8.0000E-04
2.3179E-03 8.0000E-04
2.7474E-03 8.0000E-04
2.6140E-03 8.0000E-04
1.6464E-03 8.0000E-04
1.0801E-03 8.0000E-04
2.5378E-03 8.0000E-04
1.8345E-03 8.0000E-04
2.0608E-03 8.0000E-04
2.2456E-03 8.0000E-04
3.0373E-03 8.0000E-04
9.5380E-04 8.0000E-04
1.7722E-03 8.0000E-04
2.0537E-03 8.0000E-04
3.4657E-03 8.0000E-04
4.7017E-03 8.0000E-04
2.2856E-03 8.0000E-04
1.2393E-03 8.0000E-04
4.3361E-03 8.0000E-04
2.8588E-03 8.0000E-04
3.2672E-03 8.0000E-04
1.9489E-03 8.0000E-04
5.2196E-03 8.0000E-04
7.6916E-04 8.0000E-04
4.7004E-03 8.0000E-04
2.6873E-03 8.0000E-04
3.0326E-03 8.0000E-04
1.4526E-03 8.0000E-04
3.2158E-03 8.0000E-04
2.0290E-03 8.0000E-04
2.5657E-03 8.0000E-04
8.3108E-04 8.0000E-04
1.3255E-03 8.0000E-04
1.8250E-03 8.0000E-04
2.6370E-03 8.0000E-04
1.0863E-03 8.0000E-04
6.9416E-04 8.0000E-04
1.3031E-03 8.0000E-04
2.0566E-03 8.0000E-04
7.0159E-04 8.0000E-04
1.3212E-03 8.0000E-04
1.0625E-03 8.0000E-04
3.1632E-03 8.0000E-04
7.8301E-04 8.0000E-04
5.8160E-04 8.0000E-04
1.3000E-03 8.0000E-04
2.6101E-03 8.0000E-04
9.7598E-04 8.0000E-04
1.4500E-03 8.0000E-04
1.3907E-03 8.0000E-04
3.1776E-03 8.0000E-04
1.8941E-03 8.0000E-04
9.0350E-04 8.0000E-04
1.7554E-03 8.0000E-04
2.6487E-03 8.0000E-04
5.5061E-04 8.0000E-04
3.1838E-03 8.0000E-04
8.5441E-04 8.0000E-04
1.9731E-03 8.0000E-04
4.4620E-03 8.0000E-04
1.5296E-03 8.0000E-04
1.5892E-03 8.0000E-04
1.0936E-03 8.0000E-04
2.2872E-03 8.0000E-04
1.9460E-03 8.0000E-04
3.7566E-03 8.0000E-04
1.8951E-03 8.0000E-04
5.4681E-04 8.0000E-04
1.6227E-03 8.0000E-04
1.1599E-03 8.0000E-04
2.1708E-03 8.0000E-04
7.8108E-04 8.0000E-04
8.9402E-04 8.0000E-04
2.0774E-03 8.0000E-04
3.2689E-03 8.0000E-04
1.3051E-03 8.0000E-04
5.1003E-04 8.0000E-04
1.3826E-03 8.0000E-04
2.0395E-03 8.0000E-04
3.4218E-03 8.0000E-04
1.1368E-03 8.0000E-04
1.9227E-03 8.0000E-04
1.9359E-03 8.0000E-04
5.1016E-03 8.0000E-04
2.2584E-03 8.0000E-04
4.0508E-03 8.0000E-04
1.1904E-03 8.0000E-04
1.7585E-03 8.0000E-04
4.5023E-03 8.0000E-04
4.0070E-03 8.0000E-04
3.7043E-03 8.0000E-04
4.9142E-03 8.0000E-04
2.4144E-03 8.0000E-04
1.6763E-03 8.0000E-04
3.7600E-03 8.0000E-04
5.1379E-03 8.0000E-04
4.7086E-04 8.0000E-04
6.0964E-03 8.0000E-04
3.3761E-03 8.0000E-04
2.5805E-03 8.0000E-04
3.5669E-03 8.0000E-04
2.4927E-03 8.0000E-04
4.2404E-03 8.0000E-04
3.2648E-03 8.0000E-04
1.6323E-03 8.0000E-04
5.1959E-03 8.0000E-04
2.8204E-03 8.0000E-04
2.3831E-03 8.0000E-04
3.9510E-03 8.0000E-04
5.6504E-03 8.0000E-04
3.6699E-03 8.0000E-04
3.2194E-03 8.0000E-04
3.0059E-03 8.0000E-04
4.1927E-03 8.0000E-04
5.1288E-03 8.0000E-04
2.6626E-03 8.0000E-04
1.1277E-03 8.0000E-04
1.5112E-03 8.0000E-04
2.5946E-03 8.0000E-04
2.1095E-03 8.0000E-04
1.9779E-03 8.0000E-04
1.9086E-03 8.0000E-04
1.6950E-03 8.0000E-04
4.4104E-03 8.0000E-04
3.5334E-03 8.0000E-04
2.3608E-03 8.0000E-04
1.0454E-03 8.0000E-04
2.6064E-03 8.0000E-04
2.2791E-03 8.0000E-04
1.4530E-03 8.0000E-04
2.9622E-03 8.0000E-04
1.6560E-03 8.0000E-04
5.5427E-04 8.0000E-04
2.2687E-03 8.0000E-04
1.2529E-03 8.0000E-04
2.2579E-03 8.0000E-04
2.9123E-03 8.0000E-04
1.4245E-03 8.0000E-04
6.0898E-04 8.0000E-04
2.3706E-03 8.0000E-04
2.9251E-03 8.0000E-04
9.7043E-04 8.0000E-04
1.0844E-03 8.0000E-04
1.3121E-03 8.0000E-04
3.3541E-03 8.0000E-04
2.1303E-03 8.0000E-04
1.6415E-03 8.0000E-04
3.9191E-03 8.0000E-04
2.5557E-03 8.0000E-04
1.4447E-03 8.0000E-04
5.3811E-03 8.0000E-04
2.6216E-03 8.0000E-04
9.3310E-04 8.0000E-04
1.7376E-03 8.0000E-04
2.3672E-03 8.0000E-04
2.1405E-03 8.0000E-04
2.9144E-03 8.0000E-04
1.1659E-03 8.0000E-04
1.5500E-03 8.0000E-04
1.5170E-03 8.0000E-04
1.4032E-03 8.0000E-04
1.2525E-03 8.0000E-04
1.4619E-03 8.0000E-04
9.7315E-04 8.0000E-04
1.4227E-03 8.0000E-04
1.0697E-03 8.0000E-04
8.2097E-04 8.0000E-04
1.4555E-03 8.0000E-04
1.3698E-03 8.0000E-04
7.6682E-04 8.0000E-04
1.2329E-03 8.0000E-04
9.0115E-04 8.0000E-04
5.6334E-04 8.0000E-04
1.4461E-03 8.0000E-04
6.1860E-04 8.0000E-04
2.8564E-04 8.0000E-04
1.6073E-03 8.0000E-04
1.3509E-03 8.0000E-04
1.3201E-04 8.0000E-04
4.9460E-04 8.0000E-04
7.9258E-04 8.0000E-04
1.4056E-03 8.0000E-04
1.4136E-03 8.0000E-04
8.0943E-04 8.0000E-04
4.4329E-04 8.0000E-04
6.9325E-04 8.0000E-04
1.6643E-03 8.0000E-04
9.4291E-04 8.0000E-04
6.4043E-04 8.0000E-04
1.0966E-03 8.0000E-04
1.6544E-03 8.0000E-04
1.6469E-03 8.0000E-04
1.4638E-03 8.0000E-04
1.5928E-03 8.0000E-04
9.3667E-04 8.0000E-04
1.1770E-03 8.0000E-04
2.4204E-03 8.0000E-04
2.2155E-03 8.0000E-04
1.8753E-03 8.0000E-04
3.3548E-03 8.0000E-04
2.8852E-03 8.0000E-04
1.6627E-03 8.0000E-04
1.3742E-03 8.0000E-04
1.6775E-03 8.0000E-04
4.9027E-03 8.0000E-04
4.2001E-03 8.0000E-04
5.5438E-04 8.0000E-04
1.8671E-03 8.0000E-04
1.1668E-03 8.0000E-04
5.5788E-03 8.0000E-04
1.6493E-03 8.0000E-04
1.6076E-03 8.0000E-04
1.3464E-03 8.0000E-04
3.4521E-03 8.0000E-04
1.5523E-03 8.0000E-04
2.9967E-03 8.0000E-04
6.8570E-04 8.0000E-04
1.7892E-03 8.0000E-04
1.9740E-03 8.0000E-04
4.3223E-03 8.0000E-04
1.0877E-03 8.0000E-04
9.3708E-04 8.0000E-04
9.5078E-04 8.0000E-04
3.8906E-03 8.0000E-04
1.1042E-03 8.0000E-04
7.2195E-04 8.0000E-04
2.3754E-03 8.0000E-04
1.9932E-03 8.0000E-04
3.2765E-03 8.0000E-04
1.7171E-03 8.0000E-04
1.4030E-03 8.0000E-04
3.6573E-03 8.0000E-04
1.8040E-03 8.0000E-04
1.7880E-03 8.0000E-04
3.4167E-03 8.0000E-04
2.4832E-03 8.0000E-04
4.7414E-03 8.0000E-04
1.3959E-03 8.0000E-04
1.2484E-03 8.0000E-04
1.4852E-03 8.0000E-04
5.2561E-03 8.0000E-04
3.0347E-03 8.0000E-04
2.4013E-03 8.0000E-04
2.6723E-03 8.0000E-04
3.1948E-03 8.0000E-04
1.3401E-03 8.0000E-04
4.6762E-03 8.0000E-04
1.3399E-03 8.0000E-04
2.0479E-03 8.0000E-04
2.8931E-03 8.0000E-04
3.0058E-03 8.0000E-04
1.1906E-03 8.0000E-04
2.0215E-03 8.0000E-04
1.3672E-03 8.0000E-04
1.6892E-03 8.0000E-04
2.2016E-03 8.0000E-04
2.2227E-03 8.0000E-04
9.3473E-04 8.0000E-04
4.0865E-03 8.0000E-04
1.8585E-03 8.0000E-04
1.2986E-03 8.0000E-04
2.0656E-03 8.0000E-04
2.0202E-03 8.0000E-04
2.3093E-03 8.0000E-04
2.3547E-03 8.0000E-04
2.1282E-03 8.0000E-04
1.5928E-03 8.0000E-04
2.6477E-03 8.0000E-04
1.6068E-03 8.0000E-04
3.0439E-03 8.0000E-04
1.7305E-03 8.0000E-04
2.6622E-03 8.0000E-04
2.3776E-03 8.0000E-04
2.1686E-03 8.0000E-04
8.1752E-04 8.0000E-04
3.2226E-03 8.0000E-04
1.3224E-03 8.0000E-04
1.5427E-03 8.0000E-04
2.8052E-03 8.0000E-04
1.3145E-03 8.0000E-04
7.6446E-04 8.0000E-04
3.1611E-03 8.0000E-04
1.2206E-03 8.0000E-04
2.8646E-04 8.0000E-04
1.4544E-03 8.0000E-04
1.0190E-03 8.0000E-04
3.2809E-03 8.0000E-04
6.6528E-04 8.0000E-04
1.1012E-03 8.0000E-04
1.3564E-03 8.0000E-04
1.7709E-03 8.0000E-04
8.6196E-04 8.0000E-04
8.4345E-04 8.0000E-04
1.0262E-03 8.0000E-04
2.4179E-03 8.0000E-04
5.2160E-04 8.0000E-04
4.6171E-04 8.0000E-04
9.0953E-04 8.0000E-04
1.8394E-03 8.0000E-04
3.0650E-03 8.0000E-04
7.5605E-04 8.0000E-04
1.3724E-03 8.0000E-04
1.0485E-03 8.0000E-04
2.8550E-03 8.0000E-04
2.9083E-03 8.0000E-04
3.8915E-04 8.0000E-04
5.5333E-04 8.0000E-04
1.4852E-03 8.0000E-04
2.3635E-03 8.0000E-04
3.0118E-03 8.0000E-04
5.0540E-04 8.0000E-04
2.2408E-03 8.0000E-04
9.5414E-04 8.0000E-04
1.0121E-03 8.0000E-04
2.6796E-03 8.0000E-04
1.2992E-03 8.0000E-04
6.1239E-04 8.0000E-04
3.9678E-03 8.0000E-04
6.6193E-04 8.0000E-04
3.2762E-04 8.0000E-04
2.1502E-03 8.0000E-04
1.4807E-03 8.0000E-04
3.3748E-03 8.0000E-04
8.1079E-04 8.0000E-04
8.4081E-04 8.0000E-04
7.7424E-04 8.0000E-04
2.7343E-03 8.0000E-04
7.2657E-04 8.0000E-04
2.2922E-03 8.0000E-04
1.1295E-03 8.0000E-04
1.4409E-03 8.0000E-04
3.8415E-03 8.0000E-04
1.5498E-03 8.0000E-04
4.4274E-04 8.0000E-04
1.1244E-03 8.0000E-04
1.0809E-03 8.0000E-04
3.4106E-03 8.0000E-04
1.8012E-03 8.0000E-04
1.9919E-03 8.0000E-04
1.0447E-03 8.0000E-04
2.6330E-03 8.0000E-04
2.5307E-03 8.0000E-04
1.1864E-03 8.0000E-04
3.1641E-03 8.0000E-04
1.3478E-03 8.0000E-04
2.8436E-03 8.0000E-04
7.4345E-04 8.0000E-04
2.1043E-03 8.0000E-04
1.9868E-03 8.0000E-04
3.3859E-03 8.0000E-04
9.3906E-04 8.0000E-04
5.8640E-04 8.0000E-04
2.9546E-03 8.0000E-04
1.7056E-03 8.0000E-04
4.4959E-03 8.0000E-04
5.5576E-04 8.0000E-04
2.3595E-03 8.0000E-04
1.2732E-03 8.0000E-04
3.9341E-03 8.0000E-04
3.7881E-03 8.0000E-04
1.6097E-03 8.0000E-04
2.8209E-03 8.0000E-04
1.7378E-03 8.0000E-04
5.7336E-03 8.0000E-04
1.7637E-03 8.0000E-04
1.2976E-03 8.0000E-04
3.8970E-03 8.0000E-04
4.0377E-03 8.0000E-04
6.1016E-03 8.0000E-04
7.3397E-04 8.0000E-04
2.3367E-03 8.0000E-04
1.0256E-03 8.0000E-04
3.5185E-03 8.0000E-04
7.1202E-03 8.0000E-04
1.4869E-03 8.0000E-04
1.3723E-03 8.0000E-04
5.9615E-03 8.0000E-04
2.2378E-03 8.0000E-04
5.6994E-04 8.0000E-04
2.1871E-03 8.0000E-04
1.1251E-03 8.0000E-04
3.6984E-03 8.0000E-04
1.5797E-03 8.0000E-04
1.5507E-03 8.0000E-04
1.4842E-03 8.0000E-04
2.5419E-03 8.0000E-04
1.8360E-03 8.0000E-04
1.3515E-03 8.0000E-04
1.3649E-03 8.0000E-04
1.6021E-03 8.0000E-04
1.1788E-03 8.0000E-04
2.1930E-03 8.0000E-04
1.3185E-03 8.0000E-04
7.9478E-04 8.0000E-04
1.4880E-03 8.0000E-04
1.1198E-03 8.0000E-04
1.0147E-03 8.0000E-04
1.8918E-03 8.0000E-04
7.3967E-04 8.0000E-04
4.8549E-04 8.0000E-04
1.1430E-03 8.0000E-04
2.0590E-03 8.0000E-04
6.1947E-04 8.0000E-04
1.0431E-03 8.0000E-04
8.2419E-04 8.0000E-04
1.6945E-03 8.0000E-04
9.2319E-04 8.0000E-04
5.9495E-04 8.0000E-04
8.3012E-04 8.0000E-04
1.3544E-03 8.0000E-04
6.6815E-04 8.0000E-04
8.3932E-04 8.0000E-04
9.1328E-04 8.0000E-04
1.5282E-03 8.0000E-04
9.1235E-04 8.0000E-04
8.0956E-04 8.0000E-04
9.5775E-04 8.0000E-04
1.5390E-03 8.0000E-04
7.7177E-04 8.0000E-04
7.1397E-04 8.0000E-04
9.5951E-04 8.0000E-04
1.5809E-03 8.0000E-04
7.0690E-04 8.0000E-04
7.9878E-04 8.0000E-04
6.8205E-04 8.0000E-04
1.2287E-03 8.0000E-04
1.4707E-03 8.0000E-04
7.2419E-04 8.0000E-04
4.5597E-04 8.0000E-04
9.4624E-04 8.0000E-04
1.4258E-03 8.0000E-04
3.6714E-04 8.0000E-04
1.0171E-03 8.0000E-04
7.9213E-04 8.0000E-04
1.6452E-03 8.0000E-04
8.3629E-04 8.0000E-04
6.0759E-04 8.0000E-04
6.9690E-04 8.0000E-04
1.0657E-03 8.0000E-04
2.7670E-04 8.0000E-04
9.6312E-04 8.0000E-04
9.1544E-04 8.0000E-04
2.4381E-03 8.0000E-04
3.1686E-04 8.0000E-04
2.3652E-04 8.0000E-04
5.1745E-04 8.0000E-04
1.5681E-03 8.0000E-04
2.9841E-04 8.0000E-04
7.6060E-04 8.0000E-04
9.8074E-04 8.0000E-04
1.8494E-03 8.0000E-04
1.7212E-03 8.0000E-04
1.7394E-04 8.0000E-04
3.9188E-04 8.0000E-04
4.2778E-04 8.0000E-04
1.2322E-03 8.0000E-04
1.1591E-03 8.0000E-04
6.0507E-04 8.0000E-04
1.5462E-03 8.0000E-04
1.0939E-03 8.0000E-04
1.1226E-03 8.0000E-04
5.6222E-04 8.0000E-04
7.6243E-04 8.0000E-04
8.0401E-04 8.0000E-04
7.8461E-04 8.0000E-04
1.3413E-03 8.0000E-04
6.9853E-04 8.0000E-04
1.8719E-03 8.0000E-04
1.5586E-03 8.0000E-04
3.5507E-04 8.0000E-04
9.3322E-04 8.0000E-04
7.0634E-04 8.0000E-04
1.2402E-03 8.0000E-04
8.4026E-04 8.0000E-04
7.1296E-04 8.0000E-04
9.2178E-04 8.0000E-04
1.5623E-03 8.0000E-04
9.1365E-04 8.0000E-04
6.1230E-04 8.0000E-04
7.6040E-04 8.0000E-04
1.6405E-03 8.0000E-04
2.6238E-04 8.0000E-04
9.1355E-04 8.0000E-04
5.4909E-04 8.0000E-04
1.4635E-03 8.0000E-04
1.1653E-03 8.0000E-04
3.7450E-04 8.0000E-04
4.6838E-04 8.0000E-04
9.1131E-04 8.0000E-04
1.3521E-03 8.0000E-04
8.8280E-04 8.0000E-04
1.5867E-03 8.0000E-04
1.4667E-03 8.0000E-04
1.3970E-03 8.0000E-04
1.4024E-03 8.0000E-04
1.4653E-03 8.0000E-04
4.4365E-04 8.0000E-04
2.5604E-03 8.0000E-04
5.9522E-04 8.0000E-04
9.5510E-04 8.0000E-04
3.3121E-03 8.0000E-04
3.6653E-03 8.0000E-04
9.4204E-04 8.0000E-04
1.3718E-03 8.0000E-04
9.8013E-04 8.0000E-04
4.1688E-03 8.0000E-04
3.0965E-03 8.0000E-04
1.9691E-03 8.0000E-04
5.2548E-03 8.0000E-04
1.4637E-03 8.0000E-04
3.1512E-03 8.0000E-04
1.5748E-03 8.0000E-04
4.5160E-03 8.0000E-04
3.1865E-03 8.0000E-04
9.6546E-04 8.0000E-04
1.9674E-03 8.0000E-04
2.6061E-03 8.0000E-04
2.3064E-03 8.0000E-04
9.1124E-04 8.0000E-04
1.5213E-03 8.0000E-04
1.3034E-03 8.0000E-04
2.6054E-03 8.0000E-04
2.3702E-03 8.0000E-04
2.1159E-03 8.0000E-04
1.1244E-03 8.0000E-04
5.2797E-03 8.0000E-04
1.5910E-03 8.0000E-04
2.0778E-03 8.0000E-04
2.6180E-03 8.0000E-04
5.2630E-03 8.0000E-04
2.1845E-03 8.0000E-04
1.6731E-03 8.0000E-04
1.9822E-03 8.0000E-04
2.4547E-03 8.0000E-04
1.2393E-03 8.0000E-04
4.0997E-03 8.0000E-04
2.3771E-03 8.0000E-04
2.0074E-03 8.0000E-04
1.1493E-03 8.0000E-04
2.7762E-03 8.0000E-04
2.1098E-03 8.0000E-04
2.9038E-03 8.0000E-04
2.6645E-03 8.0000E-04
2.1651E-03 8.0000E-04
4.4759E-03 8.0000E-04
1.3109E-03 8.0000E-04
3.1472E-03 8.0000E-04
2.5805E-03 8.0000E-04
2.2468E-03 8.0000E-04
3.0653E-03 8.0000E-04
1.5984E-03 8.0000E-04
2.9279E-03 8.0000E-04
1.8185E-03 8.0000E-04
1.2834E-03 8.0000E-04
3.3453E-03 8.0000E-04
1.0998E-03 8.0000E-04
1.3409E-03 8.0000E-04
9.7523E-04 8.0000E-04
1.5086E-03 8.0000E-04
1.7043E-03 8.0000E-04
9.3502E-04 8.0000E-04
1.3255E-03 8.0000E-04
1.1729E-03 8.0000E-04
9.7391E-04 8.0000E-04
6.9954E-04 8.0000E-04
1.1194E-03 8.0000E-04
1.3791E-03 8.0000E-04
4.1128E-04 8.0000E-04
6.9649E-04 8.0000E-04
6.6312E-04 8.0000E-04
2.2750E-03 8.0000E-04
8.5858E-04 8.0000E-04
4.3891E-04 8.0000E-04
9.0145E-04 8.0000E-04
2.1306E-03 8.0000E-04
8.1672E-04 8.0000E-04
1.3771E-03 8.0000E-04
1.3457E-03 8.0000E-04
3.1148E-03 8.0000E-04
1.2291E-03 8.0000E-04
1.4520E-03 8.0000E-04
1.3418E-03 8.0000E-04
2.9499E-03 8.0000E-04
1.0874E-03 8.0000E-04
3.7863E-03 8.0000E-04
1.0754E-03 8.0000E-04
2.8793E-03 8.0000E-04
4.2362E-03 8.0000E-04
2.5602E-03 8.0000E-04
1.0066E-03 8.0000E-04
6.8661E-03 8.0000E-04
3.9517E-03 8.0000E-04
6.3553E-04 8.0000E-04
2.9030E-03 8.0000E-04
2.8022E-03 8.0000E-04
3.8955E-03 8.0000E-04
1.0069E-03 8.0000E-04
1.3812E-03 8.0000E-04
1.9783E-03 8.0000E-04
4.5011E-03 8.0000E-04
1.0915E-03 8.0000E-04
1.9928E-03 8.0000E-04
1.0342E-03 8.0000E-04
2.0946E-03 8.0000E-04
1.6967E-03 8.0000E-04
1.5386E-03 8.0000E-04
7.0859E-04 8.0000E-04
9.3023E-04 8.0000E-04
1.3045E-03 8.0000E-04
9.3238E-04 8.0000E-04
1.1498E-03 8.0000E-04
6.7708E-04 8.0000E-04
1.1034E-03 8.0000E-04
1.5380E-03 8.0000E-04
4.9961E-04 8.0000E-04
3.2177E-04 8.0000E-04
7.9042E-04 8.0000E-04
1.1542E-03 8.0000E-04
5.1486E-04 8.0000E-04
6.0905E-04 8.0000E-04
5.9491E-04 8.0000E-04
1.1778E-03 8.0000E-04
5.2530E-04 8.0000E-04
2.5287E-04 8.0000E-04
5.1712E-04 8.0000E-04
8.1152E-04 8.0000E-04
9.8629E-04 8.0000E-04
6.7189E-04 8.0000E-04
8.2606E-04 8.0000E-04
5.7098E-04 8.0000E-04
7.9527E-04 8.0000E-04
1.0640E-03 8.0000E-04
6.2137E-04 8.0000E-04
5.0181E-04 8.0000E-04
9.5075E-04 8.0000E-04
1.0145E-03 8.0000E-04
2.4088E-04 8.0000E-04
6.2783E-04 8.0000E-04
6.3619E-04 8.0000E-04
1.6317E-03 8.0000E-04
3.5286E-04 8.0000E-04
1.2563E-04 8.0000E-04
4.7381E-04 8.0000E-04
1.0912E-03 8.0000E-04
5.2478E-04 8.0000E-04
6.7374E-04 8.0000E-04
6.8433E-04 8.0000E-04
1.0547E-03 8.0000E-04
1.4466E-03 8.0000E-04
2.2734E-04 8.0000E-04
4.3775E-04 8.0000E-04
5.7410E-04 8.0000E-04
7.2812E-04 8.0000E-04
2.0921E-03 8.0000E-04
1.1720E-03 8.0000E-04
1.4334E-04 8.0000E-04
8.4794E-04 8.0000E-04
7.4308E-04 8.0000E-04
1.3870E-03 8.0000E-04
2.1790E-03 8.0000E-04
1.0848E-03 8.0000E-04
3.5094E-04 8.0000E-04
1.0650E-03 8.0000E-04
2.0625E-03 8.0000E-04
8.4489E-04 8.0000E-04
1.4549E-03 8.0000E-04
1.1962E-03 8.0000E-04
3.0317E-03 8.0000E-04
8.0103E-04 8.0000E-04
2.6472E-04 8.0000E-04
2.0880E-03 8.0000E-04
1.0526E-03 8.0000E-04
2.6823E-03 8.0000E-04
3.7805E-03 8.0000E-04
5.7074E-04 8.0000E-04
2.5350E-03 8.0000E-04
3.7208E-03 8.0000E-04
2.9330E-03 8.0000E-04
1.2637E-03 8.0000E-04
2.2035E-03 8.0000E-04
1.3445E-03 8.0000E-04
3.4526E-03 8.0000E-04
2.2487E-03 8.0000E-04
1.2849E-03 8.0000E-04
2.9154E-03 8.0000E-04
1.8213E-03 8.0000E-04
9.4243E-04 8.0000E-04
3.5817E-03 8.0000E-04
2.7574E-03 8.0000E-04
2.4454E-03 8.0000E-04
2.7558E-03 8.0000E-04
1.8200E-03 8.0000E-04
3.5716E-03 8.0000E-04
1.8083E-03 8.0000E-04
1.5686E-03 8.0000E-04
2.7208E-03 8.0000E-04
4.2605E-03 8.0000E-04
7.6015E-04 8.0000E-04
1.9245E-03 8.0000E-04
1.4301E-03 8.0000E-04
5.6748E-03 8.0000E-04
7.9417E-04 8.0000E-04
2.8502E-03 8.0000E-04
2.2305E-03 8.0000E-04
4.7379E-03 8.0000E-04
4.0413E-03 8.0000E-04
2.8182E-03 8.0000E-04
9.7510E-04 8.0000E-04
3.8501E-03 8.0000E-04
2.2779E-03 8.0000E-04
1.5126E-03 8.0000E-04
3.6395E-03 8.0000E-04
2.2435E-03 8.0000E-04
2.9531E-03 8.0000E-04
9.7512E-04 8.0000E-04
1.3282E-03 8.0000E-04
1.1341E-03 8.0000E-04
3.1437E-03 8.0000E-04
8.2504E-04 8.0000E-04
1.6952E-03 8.0000E-04
8.3148E-04 8.0000E-04
1.7302E-03 8.0000E-04
1.4029E-03 8.0000E-04
1.0169E-03 8.0000E-04
8.2581E-04 8.0000E-04
1.2606E-03 8.0000E-04
1.6380E-03 8.0000E-04
5.5824E-04 8.0000E-04
1.8677E-03 8.0000E-04
1.1340E-03 8.0000E-04
1.8074E-03 8.0000E-04
1.5783E-03 8.0000E-04
6.8334E-04 8.0000E-04
1.8670E-03 8.0000E-04
1.4787E-03 8.0000E-04
5.8020E-04 8.0000E-04
1.4868E-03 8.0000E-04
1.1884E-03 8.0000E-04
1.7017E-03 8.0000E-04
1.8865E-03 8.0000E-04
1.6198E-03 8.0000E-04
1.0231E-03 8.0000E-04
2.5486E-03 8.0000E-04
1.1155E-03 8.0000E-04
1.9042E-03 8.0000E-04
1.8708E-03 8.0000E-04
2.3317E-03 8.0000E-04
8.7329E-04 8.0000E-04
1.9437E-03 8.0000E-04
8.4838E-04 8.0000E-04
1.5127E-03 8.0000E-04
2.0139E-03 8.0000E-04
1.4398E-03 8.0000E-04
9.3987E-04 8.0000E-04
1.2499E-03 8.0000E-04
1.0613E-03 8.0000E-04
5.9797E-04 8.0000E-04
1.0832E-03 8.0000E-04
8.9341E-04 8.0000E-04
4.9838E-04 8.0000E-04
9.9156E-04 8.0000E-04
8.3933E-04 8.0000E-04
6.7299E-04 8.0000E-04
1.3990E-03 8.0000E-04
6.1115E-04 8.0000E-04
6.0466E-04 8.0000E-04
3.9670E-04 8.0000E-04
8.6912E-04 8.0000E-04
7.6446E-04 8.0000E-04
4.7774E-04 8.0000E-04
6.6692E-04 8.0000E-04
3.4648E-04 8.0000E-04
2.4883E-04 8.0000E-04
4.6904E-04 8.0000E-04
5.6276E-04 8.0000E-04
2.0711E-04 8.0000E-04
3.4247E-04 8.0000E-04
3.3886E-04 8.0000E-04
5.9807E-04 8.0000E-04
3.7059E-04 8.0000E-04
1.9314E-04 8.0000E-04
3.4193E-04 8.0000E-04
4.3933E-04 8.0000E-04
2.0979E-04 8.0000E-04
3.2334E-04 8.0000E-04
2.8618E-04 8.0000E-04
6.4926E-04 8.0000E-04
2.4746E-04 8.0000E-04
1.0643E-04 8.0000E-04
2.3858E-04 8.0000E-04
5.3964E-04 8.0000E-04
1.4610E-04 8.0000E-04
2.2720E-04 8.0000E-04
2.4340E-04 8.0000E-04
5.3117E-04 8.0000E-04
5.7259E-04 8.0000E-04
9.5692E-05 8.0000E-04
1.5572E-04 8.0000E-04
2.7655E-04 8.0000E-04
6.5362E-04 8.0000E-04
5.6778E-04 8.0000E-04
1.9873E-04 8.0000E-04
2.3299E-04 8.0000E-04
3.3033E-04 8.0000E-04
8.5513E-04 8.0000E-04
2.2954E-04 8.0000E-04
1.8613E-04 8.0000E-04
3.9527E-04 8.0000E-04
6.8448E-04 8.0000E-04
7.8598E-04 8.0000E-04
2.8171E-04 8.0000E-04
6.1239E-04 8.0000E-04
3.3915E-04 8.0000E-04
3.9121E-04 8.0000E-04
9.1332E-04 8.0000E-04
6.3107E-04 8.0000E-04
1.8060E-04 8.0000E-04
6.8265E-04 8.0000E-04
6.0136E-04 8.0000E-04
5.5559E-04 8.0000E-04
1.7754E-03 8.0000E-04
5.1529E-04 8.0000E-04
3.6900E-04 8.0000E-04
4.2853E-04 8.0000E-04
3.2342E-04 8.0000E-04
1.2332E-03 8.0000E-04
1.2992E-03 8.0000E-04
9.1698E-04 8.0000E-04
9.8551E-04 8.0000E-04
1.4224E-03 8.0000E-04
4.9703E-04 8.0000E-04
1.4528E-03 8.0000E-04
2.6807E-04 8.0000E-04
3.7401E-04 8.0000E-04
1.0327E-03 8.0000E-04
9.1865E-04 8.0000E-04
5.6236E-04 8.0000E-04
2.2473E-03 8.0000E-04
7.4592E-04 8.0000E-04
1.2595E-03 8.0000E-04
1.1171E-03 8.0000E-04
6.7935E-04 8.0000E-04
1.8092E-03 8.0000E-04
2.1292E-03 8.0000E-04
7.9882E-04 8.0000E-04
5.6264E-04 8.0000E-04
2.1225E-03 8.0000E-04
5.7663E-04 8.0000E-04
5.0405E-04 8.0000E-04
2.3065E-03 8.0000E-04
7.2579E-04 8.0000E-04
2.2168E-03 8.0000E-04
1.2440E-03 8.0000E-04
1.9334E-03 8.0000E-04
8.4758E-04 8.0000E-04
7.1585E-04 8.0000E-04
1.8584E-03 8.0000E-04
7.6826E-04 8.0000E-04
2.7996E-03 8.0000E-04
1.3808E-03 8.0000E-04
1.0608E-03 8.0000E-04
8.9834E-04 8.0000E-04
1.7514E-03 8.0000E-04
6.7933E-04 8.0000E-04
8.9119E-04 8.0000E-04
2.0801E-03 8.0000E-04
7.5977E-04 8.0000E-04
2.5099E-03 8.0000E-04
2.5030E-03 8.0000E-04
2.8198E-04 8.0000E-04
1.7183E-03 8.0000E-04
6.8527E-04 8.0000E-04
8.9278E-04 8.0000E-04
2.5132E-03 8.0000E-04
4.7794E-04 8.0000E-04
2.9702E-03 8.0000E-04
2.0916E-03 8.0000E-04
1.2438E-03 8.0000E-04
4.2457E-03 8.0000E-04
1.6028E-03 8.0000E-04
4.3524E-04 8.0000E-04
2.8863E-03 8.0000E-04
2.0863E-03 8.0000E-04
2.0798E-04 8.0000E-04
1.9749E-03 8.0000E-04
1.1528E-03 8.0000E-04
4.7874E-03 8.0000E-04
9.6520E-04 8.0000E-04
1.1248E-03 8.0000E-04
2.6804E-03 8.0000E-04
1.2154E-03 8.0000E-04
1.1190E-03 8.0000E-04
2.2203E-03 8.0000E-04
2.3243E-03 8.0000E-04
6.9723E-04 8.0000E-04
4.0286E-03 8.0000E-04
1.7999E-03 8.0000E-04
1.6338E-03 8.0000E-04
3.1522E-03 8.0000E-04
1.5371E-03 8.0000E-04
3.4573E-03 8.0000E-04
5.5170E-03 8.0000E-04
4.3576E-03 8.0000E-04
8.3617E-04 8.0000E-04
2.1690E-03 8.0000E-04
4.1286E-03 8.0000E-04
1.6126E-03 8.0000E-04
3.9834E-03 8.0000E-04
1.8303E-03 8.0000E-04
1.7117E-03 8.0000E-04
4.8743E-03 8.0000E-04
1.5302E-03 8.0000E-04
2.8731E-03 8.0000E-04
7.1849E-04 8.0000E-04
1.7585E-03 8.0000E-04
4.7134E-03 8.0000E-04
4.7253E-03 8.0000E-04
1.7805E-03 8.0000E-04
3.3281E-03 8.0000E-04
1.1722E-03 8.0000E-04
4.1053E-03 8.0000E-04
2.2974E-03 8.0000E-04
6.4173E-04 8.0000E-04
2.6824E-03 8.0000E-04
2.0989E-03 8.0000E-04
1.8218E-03 8.0000E-04
3.4757E-03 8.0000E-04
7.7780E-04 8.0000E-04
5.6335E-04 8.0000E-04
1.5564E-03 8.0000E-04
1.8437E-03 8.0000E-04
2.7361E-04 8.0000E-04
4.8512E-04 8.0000E-04
8.1530E-04 8.0000E-04
1.1304E-03 8.0000E-04
1.0515E-03 8.0000E-04
7.3295E-04 8.0000E-04
5.2202E-04 8.0000E-04
6.7061E-04 8.0000E-04
1.2060E-03 8.0000E-04
3.1233E-04 8.0000E-04
2.0863E-04 8.0000E-04
5.0465E-04 8.0000E-04
7.9096E-04 8.0000E-04
1.5983E-03 8.0000E-04
3.3427E-04 8.0000E-04
1.4514E-04 8.0000E-04
4.4581E-04 8.0000E-04
8.4103E-04 8.0000E-04
6.0540E-04 8.0000E-04
4.1490E-04 8.0000E-04
4.5670E-04 8.0000E-04
5.8228E-04 8.0000E-04
2.8483E-04 8.0000E-04
3.2914E-04 8.0000E-04
3.6579E-04 8.0000E-04
8.5074E-04 8.0000E-04
3.9304E-04 8.0000E-04
1.1215E-04 8.0000E-04
2.6228E-04 8.0000E-04
4.9696E-04 8.0000E-04
4.0217E-04 8.0000E-04
3.2064E-04 8.0000E-04
3.7877E-04 8.0000E-04
5.8673E-04 8.0000E-04
3.1185E-04 8.0000E-04
2.0512E-04 8.0000E-04
2.6960E-04 8.0000E-04
5.0440E-04 8.0000E-04
3.0818E-04 8.0000E-04
3.1040E-04 8.0000E-04
4.0959E-04 8.0000E-04
6.5688E-04 8.0000E-04
3.7288E-04 8.0000E-04
2.7174E-04 8.0000E-04
3.3538E-04 8.0000E-04
6.1515E-04 8.0000E-04
3.2452E-04 8.0000E-04
3.9985E-04 8.0000E-04
4.2471E-04 8.0000E-04
8.0725E-04 8.0000E-04
3.0365E-04 8.0000E-04
2.3338E-04 8.0000E-04
3.0290E-04 8.0000E-04
6.6012E-04 8.0000E-04
4.0187E-04 8.0000E-04
3.2068E-04 8.0000E-04
3.9694E-04 8.0000E-04
6.3513E-04 8.0000E-04
2.6212E-04 8.0000E-04
3.0743E-04 8.0000E-04
2.8897E-04 8.0000E-04
6.8943E-04 8.0000E-04
2.2640E-04 8.0000E-04
1.8562E-04 8.0000E-04
3.2382E-04 8.0000E-04
5.3683E-04 8.0000E-04
5.0975E-04 8.0000E-04
1.4338E-04 8.0000E-04
3.4176E-04 8.0000E-04
3.6665E-04 8.0000E-04
1.5104E-04 8.0000E-04
4.4245E-04 8.0000E-04
2.2830E-04 8.0000E-04
6.8943E-04 8.0000E-04
4.7834E-04 8.0000E-04
1.1234E-04 8.0000E-04
1.3890E-04 8.0000E-04
2.2184E-04 8.0000E-04
5.0260E-04 8.0000E-04
6.1078E-04 8.0000E-04
8.4789E-05 8.0000E-04
3.0018E-04 8.0000E-04
2.3924E-04 8.0000E-04
2.5142E-04 8.0000E-04
5.5492E-04 8.0000E-04
2.7715E-04 8.0000E-04
7.5077E-05 8.0000E-04
3.9131E-04 8.0000E-04
2.7671E-04 8.0000E-04
2.6814E-04 8.0000E-04
7.5461E-04 8.0000E-04
3.4406E-04 8.0000E-04
1.8577E-04 8.0000E-04
1.7577E-04 8.0000E-04
2.0948E-04 8.0000E-04
5.7919E-04 8.0000E-04
3.9022E-04 8.0000E-04
2.3816E-04 8.0000E-04
3.5621E-04 8.0000E-04
4.4047E-04 8.0000E-04
7.0617E-05 8.0000E-04
1.1450E-04 8.0000E-04
1.5055E-04 8.0000E-04
2.7803E-04 8.0000E-04
4.2567E-04 8.0000E-04
1.8075E-04 8.0000E-04
1.9345E-04 8.0000E-04
2.6598E-04 8.0000E-04
4.5721E-04 8.0000E-04
3.5511E-04 8.0000E-04
1.1851E-04 8.0000E-04
2.0602E-04 8.0000E-04
2.6306E-04 8.0000E-04
1.5170E-04 8.0000E-04
5.7065E-04 8.0000E-04
2.2478E-04 8.0000E-04
1.8568E-04 8.0000E-04
5.4267E-04 8.0000E-04
2.0214E-04 8.0000E-04
7.0977E-05 8.0000E-04
2.8208E-04 8.0000E-04
1.7573E-04 8.0000E-04
4.9379E-04 8.0000E-04
3.0924E-04 8.0000E-04
4.5758E-04 8.0000E-04
1.1265E-04 8.0000E-04
2.3983E-04 8.0000E-04
2.2681E-04 8.0000E-04
8.4461E-05 8.0000E-04
2.4767E-04 8.0000E-04
2.5715E-04 8.0000E-04
7.4446E-04 8.0000E-04
7.0753E-05 8.0000E-04
4.8739E-05 8.0000E-04
1.2562E-04 8.0000E-04
5.1143E-04 8.0000E-04
2.7155E-04 8.0000E-04
2.2167E-04 8.0000E-04
2.4259E-04 8.0000E-04
5.5642E-04 8.0000E-04
4.2740E-04 8.0000E-04
1.3287E-04 8.0000E-04
2.0844E-04 8.0000E-04
1.7753E-04 8.0000E-04
2.8696E-04 8.0000E-04
2.0277E-04 8.0000E-04
2.1442E-04 8.0000E-04
2.7097E-04 8.0000E-04
4.4675E-04 8.0000E-04
1.5966E-04 8.0000E-04
1.2108E-04 8.0000E-04
5.0067E-04 8.0000E-04
2.2185E-04 8.0000E-04
3.8364E-04 8.0000E-04
1.2397E-04 8.0000E-04
2.8481E-04 8.0000E-04
3.8709E-04 8.0000E-04
2.2829E-04 8.0000E-04
1.7833E-04 8.0000E-04
2.1696E-04 8.0000E-04
5.7681E-04 8.0000E-04
1.1621E-04 8.0000E-04
1.5887E-04 8.0000E-04
2.9045E-04 8.0000E-04
5.4212E-04 8.0000E-04
6.7006E-04 8.0000E-04
2.7507E-04 8.0000E-04
5.4545E-04 8.0000E-04
5.0388E-04 8.0000E-04
2.9854E-04 8.0000E-04
3.8699E-04 8.0000E-04
3.7938E-04 8.0000E-04
7.2526E-04 8.0000E-04
8.7556E-05 8.0000E-04
1.5126E-04 8.0000E-04
2.5454E-04 8.0000E-04
6.2550E-04 8.0000E-04
6.9014E-04 8.0000E-04
1.6526E-04 8.0000E-04
8.9694E-04 8.0000E-04
3.0556E-04 8.0000E-04
3.1577E-04 8.0000E-04
1.1076E-03 8.0000E-04
2.1082E-04 8.0000E-04
1.1150E-03 8.0000E-04
1.0468E-03 8.0000E-04
4.8188E-04 8.0000E-04
6.1665E-04 8.0000E-04
3.1716E-04 8.0000E-04
1.6562E-03 8.0000E-04
1.7338E-03 8.0000E-04
4.0392E-04 8.0000E-04
1.3731E-03 8.0000E-04
2.9871E-04 8.0000E-04
1.9048E-03 8.0000E-04
2.5722E-03 8.0000E-04
4.1281E-04 8.0000E-04
2.8601E-03 8.0000E-04
8.5701E-04 8.0000E-04
3.3232E-03 8.0000E-04
1.1859E-03 8.0000E-04
4.0558E-03 8.0000E-04
1.7306E-03 8.0000E-04
1.9784E-03 8.0000E-04
7.1634E-03 8.0000E-04
1.8961E-03 8.0000E-04
2.3709E-03 8.0000E-04
5.4066E-03 8.0000E-04
1.8337E-03 8.0000E-04
1.4566E-03 8.0000E-04
3.8510E-03 8.0000E-04
3.4448E-03 8.0000E-04
1.2821E-03 8.0000E-04
1.2435E-03 8.0000E-04
5.6739E-04 8.0000E-04
1.5241E-03 8.0000E-04
1.3725E-03 8.0000E-04
2.2241E-04 8.0000E-04
6.7191E-04 8.0000E-04
7.0965E-04 8.0000E-04
1.3950E-03 8.0000E-04
6.2578E-04 8.0000E-04
5.9440E-04 8.0000E-04
6.9287E-04 8.0000E-04
1.1320E-03 8.0000E-04
5.4378E-04 8.0000E-04
4.4600E-04 8.0000E-04
5.9592E-04 8.0000E-04
1.1625E-03 8.0000E-04
3.0587E-04 8.0000E-04
2.8293E-04 8.0000E-04
4.8651E-04 8.0000E-04
8.5279E-04 8.0000E-04
1.0227E-03 8.0000E-04
3.6241E-04 8.0000E-04
6.4396E-04 8.0000E-04
6.0373E-04 8.0000E-04
4.7971E-04 8.0000E-04
9.1961E-04 8.0000E-04
4.3509E-04 8.0000E-04
2.7421E-04 8.0000E-04
1.0018E-03 8.0000E-04
6.0365E-04 8.0000E-04
8.7512E-05 8.0000E-04
3.5771E-04 8.0000E-04
5.3438E-04 8.0000E-04
9.9893E-04 8.0000E-04
8.0806E-04 8.0000E-04
1.7466E-04 8.0000E-04
3.7328E-04 8.0000E-04
6.1455E-04 8.0000E-04
3.1679E-04 8.0000E-04
5.5244E-04 8.0000E-04
3.9100E-04 8.0000E-04
9.8024E-04 8.0000E-04
3.0195E-04 8.0000E-04
9.5251E-05 8.0000E-04
2.5786E-04 8.0000E-04
5.6378E-04 8.0000E-04
3.3465E-04 8.0000E-04
3.6752E-04 8.0000E-04
3.8692E-04 8.0000E-04
5.7232E-04 8.0000E-04
8.3322E-04 8.0000E-04
1.2187E-04 8.0000E-04
1.2843E-04 8.0000E-04
2.0654E-04 8.0000E-04
7.6207E-04 8.0000E-04
3.0723E-04 8.0000E-04
2.4863E-04 8.0000E-04
4.0369E-04 8.0000E-04
5.2830E-04 8.0000E-04
7.6141E-04 8.0000E-04
1.0879E-04 8.0000E-04
1.4272E-04 8.0000E-04
2.3028E-04 8.0000E-04
6.8266E-04 8.0000E-04
2.9501E-04 8.0000E-04
1.4995E-04 8.0000E-04
2.8000E-04 8.0000E-04
5.0156E-04 8.0000E-04
8.0751E-05 8.0000E-04
9.9507E-05 8.0000E-04
1.8708E-04 8.0000E-04
3.2778E-04 8.0000E-04
4.0720E-04 8.0000E-04
3.1580E-04 8.0000E-04
1.7951E-04 8.0000E-04
2.4812E-04 8.0000E-04
3.4164E-04 8.0000E-04
7.5294E-05 8.0000E-04
1.4930E-04 8.0000E-04
1.7867E-04 8.0000E-04
5.3986E-04 8.0000E-04
1.4862E-04 8.0000E-04
7.3029E-05 8.0000E-04
1.7616E-04 8.0000E-04
2.5375E-04 8.0000E-04
5.6836E-04 8.0000E-04
8.8321E-05 8.0000E-04
3.1911E-05 8.0000E-04
1.1030E-04 8.0000E-04
2.4390E-04 8.0000E-04
2.1454E-04 8.0000E-04
1.9670E-04 8.0000E-04
2.0645E-04 8.0000E-04
2.6056E-04 8.0000E-04
9.6827E-05 8.0000E-04
1.2984E-04 8.0000E-04
1.2112E-04 8.0000E-04
2.3601E-04 8.0000E-04
2.6137E-04 8.0000E-04
2.7147E-04 8.0000E-04
6.2711E-05 8.0000E-04
8.9225E-05 8.0000E-04
2.0432E-04 8.0000E-04
1.5658E-04 8.0000E-04
1.6849E-04 8.0000E-04
1.8191E-04 8.0000E-04
2.6926E-04 8.0000E-04
5.8798E-05 8.0000E-04
8.1109E-05 8.0000E-04
1.0271E-04 8.0000E-04
3.0954E-04 8.0000E-04
4.1978E-05 8.0000E-04
3.7410E-05 8.0000E-04
2.8653E-04 8.0000E-04
1.9664E-03 8.0000E-04
1.0792E-03 8.0000E-04
2.5164E-03 8.0000E-04
1.2919E-03 8.0000E-04
3.6117E-04 8.0000E-04
8.9185E-04 8.0000E-04
9.3740E-04 8.0000E-04
7.4452E-04 8.0000E-04
2.3751E-04 8.0000E-04
7.4471E-04 8.0000E-04
8.7293E-04 8.0000E-04
4.5693E-04 8.0000E-04
4.7130E-04 8.0000E-04
3.8814E-04 8.0000E-04
9.7764E-04 8.0000E-04
6.2050E-04 8.0000E-04
1.8047E-04 8.0000E-04
4.4705E-04 8.0000E-04
5.8246E-04 8.0000E-04
5.4137E-04 8.0000E-04
9.3498E-04 8.0000E-04
6.3429E-04 8.0000E-04
1.5167E-04 8.0000E-04
4.8015E-04 8.0000E-04
4.6099E-04 8.0000E-04
1.1585E-03 8.0000E-04
6.0871E-04 8.0000E-04
2.5035E-04 8.0000E-04
5.7540E-04 8.0000E-04
7.7302E-04 8.0000E-04
9.5392E-04 8.0000E-04
7.8740E-04 8.0000E-04
4.9668E-04 8.0000E-04
2.7025E-04 8.0000E-04
1.0663E-03 8.0000E-04
7.5702E-04 8.0000E-04
1.7621E-04 8.0000E-04
5.8130E-04 8.0000E-04
7.7124E-04 8.0000E-04
4.9343E-04 8.0000E-04
9.3344E-04 8.0000E-04
7.9010E-04 8.0000E-04
4.3742E-04 8.0000E-04
7.4134E-04 8.0000E-04
3.8701E-04 8.0000E-04
4.0346E-04 8.0000E-04
1.2276E-03 8.0000E-04
4.9807E-04 8.0000E-04
1.2941E-04 8.0000E-04
5.2835E-04 8.0000E-04
7.2473E-04 8.0000E-04
5.4512E-04 8.0000E-04
8.7066E-04 8.0000E-04
6.2973E-04 8.0000E-04
8.3174E-04 8.0000E-04
5.7767E-04 8.0000E-04
4.4077E-04 8.0000E-04
8.1105E-04 8.0000E-04
8.9490E-04 8.0000E-04
5.4871E-04 8.0000E-04
5.7702E-04 8.0000E-04
6.3489E-04 8.0000E-04
7.2233E-04 8.0000E-04
5.7052E-04 8.0000E-04
4.2859E-04 8.0000E-04
8.7438E-04 8.0000E-04
5.8786E-04 8.0000E-04
9.1074E-04 8.0000E-04
8.1078E-04 8.0000E-04
8.0548E-04 8.0000E-04
4.9062E-04 8.0000E-04
5.5210E-04 8.0000E-04
4.9469E-04 8.0000E-04
8.9992E-04 8.0000E-04
1.0494E-03 8.0000E-04
9.5908E-04 8.0000E-04
6.3898E-04 8.0000E-04
2.5776E-04 8.0000E-04
9.6210E-04 8.0000E-04
6.6246E-04 8.0000E-04
9.0289E-04 8.0000E-04
8.9124E-04 8.0000E-04
6.1187E-04 8.0000E-04
6.9761E-04 8.0000E-04
1.1116E-03 8.0000E-04
7.7748E-04 8.0000E-04
3.3630E-04 8.0000E-04
1.0660E-03 8.0000E-04
9.1030E-04 8.0000E-04
6.1537E-04 8.0000E-04
6.6504E-04 8.0000E-04
1.4683E-03 8.0000E-04
2.3757E-04 8.0000E-04
1.1158E-03 8.0000E-04
1.1574E-03 8.0000E-04
6.4590E-04 8.0000E-04
1.1055E-03 8.0000E-04
9.4401E-04 8.0000E-04
7.8112E-04 8.0000E-04
2.5711E-03 8.0000E-04
8.9368E-04 8.0000E-04
1.6355E-03 8.0000E-04
3.0755E-04 8.0000E-04
9.8310E-04 8.0000E-04
2.0975E-03 8.0000E-04
2.2133E-03 8.0000E-04
3.4586E-04 8.0000E-04
1.8184E-03 8.0000E-04
5.0212E-04 8.0000E-04
1.6904E-03 8.0000E-04
3.5213E-03 8.0000E-04
5.7482E-04 8.0000E-04
8.8682E-04 8.0000E-04
3.0438E-03 8.0000E-04
1.8970E-03 8.0000E-04
2.4698E-04 8.0000E-04
9.7284E-04 8.0000E-04
6.3484E-04 8.0000E-04
4.6378E-03 8.0000E-04
2.2808E-03 8.0000E-04
5.4455E-04 8.0000E-04
1.8400E-03 8.0000E-04
1.9499E-03 8.0000E-04
1.3555E-03 8.0000E-04
1.1243E-03 8.0000E-04
1.0747E-03 8.0000E-04
5.5192E-04 8.0000E-04
1.2444E-03 8.0000E-04
8.5767E-04 8.0000E-04
5.3084E-04 8.0000E-04
1.4704E-03 8.0000E-04
1.4512E-03 8.0000E-04
2.9012E-04 8.0000E-04
1.0916E-03 8.0000E-04
8.2346E-04 8.0000E-04
1.2504E-03 8.0000E-04
1.2345E-03 8.0000E-04
8.6474E-04 8.0000E-04
5.5602E-04 8.0000E-04
9.5190E-04 8.0000E-04
1.2897E-03 8.0000E-04
8.4804E-04 8.0000E-04
1.4335E-03 8.0000E-04
1.0867E-03 8.0000E-04
2.6011E-04 8.0000E-04
5.2183E-04 8.0000E-04
5.4928E-04 8.0000E-04
1.4688E-03 8.0000E-04
9.9063E-04 8.0000E-04
1.0173E-03 8.0000E-04
3.2056E-04 8.0000E-04
8.5435E-04 8.0000E-04
9.2882E-04 8.0000E-04
4.2972E-04 8.0000E-04
6.8687E-04 8.0000E-04
4.9559E-04 8.0000E-04
1.1009E-03 8.0000E-04
5.5966E-04 8.0000E-04
4.5323E-04 8.0000E-04
7.8749E-04 8.0000E-04
9.3070E-04 8.0000E-04
4.7182E-04 8.0000E-04
5.4254E-04 8.0000E-04
7.2541E-04 8.0000E-04
7.6765E-04 8.0000E-04
4.9629E-04 8.0000E-04
8.2022E-04 8.0000E-04
4.9293E-04 8.0000E-04
7.3032E-04 8.0000E-04
8.9647E-04 8.0000E-04
1.0436E-03 8.0000E-04
3.7693E-04 8.0000E-04
7.5062E-04 8.0000E-04
5.2773E-04 8.0000E-04
7.0145E-04 8.0000E-04
2.1803E-03 8.0000E-04
6.7984E-04 8.0000E-04
3.6051E-04 8.0000E-04
4.2311E-04 8.0000E-04
1.1856E-03 8.0000E-04
8.8763E-04 8.0000E-04
1.5865E-03 8.0000E-04
1.1027E-03 8.0000E-04
2.1933E-03 8.0000E-04
7.5135E-04 8.0000E-04
1.6609E-04 8.0000E-04
5.5183E-04 8.0000E-04
1.4287E-03 8.0000E-04
7.7787E-04 8.0000E-04
2.3302E-03 8.0000E-04
6.0329E-04 8.0000E-04
1.0219E-03 8.0000E-04
1.5221E-03 8.0000E-04
9.1867E-04 8.0000E-04
1.4414E-03 8.0000E-04
9.2761E-04 8.0000E-04
4.4174E-04 8.0000E-04
1.2623E-03 8.0000E-04
8.3954E-04 8.0000E-04
4.2535E-04 8.0000E-04
1.0053E-03 8.0000E-04
3.8725E-04 8.0000E-04
2.6302E-03 8.0000E-04
8.5076E-04 8.0000E-04
3.9644E-04 8.0000E-04
9.6343E-04 8.0000E-04
1.2320E-03 8.0000E-04
6.0295E-04 8.0000E-04
7.2009E-04 8.0000E-04
3.5032E-04 8.0000E-04
1.1298E-03 8.0000E-04
5.0631E-04 8.0000E-04
4.6626E-04 8.0000E-04
5.5100E-04 8.0000E-04
1.0293E-03 8.0000E-04
4.6345E-04 8.0000E-04
1.1483E-03 8.0000E-04
4.9788E-04 8.0000E-04
4.3228E-04 8.0000E-04
6.6856E-04 8.0000E-04
6.8418E-04 8.0000E-04
4.0251E-04 8.0000E-04
6.5121E-04 8.0000E-04
6.3202E-04 8.0000E-04
2.3236E-04 8.0000E-04
5.2976E-04 8.0000E-04
3.5369E-04 8.0000E-04
4.4634E-04 8.0000E-04
7.8796E-04 8.0000E-04
4.9454E-04 8.0000E-04
2.6461E-04 8.0000E-04
4.4975E-04 8.0000E-04
4.8125E-04 8.0000E-04
3.0310E-04 8.0000E-04
5.6266E-04 8.0000E-04
3.8402E-04 8.0000E-04
4.9479E-04 8.0000E-04
7.4112E-04 8.0000E-04
1.2537E-04 8.0000E-04
1.0568E-04 8.0000E-04
3.2119E-04 8.0000E-04
6.2352E-04 8.0000E-04
2.6390E-04 8.0000E-04
2.1357E-04 8.0000E-04
4.3668E-04 8.0000E-04
5.4373E-04 8.0000E-04
6.1538E-04 8.0000E-04
1.5354E-04 8.0000E-04
2.0634E-04 8.0000E-04
2.7991E-04 8.0000E-04
4.0939E-04 8.0000E-04
4.9818E-04 8.0000E-04
5.4092E-04 8.0000E-04
2.7156E-04 8.0000E-04
2.1876E-04 8.0000E-04
2.6546E-04 8.0000E-04
1.6834E-04 8.0000E-04
3.5535E-04 8.0000E-04
3.5156E-04 8.0000E-04
3.5244E-04 8.0000E-04
4.2138E-04 8.0000E-04
2.7613E-04 8.0000E-04
1.3161E-04 8.0000E-04
2.2548E-04 8.0000E-04
3.0554E-04 8.0000E-04
3.5259E-04 8.0000E-04
3.4359E-04 8.0000E-04
2.7242E-04 8.0000E-04
2.2927E-04 8.0000E-04
2.4633E-04 8.0000E-04
2.5717E-04 8.0000E-04
2.0525E-04 8.0000E-04
2.8059E-04 8.0000E-04
3.5148E-04 8.0000E-04
2.2679E-04 8.0000E-04
2.3850E-04 8.0000E-04
2.2721E-04 8.0000E-04
2.9763E-04 8.0000E-04
2.2740E-04 8.0000E-04
2.1997E-04 8.0000E-04
2.1173E-04 8.0000E-04
2.5026E-04 8.0000E-04
2.9143E-04 8.0000E-04
2.1176E-04 8.0000E-04
1.5654E-04 8.0000E-04
2.1867E-04 8.0000E-04
1.8442E-04 8.0000E-04
2.1056E-04 8.0000E-04
3.9142E-04 8.0000E-04
1.9181E-04 8.0000E-04
9.1239E-05 8.0000E-04
2.1946E-04 8.0000E-04
3.0029E-04 8.0000E-04
1.2357E-04 8.0000E-04
2.3393E-04 8.0000E-04
2.1496E-04 8.0000E-04
3.7950E-04 8.0000E-04
2.3026E-04 8.0000E-04
1.2984E-04 8.0000E-04
1.7501E-04 8.0000E-04
3.6440E-04 8.0000E-04
1.2856E-04 8.0000E-04
1.8220E-04 8.0000E-04
1.8311E-04 8.0000E-04
2.9649E-04 8.0000E-04
2.4406E-04 8.0000E-04
9.7626E-05 8.0000E-04
1.7474E-04 8.0000E-04
1.9220E-04 8.0000E-04
2.2104E-04 8.0000E-04
3.0088E-04 8.0000E-04
1.7655E-04 8.0000E-04
1.0645E-04 8.0000E-04
2.9955E-04 8.0000E-04
1.7926E-04 8.0000E-04
7.4079E-05 8.0000E-04
2.5381E-04 8.0000E-04
2.7519E-04 8.0000E-04
1.2207E-04 8.0000E-04
2.2010E-04 8.0000E-04
1.3871E-04 8.0000E-04
