Max Step   Target
7.0262E-03 1.8000E-03
1.5558E-02 1.8000E-03
8.0502E-03 1.8000E-03
3.5270E-03 1.8000E-03
2.5000E-02 1.8000E-03
2.3213E-02 1.8000E-03
2.1448E-02 1.8000E-03
7.7901E-03 1.8000E-03
8.1115E-03 1.8000E-03
4.5282E-03 1.8000E-03
4.9369E-03 1.8000E-03
7.7848E-03 1.8000E-03
6.1729E-03 1.8000E-03
8.4817E-03 1.8000E-03
1.2070E-02 1.8000E-03
3.9468E-03 1.8000E-03
4.4720E-03 1.8000E-03
5.1614E-03 1.8000E-03
4.7436E-03 1.8000E-03
1.6714E-03 1.8000E-03
9.0052E-04 1.8000E-03
1.9825E-03 1.8000E-03
3.1373E-03 1.8000E-03
6.5090E-03 1.8000E-03
9.4601E-04 1.8000E-03
8.5394E-04 1.8000E-03
8.5394E-04 1.8000E-03
