Max Step   Target
1.5145E-02 1.8000E-03
2.5000E-02 1.8000E-03
2.5000E-02 1.8000E-03
2.5000E-02 1.8000E-03
2.5000E-02 1.8000E-03
2.5000E-02 1.8000E-03
2.0159E-02 1.8000E-03
6.9529E-03 1.8000E-03
1.6246E-02 1.8000E-03
2.3312E-02 1.8000E-03
2.5000E-02 1.8000E-03
8.0058E-03 1.8000E-03
1.1578E-03 1.8000E-03
5.0786E-03 1.8000E-03
6.4421E-03 1.8000E-03
1.9625E-02 1.8000E-03
3.4509E-03 1.8000E-03
1.9375E-03 1.8000E-03
4.9333E-03 1.8000E-03
4.9118E-03 1.8000E-03
3.4709E-03 1.8000E-03
7.6127E-04 1.8000E-03
1.4264E-03 1.8000E-03
2.7419E-03 1.8000E-03
6.0402E-03 1.8000E-03
4.4560E-03 1.8000E-03
2.3594E-03 1.8000E-03
2.9862E-03 1.8000E-03
3.0923E-03 1.8000E-03
3.5122E-03 1.8000E-03
4.5182E-03 1.8000E-03
7.8707E-04 1.8000E-03
4.5149E-04 1.8000E-03
4.5149E-04 1.8000E-03
