RMS Step   Target
2.8315E-04 8.0000E-04
1.1232E-03 8.0000E-04
1.1283E-03 8.0000E-04
3.3854E-03 8.0000E-04
1.9250E-03 8.0000E-04
5.6316E-04 8.0000E-04
4.7009E-04 8.0000E-04
4.7306E-04 8.0000E-04
1.9559E-03 8.0000E-04
2.0844E-03 8.0000E-04
4.9394E-04 8.0000E-04
6.9015E-04 8.0000E-04
6.5497E-04 8.0000E-04
2.1132E-03 8.0000E-04
7.2095E-04 8.0000E-04
3.6254E-04 8.0000E-04
1.1004E-03 8.0000E-04
1.8437E-03 8.0000E-04
1.0634E-03 8.0000E-04
5.5515E-04 8.0000E-04
7.0654E-04 8.0000E-04
1.2245E-03 8.0000E-04
1.9646E-03 8.0000E-04
5.8239E-04 8.0000E-04
6.9250E-04 8.0000E-04
6.7601E-04 8.0000E-04
1.5074E-03 8.0000E-04
1.0419E-03 8.0000E-04
2.9989E-04 8.0000E-04
8.1398E-04 8.0000E-04
1.0831E-03 8.0000E-04
1.5373E-03 8.0000E-04
6.5790E-04 8.0000E-04
7.6600E-04 8.0000E-04
5.9069E-04 8.0000E-04
1.6212E-03 8.0000E-04
6.6861E-04 8.0000E-04
4.3081E-04 8.0000E-04
1.2719E-03 8.0000E-04
1.5940E-03 8.0000E-04
1.8045E-04 8.0000E-04
4.7027E-04 8.0000E-04
6.0324E-04 8.0000E-04
1.5961E-03 8.0000E-04
9.9813E-04 8.0000E-04
5.2552E-04 8.0000E-04
8.9505E-04 8.0000E-04
1.3262E-03 8.0000E-04
4.7828E-04 8.0000E-04
6.7145E-04 8.0000E-04
6.9063E-04 8.0000E-04
1.4834E-03 8.0000E-04
1.2994E-03 8.0000E-04
3.5328E-04 8.0000E-04
1.0084E-03 8.0000E-04
9.7933E-04 8.0000E-04
6.4100E-04 8.0000E-04
1.3832E-03 8.0000E-04
8.1815E-04 8.0000E-04
6.6973E-04 8.0000E-04
1.8905E-03 8.0000E-04
2.6783E-04 8.0000E-04
3.5503E-04 8.0000E-04
1.2922E-03 8.0000E-04
1.7638E-03 8.0000E-04
3.9678E-04 8.0000E-04
8.0855E-04 8.0000E-04
7.2687E-04 8.0000E-04
1.6003E-03 8.0000E-04
8.6996E-04 8.0000E-04
6.8327E-04 8.0000E-04
9.7330E-04 8.0000E-04
1.3768E-03 8.0000E-04
6.3531E-04 8.0000E-04
1.6771E-03 8.0000E-04
5.8323E-04 8.0000E-04
1.2285E-03 8.0000E-04
1.3083E-03 8.0000E-04
1.0030E-03 8.0000E-04
7.5994E-04 8.0000E-04
7.5994E-04 8.0000E-04
2.0234E-03 8.0000E-04
1.2277E-03 8.0000E-04
5.3343E-04 8.0000E-04
2.0104E-03 8.0000E-04
1.4006E-03 8.0000E-04
8.2737E-04 8.0000E-04
1.1903E-03 8.0000E-04
2.1502E-03 8.0000E-04
7.8783E-04 8.0000E-04
2.1219E-03 8.0000E-04
4.2001E-04 8.0000E-04
1.1459E-03 8.0000E-04
1.9244E-03 8.0000E-04
3.2020E-03 8.0000E-04
5.1830E-04 8.0000E-04
8.5808E-04 8.0000E-04
1.0896E-03 8.0000E-04
2.0412E-03 8.0000E-04
9.3082E-04 8.0000E-04
8.0290E-04 8.0000E-04
1.4081E-03 8.0000E-04
1.4708E-03 8.0000E-04
1.1394E-03 8.0000E-04
7.6954E-04 8.0000E-04
7.4816E-04 8.0000E-04
7.3015E-04 8.0000E-04
1.7552E-03 8.0000E-04
3.4475E-04 8.0000E-04
6.4362E-04 8.0000E-04
6.9793E-04 8.0000E-04
2.1055E-03 8.0000E-04
8.5957E-04 8.0000E-04
6.1352E-04 8.0000E-04
5.1804E-04 8.0000E-04
9.7357E-04 8.0000E-04
6.6291E-04 8.0000E-04
1.0499E-03 8.0000E-04
7.9426E-04 8.0000E-04
5.0999E-04 8.0000E-04
1.1493E-03 8.0000E-04
8.9847E-04 8.0000E-04
2.5837E-04 8.0000E-04
8.2181E-04 8.0000E-04
4.9653E-04 8.0000E-04
1.5148E-03 8.0000E-04
1.0498E-03 8.0000E-04
8.5966E-04 8.0000E-04
2.8594E-04 8.0000E-04
8.9309E-04 8.0000E-04
8.2072E-04 8.0000E-04
1.0637E-03 8.0000E-04
7.4222E-04 8.0000E-04
9.0762E-04 8.0000E-04
1.3912E-03 8.0000E-04
1.3251E-03 8.0000E-04
7.9400E-04 8.0000E-04
1.5239E-03 8.0000E-04
4.3100E-04 8.0000E-04
1.6904E-03 8.0000E-04
4.7706E-04 8.0000E-04
1.3185E-03 8.0000E-04
1.5776E-03 8.0000E-04
1.5069E-03 8.0000E-04
2.5401E-04 8.0000E-04
1.0061E-03 8.0000E-04
5.2116E-04 8.0000E-04
1.2301E-03 8.0000E-04
1.9699E-03 8.0000E-04
3.4681E-04 8.0000E-04
3.1414E-04 8.0000E-04
1.4923E-03 8.0000E-04
8.5971E-04 8.0000E-04
3.7273E-04 8.0000E-04
1.5025E-03 8.0000E-04
7.1240E-04 8.0000E-04
6.5803E-04 8.0000E-04
1.4166E-03 8.0000E-04
3.4293E-04 8.0000E-04
1.0624E-03 8.0000E-04
7.8909E-04 8.0000E-04
1.6961E-04 8.0000E-04
5.1763E-04 8.0000E-04
3.9248E-04 8.0000E-04
1.0951E-03 8.0000E-04
3.7784E-04 8.0000E-04
7.9699E-04 8.0000E-04
4.4647E-04 8.0000E-04
6.1554E-04 8.0000E-04
5.8930E-04 8.0000E-04
4.2884E-04 8.0000E-04
8.3258E-04 8.0000E-04
3.5254E-04 8.0000E-04
2.4515E-04 8.0000E-04
4.3201E-04 8.0000E-04
7.4228E-04 8.0000E-04
2.5725E-04 8.0000E-04
4.4226E-04 8.0000E-04
3.1234E-04 8.0000E-04
8.7906E-04 8.0000E-04
4.9450E-04 8.0000E-04
3.6357E-04 8.0000E-04
4.2228E-04 8.0000E-04
6.2770E-04 8.0000E-04
5.2784E-04 8.0000E-04
3.7695E-04 8.0000E-04
3.4818E-04 8.0000E-04
8.0341E-04 8.0000E-04
3.1126E-04 8.0000E-04
6.1740E-04 8.0000E-04
2.5646E-04 8.0000E-04
4.7249E-04 8.0000E-04
8.2691E-04 8.0000E-04
3.8366E-04 8.0000E-04
9.7913E-05 8.0000E-04
4.4306E-04 8.0000E-04
6.2461E-04 8.0000E-04
1.0121E-04 8.0000E-04
5.0304E-04 8.0000E-04
2.3894E-04 8.0000E-04
8.5950E-04 8.0000E-04
4.7194E-04 8.0000E-04
1.2484E-04 8.0000E-04
3.0011E-04 8.0000E-04
3.0328E-04 8.0000E-04
8.8071E-04 8.0000E-04
3.3788E-04 8.0000E-04
1.5450E-04 8.0000E-04
5.0961E-04 8.0000E-04
5.9929E-04 8.0000E-04
2.6906E-04 8.0000E-04
3.1830E-04 8.0000E-04
2.1886E-04 8.0000E-04
8.0736E-04 8.0000E-04
3.7966E-04 8.0000E-04
3.0223E-04 8.0000E-04
6.3718E-04 8.0000E-04
7.8892E-04 8.0000E-04
2.4967E-04 8.0000E-04
5.9611E-04 8.0000E-04
2.7159E-04 8.0000E-04
7.1337E-04 8.0000E-04
1.0134E-03 8.0000E-04
8.1047E-04 8.0000E-04
6.9252E-04 8.0000E-04
1.4837E-03 8.0000E-04
1.2279E-03 8.0000E-04
8.2991E-04 8.0000E-04
1.7658E-03 8.0000E-04
9.7697E-04 8.0000E-04
2.4088E-03 8.0000E-04
7.1333E-04 8.0000E-04
1.5746E-03 8.0000E-04
3.3114E-03 8.0000E-04
4.2395E-03 8.0000E-04
3.6577E-03 8.0000E-04
4.7328E-03 8.0000E-04
2.0985E-03 8.0000E-04
7.2642E-04 8.0000E-04
1.6163E-03 8.0000E-04
2.7559E-03 8.0000E-04
2.1727E-03 8.0000E-04
5.9999E-03 8.0000E-04
1.7137E-03 8.0000E-04
2.0186E-03 8.0000E-04
3.3712E-03 8.0000E-04
7.0789E-03 8.0000E-04
7.8057E-04 8.0000E-04
1.6748E-03 8.0000E-04
4.4590E-03 8.0000E-04
3.8386E-03 8.0000E-04
3.5244E-03 8.0000E-04
1.5076E-03 8.0000E-04
3.7758E-03 8.0000E-04
1.6263E-03 8.0000E-04
2.3675E-03 8.0000E-04
1.7796E-03 8.0000E-04
2.3030E-03 8.0000E-04
2.1067E-03 8.0000E-04
1.6654E-03 8.0000E-04
6.5283E-04 8.0000E-04
9.0973E-04 8.0000E-04
1.3877E-03 8.0000E-04
2.7664E-03 8.0000E-04
6.8321E-04 8.0000E-04
7.4647E-04 8.0000E-04
7.9081E-04 8.0000E-04
1.9938E-03 8.0000E-04
1.0175E-03 8.0000E-04
9.9931E-04 8.0000E-04
1.1009E-03 8.0000E-04
1.4268E-03 8.0000E-04
1.0939E-03 8.0000E-04
1.1368E-03 8.0000E-04
1.4951E-03 8.0000E-04
1.5509E-03 8.0000E-04
1.2591E-03 8.0000E-04
1.6621E-03 8.0000E-04
1.4064E-03 8.0000E-04
1.0329E-03 8.0000E-04
1.8166E-03 8.0000E-04
1.4989E-03 8.0000E-04
1.5765E-03 8.0000E-04
2.6221E-03 8.0000E-04
1.7679E-03 8.0000E-04
6.1391E-04 8.0000E-04
1.9541E-03 8.0000E-04
1.3996E-03 8.0000E-04
1.2048E-03 8.0000E-04
3.3689E-03 8.0000E-04
2.8969E-03 8.0000E-04
4.1842E-04 8.0000E-04
1.4034E-03 8.0000E-04
9.5306E-04 8.0000E-04
4.1105E-03 8.0000E-04
1.8436E-03 8.0000E-04
2.7122E-03 8.0000E-04
2.3676E-03 8.0000E-04
3.7818E-03 8.0000E-04
1.2151E-03 8.0000E-04
5.5377E-03 8.0000E-04
2.9523E-03 8.0000E-04
2.0965E-03 8.0000E-04
5.7814E-03 8.0000E-04
1.2863E-03 8.0000E-04
6.5712E-03 8.0000E-04
2.3823E-03 8.0000E-04
2.5320E-03 8.0000E-04
3.2590E-03 8.0000E-04
1.8631E-03 8.0000E-04
3.3280E-03 8.0000E-04
6.7312E-03 8.0000E-04
4.9515E-03 8.0000E-04
1.0025E-03 8.0000E-04
1.8715E-03 8.0000E-04
4.6547E-03 8.0000E-04
1.0233E-03 8.0000E-04
1.7300E-03 8.0000E-04
2.5428E-03 8.0000E-04
3.8946E-03 8.0000E-04
8.2157E-04 8.0000E-04
1.4525E-03 8.0000E-04
1.1754E-03 8.0000E-04
2.1712E-03 8.0000E-04
1.5392E-03 8.0000E-04
1.7828E-03 8.0000E-04
1.9808E-03 8.0000E-04
1.1196E-03 8.0000E-04
1.6352E-03 8.0000E-04
1.2411E-03 8.0000E-04
5.9315E-04 8.0000E-04
1.5740E-03 8.0000E-04
1.7078E-03 8.0000E-04
9.4103E-04 8.0000E-04
1.5800E-03 8.0000E-04
9.5791E-04 8.0000E-04
7.7833E-04 8.0000E-04
2.0915E-03 8.0000E-04
1.2818E-03 8.0000E-04
1.8858E-04 8.0000E-04
6.7839E-04 8.0000E-04
8.2637E-04 8.0000E-04
2.1241E-03 8.0000E-04
6.7631E-04 8.0000E-04
2.3589E-04 8.0000E-04
6.9406E-04 8.0000E-04
1.2711E-03 8.0000E-04
1.2473E-03 8.0000E-04
4.0395E-04 8.0000E-04
7.5349E-04 8.0000E-04
6.5461E-04 8.0000E-04
6.2908E-04 8.0000E-04
1.4523E-03 8.0000E-04
3.1094E-04 8.0000E-04
1.7340E-04 8.0000E-04
9.4908E-04 8.0000E-04
1.0969E-03 8.0000E-04
1.3462E-04 8.0000E-04
3.7654E-04 8.0000E-04
7.2610E-04 8.0000E-04
9.7867E-04 8.0000E-04
2.3379E-03 8.0000E-04
4.4415E-04 8.0000E-04
1.5504E-04 8.0000E-04
6.4172E-04 8.0000E-04
1.2591E-03 8.0000E-04
1.2591E-03 8.0000E-04
1.1522E-03 8.0000E-04
9.1575E-04 8.0000E-04
1.1821E-03 8.0000E-04
9.1237E-04 8.0000E-04
7.2580E-04 8.0000E-04
1.3218E-03 8.0000E-04
6.2339E-04 8.0000E-04
5.5307E-04 8.0000E-04
2.0061E-03 8.0000E-04
1.1863E-03 8.0000E-04
1.0211E-04 8.0000E-04
7.3792E-04 8.0000E-04
7.0744E-04 8.0000E-04
1.4550E-03 8.0000E-04
8.4971E-04 8.0000E-04
8.1864E-04 8.0000E-04
7.9497E-04 8.0000E-04
9.4042E-04 8.0000E-04
6.9983E-04 8.0000E-04
9.4114E-04 8.0000E-04
6.2395E-04 8.0000E-04
6.6923E-04 8.0000E-04
9.5762E-04 8.0000E-04
1.0217E-03 8.0000E-04
3.0822E-04 8.0000E-04
1.0558E-03 8.0000E-04
4.0984E-04 8.0000E-04
7.0551E-04 8.0000E-04
1.5725E-03 8.0000E-04
9.7116E-04 8.0000E-04
1.7991E-04 8.0000E-04
6.4314E-04 8.0000E-04
6.8568E-04 8.0000E-04
6.0351E-04 8.0000E-04
2.0340E-03 8.0000E-04
1.0121E-03 8.0000E-04
1.9012E-04 8.0000E-04
5.4328E-04 8.0000E-04
5.4722E-04 8.0000E-04
2.1026E-03 8.0000E-04
3.1465E-04 8.0000E-04
1.7285E-04 8.0000E-04
1.0452E-03 8.0000E-04
1.2204E-03 8.0000E-04
1.0962E-03 8.0000E-04
6.1292E-04 8.0000E-04
7.8894E-04 8.0000E-04
1.0751E-03 8.0000E-04
1.2779E-03 8.0000E-04
4.7363E-04 8.0000E-04
1.1092E-03 8.0000E-04
8.0258E-04 8.0000E-04
8.8189E-04 8.0000E-04
1.4304E-03 8.0000E-04
8.1841E-04 8.0000E-04
7.1592E-04 8.0000E-04
1.4445E-03 8.0000E-04
7.1488E-04 8.0000E-04
4.0851E-04 8.0000E-04
1.2370E-03 8.0000E-04
1.3556E-03 8.0000E-04
3.4023E-04 8.0000E-04
9.1357E-04 8.0000E-04
5.4759E-04 8.0000E-04
1.9207E-03 8.0000E-04
7.7719E-04 8.0000E-04
2.9635E-04 8.0000E-04
1.0356E-03 8.0000E-04
1.6517E-03 8.0000E-04
2.4064E-04 8.0000E-04
3.5265E-04 8.0000E-04
5.4599E-04 8.0000E-04
1.5765E-03 8.0000E-04
1.3257E-03 8.0000E-04
3.9894E-04 8.0000E-04
7.8907E-04 8.0000E-04
5.6369E-04 8.0000E-04
1.4972E-03 8.0000E-04
1.0699E-03 8.0000E-04
2.5256E-04 8.0000E-04
3.6755E-04 8.0000E-04
7.5321E-04 8.0000E-04
9.2283E-04 8.0000E-04
5.8964E-04 8.0000E-04
1.1329E-03 8.0000E-04
3.7904E-04 8.0000E-04
5.6206E-04 8.0000E-04
6.3044E-04 8.0000E-04
8.2968E-04 8.0000E-04
3.7552E-04 8.0000E-04
1.2239E-03 8.0000E-04
4.4634E-04 8.0000E-04
4.7154E-04 8.0000E-04
7.8242E-04 8.0000E-04
1.0455E-03 8.0000E-04
2.2940E-04 8.0000E-04
6.2900E-04 8.0000E-04
5.5053E-04 8.0000E-04
1.2382E-03 8.0000E-04
7.2083E-04 8.0000E-04
1.7451E-04 8.0000E-04
2.9766E-04 8.0000E-04
6.0672E-04 8.0000E-04
1.0721E-03 8.0000E-04
7.6722E-04 8.0000E-04
3.5174E-04 8.0000E-04
6.0245E-04 8.0000E-04
3.9392E-04 8.0000E-04
9.7010E-04 8.0000E-04
5.4147E-04 8.0000E-04
5.8298E-04 8.0000E-04
4.3859E-04 8.0000E-04
1.0122E-03 8.0000E-04
4.8125E-04 8.0000E-04
7.5254E-04 8.0000E-04
5.5531E-04 8.0000E-04
6.1457E-04 8.0000E-04
7.0844E-04 8.0000E-04
7.2311E-04 8.0000E-04
5.3585E-04 8.0000E-04
8.2882E-04 8.0000E-04
7.8995E-04 8.0000E-04
6.7807E-04 8.0000E-04
7.4247E-04 8.0000E-04
7.6658E-04 8.0000E-04
3.4882E-04 8.0000E-04
7.9306E-04 8.0000E-04
5.2962E-04 8.0000E-04
1.2006E-03 8.0000E-04
5.0919E-04 8.0000E-04
9.9427E-04 8.0000E-04
5.9286E-04 8.0000E-04
6.0986E-04 8.0000E-04
4.6018E-04 8.0000E-04
3.8687E-04 8.0000E-04
7.4184E-04 8.0000E-04
8.1338E-04 8.0000E-04
3.1710E-04 8.0000E-04
6.0147E-04 8.0000E-04
5.1540E-04 8.0000E-04
4.6905E-04 8.0000E-04
5.8914E-04 8.0000E-04
4.5027E-04 8.0000E-04
3.4674E-04 8.0000E-04
7.2250E-04 8.0000E-04
3.7757E-04 8.0000E-04
2.1375E-04 8.0000E-04
4.9599E-04 8.0000E-04
5.0361E-04 8.0000E-04
3.6947E-04 8.0000E-04
7.9534E-04 8.0000E-04
7.6082E-04 8.0000E-04
3.2675E-04 8.0000E-04
7.4108E-04 8.0000E-04
3.0460E-04 8.0000E-04
2.5381E-04 8.0000E-04
5.1162E-04 8.0000E-04
3.5996E-04 8.0000E-04
1.5781E-04 8.0000E-04
4.7226E-04 8.0000E-04
3.3549E-04 8.0000E-04
2.4021E-04 8.0000E-04
4.7825E-04 8.0000E-04
3.1532E-04 8.0000E-04
1.5843E-04 8.0000E-04
4.2961E-04 8.0000E-04
3.1159E-04 8.0000E-04
1.0698E-04 8.0000E-04
4.4864E-04 8.0000E-04
2.3340E-04 8.0000E-04
3.1164E-04 8.0000E-04
6.9445E-04 8.0000E-04
1.1321E-04 8.0000E-04
9.7549E-05 8.0000E-04
1.4180E-04 8.0000E-04
4.0013E-04 8.0000E-04
2.7045E-04 8.0000E-04
4.3116E-04 8.0000E-04
2.7737E-04 8.0000E-04
5.2825E-04 8.0000E-04
1.9621E-04 8.0000E-04
7.7046E-05 8.0000E-04
1.8714E-04 8.0000E-04
3.5817E-04 8.0000E-04
2.2600E-04 8.0000E-04
4.8522E-04 8.0000E-04
2.5797E-04 8.0000E-04
2.2880E-04 8.0000E-04
4.0705E-04 8.0000E-04
1.2903E-04 8.0000E-04
4.3794E-05 8.0000E-04
3.6795E-04 8.0000E-04
3.6166E-04 8.0000E-04
8.0900E-05 8.0000E-04
2.0978E-04 8.0000E-04
2.1851E-04 8.0000E-04
3.6387E-04 8.0000E-04
4.1786E-04 8.0000E-04
6.1667E-05 8.0000E-04
1.2645E-04 8.0000E-04
1.9518E-04 8.0000E-04
5.4734E-04 8.0000E-04
3.6811E-04 8.0000E-04
5.9820E-05 8.0000E-04
9.0885E-05 8.0000E-04
2.0081E-04 8.0000E-04
4.1693E-04 8.0000E-04
2.6164E-04 8.0000E-04
1.6777E-04 8.0000E-04
2.5246E-04 8.0000E-04
3.7068E-04 8.0000E-04
1.1907E-04 8.0000E-04
1.7999E-04 8.0000E-04
2.0570E-04 8.0000E-04
4.5068E-04 8.0000E-04
2.8638E-04 8.0000E-04
1.1808E-04 8.0000E-04
2.2930E-04 8.0000E-04
3.3933E-04 8.0000E-04
1.1072E-04 8.0000E-04
2.1282E-04 8.0000E-04
2.0629E-04 8.0000E-04
4.9176E-04 8.0000E-04
4.2022E-04 8.0000E-04
6.9632E-05 8.0000E-04
1.6982E-04 8.0000E-04
2.6087E-04 8.0000E-04
3.9269E-04 8.0000E-04
5.3255E-04 8.0000E-04
3.2016E-04 8.0000E-04
1.1886E-04 8.0000E-04
3.3776E-04 8.0000E-04
3.8562E-04 8.0000E-04
5.7956E-05 8.0000E-04
2.6348E-04 8.0000E-04
2.6804E-04 8.0000E-04
7.2231E-04 8.0000E-04
1.6054E-04 8.0000E-04
4.6082E-05 8.0000E-04
2.0039E-04 8.0000E-04
4.1991E-04 8.0000E-04
1.6487E-04 8.0000E-04
2.2536E-04 8.0000E-04
2.7647E-04 8.0000E-04
4.7990E-04 8.0000E-04
3.9011E-04 8.0000E-04
1.3112E-04 8.0000E-04
2.0275E-04 8.0000E-04
2.4192E-04 8.0000E-04
2.2728E-04 8.0000E-04
4.7640E-04 8.0000E-04
2.6910E-04 8.0000E-04
2.9430E-04 8.0000E-04
5.3872E-04 8.0000E-04
1.6946E-04 8.0000E-04
3.3403E-05 8.0000E-04
2.7084E-04 8.0000E-04
5.5309E-04 8.0000E-04
5.8931E-05 8.0000E-04
1.6859E-04 8.0000E-04
2.9231E-04 8.0000E-04
3.5148E-04 8.0000E-04
5.1134E-04 8.0000E-04
9.1832E-05 8.0000E-04
1.1764E-04 8.0000E-04
2.0300E-04 8.0000E-04
3.8065E-04 8.0000E-04
3.8554E-04 8.0000E-04
3.6478E-04 8.0000E-04
1.4647E-04 8.0000E-04
2.4852E-04 8.0000E-04
2.7837E-04 8.0000E-04
1.1002E-04 8.0000E-04
2.2555E-04 8.0000E-04
2.5135E-04 8.0000E-04
4.4030E-04 8.0000E-04
1.9167E-04 8.0000E-04
9.0523E-05 8.0000E-04
1.8227E-04 8.0000E-04
3.2532E-04 8.0000E-04
1.3525E-04 8.0000E-04
1.2536E-04 8.0000E-04
2.1350E-04 8.0000E-04
2.6431E-04 8.0000E-04
4.4591E-04 8.0000E-04
7.5757E-05 8.0000E-04
1.6332E-04 8.0000E-04
1.2868E-04 8.0000E-04
2.9298E-04 8.0000E-04
3.8639E-04 8.0000E-04
2.1091E-04 8.0000E-04
6.0361E-05 8.0000E-04
2.0357E-04 8.0000E-04
2.7202E-04 8.0000E-04
3.0163E-04 8.0000E-04
1.8429E-04 8.0000E-04
2.9079E-04 8.0000E-04
2.8003E-04 8.0000E-04
1.4682E-04 8.0000E-04
2.1622E-04 8.0000E-04
1.9793E-04 8.0000E-04
1.7155E-04 8.0000E-04
5.2217E-04 8.0000E-04
1.6600E-04 8.0000E-04
1.8705E-05 8.0000E-04
1.8729E-04 8.0000E-04
3.2685E-04 8.0000E-04
4.3077E-05 8.0000E-04
