552.1
123.1
153.5
121.1
155.8
172.0
170.5
120.7
120.8
121.3
122.3
154.6
122.0
121.7
122.1
152.8
120.6
121.2
121.0
122.2
152.8
121.1
121.9
121.0
153.8
122.9
123.7
122.0
123.5
123.3
121.1
122.3
122.1
123.1
121.3
121.5
123.4
120.3
121.8
120.6
121.7
115.6
120.9
122.0
121.8
122.1
120.5
121.5
119.8
121.8
121.0
122.4
122.0
121.1
121.3
121.7
120.3
123.0
105.8
122.1
121.9
104.8
153.2
120.9
104.5
135.5
119.4
105.2
138.3
121.9
114.4
115.0
121.2
122.4
121.1
107.5
120.1
120.4
122.1
121.3
121.1
105.7
553.1
131.5
112.1
126.0
126.8
112.5
129.7
128.6
128.2
129.0
128.8
111.9
113.5
129.7
127.2
131.6
127.5
128.5
131.8
129.1
128.5
128.8
128.1
128.3
112.5
129.7
127.7
113.9
144.3
127.6
122.1
127.1
117.4
128.4
130.5
111.8
129.2
129.9
111.7
127.6
126.6
111.0
112.3
144.5
127.9
128.4
128.1
112.6
113.2
112.0
144.7
112.4
112.2
111.4
111.5
111.4
112.9
111.7
112.6
111.2
138.4
122.8
128.3
110.7
112.6
105.7
110.5
127.9
127.3
110.1
128.8
123.0
106.4
123.2
112.3
111.4
111.0
145.7
128.6
129.7
112.5
106.6
141.3
122.9
129.3
129.0
110.5
111.9
113.0
112.1
123.4
111.6
106.4
105.1
126.3
126.0
111.2
110.6
110.6
114.0
109.6
104.7
113.0
114.8
112.2
108.8
114.0
112.1
115.1
145.6
113.5
129.4
113.3
111.7
112.0
142.7
112.3
112.4
112.2
112.4
113.4
112.9
111.5
114.3
112.1
111.6
112.9
112.0
110.3
111.4
112.0
112.4
114.2
114.0
112.5
111.0
111.6
146.1
111.4
113.6
106.6
112.9
114.4
113.3
109.9
140.0
107.4
128.9
127.4
112.2
124.9
113.9
129.4
128.0
127.8
127.3
130.8
130.0
128.9
129.7
127.7
128.7
129.8
129.6
129.7
150.0
128.3
128.6
122.4
130.2
124.4
124.1
130.2
132.4
130.0
162.1
130.3
130.2
123.1
128.2
123.5
161.9
130.7
129.4
129.5
129.9
121.8
128.7
131.1
129.1
130.6
130.0
131.6
129.7
131.1
131.3
131.2
132.2
129.6
129.7
130.0
123.8
127.7
117.5
130.5
122.9
164.5
130.6
130.7
129.8
131.0
124.8
127.8
122.3
122.5
129.1
131.3
131.4
130.6
130.8
128.8
129.7
128.3
123.5
163.6
131.1
130.0
130.9
131.7
127.7
132.0
130.0
130.2
107.3
130.3
131.2
130.5
131.1
130.8
168.1
129.7
122.5
131.7
123.5
131.5
127.3
130.7
129.5
131.4
128.3
128.8
127.4
129.3
130.9
128.7
127.8
129.7
131.6
127.7
130.1
114.0
164.4
130.7
131.8
107.2
128.8
130.3
129.0
123.1
129.9
113.2
130.0
130.2
115.6
129.0
129.5
131.0
124.7
128.8
106.4
164.7
130.0
115.4
111.4
128.1
561.8
124.3
124.2
117.7
123.0
123.9
123.6
107.1
123.9
124.9
110.2
124.3
106.1
139.6
122.3
116.7
124.9
125.6
121.9
123.4
105.1
109.7
106.7
140.3
108.6
124.2
119.6
106.9
123.2
123.8
107.2
124.4
125.0
106.0
124.2
125.7
107.7
107.9
140.3
124.8
124.4
109.7
107.1
108.3
141.3
106.4
105.9
123.0
123.0
106.8
105.9
107.2
105.9
123.7
124.8
106.0
123.9
123.1
107.0
128.9
123.4
105.5
108.1
138.6
122.9
105.2
109.2
109.4
123.7
124.4
106.1
107.3
121.8
125.4
106.4
107.3
140.6
122.9
122.1
107.4
107.2
106.8
106.4
105.1
122.9
106.3
107.1
122.9
106.1
107.0
123.1
107.3
107.5
101.1
140.2
104.3
122.9
107.5
105.7
141.9
107.0
106.9
106.9
123.0
122.7
107.2
105.8
107.4
106.3
139.9
106.6
107.9
106.2
105.4
109.6
106.3
107.5
106.9
107.1
138.0
122.3
107.5
108.4
107.4
140.0
105.8
106.7
107.4
108.2
107.0
106.6
107.1
106.6
107.7
107.6
107.8
138.7
106.4
106.7
106.6
105.4
105.7
105.6
107.8
106.2
106.2
107.7
107.2
108.0
105.2
105.4
107.3
106.5
108.2
139.6
107.0
106.7
107.3
107.5
105.3
107.6
108.1
107.2
106.0
106.5
105.8
108.1
108.0
106.1
107.1
106.3
121.4
107.6
107.3
104.9
106.0
139.0
106.0
105.8
107.4
107.6
105.9
105.4
106.3
106.6
107.4
106.6
106.8
105.9
107.0
107.7
106.1
107.6
105.7
108.1
100.0
106.6
106.6
104.8
106.7
105.6
105.5
104.6
107.3
107.6
105.2
107.2
105.2
107.1
106.9
105.0
107.0
107.9
106.3
106.4
105.8
106.8
105.8
107.2
106.0
105.8
107.2
107.1
107.6
107.2
104.8
106.5
106.0
106.8
105.7
114.7
107.3
107.8
105.4
106.6
106.0
105.2
107.5
108.4
107.1
107.7
107.4
106.2
107.3
107.8
107.9
107.7
106.6
108.4
108.8
107.1
107.6
106.5
106.1
107.6
105.5
106.1
107.0
107.8
108.0
105.8
107.6
108.4
107.2
107.3
106.5
107.0
108.0
106.6
106.0
108.5
107.0
108.1
107.4
107.4
106.3
106.3
106.8
106.9
107.2
107.0
107.3
107.6
106.1
107.0
106.4
106.5
108.1
105.5
105.6
106.3
107.1
106.8
106.1
105.9
100.9
106.2
106.1
106.3
105.7
106.1
108.2
107.4
106.0
106.0
106.2
106.7
104.8
