RMS Grad   Target
1.0032E-03 3.0000E-03
9.7674E-04 3.0000E-03
7.3962E-04 3.0000E-03
5.0041E-04 3.0000E-03
3.8830E-04 3.0000E-03
5.3577E-04 3.0000E-03
3.6300E-04 3.0000E-03
1.9158E-04 3.0000E-03
1.5770E-04 3.0000E-03
1.2567E-04 3.0000E-03
9.8275E-05 3.0000E-03
8.9062E-05 3.0000E-03
8.2144E-05 3.0000E-03
2.5291E-04 3.0000E-03
3.3712E-04 3.0000E-03
9.4639E-05 3.0000E-03
6.3633E-05 3.0000E-03
8.9898E-05 3.0000E-03
1.0494E-04 3.0000E-03
7.6829E-05 3.0000E-03
8.5922E-05 3.0000E-03
9.5879E-05 3.0000E-03
6.9906E-05 3.0000E-03
7.6207E-05 3.0000E-03
9.1911E-05 3.0000E-03
