RMS Grad   Target
1.5285E-03 3.0000E-04
1.2361E-03 3.0000E-04
1.1590E-03 3.0000E-04
2.1594E-03 3.0000E-04
1.0117E-03 3.0000E-04
9.1294E-04 3.0000E-04
8.9705E-04 3.0000E-04
1.3466E-03 3.0000E-04
5.5758E-04 3.0000E-04
4.5122E-04 3.0000E-04
5.0571E-04 3.0000E-04
1.0216E-03 3.0000E-04
3.8020E-04 3.0000E-04
3.0885E-04 3.0000E-04
4.2887E-04 3.0000E-04
5.0186E-04 3.0000E-04
1.4379E-03 3.0000E-04
3.2465E-04 3.0000E-04
2.0820E-04 3.0000E-04
2.1271E-04 3.0000E-04
2.3355E-04 3.0000E-04
3.1686E-04 3.0000E-04
1.4166E-04 3.0000E-04
1.4938E-04 3.0000E-04
1.6859E-04 3.0000E-04
5.0470E-04 3.0000E-04
1.2203E-04 3.0000E-04
8.8076E-05 3.0000E-04
1.0125E-04 3.0000E-04
1.0079E-04 3.0000E-04
3.9696E-04 3.0000E-04
5.9863E-05 3.0000E-04
4.8182E-05 3.0000E-04
4.8182E-05 3.0000E-04
