RMS Step   Target
2.2222E-03 1.2000E-03
7.2964E-03 1.2000E-03
7.4420E-03 1.2000E-03
4.2792E-03 1.2000E-03
3.7292E-03 1.2000E-03
5.9188E-03 1.2000E-03
6.1029E-03 1.2000E-03
4.0759E-03 1.2000E-03
1.7911E-03 1.2000E-03
2.8080E-03 1.2000E-03
4.4772E-03 1.2000E-03
1.0755E-03 1.2000E-03
1.1115E-03 1.2000E-03
2.2667E-03 1.2000E-03
3.8940E-03 1.2000E-03
8.4741E-03 1.2000E-03
1.0802E-03 1.2000E-03
5.7899E-04 1.2000E-03
1.6652E-03 1.2000E-03
1.7461E-03 1.2000E-03
2.9668E-03 1.2000E-03
5.2167E-04 1.2000E-03
5.1140E-04 1.2000E-03
1.0953E-03 1.2000E-03
2.4937E-03 1.2000E-03
4.4517E-04 1.2000E-03
3.5686E-04 1.2000E-03
9.2338E-04 1.2000E-03
9.5085E-04 1.2000E-03
2.1964E-03 1.2000E-03
6.3032E-04 1.2000E-03
1.5024E-04 1.2000E-03
1.5024E-04 1.2000E-03
