544.4
123.7
124.7
125.0
157.2
125.2
124.1
127.4
123.0
114.0
118.9
127.1
155.9
156.9
124.7
156.5
123.6
118.7
106.9
106.2
158.1
158.2
124.6
175.3
156.3
106.0
158.2
158.0
109.4
156.8
156.9
107.0
155.7
151.3
108.9
157.1
160.0
107.3
158.0
157.2
123.2
152.1
157.5
107.0
157.5
155.9
107.1
158.0
156.9
106.8
158.9
158.0
108.7
157.8
158.0
155.6
157.7
155.9
155.8
157.4
159.2
108.3
150.7
157.8
107.6
160.1
159.5
108.4
158.8
153.8
156.4
159.0
151.9
158.7
159.5
159.4
158.1
157.2
157.6
156.1
158.2
157.8
158.8
158.6
157.2
158.9
157.8
152.2
158.7
156.6
160.1
158.7
158.0
158.6
158.4
