0.000000000000000000e+00 0.000000000000000000e+00
1.134499999999999953e-01 -8.131751079019999828e-02
2.571300000000000252e-01 2.492825310657000026e-01
4.978299999999999947e-01 3.065362012221000132e-01
6.248399999999999510e-01 5.079402348441000026e-01
7.523600000000000287e-01 7.700730834644999856e-01
9.249000000000000554e-01 1.002295966603500066e+00
1.074189999999999978e+00 1.743826050192199828e+00
1.222469999999999946e+00 3.114371594637200147e+00
1.366260000000000030e+00 5.265223262813300664e+00
1.507870000000000044e+00 7.865714371408800254e+00
1.651799999999999935e+00 1.033536991625519974e+01
1.800249999999999906e+00 1.203107167372840181e+01
1.955049999999999955e+00 1.261551993938310012e+01
2.114910000000000068e+00 1.256822138575720160e+01
2.287360000000000060e+00 1.232607658131380113e+01
2.446670000000000122e+00 1.290379136164400009e+01
2.593010000000000037e+00 1.368921388000659967e+01
2.735529999999999795e+00 1.405577357611110045e+01
2.895760000000000112e+00 1.419628363436589957e+01
3.023690000000000211e+00 1.369192697791899960e+01
3.154490000000000016e+00 1.327225673983059906e+01
3.352240000000000109e+00 1.313135781424849924e+01
3.487589999999999968e+00 1.293471764070180008e+01
