538.7
172.7
173.2
167.7
173.1
173.6
173.9
174.3
172.4
175.2
173.0
174.9
175.3
177.4
172.5
175.5
175.3
189.7
174.9
175.7
175.0
175.2
175.8
175.2
240.5
172.7
175.2
172.2
166.5
174.2
174.0
175.5
171.9
173.3
174.3
183.6
161.9
175.1
175.5
174.0
176.3
175.4
173.1
176.4
173.1
173.4
240.8
174.0
157.2
158.6
158.0
174.3
174.2
172.2
174.0
174.9
173.8
191.5
190.5
191.6
190.0
189.9
193.4
193.1
193.2
176.0
176.0
176.4
240.4
156.6
157.1
152.4
156.7
157.3
175.0
174.8
175.8
174.3
190.5
191.1
193.9
191.8
191.7
191.3
193.2
192.5
192.4
174.9
173.9
172.6
241.1
157.7
155.8
161.2
157.1
175.5
175.6
175.5
192.9
193.1
190.5
192.1
184.7
187.0
191.2
195.0
193.5
176.8
177.4
225.2
173.9
158.0
157.0
159.8
156.7
175.0
169.6
178.0
196.3
186.0
194.6
192.2
193.3
193.0
192.8
192.7
191.5
192.6
174.2
238.6
173.2
175.9
157.4
159.0
157.0
158.9
175.2
176.7
175.6
193.1
194.3
194.9
193.9
194.1
193.6
192.5
193.7
211.9
220.3
176.8
254.3
175.8
156.0
157.5
156.1
173.3
174.5
177.6
193.0
193.5
193.1
194.1
193.0
193.3
193.5
193.4
190.9
191.8
192.0
226.3
149.9
174.4
175.1
177.8
195.2
191.9
190.4
184.3
194.0
194.9
190.6
192.9
192.7
191.7
224.0
156.9
170.7
175.6
175.8
194.3
188.9
193.1
193.3
193.3
191.9
192.7
192.1
159.4
227.5
158.5
159.3
175.6
176.2
175.9
185.0
193.4
193.4
193.3
193.8
191.7
191.7
194.3
160.5
227.9
156.2
179.3
171.5
177.3
187.3
188.7
186.0
211.4
188.4
195.9
159.5
187.7
212.9
160.2
