0.000000000000000000e+00 0.000000000000000000e+00
1.480599999999999972e-01 1.869743386651999961e-01
4.018800000000000150e-01 1.200961237195000003e-01
5.406800000000000495e-01 3.329582834288000170e-01
6.765900000000000247e-01 6.328138355842000129e-01
8.210899999999999865e-01 9.815211516422999161e-01
9.797200000000000353e-01 1.488784367026300126e+00
1.128200000000000092e+00 2.381336978894100120e+00
1.276480000000000059e+00 3.813762880103400033e+00
1.425459999999999949e+00 6.194440535291200867e+00
1.577269999999999950e+00 9.268588238270300650e+00
1.734629999999999894e+00 1.233368343366450048e+01
1.898570000000000091e+00 1.448647385364700035e+01
2.068740000000000023e+00 1.528329908905219980e+01
2.239939999999999820e+00 1.509545477190940055e+01
2.409400000000000208e+00 1.468294497626910022e+01
2.576589999999999936e+00 1.541604133889780037e+01
2.735390000000000210e+00 1.565810688895450120e+01
2.883779999999999788e+00 1.537180258190680071e+01
3.028550000000000075e+00 1.483850527313079937e+01
3.166240000000000165e+00 1.416449308716240019e+01
3.312170000000000059e+00 1.367681474142290021e+01
3.536029999999999784e+00 1.365652800296189895e+01
3.680060000000000109e+00 1.340447018784190014e+01
