Max Step   Target
3.3481E-03 1.8000E-02
1.8279E-01 1.8000E-02
4.4737E-02 1.8000E-02
5.1789E-02 1.8000E-02
1.1570E-01 1.8000E-02
9.9355E-02 1.8000E-02
1.9588E-02 1.8000E-02
0.0000E+00 1.8000E-02
2.0921E-03 1.8000E-02
2.7545E-03 1.8000E-02
9.2446E-03 1.8000E-02
5.8427E-03 1.8000E-02
2.3101E-02 1.8000E-02
5.0129E-02 1.8000E-02
7.9293E-03 1.8000E-02
6.4230E-03 1.8000E-02
1.0975E-02 1.8000E-02
2.5661E-02 1.8000E-02
6.9254E-03 1.8000E-02
6.5657E-03 1.8000E-02
1.1786E-02 1.8000E-02
1.2209E-02 1.8000E-02
1.9965E-02 1.8000E-02
6.5896E-03 1.8000E-02
5.1744E-03 1.8000E-02
7.3554E-03 1.8000E-02
1.4343E-02 1.8000E-02
1.2666E-02 1.8000E-02
3.0852E-03 1.8000E-02
3.7681E-03 1.8000E-02
4.1527E-03 1.8000E-02
3.2190E-03 1.8000E-02
6.4937E-03 1.8000E-02
2.7288E-03 1.8000E-02
2.1484E-03 1.8000E-02
7.6964E-03 1.8000E-02
