333.0
164.6
158.8
167.7
158.5
159.6
164.0
162.9
159.6
159.6
162.8
160.5
159.6
165.1
162.1
160.5
158.2
164.7
164.9
161.7
163.7
156.7
158.7
164.9
192.5
160.6
163.3
159.9
159.6
155.0
162.2
157.1
157.8
159.6
162.4
158.7
165.8
162.8
158.9
162.9
161.4
160.1
160.4
159.9
162.6
158.8
194.1
163.3
164.2
155.6
158.3
159.3
168.9
168.0
163.0
162.3
164.9
169.9
168.5
174.2
169.3
170.3
178.7
169.5
158.4
158.8
162.1
159.6
193.3
148.8
151.0
155.9
157.0
155.1
162.7
164.5
165.4
160.9
171.7
171.1
167.0
173.6
170.9
168.2
167.6
172.0
173.8
166.0
158.1
156.3
190.3
154.9
155.9
154.3
158.7
157.6
162.9
163.8
161.8
170.5
166.1
171.9
170.5
168.5
173.2
173.8
173.5
181.9
163.8
165.4
191.6
154.2
156.8
157.7
157.0
165.3
166.3
164.4
165.4
171.9
174.6
174.5
177.2
169.9
176.2
174.9
178.0
167.6
163.4
164.5
193.1
158.7
166.7
161.4
152.6
158.4
164.8
164.7
173.2
171.0
175.1
171.9
169.8
177.1
178.5
165.6
168.2
170.3
164.6
162.9
195.7
150.3
153.2
157.2
162.2
156.4
165.5
164.8
170.1
167.2
177.1
172.5
173.8
173.6
177.1
174.0
166.6
167.1
160.9
164.0
193.2
151.9
162.0
161.2
169.3
179.5
170.9
171.1
173.5
169.8
167.8
170.5
164.3
174.9
185.5
177.0
169.8
173.5
176.2
186.4
174.1
171.3
164.9
185.2
178.4
168.2
169.1
177.3
136.3
153.9
162.3
155.8
144.0
157.4
157.0
161.7
152.6
154.3
155.2
159.5
158.3
159.6
153.6
152.9
152.8
140.8
137.2
140.0
140.4
156.2
145.1
135.1
156.1
