RMS Step   Target
2.8350E-04 8.0000E-04
2.7796E-03 8.0000E-04
8.7526E-04 8.0000E-04
1.4904E-03 8.0000E-04
1.6747E-03 8.0000E-04
1.1740E-03 8.0000E-04
4.6100E-04 8.0000E-04
6.9341E-04 8.0000E-04
1.1161E-03 8.0000E-04
5.9623E-04 8.0000E-04
3.2556E-04 8.0000E-04
7.1358E-04 8.0000E-04
1.2316E-03 8.0000E-04
5.6105E-04 8.0000E-04
5.3299E-04 8.0000E-04
6.2878E-04 8.0000E-04
1.1695E-03 8.0000E-04
1.5859E-03 8.0000E-04
2.1330E-04 8.0000E-04
3.0340E-04 8.0000E-04
4.8516E-04 8.0000E-04
1.4239E-03 8.0000E-04
3.3846E-04 8.0000E-04
2.3717E-04 8.0000E-04
6.2758E-04 8.0000E-04
1.1006E-03 8.0000E-04
9.7306E-04 8.0000E-04
2.3352E-04 8.0000E-04
3.2949E-04 8.0000E-04
3.0193E-04 8.0000E-04
2.0890E-04 8.0000E-04
7.2609E-04 8.0000E-04
4.4065E-04 8.0000E-04
1.6677E-04 8.0000E-04
6.0612E-04 8.0000E-04
3.3525E-04 8.0000E-04
1.2763E-04 8.0000E-04
4.8407E-04 8.0000E-04
2.7267E-04 8.0000E-04
9.8008E-04 8.0000E-04
3.8086E-04 8.0000E-04
2.0630E-04 8.0000E-04
7.4851E-05 8.0000E-04
2.2871E-04 8.0000E-04
5.0588E-04 8.0000E-04
1.1040E-03 8.0000E-04
8.5243E-05 8.0000E-04
1.3824E-04 8.0000E-04
2.7115E-04 8.0000E-04
4.0967E-04 8.0000E-04
4.8361E-04 8.0000E-04
4.3154E-04 8.0000E-04
2.0511E-04 8.0000E-04
3.1002E-04 8.0000E-04
3.8592E-04 8.0000E-04
3.4370E-04 8.0000E-04
3.3385E-04 8.0000E-04
3.1568E-04 8.0000E-04
3.6407E-04 8.0000E-04
3.9375E-04 8.0000E-04
4.9028E-04 8.0000E-04
8.8820E-05 8.0000E-04
1.1002E-04 8.0000E-04
3.4425E-04 8.0000E-04
5.3868E-04 8.0000E-04
1.7546E-04 8.0000E-04
2.6209E-04 8.0000E-04
1.8646E-04 8.0000E-04
5.6735E-04 8.0000E-04
1.7650E-04 8.0000E-04
5.6136E-05 8.0000E-04
2.5754E-04 8.0000E-04
4.0229E-04 8.0000E-04
7.6834E-05 8.0000E-04
2.1812E-04 8.0000E-04
1.6992E-04 8.0000E-04
4.1065E-04 8.0000E-04
4.5789E-04 8.0000E-04
8.3100E-05 8.0000E-04
7.2404E-05 8.0000E-04
