0.000000000000000000e+00 0.000000000000000000e+00
1.300900000000000112e-01 -8.208482879539999444e-02
2.786500000000000088e-01 -2.051515173699999979e-03
5.107699999999999463e-01 2.271936495076000151e-01
6.615999999999999659e-01 3.951011899587000276e-01
8.035600000000000520e-01 8.030259028378000652e-01
9.870999999999999774e-01 1.002981269182400048e+00
1.141070000000000029e+00 1.643228764633300143e+00
1.297479999999999967e+00 2.909424896204800159e+00
1.454939999999999900e+00 5.057129794998599159e+00
1.613199999999999967e+00 7.848912755182900547e+00
1.776869999999999949e+00 1.061022776888300001e+01
1.943249999999999922e+00 1.222061905029720030e+01
2.112659999999999982e+00 1.231804641139170009e+01
2.271939999999999849e+00 1.153624254917940029e+01
2.434689999999999799e+00 1.074009552550140079e+01
2.604119999999999990e+00 1.056709110594870005e+01
2.769859999999999989e+00 1.107960494013930131e+01
2.930050000000000043e+00 1.181631368382830161e+01
3.109119999999999884e+00 1.247115088903099966e+01
3.248949999999999783e+00 1.222626688230080028e+01
3.388049999999999784e+00 1.161318098841310054e+01
3.600740000000000052e+00 1.176156408833639944e+01
3.722339999999999982e+00 1.140732126438570049e+01
