RMS Grad   Target
9.9246E-04 3.0000E-03
9.6552E-04 3.0000E-03
7.1099E-04 3.0000E-03
4.8525E-04 3.0000E-03
3.7850E-04 3.0000E-03
6.2542E-04 3.0000E-03
2.8031E-04 3.0000E-03
1.8926E-04 3.0000E-03
2.2390E-04 3.0000E-03
1.9033E-04 3.0000E-03
1.3274E-04 3.0000E-03
1.0629E-04 3.0000E-03
9.5752E-05 3.0000E-03
3.1827E-04 3.0000E-03
2.2644E-04 3.0000E-03
1.3804E-04 3.0000E-03
8.0390E-05 3.0000E-03
1.2157E-04 3.0000E-03
2.3309E-04 3.0000E-03
7.4545E-05 3.0000E-03
6.2782E-05 3.0000E-03
9.2590E-05 3.0000E-03
1.1074E-04 3.0000E-03
2.4712E-04 3.0000E-03
6.0998E-05 3.0000E-03
4.8571E-05 3.0000E-03
6.8650E-05 3.0000E-03
9.1599E-05 3.0000E-03
1.4750E-04 3.0000E-03
5.6343E-05 3.0000E-03
4.8311E-05 3.0000E-03
5.6605E-05 3.0000E-03
6.8880E-05 3.0000E-03
1.0314E-04 3.0000E-03
3.4024E-05 3.0000E-03
3.0470E-05 3.0000E-03
