RMS Step   Target
2.8583E-04 8.0000E-04
2.7550E-03 8.0000E-04
8.4931E-04 8.0000E-04
1.3753E-03 8.0000E-04
1.4740E-03 8.0000E-04
9.1268E-04 8.0000E-04
2.7706E-04 8.0000E-04
4.8340E-04 8.0000E-04
6.8354E-04 8.0000E-04
6.5301E-04 8.0000E-04
1.5254E-04 8.0000E-04
3.6686E-04 8.0000E-04
5.2825E-04 8.0000E-04
1.1478E-03 8.0000E-04
3.5483E-04 8.0000E-04
2.7742E-04 8.0000E-04
5.6903E-04 8.0000E-04
1.2547E-03 8.0000E-04
2.6895E-04 8.0000E-04
2.8043E-04 8.0000E-04
4.9057E-04 8.0000E-04
7.8943E-04 8.0000E-04
9.4269E-04 8.0000E-04
8.3868E-04 8.0000E-04
4.6265E-04 8.0000E-04
7.4470E-04 8.0000E-04
1.0077E-03 8.0000E-04
1.0595E-04 8.0000E-04
1.8472E-04 8.0000E-04
2.5605E-04 8.0000E-04
5.2531E-04 8.0000E-04
4.5886E-04 8.0000E-04
1.8609E-04 8.0000E-04
3.9495E-04 8.0000E-04
5.8752E-04 8.0000E-04
1.5404E-04 8.0000E-04
2.9051E-04 8.0000E-04
1.5972E-04 8.0000E-04
5.6060E-04 8.0000E-04
4.2071E-04 8.0000E-04
1.2989E-04 8.0000E-04
3.4113E-04 8.0000E-04
4.4934E-04 8.0000E-04
9.6240E-05 8.0000E-04
2.8445E-04 8.0000E-04
3.5094E-04 8.0000E-04
7.4741E-04 8.0000E-04
5.7577E-04 8.0000E-04
9.2096E-05 8.0000E-04
1.2215E-04 8.0000E-04
2.9112E-04 8.0000E-04
5.7126E-04 8.0000E-04
4.5245E-04 8.0000E-04
5.1234E-04 8.0000E-04
4.4815E-04 8.0000E-04
4.4510E-04 8.0000E-04
1.5870E-04 8.0000E-04
2.0156E-04 8.0000E-04
3.4966E-04 8.0000E-04
7.5162E-04 8.0000E-04
3.1965E-04 8.0000E-04
1.5781E-04 8.0000E-04
2.2524E-04 8.0000E-04
4.7745E-04 8.0000E-04
2.1484E-04 8.0000E-04
2.2632E-04 8.0000E-04
3.9716E-04 8.0000E-04
6.4352E-04 8.0000E-04
1.6703E-04 8.0000E-04
2.1281E-04 8.0000E-04
2.5611E-04 8.0000E-04
4.6565E-04 8.0000E-04
8.2537E-04 8.0000E-04
6.9934E-05 8.0000E-04
7.3498E-05 8.0000E-04
1.8658E-04 8.0000E-04
8.4957E-04 8.0000E-04
9.4226E-04 8.0000E-04
2.5879E-04 8.0000E-04
3.8273E-04 8.0000E-04
3.1123E-04 8.0000E-04
4.8256E-04 8.0000E-04
4.6924E-04 8.0000E-04
4.3917E-04 8.0000E-04
2.0742E-04 8.0000E-04
4.5991E-04 8.0000E-04
6.9131E-04 8.0000E-04
3.5990E-04 8.0000E-04
5.2448E-04 8.0000E-04
4.8833E-04 8.0000E-04
5.7068E-04 8.0000E-04
5.2742E-04 8.0000E-04
2.4656E-04 8.0000E-04
2.9807E-04 8.0000E-04
4.7959E-04 8.0000E-04
3.6022E-04 8.0000E-04
2.4880E-04 8.0000E-04
3.3965E-04 8.0000E-04
5.7674E-04 8.0000E-04
4.9431E-04 8.0000E-04
4.0429E-04 8.0000E-04
2.6350E-04 8.0000E-04
3.8042E-04 8.0000E-04
8.1537E-04 8.0000E-04
3.1102E-04 8.0000E-04
1.8579E-04 8.0000E-04
3.4991E-04 8.0000E-04
7.9066E-04 8.0000E-04
1.5069E-04 8.0000E-04
1.7549E-04 8.0000E-04
1.9724E-04 8.0000E-04
8.8243E-04 8.0000E-04
6.0952E-04 8.0000E-04
1.3141E-04 8.0000E-04
4.4837E-04 8.0000E-04
9.6217E-05 8.0000E-04
4.1393E-04 8.0000E-04
5.2269E-04 8.0000E-04
1.7436E-04 8.0000E-04
3.6112E-04 8.0000E-04
3.4644E-04 8.0000E-04
4.6568E-04 8.0000E-04
3.6598E-04 8.0000E-04
2.7094E-04 8.0000E-04
3.8718E-04 8.0000E-04
2.9741E-04 8.0000E-04
3.4823E-04 8.0000E-04
2.4513E-04 8.0000E-04
2.6354E-04 8.0000E-04
5.0316E-04 8.0000E-04
1.8940E-04 8.0000E-04
1.6588E-04 8.0000E-04
2.5797E-04 8.0000E-04
3.3967E-04 8.0000E-04
3.1369E-04 8.0000E-04
5.1864E-04 8.0000E-04
2.0431E-04 8.0000E-04
9.4234E-05 8.0000E-04
3.1680E-04 8.0000E-04
4.1967E-04 8.0000E-04
1.4226E-04 8.0000E-04
2.9030E-04 8.0000E-04
2.4143E-04 8.0000E-04
1.7208E-04 8.0000E-04
2.3352E-04 8.0000E-04
1.8514E-04 8.0000E-04
6.9998E-05 8.0000E-04
3.7724E-04 8.0000E-04
4.4268E-04 8.0000E-04
4.9252E-05 8.0000E-04
1.1331E-04 8.0000E-04
1.3842E-04 8.0000E-04
6.2015E-04 8.0000E-04
5.6566E-04 8.0000E-04
1.9318E-04 8.0000E-04
1.7276E-04 8.0000E-04
1.2712E-04 8.0000E-04
5.0315E-04 8.0000E-04
4.4466E-04 8.0000E-04
1.2770E-04 8.0000E-04
1.5565E-04 8.0000E-04
1.2622E-04 8.0000E-04
4.5507E-04 8.0000E-04
5.2024E-04 8.0000E-04
3.9745E-05 8.0000E-04
1.5370E-04 8.0000E-04
1.6789E-04 8.0000E-04
4.1569E-04 8.0000E-04
1.2592E-04 8.0000E-04
