RMS Grad   Target
3.2438E-03 2.0000E-04
2.8961E-03 2.0000E-04
7.1272E-04 2.0000E-04
4.8023E-04 2.0000E-04
4.0568E-04 2.0000E-04
4.3699E-04 2.0000E-04
2.2693E-04 2.0000E-04
1.4154E-04 2.0000E-04
1.2609E-04 2.0000E-04
1.6574E-04 2.0000E-04
1.2148E-04 2.0000E-04
7.6882E-05 2.0000E-04
8.3312E-05 2.0000E-04
1.0680E-04 2.0000E-04
1.5460E-04 2.0000E-04
7.8611E-05 2.0000E-04
7.6914E-05 2.0000E-04
9.2053E-05 2.0000E-04
2.0924E-04 2.0000E-04
7.7853E-05 2.0000E-04
5.9068E-05 2.0000E-04
7.1492E-05 2.0000E-04
7.7653E-05 2.0000E-04
1.4351E-04 2.0000E-04
6.5130E-05 2.0000E-04
5.4927E-05 2.0000E-04
7.7619E-05 2.0000E-04
1.3136E-04 2.0000E-04
4.9431E-05 2.0000E-04
3.7563E-05 2.0000E-04
4.1649E-05 2.0000E-04
7.7221E-05 2.0000E-04
4.1933E-05 2.0000E-04
3.4976E-05 2.0000E-04
4.7793E-05 2.0000E-04
7.7953E-05 2.0000E-04
3.8497E-05 2.0000E-04
2.7673E-05 2.0000E-04
2.9422E-05 2.0000E-04
5.9440E-05 2.0000E-04
3.5569E-05 2.0000E-04
2.7673E-05 2.0000E-04
3.1934E-05 2.0000E-04
5.9525E-05 2.0000E-04
3.0771E-05 2.0000E-04
3.0126E-05 2.0000E-04
3.4635E-05 2.0000E-04
5.2451E-05 2.0000E-04
4.1324E-05 2.0000E-04
2.3387E-05 2.0000E-04
2.5005E-05 2.0000E-04
3.5419E-05 2.0000E-04
3.8237E-05 2.0000E-04
3.1456E-05 2.0000E-04
3.0410E-05 2.0000E-04
3.6426E-05 2.0000E-04
3.2964E-05 2.0000E-04
2.2790E-05 2.0000E-04
2.7018E-05 2.0000E-04
3.4842E-05 2.0000E-04
4.8101E-05 2.0000E-04
2.4147E-05 2.0000E-04
2.0710E-05 2.0000E-04
2.2908E-05 2.0000E-04
4.0903E-05 2.0000E-04
2.2820E-05 2.0000E-04
2.2871E-05 2.0000E-04
2.9136E-05 2.0000E-04
5.6194E-05 2.0000E-04
2.4844E-05 2.0000E-04
1.9980E-05 2.0000E-04
2.5368E-05 2.0000E-04
3.1292E-05 2.0000E-04
5.1303E-05 2.0000E-04
2.0506E-05 2.0000E-04
2.2076E-05 2.0000E-04
2.7605E-05 2.0000E-04
5.2041E-05 2.0000E-04
3.5546E-05 2.0000E-04
2.0823E-05 2.0000E-04
2.3840E-05 2.0000E-04
3.0467E-05 2.0000E-04
2.7175E-05 2.0000E-04
3.9729E-05 2.0000E-04
2.1917E-05 2.0000E-04
2.1399E-05 2.0000E-04
2.9681E-05 2.0000E-04
3.3695E-05 2.0000E-04
2.4323E-05 2.0000E-04
2.5008E-05 2.0000E-04
2.9225E-05 2.0000E-04
2.7440E-05 2.0000E-04
2.8087E-05 2.0000E-04
2.2450E-05 2.0000E-04
2.4089E-05 2.0000E-04
3.7180E-05 2.0000E-04
2.0614E-05 2.0000E-04
1.7953E-05 2.0000E-04
2.2950E-05 2.0000E-04
3.3902E-05 2.0000E-04
2.4131E-05 2.0000E-04
1.9522E-05 2.0000E-04
2.2555E-05 2.0000E-04
2.5011E-05 2.0000E-04
4.2284E-05 2.0000E-04
2.0870E-05 2.0000E-04
1.9991E-05 2.0000E-04
2.3039E-05 2.0000E-04
4.5329E-05 2.0000E-04
2.1973E-05 2.0000E-04
1.7989E-05 2.0000E-04
2.2760E-05 2.0000E-04
2.8812E-05 2.0000E-04
3.4096E-05 2.0000E-04
2.1015E-05 2.0000E-04
2.0626E-05 2.0000E-04
1.9543E-05 2.0000E-04
2.1442E-05 2.0000E-04
2.8655E-05 2.0000E-04
1.9543E-05 2.0000E-04
1.6695E-05 2.0000E-04
2.0128E-05 2.0000E-04
2.0570E-05 2.0000E-04
1.8819E-05 2.0000E-04
1.7729E-05 2.0000E-04
2.0284E-05 2.0000E-04
1.9125E-05 2.0000E-04
1.7156E-05 2.0000E-04
1.7420E-05 2.0000E-04
1.6197E-05 2.0000E-04
1.8800E-05 2.0000E-04
2.1087E-05 2.0000E-04
1.5373E-05 2.0000E-04
1.6218E-05 2.0000E-04
1.7719E-05 2.0000E-04
1.5458E-05 2.0000E-04
1.8179E-05 2.0000E-04
1.6080E-05 2.0000E-04
1.4429E-05 2.0000E-04
1.8093E-05 2.0000E-04
1.6049E-05 2.0000E-04
1.2115E-05 2.0000E-04
1.2516E-05 2.0000E-04
1.6766E-05 2.0000E-04
1.3443E-05 2.0000E-04
1.5143E-05 2.0000E-04
1.3954E-05 2.0000E-04
1.1852E-05 2.0000E-04
1.4529E-05 2.0000E-04
2.4104E-05 2.0000E-04
1.3295E-05 2.0000E-04
1.0898E-05 2.0000E-04
1.2451E-05 2.0000E-04
1.7958E-05 2.0000E-04
2.3307E-05 2.0000E-04
1.1073E-05 2.0000E-04
1.0189E-05 2.0000E-04
1.1795E-05 2.0000E-04
1.7935E-05 2.0000E-04
1.9314E-05 2.0000E-04
9.9471E-06 2.0000E-04
9.1477E-06 2.0000E-04
1.1431E-05 2.0000E-04
1.7415E-05 2.0000E-04
1.7368E-05 2.0000E-04
1.0321E-05 2.0000E-04
1.0947E-05 2.0000E-04
1.3572E-05 2.0000E-04
1.3251E-05 2.0000E-04
1.0770E-05 2.0000E-04
