561.6
172.9
190.7
179.1
165.7
177.3
171.2
162.9
161.8
164.7
164.4
161.8
163.3
163.8
154.1
161.7
164.7
161.9
163.6
161.6
164.3
155.6
167.7
153.6
157.2
164.2
158.6
156.3
162.6
131.1
124.0
129.5
164.5
129.8
130.3
162.9
128.9
123.5
132.6
122.4
158.2
129.5
132.1
130.8
130.8
131.9
130.7
129.4
130.1
164.7
121.6
123.9
129.1
129.3
130.4
130.3
131.3
133.4
131.3
130.0
129.7
130.8
125.8
131.5
124.7
132.0
130.6
133.1
133.5
130.3
129.3
130.6
123.0
121.9
128.8
111.8
111.5
112.6
155.0
128.8
128.5
128.0
123.3
129.7
132.0
129.5
130.4
118.3
129.9
126.1
128.7
130.8
132.6
130.4
129.1
131.3
132.4
131.1
128.4
129.4
131.0
124.7
130.8
130.6
130.5
133.0
129.8
128.5
111.4
130.6
125.2
112.6
113.4
141.6
129.7
130.4
114.4
130.9
112.0
131.1
131.5
113.8
129.2
130.4
122.8
130.5
130.8
130.0
130.0
128.9
123.5
113.6
131.1
129.9
131.5
123.7
132.0
131.1
129.3
112.4
112.5
130.1
127.8
114.0
128.9
113.3
109.1
112.2
113.4
106.3
128.6
129.2
111.5
112.7
104.3
129.2
123.0
113.4
112.0
111.7
130.5
129.3
111.5
107.3
117.3
123.5
129.3
113.4
112.3
113.5
115.0
112.2
114.5
