RMS Step   Target
5.7254E-05 1.2000E-02
1.8248E-03 1.2000E-02
5.6887E-04 1.2000E-02
1.0054E-03 1.2000E-02
0.0000E+00 1.2000E-02
9.0437E-05 1.2000E-02
3.4228E-04 1.2000E-02
4.1635E-04 1.2000E-02
4.5397E-04 1.2000E-02
5.5415E-04 1.2000E-02
7.6380E-04 1.2000E-02
2.8627E-04 1.2000E-02
9.4992E-05 1.2000E-02
4.0100E-04 1.2000E-02
8.4133E-04 1.2000E-02
1.3199E-03 1.2000E-02
1.6756E-03 1.2000E-02
4.8910E-04 1.2000E-02
1.2160E-04 1.2000E-02
1.5839E-04 1.2000E-02
2.0511E-04 1.2000E-02
8.1415E-04 1.2000E-02
1.0369E-03 1.2000E-02
2.8660E-04 1.2000E-02
2.2114E-04 1.2000E-02
3.8971E-04 1.2000E-02
4.5026E-04 1.2000E-02
1.1105E-03 1.2000E-02
1.2795E-03 1.2000E-02
8.0520E-04 1.2000E-02
1.8262E-03 1.2000E-02
5.6044E-04 1.2000E-02
5.0453E-04 1.2000E-02
5.1996E-04 1.2000E-02
3.6998E-04 1.2000E-02
