707.3
170.5
172.5
194.6
171.2
163.2
172.2
171.3
172.4
170.8
175.8
173.3
172.5
154.6
157.7
171.6
173.6
172.4
173.1
174.9
174.2
176.0
173.0
168.0
216.3
170.9
162.3
170.8
172.5
170.9
172.4
167.6
172.4
172.6
165.1
172.9
173.0
166.6
175.1
168.1
173.1
168.3
174.5
171.9
175.1
173.2
219.5
154.5
155.0
155.6
152.9
154.7
171.5
172.7
173.2
172.6
174.0
174.8
171.4
174.1
174.1
171.6
175.2
173.3
173.0
173.5
167.0
173.4
219.1
153.9
152.3
156.0
149.0
154.7
155.3
166.2
173.6
174.1
174.0
174.8
173.7
172.4
168.7
174.2
174.5
177.4
174.9
173.1
173.1
157.7
220.2
147.8
154.4
154.7
150.7
156.8
173.0
172.4
172.5
172.6
173.4
167.6
170.6
189.6
166.9
173.3
172.5
222.9
155.7
155.1
154.5
155.2
155.9
151.6
173.9
171.9
173.9
174.4
207.9
205.3
155.2
154.3
156.4
156.5
172.8
173.4
178.9
179.4
215.6
226.9
158.3
158.4
159.5
150.3
174.6
208.5
189.5
205.4
155.2
157.6
191.8
217.4
217.3
155.8
154.4
191.7
209.0
206.6
155.6
155.9
205.7
203.4
154.8
206.3
124.6
106.1
155.7
156.5
155.9
173.6
174.7
123.8
122.2
123.5
155.7
158.1
156.2
123.0
122.4
122.9
158.3
157.1
157.2
175.5
156.7
159.0
156.1
123.9
