RMS Step   Target
2.8531E-04 8.0000E-04
2.6968E-03 8.0000E-04
8.3538E-04 8.0000E-04
1.4763E-03 8.0000E-04
1.4966E-03 8.0000E-04
8.8052E-04 8.0000E-04
4.1627E-04 8.0000E-04
6.5720E-04 8.0000E-04
1.1103E-03 8.0000E-04
5.6883E-04 8.0000E-04
3.1546E-04 8.0000E-04
7.8131E-04 8.0000E-04
1.2457E-03 8.0000E-04
8.1540E-04 8.0000E-04
4.6488E-04 8.0000E-04
5.5611E-04 8.0000E-04
9.5306E-04 8.0000E-04
6.4470E-04 8.0000E-04
6.2004E-04 8.0000E-04
5.7260E-04 8.0000E-04
8.0639E-04 8.0000E-04
7.2811E-04 8.0000E-04
7.7962E-04 8.0000E-04
3.9484E-04 8.0000E-04
4.7683E-04 8.0000E-04
7.3286E-04 8.0000E-04
4.1104E-04 8.0000E-04
2.3309E-04 8.0000E-04
2.9383E-04 8.0000E-04
5.3642E-04 8.0000E-04
3.6598E-04 8.0000E-04
5.2614E-04 8.0000E-04
6.8501E-04 8.0000E-04
5.3332E-04 8.0000E-04
2.3032E-04 8.0000E-04
2.8229E-04 8.0000E-04
2.7168E-04 8.0000E-04
2.7970E-04 8.0000E-04
6.6997E-04 8.0000E-04
3.7191E-04 8.0000E-04
6.9259E-05 8.0000E-04
1.3479E-04 8.0000E-04
2.6328E-04 8.0000E-04
6.3445E-04 8.0000E-04
7.1133E-04 8.0000E-04
1.5982E-04 8.0000E-04
2.1924E-04 8.0000E-04
2.2950E-04 8.0000E-04
3.8635E-04 8.0000E-04
5.5251E-04 8.0000E-04
1.6299E-04 8.0000E-04
1.0296E-04 8.0000E-04
2.9788E-04 8.0000E-04
4.4783E-04 8.0000E-04
1.1650E-04 8.0000E-04
1.6022E-04 8.0000E-04
1.8669E-04 8.0000E-04
5.2727E-04 8.0000E-04
4.8283E-04 8.0000E-04
2.5720E-04 8.0000E-04
1.6742E-04 8.0000E-04
1.9317E-04 8.0000E-04
4.1158E-04 8.0000E-04
3.4509E-04 8.0000E-04
3.2819E-04 8.0000E-04
2.7185E-04 8.0000E-04
8.5721E-05 8.0000E-04
2.7082E-04 8.0000E-04
3.0287E-04 8.0000E-04
2.6037E-04 8.0000E-04
3.9471E-04 8.0000E-04
2.7311E-04 8.0000E-04
9.9848E-05 8.0000E-04
2.2184E-04 8.0000E-04
2.3705E-04 8.0000E-04
2.7818E-04 8.0000E-04
2.9212E-04 8.0000E-04
2.4825E-04 8.0000E-04
1.7113E-04 8.0000E-04
3.3214E-04 8.0000E-04
1.7742E-04 8.0000E-04
4.2388E-05 8.0000E-04
