RMS Grad   Target
3.0988E-03 2.0000E-04
2.7623E-03 2.0000E-04
6.9557E-04 2.0000E-04
4.7309E-04 2.0000E-04
4.0081E-04 2.0000E-04
4.6401E-04 2.0000E-04
2.2260E-04 2.0000E-04
1.6566E-04 2.0000E-04
1.6554E-04 2.0000E-04
2.8653E-04 2.0000E-04
1.2579E-04 2.0000E-04
1.1367E-04 2.0000E-04
1.4014E-04 2.0000E-04
2.4531E-04 2.0000E-04
1.1601E-04 2.0000E-04
8.3346E-05 2.0000E-04
1.0452E-04 2.0000E-04
1.6442E-04 2.0000E-04
9.7128E-05 2.0000E-04
7.8470E-05 2.0000E-04
9.8565E-05 2.0000E-04
1.0048E-04 2.0000E-04
8.2213E-05 2.0000E-04
8.3790E-05 2.0000E-04
7.3574E-05 2.0000E-04
6.3600E-05 2.0000E-04
8.3475E-05 2.0000E-04
5.7847E-05 2.0000E-04
4.3831E-05 2.0000E-04
4.4306E-05 2.0000E-04
7.5461E-05 2.0000E-04
5.3785E-05 2.0000E-04
4.9529E-05 2.0000E-04
7.7630E-05 2.0000E-04
4.8811E-05 2.0000E-04
3.4189E-05 2.0000E-04
3.7269E-05 2.0000E-04
4.0247E-05 2.0000E-04
3.7875E-05 2.0000E-04
5.5010E-05 2.0000E-04
5.1589E-05 2.0000E-04
2.8078E-05 2.0000E-04
2.7478E-05 2.0000E-04
3.7427E-05 2.0000E-04
5.8261E-05 2.0000E-04
4.4537E-05 2.0000E-04
2.5797E-05 2.0000E-04
2.9272E-05 2.0000E-04
3.5558E-05 2.0000E-04
2.9169E-05 2.0000E-04
6.1847E-05 2.0000E-04
2.5334E-05 2.0000E-04
2.2534E-05 2.0000E-04
2.5841E-05 2.0000E-04
5.6326E-05 2.0000E-04
2.3961E-05 2.0000E-04
2.0053E-05 2.0000E-04
2.4691E-05 2.0000E-04
3.6239E-05 2.0000E-04
3.8652E-05 2.0000E-04
2.1293E-05 2.0000E-04
1.8270E-05 2.0000E-04
2.3676E-05 2.0000E-04
2.7966E-05 2.0000E-04
2.5269E-05 2.0000E-04
2.1754E-05 2.0000E-04
2.4210E-05 2.0000E-04
1.8663E-05 2.0000E-04
1.9250E-05 2.0000E-04
2.9746E-05 2.0000E-04
2.0417E-05 2.0000E-04
1.8933E-05 2.0000E-04
2.4602E-05 2.0000E-04
1.7656E-05 2.0000E-04
1.7627E-05 2.0000E-04
2.4570E-05 2.0000E-04
1.7249E-05 2.0000E-04
1.6298E-05 2.0000E-04
1.8277E-05 2.0000E-04
1.7125E-05 2.0000E-04
2.4979E-05 2.0000E-04
1.8999E-05 2.0000E-04
1.7087E-05 2.0000E-04
