RMS Step   Target
2.8787E-04 8.0000E-04
2.7592E-03 8.0000E-04
8.5975E-04 8.0000E-04
1.5187E-03 8.0000E-04
1.5434E-03 8.0000E-04
8.6840E-04 8.0000E-04
5.4963E-04 8.0000E-04
6.9837E-04 8.0000E-04
1.4791E-03 8.0000E-04
6.6868E-04 8.0000E-04
3.6026E-04 8.0000E-04
9.7830E-04 8.0000E-04
1.5231E-03 8.0000E-04
7.8752E-04 8.0000E-04
5.7681E-04 8.0000E-04
6.4435E-04 8.0000E-04
1.2166E-03 8.0000E-04
1.3828E-03 8.0000E-04
3.5374E-04 8.0000E-04
6.4754E-04 8.0000E-04
6.7093E-04 8.0000E-04
7.0955E-04 8.0000E-04
1.1135E-03 8.0000E-04
4.5815E-04 8.0000E-04
2.2180E-04 8.0000E-04
9.7932E-04 8.0000E-04
7.9018E-04 8.0000E-04
1.4449E-04 8.0000E-04
1.6574E-04 8.0000E-04
3.6565E-04 8.0000E-04
5.5599E-04 8.0000E-04
1.2667E-03 8.0000E-04
1.3570E-04 8.0000E-04
1.5249E-04 8.0000E-04
4.1261E-04 8.0000E-04
7.8780E-04 8.0000E-04
2.6807E-04 8.0000E-04
1.8807E-04 8.0000E-04
3.6147E-04 8.0000E-04
6.2255E-04 8.0000E-04
8.1523E-04 8.0000E-04
1.6924E-04 8.0000E-04
8.5329E-05 8.0000E-04
1.5009E-04 8.0000E-04
4.0668E-04 8.0000E-04
7.0921E-04 8.0000E-04
5.5705E-04 8.0000E-04
2.3282E-04 8.0000E-04
2.5697E-04 8.0000E-04
4.7003E-04 8.0000E-04
4.7445E-04 8.0000E-04
3.2056E-04 8.0000E-04
2.0825E-04 8.0000E-04
1.8091E-04 8.0000E-04
5.1364E-04 8.0000E-04
1.5907E-04 8.0000E-04
6.2619E-05 8.0000E-04
2.5930E-04 8.0000E-04
4.2955E-04 8.0000E-04
2.4080E-04 8.0000E-04
3.5283E-04 8.0000E-04
2.4114E-04 8.0000E-04
5.9018E-04 8.0000E-04
3.6603E-04 8.0000E-04
2.2097E-04 8.0000E-04
4.2985E-04 8.0000E-04
4.6870E-04 8.0000E-04
8.0824E-05 8.0000E-04
2.9498E-04 8.0000E-04
2.1992E-04 8.0000E-04
9.0879E-04 8.0000E-04
2.0921E-04 8.0000E-04
1.0148E-04 8.0000E-04
1.7868E-04 8.0000E-04
4.1394E-04 8.0000E-04
7.3899E-04 8.0000E-04
3.0791E-04 8.0000E-04
5.1754E-04 8.0000E-04
1.3481E-04 8.0000E-04
3.0773E-04 8.0000E-04
2.8785E-04 8.0000E-04
1.8731E-04 8.0000E-04
5.9952E-04 8.0000E-04
3.5683E-04 8.0000E-04
7.4114E-05 8.0000E-04
2.0707E-04 8.0000E-04
2.3564E-04 8.0000E-04
5.2331E-04 8.0000E-04
4.5501E-04 8.0000E-04
6.9380E-05 8.0000E-04
1.0491E-04 8.0000E-04
2.0200E-04 8.0000E-04
4.1325E-04 8.0000E-04
3.5695E-04 8.0000E-04
2.1534E-04 8.0000E-04
2.9928E-04 8.0000E-04
4.0725E-04 8.0000E-04
1.0277E-04 8.0000E-04
2.3091E-04 8.0000E-04
2.6389E-04 8.0000E-04
6.6618E-04 8.0000E-04
9.0294E-04 8.0000E-04
1.4936E-04 8.0000E-04
6.9582E-05 8.0000E-04
1.6232E-04 8.0000E-04
4.6653E-04 8.0000E-04
6.5212E-04 8.0000E-04
5.0174E-04 8.0000E-04
6.2749E-04 8.0000E-04
3.6361E-04 8.0000E-04
4.0546E-04 8.0000E-04
6.7695E-04 8.0000E-04
3.9121E-04 8.0000E-04
3.6998E-04 8.0000E-04
9.3691E-04 8.0000E-04
9.5750E-04 8.0000E-04
3.4047E-04 8.0000E-04
8.8221E-04 8.0000E-04
6.2538E-04 8.0000E-04
1.0262E-03 8.0000E-04
1.6135E-03 8.0000E-04
1.1091E-03 8.0000E-04
1.6336E-04 8.0000E-04
1.0882E-03 8.0000E-04
8.0081E-04 8.0000E-04
1.3565E-03 8.0000E-04
2.5893E-03 8.0000E-04
1.1646E-03 8.0000E-04
5.2926E-04 8.0000E-04
2.7855E-03 8.0000E-04
5.6016E-04 8.0000E-04
7.6662E-04 8.0000E-04
2.3943E-03 8.0000E-04
4.6439E-03 8.0000E-04
2.3808E-03 8.0000E-04
1.6926E-03 8.0000E-04
7.3121E-04 8.0000E-04
2.2282E-03 8.0000E-04
1.1738E-03 8.0000E-04
2.3938E-03 8.0000E-04
7.9210E-04 8.0000E-04
1.3017E-03 8.0000E-04
6.7873E-04 8.0000E-04
6.0729E-04 8.0000E-04
4.6363E-03 8.0000E-04
2.2128E-03 8.0000E-04
6.9682E-04 8.0000E-04
9.2832E-04 8.0000E-04
1.9980E-03 8.0000E-04
1.2183E-03 8.0000E-04
4.4884E-04 8.0000E-04
2.8125E-04 8.0000E-04
4.9664E-04 8.0000E-04
1.5558E-03 8.0000E-04
5.3963E-04 8.0000E-04
2.3484E-04 8.0000E-04
6.4031E-04 8.0000E-04
8.5789E-04 8.0000E-04
9.8012E-04 8.0000E-04
3.8796E-04 8.0000E-04
5.9525E-04 8.0000E-04
5.4917E-04 8.0000E-04
3.2361E-04 8.0000E-04
9.0724E-04 8.0000E-04
3.6833E-04 8.0000E-04
3.3033E-04 8.0000E-04
7.1639E-04 8.0000E-04
5.5358E-04 8.0000E-04
9.5725E-05 8.0000E-04
6.3307E-04 8.0000E-04
4.6590E-04 8.0000E-04
3.0739E-04 8.0000E-04
5.8325E-04 8.0000E-04
5.5771E-04 8.0000E-04
2.8769E-04 8.0000E-04
5.4452E-04 8.0000E-04
5.0213E-04 8.0000E-04
1.4364E-04 8.0000E-04
2.8471E-04 8.0000E-04
3.8037E-04 8.0000E-04
7.2765E-04 8.0000E-04
5.5314E-04 8.0000E-04
1.3706E-04 8.0000E-04
3.3275E-04 8.0000E-04
3.7649E-04 8.0000E-04
5.2615E-04 8.0000E-04
6.4203E-04 8.0000E-04
3.9348E-04 8.0000E-04
2.4850E-04 8.0000E-04
5.9386E-04 8.0000E-04
2.0269E-04 8.0000E-04
9.9739E-05 8.0000E-04
3.6176E-04 8.0000E-04
4.7592E-04 8.0000E-04
3.1777E-04 8.0000E-04
4.9885E-04 8.0000E-04
3.0882E-04 8.0000E-04
5.4683E-04 8.0000E-04
2.6601E-04 8.0000E-04
2.2896E-04 8.0000E-04
2.7693E-04 8.0000E-04
4.3906E-04 8.0000E-04
6.1571E-04 8.0000E-04
4.9476E-04 8.0000E-04
2.2315E-04 8.0000E-04
3.6867E-04 8.0000E-04
5.1344E-04 8.0000E-04
2.1111E-04 8.0000E-04
3.2411E-04 8.0000E-04
3.8348E-04 8.0000E-04
8.7628E-04 8.0000E-04
5.6366E-04 8.0000E-04
1.3984E-04 8.0000E-04
3.2850E-04 8.0000E-04
4.5336E-04 8.0000E-04
2.9852E-04 8.0000E-04
6.7922E-04 8.0000E-04
4.8349E-04 8.0000E-04
4.9415E-04 8.0000E-04
6.1320E-04 8.0000E-04
4.5193E-04 8.0000E-04
1.5667E-04 8.0000E-04
4.4893E-04 8.0000E-04
4.8424E-04 8.0000E-04
3.5032E-04 8.0000E-04
7.0597E-04 8.0000E-04
3.8783E-04 8.0000E-04
4.9083E-04 8.0000E-04
7.6732E-04 8.0000E-04
3.1622E-04 8.0000E-04
1.3844E-04 8.0000E-04
4.0377E-04 8.0000E-04
7.5237E-04 8.0000E-04
1.9619E-04 8.0000E-04
4.0375E-04 8.0000E-04
2.8161E-04 8.0000E-04
7.3442E-04 8.0000E-04
3.1068E-04 8.0000E-04
2.3185E-04 8.0000E-04
4.5184E-04 8.0000E-04
3.1319E-04 8.0000E-04
2.2778E-04 8.0000E-04
4.8587E-04 8.0000E-04
2.9231E-04 8.0000E-04
1.3411E-04 8.0000E-04
3.8033E-04 8.0000E-04
2.0880E-04 8.0000E-04
2.2665E-04 8.0000E-04
4.5912E-04 8.0000E-04
2.9701E-04 8.0000E-04
1.1059E-04 8.0000E-04
2.1183E-04 8.0000E-04
2.2067E-04 8.0000E-04
3.2569E-04 8.0000E-04
4.4630E-04 8.0000E-04
2.0118E-04 8.0000E-04
1.0166E-04 8.0000E-04
2.2457E-04 8.0000E-04
3.4526E-04 8.0000E-04
1.0414E-04 8.0000E-04
1.8320E-04 8.0000E-04
1.4912E-04 8.0000E-04
3.3854E-04 8.0000E-04
3.2629E-04 8.0000E-04
5.6460E-05 8.0000E-04
9.2933E-05 8.0000E-04
1.6722E-04 8.0000E-04
3.4178E-04 8.0000E-04
2.0789E-04 8.0000E-04
1.2458E-04 8.0000E-04
1.8013E-04 8.0000E-04
2.1102E-04 8.0000E-04
1.3121E-04 8.0000E-04
1.2893E-04 8.0000E-04
2.0319E-04 8.0000E-04
2.6016E-04 8.0000E-04
6.5695E-05 8.0000E-04
8.9855E-05 8.0000E-04
6.3204E-05 8.0000E-04
