560.1
165.7
193.6
182.5
180.6
182.9
174.1
167.9
158.9
184.2
164.4
164.3
165.4
158.5
160.3
165.2
163.6
167.4
164.9
126.4
162.1
155.9
158.4
163.0
159.4
128.8
163.3
162.8
131.3
131.4
131.8
124.3
160.1
118.8
130.6
160.4
165.6
130.5
131.0
124.6
166.9
130.8
123.2
132.7
130.6
132.4
166.4
132.8
132.9
129.4
131.8
131.1
132.8
124.7
131.1
165.9
129.8
114.4
157.7
125.2
131.6
130.8
135.2
127.2
132.0
131.5
131.0
131.2
112.8
133.8
112.0
166.3
131.9
140.4
141.2
141.6
146.7
128.5
176.0
146.0
145.1
144.2
126.6
143.1
154.2
127.0
125.3
162.5
140.8
142.0
126.1
121.9
124.6
141.3
142.2
122.0
126.8
163.4
125.6
126.1
125.0
146.3
147.2
127.1
126.7
123.8
145.1
144.0
139.7
143.7
137.8
139.9
131.4
144.8
153.0
146.4
143.6
130.0
144.7
147.5
142.7
137.6
143.7
124.2
143.0
139.5
144.5
146.1
136.3
144.4
140.6
143.9
126.7
139.0
173.6
129.8
138.9
145.5
144.2
136.4
140.1
145.9
142.3
144.5
142.5
143.9
178.8
140.7
141.3
141.8
143.1
142.7
141.3
145.1
180.1
142.8
135.3
137.3
143.0
144.9
147.1
138.4
141.7
127.1
180.5
145.6
120.8
145.2
143.1
123.7
177.1
142.8
141.2
136.0
142.8
135.8
127.4
132.6
121.4
111.2
161.3
138.3
144.0
119.7
137.1
142.3
142.5
143.9
125.3
125.2
165.2
147.1
125.8
144.5
141.4
126.6
138.4
123.1
139.2
137.7
141.3
141.1
137.5
134.7
139.6
117.5
119.5
158.0
122.3
124.6
116.0
137.5
138.9
119.9
138.8
145.6
124.5
119.5
155.2
123.0
139.3
138.6
120.6
134.4
113.4
157.0
138.5
120.6
123.9
140.0
120.1
120.8
120.9
123.0
148.6
138.5
122.6
137.8
125.8
117.3
141.6
116.9
116.0
139.6
124.9
115.9
141.5
124.2
121.0
141.0
133.7
124.3
123.7
159.7
118.3
139.6
124.7
124.9
119.0
159.1
121.3
117.9
123.8
121.9
164.6
124.0
131.8
123.8
128.7
123.1
133.0
125.5
131.5
129.0
127.4
129.3
124.5
130.6
128.1
123.6
130.0
