RMS Grad   Target
7.2193E-05 2.0000E-04
1.1032E-04 2.0000E-04
4.4018E-05 2.0000E-04
3.1316E-05 2.0000E-04
4.6381E-05 2.0000E-04
5.0337E-05 2.0000E-04
1.2335E-04 2.0000E-04
4.7163E-05 2.0000E-04
3.2828E-05 2.0000E-04
4.2078E-05 2.0000E-04
6.4857E-05 2.0000E-04
5.0803E-05 2.0000E-04
5.6870E-05 2.0000E-04
5.2015E-05 2.0000E-04
4.7559E-05 2.0000E-04
7.0887E-05 2.0000E-04
6.7087E-05 2.0000E-04
4.6562E-05 2.0000E-04
4.3573E-05 2.0000E-04
5.7534E-05 2.0000E-04
5.2734E-05 2.0000E-04
6.8651E-05 2.0000E-04
4.8151E-05 2.0000E-04
4.8158E-05 2.0000E-04
7.1969E-05 2.0000E-04
5.0880E-05 2.0000E-04
4.9623E-05 2.0000E-04
6.3777E-05 2.0000E-04
5.0209E-05 2.0000E-04
5.0921E-05 2.0000E-04
6.8172E-05 2.0000E-04
5.3501E-05 2.0000E-04
5.0023E-05 2.0000E-04
6.7049E-05 2.0000E-04
5.3326E-05 2.0000E-04
5.6147E-05 2.0000E-04
6.9345E-05 2.0000E-04
5.0285E-05 2.0000E-04
5.6568E-05 2.0000E-04
7.2233E-05 2.0000E-04
5.9585E-05 2.0000E-04
6.5052E-05 2.0000E-04
5.3571E-05 2.0000E-04
5.2281E-05 2.0000E-04
8.2015E-05 2.0000E-04
5.4031E-05 2.0000E-04
5.1014E-05 2.0000E-04
6.1870E-05 2.0000E-04
9.5270E-05 2.0000E-04
5.6013E-05 2.0000E-04
4.7404E-05 2.0000E-04
5.5278E-05 2.0000E-04
9.4245E-05 2.0000E-04
4.7584E-05 2.0000E-04
4.4299E-05 2.0000E-04
5.4583E-05 2.0000E-04
9.6898E-05 2.0000E-04
5.6080E-05 2.0000E-04
5.4116E-05 2.0000E-04
5.3250E-05 2.0000E-04
5.7364E-05 2.0000E-04
6.8921E-05 2.0000E-04
5.0472E-05 2.0000E-04
4.5217E-05 2.0000E-04
5.2307E-05 2.0000E-04
8.5011E-05 2.0000E-04
4.5034E-05 2.0000E-04
3.8923E-05 2.0000E-04
4.6537E-05 2.0000E-04
7.9969E-05 2.0000E-04
4.1817E-05 2.0000E-04
3.7121E-05 2.0000E-04
4.5396E-05 2.0000E-04
7.6879E-05 2.0000E-04
3.9937E-05 2.0000E-04
3.8124E-05 2.0000E-04
4.6098E-05 2.0000E-04
7.2710E-05 2.0000E-04
4.0647E-05 2.0000E-04
3.6948E-05 2.0000E-04
4.3025E-05 2.0000E-04
6.8089E-05 2.0000E-04
4.0557E-05 2.0000E-04
4.0710E-05 2.0000E-04
4.6098E-05 2.0000E-04
5.4530E-05 2.0000E-04
4.5666E-05 2.0000E-04
3.7725E-05 2.0000E-04
4.2951E-05 2.0000E-04
7.3430E-05 2.0000E-04
4.2764E-05 2.0000E-04
3.7856E-05 2.0000E-04
4.3753E-05 2.0000E-04
5.9907E-05 2.0000E-04
3.6768E-05 2.0000E-04
3.6653E-05 2.0000E-04
4.8574E-05 2.0000E-04
6.4405E-05 2.0000E-04
3.7198E-05 2.0000E-04
3.7418E-05 2.0000E-04
4.2832E-05 2.0000E-04
7.8684E-05 2.0000E-04
4.0474E-05 2.0000E-04
3.4807E-05 2.0000E-04
4.0037E-05 2.0000E-04
5.7818E-05 2.0000E-04
4.2749E-05 2.0000E-04
4.1932E-05 2.0000E-04
4.4517E-05 2.0000E-04
4.0916E-05 2.0000E-04
6.7187E-05 2.0000E-04
4.0588E-05 2.0000E-04
3.8972E-05 2.0000E-04
4.1744E-05 2.0000E-04
1.0485E-04 2.0000E-04
3.9541E-05 2.0000E-04
2.8162E-05 2.0000E-04
3.8001E-05 2.0000E-04
5.5778E-05 2.0000E-04
5.5931E-05 2.0000E-04
3.4386E-05 2.0000E-04
3.9326E-05 2.0000E-04
4.3906E-05 2.0000E-04
6.1993E-05 2.0000E-04
4.3471E-05 2.0000E-04
3.7599E-05 2.0000E-04
4.8380E-05 2.0000E-04
5.4223E-05 2.0000E-04
3.7765E-05 2.0000E-04
4.9236E-05 2.0000E-04
6.6433E-05 2.0000E-04
4.6184E-05 2.0000E-04
5.0817E-05 2.0000E-04
5.1331E-05 2.0000E-04
9.2312E-05 2.0000E-04
5.0062E-05 2.0000E-04
4.9673E-05 2.0000E-04
9.3233E-05 2.0000E-04
1.2508E-04 2.0000E-04
7.2497E-05 2.0000E-04
7.3991E-05 2.0000E-04
8.3682E-05 2.0000E-04
1.5789E-04 2.0000E-04
1.2497E-04 2.0000E-04
1.6471E-04 2.0000E-04
9.3232E-05 2.0000E-04
9.3192E-05 2.0000E-04
9.8210E-05 2.0000E-04
1.6560E-04 2.0000E-04
1.2529E-04 2.0000E-04
1.7625E-04 2.0000E-04
1.0428E-04 2.0000E-04
8.1657E-05 2.0000E-04
8.1083E-05 2.0000E-04
1.0447E-04 2.0000E-04
1.3622E-04 2.0000E-04
7.4688E-05 2.0000E-04
7.7004E-05 2.0000E-04
8.6275E-05 2.0000E-04
1.8921E-04 2.0000E-04
7.5575E-05 2.0000E-04
6.4581E-05 2.0000E-04
7.7001E-05 2.0000E-04
1.7066E-04 2.0000E-04
7.2639E-05 2.0000E-04
5.2018E-05 2.0000E-04
6.7802E-05 2.0000E-04
1.1292E-04 2.0000E-04
7.6204E-05 2.0000E-04
5.1861E-05 2.0000E-04
6.7922E-05 2.0000E-04
8.5038E-05 2.0000E-04
6.8263E-05 2.0000E-04
9.4340E-05 2.0000E-04
6.0180E-05 2.0000E-04
6.1798E-05 2.0000E-04
8.5422E-05 2.0000E-04
1.0426E-04 2.0000E-04
5.8107E-05 2.0000E-04
5.7505E-05 2.0000E-04
6.9131E-05 2.0000E-04
1.5141E-04 2.0000E-04
5.8574E-05 2.0000E-04
5.2153E-05 2.0000E-04
6.7663E-05 2.0000E-04
1.2766E-04 2.0000E-04
7.0509E-05 2.0000E-04
5.7481E-05 2.0000E-04
7.4826E-05 2.0000E-04
7.2660E-05 2.0000E-04
6.4184E-05 2.0000E-04
9.2823E-05 2.0000E-04
7.2115E-05 2.0000E-04
6.1156E-05 2.0000E-04
8.1441E-05 2.0000E-04
8.2165E-05 2.0000E-04
6.2753E-05 2.0000E-04
7.1479E-05 2.0000E-04
1.1807E-04 2.0000E-04
7.7044E-05 2.0000E-04
6.6329E-05 2.0000E-04
6.4822E-05 2.0000E-04
6.9507E-05 2.0000E-04
9.9948E-05 2.0000E-04
6.4342E-05 2.0000E-04
5.8424E-05 2.0000E-04
7.9494E-05 2.0000E-04
7.3563E-05 2.0000E-04
8.2414E-05 2.0000E-04
7.6619E-05 2.0000E-04
8.1171E-05 2.0000E-04
6.7080E-05 2.0000E-04
6.0867E-05 2.0000E-04
9.0628E-05 2.0000E-04
6.9071E-05 2.0000E-04
7.2554E-05 2.0000E-04
8.7966E-05 2.0000E-04
8.5659E-05 2.0000E-04
1.1710E-04 2.0000E-04
1.0642E-04 2.0000E-04
9.9024E-05 2.0000E-04
1.1512E-04 2.0000E-04
1.5560E-04 2.0000E-04
1.2666E-04 2.0000E-04
1.8981E-04 2.0000E-04
1.9052E-04 2.0000E-04
2.4466E-04 2.0000E-04
1.8828E-04 2.0000E-04
1.8390E-04 2.0000E-04
1.5336E-04 2.0000E-04
1.6946E-04 2.0000E-04
2.5694E-04 2.0000E-04
1.5019E-04 2.0000E-04
1.3696E-04 2.0000E-04
2.1252E-04 2.0000E-04
1.3965E-04 2.0000E-04
1.0902E-04 2.0000E-04
1.2561E-04 2.0000E-04
1.2995E-04 2.0000E-04
1.3840E-04 2.0000E-04
8.9100E-05 2.0000E-04
7.9349E-05 2.0000E-04
9.6357E-05 2.0000E-04
8.5238E-05 2.0000E-04
8.3751E-05 2.0000E-04
7.2809E-05 2.0000E-04
7.8084E-05 2.0000E-04
1.0801E-04 2.0000E-04
6.2140E-05 2.0000E-04
5.7931E-05 2.0000E-04
6.7240E-05 2.0000E-04
1.1180E-04 2.0000E-04
5.6344E-05 2.0000E-04
5.4389E-05 2.0000E-04
6.7400E-05 2.0000E-04
1.3601E-04 2.0000E-04
5.5981E-05 2.0000E-04
4.7037E-05 2.0000E-04
5.5594E-05 2.0000E-04
9.5139E-05 2.0000E-04
6.0884E-05 2.0000E-04
4.6489E-05 2.0000E-04
6.6939E-05 2.0000E-04
7.1732E-05 2.0000E-04
5.8851E-05 2.0000E-04
7.6568E-05 2.0000E-04
7.8132E-05 2.0000E-04
6.0512E-05 2.0000E-04
6.1255E-05 2.0000E-04
8.0877E-05 2.0000E-04
6.3422E-05 2.0000E-04
6.0673E-05 2.0000E-04
7.8456E-05 2.0000E-04
6.0264E-05 2.0000E-04
6.0685E-05 2.0000E-04
7.8099E-05 2.0000E-04
6.0982E-05 2.0000E-04
6.2575E-05 2.0000E-04
8.5513E-05 2.0000E-04
6.1618E-05 2.0000E-04
5.4461E-05 2.0000E-04
6.5965E-05 2.0000E-04
6.3386E-05 2.0000E-04
1.5043E-04 2.0000E-04
6.1966E-05 2.0000E-04
5.5686E-05 2.0000E-04
7.9192E-05 2.0000E-04
1.2413E-04 2.0000E-04
7.6288E-05 2.0000E-04
7.3143E-05 2.0000E-04
9.2665E-05 2.0000E-04
1.3176E-04 2.0000E-04
1.0679E-04 2.0000E-04
1.0342E-04 2.0000E-04
1.4095E-04 2.0000E-04
1.9019E-04 2.0000E-04
1.3503E-04 2.0000E-04
1.2139E-04 2.0000E-04
1.2777E-04 2.0000E-04
1.8884E-04 2.0000E-04
2.0196E-04 2.0000E-04
1.2406E-04 2.0000E-04
1.3586E-04 2.0000E-04
1.7278E-04 2.0000E-04
1.4615E-04 2.0000E-04
1.6374E-04 2.0000E-04
1.3862E-04 2.0000E-04
1.3150E-04 2.0000E-04
1.6569E-04 2.0000E-04
1.5041E-04 2.0000E-04
1.1733E-04 2.0000E-04
1.1615E-04 2.0000E-04
1.6277E-04 2.0000E-04
1.2027E-04 2.0000E-04
1.2633E-04 2.0000E-04
1.0713E-04 2.0000E-04
1.0025E-04 2.0000E-04
1.7691E-04 2.0000E-04
1.0142E-04 2.0000E-04
8.0215E-05 2.0000E-04
9.2606E-05 2.0000E-04
1.7422E-04 2.0000E-04
9.4083E-05 2.0000E-04
7.4767E-05 2.0000E-04
8.7433E-05 2.0000E-04
1.6886E-04 2.0000E-04
9.5086E-05 2.0000E-04
6.9191E-05 2.0000E-04
9.8894E-05 2.0000E-04
1.2070E-04 2.0000E-04
8.6711E-05 2.0000E-04
8.5298E-05 2.0000E-04
1.0443E-04 2.0000E-04
8.6121E-05 2.0000E-04
1.2799E-04 2.0000E-04
9.0701E-05 2.0000E-04
7.0952E-05 2.0000E-04
6.7653E-05 2.0000E-04
1.3702E-04 2.0000E-04
7.7796E-05 2.0000E-04
6.1398E-05 2.0000E-04
7.1537E-05 2.0000E-04
1.3193E-04 2.0000E-04
6.9915E-05 2.0000E-04
5.9851E-05 2.0000E-04
8.0980E-05 2.0000E-04
8.0980E-05 2.0000E-04
1.2300E-04 2.0000E-04
6.7113E-05 2.0000E-04
5.7737E-05 2.0000E-04
6.4411E-05 2.0000E-04
1.5310E-04 2.0000E-04
5.9595E-05 2.0000E-04
5.1202E-05 2.0000E-04
6.4928E-05 2.0000E-04
1.2987E-04 2.0000E-04
5.9257E-05 2.0000E-04
4.7507E-05 2.0000E-04
5.9408E-05 2.0000E-04
9.4768E-05 2.0000E-04
7.6395E-05 2.0000E-04
4.8789E-05 2.0000E-04
5.9945E-05 2.0000E-04
7.1006E-05 2.0000E-04
6.2075E-05 2.0000E-04
1.4596E-04 2.0000E-04
5.7058E-05 2.0000E-04
4.9081E-05 2.0000E-04
6.0336E-05 2.0000E-04
9.4018E-05 2.0000E-04
5.7084E-05 2.0000E-04
4.8690E-05 2.0000E-04
7.1962E-05 2.0000E-04
7.0499E-05 2.0000E-04
5.8177E-05 2.0000E-04
8.4892E-05 2.0000E-04
5.9505E-05 2.0000E-04
5.4888E-05 2.0000E-04
7.3678E-05 2.0000E-04
9.4145E-05 2.0000E-04
5.5952E-05 2.0000E-04
5.3912E-05 2.0000E-04
6.2448E-05 2.0000E-04
6.6420E-05 2.0000E-04
6.8203E-05 2.0000E-04
5.2881E-05 2.0000E-04
5.1907E-05 2.0000E-04
6.6088E-05 2.0000E-04
6.8047E-05 2.0000E-04
4.9214E-05 2.0000E-04
5.1739E-05 2.0000E-04
6.9895E-05 2.0000E-04
5.1710E-05 2.0000E-04
5.8619E-05 2.0000E-04
5.9222E-05 2.0000E-04
5.1362E-05 2.0000E-04
6.5826E-05 2.0000E-04
7.0532E-05 2.0000E-04
4.9299E-05 2.0000E-04
4.5041E-05 2.0000E-04
6.7855E-05 2.0000E-04
5.0002E-05 2.0000E-04
5.0092E-05 2.0000E-04
6.0254E-05 2.0000E-04
4.3932E-05 2.0000E-04
4.4588E-05 2.0000E-04
6.1230E-05 2.0000E-04
4.4778E-05 2.0000E-04
4.5087E-05 2.0000E-04
5.3781E-05 2.0000E-04
4.3685E-05 2.0000E-04
6.0714E-05 2.0000E-04
5.3374E-05 2.0000E-04
4.2730E-05 2.0000E-04
4.7679E-05 2.0000E-04
6.0756E-05 2.0000E-04
4.3846E-05 2.0000E-04
4.0823E-05 2.0000E-04
4.9912E-05 2.0000E-04
4.3894E-05 2.0000E-04
9.3621E-05 2.0000E-04
3.8174E-05 2.0000E-04
3.5160E-05 2.0000E-04
4.4831E-05 2.0000E-04
8.6593E-05 2.0000E-04
4.2931E-05 2.0000E-04
3.5658E-05 2.0000E-04
4.3261E-05 2.0000E-04
8.4416E-05 2.0000E-04
4.1889E-05 2.0000E-04
3.5397E-05 2.0000E-04
4.7160E-05 2.0000E-04
7.7909E-05 2.0000E-04
4.1500E-05 2.0000E-04
3.7834E-05 2.0000E-04
4.4245E-05 2.0000E-04
6.5358E-05 2.0000E-04
4.1971E-05 2.0000E-04
3.7055E-05 2.0000E-04
4.8114E-05 2.0000E-04
5.6022E-05 2.0000E-04
3.7845E-05 2.0000E-04
3.7758E-05 2.0000E-04
4.8505E-05 2.0000E-04
3.9772E-05 2.0000E-04
6.3446E-05 2.0000E-04
3.3847E-05 2.0000E-04
3.2588E-05 2.0000E-04
4.1347E-05 2.0000E-04
7.1147E-05 2.0000E-04
3.2118E-05 2.0000E-04
2.7247E-05 2.0000E-04
3.1674E-05 2.0000E-04
6.0746E-05 2.0000E-04
3.0146E-05 2.0000E-04
2.5246E-05 2.0000E-04
3.0802E-05 2.0000E-04
4.1803E-05 2.0000E-04
2.8694E-05 2.0000E-04
2.6967E-05 2.0000E-04
3.2526E-05 2.0000E-04
2.7927E-05 2.0000E-04
4.2367E-05 2.0000E-04
2.8965E-05 2.0000E-04
2.3950E-05 2.0000E-04
2.6427E-05 2.0000E-04
4.9001E-05 2.0000E-04
2.4590E-05 2.0000E-04
1.8879E-05 2.0000E-04
2.2983E-05 2.0000E-04
3.6975E-05 2.0000E-04
3.0994E-05 2.0000E-04
1.9243E-05 2.0000E-04
2.1537E-05 2.0000E-04
2.8244E-05 2.0000E-04
2.3419E-05 2.0000E-04
3.7255E-05 2.0000E-04
2.0679E-05 2.0000E-04
2.0522E-05 2.0000E-04
2.2934E-05 2.0000E-04
5.3099E-05 2.0000E-04
2.2490E-05 2.0000E-04
1.5826E-05 2.0000E-04
2.0668E-05 2.0000E-04
2.1359E-05 2.0000E-04
4.6618E-05 2.0000E-04
1.9732E-05 2.0000E-04
1.7124E-05 2.0000E-04
2.0222E-05 2.0000E-04
3.0332E-05 2.0000E-04
2.0202E-05 2.0000E-04
1.6115E-05 2.0000E-04
2.5989E-05 2.0000E-04
2.6304E-05 2.0000E-04
1.9574E-05 2.0000E-04
1.8195E-05 2.0000E-04
2.8869E-05 2.0000E-04
2.1373E-05 2.0000E-04
1.7426E-05 2.0000E-04
2.1866E-05 2.0000E-04
1.9262E-05 2.0000E-04
4.0987E-05 2.0000E-04
1.9278E-05 2.0000E-04
1.5904E-05 2.0000E-04
1.8194E-05 2.0000E-04
4.0612E-05 2.0000E-04
2.0067E-05 2.0000E-04
1.4804E-05 2.0000E-04
1.7431E-05 2.0000E-04
2.4818E-05 2.0000E-04
2.0471E-05 2.0000E-04
1.5601E-05 2.0000E-04
1.8588E-05 2.0000E-04
2.2811E-05 2.0000E-04
1.7117E-05 2.0000E-04
1.8093E-05 2.0000E-04
2.1924E-05 2.0000E-04
1.7599E-05 2.0000E-04
2.2170E-05 2.0000E-04
2.2894E-05 2.0000E-04
1.6110E-05 2.0000E-04
1.4281E-05 2.0000E-04
2.0189E-05 2.0000E-04
1.6205E-05 2.0000E-04
1.7939E-05 2.0000E-04
1.8264E-05 2.0000E-04
1.5071E-05 2.0000E-04
2.0892E-05 2.0000E-04
2.4394E-05 2.0000E-04
1.5237E-05 2.0000E-04
1.2641E-05 2.0000E-04
1.5798E-05 2.0000E-04
2.4289E-05 2.0000E-04
1.6473E-05 2.0000E-04
1.3798E-05 2.0000E-04
1.5737E-05 2.0000E-04
2.0676E-05 2.0000E-04
1.4841E-05 2.0000E-04
1.4640E-05 2.0000E-04
2.1537E-05 2.0000E-04
1.5204E-05 2.0000E-04
1.4055E-05 2.0000E-04
2.1707E-05 2.0000E-04
1.4621E-05 2.0000E-04
1.3479E-05 2.0000E-04
1.9743E-05 2.0000E-04
1.8453E-05 2.0000E-04
1.5249E-05 2.0000E-04
1.7703E-05 2.0000E-04
1.9338E-05 2.0000E-04
1.5894E-05 2.0000E-04
1.6694E-05 2.0000E-04
2.1371E-05 2.0000E-04
1.6638E-05 2.0000E-04
1.7902E-05 2.0000E-04
2.8147E-05 2.0000E-04
1.6770E-05 2.0000E-04
1.4845E-05 2.0000E-04
1.8226E-05 2.0000E-04
1.9787E-05 2.0000E-04
1.8637E-05 2.0000E-04
1.6549E-05 2.0000E-04
2.0418E-05 2.0000E-04
1.8199E-05 2.0000E-04
1.5327E-05 2.0000E-04
1.8087E-05 2.0000E-04
2.3276E-05 2.0000E-04
1.5906E-05 2.0000E-04
1.5469E-05 2.0000E-04
1.9721E-05 2.0000E-04
1.7532E-05 2.0000E-04
2.6996E-05 2.0000E-04
1.8486E-05 2.0000E-04
1.8552E-05 2.0000E-04
1.4788E-05 2.0000E-04
1.8661E-05 2.0000E-04
2.1091E-05 2.0000E-04
1.5968E-05 2.0000E-04
1.4458E-05 2.0000E-04
1.9819E-05 2.0000E-04
1.6567E-05 2.0000E-04
2.1802E-05 2.0000E-04
1.6360E-05 2.0000E-04
1.5816E-05 2.0000E-04
2.0128E-05 2.0000E-04
2.7272E-05 2.0000E-04
1.8197E-05 2.0000E-04
1.8224E-05 2.0000E-04
1.5324E-05 2.0000E-04
1.6993E-05 2.0000E-04
2.2702E-05 2.0000E-04
1.6765E-05 2.0000E-04
1.4862E-05 2.0000E-04
1.7680E-05 2.0000E-04
1.4973E-05 2.0000E-04
1.7444E-05 2.0000E-04
1.6305E-05 2.0000E-04
1.4647E-05 2.0000E-04
1.8037E-05 2.0000E-04
2.2655E-05 2.0000E-04
1.9593E-05 2.0000E-04
2.0421E-05 2.0000E-04
1.4213E-05 2.0000E-04
1.4869E-05 2.0000E-04
1.8785E-05 2.0000E-04
2.6042E-05 2.0000E-04
1.4088E-05 2.0000E-04
1.4028E-05 2.0000E-04
1.6143E-05 2.0000E-04
2.7990E-05 2.0000E-04
1.4523E-05 2.0000E-04
1.4488E-05 2.0000E-04
1.7111E-05 2.0000E-04
3.2888E-05 2.0000E-04
1.5708E-05 2.0000E-04
1.2821E-05 2.0000E-04
1.5674E-05 2.0000E-04
2.2001E-05 2.0000E-04
1.7691E-05 2.0000E-04
1.3937E-05 2.0000E-04
1.6338E-05 2.0000E-04
2.1411E-05 2.0000E-04
1.8906E-05 2.0000E-04
1.5473E-05 2.0000E-04
1.4915E-05 2.0000E-04
1.6003E-05 2.0000E-04
2.5718E-05 2.0000E-04
1.3772E-05 2.0000E-04
1.3254E-05 2.0000E-04
1.5739E-05 2.0000E-04
3.6690E-05 2.0000E-04
1.4150E-05 2.0000E-04
1.1185E-05 2.0000E-04
1.4192E-05 2.0000E-04
1.8855E-05 2.0000E-04
2.3483E-05 2.0000E-04
1.2633E-05 2.0000E-04
1.4049E-05 2.0000E-04
1.5305E-05 2.0000E-04
3.2860E-05 2.0000E-04
1.2506E-05 2.0000E-04
1.1460E-05 2.0000E-04
1.3999E-05 2.0000E-04
2.3715E-05 2.0000E-04
1.3164E-05 2.0000E-04
1.1645E-05 2.0000E-04
1.5695E-05 2.0000E-04
1.6738E-05 2.0000E-04
1.3435E-05 2.0000E-04
1.4332E-05 2.0000E-04
1.4654E-05 2.0000E-04
1.3230E-05 2.0000E-04
2.5467E-05 2.0000E-04
1.3335E-05 2.0000E-04
1.2123E-05 2.0000E-04
1.3343E-05 2.0000E-04
2.5007E-05 2.0000E-04
1.1959E-05 2.0000E-04
1.0887E-05 2.0000E-04
1.3598E-05 2.0000E-04
2.5199E-05 2.0000E-04
1.3195E-05 2.0000E-04
1.0860E-05 2.0000E-04
1.2755E-05 2.0000E-04
2.3873E-05 2.0000E-04
1.2869E-05 2.0000E-04
1.0904E-05 2.0000E-04
1.4809E-05 2.0000E-04
2.2062E-05 2.0000E-04
1.3452E-05 2.0000E-04
1.2725E-05 2.0000E-04
1.4677E-05 2.0000E-04
2.1874E-05 2.0000E-04
1.5233E-05 2.0000E-04
1.2619E-05 2.0000E-04
1.5067E-05 2.0000E-04
2.2238E-05 2.0000E-04
1.6072E-05 2.0000E-04
1.8945E-05 2.0000E-04
1.7157E-05 2.0000E-04
1.6085E-05 2.0000E-04
1.8668E-05 2.0000E-04
2.7901E-05 2.0000E-04
1.9309E-05 2.0000E-04
1.9282E-05 2.0000E-04
2.2862E-05 2.0000E-04
3.2563E-05 2.0000E-04
3.1998E-05 2.0000E-04
2.7430E-05 2.0000E-04
3.1975E-05 2.0000E-04
3.9447E-05 2.0000E-04
6.1666E-05 2.0000E-04
6.1666E-05 2.0000E-04
1.0445E-04 2.0000E-04
7.2108E-05 2.0000E-04
3.0130E-05 2.0000E-04
4.4986E-05 2.0000E-04
8.2450E-05 2.0000E-04
8.4418E-05 2.0000E-04
4.9749E-05 2.0000E-04
5.5268E-05 2.0000E-04
8.7417E-05 2.0000E-04
1.1501E-04 2.0000E-04
5.8701E-05 2.0000E-04
4.0416E-05 2.0000E-04
5.0945E-05 2.0000E-04
7.0772E-05 2.0000E-04
6.3802E-05 2.0000E-04
4.6944E-05 2.0000E-04
5.1356E-05 2.0000E-04
6.0020E-05 2.0000E-04
9.6574E-05 2.0000E-04
3.9149E-05 2.0000E-04
4.0559E-05 2.0000E-04
4.9842E-05 2.0000E-04
5.6325E-05 2.0000E-04
4.5516E-05 2.0000E-04
3.7091E-05 2.0000E-04
4.2338E-05 2.0000E-04
5.6488E-05 2.0000E-04
3.6737E-05 2.0000E-04
3.5162E-05 2.0000E-04
3.9689E-05 2.0000E-04
3.6627E-05 2.0000E-04
4.9542E-05 2.0000E-04
3.1547E-05 2.0000E-04
2.9552E-05 2.0000E-04
3.5126E-05 2.0000E-04
5.8445E-05 2.0000E-04
2.6814E-05 2.0000E-04
2.3117E-05 2.0000E-04
2.7837E-05 2.0000E-04
4.4320E-05 2.0000E-04
3.3724E-05 2.0000E-04
2.1333E-05 2.0000E-04
2.4779E-05 2.0000E-04
2.9071E-05 2.0000E-04
3.2009E-05 2.0000E-04
3.2548E-05 2.0000E-04
2.3771E-05 2.0000E-04
2.3252E-05 2.0000E-04
2.4985E-05 2.0000E-04
2.1164E-05 2.0000E-04
2.6020E-05 2.0000E-04
2.3022E-05 2.0000E-04
1.9010E-05 2.0000E-04
2.5419E-05 2.0000E-04
2.4014E-05 2.0000E-04
1.8264E-05 2.0000E-04
1.9544E-05 2.0000E-04
2.8971E-05 2.0000E-04
1.9152E-05 2.0000E-04
1.5361E-05 2.0000E-04
1.6388E-05 2.0000E-04
1.6082E-05 2.0000E-04
3.1702E-05 2.0000E-04
1.6400E-05 2.0000E-04
1.3151E-05 2.0000E-04
1.4504E-05 2.0000E-04
2.2648E-05 2.0000E-04
1.7514E-05 2.0000E-04
1.1910E-05 2.0000E-04
1.4904E-05 2.0000E-04
1.7183E-05 2.0000E-04
1.3224E-05 2.0000E-04
1.5725E-05 2.0000E-04
1.7169E-05 2.0000E-04
1.2595E-05 2.0000E-04
1.2308E-05 2.0000E-04
1.4411E-05 2.0000E-04
1.1612E-05 2.0000E-04
1.8553E-05 2.0000E-04
1.2830E-05 2.0000E-04
1.0276E-05 2.0000E-04
1.2427E-05 2.0000E-04
2.1284E-05 2.0000E-04
1.1409E-05 2.0000E-04
9.2155E-06 2.0000E-04
1.0546E-05 2.0000E-04
1.7657E-05 2.0000E-04
1.0780E-05 2.0000E-04
9.2015E-06 2.0000E-04
1.2640E-05 2.0000E-04
1.6147E-05 2.0000E-04
9.5822E-06 2.0000E-04
8.4728E-06 2.0000E-04
9.8619E-06 2.0000E-04
1.4988E-05 2.0000E-04
1.3916E-05 2.0000E-04
8.8747E-06 2.0000E-04
