431.3
202.4
190.4
186.0
175.0
170.5
172.2
202.1
180.4
175.0
168.9
182.1
195.4
201.9
222.3
205.9
176.4
174.0
170.0
182.5
182.4
181.0
187.0
181.1
182.5
183.0
185.1
185.8
176.9
183.6
183.3
178.4
173.9
186.5
177.6
182.1
182.0
176.5
175.6
179.7
184.5
186.6
184.6
186.9
183.2
188.9
171.8
191.3
186.5
177.6
181.1
187.3
171.9
188.3
184.3
180.7
175.2
183.2
177.8
182.1
174.3
186.1
182.1
185.2
180.8
176.6
182.9
182.9
170.5
175.5
181.5
184.8
170.2
173.9
184.7
176.3
174.5
204.0
190.8
175.9
183.4
181.3
194.4
187.4
194.3
171.0
174.4
172.3
174.3
181.4
173.3
196.0
177.4
177.7
178.5
178.1
172.2
175.0
177.3
192.5
172.1
175.9
180.9
174.8
170.4
172.7
171.4
202.4
185.8
185.6
180.6
186.3
177.4
182.2
189.2
214.7
184.5
180.6
179.2
176.7
182.8
174.6
168.4
194.1
185.6
181.7
181.0
174.3
185.7
169.1
188.2
188.7
178.0
180.2
177.2
185.8
178.1
173.6
175.2
175.7
182.3
186.1
187.1
186.7
175.4
180.8
179.6
193.3
189.0
196.1
180.2
186.9
185.7
183.2
178.2
179.5
187.1
183.4
184.8
181.4
182.9
183.5
200.3
189.2
177.9
179.7
178.6
185.3
185.0
183.5
190.4
189.3
178.3
184.1
179.6
180.8
185.7
175.2
186.4
178.2
185.5
182.1
185.6
189.5
192.6
183.7
182.5
179.9
183.6
187.3
187.7
191.5
188.1
192.2
186.5
199.9
195.9
190.0
193.5
179.2
181.3
178.6
179.9
183.0
180.6
183.7
185.9
187.0
183.0
186.4
178.3
184.8
182.9
180.1
183.3
179.6
179.5
184.7
182.2
180.1
181.7
182.4
188.8
189.5
185.2
180.8
186.9
181.1
186.6
178.2
185.8
186.2
181.2
204.2
207.2
182.1
176.1
192.4
180.8
181.6
182.8
184.7
192.7
184.1
182.1
176.6
182.1
177.8
179.0
185.6
179.4
184.3
184.7
179.6
185.4
182.4
182.0
182.0
183.6
182.1
184.1
179.5
184.5
177.9
181.4
180.3
187.1
185.2
174.2
182.4
182.9
177.9
181.1
181.4
167.4
186.7
181.0
171.2
204.4
181.4
170.8
184.0
183.0
171.5
185.5
172.0
179.5
204.2
184.4
189.0
180.8
184.2
167.5
192.5
192.3
185.8
186.9
181.7
182.9
180.7
187.0
176.8
181.7
208.8
201.0
185.6
183.8
187.1
191.7
178.6
183.8
179.0
188.9
188.6
185.0
182.4
185.5
182.1
185.3
187.0
183.8
182.3
185.6
184.7
182.8
197.8
188.2
186.6
172.4
201.4
216.3
185.6
187.1
184.1
181.9
187.1
182.4
174.3
209.5
184.0
176.4
177.7
185.1
171.0
189.6
182.2
179.6
198.2
181.4
187.5
449.7
201.9
218.9
215.6
233.5
208.0
214.3
199.2
196.5
187.4
193.3
188.4
206.4
206.9
223.0
219.2
211.5
194.0
191.4
193.7
180.0
212.1
187.6
196.1
199.6
206.6
209.7
220.5
229.6
217.7
221.9
212.5
187.7
175.4
186.7
175.6
176.1
170.1
179.9
185.4
189.2
182.8
191.4
195.5
182.5
181.1
184.1
187.0
175.9
182.7
185.0
176.1
188.7
206.8
183.6
197.1
207.1
187.8
207.9
210.4
206.9
177.5
182.6
179.4
179.7
181.5
176.4
179.7
173.0
176.2
183.8
193.6
190.3
204.6
209.4
170.5
171.9
182.3
179.4
180.6
175.2
186.3
188.3
188.9
173.4
197.9
170.4
175.5
177.5
181.3
184.6
186.7
186.6
176.4
188.5
183.6
198.1
191.8
207.0
189.8
175.5
173.6
184.2
175.8
178.6
192.8
185.0
174.1
175.2
177.4
216.9
204.0
205.9
174.7
179.7
183.8
184.2
167.8
176.8
171.9
188.0
177.2
179.2
183.7
185.0
178.8
171.2
196.4
180.6
183.2
177.3
168.3
169.2
184.6
177.6
181.9
182.6
181.3
185.3
177.9
175.3
177.7
177.7
177.9
184.0
178.1
216.8
191.1
174.5
175.2
176.4
175.5
173.5
175.3
182.6
203.9
194.0
196.7
195.4
214.0
176.4
204.2
196.3
179.9
179.9
178.6
175.3
175.4
172.4
177.3
177.4
183.4
179.2
175.9
187.3
177.5
192.7
173.1
170.7
171.5
183.7
176.0
180.5
176.9
185.3
203.8
178.4
177.5
173.6
177.5
176.8
174.9
196.8
189.3
196.4
195.4
202.5
194.7
184.0
194.4
204.9
195.1
197.7
207.1
181.3
175.4
179.9
192.0
170.7
167.7
175.2
173.7
167.5
194.8
175.9
178.6
177.2
180.3
178.9
175.4
179.9
171.2
199.7
177.5
186.5
177.7
172.2
183.0
169.0
176.4
177.1
171.4
178.0
187.7
184.8
172.0
179.0
173.8
187.6
210.6
182.2
176.0
174.1
208.8
194.0
186.6
178.0
178.7
184.0
177.4
178.9
172.4
178.7
177.5
172.5
171.5
178.4
181.3
177.9
183.0
180.7
176.6
209.8
192.7
175.6
177.4
180.7
171.4
175.1
186.1
205.6
181.6
182.9
186.4
175.9
183.4
184.5
183.2
198.5
204.2
179.2
207.5
200.1
181.9
175.8
176.5
176.8
172.1
177.0
196.4
187.9
181.1
180.6
187.1
183.6
185.0
180.3
179.0
181.3
178.1
188.6
182.9
182.0
184.9
178.5
188.0
179.4
182.5
181.9
184.6
183.7
178.5
180.5
192.7
198.1
205.4
197.8
215.6
194.7
192.6
178.8
174.2
174.4
172.4
167.3
175.8
171.1
173.5
178.8
174.4
177.0
175.5
169.6
175.3
176.1
182.2
175.4
178.4
176.7
175.6
183.5
202.4
178.2
186.9
181.6
195.4
1191.6
262.5
235.3
175.4
181.1
176.5
201.4
203.4
317.9
210.9
219.6
199.6
259.3
207.3
184.2
240.8
194.2
186.0
194.7
204.3
182.5
239.2
188.2
260.0
198.4
186.9
229.4
213.3
193.8
189.3
184.4
225.5
213.0
199.9
203.0
199.0
210.2
212.7
215.6
204.7
209.4
178.8
178.0
186.2
182.3
188.6
229.8
194.0
184.1
183.9
177.7
206.6
203.2
207.8
208.9
177.8
195.0
193.8
188.3
184.4
194.9
185.5
177.2
219.3
195.4
178.4
174.3
193.6
182.8
174.5
226.6
194.5
190.4
175.7
190.3
208.4
202.9
203.7
232.7
209.0
177.5
201.7
178.6
231.9
179.4
182.8
175.5
204.9
196.5
203.8
213.6
184.8
179.6
210.3
193.7
200.5
235.9
