RMS Step   Target
2.8922E-04 8.0000E-04
1.0916E-03 8.0000E-04
1.0711E-03 8.0000E-04
3.2887E-03 8.0000E-04
3.6151E-03 8.0000E-04
1.3163E-03 8.0000E-04
2.3964E-04 8.0000E-04
5.1419E-04 8.0000E-04
9.8294E-04 8.0000E-04
1.8788E-03 8.0000E-04
1.5177E-03 8.0000E-04
9.9420E-04 8.0000E-04
5.7004E-04 8.0000E-04
7.9566E-04 8.0000E-04
1.4716E-03 8.0000E-04
8.7243E-04 8.0000E-04
1.1725E-03 8.0000E-04
1.4047E-03 8.0000E-04
1.2428E-03 8.0000E-04
5.3950E-04 8.0000E-04
6.8234E-04 8.0000E-04
1.0230E-03 8.0000E-04
1.5155E-03 8.0000E-04
1.1431E-03 8.0000E-04
6.3480E-04 8.0000E-04
8.0858E-04 8.0000E-04
9.8721E-04 8.0000E-04
7.5882E-04 8.0000E-04
9.3432E-04 8.0000E-04
9.9616E-04 8.0000E-04
8.9371E-04 8.0000E-04
9.5267E-04 8.0000E-04
8.3661E-04 8.0000E-04
5.5921E-04 8.0000E-04
1.2940E-03 8.0000E-04
9.2570E-04 8.0000E-04
5.3924E-04 8.0000E-04
1.3782E-03 8.0000E-04
9.2498E-04 8.0000E-04
3.0829E-04 8.0000E-04
1.2748E-03 8.0000E-04
6.7638E-04 8.0000E-04
6.0916E-04 8.0000E-04
1.5749E-03 8.0000E-04
8.9141E-04 8.0000E-04
5.9920E-04 8.0000E-04
1.0140E-03 8.0000E-04
8.8793E-04 8.0000E-04
7.8230E-04 8.0000E-04
2.1231E-03 8.0000E-04
5.7457E-04 8.0000E-04
2.0359E-04 8.0000E-04
1.2265E-03 8.0000E-04
1.6794E-03 8.0000E-04
2.3109E-04 8.0000E-04
5.1768E-04 8.0000E-04
1.1565E-03 8.0000E-04
1.3966E-03 8.0000E-04
1.3701E-03 8.0000E-04
7.8816E-04 8.0000E-04
5.0748E-04 8.0000E-04
6.4226E-04 8.0000E-04
1.3539E-03 8.0000E-04
5.2091E-04 8.0000E-04
9.2616E-04 8.0000E-04
7.6145E-04 8.0000E-04
2.0302E-03 8.0000E-04
6.4656E-04 8.0000E-04
2.5980E-04 8.0000E-04
5.5704E-04 8.0000E-04
1.1113E-03 8.0000E-04
5.3158E-04 8.0000E-04
1.1848E-03 8.0000E-04
7.9214E-04 8.0000E-04
1.8382E-03 8.0000E-04
1.0667E-03 8.0000E-04
3.7257E-04 8.0000E-04
4.5986E-04 8.0000E-04
5.3299E-04 8.0000E-04
1.5942E-03 8.0000E-04
1.2288E-03 8.0000E-04
1.2288E-03 8.0000E-04
7.1887E-04 8.0000E-04
1.3611E-03 8.0000E-04
1.7318E-03 8.0000E-04
1.1696E-03 8.0000E-04
9.2369E-04 8.0000E-04
8.8433E-04 8.0000E-04
5.7289E-04 8.0000E-04
1.4368E-03 8.0000E-04
1.4272E-03 8.0000E-04
1.9832E-03 8.0000E-04
2.5063E-03 8.0000E-04
1.9397E-03 8.0000E-04
7.9497E-04 8.0000E-04
1.4734E-03 8.0000E-04
7.2329E-04 8.0000E-04
7.1229E-04 8.0000E-04
2.5541E-03 8.0000E-04
2.7620E-03 8.0000E-04
5.8930E-04 8.0000E-04
1.2536E-03 8.0000E-04
7.6693E-04 8.0000E-04
3.3557E-03 8.0000E-04
2.1421E-03 8.0000E-04
4.6923E-04 8.0000E-04
8.1878E-04 8.0000E-04
2.3467E-03 8.0000E-04
1.1399E-03 8.0000E-04
1.5693E-03 8.0000E-04
6.5673E-04 8.0000E-04
4.9092E-04 8.0000E-04
1.3117E-03 8.0000E-04
8.0583E-04 8.0000E-04
4.3274E-04 8.0000E-04
8.9664E-04 8.0000E-04
1.4415E-03 8.0000E-04
6.7155E-04 8.0000E-04
8.1861E-04 8.0000E-04
8.7008E-04 8.0000E-04
9.9244E-04 8.0000E-04
9.7101E-04 8.0000E-04
4.0317E-04 8.0000E-04
1.8702E-04 8.0000E-04
6.1268E-04 8.0000E-04
8.5210E-04 8.0000E-04
2.9755E-04 8.0000E-04
6.3141E-04 8.0000E-04
4.0621E-04 8.0000E-04
9.2261E-04 8.0000E-04
4.2353E-04 8.0000E-04
1.8975E-04 8.0000E-04
4.0612E-04 8.0000E-04
7.8815E-04 8.0000E-04
2.7007E-04 8.0000E-04
4.8634E-04 8.0000E-04
4.0537E-04 8.0000E-04
1.0365E-03 8.0000E-04
4.1856E-04 8.0000E-04
1.4668E-04 8.0000E-04
4.1921E-04 8.0000E-04
5.4666E-04 8.0000E-04
5.0675E-04 8.0000E-04
7.7687E-04 8.0000E-04
5.4242E-04 8.0000E-04
6.1276E-04 8.0000E-04
6.3849E-04 8.0000E-04
3.6044E-04 8.0000E-04
4.1545E-04 8.0000E-04
5.5781E-04 8.0000E-04
7.4165E-04 8.0000E-04
3.4052E-04 8.0000E-04
5.7306E-04 8.0000E-04
5.5798E-04 8.0000E-04
5.8141E-04 8.0000E-04
5.5453E-04 8.0000E-04
4.2800E-04 8.0000E-04
3.7213E-04 8.0000E-04
8.9618E-04 8.0000E-04
5.0702E-04 8.0000E-04
2.2552E-04 8.0000E-04
7.0790E-04 8.0000E-04
5.7702E-04 8.0000E-04
3.4220E-04 8.0000E-04
8.5095E-04 8.0000E-04
5.6269E-04 8.0000E-04
3.4223E-04 8.0000E-04
7.7761E-04 8.0000E-04
5.7561E-04 8.0000E-04
3.5425E-04 8.0000E-04
9.6330E-04 8.0000E-04
2.7504E-04 8.0000E-04
4.0930E-04 8.0000E-04
5.7556E-04 8.0000E-04
5.9250E-04 8.0000E-04
4.8349E-04 8.0000E-04
1.0480E-03 8.0000E-04
1.1970E-04 8.0000E-04
8.9795E-05 8.0000E-04
4.1227E-04 8.0000E-04
8.6615E-04 8.0000E-04
2.1477E-04 8.0000E-04
3.7394E-04 8.0000E-04
4.2833E-04 8.0000E-04
7.9679E-04 8.0000E-04
7.3758E-04 8.0000E-04
1.5398E-04 8.0000E-04
1.8367E-04 8.0000E-04
3.1020E-04 8.0000E-04
9.1884E-04 8.0000E-04
4.8570E-04 8.0000E-04
1.4577E-04 8.0000E-04
4.6523E-04 8.0000E-04
7.6223E-04 8.0000E-04
3.4777E-04 8.0000E-04
2.3054E-04 8.0000E-04
3.4777E-04 8.0000E-04
5.9616E-04 8.0000E-04
9.7052E-04 8.0000E-04
1.1168E-04 8.0000E-04
4.5792E-04 8.0000E-04
2.5198E-04 8.0000E-04
8.4769E-04 8.0000E-04
8.6877E-04 8.0000E-04
3.0712E-04 8.0000E-04
2.0404E-04 8.0000E-04
6.0270E-04 8.0000E-04
3.4214E-04 8.0000E-04
2.0650E-04 8.0000E-04
6.3402E-04 8.0000E-04
4.9906E-04 8.0000E-04
3.0886E-04 8.0000E-04
3.8296E-04 8.0000E-04
3.4804E-04 8.0000E-04
7.5265E-04 8.0000E-04
3.0859E-04 8.0000E-04
2.0320E-04 8.0000E-04
2.7480E-04 8.0000E-04
4.7364E-04 8.0000E-04
5.8593E-04 8.0000E-04
6.3166E-04 8.0000E-04
2.3896E-04 8.0000E-04
3.4886E-04 8.0000E-04
3.6244E-04 8.0000E-04
3.0143E-04 8.0000E-04
3.0526E-04 8.0000E-04
3.5912E-04 8.0000E-04
5.0403E-04 8.0000E-04
3.3390E-04 8.0000E-04
1.4222E-04 8.0000E-04
4.7913E-04 8.0000E-04
4.4462E-04 8.0000E-04
3.4609E-04 8.0000E-04
3.6305E-04 8.0000E-04
2.7313E-04 8.0000E-04
2.6554E-04 8.0000E-04
2.8998E-04 8.0000E-04
3.7590E-04 8.0000E-04
2.6673E-04 8.0000E-04
3.0334E-04 8.0000E-04
6.0458E-04 8.0000E-04
2.5231E-04 8.0000E-04
1.4067E-04 8.0000E-04
4.9965E-04 8.0000E-04
4.7269E-04 8.0000E-04
9.1576E-05 8.0000E-04
2.5196E-04 8.0000E-04
2.5673E-04 8.0000E-04
3.9805E-04 8.0000E-04
4.5906E-04 8.0000E-04
2.5206E-04 8.0000E-04
3.0689E-04 8.0000E-04
3.2487E-04 8.0000E-04
3.5012E-04 8.0000E-04
4.3005E-04 8.0000E-04
4.1106E-04 8.0000E-04
1.5625E-04 8.0000E-04
2.1341E-04 8.0000E-04
2.8911E-04 8.0000E-04
3.0347E-04 8.0000E-04
5.2100E-04 8.0000E-04
2.0518E-04 8.0000E-04
1.5361E-04 8.0000E-04
4.0939E-04 8.0000E-04
5.8082E-04 8.0000E-04
3.6087E-05 8.0000E-04
1.1907E-04 8.0000E-04
3.2993E-04 8.0000E-04
4.6543E-04 8.0000E-04
4.8320E-04 8.0000E-04
1.0069E-04 8.0000E-04
2.8584E-04 8.0000E-04
3.0502E-04 8.0000E-04
3.3101E-04 8.0000E-04
4.5127E-04 8.0000E-04
3.8837E-04 8.0000E-04
5.3886E-04 8.0000E-04
8.4829E-04 8.0000E-04
1.2641E-04 8.0000E-04
6.0224E-05 8.0000E-04
6.0224E-05 8.0000E-04
