Max Step   Target
1.1725E-02 1.2000E-03
1.1009E-01 1.2000E-03
2.7944E-02 1.2000E-03
5.0564E-02 1.2000E-03
6.4196E-02 1.2000E-03
3.8369E-02 1.2000E-03
1.1251E-02 1.2000E-03
1.7911E-02 1.2000E-03
3.0556E-02 1.2000E-03
1.0528E-02 1.2000E-03
8.3899E-03 1.2000E-03
1.9984E-02 1.2000E-03
3.7484E-02 1.2000E-03
6.1324E-02 1.2000E-03
4.5090E-03 1.2000E-03
6.6352E-03 1.2000E-03
1.5441E-02 1.2000E-03
4.2923E-02 1.2000E-03
1.0693E-02 1.2000E-03
8.0143E-03 1.2000E-03
1.6210E-02 1.2000E-03
1.9779E-02 1.2000E-03
4.0673E-02 1.2000E-03
6.9286E-03 1.2000E-03
2.1309E-03 1.2000E-03
9.7349E-03 1.2000E-03
1.9689E-02 1.2000E-03
7.9387E-03 1.2000E-03
4.5876E-03 1.2000E-03
6.3714E-03 1.2000E-03
5.1375E-03 1.2000E-03
4.5172E-03 1.2000E-03
6.1015E-03 1.2000E-03
6.1867E-03 1.2000E-03
1.8621E-03 1.2000E-03
4.4930E-03 1.2000E-03
4.6508E-03 1.2000E-03
1.0187E-02 1.2000E-03
2.7752E-03 1.2000E-03
2.4826E-03 1.2000E-03
4.8551E-03 1.2000E-03
5.0431E-03 1.2000E-03
5.2125E-03 1.2000E-03
4.7827E-03 1.2000E-03
6.6711E-03 1.2000E-03
7.5489E-03 1.2000E-03
1.9391E-03 1.2000E-03
1.8524E-03 1.2000E-03
2.4915E-03 1.2000E-03
6.2765E-03 1.2000E-03
8.7327E-03 1.2000E-03
2.7806E-03 1.2000E-03
3.4841E-03 1.2000E-03
2.4595E-03 1.2000E-03
5.2951E-03 1.2000E-03
5.1119E-03 1.2000E-03
5.4826E-04 1.2000E-03
1.2943E-03 1.2000E-03
1.4446E-03 1.2000E-03
4.0111E-03 1.2000E-03
5.2811E-03 1.2000E-03
1.1640E-03 1.2000E-03
5.9784E-04 1.2000E-03
2.0586E-03 1.2000E-03
2.4735E-03 1.2000E-03
4.3811E-03 1.2000E-03
3.6904E-03 1.2000E-03
1.0666E-03 1.2000E-03
9.2660E-04 1.2000E-03
2.3799E-03 1.2000E-03
3.9972E-03 1.2000E-03
2.7041E-03 1.2000E-03
2.9863E-03 1.2000E-03
1.7826E-03 1.2000E-03
2.8234E-03 1.2000E-03
3.0480E-03 1.2000E-03
2.7427E-03 1.2000E-03
2.4645E-03 1.2000E-03
1.8980E-03 1.2000E-03
2.2131E-03 1.2000E-03
2.6264E-03 1.2000E-03
2.5286E-03 1.2000E-03
5.3826E-04 1.2000E-03
1.3752E-03 1.2000E-03
1.6528E-03 1.2000E-03
2.1718E-03 1.2000E-03
3.4083E-03 1.2000E-03
3.3600E-03 1.2000E-03
6.1975E-04 1.2000E-03
1.3940E-03 1.2000E-03
4.1592E-04 1.2000E-03
