RMS Grad   Target
3.2061E-03 2.0000E-04
2.8696E-03 2.0000E-04
7.4729E-04 2.0000E-04
5.2475E-04 2.0000E-04
4.6598E-04 2.0000E-04
5.4747E-04 2.0000E-04
2.6165E-04 2.0000E-04
1.8040E-04 2.0000E-04
1.7187E-04 2.0000E-04
3.0550E-04 2.0000E-04
1.2305E-04 2.0000E-04
1.1416E-04 2.0000E-04
1.4078E-04 2.0000E-04
1.8561E-04 2.0000E-04
2.2648E-04 2.0000E-04
9.1773E-05 2.0000E-04
9.6027E-05 2.0000E-04
1.1414E-04 2.0000E-04
2.9502E-04 2.0000E-04
8.9247E-05 2.0000E-04
6.6209E-05 2.0000E-04
7.9047E-05 2.0000E-04
8.9720E-05 2.0000E-04
2.1786E-04 2.0000E-04
5.9534E-05 2.0000E-04
5.5184E-05 2.0000E-04
6.8939E-05 2.0000E-04
1.3965E-04 2.0000E-04
5.1576E-05 2.0000E-04
3.3369E-05 2.0000E-04
4.1936E-05 2.0000E-04
5.5262E-05 2.0000E-04
4.0864E-05 2.0000E-04
4.5793E-05 2.0000E-04
6.6099E-05 2.0000E-04
3.9241E-05 2.0000E-04
3.1734E-05 2.0000E-04
3.3590E-05 2.0000E-04
6.0323E-05 2.0000E-04
2.9794E-05 2.0000E-04
3.1521E-05 2.0000E-04
3.5665E-05 2.0000E-04
4.9839E-05 2.0000E-04
2.8872E-05 2.0000E-04
2.4297E-05 2.0000E-04
3.5754E-05 2.0000E-04
5.0662E-05 2.0000E-04
2.6389E-05 2.0000E-04
2.3410E-05 2.0000E-04
3.0663E-05 2.0000E-04
4.1515E-05 2.0000E-04
3.9858E-05 2.0000E-04
2.3005E-05 2.0000E-04
2.5381E-05 2.0000E-04
2.9819E-05 2.0000E-04
2.5199E-05 2.0000E-04
5.3226E-05 2.0000E-04
2.0565E-05 2.0000E-04
1.7408E-05 2.0000E-04
1.9349E-05 2.0000E-04
2.5582E-05 2.0000E-04
4.5141E-05 2.0000E-04
1.6949E-05 2.0000E-04
1.4679E-05 2.0000E-04
2.2512E-05 2.0000E-04
2.4180E-05 2.0000E-04
1.7342E-05 2.0000E-04
2.7268E-05 2.0000E-04
1.5875E-05 2.0000E-04
1.5603E-05 2.0000E-04
1.9833E-05 2.0000E-04
3.2591E-05 2.0000E-04
1.7763E-05 2.0000E-04
1.4506E-05 2.0000E-04
1.6143E-05 2.0000E-04
1.7627E-05 2.0000E-04
2.6106E-05 2.0000E-04
1.7845E-05 2.0000E-04
1.7676E-05 2.0000E-04
1.6809E-05 2.0000E-04
1.5455E-05 2.0000E-04
1.8724E-05 2.0000E-04
1.9619E-05 2.0000E-04
1.5954E-05 2.0000E-04
1.5399E-05 2.0000E-04
1.6084E-05 2.0000E-04
1.3895E-05 2.0000E-04
1.4436E-05 2.0000E-04
2.6629E-05 2.0000E-04
1.4663E-05 2.0000E-04
1.0636E-05 2.0000E-04
1.1887E-05 2.0000E-04
