RMS Step   Target
2.8858E-04 8.0000E-04
2.8704E-03 8.0000E-04
9.3023E-04 8.0000E-04
1.6647E-03 8.0000E-04
1.8264E-03 8.0000E-04
1.1306E-03 8.0000E-04
4.6294E-04 8.0000E-04
6.5902E-04 8.0000E-04
1.0609E-03 8.0000E-04
4.0812E-04 8.0000E-04
3.0599E-04 8.0000E-04
6.4822E-04 8.0000E-04
1.1429E-03 8.0000E-04
1.8704E-03 8.0000E-04
2.4281E-04 8.0000E-04
2.9392E-04 8.0000E-04
5.8720E-04 8.0000E-04
1.6023E-03 8.0000E-04
3.9286E-04 8.0000E-04
2.9391E-04 8.0000E-04
5.9083E-04 8.0000E-04
7.5626E-04 8.0000E-04
1.6608E-03 8.0000E-04
3.1931E-04 8.0000E-04
1.3468E-04 8.0000E-04
4.8938E-04 8.0000E-04
9.4723E-04 8.0000E-04
3.6657E-04 8.0000E-04
2.0797E-04 8.0000E-04
3.1009E-04 8.0000E-04
3.5095E-04 8.0000E-04
3.1960E-04 8.0000E-04
4.4218E-04 8.0000E-04
4.3759E-04 8.0000E-04
1.2797E-04 8.0000E-04
3.0318E-04 8.0000E-04
3.0403E-04 8.0000E-04
6.4107E-04 8.0000E-04
1.5990E-04 8.0000E-04
1.7403E-04 8.0000E-04
3.0231E-04 8.0000E-04
2.9618E-04 8.0000E-04
3.1205E-04 8.0000E-04
2.9235E-04 8.0000E-04
4.1124E-04 8.0000E-04
4.7423E-04 8.0000E-04
1.3921E-04 8.0000E-04
1.3935E-04 8.0000E-04
1.7574E-04 8.0000E-04
4.4460E-04 8.0000E-04
5.8393E-04 8.0000E-04
1.8663E-04 8.0000E-04
2.4618E-04 8.0000E-04
1.9046E-04 8.0000E-04
4.1347E-04 8.0000E-04
4.3042E-04 8.0000E-04
4.0102E-05 8.0000E-04
8.4800E-05 8.0000E-04
1.2560E-04 8.0000E-04
3.5740E-04 8.0000E-04
4.6175E-04 8.0000E-04
5.3461E-05 8.0000E-04
5.7894E-05 8.0000E-04
1.5244E-04 8.0000E-04
2.1622E-04 8.0000E-04
4.0209E-04 8.0000E-04
3.2452E-04 8.0000E-04
7.7710E-05 8.0000E-04
7.0179E-05 8.0000E-04
1.8548E-04 8.0000E-04
3.1923E-04 8.0000E-04
2.2093E-04 8.0000E-04
2.3593E-04 8.0000E-04
1.3444E-04 8.0000E-04
2.2546E-04 8.0000E-04
2.5903E-04 8.0000E-04
2.2284E-04 8.0000E-04
2.0737E-04 8.0000E-04
1.5715E-04 8.0000E-04
1.9633E-04 8.0000E-04
2.5196E-04 8.0000E-04
2.3483E-04 8.0000E-04
3.9608E-05 8.0000E-04
1.3732E-04 8.0000E-04
1.6265E-04 8.0000E-04
1.9952E-04 8.0000E-04
3.1414E-04 8.0000E-04
2.9993E-04 8.0000E-04
5.8103E-05 8.0000E-04
1.1109E-04 8.0000E-04
3.8654E-05 8.0000E-04
