RMS Grad   Target
3.0405E-03 2.0000E-04
2.7081E-03 2.0000E-04
6.8597E-04 2.0000E-04
4.7698E-04 2.0000E-04
4.1082E-04 2.0000E-04
4.8868E-04 2.0000E-04
2.3507E-04 2.0000E-04
1.8102E-04 2.0000E-04
1.8464E-04 2.0000E-04
3.5793E-04 2.0000E-04
1.3605E-04 2.0000E-04
1.2041E-04 2.0000E-04
1.5258E-04 2.0000E-04
1.9743E-04 2.0000E-04
2.1267E-04 2.0000E-04
8.8367E-05 2.0000E-04
9.2928E-05 2.0000E-04
1.0989E-04 2.0000E-04
2.7422E-04 2.0000E-04
8.5871E-05 2.0000E-04
6.8751E-05 2.0000E-04
8.8231E-05 2.0000E-04
1.1275E-04 2.0000E-04
1.5373E-04 2.0000E-04
6.3572E-05 2.0000E-04
6.0992E-05 2.0000E-04
7.0951E-05 2.0000E-04
1.3513E-04 2.0000E-04
4.5496E-05 2.0000E-04
3.7681E-05 2.0000E-04
4.8777E-05 2.0000E-04
6.6275E-05 2.0000E-04
5.2873E-05 2.0000E-04
4.6681E-05 2.0000E-04
5.1249E-05 2.0000E-04
5.0125E-05 2.0000E-04
3.7078E-05 2.0000E-04
5.1018E-05 2.0000E-04
3.5446E-05 2.0000E-04
3.6733E-05 2.0000E-04
4.6340E-05 2.0000E-04
8.9733E-05 2.0000E-04
2.9077E-05 2.0000E-04
2.3686E-05 2.0000E-04
3.5634E-05 2.0000E-04
4.3766E-05 2.0000E-04
8.9680E-05 2.0000E-04
3.1966E-05 2.0000E-04
2.5575E-05 2.0000E-04
3.1966E-05 2.0000E-04
3.6858E-05 2.0000E-04
5.8815E-05 2.0000E-04
2.9499E-05 2.0000E-04
2.5797E-05 2.0000E-04
3.5111E-05 2.0000E-04
5.8361E-05 2.0000E-04
2.9079E-05 2.0000E-04
2.4431E-05 2.0000E-04
2.8084E-05 2.0000E-04
4.5691E-05 2.0000E-04
3.4327E-05 2.0000E-04
2.2535E-05 2.0000E-04
2.7325E-05 2.0000E-04
3.2165E-05 2.0000E-04
2.6751E-05 2.0000E-04
4.0578E-05 2.0000E-04
3.3112E-05 2.0000E-04
2.3565E-05 2.0000E-04
2.3266E-05 2.0000E-04
2.5464E-05 2.0000E-04
2.5661E-05 2.0000E-04
5.1568E-05 2.0000E-04
1.9141E-05 2.0000E-04
1.6550E-05 2.0000E-04
2.1306E-05 2.0000E-04
3.2856E-05 2.0000E-04
2.2077E-05 2.0000E-04
1.8677E-05 2.0000E-04
2.4474E-05 2.0000E-04
2.4425E-05 2.0000E-04
1.8711E-05 2.0000E-04
2.3742E-05 2.0000E-04
2.4384E-05 2.0000E-04
1.9089E-05 2.0000E-04
1.8069E-05 2.0000E-04
2.4952E-05 2.0000E-04
1.8784E-05 2.0000E-04
1.6923E-05 2.0000E-04
1.9267E-05 2.0000E-04
1.7899E-05 2.0000E-04
2.0059E-05 2.0000E-04
2.3895E-05 2.0000E-04
1.4596E-05 2.0000E-04
1.4603E-05 2.0000E-04
1.5935E-05 2.0000E-04
2.6021E-05 2.0000E-04
1.3064E-05 2.0000E-04
1.2940E-05 2.0000E-04
1.7442E-05 2.0000E-04
2.8625E-05 2.0000E-04
1.6668E-05 2.0000E-04
1.4000E-05 2.0000E-04
1.6653E-05 2.0000E-04
1.7971E-05 2.0000E-04
1.5707E-05 2.0000E-04
1.4935E-05 2.0000E-04
1.7139E-05 2.0000E-04
1.6516E-05 2.0000E-04
1.3859E-05 2.0000E-04
1.2459E-05 2.0000E-04
1.4148E-05 2.0000E-04
