Max Step   Target
7.3584E-03 1.8000E-03
3.1134E-03 1.8000E-03
8.9173E-03 1.8000E-03
1.6433E-02 1.8000E-03
2.5000E-02 1.8000E-03
2.5000E-02 1.8000E-03
1.8507E-02 1.8000E-03
4.1611E-03 1.8000E-03
6.3084E-03 1.8000E-03
8.0155E-03 1.8000E-03
1.6194E-02 1.8000E-03
1.9820E-03 1.8000E-03
2.9953E-03 1.8000E-03
6.4785E-03 1.8000E-03
1.3797E-02 1.8000E-03
6.4510E-03 1.8000E-03
3.0233E-03 1.8000E-03
4.7462E-03 1.8000E-03
4.5383E-03 1.8000E-03
4.3249E-03 1.8000E-03
1.6690E-03 1.8000E-03
6.6738E-04 1.8000E-03
6.6738E-04 1.8000E-03
