RMS Step   Target
2.2222E-03 1.2000E-03
8.7663E-04 1.2000E-03
2.0544E-03 1.2000E-03
3.6702E-03 1.2000E-03
5.6606E-03 1.2000E-03
6.2245E-03 1.2000E-03
4.5015E-03 1.2000E-03
1.2979E-03 1.2000E-03
2.0264E-03 1.2000E-03
2.4471E-03 1.2000E-03
4.9127E-03 1.2000E-03
8.6130E-04 1.2000E-03
1.1341E-03 1.2000E-03
2.5436E-03 1.2000E-03
5.5459E-03 1.2000E-03
2.4418E-03 1.2000E-03
1.0140E-03 1.2000E-03
1.3363E-03 1.2000E-03
1.2420E-03 1.2000E-03
1.2811E-03 1.2000E-03
4.3914E-04 1.2000E-03
1.9336E-04 1.2000E-03
1.9336E-04 1.2000E-03
