0.000000000000000000e+00 0.000000000000000000e+00
3.253699999999999926e-01 -5.869951364330000532e-02
6.700099999999999945e-01 -3.005077850100000211e-02
1.023409999999999931e+00 2.650158759700000158e-02
1.357869999999999910e+00 2.537958267973000059e-01
1.752420000000000089e+00 2.751445614899000192e-01
2.093459999999999877e+00 4.197376953058999938e-01
2.412430000000000074e+00 5.632196361846999455e-01
2.733220000000000205e+00 7.282566367152999431e-01
3.078910000000000036e+00 9.413002092765000439e-01
3.441600000000000215e+00 1.356670190938800147e+00
3.792650000000000077e+00 1.668801701661200010e+00
4.182330000000000325e+00 2.605780068201999811e+00
4.577890000000000015e+00 6.779308165210600201e+00
4.979639999999999844e+00 1.258646282138360029e+01
5.370090000000000252e+00 1.165794246040110060e+01
5.733590000000000408e+00 9.783172914911800078e+00
6.089529999999999887e+00 9.251281226295800408e+00
6.436480000000000423e+00 9.016509652602399782e+00
6.822840000000000238e+00 9.115022039508799523e+00
7.145089999999999719e+00 8.857085218069601140e+00
7.477299999999999613e+00 8.655345404381700192e+00
7.810279999999999667e+00 8.537715579284899547e+00
8.144640000000000768e+00 8.641965657483700269e+00
