RMS Step   Target
5.7844E-05 1.2000E-02
1.9175E-03 1.2000E-02
4.3570E-04 1.2000E-02
2.8794E-03 1.2000E-02
8.5995E-04 1.2000E-02
5.5325E-04 1.2000E-02
1.8645E-03 1.2000E-02
1.1892E-03 1.2000E-02
4.3322E-04 1.2000E-02
0.0000E+00 1.2000E-02
2.3528E-04 1.2000E-02
2.8922E-04 1.2000E-02
6.5092E-04 1.2000E-02
2.1787E-03 1.2000E-02
3.3365E-03 1.2000E-02
9.8645E-04 1.2000E-02
2.0813E-04 1.2000E-02
7.5347E-04 1.2000E-02
9.2758E-04 1.2000E-02
3.4926E-04 1.2000E-02
5.1944E-04 1.2000E-02
5.3213E-04 1.2000E-02
1.3481E-03 1.2000E-02
1.1457E-03 1.2000E-02
2.2264E-04 1.2000E-02
