526.8
173.8
173.3
173.9
178.4
180.0
177.3
173.4
180.2
184.2
174.0
174.0
180.0
178.2
182.5
182.9
177.1
180.4
176.5
182.2
182.0
174.1
178.1
175.9
223.0
168.5
181.0
176.1
181.0
179.6
167.3
178.7
179.0
177.1
180.8
180.6
164.0
168.5
174.6
175.4
174.9
182.3
182.9
189.2
171.9
177.2
232.1
161.1
180.0
180.1
183.3
175.7
180.6
175.1
180.8
182.2
180.4
180.8
173.5
173.1
175.6
181.5
180.4
175.5
180.7
167.4
168.2
180.3
231.3
156.8
162.3
161.2
173.4
179.4
177.0
171.5
179.3
174.5
182.0
174.0
170.3
182.1
182.8
176.7
176.3
181.9
180.9
181.3
181.7
177.0
227.7
162.7
155.9
165.4
164.5
163.9
164.9
182.2
182.9
183.3
195.1
200.2
201.5
198.8
199.6
176.8
183.9
177.2
172.7
168.2
165.4
228.0
151.6
162.6
178.3
186.1
178.7
157.8
158.0
174.8
176.0
193.0
187.1
194.1
201.4
202.0
182.2
175.7
182.2
182.1
162.4
162.9
225.4
157.7
163.2
158.3
166.8
162.7
163.4
159.0
166.6
175.8
193.1
191.3
199.7
196.1
198.7
181.6
183.4
175.3
164.1
167.1
158.6
232.7
175.5
158.5
159.7
164.4
161.4
163.3
180.6
193.5
198.4
215.0
199.8
200.1
182.5
174.4
220.1
184.7
183.5
161.5
178.4
184.1
181.2
181.3
201.3
202.6
227.5
208.2
190.5
182.8
182.4
177.7
221.3
188.5
159.7
169.5
163.0
165.4
167.9
175.9
197.1
191.8
214.2
219.0
203.5
181.6
173.9
188.1
228.3
165.3
176.1
214.5
221.1
217.2
223.0
135.8
162.5
162.4
176.2
168.6
131.1
165.5
159.0
159.8
167.5
131.3
158.8
167.0
131.5
