RMS Grad   Target
6.6697E-04 2.0000E-04
4.7116E-04 2.0000E-04
3.6936E-04 2.0000E-04
4.1486E-04 2.0000E-04
5.2022E-04 2.0000E-04
4.9371E-04 2.0000E-04
1.8440E-04 2.0000E-04
1.3481E-04 2.0000E-04
1.5509E-04 2.0000E-04
2.7774E-04 2.0000E-04
2.6419E-04 2.0000E-04
1.4464E-04 2.0000E-04
1.2906E-04 2.0000E-04
1.4994E-04 2.0000E-04
1.4072E-04 2.0000E-04
2.5163E-04 2.0000E-04
1.3562E-04 2.0000E-04
1.1082E-04 2.0000E-04
1.2133E-04 2.0000E-04
3.1436E-04 2.0000E-04
1.0015E-04 2.0000E-04
7.7716E-05 2.0000E-04
1.0807E-04 2.0000E-04
1.3835E-04 2.0000E-04
2.4043E-04 2.0000E-04
8.2237E-05 2.0000E-04
7.5848E-05 2.0000E-04
9.1669E-05 2.0000E-04
2.0054E-04 2.0000E-04
9.3537E-05 2.0000E-04
7.3613E-05 2.0000E-04
9.2250E-05 2.0000E-04
1.5850E-04 2.0000E-04
8.5415E-05 2.0000E-04
6.6509E-05 2.0000E-04
8.5789E-05 2.0000E-04
1.1681E-04 2.0000E-04
8.5123E-05 2.0000E-04
7.7920E-05 2.0000E-04
9.2180E-05 2.0000E-04
7.7134E-05 2.0000E-04
1.0262E-04 2.0000E-04
8.0011E-05 2.0000E-04
6.9016E-05 2.0000E-04
8.7663E-05 2.0000E-04
1.2042E-04 2.0000E-04
6.9772E-05 2.0000E-04
5.5955E-05 2.0000E-04
6.3792E-05 2.0000E-04
1.3687E-04 2.0000E-04
6.7247E-05 2.0000E-04
5.6743E-05 2.0000E-04
6.6423E-05 2.0000E-04
1.2871E-04 2.0000E-04
6.8556E-05 2.0000E-04
5.4358E-05 2.0000E-04
6.1699E-05 2.0000E-04
1.3187E-04 2.0000E-04
5.5864E-05 2.0000E-04
4.8963E-05 2.0000E-04
6.2217E-05 2.0000E-04
1.1690E-04 2.0000E-04
5.7223E-05 2.0000E-04
4.8143E-05 2.0000E-04
5.8486E-05 2.0000E-04
9.4988E-05 2.0000E-04
5.4508E-05 2.0000E-04
4.2568E-05 2.0000E-04
5.9059E-05 2.0000E-04
8.5523E-05 2.0000E-04
5.7425E-05 2.0000E-04
5.1527E-05 2.0000E-04
5.8424E-05 2.0000E-04
5.3859E-05 2.0000E-04
1.0590E-04 2.0000E-04
4.5826E-05 2.0000E-04
4.1026E-05 2.0000E-04
5.5415E-05 2.0000E-04
1.0108E-04 2.0000E-04
4.5071E-05 2.0000E-04
3.8060E-05 2.0000E-04
4.6265E-05 2.0000E-04
6.6118E-05 2.0000E-04
8.0357E-05 2.0000E-04
3.4828E-05 2.0000E-04
3.6590E-05 2.0000E-04
4.4499E-05 2.0000E-04
1.1518E-04 2.0000E-04
4.1242E-05 2.0000E-04
3.0689E-05 2.0000E-04
4.1044E-05 2.0000E-04
5.7115E-05 2.0000E-04
5.2072E-05 2.0000E-04
3.6508E-05 2.0000E-04
4.2529E-05 2.0000E-04
4.6147E-05 2.0000E-04
5.5712E-05 2.0000E-04
4.4815E-05 2.0000E-04
3.6010E-05 2.0000E-04
3.9504E-05 2.0000E-04
6.8470E-05 2.0000E-04
3.9435E-05 2.0000E-04
3.4581E-05 2.0000E-04
3.9963E-05 2.0000E-04
6.1221E-05 2.0000E-04
4.6289E-05 2.0000E-04
3.3492E-05 2.0000E-04
3.7062E-05 2.0000E-04
4.7888E-05 2.0000E-04
3.6502E-05 2.0000E-04
4.8404E-05 2.0000E-04
3.6102E-05 2.0000E-04
3.3353E-05 2.0000E-04
4.9370E-05 2.0000E-04
4.6387E-05 2.0000E-04
3.3767E-05 2.0000E-04
3.2335E-05 2.0000E-04
4.5404E-05 2.0000E-04
3.1279E-05 2.0000E-04
3.3175E-05 2.0000E-04
3.9502E-05 2.0000E-04
2.9962E-05 2.0000E-04
3.1795E-05 2.0000E-04
4.5178E-05 2.0000E-04
2.9383E-05 2.0000E-04
2.4665E-05 2.0000E-04
3.0066E-05 2.0000E-04
3.1666E-05 2.0000E-04
3.8882E-05 2.0000E-04
2.6708E-05 2.0000E-04
2.3588E-05 2.0000E-04
3.2624E-05 2.0000E-04
2.3963E-05 2.0000E-04
2.6278E-05 2.0000E-04
2.7051E-05 2.0000E-04
2.3482E-05 2.0000E-04
3.3306E-05 2.0000E-04
2.5586E-05 2.0000E-04
2.2698E-05 2.0000E-04
3.2160E-05 2.0000E-04
3.6230E-05 2.0000E-04
2.0631E-05 2.0000E-04
1.8459E-05 2.0000E-04
2.1389E-05 2.0000E-04
5.0853E-05 2.0000E-04
2.1140E-05 2.0000E-04
1.7759E-05 2.0000E-04
2.2691E-05 2.0000E-04
2.9886E-05 2.0000E-04
2.3031E-05 2.0000E-04
2.1843E-05 2.0000E-04
2.4677E-05 2.0000E-04
2.1947E-05 2.0000E-04
2.8106E-05 2.0000E-04
2.5679E-05 2.0000E-04
1.8390E-05 2.0000E-04
1.7138E-05 2.0000E-04
2.6440E-05 2.0000E-04
2.0562E-05 2.0000E-04
2.3654E-05 2.0000E-04
2.4453E-05 2.0000E-04
1.7489E-05 2.0000E-04
1.6118E-05 2.0000E-04
2.3623E-05 2.0000E-04
1.8386E-05 2.0000E-04
1.9250E-05 2.0000E-04
2.0405E-05 2.0000E-04
1.6165E-05 2.0000E-04
1.7772E-05 2.0000E-04
2.7742E-05 2.0000E-04
1.6940E-05 2.0000E-04
1.4135E-05 2.0000E-04
1.8347E-05 2.0000E-04
2.0270E-05 2.0000E-04
1.7204E-05 2.0000E-04
1.5174E-05 2.0000E-04
1.8338E-05 2.0000E-04
1.6211E-05 2.0000E-04
1.5127E-05 2.0000E-04
2.0623E-05 2.0000E-04
1.5012E-05 2.0000E-04
1.3618E-05 2.0000E-04
1.8298E-05 2.0000E-04
2.2618E-05 2.0000E-04
1.3435E-05 2.0000E-04
1.3184E-05 2.0000E-04
1.5673E-05 2.0000E-04
2.2973E-05 2.0000E-04
1.3895E-05 2.0000E-04
1.2397E-05 2.0000E-04
1.5746E-05 2.0000E-04
2.2562E-05 2.0000E-04
1.3731E-05 2.0000E-04
1.1203E-05 2.0000E-04
1.3756E-05 2.0000E-04
1.5504E-05 2.0000E-04
1.6290E-05 2.0000E-04
1.1585E-05 2.0000E-04
1.1775E-05 2.0000E-04
1.5809E-05 2.0000E-04
1.1622E-05 2.0000E-04
1.1717E-05 2.0000E-04
1.4941E-05 2.0000E-04
1.1520E-05 2.0000E-04
1.0295E-05 2.0000E-04
1.4710E-05 2.0000E-04
1.1515E-05 2.0000E-04
1.1139E-05 2.0000E-04
1.5638E-05 2.0000E-04
1.0449E-05 2.0000E-04
9.2302E-06 2.0000E-04
1.3113E-05 2.0000E-04
1.1433E-05 2.0000E-04
1.0096E-05 2.0000E-04
1.1839E-05 2.0000E-04
1.1453E-05 2.0000E-04
9.3598E-06 2.0000E-04
1.0972E-05 2.0000E-04
1.7472E-05 2.0000E-04
9.7261E-06 2.0000E-04
8.5023E-06 2.0000E-04
1.0057E-05 2.0000E-04
1.5016E-05 2.0000E-04
9.8191E-06 2.0000E-04
8.8294E-06 2.0000E-04
1.0022E-05 2.0000E-04
1.6353E-05 2.0000E-04
9.1995E-06 2.0000E-04
8.2286E-06 2.0000E-04
9.3979E-06 2.0000E-04
1.7995E-05 2.0000E-04
8.7987E-06 2.0000E-04
