RMS Grad   Target
3.0906E-03 2.0000E-04
2.7528E-03 2.0000E-04
7.1558E-04 2.0000E-04
5.0403E-04 2.0000E-04
4.4530E-04 2.0000E-04
5.4098E-04 2.0000E-04
2.7436E-04 2.0000E-04
2.0535E-04 2.0000E-04
2.0342E-04 2.0000E-04
3.8011E-04 2.0000E-04
1.3912E-04 2.0000E-04
1.2505E-04 2.0000E-04
1.5518E-04 2.0000E-04
1.8265E-04 2.0000E-04
3.3633E-04 2.0000E-04
9.5643E-05 2.0000E-04
8.8576E-05 2.0000E-04
1.1503E-04 2.0000E-04
2.1537E-04 2.0000E-04
1.0143E-04 2.0000E-04
7.6307E-05 2.0000E-04
9.5763E-05 2.0000E-04
1.5618E-04 2.0000E-04
8.7170E-05 2.0000E-04
6.5001E-05 2.0000E-04
8.0441E-05 2.0000E-04
1.0720E-04 2.0000E-04
5.8540E-05 2.0000E-04
5.1469E-05 2.0000E-04
6.0364E-05 2.0000E-04
7.8376E-05 2.0000E-04
5.2175E-05 2.0000E-04
5.3413E-05 2.0000E-04
6.1028E-05 2.0000E-04
8.2810E-05 2.0000E-04
4.8908E-05 2.0000E-04
4.0508E-05 2.0000E-04
4.6472E-05 2.0000E-04
8.6246E-05 2.0000E-04
4.1245E-05 2.0000E-04
3.5852E-05 2.0000E-04
3.7018E-05 2.0000E-04
6.6153E-05 2.0000E-04
3.4151E-05 2.0000E-04
3.9450E-05 2.0000E-04
4.7230E-05 2.0000E-04
9.2282E-05 2.0000E-04
3.2769E-05 2.0000E-04
2.5990E-05 2.0000E-04
3.4260E-05 2.0000E-04
4.1550E-05 2.0000E-04
5.9076E-05 2.0000E-04
2.5158E-05 2.0000E-04
2.4778E-05 2.0000E-04
3.1251E-05 2.0000E-04
3.7596E-05 2.0000E-04
5.1149E-05 2.0000E-04
2.6773E-05 2.0000E-04
2.6331E-05 2.0000E-04
3.1975E-05 2.0000E-04
5.6815E-05 2.0000E-04
2.4091E-05 2.0000E-04
1.9510E-05 2.0000E-04
2.4619E-05 2.0000E-04
3.7859E-05 2.0000E-04
2.9584E-05 2.0000E-04
1.8530E-05 2.0000E-04
2.3966E-05 2.0000E-04
3.0712E-05 2.0000E-04
2.7317E-05 2.0000E-04
6.5661E-05 2.0000E-04
1.8570E-05 2.0000E-04
1.5580E-05 2.0000E-04
2.0202E-05 2.0000E-04
3.2166E-05 2.0000E-04
2.0679E-05 2.0000E-04
1.7869E-05 2.0000E-04
2.3312E-05 2.0000E-04
1.5930E-05 2.0000E-04
1.8318E-05 2.0000E-04
2.4083E-05 2.0000E-04
2.2010E-05 2.0000E-04
2.7502E-05 2.0000E-04
2.0134E-05 2.0000E-04
1.8127E-05 2.0000E-04
2.4919E-05 2.0000E-04
1.9429E-05 2.0000E-04
1.6294E-05 2.0000E-04
1.6695E-05 2.0000E-04
2.5076E-05 2.0000E-04
1.8479E-05 2.0000E-04
1.8264E-05 2.0000E-04
1.6915E-05 2.0000E-04
1.7832E-05 2.0000E-04
2.0974E-05 2.0000E-04
1.6601E-05 2.0000E-04
1.5095E-05 2.0000E-04
1.6016E-05 2.0000E-04
2.0863E-05 2.0000E-04
1.4663E-05 2.0000E-04
1.4270E-05 2.0000E-04
1.3118E-05 2.0000E-04
1.2871E-05 2.0000E-04
2.1669E-05 2.0000E-04
1.7156E-05 2.0000E-04
1.3916E-05 2.0000E-04
1.5744E-05 2.0000E-04
1.5248E-05 2.0000E-04
1.4284E-05 2.0000E-04
1.9850E-05 2.0000E-04
2.0818E-05 2.0000E-04
1.3948E-05 2.0000E-04
1.1070E-05 2.0000E-04
1.6330E-05 2.0000E-04
1.3489E-05 2.0000E-04
1.7316E-05 2.0000E-04
1.3450E-05 2.0000E-04
1.2007E-05 2.0000E-04
2.1449E-05 2.0000E-04
1.2748E-05 2.0000E-04
1.1874E-05 2.0000E-04
1.3845E-05 2.0000E-04
1.7868E-05 2.0000E-04
1.3742E-05 2.0000E-04
1.3567E-05 2.0000E-04
1.7811E-05 2.0000E-04
1.1912E-05 2.0000E-04
1.2275E-05 2.0000E-04
1.6076E-05 2.0000E-04
1.3344E-05 2.0000E-04
1.5750E-05 2.0000E-04
1.5453E-05 2.0000E-04
1.2029E-05 2.0000E-04
1.5895E-05 2.0000E-04
1.8237E-05 2.0000E-04
1.3424E-05 2.0000E-04
1.4865E-05 2.0000E-04
1.7825E-05 2.0000E-04
1.5442E-05 2.0000E-04
2.1443E-05 2.0000E-04
2.0589E-05 2.0000E-04
1.5148E-05 2.0000E-04
1.3645E-05 2.0000E-04
1.6798E-05 2.0000E-04
1.6577E-05 2.0000E-04
3.5364E-05 2.0000E-04
1.6664E-05 2.0000E-04
1.5304E-05 2.0000E-04
1.7382E-05 2.0000E-04
3.9293E-05 2.0000E-04
1.7799E-05 2.0000E-04
1.5805E-05 2.0000E-04
1.9658E-05 2.0000E-04
2.8917E-05 2.0000E-04
2.5876E-05 2.0000E-04
2.2081E-05 2.0000E-04
3.1836E-05 2.0000E-04
3.3226E-05 2.0000E-04
3.8946E-05 2.0000E-04
3.5694E-05 2.0000E-04
5.1604E-05 2.0000E-04
4.6821E-05 2.0000E-04
7.8767E-05 2.0000E-04
4.4450E-05 2.0000E-04
5.0650E-05 2.0000E-04
8.9326E-05 2.0000E-04
8.4930E-05 2.0000E-04
8.2479E-05 2.0000E-04
8.5977E-05 2.0000E-04
8.0689E-05 2.0000E-04
7.3851E-05 2.0000E-04
9.1474E-05 2.0000E-04
1.1264E-04 2.0000E-04
6.2844E-05 2.0000E-04
5.4057E-05 2.0000E-04
7.1906E-05 2.0000E-04
8.4057E-05 2.0000E-04
8.7575E-05 2.0000E-04
8.2938E-05 2.0000E-04
7.0577E-05 2.0000E-04
6.9316E-05 2.0000E-04
6.6009E-05 2.0000E-04
5.4240E-05 2.0000E-04
5.5548E-05 2.0000E-04
6.5711E-05 2.0000E-04
5.2269E-05 2.0000E-04
5.8389E-05 2.0000E-04
5.2597E-05 2.0000E-04
4.4592E-05 2.0000E-04
6.4317E-05 2.0000E-04
5.6357E-05 2.0000E-04
4.3579E-05 2.0000E-04
5.1188E-05 2.0000E-04
7.6360E-05 2.0000E-04
4.5450E-05 2.0000E-04
3.8507E-05 2.0000E-04
4.2273E-05 2.0000E-04
5.0225E-05 2.0000E-04
5.0810E-05 2.0000E-04
3.4773E-05 2.0000E-04
3.5101E-05 2.0000E-04
5.0766E-05 2.0000E-04
3.8026E-05 2.0000E-04
3.5699E-05 2.0000E-04
4.0528E-05 2.0000E-04
3.4430E-05 2.0000E-04
3.2332E-05 2.0000E-04
4.3671E-05 2.0000E-04
2.9637E-05 2.0000E-04
2.7110E-05 2.0000E-04
4.2063E-05 2.0000E-04
2.7920E-05 2.0000E-04
2.5709E-05 2.0000E-04
3.2150E-05 2.0000E-04
3.1256E-05 2.0000E-04
2.6238E-05 2.0000E-04
2.5471E-05 2.0000E-04
3.2603E-05 2.0000E-04
2.1657E-05 2.0000E-04
2.4188E-05 2.0000E-04
2.7620E-05 2.0000E-04
2.2274E-05 2.0000E-04
2.7627E-05 2.0000E-04
2.7428E-05 2.0000E-04
2.1339E-05 2.0000E-04
2.1542E-05 2.0000E-04
2.8032E-05 2.0000E-04
2.2912E-05 2.0000E-04
2.6052E-05 2.0000E-04
3.0147E-05 2.0000E-04
2.1602E-05 2.0000E-04
1.8854E-05 2.0000E-04
2.6523E-05 2.0000E-04
1.9576E-05 2.0000E-04
2.3947E-05 2.0000E-04
2.0961E-05 2.0000E-04
1.6673E-05 2.0000E-04
2.0280E-05 2.0000E-04
2.8003E-05 2.0000E-04
1.8686E-05 2.0000E-04
1.5248E-05 2.0000E-04
1.8207E-05 2.0000E-04
1.6931E-05 2.0000E-04
2.6413E-05 2.0000E-04
1.4861E-05 2.0000E-04
1.3507E-05 2.0000E-04
1.4577E-05 2.0000E-04
2.8839E-05 2.0000E-04
1.4053E-05 2.0000E-04
1.2134E-05 2.0000E-04
1.4398E-05 2.0000E-04
2.9237E-05 2.0000E-04
1.4276E-05 2.0000E-04
1.0811E-05 2.0000E-04
1.3098E-05 2.0000E-04
2.1341E-05 2.0000E-04
1.3786E-05 2.0000E-04
1.0885E-05 2.0000E-04
1.4402E-05 2.0000E-04
1.7934E-05 2.0000E-04
1.2247E-05 2.0000E-04
1.2329E-05 2.0000E-04
1.4393E-05 2.0000E-04
1.2567E-05 2.0000E-04
1.9796E-05 2.0000E-04
1.2136E-05 2.0000E-04
