541.7
154.4
189.1
173.8
174.2
168.1
173.5
158.2
159.1
157.4
158.0
158.6
159.3
152.5
167.6
159.3
158.3
160.2
153.6
158.2
155.0
159.4
152.9
160.2
158.6
160.5
159.0
153.9
125.8
125.5
125.9
126.0
121.1
126.3
127.1
159.6
125.7
126.3
128.0
126.2
128.3
125.9
128.2
127.3
121.3
126.2
120.5
127.8
127.1
127.5
127.3
119.8
129.5
125.8
121.8
126.2
128.3
110.9
158.2
127.5
126.7
128.2
126.4
126.1
128.2
110.2
126.4
111.6
110.4
127.3
127.5
103.3
110.6
106.2
129.1
126.5
127.6
126.8
112.1
128.8
127.7
111.5
127.2
112.3
111.1
161.5
109.3
127.7
110.9
125.6
126.6
104.3
111.3
111.7
111.1
152.2
109.7
98.1
111.6
109.7
110.1
108.9
127.9
130.8
103.3
126.5
111.8
109.6
145.0
111.7
127.9
104.0
110.0
111.2
144.8
109.8
110.8
144.4
108.7
109.3
108.8
110.5
109.7
111.3
110.3
109.4
109.8
113.1
144.0
110.6
109.9
110.6
144.5
111.5
111.0
