Max Step   Target
1.1919E-02 1.2000E-03
1.0832E-01 1.2000E-03
2.9893E-02 1.2000E-03
5.5390E-02 1.2000E-03
4.5184E-02 1.2000E-03
1.9180E-02 1.2000E-03
1.2577E-02 1.2000E-03
2.5415E-02 1.2000E-03
5.3526E-02 1.2000E-03
2.2160E-02 1.2000E-03
1.6280E-02 1.2000E-03
3.6562E-02 1.2000E-03
5.9903E-02 1.2000E-03
7.6613E-02 1.2000E-03
7.6872E-03 1.2000E-03
5.9563E-03 1.2000E-03
1.4706E-02 1.2000E-03
4.2075E-02 1.2000E-03
1.5787E-02 1.2000E-03
8.5106E-03 1.2000E-03
1.7558E-02 1.2000E-03
3.0324E-02 1.2000E-03
3.4481E-02 1.2000E-03
7.3581E-03 1.2000E-03
9.7118E-03 1.2000E-03
9.6450E-03 1.2000E-03
1.2086E-02 1.2000E-03
2.0004E-02 1.2000E-03
3.5308E-03 1.2000E-03
2.0049E-03 1.2000E-03
9.1471E-03 1.2000E-03
9.9457E-03 1.2000E-03
5.1207E-03 1.2000E-03
7.7416E-03 1.2000E-03
5.6237E-03 1.2000E-03
1.0978E-02 1.2000E-03
3.8854E-03 1.2000E-03
1.7674E-03 1.2000E-03
4.0776E-03 1.2000E-03
7.0683E-03 1.2000E-03
1.0838E-02 1.2000E-03
2.4097E-03 1.2000E-03
2.0589E-03 1.2000E-03
4.3834E-03 1.2000E-03
6.1128E-03 1.2000E-03
1.0913E-02 1.2000E-03
3.1214E-03 1.2000E-03
2.7046E-03 1.2000E-03
3.7460E-03 1.2000E-03
7.6057E-03 1.2000E-03
8.4840E-03 1.2000E-03
4.5498E-03 1.2000E-03
5.0824E-03 1.2000E-03
3.6929E-03 1.2000E-03
7.6276E-03 1.2000E-03
8.0988E-03 1.2000E-03
3.1643E-03 1.2000E-03
2.4085E-03 1.2000E-03
4.7386E-03 1.2000E-03
7.1608E-03 1.2000E-03
2.4619E-03 1.2000E-03
2.2746E-03 1.2000E-03
3.6640E-03 1.2000E-03
5.1200E-03 1.2000E-03
1.0879E-02 1.2000E-03
1.7504E-03 1.2000E-03
1.2728E-03 1.2000E-03
1.7204E-03 1.2000E-03
4.1740E-03 1.2000E-03
4.9022E-03 1.2000E-03
3.2267E-03 1.2000E-03
5.3693E-03 1.2000E-03
2.8751E-03 1.2000E-03
9.3930E-04 1.2000E-03
3.6550E-03 1.2000E-03
2.8663E-03 1.2000E-03
5.5029E-03 1.2000E-03
4.8907E-03 1.2000E-03
1.3612E-03 1.2000E-03
1.2921E-03 1.2000E-03
2.9375E-03 1.2000E-03
4.7224E-03 1.2000E-03
1.4783E-03 1.2000E-03
2.2131E-03 1.2000E-03
1.5968E-03 1.2000E-03
3.4643E-03 1.2000E-03
3.4294E-03 1.2000E-03
8.1796E-04 1.2000E-03
1.6065E-03 1.2000E-03
1.5150E-03 1.2000E-03
3.6995E-03 1.2000E-03
2.7418E-03 1.2000E-03
8.4007E-04 1.2000E-03
2.7699E-03 1.2000E-03
2.4081E-03 1.2000E-03
1.1367E-03 1.2000E-03
3.0744E-03 1.2000E-03
9.4865E-04 1.2000E-03
5.3283E-03 1.2000E-03
3.7593E-03 1.2000E-03
1.5231E-03 1.2000E-03
6.1805E-03 1.2000E-03
1.6038E-03 1.2000E-03
7.2334E-03 1.2000E-03
8.3781E-03 1.2000E-03
9.1308E-03 1.2000E-03
5.9160E-02 1.2000E-03
9.4128E-02 1.2000E-03
3.3695E-02 1.2000E-03
1.1658E-01 1.2000E-03
5.1744E-02 1.2000E-03
5.0188E-02 1.2000E-03
2.1305E-02 1.2000E-03
1.3497E-01 1.2000E-03
6.0596E-02 1.2000E-03
3.9451E-02 1.2000E-03
4.9750E-02 1.2000E-03
2.0635E-02 1.2000E-03
3.2635E-02 1.2000E-03
3.0184E-02 1.2000E-03
7.9836E-03 1.2000E-03
4.1136E-03 1.2000E-03
1.2493E-02 1.2000E-03
1.9541E-02 1.2000E-03
3.1188E-03 1.2000E-03
3.0736E-03 1.2000E-03
5.5045E-03 1.2000E-03
7.6862E-03 1.2000E-03
1.7625E-02 1.2000E-03
2.3561E-03 1.2000E-03
2.0676E-03 1.2000E-03
5.1966E-03 1.2000E-03
9.4134E-03 1.2000E-03
7.7783E-03 1.2000E-03
3.6487E-03 1.2000E-03
5.4530E-03 1.2000E-03
8.5637E-03 1.2000E-03
3.7475E-03 1.2000E-03
4.5131E-03 1.2000E-03
5.1552E-03 1.2000E-03
8.5801E-03 1.2000E-03
3.8686E-03 1.2000E-03
3.6953E-03 1.2000E-03
3.9765E-03 1.2000E-03
6.9746E-03 1.2000E-03
3.2559E-03 1.2000E-03
1.7299E-03 1.2000E-03
3.8252E-03 1.2000E-03
6.6018E-03 1.2000E-03
4.9443E-03 1.2000E-03
5.2741E-03 1.2000E-03
4.5652E-03 1.2000E-03
5.0397E-03 1.2000E-03
4.8850E-03 1.2000E-03
5.9477E-03 1.2000E-03
1.7241E-03 1.2000E-03
3.7898E-03 1.2000E-03
4.9084E-03 1.2000E-03
9.3147E-03 1.2000E-03
3.5128E-03 1.2000E-03
2.6571E-03 1.2000E-03
3.9740E-03 1.2000E-03
6.8664E-03 1.2000E-03
2.1592E-03 1.2000E-03
2.0927E-03 1.2000E-03
3.3518E-03 1.2000E-03
7.4135E-03 1.2000E-03
7.2773E-03 1.2000E-03
2.1788E-03 1.2000E-03
3.2245E-03 1.2000E-03
3.3623E-03 1.2000E-03
5.6514E-03 1.2000E-03
8.4774E-03 1.2000E-03
4.7552E-03 1.2000E-03
3.4237E-03 1.2000E-03
5.1385E-03 1.2000E-03
4.3945E-03 1.2000E-03
2.3641E-03 1.2000E-03
5.0029E-03 1.2000E-03
6.5007E-03 1.2000E-03
3.0135E-03 1.2000E-03
3.7800E-03 1.2000E-03
3.1160E-03 1.2000E-03
1.1653E-02 1.2000E-03
5.2488E-03 1.2000E-03
5.9491E-04 1.2000E-03
2.7241E-03 1.2000E-03
3.0938E-03 1.2000E-03
1.2159E-02 1.2000E-03
5.7033E-03 1.2000E-03
2.1518E-03 1.2000E-03
3.5472E-03 1.2000E-03
3.0004E-03 1.2000E-03
1.1210E-02 1.2000E-03
6.3587E-03 1.2000E-03
8.7877E-04 1.2000E-03
3.6413E-03 1.2000E-03
3.3868E-03 1.2000E-03
7.4767E-03 1.2000E-03
6.8769E-03 1.2000E-03
3.1731E-03 1.2000E-03
5.3363E-03 1.2000E-03
9.4909E-03 1.2000E-03
2.7656E-03 1.2000E-03
9.9578E-04 1.2000E-03
2.8627E-03 1.2000E-03
5.2380E-03 1.2000E-03
8.4951E-03 1.2000E-03
8.1551E-03 1.2000E-03
7.2929E-03 1.2000E-03
2.0776E-03 1.2000E-03
1.1338E-03 1.2000E-03
4.5415E-03 1.2000E-03
5.4043E-03 1.2000E-03
3.8466E-03 1.2000E-03
6.3739E-03 1.2000E-03
5.9706E-03 1.2000E-03
4.4000E-03 1.2000E-03
7.8613E-03 1.2000E-03
1.8120E-03 1.2000E-03
5.0767E-04 1.2000E-03
3.1223E-03 1.2000E-03
4.8171E-03 1.2000E-03
8.3286E-03 1.2000E-03
6.1826E-03 1.2000E-03
2.6661E-03 1.2000E-03
2.5986E-03 1.2000E-03
1.9656E-03 1.2000E-03
2.0102E-03 1.2000E-03
5.4780E-03 1.2000E-03
5.5260E-03 1.2000E-03
8.8151E-03 1.2000E-03
4.0693E-03 1.2000E-03
1.2226E-03 1.2000E-03
1.6678E-03 1.2000E-03
4.3264E-03 1.2000E-03
9.6445E-04 1.2000E-03
1.1052E-02 1.2000E-03
1.5861E-03 1.2000E-03
1.1370E-03 1.2000E-03
2.0568E-03 1.2000E-03
9.0962E-03 1.2000E-03
4.7819E-03 1.2000E-03
2.5572E-03 1.2000E-03
3.5865E-03 1.2000E-03
2.2914E-03 1.2000E-03
2.8057E-03 1.2000E-03
3.0679E-03 1.2000E-03
2.0824E-03 1.2000E-03
4.5826E-03 1.2000E-03
4.7586E-03 1.2000E-03
3.9537E-03 1.2000E-03
2.4528E-03 1.2000E-03
5.2969E-03 1.2000E-03
1.2145E-03 1.2000E-03
1.6084E-03 1.2000E-03
7.7618E-04 1.2000E-03
2.0663E-03 1.2000E-03
3.2722E-03 1.2000E-03
1.6423E-03 1.2000E-03
4.3663E-03 1.2000E-03
3.9083E-03 1.2000E-03
3.3627E-03 1.2000E-03
1.5118E-03 1.2000E-03
1.5456E-03 1.2000E-03
1.3559E-03 1.2000E-03
3.0892E-03 1.2000E-03
1.4750E-03 1.2000E-03
9.5024E-04 1.2000E-03
3.6535E-03 1.2000E-03
1.6036E-03 1.2000E-03
3.2154E-03 1.2000E-03
2.7149E-03 1.2000E-03
2.0514E-03 1.2000E-03
1.5161E-03 1.2000E-03
3.8402E-03 1.2000E-03
1.7224E-03 1.2000E-03
1.1023E-03 1.2000E-03
2.7504E-03 1.2000E-03
9.6359E-04 1.2000E-03
