549.8
163.4
197.9
182.7
180.1
175.4
174.4
162.7
163.0
164.7
164.2
159.3
163.3
148.2
164.7
163.5
181.6
163.5
163.5
131.8
130.2
129.5
163.7
163.2
124.4
157.3
164.8
163.5
162.7
129.3
130.3
130.9
163.4
130.4
128.8
128.9
164.7
129.6
115.7
130.6
136.2
128.9
166.4
163.6
129.4
131.2
128.3
130.4
128.9
131.3
122.2
131.1
123.5
127.3
129.7
114.8
165.8
125.5
130.8
129.8
129.6
130.7
124.0
111.7
131.4
129.5
125.1
130.3
131.3
112.7
130.2
130.5
130.4
129.4
124.6
115.0
130.5
130.9
130.4
130.8
129.2
126.1
131.0
124.6
112.8
130.4
122.0
108.1
128.7
130.2
124.4
123.7
128.8
130.9
132.2
111.7
114.6
129.3
131.6
113.6
130.3
115.0
108.0
