RMS Grad   Target
1.0686E-03 3.0000E-03
1.0434E-03 3.0000E-03
8.7054E-04 3.0000E-03
5.4247E-04 3.0000E-03
4.1442E-04 3.0000E-03
7.5830E-04 3.0000E-03
3.2840E-04 3.0000E-03
2.1361E-04 3.0000E-03
3.0138E-04 3.0000E-03
2.5664E-04 3.0000E-03
1.6033E-04 3.0000E-03
1.4945E-04 3.0000E-03
2.0010E-04 3.0000E-03
2.8767E-04 3.0000E-03
4.5119E-04 3.0000E-03
1.3223E-04 3.0000E-03
9.2808E-05 3.0000E-03
9.4672E-05 3.0000E-03
2.1986E-04 3.0000E-03
8.7290E-05 3.0000E-03
7.0054E-05 3.0000E-03
9.5393E-05 3.0000E-03
1.2737E-04 3.0000E-03
1.2141E-04 3.0000E-03
5.8146E-05 3.0000E-03
6.8828E-05 3.0000E-03
8.0819E-05 3.0000E-03
2.1161E-04 3.0000E-03
4.4898E-05 3.0000E-03
3.3071E-05 3.0000E-03
