Max Step   Target
2.7447E-03 1.8000E-02
1.2438E-01 1.8000E-02
3.4688E-02 1.8000E-02
2.8435E-01 1.8000E-02
1.1451E-01 1.8000E-02
3.9025E-02 1.8000E-02
9.9071E-02 1.8000E-02
1.3910E-01 1.8000E-02
1.7680E-01 1.8000E-02
4.1729E-02 1.8000E-02
0.0000E+00 1.8000E-02
4.8903E-03 1.8000E-02
5.1460E-02 1.8000E-02
7.0947E-03 1.8000E-02
5.9801E-03 1.8000E-02
1.0427E-02 1.8000E-02
1.7738E-02 1.8000E-02
3.4016E-02 1.8000E-02
1.8785E-01 1.8000E-02
9.8777E-02 1.8000E-02
2.8366E-02 1.8000E-02
1.1530E-01 1.8000E-02
2.9308E-02 1.8000E-02
6.2252E-02 1.8000E-02
1.5743E-02 1.8000E-02
3.2231E-02 1.8000E-02
5.6073E-02 1.8000E-02
5.9084E-02 1.8000E-02
1.4525E-02 1.8000E-02
3.7920E-02 1.8000E-02
3.4021E-02 1.8000E-02
2.2103E-02 1.8000E-02
8.9907E-03 1.8000E-02
7.6654E-03 1.8000E-02
1.0706E-02 1.8000E-02
1.7199E-02 1.8000E-02
1.3676E-02 1.8000E-02
1.3853E-02 1.8000E-02
1.9098E-02 1.8000E-02
1.3228E-02 1.8000E-02
3.7197E-03 1.8000E-02
3.7312E-03 1.8000E-02
4.1613E-03 1.8000E-02
1.1265E-02 1.8000E-02
6.4414E-03 1.8000E-02
2.2997E-03 1.8000E-02
4.1442E-03 1.8000E-02
5.9906E-03 1.8000E-02
6.1313E-03 1.8000E-02
6.5710E-03 1.8000E-02
2.4977E-03 1.8000E-02
2.7305E-03 1.8000E-02
7.9364E-03 1.8000E-02
4.1497E-03 1.8000E-02
8.9254E-04 1.8000E-02
