RMS Step   Target
5.6699E-05 1.2000E-02
2.8252E-03 1.2000E-02
5.5340E-04 1.2000E-02
4.1087E-03 1.2000E-02
1.4332E-03 1.2000E-02
5.4143E-04 1.2000E-02
1.1063E-03 1.2000E-02
1.4433E-03 1.2000E-02
2.0138E-03 1.2000E-02
6.8293E-04 1.2000E-02
0.0000E+00 1.2000E-02
1.9255E-04 1.2000E-02
1.9535E-03 1.2000E-02
2.8350E-04 1.2000E-02
2.7041E-04 1.2000E-02
4.3701E-04 1.2000E-02
5.4970E-04 1.2000E-02
9.3964E-04 1.2000E-02
4.9219E-03 1.2000E-02
2.5753E-03 1.2000E-02
7.8626E-04 1.2000E-02
2.9134E-03 1.2000E-02
9.8794E-04 1.2000E-02
2.0537E-03 1.2000E-02
5.6916E-04 1.2000E-02
1.3374E-03 1.2000E-02
1.7240E-03 1.2000E-02
2.0030E-03 1.2000E-02
6.1555E-04 1.2000E-02
1.5133E-03 1.2000E-02
1.4806E-03 1.2000E-02
9.2231E-04 1.2000E-02
2.7758E-04 1.2000E-02
2.9690E-04 1.2000E-02
5.3569E-04 1.2000E-02
9.9851E-04 1.2000E-02
6.0341E-04 1.2000E-02
6.4961E-04 1.2000E-02
9.1160E-04 1.2000E-02
7.9957E-04 1.2000E-02
2.0007E-04 1.2000E-02
1.9903E-04 1.2000E-02
3.1250E-04 1.2000E-02
7.6848E-04 1.2000E-02
4.5813E-04 1.2000E-02
1.7026E-04 1.2000E-02
3.0701E-04 1.2000E-02
4.2763E-04 1.2000E-02
4.2435E-04 1.2000E-02
4.6107E-04 1.2000E-02
1.9396E-04 1.2000E-02
1.6671E-04 1.2000E-02
5.9690E-04 1.2000E-02
3.1401E-04 1.2000E-02
6.2373E-05 1.2000E-02
