Max Step   Target
7.2545E-03 1.8000E-03
2.1153E-02 1.8000E-03
3.3415E-02 1.8000E-03
2.2880E-02 1.8000E-03
7.6091E-03 1.8000E-03
1.3233E-02 1.8000E-03
1.2175E-02 1.8000E-03
3.6715E-03 1.8000E-03
3.5465E-03 1.8000E-03
7.6150E-03 1.8000E-03
9.3135E-03 1.8000E-03
4.5464E-03 1.8000E-03
1.5370E-03 1.8000E-03
4.2245E-03 1.8000E-03
5.6582E-03 1.8000E-03
1.2064E-02 1.8000E-03
1.0842E-02 1.8000E-03
2.0597E-03 1.8000E-03
1.8279E-03 1.8000E-03
4.4270E-03 1.8000E-03
9.0300E-03 1.8000E-03
2.2206E-03 1.8000E-03
1.6986E-03 1.8000E-03
3.5134E-03 1.8000E-03
5.9320E-03 1.8000E-03
2.5172E-03 1.8000E-03
8.4499E-04 1.8000E-03
1.5113E-03 1.8000E-03
2.8253E-03 1.8000E-03
3.0758E-03 1.8000E-03
5.5437E-04 1.8000E-03
5.5437E-04 1.8000E-03
