543.5
125.9
126.7
125.2
127.6
124.6
126.7
127.4
125.5
151.9
123.4
125.4
162.1
130.5
125.9
159.6
127.3
126.8
164.0
126.5
128.2
153.3
133.1
127.5
155.5
128.4
126.2
163.4
126.9
127.9
156.1
129.8
127.8
127.8
158.4
129.9
127.7
160.6
131.0
159.1
123.4
129.1
161.2
127.0
111.2
162.9
127.3
128.4
128.5
169.0
127.4
162.6
131.8
121.6
169.3
128.9
110.4
162.6
126.2
127.6
155.5
129.6
108.5
160.7
124.7
109.8
166.7
122.9
166.0
127.2
162.2
127.6
159.9
125.9
160.9
131.5
163.2
127.3
163.5
127.2
162.3
126.9
160.4
128.0
158.6
126.9
163.5
128.8
162.1
124.7
160.0
