RMS Grad   Target
1.2070E-03 3.0000E-04
1.0563E-03 3.0000E-04
1.1195E-03 3.0000E-04
1.6570E-03 3.0000E-04
7.9393E-04 3.0000E-04
6.6399E-04 3.0000E-04
7.1597E-04 3.0000E-04
7.7868E-04 3.0000E-04
4.1227E-04 3.0000E-04
3.3723E-04 3.0000E-04
3.5360E-04 3.0000E-04
6.8022E-04 3.0000E-04
2.8489E-04 3.0000E-04
2.6228E-04 3.0000E-04
3.5119E-04 3.0000E-04
4.5311E-04 3.0000E-04
6.2886E-04 3.0000E-04
2.5378E-04 3.0000E-04
2.5107E-04 3.0000E-04
2.8233E-04 3.0000E-04
7.0634E-04 3.0000E-04
1.9065E-04 3.0000E-04
1.3058E-04 3.0000E-04
1.6017E-04 3.0000E-04
1.9555E-04 3.0000E-04
3.1777E-04 3.0000E-04
1.2304E-04 3.0000E-04
1.2588E-04 3.0000E-04
1.5362E-04 3.0000E-04
3.1803E-04 3.0000E-04
1.0412E-04 3.0000E-04
7.1647E-05 3.0000E-04
8.2146E-05 3.0000E-04
9.6971E-05 3.0000E-04
2.1276E-04 3.0000E-04
5.1593E-05 3.0000E-04
4.4761E-05 3.0000E-04
4.4761E-05 3.0000E-04
