674.6
220.0
219.4
218.2
220.8
219.4
222.1
219.4
219.1
217.6
195.1
197.3
266.4
220.3
197.5
266.5
222.7
196.3
266.1
218.1
195.2
288.8
220.6
221.8
266.5
221.9
220.4
269.8
220.8
219.9
266.5
220.1
223.1
220.7
269.7
218.0
265.7
220.0
219.3
268.3
218.4
197.8
269.4
219.6
197.5
269.5
219.9
198.5
268.9
220.1
197.3
265.9
219.5
267.0
218.6
270.2
220.1
197.8
268.2
219.7
196.9
267.9
219.7
265.9
219.8
268.3
222.2
269.7
221.5
269.6
219.9
267.5
220.5
267.4
218.2
268.6
220.0
268.6
218.8
267.9
220.7
269.4
220.4
266.7
220.2
266.9
219.1
268.2
220.4
265.9
219.4
267.4
221.2
266.4
220.9
267.8
217.6
267.8
