Max Step   Target
6.6869E-03 1.8000E-03
2.3992E-02 1.8000E-03
1.7496E-02 1.8000E-03
3.1942E-03 1.8000E-03
1.2775E-02 1.8000E-03
1.3774E-02 1.8000E-03
2.1687E-02 1.8000E-03
7.3790E-03 1.8000E-03
4.0856E-03 1.8000E-03
4.3803E-03 1.8000E-03
8.6770E-03 1.8000E-03
6.7480E-03 1.8000E-03
2.2076E-03 1.8000E-03
1.4545E-03 1.8000E-03
3.0360E-03 1.8000E-03
4.7487E-03 1.8000E-03
1.2776E-02 1.8000E-03
3.2659E-03 1.8000E-03
1.0212E-03 1.8000E-03
3.7255E-03 1.8000E-03
3.4109E-03 1.8000E-03
8.6424E-03 1.8000E-03
4.2852E-03 1.8000E-03
4.7990E-04 1.8000E-03
4.7990E-04 1.8000E-03
