RMS Step   Target
2.2222E-03 1.2000E-03
6.8126E-03 1.2000E-03
4.2169E-03 1.2000E-03
9.8696E-04 1.2000E-03
3.2333E-03 1.2000E-03
3.3623E-03 1.2000E-03
6.1212E-03 1.2000E-03
2.1806E-03 1.2000E-03
1.0816E-03 1.2000E-03
1.0522E-03 1.2000E-03
2.4490E-03 1.2000E-03
2.2076E-03 1.2000E-03
4.5009E-04 1.2000E-03
5.0218E-04 1.2000E-03
1.1183E-03 1.2000E-03
1.8960E-03 1.2000E-03
4.7549E-03 1.2000E-03
1.0816E-03 1.2000E-03
3.6165E-04 1.2000E-03
1.5327E-03 1.2000E-03
1.4785E-03 1.2000E-03
3.0783E-03 1.2000E-03
1.1885E-03 1.2000E-03
1.3573E-04 1.2000E-03
1.3573E-04 1.2000E-03
