RMS Grad   Target
1.4229E-03 3.0000E-04
1.0557E-03 3.0000E-04
1.2493E-03 3.0000E-04
1.4577E-03 3.0000E-04
8.1433E-04 3.0000E-04
6.1965E-04 3.0000E-04
6.5234E-04 3.0000E-04
1.3505E-03 3.0000E-04
4.4085E-04 3.0000E-04
2.7262E-04 3.0000E-04
2.2418E-04 3.0000E-04
3.6811E-04 3.0000E-04
4.1938E-04 3.0000E-04
1.7107E-04 3.0000E-04
1.4849E-04 3.0000E-04
2.1616E-04 3.0000E-04
2.4432E-04 3.0000E-04
8.8775E-04 3.0000E-04
1.8482E-04 3.0000E-04
1.2589E-04 3.0000E-04
1.5837E-04 3.0000E-04
1.3958E-04 3.0000E-04
6.2427E-04 3.0000E-04
6.1628E-05 3.0000E-04
5.0804E-05 3.0000E-04
5.0804E-05 3.0000E-04
