Max Step   Target
6.7517E-03 1.2000E-03
2.4996E-02 1.2000E-03
1.7599E-02 1.2000E-03
3.8998E-03 1.2000E-03
8.9055E-03 1.2000E-03
1.1061E-02 1.2000E-03
1.3359E-02 1.2000E-03
8.4388E-03 1.2000E-03
5.1282E-03 1.2000E-03
1.5820E-02 1.2000E-03
9.5574E-03 1.2000E-03
6.1386E-03 1.2000E-03
5.7577E-03 1.2000E-03
4.3640E-03 1.2000E-03
1.0324E-02 1.2000E-03
5.6584E-03 1.2000E-03
4.2788E-03 1.2000E-03
4.7867E-03 1.2000E-03
5.4612E-03 1.2000E-03
1.3003E-03 1.2000E-03
3.1982E-03 1.2000E-03
3.2188E-03 1.2000E-03
6.5913E-03 1.2000E-03
7.5080E-04 1.2000E-03
6.4691E-04 1.2000E-03
1.8519E-03 1.2000E-03
2.5317E-03 1.2000E-03
9.2293E-04 1.2000E-03
1.6444E-03 1.2000E-03
1.7359E-03 1.2000E-03
3.8344E-03 1.2000E-03
3.2910E-03 1.2000E-03
9.9502E-04 1.2000E-03
2.1352E-04 1.2000E-03
